,Unnamed: 0,Param,Sol,Obj Val,Elapsed Time,Mean Violation,Max Violation,Num Violations
0,0,"[-0.9180321, -0.36288297, -0.6521767, 0.01492493, -0.6612535, -0.7124343, -0.8289956, 0.3082026, 0.4477259, 0.24607304, -0.57091844, -0.89355916, -0.13391317, 0.04248743, -0.2269475, 0.31846172, -0.8264172, 0.25852737, 0.7918132, -0.8289161, 0.31765786, 0.5573882, -0.56623924, 0.5346031, 0.47635964, 0.14624849, -0.5049765, -0.42008922, 0.23554169, 0.6494511, 0.8666912, 0.019568475, -0.16284715, 0.7021351, 0.23029737, -0.9672973, -0.9418801, -0.80612177, 0.90148705, 0.643555, 0.6543903, -0.96497136, 0.5817898, -0.64590615, -0.11490454, 0.0019897053, -0.020935351, 0.5060934, 0.7614177, 0.94828105, -0.82668525, 0.44325754, -0.111315496, 0.4990881, -0.3203491, -0.22793382, 0.18087299, 0.87613547, -0.6283342, 0.70281506, 0.30353156, -0.785719, 0.531349, 0.9544223, -0.89631826, -0.5757816, -0.21304311, 0.3355791, -0.35523292, -0.9454858, -0.093556166, 0.8723319, 0.58842176, 0.10173026, 0.8680944, 0.6196102, 0.7004146, 0.94570535, -0.30193642, 0.3748724, -0.99701005, 0.7425761, -0.8367602, 0.19487256, -0.8385978, -0.45465535, 0.5588201, 0.32365093, -0.16746205, -0.8313876, 0.62917256, 0.7898543, -0.35543108, 0.12715769, 0.10164817, -0.6781379, -0.5118773, -0.50678074, -0.28482762, -0.07544492, -0.5251326, 0.36882493, -0.16767347, -0.27543887, 0.2784847, 0.9849112, 0.18069321, 0.67321223, 0.3960827, -0.8923071, 0.74300843, 0.44623354, -0.73774827, 0.5013073, -0.17300071, 0.7787169, 0.5488787, -0.042596612, 0.4647846, 0.661967, 0.14587213, 0.5172948, -0.67298704, -0.45596883, -0.80794734, -0.35426024, -0.19909184, 0.5715998, 0.43881366, 0.2190602, 0.8447367, -0.20101896, 0.067991585, 0.5297082, 0.48394594, -0.7288205, -0.26575822, -0.32170507, 0.23436774, -0.015240706, -0.4147119, -0.00049980974, 0.38077876, 0.38425812, -0.053669438, 0.70909727, -0.19861151, -0.22164291, -0.6949379, 0.38886413, 0.8213775, 0.014509994, 0.44671753, 0.13261662, 0.4220209, 0.45117286, -0.6687248, -0.35221022, -0.023805685, 0.9460385, 0.4482796, -0.89190024, 0.09466175, 0.34288013, -0.26492444, 0.9620012, 0.6280618, -0.09708865, -0.7945904, 0.56447816, 0.83495486, 0.11592308, -0.9963849, -0.52575153, -0.154727, -0.67573214, -0.27831802, 0.66034484, 0.5285634, 0.21555163, -0.53403354, 0.6692113, -0.485612, 0.26579455, 0.700774, 0.025793562, -0.9891256, 0.87109375, 0.40391076, 0.9945331, 0.60183823, -0.92047536, -0.63348407, 0.07109691, -0.22334298, 0.033439785, 0.88835347, 0.70944226, -0.93553567, -0.57522255, 0.5784294, 0.31716454, 0.39715415, -0.11926223, -0.61116236, -0.11548552, -0.60279787, 0.3365858, 0.51993585, -0.100285664, 0.74729466, -0.47242746, 0.72485644, 0.65626705, -0.1660368, -0.81667554, -0.31019092, -0.41553822, 0.16686025, -0.363637, 0.4066238, -0.9207565, 0.91468424, 0.12827976, -0.8194912, 0.5451679, 0.6184913, 0.6058214, -0.42819718, 0.586052, -0.66516924, 0.4728437, -0.557007, -0.98644733, -0.43402073, 0.112862825, 0.15353842, -0.62367845, 0.7767305, -0.21927473, 0.87790346, -0.8920851, -0.28325883, 0.14087343, -0.9645958, 0.97964555, -0.8348962, -0.8988186, -0.38798025, -0.4382854, -0.11274349, 0.9654964, -0.074583605, 0.35219058, -0.6244861, 0.96039325, 0.5071989, -0.23734777, -0.9101768, -0.16792285, 0.9496928, -0.4688828, -0.97817826, 0.27292883, -0.19141619, -0.5833424, 0.7604255, -0.3427107, -0.45722196, -0.018730694, 0.8386108, 0.7204171, -0.8021367, -0.9218337, 0.94398534, 0.81618047, -0.7929201, -0.76227295, -0.22353086, -0.025331534, 0.9626749, -0.46010914, 0.9802328, 0.7628925, 0.24378118, -0.548422, -0.87972754, -0.15310277, 0.34634662, -0.0783982, -0.62931764, -0.21893485, 0.47592342, 0.7462712, -0.4655169, -0.47189432, 0.6227281, -0.5750713, 0.46264592, -0.7074093, 0.69693154, -0.12111657, 0.72239524, 0.849934, -0.2372222, -0.5162432, -0.63943845, 0.22204378, -0.05400788, 0.4863719, 0.17748363, -0.05233026, 0.03939691, -0.7680884, -0.50700754, -0.5828832, 0.45071405, 0.7056278, 0.6500483, -0.38791564, -0.5038531, 0.9447265, 0.48532104, 0.09939687, 0.97707653, 0.32430512, -0.7129169, -0.16000772, 0.8749871, -0.4169156, 0.13041663, -0.49733317, 0.7633134, -0.43233597, -0.53470796, -0.6810689, 0.086967684, -0.8906743, 0.51172334, -0.010835863, -0.5817614, -0.03872257, 0.6211303, 0.06414066, 0.3430921, 0.59411585, 0.087840796, 0.5405327, -0.61065555, -0.15611765, 0.01149945, -0.2366518, -0.9478695, -0.36773047, -0.33078772, 0.28525168, 0.9167062, 0.8596692, -0.38528487, 0.15441999, -0.4452962, -0.67826563, -0.5859647, 0.42680132, 0.51540166, 0.43375248, -0.6143947, -0.49263534, -0.49132654, -0.6275071, -0.98028797, 0.45955867, 0.4919849, -0.33256087, 0.72643083, -0.15251192, -0.20698631, 0.23290195, 0.40384942, 0.5878706, -0.28984195, 0.18050036, 0.7414693, 0.90849483, 0.05170356, 0.9982257, -0.3828851, -0.107864186, -0.7967791, -0.20223142, 0.44394878, 0.267543, 0.21857716, -0.64936596, -0.0116395615, 0.00089344784, -0.1651862, 0.3300632, 0.98841894, 0.082537286, 0.53466517, 0.77636427, -0.2721434, 0.1475663, 0.21269457, -0.12242663, -0.1845934, 0.16079733, 0.90340096, -0.6380232, -0.21395664, 0.12286311, 0.5487837, 0.519323, -0.4278793, -0.82129097, -0.81319493, 0.64721423, -0.329788, 0.8713566, 0.8956985, -0.48053485, -0.4959294, -0.2342617, 0.6676748, -0.07257107, -0.7542457, 0.43755478, 0.9764888, -0.6304025, 0.16790918, -0.70660114, -0.38489506, 0.4656924, -0.23751186, 0.7769579, -0.88206476, -0.38341865, 0.8499156, 0.3817, 0.5482555, -0.51825786, -0.89025944, 0.9853063, -0.41074765, 0.4807687, -0.851532, 0.58774126, 0.42892474, 0.48283926, 0.18985228, -0.99390894, -0.32409757, -0.025047917, -0.7484315, -0.08010473, 0.31883347, 0.47655097, 0.5915955, 0.08473826, 0.3430734, 0.9379496, 0.37857202, 0.740648, 0.32736462, 0.769139, 0.3773156, -0.13697341, -0.81024504, 0.12161453, 0.2910515, 0.19019814, -0.6822828, -0.7169706, 0.52431226, -0.8173309, -0.9153831, -0.607703, -0.70907944, 0.44663972, -0.24829973, 0.49054065, 0.2923428, -0.33084667, -0.6152182, 0.510342, -0.013456489, -0.79122394, 0.46889234, -0.98456293, 0.45905915, 0.12913573, -0.2557539, -0.24136855, -0.96489614, 0.55847925, 0.90218407, 0.30915013, 0.87689763, 0.46780333, 0.8174898, -0.07681205, 0.7188613, -0.9813888, 0.11479325, 0.69502103, 0.38619623, -0.5650523, 0.99545485, 0.34109643, -0.5822875, -0.79628605, -0.16624731, -0.49013212, -0.4580939, 0.327796, 0.5257159, 0.61937237, -0.8222961, 0.9391151, 0.3047942, 0.9627561, -0.75914794, 0.41832545, -0.20788285, -0.9214099, -0.9282, -0.20370314, -0.65293634, 0.67829823, 0.9678326, 0.022781013, -0.48338285, 0.9084847, -0.0892784, -0.061584156, 0.2049174, -0.89486885, 0.73031926, -0.70270807, -0.43609008, -0.19706638, -0.26917243, -0.28887665, -0.11528213, -0.38237634, -0.39320827, -0.33605856, 0.1828434, 0.88282573, 0.5745266, -0.094421886, -0.8991065, 0.46566254, 0.44166157, 0.024574155, 0.22171004, -0.4925069, -0.4864132, -0.5620551, 0.35443506, 0.042086042, 0.8673105, 0.015927179, 0.9032545, 0.15039022, 0.017130861, -0.48614287, 0.21118304, -0.61305445, 0.5442354, -0.8002798, -0.375905, -0.9902593, -0.85601574, 0.07462207, 0.13845111, -0.4226882, 0.09177416, 0.4518759, 0.75576276, 0.9902593, 0.73087686, -0.09076493, 0.608753, 0.3701525, -0.29297596, 0.83882123, 0.71817285, -0.08122224, -0.43997258, -0.6699226, 0.655497, -0.6526622, -0.42881325, -0.64983964, -0.5713602, -0.80161697, 0.2935325, 0.65123254, -0.0231494, -0.05882765, -0.1541837, -0.9554366, -0.39360783, 0.99339837, 0.08954606, 0.41584608, 0.10244389, 0.49271333, -0.65954494, -0.011127, 0.8004239, -0.9028251, -0.16258577, -0.83972293, -0.73450035, 0.12001098, 0.045365077, 0.24994782, -0.7425751, 0.26849186, 0.0064228554, -0.042036653, 0.80884707, -0.7352541, 0.6981818, -0.9204302, -0.83982366, 0.72177136, 0.74365103, -0.66594994, -0.7355466, -0.9176212, -0.85791, 0.32540905, -0.07867996, -0.42137855, -0.5833645, -0.3567319, 0.7580632, -0.37137446, 0.55946445, -0.7277628, 0.5134245, 0.5602168, -0.68257654, -0.8437877, 0.32038662, 0.8557712, -0.8772636, -0.05558057, 0.44639602, 0.94845223, -0.512577, -0.13257307, -0.4140446, 0.14629558, 0.24314988, -0.5962574, -0.20079865, -0.17135349, 0.25049692, 0.038184404, 0.8837883, 0.12666401, 0.5169447, -0.39051202, 0.8034551, -0.267921, -0.9124598, 0.36786425, -0.82495946, 0.045269035, -0.25387493, -0.41671324, 0.6043676, -0.12866898, 0.3428313, 0.09429909, 0.35431173, -0.66647005, -0.10869358, 0.10015908, 0.32514843, 0.88778657, 0.8469729, -0.074472055, 0.84356236, 0.22840273, 0.23826963, -0.9077498, -0.57431555, 0.7937438, -0.5141813, 0.5563984, -0.5671159, -0.5949967, 0.1246863, 0.70537746, 0.42417362, 0.5222778, 0.14922225, -0.7294516, 0.6098513, -0.4226875, -0.21779202, -0.603566, 0.2934781, -0.6426072, 0.5338498, -0.70616966, -0.5755277, -0.62413937, 0.21306449, 0.35559055, 0.4902357, 0.86939454, -0.44252622, 0.59552634, 0.13492763, -0.43150383, 0.94409496, -0.2678696, 0.004367504, -0.89983654, -0.25476766, -0.93284863, -0.48946488, 0.6185456, 0.13187505, -0.5116181, -0.3453701, 0.6779358, -0.7907317, 0.5633651, 0.8294724, 0.022548858, 0.2472085, 0.24284108, -0.26123527, 0.16328664, -0.4123273, 0.36093476, 0.9424579, -0.38102177, -0.48241457, 0.25309688, 0.46285966, 0.7710749, 0.47934347, 0.56294125, -0.30068374, 0.5715642, -0.49934098, 0.04552671, 0.40033463, 0.19718377, 0.63448924, 0.22556487, -0.5236637, -0.01721989, -0.10300062, 0.99987125, -0.67561835, -0.2596693, 0.52718526, 0.8217855, 0.7059942, 0.4812339, -0.7815223, -0.0060594613, -0.933782, 0.9469325, -0.79942036, 0.5533288, -0.8965853, -0.6227853, 0.7119776, 0.74195606, -0.4509806, -0.076908514, -0.41391158, 0.9528796, 0.7435063, -0.70943874, 0.07309394, -0.9714005, 0.43043226, 0.12331757, 0.0055273715, 0.008453113, 0.5291145, 0.13578603, 0.26011243, -0.42842457, 0.55553585, -0.54068494, 0.377859, -0.8362942, -0.3291426, 0.25130492, 0.17069106, -0.34235922, 0.6221185, -0.1361628, -0.6453212, -0.4750438, 0.9892756, 0.8005917, 0.6144486, 0.58969444, 0.1350589, 0.8347683, -0.70111215, 0.03148604, 0.24224302, 0.13374655, 0.06521597, 0.30266318, -0.47044024, 0.76997703, 0.8034711, 0.98439777, 0.7057607, 0.58851874, -0.034456402, -0.48712164, 0.025340946, -0.12795, -0.9997017, -0.77672374, 0.56891686, 0.1525551, -0.43604854, 0.21451426, 0.03950661, 0.42164493, 0.47438365, -0.39250797, 0.32030213, -0.115909934, 0.89090014, 0.2127564, 0.8416129, 0.6755468, -0.99384534, 0.06682061, -0.46122572, -0.9373787, -0.22919586, -0.71059406, -0.66901994, 0.16595116, -0.84539413, 0.70034754, 0.17470735, -0.97971004, -0.022235379, 0.28570178, -0.45376024, 0.121636644, -0.65662855, 0.72683454, -0.4460955, 0.16599937, 0.21023463, 0.30111477, -0.79308087, -0.79293257, 0.1185065, -0.14352755, 0.88465804, 0.98142517, -0.22543894, -0.42874822, -0.82586044, 0.24535525, -0.7648581, -0.5627286, -0.08383289, 0.6269258, -0.8407142, -0.23109454, 0.01720292, 0.11513005, 0.21809338, 0.15704824, -0.9225066, -0.4338429, 0.7833605, -0.8324209, -0.8651448, -0.99622494, -0.10364983, -0.79743844, 0.4327153, -0.11738175, -0.8409352, -0.9441664, -0.14874327, 0.07800055, 0.6342306, -0.32074854, 0.20357932, -0.9392602, -0.78864956, 0.5588003, -0.61143386, 0.23666346, 0.5252007, -0.5144794, 0.97563064, 0.6282793, 0.80712825, -0.808427, -0.64099616, -0.35134625, 0.7363434, 0.04978307, 0.051900793, 0.76202434, -0.046194997, 0.10334145, -0.32708016, -0.5511069, -0.088833585, 0.31288666, -0.14083466, 0.6742106, 0.10620357, 0.18810529, 0.72252184, -0.10163582, -0.7245222, -0.5834385, -0.9889594, -0.22359954, -0.9338552, 0.80188787, 0.08302367, 0.08322224, 0.24640124, 0.92414033, 0.5285095, 0.6790003, 0.9754841, -0.6298803, -0.8298, -0.5181831, -0.8723899, 0.8341363, -0.23881516, 0.41664636, 0.79915774, -0.8031642, -0.7267536, -0.42635745, 0.5177877, -0.3809706, 0.8553013, 0.25930613, 0.607594, 0.5618901, 0.3914012, 0.18341957, -0.95010483, 0.6332437, 0.15852152, 0.45271066, -0.035380896, -0.12533456, 0.7355374, 0.23424293, 0.5575456, 0.67383415, -0.24943726, 0.95866567, 0.7411572, -0.05407477, -0.03816767, -0.6164424, 0.47771698, 0.018371705, -0.50654525, -0.16928054, -0.6520099, -0.362262, 0.065346695, -0.58385265, -0.7466819, -0.23950668, 0.96079034, 0.3419483, -0.27024558, -0.6821839, 0.0876233, -0.79991186, -0.88536197, -0.53584033]","[-7.0, 4.0, 4.0, -2.0, -1.0, 4.0, -1.0, 2.0, -2.0, -3.0, -2.0, -1.0, 4.0, -2.0, 4.0, -2.0, -2.0, -3.0, -7.0, -1.0, -8.0, -2.0, -2.0, -7.0, 5.0, 10.0, -7.0, -8.0, 3.0, -7.0, -14.0, 4.0, -2.0, 4.0, 5.0, 3.0, 4.0, -6.0, -7.0, -7.0, 0.0, 5.0, -1.0, -4.0, 1.0, 5.0, 3.0, -7.0, -3.0, -2.0, 5.0, 3.0, 5.0, -1.0, 1.0, 1.0, -1.0, -2.0, 0.0, 4.0, 3.0, 4.0, -2.0, 0.0, 3.0, 4.0, -7.0, -3.0, -2.0, 5.0, 5.0, 2.0, -1.0, 4.0, -6.0, 3.0, 4.0, -3.0, -1.0, 6.0, -2.0, -6.0, -1.0, -7.0, 6.0, 10.0, -1.0, -1.0, 0.0, 4.0, -1.0, 6.0, -1.0, 10.0, -2.0, 4.0, 4.0, -3.0, -6.0, -4.0, -1.0, -1.0, 1.0, -1.0, -8.0, 5.0, 1.0, 3.0, 5.0, -3.0, -2.0, -7.0, -7.0, -2.0, 4.0, -8.0, 5.0, -7.0, 5.0, -3.0, 5.0, 5.0, 0.0, 4.0, -2.0, 3.0, -1.0, 4.0, 3.0, -2.0, 5.0, -1.0, -4.0, -7.0, -2.0, -8.0, -1.0, -8.0, 3.0, 4.0, 4.0, 5.0, -2.0, 4.0, 5.0, 4.0, -8.0, 0.0, -7.0, 4.0, -10.0, 5.0, -3.0, 0.0, -2.0, -7.0, 4.0, 4.0, 4.0, -1.0, -3.0, 4.0, 5.0, 3.0, -13.0, -1.0, -7.0, 4.0, -9.0, -5.0, 3.0, -1.0, 5.0, 3.0, 1.0, -2.0, -2.0, -2.0, -3.0, 0.0, 3.0, -2.0, -2.0, -5.0, -2.0, -2.0, 5.0, -6.0, 2.0, 10.0, -3.0, -2.0, 4.0, -4.0, -2.0, 0.0, -2.0, -8.0, -2.0, -2.0, -8.0, -2.0, -2.0, 5.0, -1.0, 5.0, -1.0, -3.0, -1.0, -1.0, 5.0, 4.0, -2.0, 4.0, 1.0, -8.0, 4.0, 4.0, -2.0, -3.0, 4.0, -7.0, -3.0, -7.0, 8.0, 5.0, 4.0, -3.0, 0.0, 4.0, -7.0, 0.0, 5.0, -2.0, 0.0, 4.0, 4.0, 4.0, -1.0, 3.0, 1.0, -1.0, -6.0, 3.0, 2.0, 0.0, 4.0, -5.0, -2.0, 6.0, -2.0, -5.0, -2.0, -1.0, -2.0, -4.0, -1.0, -4.0, -2.0, -2.0, -2.0, 5.0, -7.0, -2.0, 4.0, -1.0, -7.0, 1.0, -7.0, 5.0, 4.0, -1.0, -1.0, -6.0, 6.0, -1.0, 5.0, -2.0, -4.0, -7.0, 4.0, -1.0, 0.0, -1.0, -1.0, 12.0, 0.0, -1.0, 4.0, 4.0, -1.0, -2.0, -8.0, -2.0, -2.0, -1.0, -7.0, -1.0, -3.0, -2.0, 4.0, 3.0, 4.0, -1.0, -1.0, 0.0, -3.0, 4.0, 0.0, -2.0, 3.0, 3.0, -6.0, -1.0, -2.0, 0.0, 1.0, -1.0, 5.0, 4.0, -1.0, -8.0, -1.0, 3.0, 6.0, 1.0, -7.0, 4.0, 5.0, 2.0, 0.0, 0.0, 4.0, 10.0, -2.0, -2.0, -8.0, -2.0, 4.0, 12.0, -1.0, 5.0, -4.0, -7.0, -7.0, 0.0, -1.0, -1.0, -2.0, -1.0, -3.0, -1.0, -1.0, 4.0, 5.0, 5.0, -2.0, -7.0, 3.0, -1.0, -7.0, -1.0, 4.0, -7.0, 6.0, -1.0, 4.0, 10.0, 4.0, -7.0, -1.0, 13.0, 4.0, 9.0, 0.0, 4.0, -3.0, 4.0, 5.0, 4.0, 4.0, 4.0, -2.0, 5.0, -1.0, 4.0, 3.0, 5.0, 5.0, 3.0, 0.0, 5.0, -2.0, 11.0, 5.0, 11.0, -2.0, -2.0, 5.0, 10.0, -3.0, 5.0, 10.0, -1.0, 3.0, -1.0, -7.0, 5.0, -2.0, 4.0, -2.0, 3.0, 3.0, 1.0, -8.0, -2.0, -10.0, 5.0, 0.0, -3.0, -8.0, 1.0, 8.0, -6.0, 6.0, 3.0, -7.0, -7.0, -2.0, -1.0, -1.0, -1.0, -2.0, -2.0, -2.0, -2.0, -14.0, -7.0, -1.0, -7.0, -1.0, -8.0, 4.0, -2.0, 5.0, -2.0, 5.0, -2.0, 5.0, 4.0, -1.0, -2.0, 4.0, 4.0, 5.0, 4.0, 3.0, -1.0, 4.0, 2.0, 4.0, -2.0, -2.0, -1.0, 9.0, -1.0, -1.0, -8.0, 0.0, 5.0, 2.0, 4.0, -1.0, 5.0, -1.0, 5.0, -8.0, -1.0, -2.0, -1.0, -2.0, -2.0, -10.0, 5.0, -5.0, -1.0, 5.0, 11.0, -1.0, 0.0, -5.0, -2.0, -2.0, 2.0, -2.0, -2.0, -2.0, -8.0, 0.0, -2.0, -7.0, 4.0, -7.0, -1.0, -3.0, -5.0, 4.0, 2.0, -1.0, -2.0, 4.0, 5.0, -4.0, 4.0, -1.0, -1.0, -1.0, 3.0, 9.0, -7.0, 4.0, -2.0, -3.0, -2.0, -2.0, 5.0, 4.0, 4.0, -5.0, -1.0, -1.0, 3.0, -3.0, -1.0, -7.0, 0.0, -1.0, 4.0, 3.0, -5.0, 5.0, 4.0, -1.0, -1.0, 4.0, -3.0, -1.0, -1.0, -2.0, -2.0, 5.0, 5.0, -2.0, 1.0, -7.0, 5.0, 4.0, -2.0, -1.0, 3.0, -1.0, -7.0, -5.0, -2.0, -1.0, -1.0, 5.0, -1.0, 0.0, 4.0, -3.0, -7.0, -2.0, -1.0, -1.0, -2.0, 3.0, -3.0, -2.0, 1.0, 1.0, -3.0, 0.0, -1.0, -8.0, 4.0, 3.0, 1.0, -1.0, -2.0, -7.0, -2.0, -1.0, 3.0, -1.0, -1.0, 5.0, -3.0, 4.0, 0.0, -2.0, -7.0, -7.0, 3.0, 5.0, -1.0, 11.0, 4.0, -1.0, 4.0, -2.0, 0.0, 10.0, 0.0, -7.0, -2.0, -8.0, -2.0, 7.0, -1.0, -1.0, 4.0, 6.0, 5.0, 4.0, 2.0, -1.0, -2.0, 10.0, -4.0, -1.0, -2.0, 4.0, -1.0, -1.0, 0.0, 5.0, -1.0, 2.0, -1.0, -2.0, -1.0, -6.0, 2.0, -1.0, -2.0, 1.0, -2.0, 3.0, -2.0, -2.0, 6.0, -2.0, -2.0, 1.0, -2.0, -2.0, -6.0, 4.0, 1.0, 5.0, -3.0, -3.0, 5.0, 4.0, -6.0, -2.0, -1.0, -1.0, 0.0, -1.0, -3.0, 3.0, 3.0, 1.0, 0.0, 5.0, 1.0, -1.0, -1.0, -2.0, -1.0, 5.0, -3.0, 5.0, -1.0, -12.0, -2.0, -1.0, -1.0, -5.0, -7.0, -1.0, -2.0, -3.0, 6.0, 8.0, -3.0, 0.0, 4.0, 3.0, 5.0, -1.0, 3.0, 4.0, -1.0, 4.0, -1.0, 5.0, -15.0, -7.0, -1.0, -2.0, 1.0, -7.0, 5.0, -1.0, 1.0, -2.0, 6.0, 0.0, -4.0, -1.0, -2.0, 2.0, -2.0, 0.0, -6.0, -8.0, -2.0, 4.0, 4.0, -2.0, 1.0, 1.0, -5.0, 4.0, -1.0, -3.0, 10.0, -2.0, 5.0, 3.0, -1.0, 3.0, 5.0, 4.0, -2.0, -3.0, 4.0, 4.0, -1.0, 3.0, 10.0, -1.0, 2.0, -2.0, 4.0, -2.0, 5.0, -6.0, 5.0, -1.0, -5.0, 4.0, 0.0, 5.0, 0.0, -2.0, -2.0, -8.0, -2.0, -1.0, 5.0, -1.0, 5.0, -2.0, -1.0, -2.0, -2.0, -2.0, -2.0, 10.0, 4.0, 3.0, 3.0, 4.0, 10.0, 4.0, 4.0, -2.0, 0.0, -2.0, -13.0, 4.0, -1.0, 9.0, -2.0, 4.0, 3.0, 4.0, -1.0, -2.0, 5.0, -3.0, -7.0, -2.0, -2.0, -2.0, -7.0, -1.0, -2.0, 0.0, 10.0, 9.0, -1.0, 4.0, -2.0, -2.0, -7.0, 5.0, 11.0, 4.0, 5.0, -1.0, -8.0, 4.0, -2.0, -5.0, 4.0, -1.0, -7.0, -1.0, 4.0, 0.0, -1.0, -1.0, -8.0, -2.0, -1.0, 5.0, 4.0, -9.0, -4.0, -1.0, -14.0, 2.0, -12.0, -2.0, -7.0, 6.0, -1.0, 5.0, -8.0, -7.0, -1.0, -2.0, -4.0, 3.0, -2.0, -7.0, 0.0, 4.0, 5.0, 5.0, 9.0, 5.0, 2.0, -2.0, -1.0, 7.0, -1.0, 3.0, -1.0, 4.0, 4.0, -1.0, -2.0, 5.0, 4.0, -2.0, -2.0, -1.0, 4.0, -1.0, 0.0, -4.0, 3.0, -8.0, 4.0, -5.0, -1.0, -7.0, -2.0, -7.0, -1.0, 3.0, 5.0, -2.0, 5.0, -9.0, 5.0, -2.0, 0.0, -1.0, -5.0, -1.0, -1.0, -14.0, 0.0, 5.0, 11.0, -2.0, 5.0, 5.0, 4.0, 4.0, -1.0, -1.0, 4.0, -2.0, -1.0, -5.0, 4.0, 5.0, 4.0, 2.0, -7.0, -2.0, -2.0, 5.0, 6.0, -1.0, 4.0, 0.0, 5.0, 5.0, -7.0, -6.0, 6.0, 3.0, -7.0, -7.0, -3.0, -7.0, -1.0, 5.0, -6.0, -13.0, 10.0, -1.0, 6.0, 10.0, -1.0, 3.0, -2.0, 0.0, 1.0, -2.0, -3.0, -2.0, 5.0, 5.0, -3.0, -2.0, -6.0, 15.0, 5.0, 3.0, -4.0, 5.0, 0.0, -1.0, 5.0, -2.0, 4.0, -1.0, 5.0, 4.0, -1.0, 4.0, -1.0, 11.0, -2.0, -8.0, -1.0, 8.0, 5.0, 9.0, 2.0, -6.0, 4.0, 3.0, -8.0, -1.0, 11.0, -2.0, -2.0, -20.0, -2.0]",8.191414266461646,0.0073933601379394,0.0,0.0,0
1,1,"[-0.21846327, 0.9289502, 0.7291723, 0.6733784, 0.27330536, -0.80865824, -0.7853116, 0.61803234, -0.3189428, 0.22313482, -0.28006563, 0.84286803, -0.76300985, 0.31063586, 0.44042426, 0.126147, -0.12213985, -0.82797843, 0.80266815, 0.8552546, 0.83378154, -0.4939143, 0.3322671, 0.8164399, -0.39507562, 0.677913, -0.15838836, -0.20836061, -0.6882576, -0.42593676, 0.43377614, -0.6534056, 0.0002505249, 0.51909083, 0.39908952, 0.6693443, 0.56428146, 0.6279898, 0.979383, -0.50115716, -0.92117643, 0.0408472, 0.010973925, 0.44299814, 0.76122344, -0.9408731, 0.15948746, 0.31177384, 0.87022954, 0.22588976, -0.47056642, 0.04825743, -0.64953583, 0.11259597, 0.7963226, -0.8517388, -0.27689257, 0.18737543, 0.3507087, 0.912332, -0.94396806, -0.5200916, 0.6590279, -0.5564174, 0.01172384, 0.7743766, 0.33822176, -0.042349078, -0.49182254, -0.4444987, -0.33813342, 0.849836, -0.5044692, -0.55468255, -0.6315159, 0.65993124, 0.29197416, -0.94811267, 0.04013033, -0.68561065, 0.23488037, -0.14199328, 0.7294513, 0.0071573984, -0.19727428, -0.22434537, 0.5085242, -0.68378174, -0.78201157, 0.08048351, 0.15253216, 0.13015805, -0.6142593, -0.9118035, -0.24729192, 0.16050407, 0.6307533, -0.82581526, 0.8873386, -0.38922662, 0.97759724, 0.076256625, -0.8831173, -0.8889251, 0.012183605, -0.06344307, -0.6945429, 0.8430884, 0.27765596, 0.92551136, -0.52191675, -0.14430879, 0.89766246, 0.51351655, 0.6994379, 0.57294714, -0.16153657, 0.5208428, 0.28058532, -0.6259564, 0.46768942, -0.025726696, 0.9388722, 0.41296768, 0.6227083, 0.9024219, -0.07361428, -0.8724479, -0.2328586, 0.6390696, -0.9087133, 0.66091853, -0.2376931, 0.40641934, 0.021926353, -0.10566203, 0.22534432, -0.45748243, -0.7126625, 0.9859011, 0.96287596, 0.32792437, 0.20187856, -0.22253816, -0.6974858, 0.45553806, 0.7762357, -0.2016991, 0.20617114, 0.6119245, 0.4531927, 0.8253456, 0.79483664, -0.6849887, 0.36934295, -0.8513661, -0.58809906, -0.54483324, -0.3915351, 0.53828657, -0.27847207, 0.8497258, -0.11050958, -0.3944299, 0.25277776, -0.7869735, 0.3803318, 0.5840189, -0.6729033, 0.7144689, 0.27277443, 0.3217516, -0.6340861, 0.44576946, -0.067731746, 0.029963758, -0.7295092, -0.28084254, -0.13778825, 0.41660148, -0.8317066, 0.5952066, -0.31299445, -0.3366797, 0.35802433, -0.4744419, -0.11289148, 0.64390916, -0.17283769, 0.80314016, 0.9511977, 0.6927277, -0.082831174, 0.09520561, 0.024758983, -0.53473127, 0.8281596, 0.4309416, 0.83953434, 0.78652984, 0.81937146, -0.9061681, -0.70366615, -0.75094163, 0.006247818, 0.28650808, 0.22025988, 0.6787719, 0.12483283, 0.33780542, 0.45824403, 0.93117726, 0.17409611, -0.17100868, -0.06560258, 0.029055476, -0.89265656, 0.48262933, 0.4114022, -0.39947766, -0.78832847, 0.8114544, -0.93243605, 0.9737983, -0.17941356, 0.6555505, 0.506228, -0.8426128, -0.70229816, 0.5753682, -0.6659289, -0.78210866, -0.29824203, 0.33780587, -0.16812989, -0.8959112, -0.45556182, -0.08667082, 0.3408816, -0.9129285, -0.9660614, -0.79238546, -0.80116296, -0.8493715, -0.84964395, -0.4240462, -0.711438, 0.3703902, 0.71030825, -0.20591667, 0.19502291, 0.4903301, -0.35955122, -0.105006665, -0.526122, 0.09017918, 0.307997, 0.4681254, 0.20936507, -0.7926254, -0.4530266, 0.23755911, 0.07311968, -0.6481948, 0.2163881, -0.03754337, -0.48946488, -0.13136035, -0.91240823, 0.8345248, -0.9347678, 0.9649357, -0.1824158, 0.9891734, 0.7758293, -0.8218023, 0.5081591, -0.6141441, -0.95508385, -0.9581528, 0.7603567, 0.929186, 0.6022608, 0.8150346, 0.7231648, 0.72248644, -0.60108215, 0.96829814, -0.59186006, -0.40156573, -0.29706627, -0.70768285, 0.39236975, -0.23357968, 0.90018547, -0.9190411, 0.11856504, -0.6641752, -0.09480704, 0.045051113, -0.5303168, 0.17939486, -0.75406885, -0.418262, -0.66623235, -0.58695364, -0.8890088, -0.51638126, 0.82005525, -0.6627256, 0.844296, -0.8774817, 0.22780491, -0.5423181, -0.7056284, 0.031828392, -0.1111163, 0.115297206, 0.5375719, 0.31498498, 0.5154454, 0.087657675, 0.86819994, -0.12941694, 0.37914285, -0.14417118, 0.5014247, 0.08355332, 0.39295506, 0.72903305, -0.24988663, 0.9452441, 0.7998686, -0.82426333, -0.9522719, 0.8518291, -0.24153389, 0.6595348, -0.7733191, 0.1583672, 0.53004503, -0.60528135, 0.63187885, 0.8210445, -0.60376185, 0.84385425, 0.61085695, 0.018691273, -0.6820521, -0.7743644, -0.13009554, -0.4801315, -0.8136242, 0.64076185, 0.2718364, 0.946236, -0.08889851, -0.6863262, -0.6111349, -0.51943636, -0.4975016, -0.12512583, 0.403942, 0.3359485, -0.34780297, 0.31436148, 0.14731157, 0.24670391, -0.17604367, -0.50802255, 0.10796141, 0.7635817, 0.8432962, -0.0132127125, -0.2512119, -0.004516273, -0.36696267, 0.111337125, 0.4740997, 0.539526, -0.41868114, -0.8392419, -0.8180112, -0.0815649, -0.4523337, -0.83668697, 0.055465665, 0.0730115, -0.43457162, -0.22120784, -0.111511506, -0.46198976, 0.6928731, 0.60629195, 0.5663295, 0.97300017, -0.49006817, 0.13406599, -0.7722496, 0.08629892, -0.17729387, -0.4874206, 0.2508576, -0.85448134, -0.83526075, -0.19718382, 0.3320323, 0.8454856, 0.83686745, -0.94638157, 0.5883592, -0.75718415, -0.1028535, 0.465394, -0.95487547, 0.25971708, 0.18641314, 0.40238947, 0.7356748, 0.39817572, 0.90225977, 0.41041124, -0.892629, 0.27097198, -0.04434813, -0.7678754, -0.124928944, 0.25414732, 0.66204345, 0.7329396, 0.42104703, -0.2952363, -0.6368682, 0.15884498, 0.18809876, 0.23640786, 0.43432525, -0.9726909, 0.050689068, 0.1605383, 0.46526623, 0.3678632, -0.020143025, -0.5688769, 0.94737315, 0.8441055, -0.7205358, -0.45816433, 0.46057245, 0.421485, 0.9926, 0.81646574, -0.4838993, 0.46955457, 0.28812474, -0.34749502, 0.6236486, 0.44833878, 0.69657, 0.1717147, 0.5606025, 0.71658486, -0.22756785, 0.55590224, -0.9650209, 0.053894468, 0.96966445, 0.1401615, 0.6012291, -0.49328113, 0.5946283, 0.31076744, 0.4405459, -0.3214565, -0.85886765, 0.20844187, -0.494931, -0.82556087, -0.03848761, -0.6824806, 0.43665582, -0.061031353, -0.26541263, 0.6700315, 0.3148768, -0.88607, 0.7049448, -0.20506527, 0.4433102, 0.10387735, -0.7218829, 0.22426409, 0.44747478, 0.7144616, -0.4410694, 0.19390172, -0.8190728, 0.7346153, 0.98904693, -0.417852, -0.63362724, -0.52411926, -0.74098253, -0.17962639, -0.5914893, -0.8460951, 0.46205974, -0.37759355, -0.733147, 0.4628957, 0.1247519, 0.07847405, -0.5160474, 0.10957988, 0.06561257, 0.08887667, -0.0821872, 0.5501754, 0.2003425, 0.23434359, 0.5405732, 0.034702428, -0.39457121, -0.009104408, 0.5770486, 0.13121948, 0.979792, 0.57783705, -0.002021538, -0.7301624, 0.2664684, -0.03071722, -0.2861406, -0.7733736, 0.26265746, -0.6927048, 0.0062145893, 0.27707756, -0.44373673, 0.26031157, -0.27533033, 0.69130194, 0.70468867, 0.015405685, -0.24090219, -0.5039579, 0.2953162, -0.2280931, 0.74537534, -0.63807833, -0.66010624, -0.6377549, 0.5880398, -0.6701036, 0.19705519, -0.82321733, -0.739384, -0.18886068, -0.94417703, 0.78458387, 0.8504746, -0.57714033, -0.12997735, 0.5068268, -0.03890581, 0.60780156, -0.35914052, 0.0019018992, -0.6910741, 0.7158647, -0.7016718, 0.73776066, -0.76782084, -0.6482373, -0.08206268, -0.99594384, 0.3215027, 0.8077659, -0.10976172, -0.5601784, -0.64036435, 0.12628122, 0.0923195, 0.12977365, -0.29319274, -0.61761093, -0.8731489, 0.8022908, -0.7267016, 0.41403764, -0.93301857, -0.30490583, -0.026336057, 0.27219445, -0.10416524, 0.6759364, 0.6653808, -0.2348421, 0.7335081, -0.50298995, -0.5667308, -0.8263265, -0.9858296, 0.53657347, 0.3314557, -0.9915534, 0.932502, 0.34194627, -0.29571304, 0.8297974, 0.2801253, -0.99123216, 0.2681431, 0.97860974, -0.7103556, -0.02348673, -0.89529234, -0.63158584, 0.415354, 0.048663016, 0.7190019, -0.5959706, -0.33421564, -0.52341723, -0.6411889, -0.78501713, -0.67155665, -0.0690373, -0.16264091, -0.52589077, 0.99884886, -0.89217985, -0.7300164, 0.6414709, -0.07328963, 0.09856427, 0.252349, -0.98821694, 0.06620992, -0.23110841, -0.33749062, -0.91074, 0.0994743, 0.24791342, 0.4897911, 0.5228157, 0.32965666, 0.7896556, -0.5855072, -0.7809841, 0.9564428, -0.7516092, -0.2874943, -0.22502406, 0.90974116, -0.6460515, 0.3737644, 0.47290206, -0.015070698, 0.4742786, 0.5171655, 0.23773265, 0.5150071, -0.8993614, -0.0076490114, -0.19433728, 0.11625839, -0.1603227, -0.395566, 0.27707982, -0.5047287, 0.61298245, 0.53483754, -0.34132537, -0.6598347, 0.29461956, -0.2780488, 0.46852508, -0.38072684, 0.43174845, -0.45073572, 0.24324325, 0.04070069, 0.3700388, -0.9461987, 0.59610564, 0.8762177, -0.28535578, -0.5328179, -0.70856565, 0.55353075, -0.8334781, 0.58871967, 0.2571317, 0.43393043, -0.8438229, 0.26385736, 0.4029041, 0.5284748, -0.94298065, -0.49626842, 0.12127861, -0.82411253, -0.4384719, 0.9978995, -0.07208401, 0.07332262, 0.75573456, 0.026995897, 0.16777095, -0.6471215, 0.77437323, 0.7864498, 0.7213201, -0.30704603, -0.14114387, 0.36455634, -0.4252505, 0.005027108, 0.3155973, 0.6602182, 0.34206322, -0.91129863, -0.8714693, 0.6906615, -0.8286293, 0.26717746, -0.16277303, -0.1031212, -0.90884745, 0.68928164, 0.8803854, 0.22058122, 0.46159086, 0.9134637, 0.436522, -0.7593923, -0.34528702, 0.51905775, -0.7012997, -0.3614048, 0.83157134, -0.26303014, -0.18811242, -0.27118042, 0.79604864, 0.19957393, -0.88657916, -0.31410328, -0.048824377, 0.15150256, 0.5175496, 0.8679899, 0.12326112, 0.8620208, -0.35840496, -0.29769313, -0.5821267, -0.2948368, 0.80176115, 0.6886057, -0.88902366, -0.4850184, 0.096956044, 0.7176762, -0.50457764, 0.6909207, 0.04311217, 0.062609985, -0.05946547, 0.75631624, 0.78427273, 0.689035, -0.20329945, 0.9128439, 0.13809668, 0.3032837, -0.91133505, -0.7864525, 0.55889875, -0.5006337, -0.89160454, 0.87697875, -0.6879254, -0.8957115, -0.12042708, -0.32385236, -0.3517107, 0.5923366, -0.68756634, 0.04295166, -0.35341704, -0.27903092, -0.68605334, 0.35703433, 0.37886348, 0.4181703, -0.16397916, 0.5289343, 0.14252977, -0.909071, -0.68279016, -0.9364964, 0.23927033, 0.23124614, -0.33406934, 0.8401801, -0.7302494, -0.6791899, 0.8833882, -0.2131305, -0.8043249, 0.5894749, -0.8689867, 0.81554925, -0.42104754, 0.24024516, 0.9182203, -0.17041908, -0.8754343, -0.43114805, 0.4922331, -0.36950916, 0.10785447, -0.063796416, 0.34164435, 0.6563317, 0.71427464, -0.7166838, -0.39423242, 0.94583374, 0.9836829, 0.33164662, -0.7164245, -0.13191599, 0.19465029, 0.11240619, 0.6419295, 0.18329297, -0.9844364, 0.9065241, -0.49212122, 0.58068556, 0.5484601, 0.91161036, -0.093542516, 0.72457296, -0.40627685, -0.39115158, 0.6117347, 0.08221736, 0.013145123, 0.0117061855, 0.37629408, 0.7647328, 0.48283058, 0.07215776, 0.10464456, 0.79932636, -0.15764314, -0.06398783, 0.5217442, 0.41121876, -0.8852444, 0.62928516, 0.9849328, -0.63385165, -0.66059375, -0.5961082, -0.07138731, -0.8833238, 0.7650339, 0.81372106, 0.365802, 0.4970237, 0.7313382, -0.69036186, -0.48423493, -0.31385928, -0.5170903, -0.03257617, 0.24061427, -0.066858165, -0.79434246, -0.88945806, -0.94416785, 0.5871146, 0.710299, 0.6112183, -0.61196494, -0.97063917, 0.6935102, 0.77252823, 0.12414327, -0.5891856, -0.26730612, 0.1856792, -0.50507116, -0.1254865, -0.24543315, 0.20323573, 0.31010538, 0.7909869, -0.6272589, 0.784731, -0.20150176, 0.5085998, -0.7542349, -0.030960632, -0.49762228, -0.03989854, -0.36750028, 0.47169375, 0.4830205, 0.8053715, 0.747061, 0.36275056, 0.7193405, -0.294765, -0.6839729, 0.4197769, 0.1316322, -0.70816505, 0.8275188, -0.7424342, -0.49396238, 0.62394327, -0.74669677, -0.5189726, -0.880165, 0.24826941, 0.5782573, 0.906035, -0.83860934, 0.027328916, 0.5389772, 0.75515896, -0.9261118, -0.559137, 0.7220248, -0.84159076, -0.5254543, -0.376452, -0.9737197, 0.7264134, 0.82837665, 0.23794517, 0.41753364, 0.00041552246, -0.99379796, -0.7013366, -0.8364575, -0.649848, 0.040509634, -0.45878676, -0.7178041, 0.105648465, -0.23878767, -0.80379593, -0.4089142, 0.08855476, -0.48588634, 0.88446015, 0.8895168, 0.70924485, -0.3509358, -0.66240996, 0.49693006, 0.35882315, -0.891818, 0.0058620325, 0.47337207, 0.7920318, 0.6011944, 0.86536944, 0.934749, 0.055488434, 0.6433426, 0.8639685, 0.58430386, 0.9575597, -0.8421526, -0.76496017, -0.8803998, -0.8110063, 0.01105892, 0.75656426, 0.7534763, -0.2220969, 0.7943298, -0.08424775, -0.05945004, -0.09062996, 0.9419679, 0.46728247, 0.16895592, -0.4209092, -0.64959633, -0.31144205, 0.16523929]","[-7.0, 4.0, 4.0, -2.0, -1.0, 4.0, -1.0, 2.0, -2.0, -3.0, -2.0, -1.0, 4.0, -2.0, 4.0, -2.0, -2.0, -3.0, -7.0, -1.0, -8.0, -2.0, -2.0, -7.0, 5.0, 10.0, -7.0, -8.0, 3.0, -7.0, -14.0, 4.0, -2.0, 4.0, 5.0, 3.0, 4.0, -6.0, -7.0, -7.0, 0.0, 5.0, -1.0, -4.0, 1.0, 5.0, 3.0, -7.0, -3.0, -2.0, 5.0, 3.0, 5.0, -1.0, 1.0, 1.0, -1.0, -2.0, 0.0, 4.0, 3.0, 4.0, -2.0, 0.0, 3.0, 4.0, -7.0, -3.0, -2.0, 5.0, 5.0, 2.0, -1.0, 4.0, -6.0, 3.0, 4.0, -3.0, -1.0, 6.0, -2.0, -6.0, -1.0, -7.0, 6.0, 10.0, -1.0, -1.0, 0.0, 4.0, -1.0, 6.0, -1.0, 10.0, -2.0, 4.0, 4.0, -3.0, -6.0, -4.0, -1.0, -1.0, 1.0, -1.0, -8.0, 5.0, 1.0, 3.0, 5.0, -3.0, -2.0, -7.0, -7.0, -2.0, 4.0, -8.0, 5.0, -7.0, 5.0, -3.0, 5.0, 5.0, 0.0, 4.0, -2.0, 3.0, -1.0, 4.0, 3.0, -2.0, 5.0, -1.0, -4.0, -7.0, -2.0, -8.0, -1.0, -8.0, 3.0, 4.0, 4.0, 5.0, -2.0, 4.0, 5.0, 4.0, -8.0, 0.0, -7.0, 4.0, -10.0, 5.0, -3.0, 0.0, -2.0, -7.0, 4.0, 4.0, 4.0, -1.0, -3.0, 4.0, 5.0, 3.0, -13.0, -1.0, -7.0, 4.0, -9.0, -5.0, 3.0, -1.0, 5.0, 3.0, 1.0, -2.0, -2.0, -2.0, -3.0, 0.0, 3.0, -2.0, -2.0, -5.0, -2.0, -2.0, 5.0, -6.0, 2.0, 10.0, -3.0, -2.0, 4.0, -4.0, -2.0, 0.0, -2.0, -8.0, -2.0, -2.0, -8.0, -2.0, -2.0, 5.0, -1.0, 5.0, -1.0, -3.0, -1.0, -1.0, 5.0, 4.0, -2.0, 4.0, 1.0, -8.0, 4.0, 4.0, -2.0, -3.0, 4.0, -7.0, -3.0, -7.0, 8.0, 5.0, 4.0, -3.0, 0.0, 4.0, -7.0, 0.0, 5.0, -2.0, 0.0, 4.0, 4.0, 4.0, -1.0, 3.0, 1.0, -1.0, -6.0, 3.0, 2.0, 0.0, 4.0, -5.0, -2.0, 6.0, -2.0, -5.0, -2.0, -1.0, -2.0, -4.0, -1.0, -4.0, -2.0, -2.0, -2.0, 5.0, -7.0, -2.0, 4.0, -1.0, -7.0, 1.0, -7.0, 5.0, 4.0, -1.0, -1.0, -6.0, 6.0, -1.0, 5.0, -2.0, -4.0, -7.0, 4.0, -1.0, 0.0, -1.0, -1.0, 12.0, 0.0, -1.0, 4.0, 4.0, -1.0, -2.0, -8.0, -2.0, -2.0, -1.0, -7.0, -1.0, -3.0, -2.0, 4.0, 3.0, 4.0, -1.0, -1.0, 0.0, -3.0, 4.0, 0.0, -2.0, 3.0, 3.0, -6.0, -1.0, -2.0, 0.0, 1.0, -1.0, 5.0, 4.0, -1.0, -8.0, -1.0, 3.0, 6.0, 1.0, -7.0, 4.0, 5.0, 2.0, 0.0, 0.0, 4.0, 10.0, -2.0, -2.0, -8.0, -2.0, 4.0, 12.0, -1.0, 5.0, -4.0, -7.0, -7.0, 0.0, -1.0, -1.0, -2.0, -1.0, -3.0, -1.0, -1.0, 4.0, 5.0, 5.0, -2.0, -7.0, 3.0, -1.0, -7.0, -1.0, 4.0, -7.0, 6.0, -1.0, 4.0, 10.0, 4.0, -7.0, -1.0, 13.0, 4.0, 9.0, 0.0, 4.0, -3.0, 4.0, 5.0, 4.0, 4.0, 4.0, -2.0, 5.0, -1.0, 4.0, 3.0, 5.0, 5.0, 3.0, 0.0, 5.0, -2.0, 11.0, 5.0, 11.0, -2.0, -2.0, 5.0, 10.0, -3.0, 5.0, 10.0, -1.0, 3.0, -1.0, -7.0, 5.0, -2.0, 4.0, -2.0, 3.0, 3.0, 1.0, -8.0, -2.0, -10.0, 5.0, 0.0, -3.0, -8.0, 1.0, 8.0, -6.0, 6.0, 3.0, -7.0, -7.0, -2.0, -1.0, -1.0, -1.0, -2.0, -2.0, -2.0, -2.0, -14.0, -7.0, -1.0, -7.0, -1.0, -8.0, 4.0, -2.0, 5.0, -2.0, 5.0, -2.0, 5.0, 4.0, -1.0, -2.0, 4.0, 4.0, 5.0, 4.0, 3.0, -1.0, 4.0, 2.0, 4.0, -2.0, -2.0, -1.0, 9.0, -1.0, -1.0, -8.0, 0.0, 5.0, 2.0, 4.0, -1.0, 5.0, -1.0, 5.0, -8.0, -1.0, -2.0, -1.0, -2.0, -2.0, -10.0, 5.0, -5.0, -1.0, 5.0, 11.0, -1.0, 0.0, -5.0, -2.0, -2.0, 2.0, -2.0, -2.0, -2.0, -8.0, 0.0, -2.0, -7.0, 4.0, -7.0, -1.0, -3.0, -5.0, 4.0, 2.0, -1.0, -2.0, 4.0, 5.0, -4.0, 4.0, -1.0, -1.0, -1.0, 3.0, 9.0, -7.0, 4.0, -2.0, -3.0, -2.0, -2.0, 5.0, 4.0, 4.0, -5.0, -1.0, -1.0, 3.0, -3.0, -1.0, -7.0, 0.0, -1.0, 4.0, 3.0, -5.0, 5.0, 4.0, -1.0, -1.0, 4.0, -3.0, -1.0, -1.0, -2.0, -2.0, 5.0, 5.0, -2.0, 1.0, -7.0, 5.0, 4.0, -2.0, -1.0, 3.0, -1.0, -7.0, -5.0, -2.0, -1.0, -1.0, 5.0, -1.0, 0.0, 4.0, -3.0, -7.0, -2.0, -1.0, -1.0, -2.0, 3.0, -3.0, -2.0, 1.0, 1.0, -3.0, 0.0, -1.0, -8.0, 4.0, 3.0, 1.0, -1.0, -2.0, -7.0, -2.0, -1.0, 3.0, -1.0, -1.0, 5.0, -3.0, 4.0, 0.0, -2.0, -7.0, -7.0, 3.0, 5.0, -1.0, 11.0, 4.0, -1.0, 4.0, -2.0, 0.0, 10.0, 0.0, -7.0, -2.0, -8.0, -2.0, 7.0, -1.0, -1.0, 4.0, 6.0, 5.0, 4.0, 2.0, -1.0, -2.0, 10.0, -4.0, -1.0, -2.0, 4.0, -1.0, -1.0, 0.0, 5.0, -1.0, 2.0, -1.0, -2.0, -1.0, -6.0, 2.0, -1.0, -2.0, 1.0, -2.0, 3.0, -2.0, -2.0, 6.0, -2.0, -2.0, 1.0, -2.0, -2.0, -6.0, 4.0, 1.0, 5.0, -3.0, -3.0, 5.0, 4.0, -6.0, -2.0, -1.0, -1.0, 0.0, -1.0, -3.0, 3.0, 3.0, 1.0, 0.0, 5.0, 1.0, -1.0, -1.0, -2.0, -1.0, 5.0, -3.0, 5.0, -1.0, -12.0, -2.0, -1.0, -1.0, -5.0, -7.0, -1.0, -2.0, -3.0, 6.0, 8.0, -3.0, 0.0, 4.0, 3.0, 5.0, -1.0, 3.0, 4.0, -1.0, 4.0, -1.0, 5.0, -15.0, -7.0, -1.0, -2.0, 1.0, -7.0, 5.0, -1.0, 1.0, -2.0, 6.0, 0.0, -4.0, -1.0, -2.0, 2.0, -2.0, 0.0, -6.0, -8.0, -2.0, 4.0, 4.0, -2.0, 1.0, 1.0, -5.0, 4.0, -1.0, -3.0, 10.0, -2.0, 5.0, 3.0, -1.0, 3.0, 5.0, 4.0, -2.0, -3.0, 4.0, 4.0, -1.0, 3.0, 10.0, -1.0, 2.0, -2.0, 4.0, -2.0, 5.0, -6.0, 5.0, -1.0, -5.0, 4.0, 0.0, 5.0, 0.0, -2.0, -2.0, -8.0, -2.0, -1.0, 5.0, -1.0, 5.0, -2.0, -1.0, -2.0, -2.0, -2.0, -2.0, 10.0, 4.0, 3.0, 3.0, 4.0, 10.0, 4.0, 4.0, -2.0, 0.0, -2.0, -13.0, 4.0, -1.0, 9.0, -2.0, 4.0, 3.0, 4.0, -2.0, -2.0, 5.0, -3.0, -7.0, -2.0, -2.0, -2.0, -7.0, -1.0, -2.0, 0.0, 10.0, 9.0, -1.0, 4.0, -2.0, -2.0, -7.0, 5.0, 11.0, 4.0, 5.0, -1.0, -8.0, 4.0, -2.0, -5.0, 4.0, -1.0, -7.0, -1.0, 4.0, 0.0, -1.0, -1.0, -8.0, -2.0, -1.0, 5.0, 4.0, -9.0, -4.0, -1.0, -14.0, 2.0, -12.0, -2.0, -7.0, 6.0, -1.0, 5.0, -8.0, -7.0, -1.0, -2.0, -4.0, 3.0, -2.0, -7.0, 0.0, 4.0, 5.0, 5.0, 9.0, 5.0, 2.0, -2.0, -1.0, 7.0, -1.0, 3.0, -1.0, 4.0, 4.0, -1.0, -2.0, 5.0, 4.0, -2.0, -2.0, -1.0, 4.0, -1.0, 0.0, -4.0, 3.0, -8.0, 4.0, -5.0, -1.0, -7.0, -2.0, -7.0, -1.0, 3.0, 5.0, -2.0, 5.0, -9.0, 5.0, -2.0, 0.0, -1.0, -5.0, -1.0, -1.0, -14.0, 0.0, 5.0, 11.0, -2.0, 5.0, 5.0, 4.0, 4.0, -1.0, -1.0, 4.0, -2.0, -1.0, -5.0, 4.0, 5.0, 4.0, 2.0, -7.0, -2.0, -2.0, 5.0, 6.0, -1.0, 4.0, 0.0, 5.0, 5.0, -7.0, -6.0, 6.0, 3.0, -7.0, -7.0, -3.0, -7.0, -1.0, 5.0, -6.0, -13.0, 10.0, -1.0, 6.0, 10.0, -1.0, 3.0, -2.0, 0.0, 1.0, -2.0, -3.0, -2.0, 5.0, 5.0, -3.0, -2.0, -6.0, 15.0, 5.0, 3.0, -4.0, 5.0, 0.0, -1.0, 5.0, -2.0, 4.0, -1.0, 5.0, 4.0, -1.0, 4.0, -1.0, 11.0, -2.0, -8.0, -1.0, 8.0, 5.0, 9.0, 2.0, -6.0, 4.0, 3.0, -8.0, -1.0, 11.0, -2.0, -2.0, -20.0, -2.0]",8.192839107609505,0.0033645629882812,0.0,0.0,0
2,2,"[0.2510512, 0.8426966, -0.7066259, 0.17225644, 0.12381888, -0.8120607, -0.28308877, 0.9234142, 0.48948255, 0.40416318, 0.80425704, 0.28038424, -0.611328, -0.559239, 0.15091689, 0.9480641, -0.87002426, 0.66572195, -0.07586045, -0.565025, -0.29898244, 0.31106427, 0.298871, 0.74516517, 0.8030731, -0.90511715, 0.1759021, -0.9071237, 0.45570737, 0.57183963, -0.5268656, 0.57372797, 0.24002406, -0.24490678, 0.36169103, 0.7831689, 0.08893699, 0.57856727, 0.20259552, 0.8462727, -0.6913905, 0.37558973, 0.8619771, -0.28743282, -0.95888925, -0.6947682, -0.03493238, 0.1434977, 0.87419826, 0.139867, -0.51014596, -0.9745961, -0.04708848, 0.50505745, 0.29158452, 0.56513804, 0.24860705, -0.61866754, 0.51628995, -0.65799904, -0.20027573, 0.8129577, 0.80953354, -0.90369105, 0.2232022, -0.07005024, -0.8467843, -0.5146883, 0.36113632, -0.8124147, 0.89959955, -0.31156784, 0.73077786, 0.3862301, -0.29893565, -0.025138667, 0.088641465, -0.7462914, 0.37179947, 0.7662376, 0.26475948, 0.66652626, -0.29671457, 0.61326766, 0.37001824, -0.4661389, -0.5198095, -0.11520723, 0.47273403, -0.73756033, 0.2723218, 0.44115993, -0.63768995, 0.34339094, 0.21656552, -0.7329985, -0.0048773843, -0.55806065, 0.7184066, 0.7585849, 0.58485836, 0.40129617, -0.01738176, 0.12850365, -0.1829514, -0.97150755, 0.6332569, -0.25473627, -0.73029876, -0.7230952, 0.31828928, 0.30579647, 0.6157358, 0.6439023, -0.98623943, 0.37693202, 0.28238145, -0.8898827, 0.069644526, 0.7727146, -0.25002474, 0.8281509, 0.6877299, -0.19728644, 0.7236241, 0.20602477, 0.9004921, -0.32067633, 0.038315173, -0.2803459, 0.1453882, 0.27680185, 0.4158692, -0.12037577, -0.5506233, -0.3427621, -0.47515047, 0.8792304, 0.43045938, 0.7763686, -0.06103585, -0.16488783, 0.063559584, 0.97215307, 0.17993647, -0.41142598, -0.64948356, 0.22236936, -0.63046205, -0.6965192, 0.36423877, 0.4349913, 0.9688302, 0.27141348, 0.52999026, 0.43024588, 0.14339319, 0.15581897, -0.41102967, 0.9240716, 0.31304953, -0.38805762, 0.9482418, 0.97499514, -0.2723083, -0.23926859, -0.5901175, 0.8481988, -0.083255544, 0.9126594, -0.6272825, 0.109345734, 0.008386082, 0.5963126, -0.43314403, -0.9547912, 0.4121229, -0.15939415, -0.06833013, 0.14843428, 0.99498683, -0.6077533, -0.6527267, -0.9292071, 0.5065568, -0.6052857, 0.6735697, -0.85006225, 0.53532815, 0.9855945, 0.29203466, -0.8473761, 0.53910774, -0.6679012, 0.95267314, 0.3408708, -0.7415625, -0.31776983, -0.67984504, 0.17503847, -0.5162961, 0.8805041, 0.0044600097, 0.95897466, 0.22851357, -0.9515396, 0.5081896, -0.5400004, 0.7139865, -0.90625674, -0.61820465, -0.16459279, -0.6434738, -0.2587365, 0.70320964, 0.4736269, -0.091932826, -0.90606755, 0.8322884, -0.76645213, -0.93961275, -0.123171575, 0.34089714, 0.1791215, -0.61959463, -0.4030595, 0.8931721, -0.81617904, 0.9373864, -0.60305214, 0.8352598, -0.101076044, 0.48456106, 0.08977165, -0.61425084, -0.8944549, -0.7355038, -0.3418915, -0.15785211, -0.273264, -0.26251858, 0.8173396, 0.60202605, 0.12336739, -0.11031185, -0.133849, -0.5290289, 0.4006359, -0.030768283, 0.30841282, -0.47222394, 0.8816518, 0.15347196, 0.40748063, 0.70877934, 0.18093857, 0.016362783, -0.38401628, -0.33469352, -0.7206046, -0.75867724, -0.8582071, -0.7278029, 0.69442576, 0.42174244, -0.9000545, -0.85543907, 0.47230583, -0.8990335, 0.087643355, -0.06516062, 0.53348285, -0.38944685, -0.6614293, 0.44099692, 0.5388405, 0.8679628, 0.9308219, -0.784322, -0.103787236, 0.5617646, 0.57054603, 0.8826586, 0.048105855, -0.18350776, 0.876184, 0.09511082, 0.46326166, 0.14889659, 0.28227285, -0.76336575, 0.81183577, -0.64292717, -0.61574894, -0.15143722, 0.6902955, 0.5859804, 0.9044476, 0.34979618, -0.5513164, -0.08295612, -0.17891452, -0.92332226, 0.99805194, 0.18110211, 0.54845494, -0.4222425, -0.00991397, 0.18184613, 0.7160002, -0.24541715, 0.43838236, 0.6918579, 0.097741015, -0.064735465, 0.973984, -0.18517224, -0.78237087, 0.80549884, 0.008321939, 0.6314534, 0.7242724, -0.8085035, -0.43855453, -0.9901761, -0.8054457, -0.16600347, -0.8619347, 0.67840683, -0.8851386, -0.91479933, -0.763168, 0.2422728, -0.58888113, -0.7033947, -0.42826584, -0.47182608, 0.52843946, -0.0008339368, -0.8043767, -0.07984515, -0.070358776, 0.9765171, -0.77167624, 0.13240805, -0.6080482, 0.8345782, 0.56673855, -0.47835478, -0.59282947, -0.0061572874, 0.911834, -0.66844493, 0.7375642, -0.671685, -0.32517534, 0.98488384, 0.5894136, -0.86970145, 0.7662548, 0.7818161, -0.9486201, -0.67275226, 0.82956153, -0.12685071, -0.3605827, -0.0281258, -0.9207444, 0.56736666, -0.6367889, 0.6673203, -0.15241773, 0.51282936, -0.85088426, -0.77939546, 0.17104948, 0.2796488, -0.12481189, 0.41809753, 0.2447834, -0.5421315, 0.053910594, -0.08353356, -0.9459499, 0.9665225, 0.29338983, -0.8891926, -0.5161804, -0.7456299, 0.95896137, -0.16722412, 0.7285008, -0.36240664, 0.3292261, 0.52961427, -0.87388563, 0.6298343, -0.9505344, 0.6276245, 0.50984466, 0.30725268, -0.9215279, 0.9141274, -0.5005506, 0.6612537, 0.7945477, -0.7695498, 0.07604727, -0.96796757, 0.81600493, -0.7879306, 0.81474066, -0.80230224, -0.40358144, 0.6111049, 0.6427964, -0.05701593, 0.40367398, 0.95962185, -0.5505639, -0.33969438, -0.90541035, -0.7578874, -0.0327584, 0.7500632, -0.13468489, -0.07751394, -0.8891912, 0.32465377, 0.5544569, -0.117384024, -0.75334644, -0.23796001, -0.07596595, -0.77097285, -0.7211779, 0.9973609, -0.82186574, 0.2997728, -0.7680452, 0.34162772, -0.65588593, 0.8975585, -0.06463197, -0.8854004, 0.26964948, -0.74909616, -0.40620694, -0.46583158, -0.5248264, -0.599417, 0.5048474, -0.6373125, 0.54776263, -0.633045, 0.65135586, -0.2613748, 0.06365016, -0.13414426, -0.28877652, 0.89092004, 0.46661386, -0.88827956, -0.9951884, -0.30298588, 0.818157, -0.14033957, 0.29258156, -0.31751958, -0.21569571, -0.59822834, -0.6154699, 0.17228489, 0.9612356, -0.22788234, -0.9372152, 0.3879676, 0.26757133, -0.3419477, -0.65631783, -0.33284122, 0.010188955, -0.5140033, 0.25951198, 0.7224927, -0.9853212, 0.5303792, 0.31526843, -0.40072566, 0.76267505, 0.91886, -0.18482333, -0.09985456, 0.7058072, -0.9312461, 0.7185114, -0.025624989, -0.17158818, 0.15600601, -0.88179654, -0.25775215, -0.3621596, -0.65896297, 0.9759119, -0.85829085, 0.63147074, 0.46233147, 0.7968397, 0.51202303, 0.16574532, -0.7731581, 0.5431426, -0.35948727, -0.045035686, 0.34279442, -0.50285614, 0.2191721, -0.69427407, 0.952399, 0.9013892, 0.14117992, 0.5692856, 0.31921878, 0.045656785, 0.5145163, -0.44841644, 0.98299104, -0.56254727, 0.472008, 0.16407444, 0.97143126, 0.8952377, 0.82703185, -0.48061663, 0.5650217, -0.52856916, -0.92956483, -0.50388, 0.4216639, -0.13290821, -0.5259579, 0.9516563, -0.8743505, -0.7841026, 0.14401653, -0.9373161, -0.0309083, 0.35347474, -0.035784893, -0.6759601, 0.11983034, -0.33099204, 0.44967848, 0.84208065, -0.7877911, 0.9935263, -0.10132833, 0.6387878, 0.8693067, -0.74153453, 0.028533917, -0.81461704, -0.34046957, 0.0715387, -0.65442735, -0.006564851, -0.34648603, 0.22821751, -0.64176667, 0.84753734, 0.09011633, 0.34335494, -0.46995893, -0.961671, -0.35181832, 0.035757262, 0.3178682, 0.9125481, 0.72411364, 0.9910844, -0.14251928, -0.3093565, -0.41763228, -0.78137153, -0.84551644, 0.52418435, 0.31690398, 0.25719637, -0.8780869, -0.2547029, -0.6188507, 0.4603467, 0.28678814, -0.9437514, -0.20623769, 0.7837892, 0.6190898, -0.07130194, -0.5245746, -0.10566044, 0.9064872, -0.45093408, 0.6367788, -0.7809194, -0.6599093, -0.25648385, 0.79310113, 0.3905465, -0.9503961, -0.9137987, 0.40819275, -0.07319289, 0.9626362, -0.3641123, -0.2745304, 0.13933676, -0.85953003, -0.55809104, -0.13226187, 0.13225827, 0.25394613, -0.8753401, 0.52609956, 0.80665267, -0.6762486, 0.08980335, 0.29297203, -0.525284, 0.50664383, -0.17809388, -0.4997742, -0.22787116, -0.6683387, 0.054266635, 0.16497989, -0.28843293, 0.55837977, 0.6657022, 0.1960202, 0.81043243, -0.2697691, -0.6877052, -0.2947831, 0.5294546, 0.90392005, 0.99732023, 0.7704011, -0.8777018, -0.8307467, 0.217736, -0.7015604, 0.47004533, 0.53795886, -0.19100979, 0.42954814, 0.31109938, -0.90375024, 0.9850546, -0.11180475, 0.49763232, -0.83577937, 0.6838009, -0.1546771, 0.11029475, -0.9166767, -0.3831012, 0.3513369, -0.37008652, 0.61032516, 0.32447693, 0.9246622, 0.4921858, -0.38491344, -0.5442832, 0.8022475, 0.36380202, -0.2794258, -0.6705323, -0.07437149, 0.7585509, 0.73033136, -0.5099154, 0.5060442, -0.7512426, -0.85425574, 0.3101358, 0.6344258, -0.21465576, -0.6599189, -0.42730075, 0.66429716, 0.5792032, 0.024579648, 0.77080375, -0.021145033, 0.18531032, 0.98667264, 0.36598673, -0.989898, -0.525508, -0.88509893, -0.7911213, 0.40538535, 0.9253561, -0.23469299, -0.40389043, -0.7833206, 0.95023346, 0.9163029, 0.4717997, -0.7971276, 0.52804804, -0.29485148, -0.34196392, -0.7515796, -0.22954969, 0.23695706, 0.7773036, 0.24552484, -0.4638226, 0.21192648, -0.5773902, 0.3324166, 0.17115965, -0.88991314, -0.15664136, 0.22299373, -0.9330677, -0.7562952, -0.68412083, -0.78612876, 0.9227525, -0.41223034, -0.15080543, -0.6902096, -0.9479577, 0.24943537, 0.6665714, 0.05838722, -0.73139036, 0.3930046, 0.7022089, 0.07472372, 0.9669811, 0.669681, -0.4059028, -0.38251352, 0.5282015, 0.9402196, 0.04965841, 0.6666812, 0.41168582, 0.06380783, -0.34047434, -0.51023966, -0.29045117, -0.2985491, 0.35476127, 0.29547685, 0.49679205, -0.6408507, -0.38833576, 0.9936042, 0.057674214, -0.6857719, 0.06201924, -0.37422475, -0.009470317, 0.49132127, -0.39887422, 0.26744154, -0.9991341, 0.7378825, -0.9752605, 0.7395506, -0.87292457, -0.7949126, 0.8661094, -0.04971115, -0.23655424, 0.17865627, 0.52691925, 0.72646177, -0.2799536, 0.29714397, -0.4794569, -0.27834982, 0.5738196, 0.43495798, 0.7527399, 0.16926062, -0.7002709, -0.86603016, 0.50480354, 0.9460729, -0.6961235, -0.9491543, 0.030045833, -0.6772316, 0.53819275, 0.27530408, 0.28131363, -0.40501693, -0.56100076, -0.9266735, -0.86421335, -0.3504627, 0.927588, -0.9997584, -0.1833734, 0.49970862, 0.9360156, -0.6498211, -0.016557626, -0.29805353, -0.031621385, 0.759934, 0.17272487, 0.6024131, -0.49861714, 0.88447785, -0.9617408, 0.329226, 0.70555484, 0.5642541, -0.5050049, -0.8850616, -0.48238948, -0.63787425, -0.95170414, -0.4517658, -0.036022145, 0.6590974, -0.09879743, 0.81427145, 0.8010234, -0.9388547, 0.9659964, -0.16176179, 0.56012887, -0.7940386, 0.41559032, 0.29295865, -0.6994525, -0.6244637, -0.79686123, 0.1293108, 0.3598043, -0.679125, -0.126135, 0.92207307, -0.5623436, -0.3627387, -0.64913803, 0.88407767, 0.2540263, 0.3503173, -0.45633203, -0.64047307, -0.1056832, -0.12783068, -0.94595075, -0.83741707, -0.34285837, -0.48003438, -0.49568707, 0.27411538, -0.6026788, 0.1252589, -0.0041128513, 0.4639278, -0.21383776, -0.2390363, 0.6376283, 0.6557082, -0.69512266, 0.82063514, -0.07444522, 0.7674062, 0.22773923, -0.561612, -0.07332023, -0.7407538, 0.52562535, 0.50499237, -0.25894195, -0.5789573, -0.04968219, 0.532458, 0.6838472, -0.6215686, -0.009449607, 0.8602155, -0.44090942, 0.3600987, -0.49679646, -0.33678138, 0.94297665, -0.8218327, -0.82331395, 0.0028248124, -0.24218978, 0.5800864, -0.13789651, -0.50257665, 0.83878, 0.9355055, 0.35666707, -0.5688045, -0.92588454, 0.45024016, 0.6121705, 0.16646369, -0.2976776, -0.2072704, -0.17419444, -0.31193635, 0.9424001, 0.16851033, -0.23015337, -0.17840803, -0.33452415, 0.9566026, -0.67506117, -0.6550826, -0.5246909, 0.7002275, 0.033325084, -0.5509599, 0.0031911389, 0.5052802, -0.77040315, -0.024399137, -0.5647596, -0.45166212, -0.91060126, 0.73778784, 0.5271679, 0.92098784, 0.96757966, 0.87889576, 0.16317515, 0.71398175, 0.74463904, -0.66864234, 0.84889895, -0.09850373, 0.09029665, -0.08332547, -0.2773634, -0.6263834, 0.43493348, -0.36112618, -0.6479565, -0.75604844, 0.7900755, -0.4559769, 0.29340705, 0.10160517, 0.47439286, -0.004315525, -0.6824465, -0.5914586, -0.03752288, 0.6446447, 0.6615092, -0.8801515, 0.85697395, -0.04336248, 0.72390157, -0.7256662, -0.5387075, 0.92716265, -0.2705296, -0.34374717, -0.067568414, -0.96235704, 0.37385625, -0.37975013, -0.12644725, 0.07202428, -0.22807238, 0.079479225, 0.6198796, 0.67261994, -0.7816835, -0.759352, -0.69843096, -0.069744505, 0.7165801, -0.57511914, -0.17989685, -0.90053564, 0.26229084, 0.74963087, 0.7444253, -0.21453473, -0.40967393, 0.91466796, 0.31960475]","[-6.0, 3.0, 4.0, -2.0, -2.0, 3.0, -2.0, 1.0, -1.0, -3.0, -3.0, -2.0, 5.0, -1.0, 5.0, -1.0, -1.0, -2.0, -8.0, -2.0, -8.0, -1.0, -3.0, -6.0, 4.0, 9.0, -7.0, -7.0, 3.0, -8.0, -13.0, 3.0, -1.0, 4.0, 6.0, 4.0, 5.0, -7.0, -6.0, -6.0, -1.0, 4.0, -2.0, -3.0, 2.0, 4.0, 2.0, -8.0, -4.0, -1.0, 4.0, 4.0, 5.0, -2.0, 1.0, 0.0, 0.0, -2.0, 1.0, 3.0, 2.0, 5.0, -1.0, 0.0, 2.0, 4.0, -6.0, -4.0, -1.0, 4.0, 4.0, 1.0, -1.0, 5.0, -5.0, 4.0, 5.0, -4.0, -1.0, 6.0, -1.0, -7.0, 0.0, -7.0, 7.0, 10.0, -2.0, -2.0, 1.0, 5.0, 0.0, 5.0, -2.0, 9.0, -1.0, 3.0, 4.0, -4.0, -7.0, -5.0, -2.0, 0.0, 2.0, -2.0, -7.0, 6.0, 2.0, 4.0, 5.0, -4.0, -2.0, -7.0, -8.0, -2.0, 3.0, -7.0, 4.0, -6.0, 5.0, -2.0, 4.0, 4.0, 1.0, 3.0, -2.0, 2.0, -2.0, 5.0, 4.0, -2.0, 6.0, -1.0, -3.0, -6.0, -3.0, -7.0, 0.0, -9.0, 3.0, 3.0, 3.0, 4.0, -3.0, 3.0, 4.0, 5.0, -8.0, 1.0, -7.0, 3.0, -9.0, 4.0, -2.0, 0.0, -1.0, -6.0, 3.0, 3.0, 3.0, 0.0, -2.0, 4.0, 4.0, 2.0, -12.0, -2.0, -7.0, 4.0, -8.0, -4.0, 2.0, 0.0, 5.0, 4.0, 0.0, -2.0, -1.0, -3.0, -3.0, -1.0, 4.0, -1.0, -1.0, -6.0, -3.0, -3.0, 6.0, -5.0, 2.0, 10.0, -3.0, -1.0, 3.0, -5.0, -3.0, 1.0, -1.0, -9.0, -2.0, -3.0, -7.0, -1.0, -1.0, 4.0, -2.0, 5.0, 0.0, -4.0, -1.0, 0.0, 4.0, 3.0, -3.0, 5.0, 1.0, -8.0, 3.0, 5.0, -1.0, -2.0, 3.0, -6.0, -2.0, -8.0, 9.0, 6.0, 3.0, -4.0, 1.0, 5.0, -8.0, 1.0, 6.0, -1.0, 1.0, 5.0, 5.0, 3.0, -2.0, 3.0, 1.0, -1.0, -7.0, 3.0, 1.0, -1.0, 3.0, -4.0, -1.0, 7.0, -3.0, -5.0, -2.0, 0.0, -1.0, -5.0, -2.0, -4.0, -2.0, -1.0, -1.0, 4.0, -8.0, -3.0, 4.0, 0.0, -8.0, 0.0, -8.0, 4.0, 3.0, 0.0, 0.0, -7.0, 7.0, 0.0, 4.0, -1.0, -3.0, -6.0, 3.0, 0.0, -1.0, -2.0, -2.0, 13.0, 1.0, -2.0, 4.0, 3.0, -2.0, -3.0, -7.0, -1.0, -2.0, 0.0, -8.0, -2.0, -4.0, -2.0, 3.0, 4.0, 3.0, -2.0, -2.0, 1.0, -4.0, 3.0, 1.0, -1.0, 3.0, 4.0, -5.0, -2.0, -2.0, -1.0, 0.0, 0.0, 6.0, 4.0, 0.0, -8.0, -2.0, 2.0, 5.0, 0.0, -8.0, 5.0, 6.0, 3.0, 1.0, 0.0, 3.0, 9.0, -1.0, -1.0, -8.0, -3.0, 3.0, 11.0, -2.0, 4.0, -3.0, -7.0, -6.0, -1.0, -2.0, -2.0, -3.0, -1.0, -2.0, 0.0, 0.0, 4.0, 4.0, 4.0, -1.0, -7.0, 2.0, -2.0, -8.0, 0.0, 4.0, -7.0, 6.0, 0.0, 3.0, 9.0, 5.0, -8.0, -1.0, 12.0, 4.0, 8.0, 1.0, 5.0, -4.0, 3.0, 4.0, 5.0, 3.0, 5.0, -1.0, 6.0, 0.0, 3.0, 4.0, 6.0, 6.0, 4.0, -1.0, 4.0, -1.0, 10.0, 5.0, 10.0, -1.0, -3.0, 4.0, 11.0, -2.0, 5.0, 11.0, -2.0, 4.0, 0.0, -6.0, 6.0, -1.0, 5.0, -1.0, 2.0, 2.0, 0.0, -8.0, -2.0, -9.0, 4.0, 1.0, -3.0, -7.0, 2.0, 8.0, -5.0, 5.0, 4.0, -8.0, -7.0, -2.0, -1.0, 0.0, -1.0, -1.0, -2.0, -3.0, -3.0, -14.0, -7.0, -2.0, -6.0, -2.0, -7.0, 5.0, -1.0, 6.0, -2.0, 6.0, -1.0, 5.0, 5.0, -2.0, -3.0, 5.0, 4.0, 4.0, 4.0, 4.0, 0.0, 5.0, 1.0, 3.0, -1.0, -1.0, -2.0, 10.0, 0.0, -2.0, -8.0, -1.0, 6.0, 3.0, 5.0, -2.0, 4.0, -2.0, 6.0, -7.0, -2.0, -3.0, -1.0, -3.0, -1.0, -11.0, 4.0, -4.0, 0.0, 5.0, 10.0, -2.0, -1.0, -5.0, -2.0, -2.0, 3.0, -1.0, -1.0, -1.0, -7.0, -1.0, -1.0, -8.0, 5.0, -7.0, -1.0, -2.0, -4.0, 5.0, 1.0, -2.0, -2.0, 3.0, 4.0, -3.0, 3.0, 0.0, 0.0, 0.0, 4.0, 8.0, -6.0, 3.0, -2.0, -2.0, -1.0, -3.0, 4.0, 5.0, 5.0, -6.0, 0.0, -2.0, 4.0, -4.0, 0.0, -6.0, -1.0, -2.0, 3.0, 2.0, -6.0, 4.0, 5.0, 0.0, -1.0, 4.0, -2.0, -2.0, -2.0, -2.0, -1.0, 4.0, 4.0, -1.0, 1.0, -8.0, 6.0, 3.0, -1.0, -2.0, 4.0, -1.0, -6.0, -4.0, -3.0, -1.0, 0.0, 4.0, -1.0, -1.0, 5.0, -2.0, -8.0, -1.0, -1.0, -2.0, -1.0, 3.0, -2.0, -2.0, 1.0, 2.0, -2.0, 1.0, -2.0, -7.0, 3.0, 2.0, 0.0, 0.0, -2.0, -8.0, -2.0, 0.0, 4.0, 0.0, -2.0, 4.0, -4.0, 3.0, 0.0, -3.0, -6.0, -7.0, 4.0, 4.0, -1.0, 12.0, 5.0, -1.0, 5.0, -3.0, 1.0, 9.0, -1.0, -6.0, -1.0, -7.0, -1.0, 6.0, -1.0, -2.0, 3.0, 7.0, 6.0, 5.0, 3.0, -2.0, -2.0, 11.0, -4.0, 0.0, -3.0, 3.0, 0.0, -2.0, 1.0, 4.0, 0.0, 3.0, -2.0, -1.0, -2.0, -5.0, 3.0, -2.0, -1.0, 1.0, -1.0, 3.0, -3.0, -3.0, 5.0, -3.0, -2.0, 0.0, -1.0, -3.0, -5.0, 3.0, 2.0, 4.0, -2.0, -3.0, 6.0, 3.0, -6.0, -1.0, -2.0, 0.0, -1.0, 0.0, -2.0, 3.0, 3.0, 0.0, 1.0, 6.0, 1.0, -2.0, -1.0, -3.0, -1.0, 5.0, -4.0, 4.0, -2.0, -13.0, -2.0, -1.0, -1.0, -6.0, -6.0, -2.0, -1.0, -2.0, 6.0, 9.0, -2.0, 1.0, 3.0, 2.0, 6.0, 0.0, 4.0, 5.0, -2.0, 5.0, -2.0, 4.0, -16.0, -6.0, 0.0, -2.0, 1.0, -8.0, 4.0, 0.0, 2.0, -1.0, 6.0, -1.0, -3.0, -2.0, -1.0, 3.0, -1.0, -1.0, -5.0, -8.0, -1.0, 5.0, 3.0, -2.0, 2.0, 2.0, -4.0, 4.0, -2.0, -2.0, 11.0, -1.0, 6.0, 4.0, 0.0, 2.0, 4.0, 5.0, -3.0, -4.0, 4.0, 3.0, 0.0, 2.0, 9.0, -2.0, 2.0, -3.0, 5.0, -1.0, 4.0, -5.0, 4.0, -1.0, -6.0, 5.0, 1.0, 4.0, -1.0, -3.0, -1.0, -9.0, -1.0, -2.0, 4.0, -2.0, 4.0, -3.0, -2.0, -1.0, -1.0, -1.0, -2.0, 9.0, 5.0, 2.0, 3.0, 3.0, 9.0, 5.0, 4.0, -2.0, -1.0, -1.0, -12.0, 5.0, 0.0, 10.0, -2.0, 5.0, 4.0, 5.0, -2.0, -3.0, 5.0, -2.0, -6.0, -1.0, -1.0, -2.0, -6.0, -1.0, -1.0, -1.0, 10.0, 8.0, -1.0, 3.0, -3.0, -1.0, -6.0, 4.0, 11.0, 3.0, 6.0, 0.0, -7.0, 4.0, -3.0, -6.0, 5.0, -2.0, -6.0, 0.0, 5.0, -1.0, 0.0, -1.0, -8.0, -1.0, -2.0, 4.0, 5.0, -8.0, -3.0, 0.0, -13.0, 1.0, -11.0, -1.0, -6.0, 5.0, -2.0, 4.0, -7.0, -6.0, -1.0, -1.0, -3.0, 3.0, -3.0, -6.0, 0.0, 3.0, 5.0, 4.0, 8.0, 4.0, 3.0, -2.0, 0.0, 6.0, -2.0, 2.0, 0.0, 3.0, 4.0, 0.0, -3.0, 6.0, 3.0, -3.0, -1.0, 0.0, 5.0, -2.0, -1.0, -3.0, 2.0, -7.0, 3.0, -6.0, -2.0, -7.0, -2.0, -6.0, 0.0, 2.0, 6.0, -3.0, 5.0, -8.0, 5.0, -1.0, 1.0, -2.0, -5.0, -2.0, -2.0, -13.0, 1.0, 4.0, 10.0, -3.0, 4.0, 4.0, 3.0, 4.0, 0.0, 0.0, 3.0, -3.0, -2.0, -6.0, 5.0, 6.0, 4.0, 3.0, -7.0, -3.0, -2.0, 6.0, 7.0, -2.0, 3.0, -1.0, 5.0, 5.0, -6.0, -5.0, 5.0, 4.0, -8.0, -8.0, -4.0, -8.0, -2.0, 6.0, -5.0, -13.0, 9.0, 0.0, 6.0, 9.0, -2.0, 4.0, -3.0, -1.0, 2.0, -1.0, -2.0, -3.0, 6.0, 4.0, -2.0, -2.0, -5.0, 14.0, 4.0, 2.0, -3.0, 6.0, 1.0, 0.0, 4.0, -1.0, 5.0, -2.0, 6.0, 5.0, 0.0, 5.0, -2.0, 10.0, -3.0, -9.0, -2.0, 9.0, 4.0, 9.0, 2.0, -5.0, 4.0, 2.0, -9.0, 0.0, 12.0, -1.0, -3.0, -19.0, -1.0]",18.424110694261024,0.0034022331237792,0.0,0.0,0
3,3,"[0.7357728, 0.5289262, -0.98930144, 0.55563456, 0.38997066, 0.77574044, -0.047251943, -0.11228378, 0.72090214, 0.5509521, -0.52204317, 0.022113131, -0.98447627, 0.6725269, -0.9819753, -0.7422015, 0.36431658, 0.71997017, 0.12032153, 0.70815545, -0.43674916, -0.519802, -0.17842963, 0.8817948, 0.43298742, -0.09498723, -0.8624697, -0.7763936, 0.77451503, 0.14891528, 0.5495821, 0.23604272, 0.4736079, -0.856663, -0.4055331, -0.37246466, 0.103756, -0.9832133, -0.73274195, 0.46219137, -0.9767459, -0.5112682, 0.5196177, -0.20987494, 0.4756338, -0.75488216, -0.2234033, 0.2733708, 0.7094009, 0.27816278, -0.33071202, -0.21805245, -0.629162, -0.6935007, -0.5714148, -0.65413624, 0.3906998, -0.4046956, 0.9922154, -0.3265052, -0.269012, 0.570939, 0.11465844, -0.6664839, 0.09026823, 0.9682825, 0.35590428, -0.32959923, -0.533037, -0.17227328, -0.047008004, 0.9088511, 0.7975174, -0.28677857, 0.37756816, -0.08525436, 0.25108293, -0.36639035, 0.7158027, -0.48853463, -0.69207495, -0.2950318, 0.9822562, -0.32536352, -0.39871365, -0.34555733, -0.5373245, 0.07841422, 0.07895207, 0.9368948, 0.051246457, -0.78644335, 0.17735215, 0.56800115, -0.3310986, 0.46246177, -0.7347307, 0.3126812, -0.5792597, 0.81467164, 0.98771834, -0.14878918, 0.6558093, -0.06817777, 0.9897948, 0.59668756, -0.47676092, 0.3657103, 0.84871686, 0.5728423, 0.3590715, 0.72857374, 0.18754353, -0.7756084, -0.68338513, -0.91867447, -0.38154346, -0.75797415, -0.32929587, -0.55591387, 0.7603278, 0.8991795, -0.455646, 0.28773338, -0.90249, -0.013743654, 0.94494295, 0.64796096, 0.34469926, 0.3499689, -0.44174254, 0.23185669, 0.45037076, 0.70409995, 0.41409627, 0.007727573, -0.80469424, -0.56346965, 0.9495507, -0.8890978, 0.22437522, -0.90259045, 0.15989275, 0.5275675, 0.060659926, -0.33321238, -0.9639556, -0.61487496, 0.92530537, 0.27690992, -0.8988843, 0.010978661, -0.5278216, 0.89081436, -0.6161136, -0.29429418, 0.4108099, 0.5789451, 0.73150945, 0.5691634, -0.28678906, 0.19220479, -0.1366735, -0.8169247, 0.6436346, 0.29607794, 0.42628127, 0.8282892, -0.61532897, -0.2791988, -0.90245146, -0.84977293, -0.36589342, 0.5242546, -0.5604118, -0.46982238, -0.28295365, -0.98169243, 0.5313984, 0.51433694, 0.7628376, 0.25077644, 0.7867891, 0.28739294, -0.7353095, -0.38319066, -0.84009814, -0.3969379, 0.8433727, 0.9960597, -0.8850554, -0.8892095, -0.107213944, -0.9117453, -0.2290936, 0.60088545, 0.70485294, 0.9585415, 0.12034476, 0.8080835, -0.30701545, -0.85924745, 0.7485472, -0.9207489, 0.9563865, 0.1735969, 0.723256, 0.06140509, -0.3368863, 0.38819414, -0.66652405, 0.81808805, 0.47825646, -0.28291816, 0.30308133, -0.13071027, 0.21169706, 0.2745157, 0.58359164, -0.9492369, 0.039038125, -0.2349354, 0.24261399, -0.97506917, -0.35075536, 0.32969853, -0.84745735, -0.12552202, -0.38281, -0.77202845, -0.5908571, 0.24253492, -0.53554195, 0.95590854, -0.4607726, 0.0053758807, -0.7295626, 0.6552851, 0.9257163, -0.3219837, -0.6561145, -0.6668577, -0.44949833, 0.28240076, 0.4333697, 0.5822156, -0.69600576, 0.21258731, 0.17950472, -0.40792093, 0.25567245, 0.4585211, -0.9899637, -0.5688033, 0.17382325, -0.5335196, -0.8743787, 0.5941595, -0.9182312, 0.77716535, 0.64424974, 0.086701, -0.7222551, -0.8483466, -0.5674958, -0.46312904, -0.42757565, 0.27001408, 0.6182292, 0.5961755, -0.1384941, -0.2855423, -0.21230799, -0.35021338, -0.9479279, 0.31163767, 0.28119484, 0.49864882, 0.0030047526, -0.6302586, -0.26642597, 0.86140865, 0.47607788, -0.39707363, 0.6977712, 0.5974138, 0.7246925, -0.81620145, -0.9179025, -0.7173418, 0.21600877, 0.877451, -0.73489594, -0.6818562, -0.8524807, -0.58966714, 0.9817822, 0.63328743, 0.38840652, 0.40784386, 0.8419205, -0.38833672, 0.51582235, -0.3696871, 0.44500473, -0.52710384, 0.7347671, 0.7582248, 0.052528918, 0.3321306, -0.46338382, -0.017934022, -0.4194624, 0.11224008, 0.5588089, -0.68950784, 0.76534194, 0.3045805, 0.9340038, 0.45119095, 0.9126716, -0.61367756, -0.35679016, 0.44352925, 0.77090925, -0.9758553, 0.34201774, -0.11935017, -0.47145838, 0.15142433, -0.5497962, 0.21908318, -0.5631843, -0.03959378, 0.53555995, 0.9760193, -0.4874164, -0.36736774, -0.46936518, 0.38294962, -0.9634236, -0.55425215, -0.15301055, -0.70599854, 0.15282395, 0.91837066, 0.54581076, 0.3369764, -0.31063268, -0.869948, 0.17586648, -0.8225194, -0.8246195, 0.17765942, -0.9682656, 0.53362507, -0.8604732, -0.5159312, 0.087429926, -0.67694825, -0.68849, 0.31510097, 0.18140694, 0.77940786, -0.49948305, -0.9422062, -0.29069793, -0.5926715, 0.8060264, 0.28775588, -0.051794965, -0.7398233, -0.6360078, -0.970526, -0.7412426, -0.15317306, 0.6817969, -0.99474204, -0.54242325, 0.69669974, 0.7830899, 0.47269467, -0.75973964, 0.08094124, -0.530246, 0.5169848, 0.54249704, 0.81754446, -0.9762768, 0.68041176, 0.68175507, 0.5582455, -0.9182861, -0.614902, 0.44919202, -0.2330929, 0.29451492, -0.8423671, 0.6252223, 0.36509225, -0.82018036, 0.94058216, 0.034999367, -0.48161712, 0.7738974, 0.15675955, 0.2994931, 0.88155115, -0.5630793, -0.0069622216, -0.03593608, -0.96351033, 0.57677084, 0.8128709, -0.003781813, -0.17049246, -0.7277405, -0.77732027, -0.80697954, -0.13004552, -0.2912579, -0.7376482, 0.5814463, 0.13776943, -0.9502538, 0.9247587, 0.5694322, -0.3763789, -0.76897, -0.5711276, 0.15342833, 0.59340453, 0.081647016, 0.9743864, -0.6509932, -0.46541712, -0.003356047, 0.40598342, -0.4656413, 0.4275602, 0.1983668, -0.3044103, 0.36236668, 0.81426615, 0.5394683, 0.8029279, -0.30975804, 0.20635775, -0.86902255, 0.50388664, -0.6175453, -0.7096539, -0.12727593, 0.16522443, -0.44993442, -0.9052172, 0.25787428, -0.93873155, -0.43227553, 0.25867644, 0.52792823, -0.695372, 0.9157477, -0.5000094, -0.32450953, -0.23055626, 0.8600999, -0.6952003, -0.9133564, 0.7709352, -0.4544762, -0.52003765, -0.95158094, 0.29708976, 0.40101856, -0.22206016, -0.2387333, 0.42491573, -0.85369307, 0.057138495, 0.21989666, 0.56037205, -0.7227319, -0.2649034, 0.1783748, -0.9321836, 0.7805953, -0.105107084, 0.5244618, 0.22326462, 0.6668549, 0.2530948, -0.4712576, 0.11972805, 0.41042805, -0.90846294, -0.94604313, 0.67754763, -0.54837143, 0.38769656, -0.4403907, -0.80712277, 0.8170315, -0.8703868, -0.6868599, 0.41603622, 0.29738033, 0.50784874, 0.7316602, -0.53414065, 0.638681, 0.41140082, 0.6277151, 0.8171527, -0.8519753, -0.24029964, -0.5386859, 0.71359247, -0.98773533, -0.46899584, 0.49507102, -0.65069914, 0.0049308646, 0.4150154, -0.48523256, 0.77091, -0.5416302, 0.8929896, -0.117842235, -0.1614238, -0.8521757, 0.57929415, 0.55374104, -0.49803445, 0.50961655, -0.8291845, -0.8032172, 0.7400537, -0.8206577, -0.19761665, 0.68214005, 0.45937684, 0.11632442, 0.43558323, 0.0902349, -0.77013046, 0.08466427, 0.18224578, -0.7508439, 0.34315667, 0.95532763, -0.00044537144, 0.94152933, 0.75857574, -0.78945524, 0.15537445, -0.71790755, -0.13185175, 0.29698956, -0.75194424, -0.456575, -0.65466505, -0.7833506, 0.09246761, 0.4906881, -0.10315147, 0.15093489, 0.59930515, -0.7251388, 0.29756612, -0.28418767, 0.8714324, 0.569318, -0.21413869, 0.80579525, 0.7747203, -0.83176553, -0.7431458, 0.18294877, 0.6409029, -0.18765908, -0.217496, 0.06429259, -0.77143115, 0.99477494, -0.16111737, 0.8820969, -0.7499941, 0.50701874, 0.8338047, -0.2667407, 0.0037456646, 0.8018187, -0.81048894, -0.7979348, 0.17593457, 0.07904273, 0.38715947, 0.36932287, -0.1477966, 0.68133897, -0.71587116, -0.92524093, 0.99651086, 0.4870557, 0.94917434, -0.2309271, -0.82720286, -0.66847366, -0.5393028, -0.5792553, 0.19116387, 0.63948673, -0.945354, 0.8376057, 0.87740105, -0.62402886, 0.6306376, 0.13397871, 0.19432303, 0.26150024, -0.11279291, 0.19709526, -0.8815034, 0.5197304, 0.3957506, 0.89551854, 0.0019015624, -0.8203049, -0.84857565, -0.38300592, 0.31915063, 0.36241937, -0.75335324, 0.31549168, 0.6100625, 0.3338392, 0.8499729, 0.22781755, 0.36149693, 0.62228733, -0.22185539, -0.2996785, 0.01944626, -0.50436276, 0.50674677, 0.16283913, -0.7424386, 0.9988951, -0.4010988, 0.3747297, 0.27741662, 0.64240444, -0.42634058, -0.79223204, 0.7053308, 0.22355933, 0.63379854, 0.8669485, -0.54501694, 0.2340754, 0.06888961, -0.7673196, -0.4277509, 0.80613446, -0.670137, 0.7597849, 0.010000646, 0.82050884, -0.31320724, 0.9701673, -0.86409575, 0.3558999, 0.20680857, 0.1142451, 0.12690745, -0.20891054, -0.29900602, 0.12150434, -0.4991257, 0.6189476, 0.5900363, -0.53392, -0.18364993, 0.65485066, 0.16572711, 0.058951598, 0.4650916, 0.7478425, 0.94121325, 0.30105302, -0.35989413, -0.7291476, -0.25541666, -0.29774663, 0.5009571, -0.1699792, 0.85311186, 0.23514757, 0.13503243, 0.47744167, 0.60878277, 0.06456005, -0.2776566, -0.8828562, -0.6911076, 0.5920352, 0.46211037, 0.70217556, -0.6673972, 0.37916768, -0.27828813, 0.21249677, 0.61004645, -0.17795113, 0.86475664, -0.83279204, 0.09210726, -0.5928581, -0.8409474, 0.58812207, -0.0048011644, 0.32538036, -0.048518468, 0.75131917, -0.30909544, -0.95165044, -0.46902597, -0.11191919, -0.5710277, -0.5855481, -0.42449823, -0.5778133, -0.73212, 0.44011787, 0.62688595, 0.9825534, 0.30347878, 0.020621832, 0.20614716, 0.71181023, -0.21881044, 0.42794234, -0.33687267, -0.9314248, 0.413897, 0.20896976, 0.5905131, 0.26035044, -0.36659107, 0.64812374, -0.6392855, -0.56782734, 0.4610465, 0.9741264, -0.51630557, 0.4488115, 0.20733005, -0.901363, 0.3217956, -0.38347042, -0.5146837, -0.2093252, 0.4989946, 0.5683285, 0.37940276, 0.004769657, -0.51721036, -0.581126, -0.3234385, -0.3815464, 0.30218512, -0.33872312, -0.26213092, 0.9040206, -0.2489541, 0.48806137, -0.46578693, 0.015716014, -0.19518289, 0.9198147, 0.32513806, -0.79215366, -0.987339, 0.106248416, -0.10254722, 0.21625257, 0.9310142, 0.76521873, 0.114487745, 0.014310824, 0.03234686, 0.37542975, 0.7198349, 0.5787011, -0.8809155, 0.043833017, 0.6242844, 0.3062492, 0.94311506, 0.7596003, -0.7767403, 0.8828329, -0.27633366, -0.99318564, 0.1733598, 0.009575284, 0.2145516, -0.05195107, -0.7875696, 0.57357854, -0.8872593, 0.2920393, -0.94713515, 0.257183, 0.10270307, 0.20980735, 0.95429355, 0.13060936, 0.29908338, 0.6506435, 0.9930556, 0.7674416, 0.311888, 0.7824228, -0.09402456, 0.673884, 0.49485523, -0.013426359, 0.28133816, -0.57037324, -0.984364, -0.98088986, 0.97030765, -0.4558443, -0.25317344, 0.09268414, 0.41018903, -0.079463996, -0.6234521, -0.8696835, 0.6750327, 0.92790776, -0.30536622, 0.12301029, -0.059029635, -0.5884609, 0.57625115, 0.053874306, 0.3406699, 0.41052878, 0.9440244, -0.7026724, 0.06385683, 0.7946266, 0.6454084, -0.15781364, 0.7550678, 0.036344536, 0.3608669, 0.18997148, 0.9996084, -0.17605779, -0.34092373, -0.49368018, -0.55663526, -0.34839433, -0.04340778, 0.06748316, 0.27249154, -0.6464155, 0.3659566, 0.59880173, -0.49679157, -0.04995083, 0.47124428, -0.2331156, 0.9066943, -0.089875825, 0.91984034, 0.013199017, -0.2882854, 0.6673737, 0.14774135, 0.8413702, -0.90495145, 0.1218278, -0.26522562, -0.47747412, -0.044466633, 0.14635988, -0.0009806141, 0.8151944, -0.6265645, 0.18458278, 0.8793028, 0.9608282, -0.77435774, -0.90317667, -0.51575303, 0.6863512, -0.76505315, 0.49564156, -0.74703956, 0.9942016, 0.2729467, 0.5054009, 0.82594323, 0.438859, -0.5327235, -0.3909964, 0.09200054, 0.02072338, 0.4144647, -0.64584726, -0.56215626, -0.29191095, 0.6043026, 0.40803388, -0.9895526, 0.55938053, 0.7961439, -0.5012285, -0.92675585, -0.5219615, -0.24969648, -0.06614468, -0.2690879, -0.50128585, 0.9877593, 0.13154258, 0.3444865, 0.32161534, 0.27906498, 0.9180033, 0.8778754, -0.40660736, -0.017663283, 0.63689303, 0.3714974, 0.0703208, 0.07344941, -0.10163669, -0.62766886, -0.95169765, -0.54851925, -0.9458317, 0.67975014, 0.11444332, -0.24584469, -0.3929011, 0.8493935, -0.9525401, -0.39578128, -0.17543612, 0.37871435, 0.9463506, 0.1024386, 0.8396601, -0.22430454, -0.6251705, 0.72708064, -0.974361, -0.7730847, 0.57704735, 0.9332775, -0.17614448, 0.15142702, -0.62067866, 0.70361346, 0.2603571, 0.4397411, -0.7435735, -0.6700267, -0.20391215, 0.882656, -0.7397256, 0.061335232, -0.7325281, -0.09301041, -0.008223773, -0.3791887, -0.18289681, 0.46587428, 0.21190892, 0.1308384, 0.95733607, -0.7841096, -0.37202728, -0.8960994, 0.1855034, -0.26335248, 0.97417736, -0.49410063, -0.9125202, -0.6321887, 0.87583995, 0.631233, -0.7948203, 0.7543751]","[-7.0, 4.0, 4.0, -2.0, -1.0, 4.0, -1.0, 2.0, -2.0, -3.0, -2.0, -1.0, 4.0, -2.0, 4.0, -2.0, -2.0, -3.0, -7.0, -1.0, -8.0, -2.0, -2.0, -7.0, 5.0, 10.0, -7.0, -8.0, 3.0, -7.0, -14.0, 4.0, -2.0, 4.0, 5.0, 3.0, 4.0, -6.0, -7.0, -7.0, 0.0, 5.0, -1.0, -4.0, 1.0, 5.0, 3.0, -7.0, -3.0, -2.0, 5.0, 3.0, 5.0, -1.0, 1.0, 1.0, -1.0, -2.0, 0.0, 4.0, 3.0, 4.0, -2.0, 0.0, 3.0, 4.0, -7.0, -3.0, -2.0, 5.0, 5.0, 2.0, -1.0, 4.0, -6.0, 3.0, 4.0, -3.0, -1.0, 6.0, -2.0, -6.0, -1.0, -7.0, 6.0, 10.0, -1.0, -1.0, 0.0, 4.0, -1.0, 6.0, -1.0, 10.0, -2.0, 4.0, 4.0, -3.0, -6.0, -4.0, -1.0, -1.0, 1.0, -1.0, -8.0, 5.0, 1.0, 3.0, 5.0, -3.0, -2.0, -7.0, -7.0, -2.0, 4.0, -8.0, 5.0, -7.0, 5.0, -3.0, 5.0, 5.0, 0.0, 4.0, -2.0, 3.0, -1.0, 4.0, 3.0, -2.0, 5.0, -1.0, -4.0, -7.0, -2.0, -8.0, -1.0, -8.0, 3.0, 4.0, 4.0, 5.0, -2.0, 4.0, 5.0, 4.0, -8.0, 0.0, -7.0, 4.0, -10.0, 5.0, -3.0, 0.0, -2.0, -7.0, 4.0, 4.0, 4.0, -1.0, -3.0, 4.0, 5.0, 3.0, -13.0, -1.0, -7.0, 4.0, -9.0, -5.0, 3.0, -1.0, 5.0, 3.0, 1.0, -2.0, -2.0, -2.0, -3.0, 0.0, 3.0, -2.0, -2.0, -5.0, -2.0, -2.0, 5.0, -6.0, 2.0, 10.0, -3.0, -2.0, 4.0, -4.0, -2.0, 0.0, -2.0, -8.0, -2.0, -2.0, -8.0, -2.0, -2.0, 5.0, -1.0, 5.0, -1.0, -3.0, -1.0, -1.0, 5.0, 4.0, -2.0, 4.0, 1.0, -8.0, 4.0, 4.0, -2.0, -3.0, 4.0, -7.0, -3.0, -7.0, 8.0, 5.0, 4.0, -3.0, 0.0, 4.0, -7.0, 0.0, 5.0, -2.0, 0.0, 4.0, 4.0, 4.0, -1.0, 3.0, 1.0, -1.0, -6.0, 3.0, 2.0, 0.0, 4.0, -5.0, -2.0, 6.0, -2.0, -5.0, -2.0, -1.0, -2.0, -4.0, -1.0, -4.0, -2.0, -2.0, -2.0, 5.0, -7.0, -2.0, 4.0, -1.0, -7.0, 1.0, -7.0, 5.0, 4.0, -1.0, -1.0, -6.0, 6.0, -1.0, 5.0, -2.0, -4.0, -7.0, 4.0, -1.0, 0.0, -1.0, -1.0, 12.0, 0.0, -1.0, 4.0, 4.0, -1.0, -2.0, -8.0, -2.0, -2.0, -1.0, -7.0, -1.0, -3.0, -2.0, 4.0, 3.0, 4.0, -1.0, -1.0, 0.0, -3.0, 4.0, 0.0, -2.0, 3.0, 3.0, -6.0, -1.0, -2.0, 0.0, 1.0, -1.0, 5.0, 4.0, -1.0, -8.0, -1.0, 3.0, 6.0, 1.0, -7.0, 4.0, 5.0, 2.0, 0.0, 0.0, 4.0, 10.0, -2.0, -2.0, -8.0, -2.0, 4.0, 12.0, -1.0, 5.0, -4.0, -7.0, -7.0, 0.0, -1.0, -1.0, -2.0, -1.0, -3.0, -1.0, -1.0, 4.0, 5.0, 5.0, -2.0, -7.0, 3.0, -1.0, -7.0, -1.0, 4.0, -7.0, 6.0, -1.0, 4.0, 10.0, 4.0, -7.0, -1.0, 13.0, 4.0, 9.0, 0.0, 4.0, -3.0, 4.0, 5.0, 4.0, 4.0, 4.0, -2.0, 5.0, -1.0, 4.0, 3.0, 5.0, 5.0, 3.0, 0.0, 5.0, -2.0, 11.0, 5.0, 11.0, -2.0, -2.0, 5.0, 10.0, -3.0, 5.0, 10.0, -1.0, 3.0, -1.0, -7.0, 5.0, -2.0, 4.0, -2.0, 3.0, 3.0, 1.0, -8.0, -2.0, -10.0, 5.0, 0.0, -3.0, -8.0, 1.0, 8.0, -6.0, 6.0, 3.0, -7.0, -7.0, -2.0, -1.0, -1.0, -1.0, -2.0, -2.0, -2.0, -2.0, -14.0, -7.0, -1.0, -7.0, -1.0, -8.0, 4.0, -2.0, 5.0, -2.0, 5.0, -2.0, 5.0, 4.0, -1.0, -2.0, 4.0, 4.0, 5.0, 4.0, 3.0, -1.0, 4.0, 2.0, 4.0, -2.0, -2.0, -1.0, 9.0, -1.0, -1.0, -8.0, 0.0, 5.0, 2.0, 4.0, -1.0, 5.0, -1.0, 5.0, -8.0, -1.0, -2.0, -1.0, -2.0, -2.0, -10.0, 5.0, -5.0, -1.0, 5.0, 11.0, -1.0, 0.0, -5.0, -2.0, -2.0, 2.0, -2.0, -2.0, -2.0, -8.0, 0.0, -2.0, -7.0, 4.0, -7.0, -1.0, -3.0, -5.0, 4.0, 2.0, -1.0, -2.0, 4.0, 5.0, -4.0, 4.0, -1.0, -1.0, -1.0, 3.0, 9.0, -7.0, 4.0, -2.0, -3.0, -2.0, -2.0, 5.0, 4.0, 4.0, -5.0, -1.0, -1.0, 3.0, -3.0, -1.0, -7.0, 0.0, -1.0, 4.0, 3.0, -5.0, 5.0, 4.0, -1.0, -1.0, 4.0, -3.0, -1.0, -1.0, -2.0, -2.0, 5.0, 5.0, -2.0, 1.0, -7.0, 5.0, 4.0, -2.0, -1.0, 3.0, -1.0, -7.0, -5.0, -2.0, -1.0, -1.0, 5.0, -1.0, 0.0, 4.0, -3.0, -7.0, -2.0, -1.0, -1.0, -2.0, 3.0, -3.0, -2.0, 1.0, 1.0, -3.0, 0.0, -1.0, -8.0, 4.0, 3.0, 1.0, -1.0, -2.0, -7.0, -2.0, -1.0, 3.0, -1.0, -1.0, 5.0, -3.0, 4.0, 0.0, -2.0, -7.0, -7.0, 3.0, 5.0, -1.0, 11.0, 4.0, -1.0, 4.0, -2.0, 0.0, 10.0, 0.0, -7.0, -2.0, -8.0, -2.0, 7.0, -1.0, -1.0, 4.0, 6.0, 5.0, 4.0, 2.0, -1.0, -2.0, 10.0, -4.0, -1.0, -2.0, 4.0, -1.0, -1.0, 0.0, 5.0, -1.0, 2.0, -1.0, -2.0, -1.0, -6.0, 2.0, -1.0, -2.0, 1.0, -2.0, 3.0, -2.0, -2.0, 6.0, -2.0, -2.0, 1.0, -2.0, -2.0, -6.0, 4.0, 1.0, 5.0, -3.0, -3.0, 5.0, 4.0, -6.0, -2.0, -1.0, -1.0, 0.0, -1.0, -3.0, 3.0, 3.0, 1.0, 0.0, 5.0, 1.0, -1.0, -1.0, -2.0, -1.0, 5.0, -3.0, 5.0, -1.0, -12.0, -2.0, -1.0, -1.0, -5.0, -7.0, -1.0, -2.0, -3.0, 6.0, 8.0, -3.0, 0.0, 4.0, 3.0, 5.0, -1.0, 3.0, 4.0, -1.0, 4.0, -1.0, 5.0, -15.0, -7.0, -1.0, -2.0, 1.0, -7.0, 5.0, -1.0, 1.0, -2.0, 6.0, 0.0, -4.0, -1.0, -2.0, 2.0, -2.0, 0.0, -6.0, -8.0, -2.0, 4.0, 4.0, -2.0, 1.0, 1.0, -5.0, 4.0, -1.0, -3.0, 10.0, -2.0, 5.0, 3.0, -1.0, 3.0, 5.0, 4.0, -2.0, -3.0, 4.0, 4.0, -1.0, 3.0, 10.0, -1.0, 2.0, -2.0, 4.0, -2.0, 5.0, -6.0, 5.0, -1.0, -5.0, 4.0, 0.0, 5.0, 0.0, -2.0, -2.0, -8.0, -2.0, -1.0, 5.0, -1.0, 5.0, -2.0, -1.0, -2.0, -2.0, -2.0, -2.0, 10.0, 4.0, 3.0, 3.0, 4.0, 10.0, 4.0, 4.0, -2.0, 0.0, -2.0, -13.0, 4.0, -1.0, 9.0, -2.0, 4.0, 3.0, 4.0, -1.0, -2.0, 5.0, -3.0, -7.0, -2.0, -2.0, -2.0, -7.0, -1.0, -2.0, 0.0, 10.0, 9.0, -1.0, 4.0, -2.0, -2.0, -7.0, 5.0, 11.0, 4.0, 5.0, -1.0, -8.0, 4.0, -2.0, -5.0, 4.0, -1.0, -7.0, -1.0, 4.0, 0.0, -1.0, -1.0, -8.0, -2.0, -1.0, 5.0, 4.0, -9.0, -4.0, -1.0, -14.0, 2.0, -12.0, -2.0, -7.0, 6.0, -1.0, 5.0, -8.0, -7.0, -1.0, -2.0, -4.0, 3.0, -2.0, -7.0, 0.0, 4.0, 5.0, 5.0, 9.0, 5.0, 2.0, -2.0, -1.0, 7.0, -1.0, 3.0, -1.0, 4.0, 4.0, -1.0, -2.0, 5.0, 4.0, -2.0, -2.0, -1.0, 4.0, -1.0, 0.0, -4.0, 3.0, -8.0, 4.0, -5.0, -1.0, -7.0, -2.0, -7.0, -1.0, 3.0, 5.0, -2.0, 5.0, -9.0, 5.0, -2.0, 0.0, -1.0, -5.0, -1.0, -1.0, -14.0, 0.0, 5.0, 11.0, -2.0, 5.0, 5.0, 4.0, 4.0, -1.0, -1.0, 4.0, -2.0, -1.0, -5.0, 4.0, 5.0, 4.0, 2.0, -7.0, -2.0, -2.0, 5.0, 6.0, -1.0, 4.0, 0.0, 5.0, 5.0, -7.0, -6.0, 6.0, 3.0, -7.0, -7.0, -3.0, -7.0, -1.0, 5.0, -6.0, -13.0, 10.0, -1.0, 6.0, 10.0, -1.0, 3.0, -2.0, 0.0, 1.0, -2.0, -3.0, -2.0, 5.0, 5.0, -3.0, -2.0, -6.0, 15.0, 5.0, 3.0, -4.0, 5.0, 0.0, -1.0, 5.0, -2.0, 4.0, -1.0, 5.0, 4.0, -1.0, 4.0, -1.0, 11.0, -2.0, -8.0, -1.0, 8.0, 5.0, 9.0, 2.0, -6.0, 4.0, 3.0, -8.0, -1.0, 11.0, -2.0, -2.0, -20.0, -2.0]",8.191414266461646,0.0033318996429443,0.0,0.0,0
4,4,"[-0.14105903, -0.60513026, -0.13733053, -0.32593057, -0.5121539, 0.28126645, 0.9118044, -0.99433124, -0.09084457, -0.08226005, 0.71462595, 0.8663773, -0.014543244, 0.45237893, 0.765184, 0.14587258, -0.579601, 0.23129454, -0.4908973, -0.2542953, 0.05316595, 0.5676022, 0.6374596, -0.05469753, 0.14835809, 0.46832725, -0.44438407, -0.7810937, 0.8414361, -0.61759335, -0.24580726, 0.977728, 0.30287632, -0.46519402, 0.8091697, -0.38784763, 0.74783653, -0.61774856, 0.50621617, -0.88493276, -0.42985177, -0.37838796, 0.03145187, -0.5003642, -0.2913664, -0.18598507, -0.89017814, -0.9839595, 0.004252927, 0.47128147, -0.8265623, 0.44918165, -0.69817024, -0.5378478, -0.45335606, -0.68860394, 0.069053814, -0.9865879, -0.95564544, -0.51846415, 0.59727824, 0.8851979, 0.1264213, 0.6597557, -0.13749795, -0.07535555, -0.28052068, -0.27480403, -0.32201964, 0.67391694, -0.70605546, 0.15163033, -0.93972266, -0.56898904, 0.9731449, 0.20656174, 0.50736916, -0.4664507, -0.8123724, -0.09916905, -0.05861243, -0.27549902, 0.4791242, -0.7262771, -0.5663899, -0.7917963, -0.6382184, 0.6536243, -0.34841716, -0.66062, -0.3160137, -0.91853255, -0.020312937, 0.5358084, -0.71084523, 0.813645, -0.91644585, 0.32548735, 0.22396603, -0.53492016, -0.96999055, 0.12971774, -0.1295102, -0.3247748, 0.6460673, 0.051578514, 0.46651712, 0.7077313, -0.6232929, -0.32369998, 0.73292696, 0.23668607, 0.14899696, -0.78225106, -0.14123087, -0.6976004, 0.32497808, -0.71411204, 0.70140225, 0.61453694, 0.7263334, 0.9878011, -0.12527242, 0.11542449, 0.9876561, 0.9045962, -0.36758327, 0.37495476, 0.048498254, -0.9521231, 0.5623807, -0.63156354, -0.8957169, 0.8152901, -0.38261965, -0.97432387, 0.7427111, 0.93941456, -0.8301575, -0.6038391, 0.88242054, 0.16168885, -0.017476877, -0.011002363, -0.49595544, 0.884846, -0.81324, -0.30684114, 0.62635887, -0.5294358, -0.3752559, -0.6262784, 0.4672631, -0.83870494, 0.49015492, -0.7284646, 0.023917938, -0.82588965, 0.21659632, -0.053867877, 0.83856684, 0.15286356, 0.7560509, 0.041555375, -0.15692493, -0.07525574, -0.68094677, 0.84616214, -0.29733017, -0.09869958, -0.66793567, 0.74306995, 0.96682996, 0.25970337, -0.62809336, 0.7069609, -0.34892666, -0.38402966, -0.08474928, -0.88149524, 0.69213676, 0.70423716, -0.6907861, -0.7160072, -0.8991903, 0.83982384, 0.7911969, -0.87522924, 0.33462706, 0.0006176693, -0.86415744, -0.70622176, 0.47410077, -0.06986389, -0.9878544, -0.6064962, 0.14347526, 0.33551696, -0.39101884, 0.8352832, 0.71872246, 0.99888724, -0.43439823, -0.23780002, -0.5865801, -0.93610084, -0.98127985, -0.51287484, -0.021374255, 0.6573642, -0.3630548, -0.22422251, -0.23232657, -0.5417746, 0.7264045, 0.39392972, -0.65521234, 0.07601682, 0.9617883, 0.8949276, 0.37049213, 0.7362374, -0.26380232, -0.28255165, 0.0008614688, 0.88168186, -0.33702207, 0.98801845, -0.007947202, -0.8501666, 0.04912894, -0.23574696, 0.8982714, 0.38210845, 0.9695356, -0.6999785, -0.56028044, -0.016522715, -0.9628273, -0.35787207, 0.48545286, 0.5766536, 0.3960177, 0.07248521, -0.8631497, 0.6389027, -0.40474412, 0.6628801, 0.8497235, 0.7415979, -0.63875014, -0.9928651, 0.70618963, -0.25628316, -0.22616899, -0.005073307, -0.84393, -0.4333165, -0.7739116, -0.84916353, -0.0028281827, 0.4862372, 0.84004855, -0.054692045, -0.33419117, 0.8282306, -0.44014582, -0.8620281, -0.471333, 0.5341637, -0.36278763, 0.63952595, -0.6696638, -0.19130394, 0.75151503, -0.20312479, -0.25236145, -0.95391583, 0.6854622, -0.38744393, 0.5826108, 0.98868024, -0.23284133, -0.79601306, 0.020602992, -0.3175978, 0.5456181, 0.75864524, 0.33021727, 0.07084408, -0.65391773, 0.9982148, 0.92803925, 0.018929312, 0.54801875, 0.90301955, -0.59504193, -0.5955333, 0.5834773, 0.3416418, -0.07793642, 0.7542412, -0.20212626, -0.1439507, 0.9047345, -0.57141954, 0.5430981, 0.58440495, -0.1779897, 0.38958865, -0.8210951, 0.18951611, -0.48328128, 0.25862452, 0.65280867, 0.597479, -0.55021083, -0.3139352, -0.8898084, -0.19806474, -0.5954972, 0.8818095, -0.82617486, -0.17252328, -0.724451, -0.16695842, -0.35541487, 0.30327684, -0.62043947, 0.6206184, -0.18864204, -0.23986064, -0.20835999, -0.39552262, 0.83233196, 0.27018777, -0.81834465, 0.75221527, -0.46379188, 0.5431289, 0.6588632, -0.085553244, -0.1938552, -0.8043072, 0.79496527, 0.1289975, 0.21684146, -0.1291595, -0.003900645, -0.7981757, 0.9889028, 0.0067190644, -0.011048919, -0.5333434, 0.50011605, 0.21314047, -0.91162395, 0.54011405, 0.3744948, 0.01062026, 0.5916311, 0.5584703, -0.50126135, -0.5583132, -0.7347403, 0.60971045, -0.85887986, -0.7185309, -0.09329076, -0.76410276, 0.040226765, -0.42093804, -0.7395172, 0.1523506, -0.6592099, -0.8455627, -0.20627543, 0.47147375, 0.51166886, -0.8047579, 0.15617546, -0.33472162, 0.63590866, -0.3645323, -0.23613128, -0.508781, 0.30286887, -0.5962018, -0.3094133, -0.62696457, -0.4986023, 0.9784066, 0.8193792, 0.20960121, 0.74615717, -0.5766015, 0.20689431, 0.007878428, -0.5135566, 0.24185199, -0.89973575, -0.8826843, -0.38479787, 0.5592334, 0.73566455, 0.75475866, 0.535637, 0.75668234, 0.20372622, 0.30217102, 0.30068886, 0.87733895, -0.84021986, -0.8227028, -0.22947352, 0.9392073, 0.8695098, 0.98086834, 0.34817642, -0.0756284, -0.014047845, -0.64750206, 0.13447434, -0.15180254, -0.6691845, 0.58939916, 0.23312928, 0.85127056, 0.7748931, -0.60580117, -0.7324095, 0.6774378, -0.11414118, -0.90708, -0.10140472, 0.5901429, -0.27089927, 0.16856861, 0.57438564, 0.6885449, 0.19613704, 0.987817, -0.38459396, -0.5447382, -0.82500714, -0.46745884, -0.07246368, -0.07361669, -0.62923384, -0.2697228, 0.5439023, -0.51773584, 0.30055636, -0.0645748, -0.20973651, -0.5970224, -0.17383537, -0.8796463, -0.0025937057, -0.46080142, 0.9392221, -0.54198146, 0.94009715, 0.30929023, -0.2785097, -0.5591245, -0.8242122, 0.7433087, 0.11555956, 0.5426294, -0.66287506, -0.08137377, 0.44412887, 0.35959706, -0.40727863, -0.0002800512, -0.8359379, -0.90901697, 0.2414143, -0.655259, 0.49387333, 0.08865077, 0.33430803, 0.25846392, 0.004153733, -0.75407946, -0.31859502, -0.81922245, -0.80527645, 0.9347082, -0.8112048, -0.6555734, 0.3305559, 0.853505, -0.202432, 0.16763945, -0.2703976, 0.9728144, -0.82386225, -0.24697591, 0.7926421, 0.8229792, 0.3059684, -0.92250097, 0.918918, 0.14652766, 0.1409795, 0.47391516, 0.9468909, -0.08946848, -0.99626726, 0.48544052, 0.35364413, -0.98246783, 0.30978367, 0.9239929, 0.228217, -0.88167775, 0.56362927, 0.73903644, 0.033652887, -0.07788894, 0.44817847, -0.7326271, 0.49884775, -0.014181536, -0.11510213, -0.9713876, -0.9070888, 0.98475635, -0.48581564, -0.75037646, -0.85526365, -0.6969656, 0.9477807, 0.102881916, -0.00840226, 0.8598382, -0.37337267, -0.49438906, -0.47835392, 0.42268962, -0.034192152, 0.29178092, 0.19918945, 0.6912165, 0.9963701, -0.41738763, 0.8077443, -0.25760564, -0.922945, 0.95771354, 0.36247975, -0.072326936, 0.657435, 0.47791144, -0.91863865, -0.26957673, 0.31850597, -0.41432032, -0.122626595, 0.3275345, -0.2746476, -0.72133756, 0.6799662, 0.9387229, 0.39697286, -0.5233544, -0.33917546, 0.21187253, -0.6763291, 0.11945162, 0.005996048, 0.78925484, 0.25362927, 0.16503492, 0.94871545, 0.45036492, -0.5408146, -0.7509685, 0.07065147, -0.50375724, 0.08671545, -0.83651614, 0.3668034, -0.67470485, 0.8123817, 0.43605158, 0.6534236, -0.86665756, -0.28288412, -0.95111805, -0.20235997, 0.10412368, 0.0010159959, 0.6468609, -0.31919432, 0.37722027, -0.98720825, 0.018261129, -0.050851878, -0.7948533, 0.81094307, -0.23494937, -0.46940252, -0.7969844, 0.5338046, 0.8171954, 0.56566143, 0.30096626, -0.36475292, 0.5786968, 0.15253846, -0.77630854, -0.38113448, -0.57881206, 0.56142694, -0.03159077, -0.3351966, 0.95417744, -0.50559944, -0.36511973, -0.13886148, -0.4071959, 0.5057828, 0.73397136, -0.092435576, 0.44930798, -0.7156873, -0.17647749, -0.6834488, 0.016923258, -0.76503223, -0.62277615, 0.7193217, 0.021122178, 0.5309587, -0.41504258, 0.958703, 0.64865524, 0.47977754, -0.545928, 0.55763227, -0.13053958, 0.96022826, 0.12061655, -0.25110784, -0.9115004, -0.4247087, 0.7822002, -0.16250673, 0.6726783, 0.374315, 0.48441964, 0.88821125, -0.06688793, -0.8603689, 0.80064297, 0.42452428, -0.83491474, 0.1869459, -0.9966734, 0.36354607, 0.5488586, -0.25567234, 0.4756351, 0.48502973, -0.6605528, -0.14807649, 0.5447209, 0.43151426, -0.9735962, 0.7710198, -0.040992334, 0.5904673, -0.9032341, 0.097669885, -0.44439098, -0.06948338, -0.54364794, -0.3390857, -0.90261036, -0.83863986, -0.20272352, 0.060955793, 0.7191631, 0.19215931, 0.34010267, -0.81200767, 0.8188821, 0.15124686, -0.368749, 0.31204593, 0.33834663, -0.4544333, -0.8885237, -0.18186866, 0.73620164, 0.55627793, 0.19527353, -0.01626051, -0.65267915, 0.4991501, -0.59159243, 0.8519891, -0.3357475, -0.6118498, 0.4856725, -0.747998, -0.020939449, -0.26549226, 0.4393257, -0.69072866, 0.12655738, 0.5374813, 0.64279526, -0.39861575, 0.5166944, -0.09281544, -0.57548124, -0.7374974, 0.2868335, -0.4291417, -0.29466903, 0.08329092, -0.25877458, 0.93266416, 0.42674595, -0.25921318, 0.31251654, -0.8625627, 0.8609657, -0.4624788, 0.11768886, 0.14136405, -0.72926986, -0.6731469, 0.16924168, 0.6448513, 0.5274823, 0.2942632, -0.87466, 0.7226014, -0.2638624, -0.7727771, -0.05962607, -0.8752592, -0.29446712, -0.47478974, -0.8661629, 0.5432464, 0.18692005, 0.8480085, 0.8729669, -0.6240389, 0.90910727, -0.29696417, 0.14697835, -0.10812378, 0.28845555, -0.41285825, -0.7067794, -0.32123348, -0.56191623, 0.43124214, 0.85832626, 0.9657335, 0.06821591, -0.570085, 0.1567021, 0.25579336, 0.35631308, 0.9012547, -0.8608244, -0.4604491, -0.4011762, -0.905974, -0.26838845, 0.091168895, -0.3178665, 0.3168664, 0.8821896, 0.9280862, 0.07592754, 0.54824597, -0.7589585, -0.978129, -0.59101105, -0.40076298, 0.61362046, 0.32723558, 0.8099041, -0.5936173, 0.26805305, -0.90105414, 0.5238136, 0.04848053, -0.91020274, 0.61957085, 0.5424259, -0.6867555, 0.7174838, 0.35167974, 0.088363566, -0.6511396, -0.04720204, 0.77762717, -0.42347983, 0.110941775, -0.42848387, -0.30603456, -0.5311256, -0.74033207, -0.8784344, 0.500388, -0.07446279, 0.62063026, 0.15006712, -0.062375713, -0.93948865, -0.92155373, 0.98017293, -0.6905191, -0.266101, 0.93064594, 0.18009092, 0.34638327, -0.19376844, -0.24925052, -0.5128529, 0.059273656, -0.43150356, 0.40175286, -0.41482967, 0.87665457, 0.35155496, -0.17568363, 0.3752222, 0.7514795, -0.2525779, -0.31577262, 0.041632388, -0.91886646, 0.92492104, -0.7459484, -0.9208088, 0.14451467, 0.32936576, -0.21212287, -0.38127738, -0.4327388, 0.8976171, -0.9763163, 0.2901993, -0.37891904, -0.73644274, -0.9045451, 0.17713624, -0.42648578, 0.51720077, 0.0262843, 0.03437575, 0.10842652, 0.9260316, 0.28357694, 0.57721496, 0.9598307, -0.5583362, 0.3809768, -0.79704136, -0.9630235, 0.32612514, -0.15377489, -0.6533161, 0.23493864, 0.4946241, -0.97081494, -0.21498765, 0.11280549, -0.0077987746, 0.98777616, 0.6597047, 0.965833, -0.39852443, -0.02750078, -0.28755945, -0.5291678, -0.96088463, -0.9156482, 0.22485751, 0.6828048, -0.904169, 0.42445645, -0.61280024, 0.58761203, 0.9318607, 0.637776, -0.34063342, 0.21795854, -0.31220177, 0.6296124, -0.76414996, -0.43781042, -0.35096356, 0.78637797, -0.67132896, -0.32068878, 0.6048933, -0.8936864, 0.3481573, 0.31667435, 0.0947437, -0.4038391, -0.2289495, 0.64554965, -0.034156244, -0.5392532, -0.3954576, 0.2741296, -0.041386764, 0.51973134, -0.2714568, -0.501984, 0.83216536, -0.9534136, 0.88680166, -0.48191756, 0.6978721, -0.91669023, -0.042661175, -0.77284044, -0.24018306, -0.23340912, -0.27376872, -0.90674734, 0.78334075, 0.28577602, -0.9283141, 0.7323783, -0.72131795, 0.24266535, -0.9300099, -0.26063362, -0.3065613, -0.54275537, 0.31268397, -0.22609466, -0.5721308, -0.9055696, -0.8759895, -0.71841544, 0.58850944, -0.64140344, -0.9543965, 0.4047413, 0.28989395, 0.9282903, 0.41439995, 0.77041215, -0.42328227, -0.21433425, 0.015235855, -0.2776944, -0.8041853, -0.26642174, -0.41972548, 0.23791693, -0.31967017, 0.0995843, 0.6410262, -0.2422662, -0.007623964, -0.6396583, 0.46623132, 0.22078204, -0.6282819, -0.7802409, -0.30293733, -0.9327745, -0.6996201, -0.27757052, 0.19039409, 0.08537179, -0.33885998, 0.76445806, -0.8124158, 0.2710432, -0.8552724, -0.6899975, 0.6819509, 0.24650832, -0.00598842, 0.37197173, 0.9529096, 0.9755851, -0.35076463, 0.5245529, 0.2971678, -0.4327871, -0.808784]","[-7.0, 4.0, 4.0, -2.0, -1.0, 4.0, -1.0, 2.0, -2.0, -3.0, -2.0, -1.0, 4.0, -2.0, 4.0, -2.0, -2.0, -3.0, -7.0, -1.0, -8.0, -2.0, -2.0, -7.0, 5.0, 10.0, -7.0, -8.0, 3.0, -7.0, -14.0, 4.0, -2.0, 4.0, 5.0, 3.0, 4.0, -6.0, -7.0, -7.0, 0.0, 5.0, -1.0, -4.0, 1.0, 5.0, 3.0, -7.0, -3.0, -2.0, 5.0, 3.0, 5.0, -1.0, 1.0, 1.0, -1.0, -2.0, 0.0, 4.0, 3.0, 4.0, -2.0, 0.0, 3.0, 4.0, -7.0, -3.0, -2.0, 5.0, 5.0, 2.0, -1.0, 4.0, -6.0, 3.0, 4.0, -3.0, -1.0, 6.0, -2.0, -6.0, -1.0, -7.0, 6.0, 10.0, -1.0, -1.0, 0.0, 4.0, -1.0, 6.0, -1.0, 10.0, -2.0, 4.0, 4.0, -3.0, -6.0, -4.0, -1.0, -1.0, 1.0, -1.0, -8.0, 5.0, 1.0, 3.0, 5.0, -3.0, -2.0, -7.0, -7.0, -2.0, 4.0, -8.0, 5.0, -7.0, 5.0, -3.0, 5.0, 5.0, 0.0, 4.0, -2.0, 3.0, -1.0, 4.0, 3.0, -2.0, 5.0, -1.0, -4.0, -7.0, -2.0, -8.0, -1.0, -8.0, 3.0, 4.0, 4.0, 5.0, -2.0, 4.0, 5.0, 4.0, -8.0, 0.0, -7.0, 4.0, -10.0, 5.0, -3.0, 0.0, -2.0, -7.0, 4.0, 4.0, 4.0, -1.0, -3.0, 4.0, 5.0, 3.0, -13.0, -1.0, -7.0, 4.0, -9.0, -5.0, 3.0, -1.0, 5.0, 3.0, 1.0, -2.0, -2.0, -2.0, -3.0, 0.0, 3.0, -2.0, -2.0, -5.0, -2.0, -2.0, 5.0, -6.0, 2.0, 10.0, -3.0, -2.0, 4.0, -4.0, -2.0, 0.0, -2.0, -8.0, -2.0, -2.0, -8.0, -2.0, -2.0, 5.0, -1.0, 5.0, -1.0, -3.0, -1.0, -1.0, 5.0, 4.0, -2.0, 4.0, 1.0, -8.0, 4.0, 4.0, -2.0, -3.0, 4.0, -7.0, -3.0, -7.0, 8.0, 5.0, 4.0, -3.0, 0.0, 4.0, -7.0, 0.0, 5.0, -2.0, 0.0, 4.0, 4.0, 4.0, -1.0, 3.0, 1.0, -1.0, -6.0, 3.0, 2.0, 0.0, 4.0, -5.0, -2.0, 6.0, -2.0, -5.0, -2.0, -1.0, -2.0, -4.0, -1.0, -4.0, -2.0, -2.0, -2.0, 5.0, -7.0, -2.0, 4.0, -1.0, -7.0, 1.0, -7.0, 5.0, 4.0, -1.0, -1.0, -6.0, 6.0, -1.0, 5.0, -2.0, -4.0, -7.0, 4.0, -1.0, 0.0, -1.0, -1.0, 12.0, 0.0, -1.0, 4.0, 4.0, -1.0, -2.0, -8.0, -2.0, -2.0, -1.0, -7.0, -1.0, -3.0, -2.0, 4.0, 3.0, 4.0, -1.0, -1.0, 0.0, -3.0, 4.0, 0.0, -2.0, 3.0, 3.0, -6.0, -1.0, -2.0, 0.0, 1.0, -1.0, 5.0, 4.0, -1.0, -8.0, -1.0, 3.0, 6.0, 1.0, -7.0, 4.0, 5.0, 2.0, 0.0, 0.0, 4.0, 10.0, -2.0, -2.0, -8.0, -2.0, 4.0, 12.0, -1.0, 5.0, -4.0, -7.0, -7.0, 0.0, -1.0, -1.0, -2.0, -1.0, -3.0, -1.0, -1.0, 4.0, 5.0, 5.0, -2.0, -7.0, 3.0, -1.0, -7.0, -1.0, 4.0, -7.0, 6.0, -1.0, 4.0, 10.0, 4.0, -7.0, -1.0, 13.0, 4.0, 9.0, 0.0, 4.0, -3.0, 4.0, 5.0, 4.0, 4.0, 4.0, -2.0, 5.0, -1.0, 4.0, 3.0, 5.0, 5.0, 3.0, 0.0, 5.0, -2.0, 11.0, 5.0, 11.0, -2.0, -2.0, 5.0, 10.0, -3.0, 5.0, 10.0, -1.0, 3.0, -1.0, -7.0, 5.0, -2.0, 4.0, -2.0, 3.0, 3.0, 1.0, -8.0, -2.0, -10.0, 5.0, 0.0, -3.0, -8.0, 1.0, 8.0, -6.0, 6.0, 3.0, -7.0, -7.0, -2.0, -1.0, -1.0, -1.0, -2.0, -2.0, -2.0, -2.0, -14.0, -7.0, -1.0, -7.0, -1.0, -8.0, 4.0, -2.0, 5.0, -2.0, 5.0, -2.0, 5.0, 4.0, -1.0, -2.0, 4.0, 4.0, 5.0, 4.0, 3.0, -1.0, 4.0, 2.0, 4.0, -2.0, -2.0, -1.0, 9.0, -1.0, -1.0, -8.0, 0.0, 5.0, 2.0, 4.0, -1.0, 5.0, -1.0, 5.0, -8.0, -1.0, -2.0, -1.0, -2.0, -2.0, -10.0, 5.0, -5.0, -1.0, 5.0, 11.0, -1.0, 0.0, -5.0, -2.0, -2.0, 2.0, -2.0, -2.0, -2.0, -8.0, 0.0, -2.0, -7.0, 4.0, -7.0, -1.0, -3.0, -5.0, 4.0, 2.0, -1.0, -2.0, 4.0, 5.0, -4.0, 4.0, -1.0, -1.0, -1.0, 3.0, 9.0, -7.0, 4.0, -2.0, -3.0, -2.0, -2.0, 5.0, 4.0, 4.0, -5.0, -1.0, -1.0, 3.0, -3.0, -1.0, -7.0, 0.0, -1.0, 4.0, 3.0, -5.0, 5.0, 4.0, -1.0, -1.0, 4.0, -3.0, -1.0, -1.0, -2.0, -2.0, 5.0, 5.0, -2.0, 1.0, -7.0, 5.0, 4.0, -2.0, -1.0, 3.0, -1.0, -7.0, -5.0, -2.0, -1.0, -1.0, 5.0, -1.0, 0.0, 4.0, -3.0, -7.0, -2.0, -1.0, -1.0, -2.0, 3.0, -3.0, -2.0, 1.0, 1.0, -3.0, 0.0, -1.0, -8.0, 4.0, 3.0, 1.0, -1.0, -2.0, -7.0, -2.0, -1.0, 3.0, -1.0, -1.0, 5.0, -3.0, 4.0, 0.0, -2.0, -7.0, -7.0, 3.0, 5.0, -1.0, 11.0, 4.0, -1.0, 4.0, -2.0, 0.0, 10.0, 0.0, -7.0, -2.0, -8.0, -2.0, 7.0, -1.0, -1.0, 4.0, 6.0, 5.0, 4.0, 2.0, -1.0, -2.0, 10.0, -4.0, -1.0, -2.0, 4.0, -1.0, -1.0, 0.0, 5.0, -1.0, 2.0, -1.0, -2.0, -1.0, -6.0, 2.0, -1.0, -2.0, 1.0, -2.0, 3.0, -2.0, -2.0, 6.0, -2.0, -2.0, 1.0, -2.0, -2.0, -6.0, 4.0, 1.0, 5.0, -3.0, -3.0, 5.0, 4.0, -6.0, -2.0, -1.0, -1.0, 0.0, -1.0, -3.0, 3.0, 3.0, 1.0, 0.0, 5.0, 1.0, -1.0, -1.0, -2.0, -1.0, 5.0, -3.0, 5.0, -1.0, -12.0, -2.0, -1.0, -1.0, -5.0, -7.0, -1.0, -2.0, -3.0, 6.0, 8.0, -3.0, 0.0, 4.0, 3.0, 5.0, -1.0, 3.0, 4.0, -1.0, 4.0, -1.0, 5.0, -15.0, -7.0, -1.0, -2.0, 1.0, -7.0, 5.0, -1.0, 1.0, -2.0, 6.0, 0.0, -4.0, -1.0, -2.0, 2.0, -2.0, 0.0, -6.0, -8.0, -2.0, 4.0, 4.0, -2.0, 1.0, 1.0, -5.0, 4.0, -1.0, -3.0, 10.0, -2.0, 5.0, 3.0, -1.0, 3.0, 5.0, 4.0, -2.0, -3.0, 4.0, 4.0, -1.0, 3.0, 10.0, -1.0, 2.0, -2.0, 4.0, -2.0, 5.0, -6.0, 5.0, -1.0, -5.0, 4.0, 0.0, 5.0, 0.0, -2.0, -2.0, -8.0, -2.0, -1.0, 5.0, -1.0, 5.0, -2.0, -1.0, -2.0, -2.0, -2.0, -2.0, 10.0, 4.0, 3.0, 3.0, 4.0, 10.0, 4.0, 4.0, -2.0, 0.0, -2.0, -13.0, 4.0, -1.0, 9.0, -2.0, 4.0, 3.0, 4.0, -2.0, -2.0, 5.0, -3.0, -7.0, -2.0, -2.0, -2.0, -7.0, -1.0, -2.0, 0.0, 10.0, 9.0, -1.0, 4.0, -2.0, -2.0, -7.0, 5.0, 11.0, 4.0, 5.0, -1.0, -8.0, 4.0, -2.0, -5.0, 4.0, -1.0, -7.0, -1.0, 4.0, 0.0, -1.0, -1.0, -8.0, -2.0, -1.0, 5.0, 4.0, -9.0, -4.0, -1.0, -14.0, 2.0, -12.0, -2.0, -7.0, 6.0, -1.0, 5.0, -8.0, -7.0, -1.0, -2.0, -4.0, 3.0, -2.0, -7.0, 0.0, 4.0, 5.0, 5.0, 9.0, 5.0, 2.0, -2.0, -1.0, 7.0, -1.0, 3.0, -1.0, 4.0, 4.0, -1.0, -2.0, 5.0, 4.0, -2.0, -2.0, -1.0, 4.0, -1.0, 0.0, -4.0, 3.0, -8.0, 4.0, -5.0, -1.0, -7.0, -2.0, -7.0, -1.0, 3.0, 5.0, -2.0, 5.0, -9.0, 5.0, -2.0, 0.0, -1.0, -5.0, -1.0, -1.0, -14.0, 0.0, 5.0, 11.0, -2.0, 5.0, 5.0, 4.0, 4.0, -1.0, -1.0, 4.0, -2.0, -1.0, -5.0, 4.0, 5.0, 4.0, 2.0, -7.0, -2.0, -2.0, 5.0, 6.0, -1.0, 4.0, 0.0, 5.0, 5.0, -7.0, -6.0, 6.0, 3.0, -7.0, -7.0, -3.0, -7.0, -1.0, 5.0, -6.0, -13.0, 10.0, -1.0, 6.0, 10.0, -1.0, 3.0, -2.0, 0.0, 1.0, -2.0, -3.0, -2.0, 5.0, 5.0, -3.0, -2.0, -6.0, 15.0, 5.0, 3.0, -4.0, 5.0, 0.0, -1.0, 5.0, -2.0, 4.0, -1.0, 5.0, 4.0, -1.0, 4.0, -1.0, 11.0, -2.0, -8.0, -1.0, 8.0, 5.0, 9.0, 2.0, -6.0, 4.0, 3.0, -8.0, -1.0, 11.0, -2.0, -2.0, -20.0, -2.0]",8.192839107609505,0.0036468505859375,0.0,0.0,0
5,5,"[0.6478662, -0.39606825, 0.81603336, -0.16074215, 0.425888, -0.58042157, -0.94307786, 0.5834887, -0.88879997, -0.3847584, -0.89416385, 0.9776937, 0.5511964, 0.79098463, 0.8793126, -0.69098985, 0.5536254, 0.9908217, -0.25061494, -0.48760194, -0.8626943, -0.47397932, -0.4791564, -0.14728975, -0.23003268, 0.13508326, 0.8728988, -0.24559504, 0.8910298, 0.8980812, 0.67706114, 0.35016915, 0.98681164, -0.6974301, 0.021092474, 0.33866975, 0.9701391, -0.5985673, 0.71033514, -0.49950054, -0.44851968, -0.74880457, -0.25210878, -0.5781845, 0.3040589, -0.23075287, 0.09297182, 0.8987963, 0.0034308385, -0.93934995, 0.4267036, -0.3898276, -0.14007021, 0.4261263, -0.027029341, -0.9270303, -0.21655734, 0.38126618, 0.97927976, 0.112280995, 0.8461816, -0.47101742, -0.21217915, -0.24570173, -0.01463243, -0.9696715, 0.9382544, 0.51888573, -0.79142416, 0.2527267, -0.39742783, -0.7376631, -0.67848176, -0.46478242, 0.28452057, 0.16269465, 0.9921824, -0.55813175, -0.30923396, -0.25111616, -0.77723455, -0.36602306, 0.245006, 0.17578055, -0.76656234, -0.9498103, 0.30757618, 0.20084704, -0.48392475, -0.891597, 0.71702605, -0.56535006, -0.11688075, -0.12962484, 0.48171905, -0.19053912, -0.7295639, 0.9702809, 0.06447697, -0.48680133, -0.32398942, 0.29856613, 0.4617971, -0.39326698, -0.5088852, 0.55381584, -0.7989975, 0.08524817, 0.84820694, 0.668329, 0.3580464, 0.76534295, -0.6834413, -0.24405098, 0.74758065, -0.3892492, 0.7931523, 0.61515254, 0.32619825, -0.78418636, -0.07845978, -0.06630549, -0.49436304, 0.16380233, -0.35829958, -0.75952405, 0.15133601, -0.31689134, 0.3291612, -0.33024004, -0.6240069, -0.982412, 0.65330285, -0.46354446, -0.43973476, -0.62437016, 0.29784262, 0.45716074, 0.9285181, 0.24950515, -0.55333215, -0.93877816, 0.6759917, 0.97594273, 0.51426655, -0.8617614, -0.3007284, 0.46643734, 0.5358311, -0.13283142, 0.8564326, 0.24204051, 0.33389455, 0.037145197, -0.6434457, -0.79493546, 0.036015995, -0.4815946, -0.85183537, -0.7220931, -0.50356644, -0.48670024, -0.5330022, -0.5775911, -0.5835147, 0.48897567, 0.25409505, -0.11107515, -0.7480383, -0.2262749, 0.17498396, 0.44997254, 0.25906548, 0.3876154, -0.08564118, 0.22739582, 0.7739262, 0.33337903, -0.71234155, 0.88010234, 0.9830035, 0.79624397, -0.05713216, -0.87832767, 0.96239084, -0.40005645, 0.9674346, -0.3629178, 0.039149724, 0.8354906, 0.42248994, 0.5425762, 0.7809878, 0.5402002, -0.81486195, 0.122131325, -0.74597377, 0.53718513, -0.7130416, 0.3025579, 0.67206496, 0.5927369, -0.035513893, -0.39228633, 0.29004747, -0.98840994, -0.056642197, 0.42166704, -0.8408584, -0.9993282, 0.23519957, -0.23089437, 0.8619295, 0.7513059, 0.044687144, -0.92112035, -0.75123674, 0.37298003, 0.96231425, 0.75189614, 0.74665684, 0.22386481, -0.34182486, -0.653005, 0.4999778, -0.30946743, 0.9491537, 0.68318856, -0.12225236, -0.40406474, 0.79929936, 0.7704449, 0.24206026, -0.27179793, -0.33910307, 0.41937047, -0.46579108, 0.414646, -0.5451021, -0.6743397, -0.025250506, -0.6235849, -0.46660745, -0.01473463, 0.349508, 0.43000755, 0.20774463, -0.03137528, 0.07355809, 0.15580381, -0.5037052, 0.13049829, -0.45657894, 0.6793373, 0.2032976, -0.6150686, -0.1583996, 0.115716286, 0.36776683, 0.62650335, -0.72147375, 0.78074557, 0.73401517, -0.5399906, 0.27688763, 0.6868301, 0.17090906, -0.76726514, -0.9812325, -0.9859634, -0.45700973, 0.5024632, -0.75383395, -0.22997828, -0.76119864, -0.7319201, 0.99221057, -0.10641887, -0.9754325, -0.4317177, -0.987519, -0.26222333, 0.87919575, 0.63634, 0.4401129, 0.8237404, 0.3257956, -0.31804883, -0.21779671, -0.66892225, 0.87360704, 0.27775717, 0.9333979, -0.6030666, -0.56194556, -0.5701965, 0.013897137, -0.96774083, -0.1872651, 0.8027318, 0.99981624, 0.2602654, 0.97880656, 0.1399813, 0.7668277, -0.57181424, 0.57948285, -0.98167074, -0.62856686, -0.7858647, -0.7409894, -0.42471835, 0.26919347, 0.30415216, 0.045205437, -0.34100553, 0.10314077, 0.19640253, -0.03266573, -0.20421433, 0.30924678, 0.6164438, 0.7591427, -0.5722369, -0.40519127, 0.31110883, -0.7414007, 0.247323, 0.8003866, 0.907053, -0.93608284, 0.20871878, -0.9068852, -0.082405396, -0.28303793, 0.6050754, -0.9673844, 0.8478317, 0.2757418, 0.86452526, -0.29080868, 0.062314294, -0.8803574, 0.7203473, 0.7133754, 0.14823481, 0.7192427, -0.34380874, 0.18168311, -0.86594594, -0.71691316, 0.07417402, 0.66326433, -0.12863566, -0.23284918, -0.8301397, -0.7420463, -0.23491602, 0.8043349, -0.74201304, -0.9194994, 0.35703522, -0.89575815, 0.8739528, 0.93773204, 0.7567092, -0.14603053, 0.40325254, 0.026831865, 0.2409222, 0.74360394, -0.42773202, 0.7701362, 0.8215852, 0.045266464, 0.29662934, -0.12126315, 0.2063692, 0.35828725, -0.66762847, -0.92424417, -0.22246154, 0.509168, -0.2659286, -0.5280578, 0.11054877, -0.9183481, 0.14702168, -0.25028792, 0.53755003, 0.39379036, 0.9955165, 0.47573835, -0.941889, 0.6539748, 0.5865897, -0.9935283, -0.72462165, -0.25392073, -0.02102659, 0.28104216, 0.42563093, 0.78394353, 0.8070745, -0.007777861, -0.55388075, 0.5060958, 0.66475725, 0.6396591, 0.8237789, 0.9760927, 0.98170906, -0.38427436, -0.525834, -0.7386336, 0.35914388, 0.07298593, -0.288467, -0.95691425, -0.31181082, 0.85004807, 0.6683059, -0.77959603, 0.47768286, 0.7028233, 0.5669969, 0.51862633, 0.92342305, 0.1529938, 0.0027200659, -0.6285686, -0.5384839, 0.66291344, -0.3703055, -0.06317174, 0.5211185, -0.94378656, 0.105080426, -0.8868396, -0.9634496, 0.16381691, 0.20485735, 0.5465977, -0.43076947, -0.42655286, 0.62000555, -0.14110953, 0.52273774, -0.14080633, -0.55919755, 0.6906055, -0.2571824, -0.8544664, 0.63043076, -0.43074638, 0.14098357, 0.76398826, 0.4780109, 0.03334438, 0.8000207, 0.49803132, 0.6130782, 0.24920055, 0.002007458, 0.199083, 0.2831884, 0.13635537, -0.9588915, 0.9858902, 0.091023214, -0.099055015, -0.24698636, -0.95529217, -0.55229354, 0.98047876, 0.9729909, -0.38613802, 0.8402398, -0.023906237, 0.08405464, 0.28720072, -0.24039517, 0.46485037, -0.43527684, -0.9936214, -0.6354321, -0.9447281, 0.5770764, -0.7099997, -0.67463744, 0.70430964, -0.33151716, -0.09367259, -0.21907164, -0.70031375, -0.19164722, -0.4582298, -0.5629734, -0.386987, 0.53215504, -0.5083592, 0.34770587, -0.4541992, 0.13165288, -0.1953533, -0.42774364, 0.5393493, 0.18354294, -0.28727767, -0.013056334, -0.31815225, -0.19606432, -0.533152, 0.70643586, -0.0074483217, -0.33646435, -0.16702217, 0.0010892596, -0.3944744, -0.7142514, -0.08038473, 0.7039077, 0.6678308, 0.52629834, 0.086268276, 0.9925742, 0.4631683, 0.95615685, 0.7509897, -0.32306388, 0.037959144, -0.77527803, -0.20275627, -0.21807759, 0.9827572, -0.12744914, -0.5941498, -0.5950678, 0.32315108, 0.43203285, 0.4780464, -0.35958233, 0.29284656, 0.11055043, 0.9011535, -0.88723755, 0.45717168, -0.062850215, 0.29335147, -0.6280676, 0.43777514, 0.4742208, -0.17678556, -0.5747351, -0.20004283, 0.50936854, 0.64254516, 0.39231578, 0.41052336, -0.39972425, 0.24872036, -0.1431527, 0.43264636, 0.91422755, 0.54569876, -0.78034186, 0.64932346, -0.64504486, 0.15045615, 0.7641787, 0.12320247, 0.75279796, 0.039566852, 0.71052456, 0.6906029, 0.9375226, -0.44119796, 0.36182132, -0.20600227, 0.23933339, 0.34768552, -0.18682341, 0.982367, -0.9041608, -0.14120224, -0.12807287, -0.16054043, -0.53966975, -0.75693285, -0.6571465, 0.5531199, 0.3764606, 0.5650551, 0.33193627, -0.26112828, -0.63948894, 0.030555438, 0.28183421, 0.6361097, 0.20592764, -0.7859661, -0.45691502, -0.25702012, 0.26663062, 0.6673671, 0.66464406, -0.41120842, -0.5255635, 0.8481874, 0.9171687, -0.9917335, 0.6751131, -0.4155094, -0.94303036, 0.50682765, -0.09621967, -0.7688332, -0.4149183, 0.096147984, 0.88790727, 0.51696545, 0.15789258, -0.82060504, -0.41002455, 0.37423715, 0.46195543, -0.267741, -0.46865648, 0.47712675, 0.7158765, 0.5180308, 0.12972729, -0.11576165, -0.5257247, -0.1662863, -0.9409998, -0.6518856, 0.4698812, 0.19611521, 0.5569372, 0.07132106, 0.07258264, 0.41137505, 0.9704016, -0.32189536, 0.7409345, -0.81238717, 0.83276755, 0.45113686, -0.17268547, 0.092603765, -0.20159206, -0.89698035, 0.91619694, 0.6210157, 0.07197303, -0.42494547, 0.34294116, 0.5439364, -0.07877114, 0.29528737, -0.24961874, 0.5752955, -0.8923064, -0.4788463, -0.061953723, 0.92150956, 0.8574065, 0.77113, 0.9424519, 0.574663, 0.7535782, -0.6466072, 0.9896515, -0.46563992, 0.38455084, -0.3077176, -0.8483357, -0.654307, -0.56744003, 0.57488906, -0.8184019, 0.14094967, 0.2250263, 0.57071954, -0.42262787, 0.9370572, 0.9225652, -0.17622991, -0.32584321, 0.65182966, 0.0609274, 0.81498796, -0.5792493, -0.11167798, 0.90407676, -0.49623042, -0.28618678, 0.9355697, -0.29244184, 0.5011695, -0.7858364, -0.9599896, 0.047023762, 0.6897112, -0.2679532, -0.65011406, 0.5266787, 0.7782043, -0.8927112, 0.6861552, -0.989732, 0.54681724, -0.1658699, 0.9856376, -0.42391524, 0.05405641, 0.46479517, 0.012107846, -0.8450173, 0.08450448, 0.0038469553, 0.8213877, -0.8653465, 0.21558493, 0.8122822, -0.86250013, -0.18297164, 0.4641342, -0.7958058, -0.035012882, -0.22806089, -0.06507708, -0.8186328, -0.9829453, -0.5337967, -0.3594192, -0.92617947, 0.22731428, 0.8219072, 0.35679397, 0.32599622, 0.2685822, 0.79655373, -0.011357616, 0.036966395, 0.1424571, -0.22668706, 0.07792014, 0.8033404, 0.8438013, 0.2787246, -0.9883118, -0.55712616, 0.67662424, 0.0993706, 0.43841884, 0.79674155, 0.09663237, -0.626879, 0.8133129, -0.48628327, -0.6352968, -0.57098544, 0.90520954, 0.23334137, -0.7266758, 0.9568977, -0.7997177, 0.20250987, 0.0020779476, 0.8805987, -0.43911996, 0.22263972, -0.015525098, 0.44936436, -0.22542837, -0.80979896, 0.97025186, -0.1390519, 0.9518507, 0.78528947, 0.42582655, 0.01583521, 0.34493536, -0.77208656, 0.70346624, -0.8390201, 0.32083565, -0.06881654, -0.869422, 0.032621175, 0.5454696, -0.617398, 0.08275362, -0.39156926, -0.7214059, 0.110883996, 0.16967596, -0.69880736, 0.07835024, 0.1730042, 0.045386735, -0.54063106, -0.5338641, -0.15527005, -0.4953188, -0.96177727, 0.6798751, -0.6955066, 0.08811926, 0.9135987, 0.17652726, -0.078568496, 0.46135432, -0.04749972, -0.8490505, -0.056978166, 0.43101257, -0.81842893, 0.80675924, -0.64991677, -0.11998154, 0.4033415, -0.51457393, 0.65781486, -0.645924, -0.90759534, 0.14262608, -0.66654843, 0.98172444, 0.79426515, -0.9174991, -0.68940574, -0.4985197, -0.36350417, 0.5918112, -0.08465839, 0.33398178, 0.2351378, -0.4444983, 0.51316524, -0.074645706, -0.62733203, -0.047376797, -0.7354674, 0.82135665, -0.07339475, 0.24421218, -0.2963252, -0.6176705, 0.91626114, -0.61163324, -0.20164856, 0.76426286, -0.9901213, 0.42549887, -0.49998546, 0.35512853, 0.30006796, -0.6243882, 0.33222342, 0.3061972, 0.20483586, -0.8027898, -0.5295051, -0.8313415, 0.9231872, 0.08479243, -0.07812159, 0.6335039, 0.48992378, -0.5519405, 0.36281246, -0.42695516, 0.19020776, 0.5475673, 0.57377166, 0.696999, -0.99569374, -0.6633787, 0.82263976, 0.36596388, -0.5552662, -0.4811221, -0.8128634, -0.59987205, 0.0676333, -0.36424583, -0.5794551, -0.850596, -0.47296715, 0.21458304, -0.3282845, -0.59062964, -0.96027875, -0.4948536, -0.8734243, 0.8067938, -0.55717194, 0.12728427, -0.018776277, -0.67638165, 0.021720551, -0.29510564, -0.42338648, 0.83614945, 0.47007817, 0.504353, -0.8314232, 0.62563133, 0.37630606, 0.6176996, -0.23698254, 0.83550096, 0.0035716458, -0.3914725, -0.11746876, 0.871195, 0.574822, -0.41201812, -0.64453214, 0.77075833, 0.20472097, -0.13045688, 0.71392334, 0.43483904, -0.19539993, -0.66735625, 0.2947303, 0.44025308, -0.6400967, 0.7807589, 0.43111268, 0.16535293, 0.5238532, -0.16014926, -0.89730597, 0.54561394, -0.4807335, -0.46408346, -0.26402116, 0.20736286, -0.45820034, 0.60528785, -0.60874295, 0.26110038, -0.14362006, 0.918413, 0.31345525, 0.95044684, -0.5410109, -0.6071654, -0.09586267, -0.668445, -0.13053647, 0.47322986, 0.5437958, 0.060770538, 0.47033763, -0.29715756, 0.72288615, -0.24570781, -0.51947916, -0.2522107, -0.008848745, -0.019844227, -0.4087533, 0.6980336, 0.064170666, 0.1560561, 0.41394722, 0.7897912, 0.4014362, -0.39424828, 0.040425688, 0.77254444, -0.57711864, -0.7133826, 0.9213001, 0.28567496, -0.3562733, -0.04574083, -0.3355226, -0.45470932, -0.714442, 0.9289139, 0.8833318, -0.43880934, -0.93293816, -0.53674734, 0.07662923, 0.87174517, 0.9257322, -0.72357476, -0.311913, 0.16710328, -0.46667778, 0.402696, 0.80073065]","[-7.0, 4.0, 4.0, -2.0, -1.0, 4.0, -1.0, 2.0, -2.0, -3.0, -2.0, -1.0, 4.0, -2.0, 4.0, -2.0, -2.0, -3.0, -7.0, -1.0, -8.0, -2.0, -2.0, -7.0, 5.0, 10.0, -7.0, -8.0, 3.0, -7.0, -14.0, 4.0, -2.0, 4.0, 5.0, 3.0, 4.0, -6.0, -7.0, -7.0, 0.0, 5.0, -1.0, -4.0, 1.0, 5.0, 3.0, -7.0, -3.0, -2.0, 5.0, 3.0, 5.0, -1.0, 1.0, 1.0, -1.0, -2.0, 0.0, 4.0, 3.0, 4.0, -2.0, 0.0, 3.0, 4.0, -7.0, -3.0, -2.0, 5.0, 5.0, 2.0, -1.0, 4.0, -6.0, 3.0, 4.0, -3.0, -1.0, 6.0, -2.0, -6.0, -1.0, -7.0, 6.0, 10.0, -1.0, -1.0, 0.0, 4.0, -1.0, 6.0, -1.0, 10.0, -2.0, 4.0, 4.0, -3.0, -6.0, -4.0, -1.0, -1.0, 1.0, -1.0, -8.0, 5.0, 1.0, 3.0, 5.0, -3.0, -2.0, -7.0, -7.0, -2.0, 4.0, -8.0, 5.0, -7.0, 5.0, -3.0, 5.0, 5.0, 0.0, 4.0, -2.0, 3.0, -1.0, 4.0, 3.0, -2.0, 5.0, -1.0, -4.0, -7.0, -2.0, -8.0, -1.0, -8.0, 3.0, 4.0, 4.0, 5.0, -2.0, 4.0, 5.0, 4.0, -8.0, 0.0, -7.0, 4.0, -10.0, 5.0, -3.0, 0.0, -2.0, -7.0, 4.0, 4.0, 4.0, -1.0, -3.0, 4.0, 5.0, 3.0, -13.0, -1.0, -7.0, 4.0, -9.0, -5.0, 3.0, -1.0, 5.0, 3.0, 1.0, -2.0, -2.0, -2.0, -3.0, 0.0, 3.0, -2.0, -2.0, -5.0, -2.0, -2.0, 5.0, -6.0, 2.0, 10.0, -3.0, -2.0, 4.0, -4.0, -2.0, 0.0, -2.0, -8.0, -2.0, -2.0, -8.0, -2.0, -2.0, 5.0, -1.0, 5.0, -1.0, -3.0, -1.0, -1.0, 5.0, 4.0, -2.0, 4.0, 1.0, -8.0, 4.0, 4.0, -2.0, -3.0, 4.0, -7.0, -3.0, -7.0, 8.0, 5.0, 4.0, -3.0, 0.0, 4.0, -7.0, 0.0, 5.0, -2.0, 0.0, 4.0, 4.0, 4.0, -1.0, 3.0, 1.0, -1.0, -6.0, 3.0, 2.0, 0.0, 4.0, -5.0, -2.0, 6.0, -2.0, -5.0, -2.0, -1.0, -2.0, -4.0, -1.0, -4.0, -2.0, -2.0, -2.0, 5.0, -7.0, -2.0, 4.0, -1.0, -7.0, 1.0, -7.0, 5.0, 4.0, -1.0, -1.0, -6.0, 6.0, -1.0, 5.0, -2.0, -4.0, -7.0, 4.0, -1.0, 0.0, -1.0, -1.0, 12.0, 0.0, -1.0, 4.0, 4.0, -1.0, -2.0, -8.0, -2.0, -2.0, -1.0, -7.0, -1.0, -3.0, -2.0, 4.0, 3.0, 4.0, -1.0, -1.0, 0.0, -3.0, 4.0, 0.0, -2.0, 3.0, 3.0, -6.0, -1.0, -2.0, 0.0, 1.0, -1.0, 5.0, 4.0, -1.0, -8.0, -1.0, 3.0, 6.0, 1.0, -7.0, 4.0, 5.0, 2.0, 0.0, 0.0, 4.0, 10.0, -2.0, -2.0, -8.0, -2.0, 4.0, 12.0, -1.0, 5.0, -4.0, -7.0, -7.0, 0.0, -1.0, -1.0, -2.0, -1.0, -3.0, -1.0, -1.0, 4.0, 5.0, 5.0, -2.0, -7.0, 3.0, -1.0, -7.0, -1.0, 4.0, -7.0, 6.0, -1.0, 4.0, 10.0, 4.0, -7.0, -1.0, 13.0, 4.0, 9.0, 0.0, 4.0, -3.0, 4.0, 5.0, 4.0, 4.0, 4.0, -2.0, 5.0, -1.0, 4.0, 3.0, 5.0, 5.0, 3.0, 0.0, 5.0, -2.0, 11.0, 5.0, 11.0, -2.0, -2.0, 5.0, 10.0, -3.0, 5.0, 10.0, -1.0, 3.0, -1.0, -7.0, 5.0, -2.0, 4.0, -2.0, 3.0, 3.0, 1.0, -8.0, -2.0, -10.0, 5.0, 0.0, -3.0, -8.0, 1.0, 8.0, -6.0, 6.0, 3.0, -7.0, -7.0, -2.0, -1.0, -1.0, -1.0, -2.0, -2.0, -2.0, -2.0, -14.0, -7.0, -1.0, -7.0, -1.0, -8.0, 4.0, -2.0, 5.0, -2.0, 5.0, -2.0, 5.0, 4.0, -1.0, -2.0, 4.0, 4.0, 5.0, 4.0, 3.0, -1.0, 4.0, 2.0, 4.0, -2.0, -2.0, -1.0, 9.0, -1.0, -1.0, -8.0, 0.0, 5.0, 2.0, 4.0, -1.0, 5.0, -1.0, 5.0, -8.0, -1.0, -2.0, -1.0, -2.0, -2.0, -10.0, 5.0, -5.0, -1.0, 5.0, 11.0, -1.0, 0.0, -5.0, -2.0, -2.0, 2.0, -2.0, -2.0, -2.0, -8.0, 0.0, -2.0, -7.0, 4.0, -7.0, -1.0, -3.0, -5.0, 4.0, 2.0, -1.0, -2.0, 4.0, 5.0, -4.0, 4.0, -1.0, -1.0, -1.0, 3.0, 9.0, -7.0, 4.0, -2.0, -3.0, -2.0, -2.0, 5.0, 4.0, 4.0, -5.0, -1.0, -1.0, 3.0, -3.0, -1.0, -7.0, 0.0, -1.0, 4.0, 3.0, -5.0, 5.0, 4.0, -1.0, -1.0, 4.0, -3.0, -1.0, -1.0, -2.0, -2.0, 5.0, 5.0, -2.0, 1.0, -7.0, 5.0, 4.0, -2.0, -1.0, 3.0, -1.0, -7.0, -5.0, -2.0, -1.0, -1.0, 5.0, -1.0, 0.0, 4.0, -3.0, -7.0, -2.0, -1.0, -1.0, -2.0, 3.0, -3.0, -2.0, 1.0, 1.0, -3.0, 0.0, -1.0, -8.0, 4.0, 3.0, 1.0, -1.0, -2.0, -7.0, -2.0, -1.0, 3.0, -1.0, -1.0, 5.0, -3.0, 4.0, 0.0, -2.0, -7.0, -7.0, 3.0, 5.0, -1.0, 11.0, 4.0, -1.0, 4.0, -2.0, 0.0, 10.0, 0.0, -7.0, -2.0, -8.0, -2.0, 7.0, -1.0, -1.0, 4.0, 6.0, 5.0, 4.0, 2.0, -1.0, -2.0, 10.0, -4.0, -1.0, -2.0, 4.0, -1.0, -1.0, 0.0, 5.0, -1.0, 2.0, -1.0, -2.0, -1.0, -6.0, 2.0, -1.0, -2.0, 1.0, -2.0, 3.0, -2.0, -2.0, 6.0, -2.0, -2.0, 1.0, -2.0, -2.0, -6.0, 4.0, 1.0, 5.0, -3.0, -3.0, 5.0, 4.0, -6.0, -2.0, -1.0, -1.0, 0.0, -1.0, -3.0, 3.0, 3.0, 1.0, 0.0, 5.0, 1.0, -1.0, -1.0, -2.0, -1.0, 5.0, -3.0, 5.0, -1.0, -12.0, -2.0, -1.0, -1.0, -5.0, -7.0, -1.0, -2.0, -3.0, 6.0, 8.0, -3.0, 0.0, 4.0, 3.0, 5.0, -1.0, 3.0, 4.0, -1.0, 4.0, -1.0, 5.0, -15.0, -7.0, -1.0, -2.0, 1.0, -7.0, 5.0, -1.0, 1.0, -2.0, 6.0, 0.0, -4.0, -1.0, -2.0, 2.0, -2.0, 0.0, -6.0, -8.0, -2.0, 4.0, 4.0, -2.0, 1.0, 1.0, -5.0, 4.0, -1.0, -3.0, 10.0, -2.0, 5.0, 3.0, -1.0, 3.0, 5.0, 4.0, -2.0, -3.0, 4.0, 4.0, -1.0, 3.0, 10.0, -1.0, 2.0, -2.0, 4.0, -2.0, 5.0, -6.0, 5.0, -1.0, -5.0, 4.0, 0.0, 5.0, 0.0, -2.0, -2.0, -8.0, -2.0, -1.0, 5.0, -1.0, 5.0, -2.0, -1.0, -2.0, -2.0, -2.0, -2.0, 10.0, 4.0, 3.0, 3.0, 4.0, 10.0, 4.0, 4.0, -2.0, 0.0, -2.0, -13.0, 4.0, -1.0, 9.0, -2.0, 4.0, 3.0, 4.0, -2.0, -2.0, 5.0, -3.0, -7.0, -2.0, -2.0, -2.0, -7.0, -1.0, -2.0, 0.0, 10.0, 9.0, -1.0, 4.0, -2.0, -2.0, -7.0, 5.0, 11.0, 4.0, 5.0, -1.0, -8.0, 4.0, -2.0, -5.0, 4.0, -1.0, -7.0, -1.0, 4.0, 0.0, -1.0, -1.0, -8.0, -2.0, -1.0, 5.0, 4.0, -9.0, -4.0, -1.0, -14.0, 2.0, -12.0, -2.0, -7.0, 6.0, -1.0, 5.0, -8.0, -7.0, -1.0, -2.0, -4.0, 3.0, -2.0, -7.0, 0.0, 4.0, 5.0, 5.0, 9.0, 5.0, 2.0, -2.0, -1.0, 7.0, -1.0, 3.0, -1.0, 4.0, 4.0, -1.0, -2.0, 5.0, 4.0, -2.0, -2.0, -1.0, 4.0, -1.0, 0.0, -4.0, 3.0, -8.0, 4.0, -5.0, -1.0, -7.0, -2.0, -7.0, -1.0, 3.0, 5.0, -2.0, 5.0, -9.0, 5.0, -2.0, 0.0, -1.0, -5.0, -1.0, -1.0, -14.0, 0.0, 5.0, 11.0, -2.0, 5.0, 5.0, 4.0, 4.0, -1.0, -1.0, 4.0, -2.0, -1.0, -5.0, 4.0, 5.0, 4.0, 2.0, -7.0, -2.0, -2.0, 5.0, 6.0, -1.0, 4.0, 0.0, 5.0, 5.0, -7.0, -6.0, 6.0, 3.0, -7.0, -7.0, -3.0, -7.0, -1.0, 5.0, -6.0, -13.0, 10.0, -1.0, 6.0, 10.0, -1.0, 3.0, -2.0, 0.0, 1.0, -2.0, -3.0, -2.0, 5.0, 5.0, -3.0, -2.0, -6.0, 15.0, 5.0, 3.0, -4.0, 5.0, 0.0, -1.0, 5.0, -2.0, 4.0, -1.0, 5.0, 4.0, -1.0, 4.0, -1.0, 11.0, -2.0, -8.0, -1.0, 8.0, 5.0, 9.0, 2.0, -6.0, 4.0, 3.0, -8.0, -1.0, 11.0, -2.0, -2.0, -20.0, -2.0]",8.192839107609505,0.0032458305358886,0.0,0.0,0
6,6,"[0.6320509, 0.8831436, -0.23488005, 0.12244471, 0.61118025, 0.7051948, -0.74108416, 0.7058215, 0.70870763, -0.37634626, 0.051568486, -0.013629476, 0.010985789, 0.415264, 0.40127486, 0.5046488, -0.42188933, 0.5104714, 0.71669513, -0.50150144, -0.71847755, 0.037877575, -0.4868412, -0.7403094, -0.42353454, -0.3470946, -0.96746737, 0.9450352, -0.5784188, -0.7450193, -0.09770756, -0.025689064, -0.9521126, -0.8249279, -0.52055526, 0.70006, 0.23492604, 0.7400336, 0.4166779, -0.6340246, 0.78312105, 0.97552407, -0.88853276, -0.6233986, 0.56708074, 0.6615846, -0.06858485, 0.23811534, 0.6147538, -0.26309848, 0.16215336, 0.4830797, -0.86930156, 0.6317257, -0.26392007, 0.32736987, -0.97207457, 0.4274086, -0.95763534, 0.015369261, 0.9275168, -0.5914059, 0.59590816, 0.7970397, 0.29756916, -0.47371963, 0.7195184, -0.9200108, 0.70366335, 0.6999789, -0.24098311, -0.805563, 0.29361582, 0.69207335, 0.39169535, 0.93765634, 0.20977308, 0.98608583, -0.6408459, -0.32763204, -0.16144562, -0.7529096, 0.84258026, 0.91676575, 0.5599746, 0.4421208, -0.028518284, -0.3012846, -0.312862, -0.6686833, -0.6524991, -0.58902097, 0.53820825, 0.23418538, -0.8755011, 0.46279457, -0.49203175, 0.11841685, 0.5120524, -0.5805347, -0.6182088, 0.05297271, 0.15036465, 0.47067732, -0.98449945, 0.99933964, -0.3102038, 0.45606154, -0.50041217, -0.84943545, -0.7676331, -0.29815772, -0.52885133, 0.2537058, 0.55875456, 0.060054734, -0.14510627, -0.40419304, 0.87901646, -0.6463623, -0.31931746, -0.5222117, 0.7098205, -0.99680436, -0.27871594, -0.5095696, -0.45209888, 0.029046664, -0.39558616, 0.09733798, -0.27019215, -0.37586263, -0.9244638, -0.5287031, -0.49332553, -0.16488783, 0.020759588, 0.9240612, 0.19888766, -0.9243648, 0.8976252, 0.010230074, -0.21455576, 0.21108997, 0.89538825, 0.020596351, 0.8336045, 0.33946782, 0.42777562, 0.5409063, -0.91884536, -0.17175241, 0.9748182, -0.46023348, -0.30774662, 0.42863515, 0.46447352, 0.994133, 0.8705185, 0.03548869, -0.6430319, -0.24829797, -0.86207175, 0.9322217, -0.6975775, 0.6242459, 0.9128922, 0.9233059, 0.42397374, -0.109375775, -9.864462e-05, -0.6803354, -0.8509786, -0.5494065, 0.9435193, -0.93275166, 0.5528455, 0.005341326, 0.5439029, 0.7884458, 0.289762, 0.43130922, 0.87607294, 0.7481663, 0.5339173, 0.765109, -0.95439386, 0.97075003, -0.017260665, 0.84946823, -0.49231708, 0.45584467, -0.52121586, 0.00010805414, 0.70622396, 0.89615905, 0.59303415, 0.9504937, -0.9630466, 0.01116141, 0.5962497, 0.8640201, 0.51981395, -0.04319931, 0.19548479, -0.19587085, 0.7390521, -0.89296323, -0.8302349, 0.1383264, 0.81567425, 0.84079564, -0.84135926, -0.9833214, -0.022895023, -0.38039064, 0.43225953, -0.18659604, 0.49298656, 0.28142726, 0.11830501, 0.14874883, 0.80514103, 0.6852286, 0.36784464, 0.5435656, -0.69656336, -0.22533113, -0.61924696, 0.81064725, 0.6689138, 0.23940726, 0.7548569, 0.7546672, 0.8088142, 0.49130034, -0.006254217, 0.45506144, 0.5219851, -0.18319446, 0.984518, -0.5283552, 0.6611094, -0.40527102, 0.6797297, 0.08534082, -0.93063796, -0.7593064, -0.1844223, -0.47281477, -0.32504445, 0.88158876, 0.6101733, -0.8991036, 0.5247082, 0.097224765, 0.46915102, -0.59565693, -0.73716974, 0.9033398, 0.88882333, -0.37027732, -0.73406714, -0.50779325, 0.7522522, 0.34019583, 0.12691447, -0.021748204, 0.7749561, -0.36600167, -0.04158906, 0.33781168, -0.80606365, 0.741283, 0.46869513, 0.38545352, -0.21823677, -0.51085716, -0.31222826, 0.30391446, 0.47516653, 0.8016703, -0.9746121, -0.041769013, -0.554511, -0.24309629, 0.52070904, 0.6397246, -0.53543174, 0.13936469, -0.41222635, 0.98200023, 0.29159275, 0.6402643, -0.9738287, -0.76601017, 0.19854133, -0.39325294, 0.6859952, 0.9946798, -0.764384, 0.97162783, -0.35451025, 0.4216694, -0.35421267, -0.6341631, 0.26983005, -0.78108275, 0.63534296, -0.6196115, 0.535026, -0.7689178, -0.67942196, -0.5698487, -0.19592515, -0.8591199, 0.5746951, -0.8776848, 0.1841818, -0.4074351, 0.8382051, -0.5045254, -0.30645934, -0.4516457, -0.25375012, 0.995319, 0.38122588, 0.68004054, 0.27203026, -0.19574259, -0.2631564, -0.02552698, -0.92564327, -0.18758842, -0.5174768, 0.43248966, 0.99102753, -0.61949366, 0.64143467, -0.1261327, -0.7645747, 0.31563762, 0.14556773, -0.7536158, 0.7394316, -0.1843966, -0.3604667, -0.19456229, 0.16693555, 0.44791713, 0.23089537, -0.7054335, 0.9008786, 0.6374735, -0.95663804, -0.5408076, 0.9747955, 0.3718043, -0.50610876, 0.97010964, -0.6602317, 0.7335537, 0.28319228, -0.5299707, 0.111007705, 0.60378605, -0.59619844, -0.7701544, -0.85029316, -0.52310175, -0.66241896, -0.9841409, 0.6149754, -0.1918337, -0.4519611, 0.71287113, -0.11414178, -0.7558887, -0.3071093, 0.3013783, -0.6451462, 0.52132237, 0.4211123, 0.91215557, 0.08887226, 0.9108955, 0.8692018, -0.8253651, 0.95880073, 0.65754735, -0.18420425, 0.44916844, 0.6499369, 0.44634128, -0.50279, 0.85964614, 0.91576105, -0.64763767, 0.87644917, 0.2860199, 0.42323816, 0.55825937, 0.026828103, 0.8860316, 0.020494252, -0.16031493, -0.44518963, -0.9141629, -0.5330518, -0.7934931, -0.9633764, 0.21080379, -0.74541324, 0.7825519, 0.78327805, -0.7852762, 0.3617405, 0.259009, 0.0044656736, -0.22472061, 0.5592748, -0.5243457, -0.630459, -0.88534623, 0.52468663, -0.0890029, -0.9459468, -0.16040395, -0.9477349, -0.23176157, 0.64150435, -0.9556641, 0.14805508, -0.58338493, -0.70065826, 0.7573749, 0.35155603, 0.69083124, 0.33145675, 0.55155116, -0.9215178, 0.94781077, 0.23920655, 0.49056992, -0.014241372, -0.96462053, 0.6828088, -0.49388248, 0.59454536, -0.62583, 0.45217818, 0.2310096, 0.088282816, 0.5222577, -0.22905238, 0.051483843, -0.12421411, -0.7752307, -0.83297616, -0.8184539, 0.96937895, -0.7539535, -0.88599294, -0.40406308, -0.38159528, 0.62136126, -0.36785385, -0.74202925, -0.4566062, 0.11910629, 0.5489481, -0.7620467, -0.37948215, -0.65007484, 0.6313416, 0.22675274, -0.16556439, -0.91274285, 0.74520034, -0.9975026, -0.32107154, -0.3616041, -0.25454193, -0.599934, -0.7514391, -0.74241585, 0.7751421, 0.59678906, -0.7233884, 0.56810814, 0.45818514, 0.45893896, 0.7338952, -0.16629122, -0.42187494, 0.46938163, -0.73882055, -0.23075345, 0.85845476, -0.37073314, -0.21402985, -0.71376026, -0.6681779, -0.2318924, -0.4668489, 0.6065268, 0.11826489, 0.93100107, -0.06490424, 0.9999264, -0.9648833, -0.9339949, 0.056329757, 0.0022840584, 0.35759297, -0.74241024, -0.026336426, 0.53597957, 0.93700105, -0.55000174, 0.08532224, 0.58667773, 0.7787765, 0.99389327, -0.71098965, -0.81600845, 0.18982607, -0.68412924, -0.25588188, 0.41522565, -0.8204892, 0.784619, -0.5616982, -0.8202129, 0.98003227, 0.7827665, 0.6254919, -0.8390818, 0.63450116, -0.7059935, 0.29914898, 0.13830605, 0.066055275, -0.2900966, 0.44092587, -0.54658735, -0.094941795, 0.7301691, 0.33200893, 0.6510505, 0.62764156, -0.15039128, 0.8341194, -0.15037577, 0.17141522, -0.7011018, -0.2236347, 0.72303265, -0.64705, 0.73985153, 0.3362702, 0.80304873, 0.7634643, 0.7575224, 0.16163203, -0.85475063, 0.04950094, 0.9467607, -0.33854952, 0.29645863, -0.11398247, 0.7958664, 0.9555645, 0.84073365, 0.6145213, -0.7323583, 0.5969771, -0.3956722, 0.19816464, -0.27129203, -0.70858026, 0.9370028, -0.95362926, 0.3723424, -0.9415218, 0.36405715, 0.18139817, -0.6771564, 0.81473225, -0.52127326, -0.025251428, -0.19917524, -0.8029395, 0.6022184, 0.5694026, 0.58659375, 0.6380243, -0.9725795, 0.86261207, 0.78922564, 0.6077889, 0.7548411, 0.62543535, 0.94762176, -0.24817832, -0.30805343, -0.6410414, 0.9937788, -0.15464644, 0.20491207, 0.2728264, 0.69016594, 0.17931259, 0.22419058, -0.36921647, -0.35014465, -0.6760248, -0.5222638, -0.32561845, -0.7755904, 0.68274087, -0.45259854, 0.30187973, -0.66268873, -0.22772773, -0.24533805, -0.4414229, -0.33750904, -0.32541648, 0.48829246, -0.26375988, -0.23766157, -0.059635025, -0.0053666597, 0.2680995, -0.07740546, 0.9103461, 0.5158026, 0.14882801, 0.7838136, 0.75810933, -0.72740287, -0.1307932, -0.25126562, -0.33573568, -0.75085586, -0.30498716, 0.13273574, -0.86467296, -0.33400556, -0.9469195, -0.64032495, -0.3080196, -0.00677615, -0.7119307, 0.06744769, -0.09129787, -0.49299943, -0.2319581, -0.88623506, 0.08115581, -0.5156493, -0.33071727, -0.35392946, -0.8394802, 0.98762757, -0.62084156, 0.4048561, 0.25040203, 0.46419328, 0.5319979, -0.63546413, -0.86608475, 0.84540766, -0.8643015, -0.67521495, -0.5230707, 0.49414894, 0.8953059, -0.033144504, 0.1595162, -0.39954448, 0.015478171, 0.9431549, -0.06326739, 0.340783, 0.022523487, -0.36743608, 0.58856297, -0.35344672, -0.4581999, -0.9565095, 0.8233767, -0.6953592, -0.51369786, 0.16469772, -0.5404228, -0.6105934, 0.44564003, -0.33640102, 0.914265, 0.67837244, -0.23263355, 0.45864254, 0.83338857, -0.007203478, 0.8230754, -0.6420153, -0.4306801, 0.7608314, -0.6540407, -0.45105726, 0.55409265, 0.3286726, 0.8736537, -0.22820672, 0.037314396, -0.3126491, 0.87440974, -0.15462652, 0.2018012, 0.09673536, 0.4223684, 0.22094104, -0.22566882, 0.5243706, -0.113522254, 0.14518617, -0.45651853, 0.08858696, -0.62188613, 0.74880177, 0.37791768, 0.3075048, -0.35148308, -0.4290381, 0.36080524, -0.17250985, 0.89206856, -0.2884936, -0.2904156, 0.6189241, -0.858948, 0.58894634, -0.914166, 0.10440464, 0.82216007, 0.10058968, 0.7548012, -0.4508293, 0.2154487, -0.7150928, 0.20474614, 0.38248217, 0.07331526, -0.48197648, 0.08399503, 0.916664, 0.14910144, 0.9872173, 0.4619156, 0.9423809, 0.8479916, 0.2157846, -0.5614858, -0.40758884, -0.11687583, 0.8194765, 0.1598711, 0.14532481, -0.12424527, -0.5811543, -0.17146678, -0.62334615, 0.09216758, -0.9233688, -0.59479034, -0.23654024, 0.3989763, 0.14284797, 0.49703655, 0.68693495, -0.46739453, -0.5711833, -0.87638605, -0.38631228, -0.111547075, -0.5530795, 0.83378685, 0.681125, 0.7924281, -0.35044813, -0.45089257, 0.7680558, 0.42709526, -0.30388862, -0.5372165, -0.47986475, -0.47073606, -0.45159516, 0.2511593, -0.08431257, -0.6373777, 0.04206947, 0.9505737, 0.7130105, -0.0014674976, -0.29442805, 0.44378608, 0.11201804, -0.40236187, -0.0042961733, 0.9371009, -0.48750788, 0.010370078, -0.7670855, -0.9238028, -0.48736942, -0.8245499, 0.7815275, -0.020477785, -0.9807284, -0.0022568817, 0.8109716, -0.42239818, -0.9363561, -0.043664474, 0.92179555, 0.10407399, -0.8456912, -0.5999967, 0.0065137916, -0.72453177, 0.66012245, 0.6870858, -0.21547328, 0.049108587, -0.60191613, -0.28451058, 0.36033395, 0.47668988, 0.43089956, 0.42048296, -0.51876915, 0.14452621, -0.8047068, -0.33162642, 0.101646096, -0.5058369, -0.22118089, 0.8040005, 0.5905016, -0.24901526, -0.12570186, 0.6506205, -0.8719846, 0.056019884, -0.76422703, -0.5236973, 0.21106927, 0.7102767, -0.8931605, 0.6552942, -0.15020216, 0.005469653, 0.4143834, 0.19365892, 0.8290598, -0.6988995, 0.90903395, 0.41646248, -0.8294466, 0.5292093, 0.12478541, -0.67019975, 0.98269695, -0.785932, -0.07125953, -0.5174566, -0.48147303, 0.41623515, 0.24170868, 0.7428929, 0.89193326, 0.03543727, -0.832225, -0.19510697, -0.21840343, 0.2712443, 0.23517136, -0.4326429, 0.6878338, -0.07843638, -0.8324482, -0.58654255, 0.59235686, -0.7129113, -0.51216227, -0.26865542, -0.464278, -0.63047874, 0.44831315, 0.71391356, 0.5128216, 0.8899626, 0.73771757, -0.7755667, 0.22599721, -0.84582704, 0.30071592, 0.2145865, 0.79863757, 0.7284669, -0.075846866, 0.0039655343, -0.68976563, -0.22317128, 0.23260352, -0.2527082, -0.98054, 0.12668358, 0.411382, 0.98788875, 0.6583297, 0.97217524, 0.74721956, 0.7280316, -0.15626433, -0.2028062, -0.6921088, -0.23625982, -0.9315437, 0.5668332, 0.5599407, -0.9289708, -0.93857193, -0.33605015, 0.4267704, -0.06603983, 0.6341533, -0.09753956, -0.43374404, 0.1254799, -0.46721372, 0.77945906, -0.5230029, -0.9350129, -0.9595274, -0.72063345, 0.6236541, -0.26747757, 0.44042474, 0.5692278, 0.69361365, -0.71380854, 0.71524936, 0.417545, -0.336974, -0.6298313, 0.90161794, -0.16040248, 0.5498846, 0.7406855, -0.9512899, 0.7962031, -0.59731835, -0.96090585, -0.91524285, -0.4495552, -0.8087245, 0.8208286, 0.73337346, -0.19170246, 0.90336245, -0.13785054, -0.2706816, 0.17330594, -0.5874532, -0.70170677, 0.6094005, -0.6349529, 0.65861577, -0.28190634, -0.97515064, 0.5811989, 0.6760406, 0.6450233, -0.35887828, -0.19590208, -0.99593484, 0.9811529, -0.03577399, -0.5795366, 0.34601402, -0.16392429, -0.9343071, 0.8966053, 0.35364556, -0.20540774, 0.010860611]","[-7.0, 4.0, 4.0, -2.0, -1.0, 4.0, -1.0, 2.0, -2.0, -3.0, -2.0, -1.0, 4.0, -2.0, 4.0, -2.0, -2.0, -3.0, -7.0, -1.0, -8.0, -2.0, -2.0, -7.0, 5.0, 10.0, -7.0, -8.0, 3.0, -7.0, -14.0, 4.0, -2.0, 4.0, 5.0, 3.0, 4.0, -6.0, -7.0, -7.0, 0.0, 5.0, -1.0, -4.0, 1.0, 5.0, 3.0, -7.0, -3.0, -2.0, 5.0, 3.0, 5.0, -1.0, 1.0, 1.0, -1.0, -2.0, 0.0, 4.0, 3.0, 4.0, -2.0, 0.0, 3.0, 4.0, -7.0, -3.0, -2.0, 5.0, 5.0, 2.0, -1.0, 4.0, -6.0, 3.0, 4.0, -3.0, -1.0, 6.0, -2.0, -6.0, -1.0, -7.0, 6.0, 10.0, -1.0, -1.0, 0.0, 4.0, -1.0, 6.0, -1.0, 10.0, -2.0, 4.0, 4.0, -3.0, -6.0, -4.0, -1.0, -1.0, 1.0, -1.0, -8.0, 5.0, 1.0, 3.0, 5.0, -3.0, -2.0, -7.0, -7.0, -2.0, 4.0, -8.0, 5.0, -7.0, 5.0, -3.0, 5.0, 5.0, 0.0, 4.0, -2.0, 3.0, -1.0, 4.0, 3.0, -2.0, 5.0, -1.0, -4.0, -7.0, -2.0, -8.0, -1.0, -8.0, 3.0, 4.0, 4.0, 5.0, -2.0, 4.0, 5.0, 4.0, -8.0, 0.0, -7.0, 4.0, -10.0, 5.0, -3.0, 0.0, -2.0, -7.0, 4.0, 4.0, 4.0, -1.0, -3.0, 4.0, 5.0, 3.0, -13.0, -1.0, -7.0, 4.0, -9.0, -5.0, 3.0, -1.0, 5.0, 3.0, 1.0, -2.0, -2.0, -2.0, -3.0, 0.0, 3.0, -2.0, -2.0, -5.0, -2.0, -2.0, 5.0, -6.0, 2.0, 10.0, -3.0, -2.0, 4.0, -4.0, -2.0, 0.0, -2.0, -8.0, -2.0, -2.0, -8.0, -2.0, -2.0, 5.0, -1.0, 5.0, -1.0, -3.0, -1.0, -1.0, 5.0, 4.0, -2.0, 4.0, 1.0, -8.0, 4.0, 4.0, -2.0, -3.0, 4.0, -7.0, -3.0, -7.0, 8.0, 5.0, 4.0, -3.0, 0.0, 4.0, -7.0, 0.0, 5.0, -2.0, 0.0, 4.0, 4.0, 4.0, -1.0, 3.0, 1.0, -1.0, -6.0, 3.0, 2.0, 0.0, 4.0, -5.0, -2.0, 6.0, -2.0, -5.0, -2.0, -1.0, -2.0, -4.0, -1.0, -4.0, -2.0, -2.0, -2.0, 5.0, -7.0, -2.0, 4.0, -1.0, -7.0, 1.0, -7.0, 5.0, 4.0, -1.0, -1.0, -6.0, 6.0, -1.0, 5.0, -2.0, -4.0, -7.0, 4.0, -1.0, 0.0, -1.0, -1.0, 12.0, 0.0, -1.0, 4.0, 4.0, -1.0, -2.0, -8.0, -2.0, -2.0, -1.0, -7.0, -1.0, -3.0, -2.0, 4.0, 3.0, 4.0, -1.0, -1.0, 0.0, -3.0, 4.0, 0.0, -2.0, 3.0, 3.0, -6.0, -1.0, -2.0, 0.0, 1.0, -1.0, 5.0, 4.0, -1.0, -8.0, -1.0, 3.0, 6.0, 1.0, -7.0, 4.0, 5.0, 2.0, 0.0, 0.0, 4.0, 10.0, -2.0, -2.0, -8.0, -2.0, 4.0, 12.0, -1.0, 5.0, -4.0, -7.0, -7.0, 0.0, -1.0, -1.0, -2.0, -1.0, -3.0, -1.0, -1.0, 4.0, 5.0, 5.0, -2.0, -7.0, 3.0, -1.0, -7.0, -1.0, 4.0, -7.0, 6.0, -1.0, 4.0, 10.0, 4.0, -7.0, -1.0, 13.0, 4.0, 9.0, 0.0, 4.0, -3.0, 4.0, 5.0, 4.0, 4.0, 4.0, -2.0, 5.0, -1.0, 4.0, 3.0, 5.0, 5.0, 3.0, 0.0, 5.0, -2.0, 11.0, 5.0, 11.0, -2.0, -2.0, 5.0, 10.0, -3.0, 5.0, 10.0, -1.0, 3.0, -1.0, -7.0, 5.0, -2.0, 4.0, -2.0, 3.0, 3.0, 1.0, -8.0, -2.0, -10.0, 5.0, 0.0, -3.0, -8.0, 1.0, 8.0, -6.0, 6.0, 3.0, -7.0, -7.0, -2.0, -1.0, -1.0, -1.0, -2.0, -2.0, -2.0, -2.0, -14.0, -7.0, -1.0, -7.0, -1.0, -8.0, 4.0, -2.0, 5.0, -2.0, 5.0, -2.0, 5.0, 4.0, -1.0, -2.0, 4.0, 4.0, 5.0, 4.0, 3.0, -1.0, 4.0, 2.0, 4.0, -2.0, -2.0, -1.0, 9.0, -1.0, -1.0, -8.0, 0.0, 5.0, 2.0, 4.0, -1.0, 5.0, -1.0, 5.0, -8.0, -1.0, -2.0, -1.0, -2.0, -2.0, -10.0, 5.0, -5.0, -1.0, 5.0, 11.0, -1.0, 0.0, -5.0, -2.0, -2.0, 2.0, -2.0, -2.0, -2.0, -8.0, 0.0, -2.0, -7.0, 4.0, -7.0, -1.0, -3.0, -5.0, 4.0, 2.0, -1.0, -2.0, 4.0, 5.0, -4.0, 4.0, -1.0, -1.0, -1.0, 3.0, 9.0, -7.0, 4.0, -2.0, -3.0, -2.0, -2.0, 5.0, 4.0, 4.0, -5.0, -1.0, -1.0, 3.0, -3.0, -1.0, -7.0, 0.0, -1.0, 4.0, 3.0, -5.0, 5.0, 4.0, -1.0, -1.0, 4.0, -3.0, -1.0, -1.0, -2.0, -2.0, 5.0, 5.0, -2.0, 1.0, -7.0, 5.0, 4.0, -2.0, -1.0, 3.0, -1.0, -7.0, -5.0, -2.0, -1.0, -1.0, 5.0, -1.0, 0.0, 4.0, -3.0, -7.0, -2.0, -1.0, -1.0, -2.0, 3.0, -3.0, -2.0, 1.0, 1.0, -3.0, 0.0, -1.0, -8.0, 4.0, 3.0, 1.0, -1.0, -2.0, -7.0, -2.0, -1.0, 3.0, -1.0, -1.0, 5.0, -3.0, 4.0, 0.0, -2.0, -7.0, -7.0, 3.0, 5.0, -1.0, 11.0, 4.0, -1.0, 4.0, -2.0, 0.0, 10.0, 0.0, -7.0, -2.0, -8.0, -2.0, 7.0, -1.0, -1.0, 4.0, 6.0, 5.0, 4.0, 2.0, -1.0, -2.0, 10.0, -4.0, -1.0, -2.0, 4.0, -1.0, -1.0, 0.0, 5.0, -1.0, 2.0, -1.0, -2.0, -1.0, -6.0, 2.0, -1.0, -2.0, 1.0, -2.0, 3.0, -2.0, -2.0, 6.0, -2.0, -2.0, 1.0, -2.0, -2.0, -6.0, 4.0, 1.0, 5.0, -3.0, -3.0, 5.0, 4.0, -6.0, -2.0, -1.0, -1.0, 0.0, -1.0, -3.0, 3.0, 3.0, 1.0, 0.0, 5.0, 1.0, -1.0, -1.0, -2.0, -1.0, 5.0, -3.0, 5.0, -1.0, -12.0, -2.0, -1.0, -1.0, -5.0, -7.0, -1.0, -2.0, -3.0, 6.0, 8.0, -3.0, 0.0, 4.0, 3.0, 5.0, -1.0, 3.0, 4.0, -1.0, 4.0, -1.0, 5.0, -15.0, -7.0, -1.0, -2.0, 1.0, -7.0, 5.0, -1.0, 1.0, -2.0, 6.0, 0.0, -4.0, -1.0, -2.0, 2.0, -2.0, 0.0, -6.0, -8.0, -2.0, 4.0, 4.0, -2.0, 1.0, 1.0, -5.0, 4.0, -1.0, -3.0, 10.0, -2.0, 5.0, 3.0, -1.0, 3.0, 5.0, 4.0, -2.0, -3.0, 4.0, 4.0, -1.0, 3.0, 10.0, -1.0, 2.0, -2.0, 4.0, -2.0, 5.0, -6.0, 5.0, -1.0, -5.0, 4.0, 0.0, 5.0, 0.0, -2.0, -2.0, -8.0, -2.0, -1.0, 5.0, -1.0, 5.0, -2.0, -1.0, -2.0, -2.0, -2.0, -2.0, 10.0, 4.0, 3.0, 3.0, 4.0, 10.0, 4.0, 4.0, -2.0, 0.0, -2.0, -13.0, 4.0, -1.0, 9.0, -2.0, 4.0, 3.0, 4.0, -2.0, -2.0, 5.0, -3.0, -7.0, -2.0, -2.0, -2.0, -7.0, -1.0, -2.0, 0.0, 10.0, 9.0, -1.0, 4.0, -2.0, -2.0, -7.0, 5.0, 11.0, 4.0, 5.0, -1.0, -8.0, 4.0, -2.0, -5.0, 4.0, -1.0, -7.0, -1.0, 4.0, 0.0, -1.0, -1.0, -8.0, -2.0, -1.0, 5.0, 4.0, -9.0, -4.0, -1.0, -14.0, 2.0, -12.0, -2.0, -7.0, 6.0, -1.0, 5.0, -8.0, -7.0, -1.0, -2.0, -4.0, 3.0, -2.0, -7.0, 0.0, 4.0, 5.0, 5.0, 9.0, 5.0, 2.0, -2.0, -1.0, 7.0, -1.0, 3.0, -1.0, 4.0, 4.0, -1.0, -2.0, 5.0, 4.0, -2.0, -2.0, -1.0, 4.0, -1.0, 0.0, -4.0, 3.0, -8.0, 4.0, -5.0, -1.0, -7.0, -2.0, -7.0, -1.0, 3.0, 5.0, -2.0, 5.0, -9.0, 5.0, -2.0, 0.0, -1.0, -5.0, -1.0, -1.0, -14.0, 0.0, 5.0, 11.0, -2.0, 5.0, 5.0, 4.0, 4.0, -1.0, -1.0, 4.0, -2.0, -1.0, -5.0, 4.0, 5.0, 4.0, 2.0, -7.0, -2.0, -2.0, 5.0, 6.0, -1.0, 4.0, 0.0, 5.0, 5.0, -7.0, -6.0, 6.0, 3.0, -7.0, -7.0, -3.0, -7.0, -1.0, 5.0, -6.0, -13.0, 10.0, -1.0, 6.0, 10.0, -1.0, 3.0, -2.0, 0.0, 1.0, -2.0, -3.0, -2.0, 5.0, 5.0, -3.0, -2.0, -6.0, 15.0, 5.0, 3.0, -4.0, 5.0, 0.0, -1.0, 5.0, -2.0, 4.0, -1.0, 5.0, 4.0, -1.0, 4.0, -1.0, 11.0, -2.0, -8.0, -1.0, 8.0, 5.0, 9.0, 2.0, -6.0, 4.0, 3.0, -8.0, -1.0, 11.0, -2.0, -2.0, -20.0, -2.0]",8.192839107609505,0.0033447742462158,0.0,0.0,0
7,7,"[0.71406376, -0.8142234, -0.22823885, 0.686319, -0.37587413, -0.108924106, -0.55566794, 0.97308344, 0.1580426, -0.8480214, 0.40130445, 0.0681439, 0.47611338, 0.16328178, 0.8688279, 0.9842428, 0.9149324, -0.15641627, -0.7043608, -0.80812484, -0.4971934, 0.67327857, -0.687428, -0.7082366, 0.5717413, -0.29255435, -0.07648936, -0.32435092, 0.22908702, -0.6357964, 0.34369823, 0.63491946, 0.9753861, -0.0072475094, 0.50742745, -0.76890635, -0.71630436, 0.9451012, -0.04906485, 0.40847465, -0.4916991, -0.17235774, 0.54190916, -0.6209384, 0.61278665, 0.7961665, 0.8634303, -0.98060864, -0.5491252, -0.4798997, -0.33379722, 0.19691215, 0.8912728, 0.6567307, -0.3736529, -0.22682668, -0.73059905, -0.38379082, -0.36117715, -0.53738254, -0.7447143, -0.75602746, 0.58403754, 0.017030971, 0.16770461, 0.11632827, 0.8632672, 0.260235, -0.07239977, 0.34635904, -0.8372278, -0.85046315, 0.051682353, 0.21482466, -0.16322725, 0.6759937, -0.5916844, 0.79343325, 0.68043035, 0.047195345, 0.756833, -0.21374334, 0.93909246, -0.7702933, 0.11737983, 0.20266326, -0.699963, 0.6466313, -0.25542727, 0.7146177, 0.89278656, -0.75250185, 0.672505, 0.25738108, 0.48909163, -0.54865354, -0.92693734, 0.7465326, 0.7188769, -0.38322937, -0.55694586, 0.14636624, 0.6025527, -0.70048785, -0.26120448, -0.6371191, 0.1309329, -0.861651, -0.560966, -0.16207395, 0.045536123, 0.46038988, 0.80569255, 0.29461277, 0.9419663, 0.52770185, 0.93419373, 0.8237486, -0.22322752, -0.043685447, 0.21390219, 0.009675143, -0.93619686, -0.5687909, -0.48716044, 0.1314646, -0.25116578, 0.23746821, -0.20432515, 0.3784451, -0.6986751, 0.4031906, 0.6086171, 0.6557571, -0.87475497, 0.67866355, -0.9992221, 0.07924052, -0.9704498, -0.57359654, 0.14380386, -0.47146648, -0.61704254, 0.9028422, 0.19650094, -0.3661298, -0.91404325, -0.02033775, 0.02144286, -0.8475946, 0.14939015, 0.6677746, 0.4559464, -0.10726202, 0.21374978, 0.23030196, 0.3516963, -0.06716351, 0.36190385, 0.51719266, 0.32725796, -0.691306, 0.25297377, -0.14976682, -0.9377294, 0.64045155, 0.7026006, -0.52803206, 0.7705455, -0.08899857, -0.07953975, 0.6621143, 0.44083738, -0.24593388, -0.19428499, -0.020768205, -0.53794163, -0.20107672, 0.41698176, -0.94326323, -0.67402035, -0.6930389, -0.12912744, 0.67868954, -0.22985429, 0.9526966, -0.7646717, 0.18746148, -0.90798414, 0.09277248, -0.9872248, 0.18684919, -0.0038946026, 0.67553884, 0.7998208, -0.34937885, -0.040081657, -0.9303645, -0.7036441, 0.36773467, -0.42133576, 0.63219225, -0.8943322, 0.9719525, 0.35476235, -0.47328636, -0.513039, 0.9890204, -0.9120287, -0.8817116, -0.30803016, 0.51041013, 0.89494514, 0.25044852, 0.07308894, 0.85808486, 0.50017154, -0.94896275, -0.19299394, -0.29838887, -0.00065597286, -0.32050812, -0.4718166, -0.5689819, 0.82376176, -0.17354786, -0.5249947, 0.7048384, -0.31623372, -0.78174645, -0.336912, 0.59831876, -0.9864949, 0.47846776, -0.7891188, 0.44900706, 0.99757034, -0.5091659, 0.2444431, -0.005132595, 0.3088437, 0.6553131, -0.115544096, 0.20000058, 0.7386639, -0.8812109, 0.5573116, -0.71600944, -0.4550413, -0.29216135, 0.23026294, -0.5974472, 0.69741213, 0.43541896, -0.79669756, 0.72458684, 0.8260004, -0.9235888, -0.21857147, -0.7407772, -0.60226786, 0.5216534, -0.075834826, -0.80056965, -0.9649444, -0.78600246, -0.90982604, -0.8843173, 0.48856443, -0.0502956, -0.35014704, 0.19900954, 0.88394207, -0.021293236, -0.9945335, -0.7257585, -0.93773246, -0.951387, 0.586464, -0.8708347, 0.6339824, -0.6712992, 0.32988834, 0.011235618, -0.7156527, 0.37812865, -0.43580702, -0.8486829, -0.37188792, -0.96446544, 0.7181979, -0.5268443, 0.83969426, -0.79443914, -0.4442387, -0.7090296, -0.41521353, -0.64483005, 0.5842925, -0.36192924, -0.26790592, -0.23877375, 0.9393607, -0.5362658, 0.8705286, -0.65693283, 0.50519776, 0.64107203, 0.39882612, 0.20045671, -0.07535871, 0.7396446, 0.12224329, -0.16895697, -0.70179546, 0.21254101, 0.024918795, 0.46398935, 0.73027945, -0.62940824, -0.6984072, -0.32857713, 0.094403304, -0.2267874, -0.45165932, 0.58497053, -0.7267332, 0.9446879, 0.28367656, 0.4852755, 0.6398133, 0.8290948, 0.29578158, -0.8676211, -0.8532164, 0.4000414, 0.07635177, -0.91935104, -0.39085084, -0.08886191, -0.858527, -0.8522359, 0.31013188, -0.017203739, 0.61024565, 0.6219597, 0.24742363, 0.7876744, -0.445258, 0.82677096, -0.6471256, 0.7655648, -0.06014645, 0.97344327, -0.112713635, -0.1551704, -0.77336687, -0.824756, -0.62720346, -0.7774113, -0.3813497, -0.92185086, -0.16412316, 0.08534581, 0.8491281, 0.33863333, 0.140724, -0.7710534, -0.21743889, 0.18615817, 0.47334743, -0.009525715, -0.3089758, 0.82074296, -0.830395, -0.6017382, 0.25667965, -0.19764277, 0.89125764, 0.59059405, 0.7566877, 0.21964641, -0.52010894, -0.5060182, -0.600168, -0.6296705, -0.7844626, 0.6959648, 0.89039165, 0.24432698, -0.3219262, -0.64890856, -0.021310693, -0.0700432, 0.76602715, -0.15887009, 0.32455373, -0.39028755, 0.46530688, 0.7151729, 0.37786847, 0.08245349, 0.41854796, 0.17436676, 0.31721544, 0.38449323, 0.18892413, -0.3759653, 0.7755412, 0.27244368, 0.25355405, 0.47125414, 0.16989368, 0.91555357, -0.32273707, 0.60373914, -0.37957585, 0.10227615, -0.8542715, -0.15535225, -0.78161794, -0.57955384, -0.3127085, -0.3838784, 0.235901, -0.99168426, 0.462889, -0.3490982, 0.24559765, -0.4084557, -0.044716533, 0.6338657, -0.35593078, 0.7529445, 0.43683055, -0.0448608, 0.22514959, 0.78198534, 0.4946492, -0.0741594, 0.9308929, -0.057952434, 0.17681737, 0.5946564, -0.8718481, -0.9875005, -0.36074278, -0.9527668, 0.9394927, 0.465596, 0.70090246, -0.06483868, -0.9407668, -0.08494884, -0.640934, 0.61488646, 0.6687381, 0.7673215, 0.38734332, 0.7032282, 0.852648, 0.0021427344, 0.8351008, -0.960961, -0.75723726, 0.7953499, 0.24225636, 0.7785292, -0.40780938, -0.07824365, -0.19898544, 0.17632754, 0.88243043, 0.9025465, -0.89815235, -0.94057274, -0.6023919, -0.7219448, 0.13332853, 0.9667496, -0.5271109, -0.6443951, -0.2849858, 0.681453, 0.3977433, -0.43577614, -0.54591525, -0.2582594, 0.18561251, -0.6151388, 0.01728651, -0.5696682, 0.23661883, 0.9176088, 0.30745748, 0.5465468, 0.50485146, 0.6477019, 0.5711429, -0.43162778, -0.62966347, 0.58137566, -0.3827119, -0.24464808, 0.82137895, 0.8861508, -0.8990311, -0.5990435, 0.31408983, -0.3660913, -0.9344059, 0.58455294, -0.8829765, 0.76754874, -0.59970343, 0.8013755, 0.86173886, -0.28742424, 0.62875885, -0.31612992, -0.13842228, 0.46592933, 0.61399835, -0.5541184, 0.366302, 0.73575395, -0.9496534, -0.62281036, -0.9896668, -0.050397314, 0.14854781, 0.9003215, -0.5050964, 0.8724829, 0.6447382, -0.29924735, 0.7484432, 0.33631703, -0.51857454, -0.84669095, 0.9791984, 0.32541728, -0.10385138, -0.88772684, 0.14366597, 0.9035688, 0.49120152, 0.57556915, 0.53903866, 0.18996048, 0.67096376, 0.86039263, 0.53135926, -0.34452957, -0.36065128, 0.003999121, -0.50773716, -0.5741378, -0.9689426, 0.15232323, -0.4338931, -0.51352245, -0.37152526, 0.48863986, -0.7044547, -0.99770284, 0.12110175, -0.5269505, -0.18003272, 0.0086942855, -0.07650712, -0.8078007, 0.0019358649, 0.99209315, -0.13735893, -0.8296109, -0.37093735, 0.3106882, -0.3873337, 0.7710264, -0.9946575, 0.9504574, -0.214963, -0.99413186, 0.39272416, 0.95004106, -0.46517867, -0.13474143, -0.49263635, -0.31386626, 0.6533051, 0.5730515, -0.66607434, 0.73149836, -0.07965695, 0.8947673, -0.18129782, 0.6836368, -0.77294457, -0.5844878, 0.32218838, -0.43161672, -0.7915328, -0.80883044, 0.6916558, -0.62384593, -0.3885243, 0.54808, -0.1367766, -0.74817735, -0.56591266, 0.059154928, 0.48139286, -0.05470075, 0.4835305, 0.10056788, -0.72344863, -0.40929922, -0.4320177, 0.5818506, -0.06041467, 0.5132853, -0.11366022, -0.33897087, -0.34188384, 0.6281247, -0.7704471, 0.9265441, 0.34345844, -0.32302472, -0.28333548, 0.53753465, 0.44666663, -0.2817097, -0.88638395, 0.12649515, -0.31046808, 0.09271383, 0.8816417, 0.92712075, 0.73317504, 0.8620929, 0.115488045, -0.027225353, 0.42801902, -0.4629169, 0.19868869, 0.9365463, 0.61662024, -0.6751157, 0.40532207, -0.80958444, 0.18493219, 0.9845391, 0.7248424, 0.468686, 0.386298, 0.41380373, 0.3839197, -0.41242924, -0.6679058, 0.26046857, 0.27289948, -0.28340098, -0.3152715, 0.5984788, 0.29458877, 0.3899474, 0.44345257, -0.17080157, -0.8095836, -0.6174676, -0.23267423, 0.975854, -0.12989157, -0.41230366, 0.6110495, 0.68598723, -0.70856154, -0.880041, 0.21763337, -0.91052586, 0.6401463, -0.83065665, 0.7642247, -0.7840425, 0.10743508, 0.5667357, 0.90045315, 0.3269088, 0.38872126, 0.6184497, -0.5929367, -0.98542553, -0.4164293, -0.7867111, -0.39436862, -0.29554808, -0.059242792, 0.70977193, 0.55161095, 0.28481025, -0.8393085, 0.3813635, 0.6730786, 0.2098686, 0.62001526, 0.39711317, -0.43044052, -0.19606033, 0.63180405, 0.9694632, -0.8286714, -0.18456069, 0.7872227, 0.47450456, 0.951443, 0.34034196, -0.22058284, -0.067497976, -0.959333, -0.73553556, 0.7452363, -0.77552193, -0.19316792, -0.33092996, -0.6351108, -0.049434748, -0.21255182, -0.28899333, 0.7765578, -0.7951343, 0.29550838, 0.13655838, 0.56330574, 0.18063907, -0.22195125, 0.23489502, -0.0916861, 0.27903697, -0.48013857, -0.64783573, 0.87491745, -0.12685351, 0.86295396, 0.9361055, 0.33240744, -0.94833034, 0.7949181, -0.27583376, 0.89304554, 0.9298492, 0.8366861, 0.22923474, 0.39135298, 0.5036233, 0.8824938, 0.9508689, -0.3157335, 0.99101925, -0.3215687, 0.6437852, -0.12659186, -0.21803197, -0.95820004, -0.96811974, -0.0051130936, -0.49497762, 0.9610425, -0.18764918, -0.16074368, 0.7620242, -0.29885834, 0.4871485, -0.5554556, 0.19713256, 0.06847261, 0.9548845, -0.3625095, 0.4680357, -0.4834217, 0.14357536, -0.71769166, 0.13111874, -0.1946903, -0.7349174, -0.8367618, -0.26391017, -0.28468487, -0.5037951, 0.36905086, -0.19026461, 0.93607545, -0.65277046, -0.27717137, 0.11626589, -0.44324282, -0.81337184, 0.24749231, -0.7176668, 0.8575175, -0.00014620271, 0.245954, -0.46486023, 0.36329952, 0.59464556, -0.44563246, -0.9072029, 0.45964, 0.84119976, 0.28908765, 0.07788352, -0.03560787, 0.7692982, 0.6745382, -0.63189524, -0.8646776, 0.5518775, -0.36018836, -0.74708885, 0.2325303, 0.1696942, 0.32448688, -0.11655979, 0.5160305, 0.86391395, 0.58789235, -0.38663524, -0.4424488, 0.5137104, -0.5638131, -0.9523025, 0.24677745, -0.10851273, -0.4111478, 0.2976309, -0.4813362, -0.16070302, 0.18570778, 0.9189604, -0.8481637, 0.9477759, 0.9209132, 0.7299359, -0.26487002, -0.051907256, 0.43334088, 0.0088241445, 0.6702139, -0.2466926, 0.27731195, 0.5675335, -0.20112225, 0.87588584, 0.41761813, -0.4440615, 0.2703418, -0.31797847, 0.5446437, -0.5345107, -0.8701551, -0.31215605, -0.040337488, 0.40657562, 0.31191275, -0.77753776, 0.9626248, 0.15731099, -0.78161854, 0.4148009, -0.8413462, -0.6961674, 0.4545757, -0.77498335, -0.8604508, -0.8507483, 0.10592083, 0.24985194, -0.207686, -0.6879614, -0.8972573, -0.45069948, 0.68613935, -0.65649724, 0.50150955, -0.07429512, 0.5547963, 0.8691512, -0.5064241, 0.39865023, -0.23906273, 0.60162467, 0.4146384, 0.0014908751, 0.59054583, -0.9842842, -0.020777758, -0.41132948, 0.6071604, -0.45718634, 0.18880408, 0.25203988, 0.3600119, 0.030420221, 0.9945688, 0.14431797, -0.86009735, 0.9224157, 0.35689422, 0.4691023, 0.14685513, 0.6814345, -0.47957036, 0.49421948, 0.11586784, 0.6317829, -0.12710655, -0.7429441, -0.2539192, 0.9750093, -0.5148842, -0.03948263, 0.6589736, -0.44435725, -0.15556861, 0.9131137, 0.36037365, -0.5137918, 0.14365692, 0.35468736, -0.23545648, 0.7567993, 0.41629097, -0.4876968, -0.16850972, 0.2985545, -0.58410585, 0.73224753, -0.16332638, -0.84765023, 0.34371683, -0.44423902, 0.5026057, -0.17314346, 0.48517776, 0.34619203, -0.22022165, -0.9729216, 0.23284954, 0.9732797, 0.38631865, 0.2517711, -0.14837053, -0.8241145, 0.005038908, 0.24832125, 0.86335915, 0.022860304, -0.6738216, -0.46602046, 0.51043314, -0.12725149, -0.1331629, -0.9031779, 0.8287188, 0.9895263, 0.30801332, -0.3715906, -0.5780365, 0.3540627, 0.88879603, -0.80711335, -0.39768872, 0.15940037, 0.3888927, -0.695136, 0.85175174, 0.72019625, 0.80355877, -0.43923283, 0.9636649, 0.30866143, 0.8043535, 0.5565715, -0.12064973, 0.88223773, 0.66434556, -0.5509871, 0.035021152, 0.6650071, 0.5488112, 0.5527711, -0.79661715, -0.54970443, 0.71921, 0.18521614, -0.12078732, 0.5594819, -0.73446137, -0.84783995]","[-7.0, 4.0, 4.0, -2.0, -1.0, 4.0, -1.0, 2.0, -2.0, -3.0, -2.0, -1.0, 4.0, -2.0, 4.0, -2.0, -2.0, -3.0, -7.0, -1.0, -8.0, -2.0, -2.0, -7.0, 5.0, 10.0, -7.0, -8.0, 3.0, -7.0, -14.0, 4.0, -2.0, 4.0, 5.0, 3.0, 4.0, -6.0, -7.0, -7.0, 0.0, 5.0, -1.0, -4.0, 1.0, 5.0, 3.0, -7.0, -3.0, -2.0, 5.0, 3.0, 5.0, -1.0, 1.0, 1.0, -1.0, -2.0, 0.0, 4.0, 3.0, 4.0, -2.0, 0.0, 3.0, 4.0, -7.0, -3.0, -2.0, 5.0, 5.0, 2.0, -1.0, 4.0, -6.0, 3.0, 4.0, -3.0, -1.0, 6.0, -2.0, -6.0, -1.0, -7.0, 6.0, 10.0, -1.0, -1.0, 0.0, 4.0, -1.0, 6.0, -1.0, 10.0, -2.0, 4.0, 4.0, -3.0, -6.0, -4.0, -1.0, -1.0, 1.0, -1.0, -8.0, 5.0, 1.0, 3.0, 5.0, -3.0, -2.0, -7.0, -7.0, -2.0, 4.0, -8.0, 5.0, -7.0, 5.0, -3.0, 5.0, 5.0, 0.0, 4.0, -2.0, 3.0, -1.0, 4.0, 3.0, -2.0, 5.0, -1.0, -4.0, -7.0, -2.0, -8.0, -1.0, -8.0, 3.0, 4.0, 4.0, 5.0, -2.0, 4.0, 5.0, 4.0, -8.0, 0.0, -7.0, 4.0, -10.0, 5.0, -3.0, 0.0, -2.0, -7.0, 4.0, 4.0, 4.0, -1.0, -3.0, 4.0, 5.0, 3.0, -13.0, -1.0, -7.0, 4.0, -9.0, -5.0, 3.0, -1.0, 5.0, 3.0, 1.0, -2.0, -2.0, -2.0, -3.0, 0.0, 3.0, -2.0, -2.0, -5.0, -2.0, -2.0, 5.0, -6.0, 2.0, 10.0, -3.0, -2.0, 4.0, -4.0, -2.0, 0.0, -2.0, -8.0, -2.0, -2.0, -8.0, -2.0, -2.0, 5.0, -1.0, 5.0, -1.0, -3.0, -1.0, -1.0, 5.0, 4.0, -2.0, 4.0, 1.0, -8.0, 4.0, 4.0, -2.0, -3.0, 4.0, -7.0, -3.0, -7.0, 8.0, 5.0, 4.0, -3.0, 0.0, 4.0, -7.0, 0.0, 5.0, -2.0, 0.0, 4.0, 4.0, 4.0, -1.0, 3.0, 1.0, -1.0, -6.0, 3.0, 2.0, 0.0, 4.0, -5.0, -2.0, 6.0, -2.0, -5.0, -2.0, -1.0, -2.0, -4.0, -1.0, -4.0, -2.0, -2.0, -2.0, 5.0, -7.0, -2.0, 4.0, -1.0, -7.0, 1.0, -7.0, 5.0, 4.0, -1.0, -1.0, -6.0, 6.0, -1.0, 5.0, -2.0, -4.0, -7.0, 4.0, -1.0, 0.0, -1.0, -1.0, 12.0, 0.0, -1.0, 4.0, 4.0, -1.0, -2.0, -8.0, -2.0, -2.0, -1.0, -7.0, -1.0, -3.0, -2.0, 4.0, 3.0, 4.0, -1.0, -1.0, 0.0, -3.0, 4.0, 0.0, -2.0, 3.0, 3.0, -6.0, -1.0, -2.0, 0.0, 1.0, -1.0, 5.0, 4.0, -1.0, -8.0, -1.0, 3.0, 6.0, 1.0, -7.0, 4.0, 5.0, 2.0, 0.0, 0.0, 4.0, 10.0, -2.0, -2.0, -8.0, -2.0, 4.0, 12.0, -1.0, 5.0, -4.0, -7.0, -7.0, 0.0, -1.0, -1.0, -2.0, -1.0, -3.0, -1.0, -1.0, 4.0, 5.0, 5.0, -2.0, -7.0, 3.0, -1.0, -7.0, -1.0, 4.0, -7.0, 6.0, -1.0, 4.0, 10.0, 4.0, -7.0, -1.0, 13.0, 4.0, 9.0, 0.0, 4.0, -3.0, 4.0, 5.0, 4.0, 4.0, 4.0, -2.0, 5.0, -1.0, 4.0, 3.0, 5.0, 5.0, 3.0, 0.0, 5.0, -2.0, 11.0, 5.0, 11.0, -2.0, -2.0, 5.0, 10.0, -3.0, 5.0, 10.0, -1.0, 3.0, -1.0, -7.0, 5.0, -2.0, 4.0, -2.0, 3.0, 3.0, 1.0, -8.0, -2.0, -10.0, 5.0, 0.0, -3.0, -8.0, 1.0, 8.0, -6.0, 6.0, 3.0, -7.0, -7.0, -2.0, -1.0, -1.0, -1.0, -2.0, -2.0, -2.0, -2.0, -14.0, -7.0, -1.0, -7.0, -1.0, -8.0, 4.0, -2.0, 5.0, -2.0, 5.0, -2.0, 5.0, 4.0, -1.0, -2.0, 4.0, 4.0, 5.0, 4.0, 3.0, -1.0, 4.0, 2.0, 4.0, -2.0, -2.0, -1.0, 9.0, -1.0, -1.0, -8.0, 0.0, 5.0, 2.0, 4.0, -1.0, 5.0, -1.0, 5.0, -8.0, -1.0, -2.0, -1.0, -2.0, -2.0, -10.0, 5.0, -5.0, -1.0, 5.0, 11.0, -1.0, 0.0, -5.0, -2.0, -2.0, 2.0, -2.0, -2.0, -2.0, -8.0, 0.0, -2.0, -7.0, 4.0, -7.0, -1.0, -3.0, -5.0, 4.0, 2.0, -1.0, -2.0, 4.0, 5.0, -4.0, 4.0, -1.0, -1.0, -1.0, 3.0, 9.0, -7.0, 4.0, -2.0, -3.0, -2.0, -2.0, 5.0, 4.0, 4.0, -5.0, -1.0, -1.0, 3.0, -3.0, -1.0, -7.0, 0.0, -1.0, 4.0, 3.0, -5.0, 5.0, 4.0, -1.0, -1.0, 4.0, -3.0, -1.0, -1.0, -2.0, -2.0, 5.0, 5.0, -2.0, 1.0, -7.0, 5.0, 4.0, -2.0, -1.0, 3.0, -1.0, -7.0, -5.0, -2.0, -1.0, -1.0, 5.0, -1.0, 0.0, 4.0, -3.0, -7.0, -2.0, -1.0, -1.0, -2.0, 3.0, -3.0, -2.0, 1.0, 1.0, -3.0, 0.0, -1.0, -8.0, 4.0, 3.0, 1.0, -1.0, -2.0, -7.0, -2.0, -1.0, 3.0, -1.0, -1.0, 5.0, -3.0, 4.0, 0.0, -2.0, -7.0, -7.0, 3.0, 5.0, -1.0, 11.0, 4.0, -1.0, 4.0, -2.0, 0.0, 10.0, 0.0, -7.0, -2.0, -8.0, -2.0, 7.0, -1.0, -1.0, 4.0, 6.0, 5.0, 4.0, 2.0, -1.0, -2.0, 10.0, -4.0, -1.0, -2.0, 4.0, -1.0, -1.0, 0.0, 5.0, -1.0, 2.0, -1.0, -2.0, -1.0, -6.0, 2.0, -1.0, -2.0, 1.0, -2.0, 3.0, -2.0, -2.0, 6.0, -2.0, -2.0, 1.0, -2.0, -2.0, -6.0, 4.0, 1.0, 5.0, -3.0, -3.0, 5.0, 4.0, -6.0, -2.0, -1.0, -1.0, 0.0, -1.0, -3.0, 3.0, 3.0, 1.0, 0.0, 5.0, 1.0, -1.0, -1.0, -2.0, -1.0, 5.0, -3.0, 5.0, -1.0, -12.0, -2.0, -1.0, -1.0, -5.0, -7.0, -1.0, -2.0, -3.0, 6.0, 8.0, -3.0, 0.0, 4.0, 3.0, 5.0, -1.0, 3.0, 4.0, -1.0, 4.0, -1.0, 5.0, -15.0, -7.0, -1.0, -2.0, 1.0, -7.0, 5.0, -1.0, 1.0, -2.0, 6.0, 0.0, -4.0, -1.0, -2.0, 2.0, -2.0, 0.0, -6.0, -8.0, -2.0, 4.0, 4.0, -2.0, 1.0, 1.0, -5.0, 4.0, -1.0, -3.0, 10.0, -2.0, 5.0, 3.0, -1.0, 3.0, 5.0, 4.0, -2.0, -3.0, 4.0, 4.0, -1.0, 3.0, 10.0, -1.0, 2.0, -2.0, 4.0, -2.0, 5.0, -6.0, 5.0, -1.0, -5.0, 4.0, 0.0, 5.0, 0.0, -2.0, -2.0, -8.0, -2.0, -1.0, 5.0, -1.0, 5.0, -2.0, -1.0, -2.0, -2.0, -2.0, -2.0, 10.0, 4.0, 3.0, 3.0, 4.0, 10.0, 4.0, 4.0, -2.0, 0.0, -2.0, -13.0, 4.0, -1.0, 9.0, -2.0, 4.0, 3.0, 4.0, -1.0, -2.0, 5.0, -3.0, -7.0, -2.0, -2.0, -2.0, -7.0, -1.0, -2.0, 0.0, 10.0, 9.0, -1.0, 4.0, -2.0, -2.0, -7.0, 5.0, 11.0, 4.0, 5.0, -1.0, -8.0, 4.0, -2.0, -5.0, 4.0, -1.0, -7.0, -1.0, 4.0, 0.0, -1.0, -1.0, -8.0, -2.0, -1.0, 5.0, 4.0, -9.0, -4.0, -1.0, -14.0, 2.0, -12.0, -2.0, -7.0, 6.0, -1.0, 5.0, -8.0, -7.0, -1.0, -2.0, -4.0, 3.0, -2.0, -7.0, 0.0, 4.0, 5.0, 5.0, 9.0, 5.0, 2.0, -2.0, -1.0, 7.0, -1.0, 3.0, -1.0, 4.0, 4.0, -1.0, -2.0, 5.0, 4.0, -2.0, -2.0, -1.0, 4.0, -1.0, 0.0, -4.0, 3.0, -8.0, 4.0, -5.0, -1.0, -7.0, -2.0, -7.0, -1.0, 3.0, 5.0, -2.0, 5.0, -9.0, 5.0, -2.0, 0.0, -1.0, -5.0, -1.0, -1.0, -14.0, 0.0, 5.0, 11.0, -2.0, 5.0, 5.0, 4.0, 4.0, -1.0, -1.0, 4.0, -2.0, -1.0, -5.0, 4.0, 5.0, 4.0, 2.0, -7.0, -2.0, -2.0, 5.0, 6.0, -1.0, 4.0, 0.0, 5.0, 5.0, -7.0, -6.0, 6.0, 3.0, -7.0, -7.0, -3.0, -7.0, -1.0, 5.0, -6.0, -13.0, 10.0, -1.0, 6.0, 10.0, -1.0, 3.0, -2.0, 0.0, 1.0, -2.0, -3.0, -2.0, 5.0, 5.0, -3.0, -2.0, -6.0, 15.0, 5.0, 3.0, -4.0, 5.0, 0.0, -1.0, 5.0, -2.0, 4.0, -1.0, 5.0, 4.0, -1.0, 4.0, -1.0, 11.0, -2.0, -8.0, -1.0, 8.0, 5.0, 9.0, 2.0, -6.0, 4.0, 3.0, -8.0, -1.0, 11.0, -2.0, -2.0, -20.0, -2.0]",8.191414266461646,0.0034906864166259,0.0,0.0,0
8,8,"[-0.0824586, -0.5009622, 0.027154444, -0.20269926, -0.27832288, -0.58034176, 0.93567085, -0.025745323, -0.38575855, -0.52456766, -0.38642544, -0.5499048, -0.7441943, -0.22158912, -0.6803536, -0.29671612, -0.6159429, 0.54431707, 0.5681496, -0.786635, 0.93325275, 0.9584359, -0.5476554, 0.9256695, 0.49072298, -0.6283509, -0.78935486, 0.3571068, -0.44710693, 0.28601515, -0.77275753, 0.03917249, 0.02172054, 0.98678464, 0.5604993, -0.21130002, -0.6374993, -0.2895905, -0.490967, -0.55826336, -0.5265701, 0.58945346, 0.99225175, 0.45267147, -0.0340677, 0.98303473, 0.21046501, 0.54677683, -0.8876243, 0.36911127, -0.33856592, -0.50988245, 0.08402401, -0.17131412, 0.7827171, 0.50421935, 0.09570066, -0.967558, -0.70627475, 0.9845302, 0.6740042, 0.046500042, 0.13187747, 0.116064146, 0.87496996, 0.5223162, 0.28111264, -0.40647614, -0.5010609, 0.31255645, -0.49681917, -0.9716547, -0.29828972, 0.899038, -0.35178775, -0.52070755, -0.39813656, -0.36394235, -0.60226446, -0.39334545, -0.3574951, 0.78474104, 0.23148477, -0.9535815, 0.21276356, 0.4600076, 0.9835534, 0.55079794, 0.22175424, 0.630521, 0.538748, 0.41409194, -0.009380281, 0.33130226, 0.49967515, -0.21156082, -0.9373483, 0.90944016, -0.61438805, -0.7686571, 0.81429213, -0.26103538, -0.5178379, 0.1333414, -0.6883332, 0.7662188, -0.30127284, 0.97547233, 0.014285769, -0.91695666, 0.5558106, 0.102463, -0.4113394, -0.49966595, -0.84169084, -0.9426322, 0.46196815, -0.35828018, 0.93555725, -0.4876602, 0.0988667, 0.90428674, 0.5927769, 0.2714292, 0.7660601, -0.9178068, 0.08628939, 0.7547892, -0.14021961, 0.43898508, -0.66968155, -0.67331135, 0.60034806, -0.6699341, -0.26518995, 0.03649418, 0.6078783, 0.9409051, 0.37733716, -0.91229707, 0.57680494, 0.32649824, -0.98857313, 0.3297238, -0.22296365, 0.7018746, -0.46680883, 0.2759679, -0.002382875, 0.19877657, 0.9612663, 0.116407655, 0.9754948, -0.6897892, 0.29299024, -0.79785854, 0.31594485, -0.065726966, -0.9350609, 0.59959483, -0.9339338, 0.34144363, -0.42833796, -0.57204753, -0.5135163, 0.0950215, 0.4763083, -0.17221272, -0.5291294, -0.108792216, 0.8081467, 0.7883568, -0.61981004, -0.13641354, -0.6166876, -0.19157626, -0.12374841, 0.5967897, 0.82392704, -0.60427564, 0.1706722, 0.5531868, 0.47837126, 0.7622706, 0.63187337, -0.010951536, -0.16039336, 0.26216158, 0.6614332, -0.7708233, 0.15868379, -0.4346982, 0.8409565, -0.062932454, -0.6176223, 0.23587908, 0.17821206, -0.2104211, -0.8809893, -0.83684164, 0.9454018, 0.3086918, -0.2414386, 0.8320186, 0.98133564, 0.654467, -0.7731124, 0.03065574, 0.50504047, 0.9229124, 0.23274232, 0.2607291, -0.72601354, -0.65514416, -0.22908303, 0.22837625, -0.20137502, 0.42188552, -0.8331888, 0.337774, 0.5532845, -0.9864607, 0.53092635, -0.67208695, -0.41821727, 0.26843032, 0.56830835, 0.86536396, -0.48626497, -0.7385575, -0.19365838, 0.50996304, 0.009178474, -0.65482754, -0.16280423, 0.33906457, 0.7917969, 0.3689661, -0.8303328, 0.6403142, 0.3236553, 0.5662939, -0.92031795, -0.38921797, 0.6435312, -0.38516468, -0.07860775, 0.6376441, -0.039969053, -0.11073801, 0.36184844, 0.7920331, 0.10798328, 0.20763241, -0.50128895, -0.27301198, -0.56135494, -0.5605996, 0.38947088, 0.21585132, -0.34315586, 0.94454116, 0.12092639, -0.010591569, -0.15365328, -0.61682206, -0.5259771, -0.005917529, 0.25806302, -0.28100362, -0.33460924, 0.03803434, 0.07298332, -0.24803723, -0.1943069, -0.74904156, -0.4482094, 0.70558757, -0.99224734, -0.22149073, 0.045640882, 0.36212367, -0.50494564, 0.9533699, 0.69469225, -0.2249465, 0.8255136, 0.8031714, 0.70910126, -0.15883763, -0.5845087, -0.6073831, -0.21422736, -0.4321525, 0.67869836, -0.34652445, -0.12919779, 0.9024718, 0.6159245, -0.8972385, 0.9223544, 0.022736523, 0.9749615, 0.13744703, -0.025753872, 0.19855471, -0.109733, 0.37389082, 0.33987287, -0.2853451, -0.03954744, -0.98639727, -0.07636905, -0.46023467, 0.10854359, -0.81728506, 0.5391092, -0.16660093, 0.79345113, -0.22393619, 0.16537553, 0.51698893, 0.39449504, -0.2985544, 0.19304426, -0.19043419, 0.9231295, -0.7094406, -0.15182991, -0.32547438, 0.18729948, -0.66185576, 0.9300162, -0.8369441, 0.764114, -0.8894136, 0.28663248, 0.6305937, -0.505331, -0.6870068, 0.49403325, 0.86762065, 0.76634204, -0.15396044, 0.68549377, -0.95991653, -0.7910171, -0.24741457, 0.9570802, 0.76895857, 0.7822635, 0.5939697, 0.5773681, -0.06529528, 0.37986857, -0.5430687, -0.51559967, 0.8321587, -0.51528496, -0.44239852, 0.71855146, -0.23871508, -0.98942566, -0.5103726, 0.60019225, -0.3670527, 0.98611957, -0.80877954, -0.19119844, 0.9127399, 0.9199464, 0.35131353, -0.64540607, 0.20765643, 0.8707771, 0.42219463, -0.43254137, -0.03581941, -0.31685588, -0.87934065, -0.59907126, -0.014278386, -0.21547163, -0.47878316, -0.35176358, -0.21540643, 0.4445051, 0.14333357, 0.22334218, 0.31597647, -0.971537, 0.11120614, 0.98414755, 0.3038649, -0.18925811, -0.8853696, 0.85592437, 0.87861216, -0.37081298, 0.24682306, -0.8696222, 0.18575794, -0.78616995, -0.1732651, 0.6033413, 0.24909854, -0.6283047, 0.9999212, -0.30767763, -0.6362448, 0.61910343, -0.17254488, -0.37631258, 0.029003248, 0.6155623, -0.75580674, -0.1326581, 0.473209, -0.532243, -0.40414298, 0.40460485, -0.9715131, 0.7155977, -0.5323897, 0.9790329, -0.004010242, -0.86772335, 0.5265247, -0.9138747, -0.038174234, -0.5630411, 0.7647486, 0.5331016, 0.043897282, -0.68880427, 0.091227666, 0.358774, -0.27428865, 0.7000313, 0.5747569, 0.50897306, -0.4751587, 0.029078113, -0.009547387, 0.826949, 0.06597919, 0.6273188, 0.12570687, 0.94742584, 0.760358, -0.5934009, 0.11678336, -0.29002178, 0.9748166, -0.32908183, 0.21805389, 0.7920863, 0.94022834, 0.59203476, 0.95363885, -0.312534, -0.41579577, -0.66834444, 0.8512831, 0.69845265, -0.22221608, -0.38400507, 0.8847075, -0.0062774145, 0.98530686, -0.7193906, -0.062458955, -0.030742507, 0.3132572, 0.7566374, -0.12025464, 0.367403, 0.26600826, -0.69848555, -0.9911865, -0.648553, -0.23434758, 0.41645056, 0.5823226, 0.8479522, -0.2421947, 0.1813715, -0.5222523, -0.4388222, -0.8471433, 0.44709268, -0.732939, -0.72862625, -0.40565506, -0.9374619, 0.15607712, 0.57370114, 0.4152766, 0.11166014, 0.51886356, -0.85312086, -0.4689538, 0.87239635, 0.38222724, 0.861227, 0.4654621, -0.5833817, 0.8579201, 0.93296194, 0.81907946, -0.95812964, -0.273752, -0.9298484, -0.9151437, -0.26079547, -0.67245144, 0.9787552, 0.73223555, 0.11554728, 0.37884173, -0.39534137, 0.44768667, -0.7917263, -0.74666786, 0.5602922, -0.62557954, -0.05966307, 0.4199137, -0.47678483, -0.7289028, -0.64188486, 0.28656992, 0.21662623, -0.6492582, 0.09484024, -0.80565983, 0.767183, 0.80625695, 0.5887822, 0.14545773, -0.40868118, -0.77010053, -0.28288755, 0.1909342, -0.8348707, -0.3371944, 0.08970613, 0.53399205, 0.5579959, 0.002410692, 0.2240676, 0.027158825, 0.16290648, 0.3197484, 0.4837518, 0.920608, -0.41499475, -0.08825804, 0.72381485, 0.6064047, -0.32298917, 0.9994323, 0.33237386, -0.96432537, -0.5663014, 0.2731715, 0.08819547, -0.40679988, 0.8782416, -0.7955486, -0.39446962, -0.9549721, 0.430992, -0.23007002, 0.9422429, 0.17520855, -0.8412009, -0.0011933836, -0.5976171, 0.09797666, 0.6177688, 0.29081315, 0.03761893, 0.083827466, -0.6529448, 0.0022686888, -0.60875523, 0.6117051, 0.7334192, 0.7801958, -0.53358215, -0.29027885, 0.41210625, -0.36851698, 0.8660521, 0.92901057, -0.44289544, 0.07192941, -0.8866499, -0.77407557, 0.4942442, 0.32442096, -0.29099885, 0.56331885, -0.3205746, 0.34922853, -0.82907313, -0.56064373, 0.7416141, 0.55117285, -0.47330737, 0.85288864, 0.30459133, 0.2705818, -0.23909645, 0.20146987, 0.5636544, 0.5819488, -0.009692966, 0.042740095, 0.69606334, -0.014030813, -0.6468256, 0.66242474, -0.760125, 0.007070674, 0.013429606, 0.14633009, -0.41590834, 0.30421323, 0.058459308, -0.9695686, 0.17499748, -0.3920565, 0.62780786, 0.8222794, -0.9400887, 0.023364577, 0.96433944, -0.28773287, -0.17468122, -0.8636776, 0.124266066, 0.5964467, 0.4145668, 0.6698627, -0.12081701, -0.8931736, -0.5239294, -0.31799164, 0.4029435, -0.02153772, -0.71703774, -0.69799864, 0.3339038, -0.9662078, 0.29937884, -0.72058016, 0.6906591, 0.3454019, 0.7491097, -0.80848014, 0.8628884, -0.23794815, -0.3236755, 0.37557518, -0.20414504, 0.4711268, 0.7732918, -0.29835135, 0.61163753, 0.96939707, -0.251727, 0.5052899, 0.3296472, 0.476841, -0.2846044, -0.6793613, 0.692287, 0.5932273, 0.4738878, -0.6627263, -0.2924157, -0.95990616, 0.6301536, 0.18328413, -0.64385486, -0.919358, -0.6522007, -0.42644033, 0.34073633, 0.13870923, -0.06590248, 0.5072345, -0.2858329, 0.41049552, 0.7139028, 0.30407134, 0.35135382, 0.08104482, -0.36484107, -0.8108018, 0.7226992, 0.27794597, -0.84975797, 0.3757548, -0.02348755, -0.15845995, -0.29933158, -0.19665833, -0.31016332, 0.7258268, 0.92172337, 0.7298746, -0.75629455, -0.18565921, -0.3881679, -0.037653014, -0.81359947, 0.88431054, -0.6376537, -0.63590693, 0.81851864, -0.6170095, -0.5147253, -0.6103354, -0.5766923, 0.38527656, 0.52639544, 0.5378373, -0.079376556, 0.65144265, -0.25533625, -0.7412454, 0.91350526, -0.9311383, -0.428824, 0.31365842, 0.98129946, -0.3053435, 0.77442414, 0.8912862, -0.6747481, 0.6166065, -0.6992573, -0.81246394, -0.075720124, -0.762186, -0.70262194, 0.78006554, -0.10358167, -0.3495835, 0.114182696, 0.2839397, 0.05125716, -0.32371786, -0.22040576, 0.25708175, 0.9677264, -0.5267971, 0.39070314, -0.14104588, -0.4080106, -0.9254147, 0.9839263, 0.06195585, -0.37169105, -0.65677196, 0.5428766, -0.41956365, 0.47960362, -0.47662142, 0.25157228, 0.65696234, -0.050637547, -0.27429718, -0.49458352, 0.9560107, -0.5684523, 0.11227111, 0.4673481, 0.7753411, 0.89714855, -0.23058802, -0.39554882, 0.9433967, -0.41560113, -0.968048, -0.43870094, -0.638996, 0.95776117, 0.8876373, -0.56171614, -0.96967876, -0.38197815, 0.67461044, 0.9261099, -0.99704415, 0.9351276, -0.50853425, -0.17695229, 0.7973694, -0.8432213, -0.079196155, -0.8880129, 0.05238807, -0.24587679, -0.9901675, -0.14459567, 0.15256326, 0.665761, -0.8403174, -0.09356374, -0.98642063, 0.64510095, -0.35335186, -0.3228151, -0.3732912, 0.31424204, 0.40967646, -0.64947194, 0.048207022, 0.9490748, 0.9533079, 0.21327016, 0.0460926, 0.43470025, 0.5263888, 0.8834648, -0.8477866, -0.710873, -0.96715, 0.47178504, 0.6196723, 0.16263622, -0.2835418, -0.5269169, 0.45121083, 0.32843718, 0.4712465, -0.18135594, -0.05511098, 0.25886682, -0.9247062, 0.85224015, -0.88463616, -0.6147933, -0.17416789, 0.856459, 0.17522159, -0.2443106, 0.12452309, -0.789935, -0.24015203, 0.61932164, 0.1747144, 0.07573728, 0.03848488, 0.6186453, -0.9758062, -0.4943515, 0.03671108, 0.79670024, -0.14232552, -0.729731, -0.9453423, 0.7957582, 0.8392535, 0.727038, -0.5550744, 0.41709292, -0.6700536, 0.5776842, 0.4651183, -0.45369065, -0.045457862, 0.07101572, -0.04303761, 0.933075, 0.01672566, 0.42444003, 0.71907043, 0.7493868, -0.4483292, -0.20617783, 0.7021853, 0.54267263, -0.642678, -0.91815037, -0.6915675, 0.4678357, 0.26799577, -0.7527481, 0.6706574, -0.77216274, -0.2947468, 0.7863227, -0.188974, -0.14938037, 0.66771275, 0.6682187, 0.0671677, -0.642644, 0.08959247, -0.5100338, -0.9376421, -0.30871683, 0.847778, 0.6070265, -0.683263, -0.26161727, 0.8618223, 0.73617715, -0.33230284, -0.51268035, -0.4607785, 0.63441074, 0.8936259, -0.76772285, 0.50608766, 0.96432656, -0.64031553, 0.96374565, -0.565257, 0.91721696, -0.829468, 0.23401903, 0.53490806, -0.11879194, -0.35311842, 0.63417953, 0.62386197, -0.18115285, 0.41693652, -0.65724194, 0.36301714, -0.55832106, 0.9671737, -0.117489815, -0.6221664, 0.91339684, -0.179297, -0.93783325, 0.008245107, 0.05653098, -0.39681894, 0.63182664, 0.22794405, -0.40487093, 0.62202394, 0.4883479, 0.14800934, -0.06926259, -0.5953621, 0.55602074, -0.47992188, 0.8895371, 0.4831247, -0.47914442, -0.65026116, -0.35687163, -0.78690004, 0.36278558, 0.56688666, -0.95987594, -0.9797653, -0.53427035, -0.6129792, 0.13959438, -0.8373056, -0.5748227, 0.8771887, -0.51609075, -0.72776014, -0.8298671, -0.7556262, 0.08946722, 0.88703966, 0.7054687, 0.9638965, 0.087606385, -0.37574244, 0.85956705, 0.41640633, -0.36446154, -0.9370102, 0.5764014, 0.3534946, -0.13595895, 0.80787593, 0.28886515, -0.92446536, -0.9148063, -0.4873862, -0.27647272, 0.120762564, 0.07348779, 0.023470799, -0.4755701, 0.22372785]","[-7.0, 4.0, 4.0, -2.0, -1.0, 4.0, -1.0, 2.0, -2.0, -3.0, -2.0, -1.0, 4.0, -2.0, 4.0, -2.0, -2.0, -3.0, -7.0, -1.0, -8.0, -2.0, -2.0, -7.0, 5.0, 10.0, -7.0, -8.0, 3.0, -7.0, -14.0, 4.0, -2.0, 4.0, 5.0, 3.0, 4.0, -6.0, -7.0, -7.0, 0.0, 5.0, -1.0, -4.0, 1.0, 5.0, 3.0, -7.0, -3.0, -2.0, 5.0, 3.0, 5.0, -1.0, 1.0, 1.0, -1.0, -2.0, 0.0, 4.0, 3.0, 4.0, -2.0, 0.0, 3.0, 4.0, -7.0, -3.0, -2.0, 5.0, 5.0, 2.0, -1.0, 4.0, -6.0, 3.0, 4.0, -3.0, -1.0, 6.0, -2.0, -6.0, -1.0, -7.0, 6.0, 10.0, -1.0, -1.0, 0.0, 4.0, -1.0, 6.0, -1.0, 10.0, -2.0, 4.0, 4.0, -3.0, -6.0, -4.0, -1.0, -1.0, 1.0, -1.0, -8.0, 5.0, 1.0, 3.0, 5.0, -3.0, -2.0, -7.0, -7.0, -2.0, 4.0, -8.0, 5.0, -7.0, 5.0, -3.0, 5.0, 5.0, 0.0, 4.0, -2.0, 3.0, -1.0, 4.0, 3.0, -2.0, 5.0, -1.0, -4.0, -7.0, -2.0, -8.0, -1.0, -8.0, 3.0, 4.0, 4.0, 5.0, -2.0, 4.0, 5.0, 4.0, -8.0, 0.0, -7.0, 4.0, -10.0, 5.0, -3.0, 0.0, -2.0, -7.0, 4.0, 4.0, 4.0, -1.0, -3.0, 4.0, 5.0, 3.0, -13.0, -1.0, -7.0, 4.0, -9.0, -5.0, 3.0, -1.0, 5.0, 3.0, 1.0, -2.0, -2.0, -2.0, -3.0, 0.0, 3.0, -2.0, -2.0, -5.0, -2.0, -2.0, 5.0, -6.0, 2.0, 10.0, -3.0, -2.0, 4.0, -4.0, -2.0, 0.0, -2.0, -8.0, -2.0, -2.0, -8.0, -2.0, -2.0, 5.0, -1.0, 5.0, -1.0, -3.0, -1.0, -1.0, 5.0, 4.0, -2.0, 4.0, 1.0, -8.0, 4.0, 4.0, -2.0, -3.0, 4.0, -7.0, -3.0, -7.0, 8.0, 5.0, 4.0, -3.0, 0.0, 4.0, -7.0, 0.0, 5.0, -2.0, 0.0, 4.0, 4.0, 4.0, -1.0, 3.0, 1.0, -1.0, -6.0, 3.0, 2.0, 0.0, 4.0, -5.0, -2.0, 6.0, -2.0, -5.0, -2.0, -1.0, -2.0, -4.0, -1.0, -4.0, -2.0, -2.0, -2.0, 5.0, -7.0, -2.0, 4.0, -1.0, -7.0, 1.0, -7.0, 5.0, 4.0, -1.0, -1.0, -6.0, 6.0, -1.0, 5.0, -2.0, -4.0, -7.0, 4.0, -1.0, 0.0, -1.0, -1.0, 12.0, 0.0, -1.0, 4.0, 4.0, -1.0, -2.0, -8.0, -2.0, -2.0, -1.0, -7.0, -1.0, -3.0, -2.0, 4.0, 3.0, 4.0, -1.0, -1.0, 0.0, -3.0, 4.0, 0.0, -2.0, 3.0, 3.0, -6.0, -1.0, -2.0, 0.0, 1.0, -1.0, 5.0, 4.0, -1.0, -8.0, -1.0, 3.0, 6.0, 1.0, -7.0, 4.0, 5.0, 2.0, 0.0, 0.0, 4.0, 10.0, -2.0, -2.0, -8.0, -2.0, 4.0, 12.0, -1.0, 5.0, -4.0, -7.0, -7.0, 0.0, -1.0, -1.0, -2.0, -1.0, -3.0, -1.0, -1.0, 4.0, 5.0, 5.0, -2.0, -7.0, 3.0, -1.0, -7.0, -1.0, 4.0, -7.0, 6.0, -1.0, 4.0, 10.0, 4.0, -7.0, -1.0, 13.0, 4.0, 9.0, 0.0, 4.0, -3.0, 4.0, 5.0, 4.0, 4.0, 4.0, -2.0, 5.0, -1.0, 4.0, 3.0, 5.0, 5.0, 3.0, 0.0, 5.0, -2.0, 11.0, 5.0, 11.0, -2.0, -2.0, 5.0, 10.0, -3.0, 5.0, 10.0, -1.0, 3.0, -1.0, -7.0, 5.0, -2.0, 4.0, -2.0, 3.0, 3.0, 1.0, -8.0, -2.0, -10.0, 5.0, 0.0, -3.0, -8.0, 1.0, 8.0, -6.0, 6.0, 3.0, -7.0, -7.0, -2.0, -1.0, -1.0, -1.0, -2.0, -2.0, -2.0, -2.0, -14.0, -7.0, -1.0, -7.0, -1.0, -8.0, 4.0, -2.0, 5.0, -2.0, 5.0, -2.0, 5.0, 4.0, -1.0, -2.0, 4.0, 4.0, 5.0, 4.0, 3.0, -1.0, 4.0, 2.0, 4.0, -2.0, -2.0, -1.0, 9.0, -1.0, -1.0, -8.0, 0.0, 5.0, 2.0, 4.0, -1.0, 5.0, -1.0, 5.0, -8.0, -1.0, -2.0, -1.0, -2.0, -2.0, -10.0, 5.0, -5.0, -1.0, 5.0, 11.0, -1.0, 0.0, -5.0, -2.0, -2.0, 2.0, -2.0, -2.0, -2.0, -8.0, 0.0, -2.0, -7.0, 4.0, -7.0, -1.0, -3.0, -5.0, 4.0, 2.0, -1.0, -2.0, 4.0, 5.0, -4.0, 4.0, -1.0, -1.0, -1.0, 3.0, 9.0, -7.0, 4.0, -2.0, -3.0, -2.0, -2.0, 5.0, 4.0, 4.0, -5.0, -1.0, -1.0, 3.0, -3.0, -1.0, -7.0, 0.0, -1.0, 4.0, 3.0, -5.0, 5.0, 4.0, -1.0, -1.0, 4.0, -3.0, -1.0, -1.0, -2.0, -2.0, 5.0, 5.0, -2.0, 1.0, -7.0, 5.0, 4.0, -2.0, -1.0, 3.0, -1.0, -7.0, -5.0, -2.0, -1.0, -1.0, 5.0, -1.0, 0.0, 4.0, -3.0, -7.0, -2.0, -1.0, -1.0, -2.0, 3.0, -3.0, -2.0, 1.0, 1.0, -3.0, 0.0, -1.0, -8.0, 4.0, 3.0, 1.0, -1.0, -2.0, -7.0, -2.0, -1.0, 3.0, -1.0, -1.0, 5.0, -3.0, 4.0, 0.0, -2.0, -7.0, -7.0, 3.0, 5.0, -1.0, 11.0, 4.0, -1.0, 4.0, -2.0, 0.0, 10.0, 0.0, -7.0, -2.0, -8.0, -2.0, 7.0, -1.0, -1.0, 4.0, 6.0, 5.0, 4.0, 2.0, -1.0, -2.0, 10.0, -4.0, -1.0, -2.0, 4.0, -1.0, -1.0, 0.0, 5.0, -1.0, 2.0, -1.0, -2.0, -1.0, -6.0, 2.0, -1.0, -2.0, 1.0, -2.0, 3.0, -2.0, -2.0, 6.0, -2.0, -2.0, 1.0, -2.0, -2.0, -6.0, 4.0, 1.0, 5.0, -3.0, -3.0, 5.0, 4.0, -6.0, -2.0, -1.0, -1.0, 0.0, -1.0, -3.0, 3.0, 3.0, 1.0, 0.0, 5.0, 1.0, -1.0, -1.0, -2.0, -1.0, 5.0, -3.0, 5.0, -1.0, -12.0, -2.0, -1.0, -1.0, -5.0, -7.0, -1.0, -2.0, -3.0, 6.0, 8.0, -3.0, 0.0, 4.0, 3.0, 5.0, -1.0, 3.0, 4.0, -1.0, 4.0, -1.0, 5.0, -15.0, -7.0, -1.0, -2.0, 1.0, -7.0, 5.0, -1.0, 1.0, -2.0, 6.0, 0.0, -4.0, -1.0, -2.0, 2.0, -2.0, 0.0, -6.0, -8.0, -2.0, 4.0, 4.0, -2.0, 1.0, 1.0, -5.0, 4.0, -1.0, -3.0, 10.0, -2.0, 5.0, 3.0, -1.0, 3.0, 5.0, 4.0, -2.0, -3.0, 4.0, 4.0, -1.0, 3.0, 10.0, -1.0, 2.0, -2.0, 4.0, -2.0, 5.0, -6.0, 5.0, -1.0, -5.0, 4.0, 0.0, 5.0, 0.0, -2.0, -2.0, -8.0, -2.0, -1.0, 5.0, -1.0, 5.0, -2.0, -1.0, -2.0, -2.0, -2.0, -2.0, 10.0, 4.0, 3.0, 3.0, 4.0, 10.0, 4.0, 4.0, -2.0, 0.0, -2.0, -13.0, 4.0, -1.0, 9.0, -2.0, 4.0, 3.0, 4.0, -1.0, -2.0, 5.0, -3.0, -7.0, -2.0, -2.0, -2.0, -7.0, -1.0, -2.0, 0.0, 10.0, 9.0, -1.0, 4.0, -2.0, -2.0, -7.0, 5.0, 11.0, 4.0, 5.0, -1.0, -8.0, 4.0, -2.0, -5.0, 4.0, -1.0, -7.0, -1.0, 4.0, 0.0, -1.0, -1.0, -8.0, -2.0, -1.0, 5.0, 4.0, -9.0, -4.0, -1.0, -14.0, 2.0, -12.0, -2.0, -7.0, 6.0, -1.0, 5.0, -8.0, -7.0, -1.0, -2.0, -4.0, 3.0, -2.0, -7.0, 0.0, 4.0, 5.0, 5.0, 9.0, 5.0, 2.0, -2.0, -1.0, 7.0, -1.0, 3.0, -1.0, 4.0, 4.0, -1.0, -2.0, 5.0, 4.0, -2.0, -2.0, -1.0, 4.0, -1.0, 0.0, -4.0, 3.0, -8.0, 4.0, -5.0, -1.0, -7.0, -2.0, -7.0, -1.0, 3.0, 5.0, -2.0, 5.0, -9.0, 5.0, -2.0, 0.0, -1.0, -5.0, -1.0, -1.0, -14.0, 0.0, 5.0, 11.0, -2.0, 5.0, 5.0, 4.0, 4.0, -1.0, -1.0, 4.0, -2.0, -1.0, -5.0, 4.0, 5.0, 4.0, 2.0, -7.0, -2.0, -2.0, 5.0, 6.0, -1.0, 4.0, 0.0, 5.0, 5.0, -7.0, -6.0, 6.0, 3.0, -7.0, -7.0, -3.0, -7.0, -1.0, 5.0, -6.0, -13.0, 10.0, -1.0, 6.0, 10.0, -1.0, 3.0, -2.0, 0.0, 1.0, -2.0, -3.0, -2.0, 5.0, 5.0, -3.0, -2.0, -6.0, 15.0, 5.0, 3.0, -4.0, 5.0, 0.0, -1.0, 5.0, -2.0, 4.0, -1.0, 5.0, 4.0, -1.0, 4.0, -1.0, 11.0, -2.0, -8.0, -1.0, 8.0, 5.0, 9.0, 2.0, -6.0, 4.0, 3.0, -8.0, -1.0, 11.0, -2.0, -2.0, -20.0, -2.0]",8.191414266461646,0.0032801628112792,0.0,0.0,0
9,9,"[-0.20828418, -0.6131243, 0.1822814, -0.011980729, 0.9960568, 0.77560174, 0.74200076, -0.12113187, -0.61923426, 0.086573586, -0.71982443, -0.74328375, 0.8547131, 0.44938, -0.22677837, -0.6315101, -0.4852036, 0.6303726, 0.4543179, -0.80529237, 0.6029917, 0.36413088, 0.56108665, 0.9103074, -0.77963984, -0.27651548, -0.2228263, -0.03285609, -0.26452565, 0.9116395, -0.024650708, 0.85727257, -0.28672883, 0.52700186, -0.2584373, 0.73735434, 0.96873045, 0.58370847, -0.17119542, -0.0035355943, 0.89124966, -0.28276184, 0.10277069, 0.013918617, -0.74171257, 0.028701402, -0.45552436, -0.99030995, -0.94478923, -0.95788616, 0.9062083, -0.85038894, -0.471561, 0.6176935, 0.8587057, 0.43514684, -0.5282607, -0.35073948, -0.86522955, -0.2819084, 0.6046163, -0.808353, 0.27230325, 0.21254165, 0.5507909, -0.7714887, 0.84528536, 0.199292, 0.44196337, -0.2559059, -0.9923804, 0.33179376, 0.59312594, -0.2971735, -0.7684136, 0.562218, -0.84529734, 0.4309727, 0.75799066, 0.37545988, -0.4025225, 0.9688615, -0.6140536, 0.26281157, 0.59394497, 0.34956303, 0.9145013, -0.9959944, -0.7600432, -0.9631127, 0.6999013, -0.4314256, -0.6158817, -0.38174453, 0.04004108, -0.6419359, 0.46482292, 0.8682516, 0.16187303, 0.97492117, -0.8226303, -0.74704796, -0.18491513, -0.8510134, 0.38340724, 0.48809254, -0.4221811, 0.16101688, 0.78361505, -0.36798203, -0.5533337, -0.26555026, 0.7753395, -0.22676358, -0.8698361, 0.709521, 0.082745254, 0.4461245, 0.98281157, 0.21765587, 0.7708005, 0.3098601, -0.681322, 0.74215883, 0.73062825, 0.10703864, -0.8678649, -0.9418124, 0.16940686, -0.79304427, 0.93022245, 0.3343588, 0.7089488, -0.20556934, -0.56197065, -0.98748624, 0.59530467, -0.6911673, -0.07794904, -0.8929383, 0.28882205, -0.37697312, -0.8937197, 0.81155586, 0.974813, 0.52585113, 0.5697723, -0.5556156, 0.92858917, -0.024183959, -0.3257482, -0.7159086, -0.18609495, -0.047705818, 0.060925867, 0.100347444, -0.949925, 0.13650781, -0.62162423, 0.6406679, -0.04254783, 0.34131455, 0.7650462, -0.5391554, -0.6984039, -0.048795506, -0.8950632, 0.46433184, -0.4124931, 0.6644503, -0.37380219, -0.543979, -0.4833348, 0.23108271, 0.5988587, 0.33239818, 0.0015831059, 0.5279745, 0.16841234, -0.6328303, -0.5296185, 0.26146019, -0.62389314, 0.52949476, 0.10787136, 0.7586882, 0.18489967, 0.23601824, 0.5562663, -0.64155173, 0.15482844, 0.89601016, -0.7601812, 0.067088015, -0.06279586, -0.666338, -0.10932965, -0.03928395, 0.41103497, 0.6191422, -0.08587708, 0.8250324, -0.91395855, -0.98801255, -0.44601998, -0.25113207, 0.40423787, 0.8625728, 0.095087424, 0.9907211, 0.051475048, 0.23968558, 0.09132266, -0.6672723, -0.04426918, -0.14828885, 0.045422047, -0.30264413, -0.01247292, -0.9033995, -0.79209656, -0.24282922, -0.2460648, -0.3004951, -0.99003565, 0.9507222, 0.15925775, 0.42086592, -0.9471834, 0.16288711, 0.83180845, 0.19339104, -0.6847511, 0.00047731685, -0.057798345, 0.010391083, -0.9999377, -0.8090842, 0.29296836, 0.942253, 0.4956837, -0.83127505, -0.9483586, 0.7490431, -0.97935206, 0.02439655, 0.45990536, 0.85325795, 0.7747531, -0.37197384, 0.5538558, -0.46039778, 0.56336665, -0.49127182, 0.088139005, 0.7502821, -0.41613445, 0.75152135, 0.37637442, 0.14584714, -0.5806419, -0.98418313, 0.5702958, 0.31651893, -0.37418467, -0.7769766, -0.2165588, 0.69831675, 0.3763778, 0.45162404, -0.85496104, 0.58282626, -0.7138144, -0.85129786, 0.69397104, -0.74882555, 0.4141616, -0.3120722, 0.81461376, 0.5840434, 0.84411615, -0.15973558, 0.3925257, -0.24725908, -0.93023825, -0.7906996, 0.5313401, 0.123531625, 0.09858911, 0.7099667, -0.09737611, 0.6628075, -0.2784279, 0.3046248, -0.51320046, 0.50162625, -0.2869024, -0.5130994, 0.6483028, -0.77465194, 0.48009408, -0.62019664, 0.25258318, 0.49644658, 0.92862004, -0.09438566, 0.90748334, -0.22573656, -0.03765171, -0.7187101, -0.93195945, -0.17440186, -0.08956895, -0.6464, -0.61060953, -0.91661626, -0.36220726, 0.7447174, 0.25143743, -0.6622594, 0.26878068, 0.028428486, 0.5706008, -0.4367821, 0.07838586, 0.93098205, 0.35150635, 0.44632846, 0.6469976, -0.7151409, -0.93017155, 0.67160195, -0.25444543, -0.099954665, 0.00640702, 0.4395466, 0.87412775, -0.31538153, 0.034436136, 0.8251212, 0.41006303, 0.26176807, 0.8031904, 0.5210773, -0.8611326, -0.28842115, 0.65221894, -0.8188994, -0.08661324, 0.57616156, 0.11084418, -0.13597581, 0.6315501, -0.6711203, 0.21424437, 0.96881354, -0.43197304, -0.9072928, 0.5696019, 0.5430723, -0.9057966, 0.056169033, 0.20548382, 0.37826926, 0.09317086, 0.017121846, 0.49115798, -0.060267568, 0.2790621, 0.2456108, -0.53470355, -0.035029583, 0.25065187, -0.31209207, 0.26529962, 0.73560685, 0.7216451, -0.028590417, 0.8435711, 0.60568565, 0.123116516, -0.820375, 0.44643655, 0.8816032, 0.28384736, -0.2772011, -0.85661113, -0.28393918, 0.06802399, 0.3649644, -0.21111074, -0.041203063, -0.57918394, 0.26265052, -0.54336107, 0.26696855, -0.16957112, 0.60015506, -0.81663483, -0.8231227, 0.21585734, -0.9681961, -0.18689981, -0.0685604, -0.2810052, 0.3676979, -0.5529119, -0.24227978, -0.2679571, -0.01085484, 0.86360264, -0.78809494, 0.16734006, -0.77024126, 0.3235369, 0.21027233, -0.23832451, 0.44163647, 0.16866946, 0.019491086, 0.38261315, 0.29620808, 0.9877766, 0.17093639, 0.18960564, -0.342254, 0.39548618, 0.9058005, -0.7625201, -0.5395542, -0.5740193, -0.56185997, 0.53452396, -0.97455955, -0.9887309, 0.95145345, 0.80031514, 0.9606771, 0.96446645, -0.09491168, 0.9765708, 0.9738471, 0.10441547, -0.5110919, 0.47222647, 0.3575371, 0.22901674, 0.7726861, -0.7698409, 0.7320501, -0.8038766, 0.8300104, 0.06925506, 0.95326656, -0.23945439, -0.79549164, 0.53796434, -0.46915105, 0.5134744, 0.34692156, -0.5857565, -0.78228545, 0.36624408, -0.009345866, 0.97443384, -0.6580015, -0.36854887, 0.093785286, -0.08453238, -0.0445263, 0.48840836, 0.18934408, -0.74621975, -0.991162, -0.3559677, 0.44155765, 0.480931, 0.24059556, 0.2992158, 0.8914983, 0.11498732, -0.28696138, 0.37997457, -0.5407139, 0.48819765, -0.34845486, -0.73040724, -0.068395324, 0.9256802, -0.28009197, 0.4561451, -0.89566064, -0.6142801, -0.7630175, 0.22253443, -0.67434597, 0.22238967, -0.6691529, -0.03544926, -0.058450595, 0.16759148, -0.46135628, -0.13495685, 0.084808685, -0.90347886, -0.9136486, 0.4741019, -0.44108889, -0.13649723, -0.17530969, -0.91986513, 0.5753833, 0.85389185, -0.7680682, -0.36897665, 0.12062732, -0.67285764, 0.89559275, -0.38160017, -0.29798713, 0.8851268, -0.35701913, -0.9632041, 0.34521347, 0.103739634, -0.37745684, 0.48008654, -0.5856656, 0.30566588, -0.8696642, -0.5736602, -0.6304743, -0.6772487, 0.89540243, 0.0736228, 0.61284584, 0.5658742, -0.30662036, -0.20681651, 0.34356576, 0.5008645, -0.47630322, -0.6867994, -0.23169227, 0.053354774, 0.4989264, -0.088851236, 0.65607405, -0.48261386, 0.29312766, -0.7130008, 0.42109728, -0.5263663, 0.7042616, -0.73110396, -0.12251773, -0.69246215, -0.20506245, 0.0012004536, 0.38654032, -0.17925861, 0.578856, 0.08799975, 0.1471783, -0.99257475, 0.06568188, -0.056490116, 0.18289562, 0.9312633, 0.66574746, -0.50402236, -0.5291894, -0.92832994, 0.906116, 0.86146444, -0.09106855, -0.30078033, 0.6849546, 0.9345892, 0.3121563, 0.40977836, 0.5084055, 0.91841376, -0.3432895, 0.77127516, -0.5785309, -0.5316267, -0.29613262, 0.9692484, -0.66985124, 0.28079253, 0.36257365, -0.67990345, 0.7596754, -0.91300666, 0.3639286, -0.6623329, 0.9568817, 0.18326196, -0.09846504, 0.8750044, -0.21427985, 0.59885705, -0.8049675, 0.26802745, -0.7654512, -0.20071468, -0.41960585, 0.7649968, -0.7637067, 0.2716118, -0.15890652, -0.023171095, -0.26496494, 0.26407593, -0.45853, 0.7556297, -0.6248947, 0.08591975, -0.7379159, -0.20337859, -0.8418625, 0.2511428, -0.7164967, -0.114493385, -0.9953412, -0.4543553, 0.009903221, 0.24502224, -0.018627834, -0.61131, 0.7138605, -0.36679175, -0.46500224, -0.8996523, -0.11936718, -0.60661113, 0.031698205, -0.9573745, -0.2214741, -0.60375535, 0.77853936, 0.5621567, -0.21009877, 0.77751064, 0.39646515, 0.42809516, -0.9584595, -0.61707884, -0.32862532, 0.083021544, -0.8742506, -0.25981364, 0.6308991, 0.18306251, 0.896211, -0.31220663, 0.5550572, -0.124600224, 0.090965606, 0.81056726, 0.21951032, -0.50618684, -0.6301851, -0.9851205, -0.3192088, 0.6559853, -0.20074977, 0.6425577, 0.18599656, -0.92427385, -0.42987615, 0.099615276, 0.98459136, -0.12098443, -0.048049983, -0.20671588, 0.96034634, -0.2995499, -0.622082, -0.15498354, -0.7053282, -0.8264965, -0.22594522, -0.28100127, 0.46157065, 0.73371494, -0.75812703, 0.16441487, -0.4616194, 0.35261998, -0.44862273, 0.20338969, -0.52327377, -0.79721737, 0.8453994, -0.65623784, 0.6384534, -0.26116994, 0.6306058, 0.94556177, -0.7112794, -0.40146548, 0.1964152, -0.05379262, 0.6876314, -0.33657515, 0.55809647, 0.7756949, 0.41748232, -0.5775632, 0.6719327, -0.10800473, -0.09757128, -0.45521542, -0.8898041, 0.12941507, -0.06219148, 0.6266423, 0.599533, 0.98482496, -0.5826801, -0.62798196, -0.49119905, -0.26922444, -0.5554254, -0.5341715, -0.648839, -0.7764686, -0.3979255, -0.33066744, -0.62435013, 0.6948114, 0.82211417, -0.055909917, 0.43212524, 0.8159516, -0.69755965, 0.85869026, 0.8254324, 0.69882077, 0.24655373, 0.024443345, 0.15974642, -0.68780786, -0.9112355, -0.9432601, -0.7845173, 0.3020022, 0.61365306, 0.68892807, -0.9077702, 0.40096682, -0.43258953, 0.46621054, 0.69612557, -0.34422648, 0.59441876, 0.15814045, 0.2064662, -0.6254412, -0.04832729, 0.47846982, -0.7029881, 0.45614123, 0.66229296, -0.6146982, 0.5363427, 0.19523792, -0.77971816, 0.64870316, 0.08648833, 0.05913436, 0.7853631, 0.639076, -0.94899213, 0.541827, 0.87756366, 0.14464156, -0.5648605, 0.4466459, -0.5832338, 0.16850966, 0.021512546, -0.1224637, 0.53310525, 0.5537352, -0.15649773, 0.12776859, -0.9216838, -0.4959472, -0.64309394, -0.39993948, 0.6424795, -0.10692989, 0.9226953, -0.0872106, -0.9618395, 0.073126376, 0.49071157, -0.6973847, 0.41306356, 0.6942965, -0.53173655, 0.8479061, 0.85781187, 0.8110731, 0.23187727, -0.34266973, -0.7349013, -0.44873118, -0.53777355, -0.7658199, 0.95116657, 0.81042385, 0.14189152, -0.87695223, -0.058060575, -0.9745902, 0.72188765, 0.2806244, 0.4657626, -0.48000073, 0.2898246, 0.35585475, 0.80141264, -0.06796864, 0.0362563, -0.8594024, -0.1664735, 0.83009547, -0.876125, -0.28137615, 0.7738543, 0.28794605, -0.99695516, 0.21680623, 0.8409418, -0.76988155, 0.8361306, 0.95773286, -0.8245156, -0.044274323, 0.10775059, -0.5949625, -0.28707424, -0.83560216, -0.86240137, 0.7241578, 0.5363497, -0.7247042, 0.7791778, 0.33008754, -0.18837537, -0.7206734, -0.8034191, 0.18266541, 0.04956711, 0.51972216, -0.7719193, 0.991379, -0.97669643, -0.48114157, -0.45693412, -0.6218829, -0.5103725, 0.3190215, -0.5902914, -0.026412595, -0.5489323, -0.36813316, 0.4059577, -0.74514854, 0.7980164, -0.68849003, 0.76383775, 0.09637445, -0.0831205, 0.2920037, 0.7979204, 0.6918682, 0.8343691, 0.5212795, -0.8160133, 0.51108885, -0.71068484, -0.8871827, 0.37191364, -0.043089833, 0.7514891, -0.9617977, 0.6352763, 0.048719272, -0.16065672, 0.75217247, -0.99879134, -0.6729521, -0.82862324, -0.7614493, 0.21275778, 0.2899789, -0.505734, 0.26698753, 0.9698362, 0.20561983, -0.9608885, -0.5313742, -0.19635487, -0.77436787, -0.80946714, 0.86332375, 0.23048048, -0.86410266, 0.22654733, -0.8900282, 0.6044012, -0.55251276, -0.10901372, -0.61739296, 0.44256717, 0.30771253, 0.36773932, -0.6497829, -0.23333672, 0.03952953, -0.5495068, -0.7501018, -0.73528713, -0.8640719, -0.2286884, 0.017582646, 0.19669907, -0.2921247, 0.10613401, 0.056377806, 0.11466179, -0.6152015, 0.6093202, 0.5297437, -0.9381818, 0.025660893, -0.36228836, 0.76129395, 0.7651207, -0.50258046, -0.22788464, 0.101526655, 0.96204686, 0.104958095, 0.50935817, -0.3380297, -0.3101051, 0.17600834, 0.5958633, -0.70166487, 0.32807225, 0.5707024, 0.31184027, -0.68182856, -0.16629139, -0.71873146, 0.07875202, 0.77222794, -0.57623726, -0.14496845, 0.6920832, -0.98579246, -0.7803488, 0.4963263, 0.5650887, 0.16273068, 0.10335992, 0.42009446, 0.45873827, 0.11558097, -0.55783033, -0.67607254, 0.5327615, -0.8677527, -0.5880864, 0.5685628, 0.639173, -0.4007161, -0.60751057, 0.5136823, 0.1985089, -0.9872722, 0.48806486, -0.10544653, -0.34593004, -0.52714765, -0.49213573, 0.07414513, 0.36486349, 0.342223, 0.6442138, -0.8918636, 0.75874037, -0.6120258, 0.50933963]","[-7.0, 4.0, 4.0, -2.0, -1.0, 4.0, -1.0, 2.0, -2.0, -3.0, -2.0, -1.0, 4.0, -2.0, 4.0, -2.0, -2.0, -3.0, -7.0, -1.0, -8.0, -2.0, -2.0, -7.0, 5.0, 10.0, -7.0, -8.0, 3.0, -7.0, -14.0, 4.0, -2.0, 4.0, 5.0, 3.0, 4.0, -6.0, -7.0, -7.0, 0.0, 5.0, -1.0, -4.0, 1.0, 5.0, 3.0, -7.0, -3.0, -2.0, 5.0, 3.0, 5.0, -1.0, 1.0, 1.0, -1.0, -2.0, 0.0, 4.0, 3.0, 4.0, -2.0, 0.0, 3.0, 4.0, -7.0, -3.0, -2.0, 5.0, 5.0, 2.0, -1.0, 4.0, -6.0, 3.0, 4.0, -3.0, -1.0, 6.0, -2.0, -6.0, -1.0, -7.0, 6.0, 10.0, -1.0, -1.0, 0.0, 4.0, -1.0, 6.0, -1.0, 10.0, -2.0, 4.0, 4.0, -3.0, -6.0, -4.0, -1.0, -1.0, 1.0, -1.0, -8.0, 5.0, 1.0, 3.0, 5.0, -3.0, -2.0, -7.0, -7.0, -2.0, 4.0, -8.0, 5.0, -7.0, 5.0, -3.0, 5.0, 5.0, 0.0, 4.0, -2.0, 3.0, -1.0, 4.0, 3.0, -2.0, 5.0, -1.0, -4.0, -7.0, -2.0, -8.0, -1.0, -8.0, 3.0, 4.0, 4.0, 5.0, -2.0, 4.0, 5.0, 4.0, -8.0, 0.0, -7.0, 4.0, -10.0, 5.0, -3.0, 0.0, -2.0, -7.0, 4.0, 4.0, 4.0, -1.0, -3.0, 4.0, 5.0, 3.0, -13.0, -1.0, -7.0, 4.0, -9.0, -5.0, 3.0, -1.0, 5.0, 3.0, 1.0, -2.0, -2.0, -2.0, -3.0, 0.0, 3.0, -2.0, -2.0, -5.0, -2.0, -2.0, 5.0, -6.0, 2.0, 10.0, -3.0, -2.0, 4.0, -4.0, -2.0, 0.0, -2.0, -8.0, -2.0, -2.0, -8.0, -2.0, -2.0, 5.0, -1.0, 5.0, -1.0, -3.0, -1.0, -1.0, 5.0, 4.0, -2.0, 4.0, 1.0, -8.0, 4.0, 4.0, -2.0, -3.0, 4.0, -7.0, -3.0, -7.0, 8.0, 5.0, 4.0, -3.0, 0.0, 4.0, -7.0, 0.0, 5.0, -2.0, 0.0, 4.0, 4.0, 4.0, -1.0, 3.0, 1.0, -1.0, -6.0, 3.0, 2.0, 0.0, 4.0, -5.0, -2.0, 6.0, -2.0, -5.0, -2.0, -1.0, -2.0, -4.0, -1.0, -4.0, -2.0, -2.0, -2.0, 5.0, -7.0, -2.0, 4.0, -1.0, -7.0, 1.0, -7.0, 5.0, 4.0, -1.0, -1.0, -6.0, 6.0, -1.0, 5.0, -2.0, -4.0, -7.0, 4.0, -1.0, 0.0, -1.0, -1.0, 12.0, 0.0, -1.0, 4.0, 4.0, -1.0, -2.0, -8.0, -2.0, -2.0, -1.0, -7.0, -1.0, -3.0, -2.0, 4.0, 3.0, 4.0, -1.0, -1.0, 0.0, -3.0, 4.0, 0.0, -2.0, 3.0, 3.0, -6.0, -1.0, -2.0, 0.0, 1.0, -1.0, 5.0, 4.0, -1.0, -8.0, -1.0, 3.0, 6.0, 1.0, -7.0, 4.0, 5.0, 2.0, 0.0, 0.0, 4.0, 10.0, -2.0, -2.0, -8.0, -2.0, 4.0, 12.0, -1.0, 5.0, -4.0, -7.0, -7.0, 0.0, -1.0, -1.0, -2.0, -1.0, -3.0, -1.0, -1.0, 4.0, 5.0, 5.0, -2.0, -7.0, 3.0, -1.0, -7.0, -1.0, 4.0, -7.0, 6.0, -1.0, 4.0, 10.0, 4.0, -7.0, -1.0, 13.0, 4.0, 9.0, 0.0, 4.0, -3.0, 4.0, 5.0, 4.0, 4.0, 4.0, -2.0, 5.0, -1.0, 4.0, 3.0, 5.0, 5.0, 3.0, 0.0, 5.0, -2.0, 11.0, 5.0, 11.0, -2.0, -2.0, 5.0, 10.0, -3.0, 5.0, 10.0, -1.0, 3.0, -1.0, -7.0, 5.0, -2.0, 4.0, -2.0, 3.0, 3.0, 1.0, -8.0, -2.0, -10.0, 5.0, 0.0, -3.0, -8.0, 1.0, 8.0, -6.0, 6.0, 3.0, -7.0, -7.0, -2.0, -1.0, -1.0, -1.0, -2.0, -2.0, -2.0, -2.0, -14.0, -7.0, -1.0, -7.0, -1.0, -8.0, 4.0, -2.0, 5.0, -2.0, 5.0, -2.0, 5.0, 4.0, -1.0, -2.0, 4.0, 4.0, 5.0, 4.0, 3.0, -1.0, 4.0, 2.0, 4.0, -2.0, -2.0, -1.0, 9.0, -1.0, -1.0, -8.0, 0.0, 5.0, 2.0, 4.0, -1.0, 5.0, -1.0, 5.0, -8.0, -1.0, -2.0, -1.0, -2.0, -2.0, -10.0, 5.0, -5.0, -1.0, 5.0, 11.0, -1.0, 0.0, -5.0, -2.0, -2.0, 2.0, -2.0, -2.0, -2.0, -8.0, 0.0, -2.0, -7.0, 4.0, -7.0, -1.0, -3.0, -5.0, 4.0, 2.0, -1.0, -2.0, 4.0, 5.0, -4.0, 4.0, -1.0, -1.0, -1.0, 3.0, 9.0, -7.0, 4.0, -2.0, -3.0, -2.0, -2.0, 5.0, 4.0, 4.0, -5.0, -1.0, -1.0, 3.0, -3.0, -1.0, -7.0, 0.0, -1.0, 4.0, 3.0, -5.0, 5.0, 4.0, -1.0, -1.0, 4.0, -3.0, -1.0, -1.0, -2.0, -2.0, 5.0, 5.0, -2.0, 1.0, -7.0, 5.0, 4.0, -2.0, -1.0, 3.0, -1.0, -7.0, -5.0, -2.0, -1.0, -1.0, 5.0, -1.0, 0.0, 4.0, -3.0, -7.0, -2.0, -1.0, -1.0, -2.0, 3.0, -3.0, -2.0, 1.0, 1.0, -3.0, 0.0, -1.0, -8.0, 4.0, 3.0, 1.0, -1.0, -2.0, -7.0, -2.0, -1.0, 3.0, -1.0, -1.0, 5.0, -3.0, 4.0, 0.0, -2.0, -7.0, -7.0, 3.0, 5.0, -1.0, 11.0, 4.0, -1.0, 4.0, -2.0, 0.0, 10.0, 0.0, -7.0, -2.0, -8.0, -2.0, 7.0, -1.0, -1.0, 4.0, 6.0, 5.0, 4.0, 2.0, -1.0, -2.0, 10.0, -4.0, -1.0, -2.0, 4.0, -1.0, -1.0, 0.0, 5.0, -1.0, 2.0, -1.0, -2.0, -1.0, -6.0, 2.0, -1.0, -2.0, 1.0, -2.0, 3.0, -2.0, -2.0, 6.0, -2.0, -2.0, 1.0, -2.0, -2.0, -6.0, 4.0, 1.0, 5.0, -3.0, -3.0, 5.0, 4.0, -6.0, -2.0, -1.0, -1.0, 0.0, -1.0, -3.0, 3.0, 3.0, 1.0, 0.0, 5.0, 1.0, -1.0, -1.0, -2.0, -1.0, 5.0, -3.0, 5.0, -1.0, -12.0, -2.0, -1.0, -1.0, -5.0, -7.0, -1.0, -2.0, -3.0, 6.0, 8.0, -3.0, 0.0, 4.0, 3.0, 5.0, -1.0, 3.0, 4.0, -1.0, 4.0, -1.0, 5.0, -15.0, -7.0, -1.0, -2.0, 1.0, -7.0, 5.0, -1.0, 1.0, -2.0, 6.0, 0.0, -4.0, -1.0, -2.0, 2.0, -2.0, 0.0, -6.0, -8.0, -2.0, 4.0, 4.0, -2.0, 1.0, 1.0, -5.0, 4.0, -1.0, -3.0, 10.0, -2.0, 5.0, 3.0, -1.0, 3.0, 5.0, 4.0, -2.0, -3.0, 4.0, 4.0, -1.0, 3.0, 10.0, -1.0, 2.0, -2.0, 4.0, -2.0, 5.0, -6.0, 5.0, -1.0, -5.0, 4.0, 0.0, 5.0, 0.0, -2.0, -2.0, -8.0, -2.0, -1.0, 5.0, -1.0, 5.0, -2.0, -1.0, -2.0, -2.0, -2.0, -2.0, 10.0, 4.0, 3.0, 3.0, 4.0, 10.0, 4.0, 4.0, -2.0, 0.0, -2.0, -13.0, 4.0, -1.0, 9.0, -2.0, 4.0, 3.0, 4.0, -1.0, -2.0, 5.0, -3.0, -7.0, -2.0, -2.0, -2.0, -7.0, -1.0, -2.0, 0.0, 10.0, 9.0, -1.0, 4.0, -2.0, -2.0, -7.0, 5.0, 11.0, 4.0, 5.0, -1.0, -8.0, 4.0, -2.0, -5.0, 4.0, -1.0, -7.0, -1.0, 4.0, 0.0, -1.0, -1.0, -8.0, -2.0, -1.0, 5.0, 4.0, -9.0, -4.0, -1.0, -14.0, 2.0, -12.0, -2.0, -7.0, 6.0, -1.0, 5.0, -8.0, -7.0, -1.0, -2.0, -4.0, 3.0, -2.0, -7.0, 0.0, 4.0, 5.0, 5.0, 9.0, 5.0, 2.0, -2.0, -1.0, 7.0, -1.0, 3.0, -1.0, 4.0, 4.0, -1.0, -2.0, 5.0, 4.0, -2.0, -2.0, -1.0, 4.0, -1.0, 0.0, -4.0, 3.0, -8.0, 4.0, -5.0, -1.0, -7.0, -2.0, -7.0, -1.0, 3.0, 5.0, -2.0, 5.0, -9.0, 5.0, -2.0, 0.0, -1.0, -5.0, -1.0, -1.0, -14.0, 0.0, 5.0, 11.0, -2.0, 5.0, 5.0, 4.0, 4.0, -1.0, -1.0, 4.0, -2.0, -1.0, -5.0, 4.0, 5.0, 4.0, 2.0, -7.0, -2.0, -2.0, 5.0, 6.0, -1.0, 4.0, 0.0, 5.0, 5.0, -7.0, -6.0, 6.0, 3.0, -7.0, -7.0, -3.0, -7.0, -1.0, 5.0, -6.0, -13.0, 10.0, -1.0, 6.0, 10.0, -1.0, 3.0, -2.0, 0.0, 1.0, -2.0, -3.0, -2.0, 5.0, 5.0, -3.0, -2.0, -6.0, 15.0, 5.0, 3.0, -4.0, 5.0, 0.0, -1.0, 5.0, -2.0, 4.0, -1.0, 5.0, 4.0, -1.0, 4.0, -1.0, 11.0, -2.0, -8.0, -1.0, 8.0, 5.0, 9.0, 2.0, -6.0, 4.0, 3.0, -8.0, -1.0, 11.0, -2.0, -2.0, -20.0, -2.0]",8.191414266461646,0.0032744407653808,0.0,0.0,0
10,10,"[-0.49491522, -0.47892216, 0.95523643, -0.5061477, 0.5555721, 0.4455893, -0.9760983, -0.44099447, -0.3423616, 0.7438082, 0.28874692, 0.9786181, 0.75260496, 0.94060916, 0.098743364, -0.15908593, 0.08923502, -0.14870235, 0.8810736, -0.60342187, 0.2910503, -0.3038062, 0.09777464, -0.71619797, 0.21292795, -0.55981684, 0.5304323, -0.26501718, 0.75020164, -0.7869327, 0.9930028, -0.9352113, 0.5758726, 0.45704493, -0.9630621, -0.44891715, -0.15131046, 0.97025776, 0.007913895, -0.9275374, 0.26103574, 0.88855344, -0.15060918, 0.65999633, 0.14611758, -0.0216636, -0.63022804, -0.936555, 0.11374458, -0.43428957, 0.29481855, -0.28620443, 0.23777147, -0.13029444, 0.027881227, 0.5712993, 0.08440445, 0.38995367, 0.8217563, 0.4936529, -0.02072757, -0.7322061, 0.68055344, -0.89153826, 0.13823971, 0.5107049, 0.56704015, 0.8943585, -0.8077628, 0.95728433, 0.76926935, -0.021354752, -0.5563703, -0.29709285, 0.9769623, 0.16162394, -0.44338405, 0.72586834, 0.39010137, 0.49763316, -0.23996882, -0.35026318, 0.72637606, -0.76727325, -0.46715876, 0.23779023, -0.39077294, -0.08128558, -0.74233073, -0.4599807, -0.48404104, 0.031690568, 0.5965642, -0.35672227, 0.008279357, -0.61673975, 0.17228726, 0.6141005, 0.9094228, 0.6724386, -0.92905414, -0.013740556, 0.8742053, 0.58242124, 0.16314171, -0.24408582, 0.32978794, -0.6677856, 0.12314641, 0.6279435, -0.8801892, -0.31601316, -0.22252381, -0.9842822, -0.17964678, -0.38300538, 0.5845584, -0.59634143, -0.060624562, 0.85400844, 0.9251559, -0.2276422, 0.72253, -0.41281122, 0.12350956, -0.65949875, -0.7235275, 0.2024805, -0.045530155, 0.75503933, 0.57146734, 0.45206437, -0.90247136, -0.5845215, -0.22035657, 0.71785975, 0.98536646, 0.457746, 0.23773836, -0.54480094, 0.81596977, -0.05467513, -0.8336727, -0.3854364, -0.89089394, -0.22858372, -0.8087811, 0.65343183, -0.56171054, -0.2758167, 0.28448817, -0.7209251, -0.83757114, 0.7090787, 0.568347, 0.63749796, -0.66611373, -0.36471617, -0.33181635, 0.86438656, -0.869693, -0.7444725, 0.20804326, 0.060342174, 0.049249735, -0.16326118, -0.04428317, 0.32999498, 0.47588006, -0.38044992, -0.6647656, -0.5308584, 0.8332117, -0.41426912, -0.26627597, -0.8629585, -0.20254886, -0.15669778, -0.22060367, 0.43063426, 0.15700851, -0.35158926, 0.32772988, -0.8266155, 0.6987275, -0.10270649, 0.61168504, -0.066463895, -0.37372556, 0.09090287, 0.79500204, 0.562106, 0.44910306, 0.9165381, 0.47806686, 0.114517994, 0.8574675, -0.45982614, 0.12109419, 0.51516634, -0.6096699, 0.4320759, 0.8866902, -0.9889719, 0.11824416, -0.34566903, -0.88832694, -0.7927764, -0.82763904, 0.7018598, -0.3835443, 0.6631235, 0.40504152, 0.51106626, 0.9998155, 0.67652386, 0.67979085, 0.7441511, -0.8020089, -0.4933174, 0.35088676, 0.51878685, -0.93259346, 0.52423704, 0.33462858, 0.14441897, -0.90609896, 0.37938303, 0.9494888, 0.30300602, 0.6043745, 0.23577191, -0.35041288, 0.53473747, -0.4865457, 0.98552763, -0.060222313, 0.19933185, 0.8676378, 0.118879095, -0.5226099, -0.4653532, 0.49594492, -0.5216502, -0.8206334, 0.9428159, 0.4182259, -0.30299145, -0.79912984, 0.22848845, 0.028382987, 0.1148522, 0.5707843, 0.86330616, 0.28157896, 0.9779714, -0.8906976, 0.9146402, 0.7989804, -0.31645018, -0.512866, -0.8407106, 0.37994424, -0.12883267, -0.89152753, 0.33277932, 0.49057096, -0.11988226, 0.52781045, -0.73782086, 0.118702844, 0.095442764, -0.06764347, -0.58440363, -0.5186603, 0.78124464, -0.9720159, -0.27192846, 0.1838117, 0.90813154, 0.1870598, 0.9005181, -0.22125676, -0.64127535, -0.3924683, -0.96895236, 0.5912493, -0.5449436, 0.8647275, -0.63470453, 0.5808416, -0.9173781, 0.21635953, -0.86096436, -0.61781776, -0.36011732, -0.6520493, 0.655747, 0.42403176, -0.8290321, -0.2599457, 0.560248, -0.49268973, 0.9893943, -0.5206151, -0.14608121, 0.73262584, -0.35663128, 0.8727307, -0.5801451, -0.13337298, 0.5556927, -0.2782066, -0.92979735, -0.81341946, -0.5874362, 0.09909753, 0.22860132, 0.9120924, -0.24052638, 0.5371558, 0.5107058, 0.9919368, -0.39926395, -0.76778233, -0.37405083, -0.29126173, -0.06087504, 0.113865405, -0.043940883, 0.30277708, -0.90686685, -0.73166895, -0.94977856, 0.31457874, 0.5272378, 0.028590923, 0.32475293, 0.98835146, -0.73185176, -0.9092568, -0.6402818, 0.75880843, 0.027374357, -0.37570408, 0.993155, -0.18923496, 0.8058018, 0.33197635, -0.07544585, 0.23551379, 0.83796656, 0.5270803, -0.5592832, 0.15114763, 0.32184178, -0.9364367, 0.20542392, 0.096205406, 0.23375191, -0.047569975, -0.85534227, -0.8235567, -0.1695685, 0.4330832, 0.39594242, -0.81889045, 0.18772645, 0.7178758, -0.81894416, -0.945346, 0.7202863, 0.457255, -0.20805912, -0.71025693, 0.60388273, 0.375331, -0.7370539, -0.7301623, 0.43602103, 0.22175008, -0.45880783, 0.8305073, -0.5462139, -0.97609204, 0.674288, -0.20072378, 0.11647107, -0.660637, -0.05166716, 0.96363574, 0.106265225, 0.87951607, 0.2095325, 0.9250512, -0.7401441, -0.30498582, -0.07503379, -0.56401175, 0.6663553, 0.90553176, 0.8289948, -0.330171, -0.31224865, 0.6253139, 0.22470847, 0.68505174, -0.53502434, 0.9166389, -0.7427082, 0.588783, 0.9847666, 0.1292329, 0.42083234, 0.39145303, 0.34012145, -0.33726424, -0.51650584, 0.5136206, 0.49847937, -0.7936063, -0.60085154, 0.62205493, -0.9222916, 0.624124, 0.30713156, -0.2259298, 0.6931507, 0.4008745, 0.3879899, -0.062724374, -0.9236308, -0.48125833, 0.05207052, 0.593871, 0.34476766, -0.53738344, 0.9177032, 0.40902564, 0.510046, -0.011087327, -0.43060023, 0.9472775, -0.50049406, -0.43323472, -0.60609376, 0.7095052, -0.08387189, 0.4401359, -0.34785435, -0.926148, -0.7369303, -0.21842352, -0.5508237, -0.6177307, -0.5068037, 0.9251378, -0.4796735, 0.41210413, -0.87726, -0.18087956, -0.783344, -0.8273815, 0.63634264, -0.45414653, 0.7213491, -0.737321, -0.5309105, 0.68167967, -0.99165386, -0.5119409, -0.8450849, 0.91543406, -0.985456, 0.37441832, 0.70321184, -0.73506504, -0.47084713, 0.8415995, -0.2639336, 0.9785685, 0.17268313, -0.4168441, 0.80444574, -0.54338217, -0.8797428, -0.7390404, 0.618572, 0.9034436, -0.3764391, 0.7429018, 0.8977739, -0.55621463, -0.5224041, 0.27929407, -0.01863694, 0.444103, -0.9397485, -0.68409985, -0.99564224, 0.19164596, -0.40930784, -0.39845172, 0.031348363, -0.7093912, -0.6618279, -0.30546775, 0.22440487, 0.9648548, 0.15823643, -0.8430272, -0.6528786, 0.9296976, 0.48653588, -0.109674506, 0.98352844, -0.8887362, -0.1346563, -0.40686238, -0.10644455, 0.914575, -0.10054379, -0.6751048, 0.96597266, -0.9571262, 0.22744922, 0.8139386, -0.09542976, 0.2783738, 0.68104637, 0.30366695, 0.083822526, -0.5782146, -0.7829059, 0.49396798, -0.11831661, 0.7501554, 0.89470154, 0.34684414, 0.839904, 0.022800611, -0.7803411, -0.4941965, -0.7798237, 0.8546436, 0.49783078, -0.7188085, 0.90275985, 0.96168196, -0.46763512, 0.53545976, 0.41610977, -0.6908475, -0.43014717, -0.58370763, -0.62965333, -0.36248487, -0.1344045, -0.44403246, 0.33697405, -0.95764416, -0.39374083, -0.13465337, -0.5241356, -0.20654523, 0.24941528, -0.20139341, -0.73620945, -0.050120596, 0.14465055, 0.70392644, 0.58489275, -0.045345303, -0.7248979, 0.8082672, -0.792771, -0.0026691363, 0.5037244, -0.046610344, -0.37795883, 0.69489497, -0.6801375, -0.85945725, -0.36126438, 0.6278204, -0.3076648, -0.93361735, -0.78889745, 0.14572449, 0.016551262, 0.20265898, 0.6026556, -0.7153331, -0.8073726, -0.4680664, 0.62133616, 0.036174625, 0.73113346, 0.7999776, 0.42103192, 0.25946015, 0.9790278, 0.5638155, 0.204419, -0.8215776, 0.3271741, -0.15288456, -0.95805275, 0.02330601, -0.7778883, -0.6699735, 0.7442442, 0.78227514, -0.3255018, -0.80178946, -0.039632767, 0.45273378, 0.107125066, -0.7970072, -0.710344, 0.20836116, -0.17690216, 0.93636847, 0.67603076, -0.34253168, 0.6046843, 0.7956791, 0.25319776, -0.26127076, 0.5259791, 0.23835294, 0.4526922, -0.99732107, -0.6047884, 0.1720329, -0.2680651, -0.7120871, -0.822955, 0.8830595, 0.6148426, 0.9606629, 0.50697327, 0.9614346, 0.43301204, 0.1853323, -0.780896, -0.1881189, 0.9253295, 0.4790147, -0.88999015, -0.94035494, -0.1757881, 0.63628316, 0.95502454, -0.6377578, -0.7709687, 0.12881374, -0.64515096, 0.7770613, 0.078313485, -0.13549578, 0.51521826, 0.47373438, 0.97370434, 0.5100743, -0.6300904, -0.67400366, 0.2390885, 0.5681576, 0.91804, 0.24725388, 0.33151937, -0.9917903, 0.3883103, -0.45985135, 0.43071058, 0.44405493, -0.3336239, 0.3338819, 0.0059125954, 0.2544234, -0.8275605, -0.2795696, 0.87314916, -0.87740016, -0.19749464, 0.8717532, 0.26773828, -0.021620836, -0.9914567, -0.68833804, -0.17161305, 0.35575536, -0.91645956, 0.17010011, 0.48650336, -0.114737146, 0.11044446, -0.90226513, 0.43688723, 0.16860136, -0.65444267, -0.17022313, 0.23090062, -0.9011168, 0.80575246, 0.61602694, 0.5439442, -0.31036466, 0.4699704, -0.67812675, -0.53592056, -0.18312006, 0.71937895, -0.97997594, 0.42328656, -0.9897855, 0.9566489, 0.40212655, -0.8643544, -0.9166184, 0.9085267, 0.35330188, -0.7039926, -0.6281067, -0.7874656, -0.08380152, 0.72762096, -0.27017486, 0.39062417, 0.06458904, 0.8733067, -0.15203306, -0.9492471, 0.7427509, -0.9163312, -0.6329137, 0.07580058, -0.39894605, -0.92195594, -0.065308474, -0.82102543, -0.7127177, 0.34216726, 0.30500907, 0.49559522, -0.74374884, 0.47396356, -0.58338106, -0.65983945, -0.98563665, -0.6979919, 0.23867112, 0.5665624, 0.6223688, -0.011184313, 0.27244574, -0.53267246, 0.7343681, -0.7196571, -0.17988876, -0.16506433, -0.80690944, 0.25671357, -0.61266696, -0.30833986, 0.7032926, 0.9288928, 0.4731221, -0.44055817, -0.6908339, -0.630237, -0.84656954, 0.3619807, 0.12791598, -0.14572027, -0.098355375, 0.61577004, 0.047010913, -0.56990886, -0.1236478, 0.14964788, -0.70380026, -0.061387934, -0.14976384, 0.8583403, -0.8912774, -0.06808413, 0.7703109, -0.96731955, 0.8417359, -0.18865044, 0.16668893, -0.12930782, -0.018201262, 0.9828393, 0.25732073, 0.46189806, -0.32676336, -0.7413853, -0.5780602, 0.11690553, 0.6246816, -0.8735135, 0.986428, 0.0137126, -0.9754168, -0.50892293, 0.4836909, -0.9436748, 0.7168253, -0.024369642, -0.7617716, -0.5636867, 0.20737605, 0.37048468, -0.845592, 0.9117013, -0.46100438, -0.45826203, -0.33817032, 0.827532, -0.5603747, 0.18025394, -0.6362617, 0.30724046, 0.37169206, -0.39438176, -0.72815186, -0.1966361, -0.22468221, -0.2827869, -0.8744634, -0.84292465, -0.39502558, -0.6562645, -0.9097737, 0.3081064, 0.13550428, -0.040240016, 0.35357893, 0.9507111, 0.5494244, -0.17637049, -0.025785014, -0.12501432, 0.38440737, -0.5227585, 0.861195, 0.47471958, 0.5298423, 0.4564722, -0.04901603, -0.30266112, 0.8749279, -0.4215006, 0.22790068, -0.46683154, -0.50372154, -0.58487254, 0.05749007, 0.4521867, 0.79636246, 0.80221367, -0.5440465, 0.23279893, -0.32752395, 0.77543783, 0.74066573, -0.7690681, -0.80778646, -0.6324747, 0.3584789, 0.22021818, 0.235829, 0.010781512, 0.73541427, 0.4255567, -0.45243728, 0.20913233, 0.7162264, -0.94941497, 0.51375985, 0.9201638, -0.23677744, -0.36895466, 0.35410696, -0.8497921, -0.33786032, 0.59177434, 0.6518289, -0.8040412, 0.32654583, 0.021961424, -0.65531105, -0.32648405, 0.9701025, 0.79103607, -0.0009951603, -0.46377137, -0.4503843, -0.84622794, 0.58031225, -0.79502624, -0.6325272, 0.23048577, 0.6450355, -0.51136905, 0.31743985, 0.49482402, 0.34743014, 0.46908984, 0.037502088, -0.6518507, 0.3242079, -0.25338832, 0.626541, 0.44833997, 0.4916943, -0.81424785, 0.46479627, -0.7236913, 0.004408606, -0.7986744, -0.49654734, 0.48556668, -0.34680772, 0.6913734, -0.6765825, -0.40847754, 0.98263824, 0.84252644, -0.27727574, 0.49041802, -0.76945746, 0.2633582, -0.3944135, 0.42115575, 0.14357714, 0.16867651, 0.043418318, 0.7127547, -0.1462038, -0.65918666, 0.4586443, 0.38907057, -0.6597447, 0.53991926, 0.2342249, -0.7185707, -0.43058002, 0.22023134, -0.86916304, 0.5161609, 0.8084882, -0.52052814, -0.15113844, 0.15266871, 0.019405805, 0.28397298, -0.25233597, 0.9445992, -0.5815175, 0.96768546, 0.6678926, -0.040391527, -0.525631, 0.6553079, 0.45029438, 0.6984589, 0.19098058, 0.09409469, 0.73716104, 0.5643232, 0.8927865, 0.5194817, 0.7894005, 0.1413561, 0.02979426, -0.84211534, -0.31207523, 0.30743632, -0.1303026, -0.46054223, -0.86883736, -0.24967073, -0.39601916, -0.4945014, 0.19457623, 0.5229166, 0.7896396, 0.17635547, -0.2713168, -0.031856317, 0.6249889, -0.7175923, 0.77487177, 0.43305153, 0.72448874, 0.8054968]","[-7.0, 4.0, 4.0, -2.0, -1.0, 4.0, -1.0, 2.0, -2.0, -3.0, -2.0, -1.0, 4.0, -2.0, 4.0, -2.0, -2.0, -3.0, -7.0, -1.0, -8.0, -2.0, -2.0, -7.0, 5.0, 10.0, -7.0, -8.0, 3.0, -7.0, -14.0, 4.0, -2.0, 4.0, 5.0, 3.0, 4.0, -6.0, -7.0, -7.0, 0.0, 5.0, -1.0, -4.0, 1.0, 5.0, 3.0, -7.0, -3.0, -2.0, 5.0, 3.0, 5.0, -1.0, 1.0, 1.0, -1.0, -2.0, 0.0, 4.0, 3.0, 4.0, -2.0, 0.0, 3.0, 4.0, -7.0, -3.0, -2.0, 5.0, 5.0, 2.0, -1.0, 4.0, -6.0, 3.0, 4.0, -3.0, -1.0, 6.0, -2.0, -6.0, -1.0, -7.0, 6.0, 10.0, -1.0, -1.0, 0.0, 4.0, -1.0, 6.0, -1.0, 10.0, -2.0, 4.0, 4.0, -3.0, -6.0, -4.0, -1.0, -1.0, 1.0, -1.0, -8.0, 5.0, 1.0, 3.0, 5.0, -3.0, -2.0, -7.0, -7.0, -2.0, 4.0, -8.0, 5.0, -7.0, 5.0, -3.0, 5.0, 5.0, 0.0, 4.0, -2.0, 3.0, -1.0, 4.0, 3.0, -2.0, 5.0, -1.0, -4.0, -7.0, -2.0, -8.0, -1.0, -8.0, 3.0, 4.0, 4.0, 5.0, -2.0, 4.0, 5.0, 4.0, -8.0, 0.0, -7.0, 4.0, -10.0, 5.0, -3.0, 0.0, -2.0, -7.0, 4.0, 4.0, 4.0, -1.0, -3.0, 4.0, 5.0, 3.0, -13.0, -1.0, -7.0, 4.0, -9.0, -5.0, 3.0, -1.0, 5.0, 3.0, 1.0, -2.0, -2.0, -2.0, -3.0, 0.0, 3.0, -2.0, -2.0, -5.0, -2.0, -2.0, 5.0, -6.0, 2.0, 10.0, -3.0, -2.0, 4.0, -4.0, -2.0, 0.0, -2.0, -8.0, -2.0, -2.0, -8.0, -2.0, -2.0, 5.0, -1.0, 5.0, -1.0, -3.0, -1.0, -1.0, 5.0, 4.0, -2.0, 4.0, 1.0, -8.0, 4.0, 4.0, -2.0, -3.0, 4.0, -7.0, -3.0, -7.0, 8.0, 5.0, 4.0, -3.0, 0.0, 4.0, -7.0, 0.0, 5.0, -2.0, 0.0, 4.0, 4.0, 4.0, -1.0, 3.0, 1.0, -1.0, -6.0, 3.0, 2.0, 0.0, 4.0, -5.0, -2.0, 6.0, -2.0, -5.0, -2.0, -1.0, -2.0, -4.0, -1.0, -4.0, -2.0, -2.0, -2.0, 5.0, -7.0, -2.0, 4.0, -1.0, -7.0, 1.0, -7.0, 5.0, 4.0, -1.0, -1.0, -6.0, 6.0, -1.0, 5.0, -2.0, -4.0, -7.0, 4.0, -1.0, 0.0, -1.0, -1.0, 12.0, 0.0, -1.0, 4.0, 4.0, -1.0, -2.0, -8.0, -2.0, -2.0, -1.0, -7.0, -1.0, -3.0, -2.0, 4.0, 3.0, 4.0, -1.0, -1.0, 0.0, -3.0, 4.0, 0.0, -2.0, 3.0, 3.0, -6.0, -1.0, -2.0, 0.0, 1.0, -1.0, 5.0, 4.0, -1.0, -8.0, -1.0, 3.0, 6.0, 1.0, -7.0, 4.0, 5.0, 2.0, 0.0, 0.0, 4.0, 10.0, -2.0, -2.0, -8.0, -2.0, 4.0, 12.0, -1.0, 5.0, -4.0, -7.0, -7.0, 0.0, -1.0, -1.0, -2.0, -1.0, -3.0, -1.0, -1.0, 4.0, 5.0, 5.0, -2.0, -7.0, 3.0, -1.0, -7.0, -1.0, 4.0, -7.0, 6.0, -1.0, 4.0, 10.0, 4.0, -7.0, -1.0, 13.0, 4.0, 9.0, 0.0, 4.0, -3.0, 4.0, 5.0, 4.0, 4.0, 4.0, -2.0, 5.0, -1.0, 4.0, 3.0, 5.0, 5.0, 3.0, 0.0, 5.0, -2.0, 11.0, 5.0, 11.0, -2.0, -2.0, 5.0, 10.0, -3.0, 5.0, 10.0, -1.0, 3.0, -1.0, -7.0, 5.0, -2.0, 4.0, -2.0, 3.0, 3.0, 1.0, -8.0, -2.0, -10.0, 5.0, 0.0, -3.0, -8.0, 1.0, 8.0, -6.0, 6.0, 3.0, -7.0, -7.0, -2.0, -1.0, -1.0, -1.0, -2.0, -2.0, -2.0, -2.0, -14.0, -7.0, -1.0, -7.0, -1.0, -8.0, 4.0, -2.0, 5.0, -2.0, 5.0, -2.0, 5.0, 4.0, -1.0, -2.0, 4.0, 4.0, 5.0, 4.0, 3.0, -1.0, 4.0, 2.0, 4.0, -2.0, -2.0, -1.0, 9.0, -1.0, -1.0, -8.0, 0.0, 5.0, 2.0, 4.0, -1.0, 5.0, -1.0, 5.0, -8.0, -1.0, -2.0, -1.0, -2.0, -2.0, -10.0, 5.0, -5.0, -1.0, 5.0, 11.0, -1.0, 0.0, -5.0, -2.0, -2.0, 2.0, -2.0, -2.0, -2.0, -8.0, 0.0, -2.0, -7.0, 4.0, -7.0, -1.0, -3.0, -5.0, 4.0, 2.0, -1.0, -2.0, 4.0, 5.0, -4.0, 4.0, -1.0, -1.0, -1.0, 3.0, 9.0, -7.0, 4.0, -2.0, -3.0, -2.0, -2.0, 5.0, 4.0, 4.0, -5.0, -1.0, -1.0, 3.0, -3.0, -1.0, -7.0, 0.0, -1.0, 4.0, 3.0, -5.0, 5.0, 4.0, -1.0, -1.0, 4.0, -3.0, -1.0, -1.0, -2.0, -2.0, 5.0, 5.0, -2.0, 1.0, -7.0, 5.0, 4.0, -2.0, -1.0, 3.0, -1.0, -7.0, -5.0, -2.0, -1.0, -1.0, 5.0, -1.0, 0.0, 4.0, -3.0, -7.0, -2.0, -1.0, -1.0, -2.0, 3.0, -3.0, -2.0, 1.0, 1.0, -3.0, 0.0, -1.0, -8.0, 4.0, 3.0, 1.0, -1.0, -2.0, -7.0, -2.0, -1.0, 3.0, -1.0, -1.0, 5.0, -3.0, 4.0, 0.0, -2.0, -7.0, -7.0, 3.0, 5.0, -1.0, 11.0, 4.0, -1.0, 4.0, -2.0, 0.0, 10.0, 0.0, -7.0, -2.0, -8.0, -2.0, 7.0, -1.0, -1.0, 4.0, 6.0, 5.0, 4.0, 2.0, -1.0, -2.0, 10.0, -4.0, -1.0, -2.0, 4.0, -1.0, -1.0, 0.0, 5.0, -1.0, 2.0, -1.0, -2.0, -1.0, -6.0, 2.0, -1.0, -2.0, 1.0, -2.0, 3.0, -2.0, -2.0, 6.0, -2.0, -2.0, 1.0, -2.0, -2.0, -6.0, 4.0, 1.0, 5.0, -3.0, -3.0, 5.0, 4.0, -6.0, -2.0, -1.0, -1.0, 0.0, -1.0, -3.0, 3.0, 3.0, 1.0, 0.0, 5.0, 1.0, -1.0, -1.0, -2.0, -1.0, 5.0, -3.0, 5.0, -1.0, -12.0, -2.0, -1.0, -1.0, -5.0, -7.0, -1.0, -2.0, -3.0, 6.0, 8.0, -3.0, 0.0, 4.0, 3.0, 5.0, -1.0, 3.0, 4.0, -1.0, 4.0, -1.0, 5.0, -15.0, -7.0, -1.0, -2.0, 1.0, -7.0, 5.0, -1.0, 1.0, -2.0, 6.0, 0.0, -4.0, -1.0, -2.0, 2.0, -2.0, 0.0, -6.0, -8.0, -2.0, 4.0, 4.0, -2.0, 1.0, 1.0, -5.0, 4.0, -1.0, -3.0, 10.0, -2.0, 5.0, 3.0, -1.0, 3.0, 5.0, 4.0, -2.0, -3.0, 4.0, 4.0, -1.0, 3.0, 10.0, -1.0, 2.0, -2.0, 4.0, -2.0, 5.0, -6.0, 5.0, -1.0, -5.0, 4.0, 0.0, 5.0, 0.0, -2.0, -2.0, -8.0, -2.0, -1.0, 5.0, -1.0, 5.0, -2.0, -1.0, -2.0, -2.0, -2.0, -2.0, 10.0, 4.0, 3.0, 3.0, 4.0, 10.0, 4.0, 4.0, -2.0, 0.0, -2.0, -13.0, 4.0, -1.0, 9.0, -2.0, 4.0, 3.0, 4.0, -1.0, -2.0, 5.0, -3.0, -7.0, -2.0, -2.0, -2.0, -7.0, -1.0, -2.0, 0.0, 10.0, 9.0, -1.0, 4.0, -2.0, -2.0, -7.0, 5.0, 11.0, 4.0, 5.0, -1.0, -8.0, 4.0, -2.0, -5.0, 4.0, -1.0, -7.0, -1.0, 4.0, 0.0, -1.0, -1.0, -8.0, -2.0, -1.0, 5.0, 4.0, -9.0, -4.0, -1.0, -14.0, 2.0, -12.0, -2.0, -7.0, 6.0, -1.0, 5.0, -8.0, -7.0, -1.0, -2.0, -4.0, 3.0, -2.0, -7.0, 0.0, 4.0, 5.0, 5.0, 9.0, 5.0, 2.0, -2.0, -1.0, 7.0, -1.0, 3.0, -1.0, 4.0, 4.0, -1.0, -2.0, 5.0, 4.0, -2.0, -2.0, -1.0, 4.0, -1.0, 0.0, -4.0, 3.0, -8.0, 4.0, -5.0, -1.0, -7.0, -2.0, -7.0, -1.0, 3.0, 5.0, -2.0, 5.0, -9.0, 5.0, -2.0, 0.0, -1.0, -5.0, -1.0, -1.0, -14.0, 0.0, 5.0, 11.0, -2.0, 5.0, 5.0, 4.0, 4.0, -1.0, -1.0, 4.0, -2.0, -1.0, -5.0, 4.0, 5.0, 4.0, 2.0, -7.0, -2.0, -2.0, 5.0, 6.0, -1.0, 4.0, 0.0, 5.0, 5.0, -7.0, -6.0, 6.0, 3.0, -7.0, -7.0, -3.0, -7.0, -1.0, 5.0, -6.0, -13.0, 10.0, -1.0, 6.0, 10.0, -1.0, 3.0, -2.0, 0.0, 1.0, -2.0, -3.0, -2.0, 5.0, 5.0, -3.0, -2.0, -6.0, 15.0, 5.0, 3.0, -4.0, 5.0, 0.0, -1.0, 5.0, -2.0, 4.0, -1.0, 5.0, 4.0, -1.0, 4.0, -1.0, 11.0, -2.0, -8.0, -1.0, 8.0, 5.0, 9.0, 2.0, -6.0, 4.0, 3.0, -8.0, -1.0, 11.0, -2.0, -2.0, -20.0, -2.0]",8.191414266461646,0.0848855972290039,0.0,0.0,0
11,11,"[0.46153155, -0.87906057, 0.48610783, -0.10646692, -0.9070081, -0.15294671, -0.035581276, 0.21263306, -0.4725875, -0.17050646, -0.76477313, -0.32758594, 0.5860005, -0.9609979, -0.66232353, -0.3984069, -0.7999704, -0.7186688, -0.34986362, -0.3085026, 0.04371687, 0.5698627, -0.79469025, -0.8944482, 0.48318, -0.26458636, -0.9885378, -0.26955432, -0.26029432, -0.21699268, 0.87355274, -0.5679691, 0.78320944, 0.71035707, -0.21913472, 0.42111927, 0.60333836, 0.18705307, -0.7253267, 0.30798894, 0.7224589, -0.28921977, -0.27218473, -0.72732216, 0.81871617, 0.041498467, -0.12827736, -0.33692977, -0.9158636, -0.08728963, 0.38763288, 0.13609233, 0.7884387, -0.088074386, 0.3131197, -0.18976898, -0.890426, -0.8311447, 0.5928725, -0.9176686, 0.6693112, -0.06783168, -0.2854622, -0.69441044, -0.7571884, -0.43067995, -0.5393882, -0.77605635, 0.91608, -0.72158456, -0.7306069, -0.86807394, -0.55060256, -0.35210702, -0.52474666, -0.8468051, -0.5977569, 0.5255698, 0.37545535, 0.82168853, -0.21760516, -0.78856194, -0.19806725, 0.107260436, -0.18926357, 0.8462952, -0.92248744, -0.9908495, -0.028379148, 0.97037256, 0.4194683, 0.8138492, 0.039696954, 0.11549347, 0.36464095, 0.05067195, -0.40868536, 0.41965592, 0.3425916, 0.64189434, -0.14703424, 0.2659384, -0.49797937, -0.4374356, 0.27656025, -0.7203002, 0.54723656, 0.5324832, -0.06429844, 0.5018288, 0.22321454, -0.8069586, -0.3385623, -0.86097795, -0.042857062, 0.21897866, -0.32709667, 0.7976383, -0.7647666, -0.8341099, 0.44168037, 0.86093694, 0.9522472, 0.73360807, -0.023857238, -0.111900434, 0.044839818, 0.26053292, -0.3674074, 0.33507907, -0.24431874, 0.18597804, -0.068397515, 0.7432352, 0.7177242, -0.77560514, -0.8885484, 0.737757, -0.21785237, 0.37069288, 0.45572647, 0.71497506, 0.41769317, 0.9526754, -0.5783189, -0.078994416, -0.26577896, 0.9491154, 0.7864844, -0.9808983, -0.12947866, 0.8367031, 0.69786215, -0.021845654, -0.6069437, -0.34430042, 0.8779747, -0.011833644, 0.93682593, -0.87957025, -0.42709902, -0.64764184, 0.71882015, 0.6103857, 0.07474084, -0.6622345, -0.58478016, 0.19486125, -0.15000385, 0.71076775, 0.24166806, -0.6292744, -0.31811124, -0.6611125, -0.17763892, -0.4562854, -0.5054345, -0.6169116, -0.028021082, -0.25683346, -0.4407579, -0.39267838, 0.750469, 0.36617452, -0.037931133, 0.48403463, 0.6957267, -0.571408, -0.7166733, 0.44192803, 0.3889913, 0.33860546, -0.80692405, 0.017677147, -0.18183081, 0.44989172, -0.81435657, 0.3289318, -0.7185264, -0.6126581, -0.5623518, 0.19992585, 0.5520582, 0.5367733, -0.110740654, -0.83761364, -0.301007, -0.0062452583, -0.14029256, -0.9537186, 0.23411371, 0.7826623, -0.0679199, -0.7534695, 0.97362494, -0.5433942, 0.74881554, 0.25260937, -0.99119693, 0.18773955, -0.67466867, -0.1315486, -0.73851997, 0.90611285, -0.22017509, -0.03661583, 0.79695016, 0.99870765, 0.09144305, 0.0025881936, -0.8977957, -0.8193471, 0.08543515, -0.9795692, 0.30482444, -0.36912942, 0.15737204, -0.6795718, 0.5988221, -0.036620986, -0.5135623, -0.3726819, -0.44986504, 0.13016915, 0.21134442, 0.24343793, -0.9320195, 0.4166498, -0.32406887, 0.59259975, -0.17846511, 0.67608315, -0.925614, -0.8735031, -0.7309906, -0.46202588, -0.19964251, 0.5673672, 0.7779544, 0.7709789, 0.6072334, 0.7743982, 0.6788902, -0.76687527, -0.77069706, -0.61469823, -0.9445576, -0.2609026, 0.662738, -0.5201349, 0.36726314, 0.6584545, -0.784692, 0.44462815, -0.9102619, 0.023597613, 0.5656132, 0.98930174, 0.9357093, -0.5035509, 0.15469776, -0.15974961, 0.49214318, -0.5502869, 0.36592546, 0.09074662, -0.1145398, -0.6283506, 0.7630272, -0.9680705, -0.87901545, -0.17226055, -0.68963385, -0.70751005, -0.117713735, 0.67550844, -0.14560497, -0.46483925, 0.7898599, -0.80883175, -0.794837, -0.23649967, 0.7722962, 0.9730488, 0.9091452, -0.4559331, -0.46604213, -0.05082803, -0.2719378, 0.16209139, 0.77368206, -0.22327662, 0.7799661, 0.07213133, 0.84322804, -0.44575906, -0.6252879, 0.3200107, -0.85208356, -0.5581822, -0.57536995, 0.415011, 0.8632714, 0.6990864, 0.7771762, -0.63821834, 0.7062177, -0.9343553, -0.16071309, 0.78937995, 0.14093651, -0.60309094, 0.8984189, -0.23267178, 0.06772561, -0.48077938, 0.5065355, -0.8740371, 0.9548481, -0.9455999, -0.7876651, -0.297848, -0.415604, 0.3348025, 0.8530198, 0.8519885, -0.6640189, 0.670017, -0.8598159, 0.74529386, -0.9036005, 0.31685784, 0.4462906, -0.9494836, 0.6164965, 0.780895, 0.9283709, 0.6816796, -0.65055805, -0.88777333, -0.18918125, 0.242023, 0.16663581, -0.5053571, -0.89902395, -0.8200701, 0.2651298, -0.51893973, 0.23844877, 0.8827347, -0.719241, -0.6803389, -0.8419742, -0.960383, -0.082368135, -0.21663162, -0.7846215, 0.2905169, -0.08046768, 0.47344822, -0.45272598, 0.32312104, 0.8767754, 0.69034576, -0.82886267, 0.7809982, 0.7896126, 0.71755135, -0.99845845, -0.1500186, -0.978845, 0.5706791, -0.39581344, -0.552941, 0.76155627, -0.09593141, 0.15275553, 0.65574235, 0.68992007, -0.54158145, 0.5542981, -0.1474294, -0.950745, 0.55733514, -0.22360528, 0.9252508, -0.5498157, -0.61461884, -0.29662505, 0.9747493, -0.17965856, -0.512952, -0.41722625, -0.3803897, 0.13572218, 0.8091422, -0.16972548, 0.15780257, 0.16112621, -0.050686162, -0.020800328, 0.83812666, -0.97460467, -0.66229904, -0.43770486, 0.5674577, -0.84007084, -0.74246407, 0.16693725, 0.12420917, -0.82003284, 0.6886691, 0.59708506, 0.08965221, -0.6930264, -0.33230522, -0.13152286, 0.12088094, 0.81777567, -0.33513066, 0.27000958, 0.83719486, 0.8238548, 0.31915337, -0.06934965, 0.26163176, -0.9011115, 0.5322505, -0.453665, -0.7258909, 0.62700605, -0.09996184, -0.9257701, -0.72841763, -0.027759383, -0.24307677, -0.3769715, 0.8875987, -0.53156847, -0.40075502, 0.17631638, 0.00013406239, 0.8712968, -0.06712168, -0.56836647, 0.001918093, 0.3876663, -0.990163, 0.6950159, -0.6206544, 0.9882714, -0.17058638, -0.037146304, -0.9183987, -0.74373174, -0.9041275, 0.2629531, 0.7061798, 0.08365306, -0.16688684, -0.26229534, -0.98029083, 0.90499336, 0.649411, 0.2972178, 0.88279605, -0.40321624, 0.18171169, 0.7210532, -0.85246885, 0.3096719, 0.74788946, -0.9412904, 0.008928107, -0.35494232, 0.25158596, -0.9246749, -0.76676464, 0.7723269, -0.8073655, -0.21676995, -0.5259417, 0.002698078, 0.5959983, 0.1451, -0.70503056, 0.52027726, -0.28520718, 0.37537235, -0.75409025, 0.060614906, 0.8579663, -0.063592814, 0.79159087, -0.5571591, -0.11473394, 0.8659066, 0.35442227, -0.19693206, -0.0481018, 0.2634223, -0.8931713, -0.81837404, -0.71287555, 0.522125, -0.9935254, 0.51788175, -0.54404646, 0.47183925, 0.18539314, 0.14700289, -0.30213496, 0.06918209, 0.07356698, 0.9394136, 0.7799089, -0.4662393, -0.15576474, -0.94568956, -0.3213089, -0.012862656, 0.6799354, 0.7189515, 0.20479207, 0.9789248, 0.14731394, 0.7699964, -0.053527094, -0.8919472, 0.78145427, -0.5429101, -0.6999168, 0.47779137, 0.38310102, -0.43165967, -0.78017235, -0.36295775, 0.46560782, 0.41013795, -0.88034517, -0.36307263, 0.08022222, -0.33020583, -0.26278654, 0.7045094, -0.620451, 0.4530697, 0.8417365, -0.7092168, 0.61628604, -0.956684, 0.75611484, 0.12645534, -0.80229956, 0.5808256, -0.20631962, -0.2462404, 0.3670543, -0.4050757, -0.118585706, 0.27686334, -0.1590166, 0.8858776, -0.7204312, 0.4446336, 0.16581437, -0.3289878, 0.9257602, -0.41599977, -0.38182878, -0.3710793, 0.43232742, -0.64891773, 0.19856952, 0.4076252, -0.37831527, 0.3440775, 0.16902074, 0.7282124, -0.075412855, 0.3937768, -0.47436848, -0.9994511, 0.28839803, 0.003933542, -0.9163067, 0.41881457, 0.41035074, 0.8149351, 0.5506588, -0.22651553, -0.31578967, -0.6554321, -0.64341813, -0.44069123, -0.47735885, -0.46182573, 0.50889426, -0.041225903, 0.8636307, -0.08727397, -0.3960854, 0.89331657, 0.97275984, -0.527548, 0.48791122, -0.5780955, -0.9109093, -0.83167166, 0.60662884, -0.6163631, 0.9472381, -0.4130603, -0.60433775, -0.93412405, -0.7575914, 0.052705254, -0.43206728, -0.17134644, -0.56989515, -0.10321015, -0.3305193, -0.912867, -0.78898346, 0.8856203, -0.623533, 0.121240236, 0.5486353, 0.896322, -0.99862367, 0.5274165, 0.97177315, -0.22908325, 0.06724551, 0.56814206, 0.5296225, -0.8382691, -0.34102952, 0.2797395, 0.74260247, -0.53810525, 0.16359976, -0.8542223, -0.990551, 0.6524928, 0.5419321, -0.52478915, -0.2858916, 0.97853917, -0.32820034, 0.60152644, -0.7908402, -0.06731478, 0.98317397, 0.052986573, 0.84322715, 0.9272413, 0.5249918, -0.3764489, -0.106883764, -0.43184125, 0.40243652, 0.8570409, 0.24988955, -0.10525111, -0.34340668, -0.49061963, -0.994568, 0.29404226, -0.3906301, 0.675152, 0.8862051, 0.82089305, 0.36087948, 0.069254264, -0.4629591, 0.6270308, -0.2465744, 0.9600508, 0.7240019, -0.9978451, 0.9970843, 0.5558985, -0.015389623, -0.7054777, -0.8982963, -0.05173131, -0.19703613, 0.9106494, -0.9165849, 0.78184617, 0.43774226, -0.15377559, -0.68492913, 0.4139743, -0.25568444, -0.034421407, 0.18742362, 0.97707635, 0.45167246, 0.05624549, -0.95306456, -0.14444952, 0.31082365, -0.91883963, 0.541513, 0.9199164, -0.12028076, -0.23784785, 0.59504735, 0.45625192, 0.43572715, 0.6390391, 0.094016045, 0.15183285, 0.6757974, 0.5461308, 0.20049386, -0.48488167, -0.3694043, 0.39081883, 0.8565414, 0.7506995, 0.8891668, 0.64713997, -0.6441423, 0.7549779, -0.2969544, 0.5854866, -0.8157711, 0.97198856, -0.6765468, -0.7628083, -0.83540994, -0.1527493, 0.88186854, -0.11338652, -0.7199622, -0.6528131, -0.49888387, -0.4331062, -0.36426276, 0.25536156, -0.5080629, 0.7042252, -0.2934103, -0.9330896, 0.7681846, 0.5145554, 0.48190716, 0.66788733, -0.43007827, 0.4028648, 0.64906114, 0.46850398, -0.016082045, 0.48170307, -0.110904925, -0.29107574, 0.5936619, 0.020347334, 0.022977922, 0.86622334, 0.54016274, -0.4098234, -0.28606862, 0.7543156, -0.05770754, -0.67588085, -0.65752494, 0.38806772, 0.76795787, 0.61530846, -0.5197544, -0.39990985, 0.772303, -0.526635, 0.28220472, 0.78535676, 0.79676074, -0.5521641, -0.71918523, -0.43979326, 0.8449278, 0.056918297, 0.6596561, -0.038413856, -0.7687933, 0.18652639, -0.1865872, -0.14699872, 0.6781021, -0.7571481, 0.37747374, 0.6504465, 0.12026542, -0.047752816, 0.011684455, -0.012172641, -0.901794, -0.31065798, 0.6915396, 0.67462033, -0.9958973, -0.95199376, -0.33378467, 0.30253872, 0.86268085, -0.7941295, -0.8537112, 0.39925012, -0.46096835, -0.7522411, 0.46903902, 0.14620283, -0.068092495, 0.61257595, 0.3509395, -0.66909975, 0.95873845, -0.9327759, -0.036860865, -0.6407011, 0.10281463, -0.2790978, -0.035125326, -0.18262038, -0.051255636, 0.38282394, 0.6837065, 0.9646471, -0.2254143, -0.86419916, 0.7399387, -0.6045922, -0.60434896, -0.06256265, 0.9242453, -0.63817096, -0.36162108, -0.9678054, 0.6966446, 0.38616547, -0.22048931, -0.7309814, -0.18286344, -0.5606326, -0.57679725, 0.61447465, 0.0999298, -0.005183813, 0.84878457, 0.029027643, 0.6614462, 0.55823547, 0.31936345, -0.59443414, -0.50454724, 0.7752235, 0.5493548, 0.50324553, -0.63249725, -0.9543987, 0.97963, -0.42992407, -0.9431296, 0.83046216, 0.10518802, 0.45382333, 0.7757301, 0.64434576, 0.013741272, 0.6846406, -0.52199686, 0.50947726, -0.8733372, 0.8076664, -0.28155994, 0.72375554, -0.5869068, -0.23078714, -0.5684066, 0.5835018, 0.6398629, 0.8781102, -0.42447254, 0.015071763, -0.7613967, -0.440373, 0.80948365, -0.09180149, 0.33720815, 0.22131577, -0.43347526, -0.18916686, 0.5308057, 0.36244172, -0.75163287, 0.871876, -0.9029212, -0.7008169, 0.9234411, 0.34006137, -0.2420777, -0.94190645, -0.7187444, 0.54725397, -0.7345436, 0.26748198, -0.39161724, 0.6011379, -0.53870606, 0.4545526, -0.8697566, 0.16888744, -0.58565575, -0.83203423, 0.73004913, 0.59422034, 0.757502, -0.7661669, -0.48460865, -0.9897861, 0.6620624, -0.3540778, -0.44857594, -0.64010864, 0.4338496, 0.98760694, -0.97983015, 0.5264442, 0.09621054, -0.25308374, 0.06570638, -0.41353574, 0.6173723, 0.07572005, -0.3872146, -0.88017327, -0.44800717, -0.7336199, 0.68963003, 0.42133275, 0.006070141, 0.10379338, 0.82205504, -0.6778191, -0.17262903, 0.7303647, 0.90271604, 0.59706724, -0.96207553, 0.532133, -0.3753025, -0.15019171, 0.11474385, 0.56273496, -0.48553777, -0.49193123, -0.6036016, 0.9629785, -0.42854986, 0.93928766, 0.38692802, 0.394076, -0.7067845, 0.74731445, 0.7926308, 0.31970477, -0.2534289, 0.85781676, -0.26422337, 0.8587929, -0.8617408, -0.83077776, 0.4611581, 0.17345852, 0.54691064, 0.10659405, 0.9922371]","[-7.0, 4.0, 4.0, -2.0, -1.0, 4.0, -1.0, 2.0, -2.0, -3.0, -2.0, -1.0, 4.0, -2.0, 4.0, -2.0, -2.0, -3.0, -7.0, -1.0, -8.0, -2.0, -2.0, -7.0, 5.0, 10.0, -7.0, -8.0, 3.0, -7.0, -14.0, 4.0, -2.0, 4.0, 5.0, 3.0, 4.0, -6.0, -7.0, -7.0, 0.0, 5.0, -1.0, -4.0, 1.0, 5.0, 3.0, -7.0, -3.0, -2.0, 5.0, 3.0, 5.0, -1.0, 1.0, 1.0, -1.0, -2.0, 0.0, 4.0, 3.0, 4.0, -2.0, 0.0, 3.0, 4.0, -7.0, -3.0, -2.0, 5.0, 5.0, 2.0, -1.0, 4.0, -6.0, 3.0, 4.0, -3.0, -1.0, 6.0, -2.0, -6.0, -1.0, -7.0, 6.0, 10.0, -1.0, -1.0, 0.0, 4.0, -1.0, 6.0, -1.0, 10.0, -2.0, 4.0, 4.0, -3.0, -6.0, -4.0, -1.0, -1.0, 1.0, -1.0, -8.0, 5.0, 1.0, 3.0, 5.0, -3.0, -2.0, -7.0, -7.0, -2.0, 4.0, -8.0, 5.0, -7.0, 5.0, -3.0, 5.0, 5.0, 0.0, 4.0, -2.0, 3.0, -1.0, 4.0, 3.0, -2.0, 5.0, -1.0, -4.0, -7.0, -2.0, -8.0, -1.0, -8.0, 3.0, 4.0, 4.0, 5.0, -2.0, 4.0, 5.0, 4.0, -8.0, 0.0, -7.0, 4.0, -10.0, 5.0, -3.0, 0.0, -2.0, -7.0, 4.0, 4.0, 4.0, -1.0, -3.0, 4.0, 5.0, 3.0, -13.0, -1.0, -7.0, 4.0, -9.0, -5.0, 3.0, -1.0, 5.0, 3.0, 1.0, -2.0, -2.0, -2.0, -3.0, 0.0, 3.0, -2.0, -2.0, -5.0, -2.0, -2.0, 5.0, -6.0, 2.0, 10.0, -3.0, -2.0, 4.0, -4.0, -2.0, 0.0, -2.0, -8.0, -2.0, -2.0, -8.0, -2.0, -2.0, 5.0, -1.0, 5.0, -1.0, -3.0, -1.0, -1.0, 5.0, 4.0, -2.0, 4.0, 1.0, -8.0, 4.0, 4.0, -2.0, -3.0, 4.0, -7.0, -3.0, -7.0, 8.0, 5.0, 4.0, -3.0, 0.0, 4.0, -7.0, 0.0, 5.0, -2.0, 0.0, 4.0, 4.0, 4.0, -1.0, 3.0, 1.0, -1.0, -6.0, 3.0, 2.0, 0.0, 4.0, -5.0, -2.0, 6.0, -2.0, -5.0, -2.0, -1.0, -2.0, -4.0, -1.0, -4.0, -2.0, -2.0, -2.0, 5.0, -7.0, -2.0, 4.0, -1.0, -7.0, 1.0, -7.0, 5.0, 4.0, -1.0, -1.0, -6.0, 6.0, -1.0, 5.0, -2.0, -4.0, -7.0, 4.0, -1.0, 0.0, -1.0, -1.0, 12.0, 0.0, -1.0, 4.0, 4.0, -1.0, -2.0, -8.0, -2.0, -2.0, -1.0, -7.0, -1.0, -3.0, -2.0, 4.0, 3.0, 4.0, -1.0, -1.0, 0.0, -3.0, 4.0, 0.0, -2.0, 3.0, 3.0, -6.0, -1.0, -2.0, 0.0, 1.0, -1.0, 5.0, 4.0, -1.0, -8.0, -1.0, 3.0, 6.0, 1.0, -7.0, 4.0, 5.0, 2.0, 0.0, 0.0, 4.0, 10.0, -2.0, -2.0, -8.0, -2.0, 4.0, 12.0, -1.0, 5.0, -4.0, -7.0, -7.0, 0.0, -1.0, -1.0, -2.0, -1.0, -3.0, -1.0, -1.0, 4.0, 5.0, 5.0, -2.0, -7.0, 3.0, -1.0, -7.0, -1.0, 4.0, -7.0, 6.0, -1.0, 4.0, 10.0, 4.0, -7.0, -1.0, 13.0, 4.0, 9.0, 0.0, 4.0, -3.0, 4.0, 5.0, 4.0, 4.0, 4.0, -2.0, 5.0, -1.0, 4.0, 3.0, 5.0, 5.0, 3.0, 0.0, 5.0, -2.0, 11.0, 5.0, 11.0, -2.0, -2.0, 5.0, 10.0, -3.0, 5.0, 10.0, -1.0, 3.0, -1.0, -7.0, 5.0, -2.0, 4.0, -2.0, 3.0, 3.0, 1.0, -8.0, -2.0, -10.0, 5.0, 0.0, -3.0, -8.0, 1.0, 8.0, -6.0, 6.0, 3.0, -7.0, -7.0, -2.0, -1.0, -1.0, -1.0, -2.0, -2.0, -2.0, -2.0, -14.0, -7.0, -1.0, -7.0, -1.0, -8.0, 4.0, -2.0, 5.0, -2.0, 5.0, -2.0, 5.0, 4.0, -1.0, -2.0, 4.0, 4.0, 5.0, 4.0, 3.0, -1.0, 4.0, 2.0, 4.0, -2.0, -2.0, -1.0, 9.0, -1.0, -1.0, -8.0, 0.0, 5.0, 2.0, 4.0, -1.0, 5.0, -1.0, 5.0, -8.0, -1.0, -2.0, -1.0, -2.0, -2.0, -10.0, 5.0, -5.0, -1.0, 5.0, 11.0, -1.0, 0.0, -5.0, -2.0, -2.0, 2.0, -2.0, -2.0, -2.0, -8.0, 0.0, -2.0, -7.0, 4.0, -7.0, -1.0, -3.0, -5.0, 4.0, 2.0, -1.0, -2.0, 4.0, 5.0, -4.0, 4.0, -1.0, -1.0, -1.0, 3.0, 9.0, -7.0, 4.0, -2.0, -3.0, -2.0, -2.0, 5.0, 4.0, 4.0, -5.0, -1.0, -1.0, 3.0, -3.0, -1.0, -7.0, 0.0, -1.0, 4.0, 3.0, -5.0, 5.0, 4.0, -1.0, -1.0, 4.0, -3.0, -1.0, -1.0, -2.0, -2.0, 5.0, 5.0, -2.0, 1.0, -7.0, 5.0, 4.0, -2.0, -1.0, 3.0, -1.0, -7.0, -5.0, -2.0, -1.0, -1.0, 5.0, -1.0, 0.0, 4.0, -3.0, -7.0, -2.0, -1.0, -1.0, -2.0, 3.0, -3.0, -2.0, 1.0, 1.0, -3.0, 0.0, -1.0, -8.0, 4.0, 3.0, 1.0, -1.0, -2.0, -7.0, -2.0, -1.0, 3.0, -1.0, -1.0, 5.0, -3.0, 4.0, 0.0, -2.0, -7.0, -7.0, 3.0, 5.0, -1.0, 11.0, 4.0, -1.0, 4.0, -2.0, 0.0, 10.0, 0.0, -7.0, -2.0, -8.0, -2.0, 7.0, -1.0, -1.0, 4.0, 6.0, 5.0, 4.0, 2.0, -1.0, -2.0, 10.0, -4.0, -1.0, -2.0, 4.0, -1.0, -1.0, 0.0, 5.0, -1.0, 2.0, -1.0, -2.0, -1.0, -6.0, 2.0, -1.0, -2.0, 1.0, -2.0, 3.0, -2.0, -2.0, 6.0, -2.0, -2.0, 1.0, -2.0, -2.0, -6.0, 4.0, 1.0, 5.0, -3.0, -3.0, 5.0, 4.0, -6.0, -2.0, -1.0, -1.0, 0.0, -1.0, -3.0, 3.0, 3.0, 1.0, 0.0, 5.0, 1.0, -1.0, -1.0, -2.0, -1.0, 5.0, -3.0, 5.0, -1.0, -12.0, -2.0, -1.0, -1.0, -5.0, -7.0, -1.0, -2.0, -3.0, 6.0, 8.0, -3.0, 0.0, 4.0, 3.0, 5.0, -1.0, 3.0, 4.0, -1.0, 4.0, -1.0, 5.0, -15.0, -7.0, -1.0, -2.0, 1.0, -7.0, 5.0, -1.0, 1.0, -2.0, 6.0, 0.0, -4.0, -1.0, -2.0, 2.0, -2.0, 0.0, -6.0, -8.0, -2.0, 4.0, 4.0, -2.0, 1.0, 1.0, -5.0, 4.0, -1.0, -3.0, 10.0, -2.0, 5.0, 3.0, -1.0, 3.0, 5.0, 4.0, -2.0, -3.0, 4.0, 4.0, -1.0, 3.0, 10.0, -1.0, 2.0, -2.0, 4.0, -2.0, 5.0, -6.0, 5.0, -1.0, -5.0, 4.0, 0.0, 5.0, 0.0, -2.0, -2.0, -8.0, -2.0, -1.0, 5.0, -1.0, 5.0, -2.0, -1.0, -2.0, -2.0, -2.0, -2.0, 10.0, 4.0, 3.0, 3.0, 4.0, 10.0, 4.0, 4.0, -2.0, 0.0, -2.0, -13.0, 4.0, -1.0, 9.0, -2.0, 4.0, 3.0, 4.0, -2.0, -2.0, 5.0, -3.0, -7.0, -2.0, -2.0, -2.0, -7.0, -1.0, -2.0, 0.0, 10.0, 9.0, -1.0, 4.0, -2.0, -2.0, -7.0, 5.0, 11.0, 4.0, 5.0, -1.0, -8.0, 4.0, -2.0, -5.0, 4.0, -1.0, -7.0, -1.0, 4.0, 0.0, -1.0, -1.0, -8.0, -2.0, -1.0, 5.0, 4.0, -9.0, -4.0, -1.0, -14.0, 2.0, -12.0, -2.0, -7.0, 6.0, -1.0, 5.0, -8.0, -7.0, -1.0, -2.0, -4.0, 3.0, -2.0, -7.0, 0.0, 4.0, 5.0, 5.0, 9.0, 5.0, 2.0, -2.0, -1.0, 7.0, -1.0, 3.0, -1.0, 4.0, 4.0, -1.0, -2.0, 5.0, 4.0, -2.0, -2.0, -1.0, 4.0, -1.0, 0.0, -4.0, 3.0, -8.0, 4.0, -5.0, -1.0, -7.0, -2.0, -7.0, -1.0, 3.0, 5.0, -2.0, 5.0, -9.0, 5.0, -2.0, 0.0, -1.0, -5.0, -1.0, -1.0, -14.0, 0.0, 5.0, 11.0, -2.0, 5.0, 5.0, 4.0, 4.0, -1.0, -1.0, 4.0, -2.0, -1.0, -5.0, 4.0, 5.0, 4.0, 2.0, -7.0, -2.0, -2.0, 5.0, 6.0, -1.0, 4.0, 0.0, 5.0, 5.0, -7.0, -6.0, 6.0, 3.0, -7.0, -7.0, -3.0, -7.0, -1.0, 5.0, -6.0, -13.0, 10.0, -1.0, 6.0, 10.0, -1.0, 3.0, -2.0, 0.0, 1.0, -2.0, -3.0, -2.0, 5.0, 5.0, -3.0, -2.0, -6.0, 15.0, 5.0, 3.0, -4.0, 5.0, 0.0, -1.0, 5.0, -2.0, 4.0, -1.0, 5.0, 4.0, -1.0, 4.0, -1.0, 11.0, -2.0, -8.0, -1.0, 8.0, 5.0, 9.0, 2.0, -6.0, 4.0, 3.0, -8.0, -1.0, 11.0, -2.0, -2.0, -20.0, -2.0]",8.192839107609505,0.0033013820648193,0.0,0.0,0
12,12,"[-0.45801094, 0.43897137, -0.91750515, 0.7841404, -0.03537982, 0.67720187, -0.009134014, -0.05329495, -0.14287728, -0.98455334, -0.8539672, -0.63554853, -0.72527117, -0.80616146, 0.8087487, -0.65196115, 0.085899785, 0.6532127, -0.91696817, -0.27226797, 0.93861973, 0.8064731, 0.8237259, 0.31773618, -0.7076787, 0.25115338, 0.53747785, -0.28975934, -0.14269005, 0.015070541, 0.3890185, 0.9372061, -0.112191975, 0.17448996, -0.73229116, -0.32961088, 0.29376638, 0.10934679, -0.6739793, 0.09191827, -0.63003033, -0.13271725, -0.1332048, -0.47872046, 0.9748704, -0.90145916, 0.03651222, 0.9820348, -0.19034047, -0.26297972, 0.5927976, 0.48211434, -0.96653706, 0.83619833, 0.9613154, -0.40794054, 0.9124678, 0.8585612, 0.38752028, 0.79981524, -0.59829277, 0.12855737, -0.6091397, 0.6471536, 0.64207876, 0.22250703, -0.3178113, -0.41003588, -0.15164334, 0.56988853, -0.09739895, 0.8476786, 0.13653572, -0.7937581, 0.92766476, 0.16352625, -0.93735814, -0.64251655, -0.08925497, -0.6341993, -0.7034319, 0.5088542, -0.4320947, -0.6101842, -0.5139561, -0.06744405, 0.6282012, 0.44696158, -0.20823757, 0.07500108, 0.9340714, -0.109472014, -0.14184934, -0.0051690913, 0.88961446, -0.69737947, 0.7988652, -0.105687, 0.15350057, 0.7183863, -0.09058886, -0.037804153, -0.35215265, -0.30020496, 0.2845445, -0.24530262, 0.34873682, 0.68358994, -0.12307606, -0.07904745, -0.96761054, 0.595991, -0.5618323, 0.6272987, -0.13946371, -0.9992196, 0.5228114, -0.030151159, 0.7708484, 0.11005775, -0.5992075, -0.5640581, -0.5966698, -0.9016655, -0.2685973, 0.48009524, -0.96412134, -0.6630273, -0.8082179, -0.77448964, 0.55687165, -0.10446218, 0.56689584, -0.76423216, 0.23468618, -0.40565506, -0.45723876, -0.0721454, 0.7075444, 0.5691966, -0.4036057, -0.7817666, -0.69748265, -0.8967751, -0.12771182, 0.20559214, 0.23816061, 0.04971926, -0.036141198, 0.91031116, 0.96903235, 0.5678023, -0.69052863, -0.031239431, 0.605179, 0.51349837, -0.38658154, 0.838265, -0.074994, 0.0749844, 0.5734365, 0.59411645, -0.046546906, -0.57029957, -0.98647624, -0.86576456, 0.5845241, -0.24553286, -0.4341464, -0.34404972, 0.707641, 0.23752148, -0.22771175, -0.982686, -0.730659, 0.9615194, 0.45363873, 0.382726, 0.7831986, -0.6959694, 0.30545884, 0.19485685, -0.5745178, 0.89153236, 0.2308751, 0.6298113, 0.1311508, 0.87211996, -0.82988995, 0.33549637, 0.27174047, -0.07781488, 0.49336714, -0.902699, 0.887964, 0.01684136, 0.44113806, -0.8434002, -0.7158369, -0.47654626, 0.45682737, -0.006803697, -0.08350639, -0.35020265, 0.558797, 0.47746232, -0.122877814, -0.27093586, -0.75784564, -0.4826498, 0.5949772, 0.23487255, 0.9205703, 0.82020044, 0.92971224, 0.9079278, 0.32124838, 0.924058, -0.34843838, -0.73704576, 0.9610656, -0.42580628, 0.5039512, 0.88666296, -0.96942717, -0.8805312, 0.35454336, 0.7426093, -0.08800538, -0.6868788, -0.9720528, 0.8065522, -0.5303203, 0.5139582, 0.9550553, 0.7280534, 0.27806902, 0.33492893, -0.38219815, -0.94795465, -0.7410163, 0.9984448, -0.982897, 0.0066409907, 0.6107827, -0.8882241, 0.77846986, -0.8161584, 0.16556077, -0.93299115, 0.570708, -0.39480206, 0.92165446, -0.42412028, 0.03478472, -0.9861171, 0.36903366, 0.21126856, -0.82115775, 0.9494801, 0.8319124, -0.19452876, -0.8381195, -0.68358207, 0.016733706, -0.092517994, 0.870567, 0.6245313, 0.63773364, 0.17645775, -0.14186032, -0.3086067, 0.43961817, -0.6119241, -0.21119384, 0.82946664, -0.30897874, -0.22781368, 0.15829405, -0.8805346, -0.2119185, 0.8767604, -0.09126447, 0.7966391, -0.06220707, 0.19757847, -0.43838784, -0.34488863, -0.4993594, 0.7112813, -0.72884166, -0.9140578, 0.14808044, -0.89085215, 0.52748305, 0.17376898, -0.7146701, 0.17659546, 0.021768805, -0.08114773, -0.083114736, 0.7648558, 0.13874707, 0.9400379, 0.24827388, 0.31843245, -0.7845931, -0.2792101, 0.9044147, 0.16728903, -0.17026028, 0.42092386, -0.99770796, 0.36760876, 0.004352282, -0.18240942, 0.90418184, 0.8797835, -0.60119873, -0.75570446, -0.04800071, 0.23801917, -0.8895383, -0.4730468, -0.17153774, -0.6919222, -0.1998354, 0.09418057, 0.7276896, 0.4535316, -0.745918, 0.3029433, 0.7009483, -0.8320259, -0.12517713, 0.6834287, 0.7241844, -0.3081242, 0.3047588, -0.053930715, -0.5459092, -0.97388613, 0.9558595, 0.03898691, -0.04081849, 0.42834774, -0.3792199, 0.5727655, -0.00085831806, 0.9402441, -0.19519559, -0.39134532, 0.03282486, 0.5027916, -0.5130192, -0.8846153, -0.550191, 0.6191166, 0.70768875, 0.6943883, -0.33378908, 0.6740875, 0.34016174, -0.47913238, -0.09122057, 0.685996, -0.59960735, 0.6880731, -0.5356892, -0.5719395, 0.6656846, -0.25512537, -0.63362604, -0.4577783, -0.36400697, -0.3806745, -0.34578705, 0.5763242, -0.7211529, -0.3218899, -0.17308609, -0.2335986, 0.4258953, 0.51339114, 0.18637355, -0.9187256, -0.6655646, 0.8106035, -0.24610357, 0.70364857, -0.47139543, 0.49382302, 0.67181605, -0.9932448, 0.67902684, -0.009050362, -0.0007303894, 0.6066475, 0.25511676, 0.6818474, -0.46058637, -0.7683069, 0.10285062, -0.8921743, -0.11767106, 0.3316419, -0.7134719, -0.22091533, -0.7357663, 0.36275077, -0.2970004, 0.14049675, 0.76090103, 0.49013188, 0.8966841, 0.91465443, 0.7196347, 0.96353817, -0.28124943, 0.9459552, 0.7241109, 0.30116153, 0.013453546, 0.44419006, 0.023823667, -0.017711386, 0.90661037, 0.55039865, 0.6812051, 0.24151734, 0.39358953, -0.9101656, -0.21825439, -0.3607539, 0.33164412, 0.36309952, -0.3932055, -0.24369004, 0.8390386, -0.023620559, 0.23264684, -0.6408236, 0.16471492, 0.55168587, 0.09927164, 0.48071274, 0.51305085, 0.6711312, -0.9751985, -0.026500804, -0.7082996, 0.330989, 0.5495899, -0.32315013, -0.7906084, 0.5431743, 0.85465544, 0.13202113, -0.22004105, -0.5682575, 0.9500401, 0.60785335, -0.0099011585, -0.053542826, 0.8050655, 0.8890477, -0.078683816, 0.5073346, -0.6502166, -0.9448499, 0.94194615, -0.8932356, 0.9032805, -0.7207937, 0.5811084, 0.76903176, 0.6690531, -0.7556442, -0.5428869, -0.3861721, 0.21056081, 0.7003518, 0.77217704, -0.44626856, -0.51633877, -0.42574885, -0.32384625, 0.05798464, -0.17661028, 0.6789948, 0.034366474, 0.37970504, -0.19140057, 0.045906615, -0.7464717, 0.37048176, -0.43294817, -0.7784815, -0.5936086, -0.73108935, -0.36179227, 0.9890679, 0.9530233, 0.7231131, 0.08684258, -0.43139786, 0.3850748, 0.9717972, 0.10453225, 0.8868766, 0.015515909, -0.8451636, 0.4492923, -0.16127357, 0.40148544, -0.9551548, 0.8084458, 0.7150891, -0.09605528, 0.11765615, -0.8090273, 0.08576701, 0.6206365, 0.707521, 0.018244015, -0.5399092, -0.39392543, 0.34126028, -0.1206259, -0.9748336, -0.059663277, 0.79526246, 0.53830975, 0.5210022, 0.35726154, -0.86381024, -0.15090287, -0.01590864, 0.07353748, -0.61356163, 0.9247918, 0.61925757, 0.26613817, -0.39336148, 0.8114645, 0.6104907, -0.8975095, -0.39146578, 0.37382582, 0.617055, -0.40293464, 0.6101573, -0.19763683, 0.016679833, 0.21663795, 0.85552526, 0.21265835, -0.044471696, 0.46711472, -0.6364312, 0.99272287, -0.88383484, -0.2600339, -0.7763508, -0.782335, -0.83862615, 0.86117667, 0.6354155, 0.8209533, -0.18261367, 0.17722502, -0.44844288, 0.571756, -0.94563884, -0.6240077, 0.686565, -0.067921214, 0.48668146, 0.07484392, 0.2516867, 0.87714356, -0.10830009, -0.8768226, 0.7910913, 0.8434241, 0.010845605, 0.8734117, 0.1527198, -0.7635609, -0.09911011, 0.34596437, 0.9915861, -0.9219192, 0.114483625, -0.8624827, 0.88605505, -0.2720033, 0.46469176, -0.86480224, -0.14268911, -0.14502499, 0.7085484, -0.10149169, -0.6149674, 0.13356121, 0.5608973, 0.09899703, 0.8689027, -0.7019455, 0.6306927, 9.707376e-05, -0.2691205, 0.06467694, 0.5302169, 0.57952267, -0.7515439, -0.6135317, 0.96544087, -0.16895828, -0.6505181, -0.21492878, -0.13777952, 0.97422284, -0.8102125, -0.17499268, -0.090435155, -0.67255104, 0.20526281, 0.2434959, -0.042154476, -0.49888495, -0.5722594, -0.8492024, 0.5538748, -0.9232903, -0.20690358, -0.6916774, -0.8617249, 0.009811382, 0.44778466, 0.534383, 0.35012627, 0.79386884, -0.9894792, -0.32758343, -0.12735248, -0.42747965, -0.5985656, -0.1284334, -0.1833598, 0.7114465, -0.17180356, 0.30674422, -0.47958538, -0.01769248, -0.18557912, 0.7876956, 0.9875839, -0.4429493, 0.99478924, -0.57547563, 0.9070306, 0.39677325, 0.3671442, -0.823684, -0.8048636, -0.12639406, 0.7196178, -0.1299248, 0.44357222, -0.090473436, -0.14233552, -0.9341586, 0.35341814, 0.92860556, -0.007306297, -0.5386618, 0.31426367, -0.6586288, -0.9713319, 0.8596953, 0.9810934, 0.67561966, -0.7382087, -0.4664654, 0.9072864, 0.28932256, -0.29710692, 0.87045044, -0.8691121, -0.51063716, -0.24450919, 0.708538, 0.6173427, 0.20384638, 0.3340792, 0.2814725, 0.7729509, -0.30642852, 0.6895838, 0.24411628, 0.24703394, -0.6746247, 0.49520496, -0.90817875, 0.42168722, -0.75734293, 0.62309426, -0.769928, -0.35497427, -0.24323367, 0.14590345, -0.23967308, 0.016499177, -0.6195966, 0.42001423, 0.524297, -0.6993788, 0.55609536, 0.29287848, 0.7441525, -0.9010652, 0.9788126, 0.2851254, 0.9283452, -0.7202569, 0.8485167, 0.8414618, -0.31262612, 0.4335845, -0.59775615, 0.5425539, -0.6592313, 0.60834223, 0.189583, 0.5510385, 0.2205873, 0.24413073, 0.78802294, 0.24158153, 0.94960827, -0.8016278, 0.9019482, -0.040387664, 0.857275, 0.59740776, 0.9962791, -0.016038667, -0.29744124, -0.688458, -0.33311966, -0.7879355, 0.2781915, -0.043086, 0.4722291, 0.011913841, -0.913632, 0.94610184, -0.42678517, -0.28734946, -0.29893064, 0.7255583, -0.5935917, -0.8352884, 0.72930384, 0.12990144, 0.33428133, -0.02746173, -0.70250607, 0.3803807, -0.84090203, 0.10029473, -0.6971697, -0.53101546, 0.1147074, 0.044822454, -0.6532408, 0.3441749, -0.43384218, -0.9009231, 0.7759812, -0.12597507, 0.12961693, -0.7448171, 0.20223877, 0.27481344, 0.5139395, -0.47752434, 0.1760007, 0.3130717, 0.31083325, -0.63779294, -0.59169984, 0.7007666, 0.15993808, 0.09480231, -0.72663856, -0.40894723, -0.3068413, -0.84945464, -0.061591078, -0.10865289, 0.025316047, -0.21623161, 0.255571, 0.8893884, 0.04421185, 0.755278, -0.76186174, -0.121498555, -0.5544161, -0.47538912, 0.31109118, -0.4248807, 0.8642988, 0.42816123, -0.64899236, 0.6208798, 0.7536895, -0.9003133, 0.35281077, -0.67586744, 0.19899721, 0.42802688, -0.19551426, -0.7704538, -0.08451391, 0.37309492, 0.05920952, 0.40036866, 0.9732341, 0.9740191, 0.8142335, 0.94931495, -0.41147265, -0.76071936, -0.8247157, 0.0949949, -0.8086776, 0.028678177, -0.5459606, 0.33034605, -0.7332619, -0.2223657, 0.696193, -0.48907116, -0.7103316, 0.85986173, -0.7911446, 0.62054837, 0.478903, -0.27027076, 0.08817228, -0.7324323, 0.52861387, -0.08783931, 0.92591393, 0.8627225, 0.69231373, -0.35074803, 0.57151, -0.62267715, -0.81613463, -0.11132451, 0.12292667, 0.36615533, -0.24397133, -0.3629269, -0.43182534, -0.9488984, -0.5564139, 0.29078156, 0.23106244, -0.98564243, 0.24411987, 0.10598694, -0.30854875, 0.5097747, -0.054682903, 0.49351373, -0.15214938, -0.7610589, -0.15583618, -0.5630533, -0.29242927, -0.86308, -0.22772479, -0.14119482, 0.6595775, 0.05332337, 0.670216, 0.72658217, 0.26297024, 0.7899098, 0.23884724, -0.4642298, -0.21362835, 0.1172136, -0.12906641, -0.66181207, 0.5173284, -0.35157573, 0.96969694, -0.8746335, -0.2120798, 0.93517965, 0.057551105, 0.41903913, -0.9053567, -0.5949885, 0.79509604, -0.75818056, 0.8337773, -0.21116109, 0.5807048, -0.85954, -0.7368286, 0.82931376, -0.3005862, 0.79835176, 0.11736912, -0.56931025, -0.13605139, 0.57641184, 0.12631169, -0.6076917, 0.9840506, 0.52753913, -0.74657613, 0.10189958, -0.50757146, 0.4025225, -0.9785758, 0.9190961, 0.9142212, 0.78515977, -0.89691573, -0.5268859, -0.73669565, -0.6459919, 0.41053972, 0.474383, -0.20690997, -0.5848358, 0.22378387, -0.16051081, -0.86539525, 0.52347434, 0.4133239, 0.33075985, -0.373517, -0.10883739, -0.68024445, 0.07434415, 0.46137124, 0.6196098, 0.7887489, 0.82905924, 0.37687773, -0.31597582, 0.769775, 0.6091169, -0.8409429, -0.053546317, -0.9597933, 0.748719, 0.5174043, -0.6399252, -0.31078866, 0.6843615, -0.85350746, -0.5046032, -0.93877953, 0.29693484, 0.17695037, 0.8510406, -0.42970085, -0.045004625, -0.009315154, 0.23401001, 0.6859011, -0.47456273, 0.17233305, -0.802504, 0.7519923, -0.025045276, 0.03038437, 0.36831608, -0.5108778, 0.39821973, 0.42369935, 0.32754478, 0.050384372, -0.95929563, 0.9291172, 0.21970206, -0.23375435, 0.31478003, -0.5305002, -0.16217284]","[-7.0, 4.0, 4.0, -2.0, -1.0, 4.0, -1.0, 2.0, -2.0, -3.0, -2.0, -1.0, 4.0, -2.0, 4.0, -2.0, -2.0, -3.0, -7.0, -1.0, -8.0, -2.0, -2.0, -7.0, 5.0, 10.0, -7.0, -8.0, 3.0, -7.0, -14.0, 4.0, -2.0, 4.0, 5.0, 3.0, 4.0, -6.0, -7.0, -7.0, 0.0, 5.0, -1.0, -4.0, 1.0, 5.0, 3.0, -7.0, -3.0, -2.0, 5.0, 3.0, 5.0, -1.0, 1.0, 1.0, -1.0, -2.0, 0.0, 4.0, 3.0, 4.0, -2.0, 0.0, 3.0, 4.0, -7.0, -3.0, -2.0, 5.0, 5.0, 2.0, -1.0, 4.0, -6.0, 3.0, 4.0, -3.0, -1.0, 6.0, -2.0, -6.0, -1.0, -7.0, 6.0, 10.0, -1.0, -1.0, 0.0, 4.0, -1.0, 6.0, -1.0, 10.0, -2.0, 4.0, 4.0, -3.0, -6.0, -4.0, -1.0, -1.0, 1.0, -1.0, -8.0, 5.0, 1.0, 3.0, 5.0, -3.0, -2.0, -7.0, -7.0, -2.0, 4.0, -8.0, 5.0, -7.0, 5.0, -3.0, 5.0, 5.0, 0.0, 4.0, -2.0, 3.0, -1.0, 4.0, 3.0, -2.0, 5.0, -1.0, -4.0, -7.0, -2.0, -8.0, -1.0, -8.0, 3.0, 4.0, 4.0, 5.0, -2.0, 4.0, 5.0, 4.0, -8.0, 0.0, -7.0, 4.0, -10.0, 5.0, -3.0, 0.0, -2.0, -7.0, 4.0, 4.0, 4.0, -1.0, -3.0, 4.0, 5.0, 3.0, -13.0, -1.0, -7.0, 4.0, -9.0, -5.0, 3.0, -1.0, 5.0, 3.0, 1.0, -2.0, -2.0, -2.0, -3.0, 0.0, 3.0, -2.0, -2.0, -5.0, -2.0, -2.0, 5.0, -6.0, 2.0, 10.0, -3.0, -2.0, 4.0, -4.0, -2.0, 0.0, -2.0, -8.0, -2.0, -2.0, -8.0, -2.0, -2.0, 5.0, -1.0, 5.0, -1.0, -3.0, -1.0, -1.0, 5.0, 4.0, -2.0, 4.0, 1.0, -8.0, 4.0, 4.0, -2.0, -3.0, 4.0, -7.0, -3.0, -7.0, 8.0, 5.0, 4.0, -3.0, 0.0, 4.0, -7.0, 0.0, 5.0, -2.0, 0.0, 4.0, 4.0, 4.0, -1.0, 3.0, 1.0, -1.0, -6.0, 3.0, 2.0, 0.0, 4.0, -5.0, -2.0, 6.0, -2.0, -5.0, -2.0, -1.0, -2.0, -4.0, -1.0, -4.0, -2.0, -2.0, -2.0, 5.0, -7.0, -2.0, 4.0, -1.0, -7.0, 1.0, -7.0, 5.0, 4.0, -1.0, -1.0, -6.0, 6.0, -1.0, 5.0, -2.0, -4.0, -7.0, 4.0, -1.0, 0.0, -1.0, -1.0, 12.0, 0.0, -1.0, 4.0, 4.0, -1.0, -2.0, -8.0, -2.0, -2.0, -1.0, -7.0, -1.0, -3.0, -2.0, 4.0, 3.0, 4.0, -1.0, -1.0, 0.0, -3.0, 4.0, 0.0, -2.0, 3.0, 3.0, -6.0, -1.0, -2.0, 0.0, 1.0, -1.0, 5.0, 4.0, -1.0, -8.0, -1.0, 3.0, 6.0, 1.0, -7.0, 4.0, 5.0, 2.0, 0.0, 0.0, 4.0, 10.0, -2.0, -2.0, -8.0, -2.0, 4.0, 12.0, -1.0, 5.0, -4.0, -7.0, -7.0, 0.0, -1.0, -1.0, -2.0, -1.0, -3.0, -1.0, -1.0, 4.0, 5.0, 5.0, -2.0, -7.0, 3.0, -1.0, -7.0, -1.0, 4.0, -7.0, 6.0, -1.0, 4.0, 10.0, 4.0, -7.0, -1.0, 13.0, 4.0, 9.0, 0.0, 4.0, -3.0, 4.0, 5.0, 4.0, 4.0, 4.0, -2.0, 5.0, -1.0, 4.0, 3.0, 5.0, 5.0, 3.0, 0.0, 5.0, -2.0, 11.0, 5.0, 11.0, -2.0, -2.0, 5.0, 10.0, -3.0, 5.0, 10.0, -1.0, 3.0, -1.0, -7.0, 5.0, -2.0, 4.0, -2.0, 3.0, 3.0, 1.0, -8.0, -2.0, -10.0, 5.0, 0.0, -3.0, -8.0, 1.0, 8.0, -6.0, 6.0, 3.0, -7.0, -7.0, -2.0, -1.0, -1.0, -1.0, -2.0, -2.0, -2.0, -2.0, -14.0, -7.0, -1.0, -7.0, -1.0, -8.0, 4.0, -2.0, 5.0, -2.0, 5.0, -2.0, 5.0, 4.0, -1.0, -2.0, 4.0, 4.0, 5.0, 4.0, 3.0, -1.0, 4.0, 2.0, 4.0, -2.0, -2.0, -1.0, 9.0, -1.0, -1.0, -8.0, 0.0, 5.0, 2.0, 4.0, -1.0, 5.0, -1.0, 5.0, -8.0, -1.0, -2.0, -1.0, -2.0, -2.0, -10.0, 5.0, -5.0, -1.0, 5.0, 11.0, -1.0, 0.0, -5.0, -2.0, -2.0, 2.0, -2.0, -2.0, -2.0, -8.0, 0.0, -2.0, -7.0, 4.0, -7.0, -1.0, -3.0, -5.0, 4.0, 2.0, -1.0, -2.0, 4.0, 5.0, -4.0, 4.0, -1.0, -1.0, -1.0, 3.0, 9.0, -7.0, 4.0, -2.0, -3.0, -2.0, -2.0, 5.0, 4.0, 4.0, -5.0, -1.0, -1.0, 3.0, -3.0, -1.0, -7.0, 0.0, -1.0, 4.0, 3.0, -5.0, 5.0, 4.0, -1.0, -1.0, 4.0, -3.0, -1.0, -1.0, -2.0, -2.0, 5.0, 5.0, -2.0, 1.0, -7.0, 5.0, 4.0, -2.0, -1.0, 3.0, -1.0, -7.0, -5.0, -2.0, -1.0, -1.0, 5.0, -1.0, 0.0, 4.0, -3.0, -7.0, -2.0, -1.0, -1.0, -2.0, 3.0, -3.0, -2.0, 1.0, 1.0, -3.0, 0.0, -1.0, -8.0, 4.0, 3.0, 1.0, -1.0, -2.0, -7.0, -2.0, -1.0, 3.0, -1.0, -1.0, 5.0, -3.0, 4.0, 0.0, -2.0, -7.0, -7.0, 3.0, 5.0, -1.0, 11.0, 4.0, -1.0, 4.0, -2.0, 0.0, 10.0, 0.0, -7.0, -2.0, -8.0, -2.0, 7.0, -1.0, -1.0, 4.0, 6.0, 5.0, 4.0, 2.0, -1.0, -2.0, 10.0, -4.0, -1.0, -2.0, 4.0, -1.0, -1.0, 0.0, 5.0, -1.0, 2.0, -1.0, -2.0, -1.0, -6.0, 2.0, -1.0, -2.0, 1.0, -2.0, 3.0, -2.0, -2.0, 6.0, -2.0, -2.0, 1.0, -2.0, -2.0, -6.0, 4.0, 1.0, 5.0, -3.0, -3.0, 5.0, 4.0, -6.0, -2.0, -1.0, -1.0, 0.0, -1.0, -3.0, 3.0, 3.0, 1.0, 0.0, 5.0, 1.0, -1.0, -1.0, -2.0, -1.0, 5.0, -3.0, 5.0, -1.0, -12.0, -2.0, -1.0, -1.0, -5.0, -7.0, -1.0, -2.0, -3.0, 6.0, 8.0, -3.0, 0.0, 4.0, 3.0, 5.0, -1.0, 3.0, 4.0, -1.0, 4.0, -1.0, 5.0, -15.0, -7.0, -1.0, -2.0, 1.0, -7.0, 5.0, -1.0, 1.0, -2.0, 6.0, 0.0, -4.0, -1.0, -2.0, 2.0, -2.0, 0.0, -6.0, -8.0, -2.0, 4.0, 4.0, -2.0, 1.0, 1.0, -5.0, 4.0, -1.0, -3.0, 10.0, -2.0, 5.0, 3.0, -1.0, 3.0, 5.0, 4.0, -2.0, -3.0, 4.0, 4.0, -1.0, 3.0, 10.0, -1.0, 2.0, -2.0, 4.0, -2.0, 5.0, -6.0, 5.0, -1.0, -5.0, 4.0, 0.0, 5.0, 0.0, -2.0, -2.0, -8.0, -2.0, -1.0, 5.0, -1.0, 5.0, -2.0, -1.0, -2.0, -2.0, -2.0, -2.0, 10.0, 4.0, 3.0, 3.0, 4.0, 10.0, 4.0, 4.0, -2.0, 0.0, -2.0, -13.0, 4.0, -1.0, 9.0, -2.0, 4.0, 3.0, 4.0, -1.0, -2.0, 5.0, -3.0, -7.0, -2.0, -2.0, -2.0, -7.0, -1.0, -2.0, 0.0, 10.0, 9.0, -1.0, 4.0, -2.0, -2.0, -7.0, 5.0, 11.0, 4.0, 5.0, -1.0, -8.0, 4.0, -2.0, -5.0, 4.0, -1.0, -7.0, -1.0, 4.0, 0.0, -1.0, -1.0, -8.0, -2.0, -1.0, 5.0, 4.0, -9.0, -4.0, -1.0, -14.0, 2.0, -12.0, -2.0, -7.0, 6.0, -1.0, 5.0, -8.0, -7.0, -1.0, -2.0, -4.0, 3.0, -2.0, -7.0, 0.0, 4.0, 5.0, 5.0, 9.0, 5.0, 2.0, -2.0, -1.0, 7.0, -1.0, 3.0, -1.0, 4.0, 4.0, -1.0, -2.0, 5.0, 4.0, -2.0, -2.0, -1.0, 4.0, -1.0, 0.0, -4.0, 3.0, -8.0, 4.0, -5.0, -1.0, -7.0, -2.0, -7.0, -1.0, 3.0, 5.0, -2.0, 5.0, -9.0, 5.0, -2.0, 0.0, -1.0, -5.0, -1.0, -1.0, -14.0, 0.0, 5.0, 11.0, -2.0, 5.0, 5.0, 4.0, 4.0, -1.0, -1.0, 4.0, -2.0, -1.0, -5.0, 4.0, 5.0, 4.0, 2.0, -7.0, -2.0, -2.0, 5.0, 6.0, -1.0, 4.0, 0.0, 5.0, 5.0, -7.0, -6.0, 6.0, 3.0, -7.0, -7.0, -3.0, -7.0, -1.0, 5.0, -6.0, -13.0, 10.0, -1.0, 6.0, 10.0, -1.0, 3.0, -2.0, 0.0, 1.0, -2.0, -3.0, -2.0, 5.0, 5.0, -3.0, -2.0, -6.0, 15.0, 5.0, 3.0, -4.0, 5.0, 0.0, -1.0, 5.0, -2.0, 4.0, -1.0, 5.0, 4.0, -1.0, 4.0, -1.0, 11.0, -2.0, -8.0, -1.0, 8.0, 5.0, 9.0, 2.0, -6.0, 4.0, 3.0, -8.0, -1.0, 11.0, -2.0, -2.0, -20.0, -2.0]",8.191414266461646,0.0032455921173095,0.0,0.0,0
13,13,"[0.6667186, 0.8442619, -0.37902176, -0.1735894, 0.9088556, -0.025288532, 0.23946653, -0.88473195, -0.42094868, -0.23909174, -0.21446948, 0.7288909, 0.43813267, -0.7423505, 0.7266524, 0.6120031, -0.87204015, -0.8123482, -0.092434995, -0.34097022, -0.7707214, -0.14962454, 0.9842904, -0.046918478, -0.71111774, 0.6954488, 0.117506765, -0.3418813, 0.4701015, 0.011658795, -0.3608211, -0.22259878, -0.40901223, -0.31977713, 0.3376732, -0.65692663, 0.7029807, -0.6553656, 0.37271717, 0.4666704, -0.23837222, -0.63487536, -0.5440952, -0.5095464, -0.882801, -0.6585712, 0.73111737, 0.0740902, -0.87683046, 0.86673754, 0.4809398, 0.27418292, 0.26960453, 0.93267137, 0.73851436, 0.96336114, -0.5251366, -0.20024426, -0.7499058, 0.7044271, 0.5225193, 0.24014392, 0.34587803, 0.6241073, -0.19277202, -0.095053785, 0.380465, -0.31140903, 0.7856712, -0.4918283, -0.27324855, 0.6194399, -0.24883126, -0.858501, 0.97239834, -0.61914456, 0.26029164, 0.75394106, -0.10980585, -0.2550596, 0.21955386, -0.0974923, -0.50047654, 0.7111064, 0.108009964, 0.98582476, 0.26551428, -0.9661766, -0.85590804, 0.5834235, 0.42042914, -0.5767115, 0.20181057, -0.0229078, -0.3702858, 0.15832475, 0.6775, 0.51802796, -0.16097774, 0.7141541, 0.32265303, -0.28698608, 0.78575337, -0.51171684, 0.10295407, -0.3263783, -0.8811163, 0.9341787, 0.04995718, 0.403979, -0.23954408, 0.05308724, -0.5029552, -0.9014471, 0.13350771, -0.9667336, -0.38293046, -0.40925586, -0.35519803, -0.77322495, -0.3782376, 0.51930517, -0.20380487, -0.8432515, 0.4072725, 0.033097357, 0.43628922, -0.53552616, -0.25574413, -0.66633666, 0.9153639, -0.82681596, 0.04829876, -0.00074293907, 0.22823954, 0.3245731, 0.00948337, 0.8728033, -0.6016136, 0.08222717, 0.8590008, 0.030463342, -0.9430106, 0.80776256, 0.41327024, 0.3287493, 0.62450445, 0.58904254, -0.33158433, -0.37117735, 0.039763503, -0.643874, 0.12418224, -0.04903665, -0.97191757, -0.31732166, 0.30091155, -0.26188144, -0.075400054, -0.6597476, -0.8964184, 0.050567236, 0.8332269, 0.5869413, 0.24732529, -0.14676951, -0.002225247, -0.057165075, -0.80346173, 0.20411398, -0.94196284, -0.98184806, -0.04096826, 0.34615844, 0.32039604, -0.365065, 0.2324103, -0.2549461, 0.86958486, -0.4935452, -0.8394349, 0.7323709, 0.33006698, -0.4086683, -0.9697772, 0.47731832, 0.6032477, 0.95083326, -0.037415393, 0.09590484, -0.94634753, 0.06699276, -0.006990061, -0.65023243, 0.41052753, 0.17398837, -0.91375273, -0.008941644, 0.021322409, -0.019652473, -0.28488234, -0.6890469, 0.5846253, 0.6126075, -0.9181328, -0.04809046, 0.5948816, -0.6616484, -0.9039684, 0.53205854, 0.37090588, 0.7311901, 0.30571496, 0.83039397, 0.07441136, -0.7181911, 0.6476418, -0.0120124025, -0.66337115, -0.18930793, 0.45232853, -0.53683364, 0.9343147, 0.118146606, -0.74646443, -0.3744198, -0.8657227, 0.08358796, -0.30694333, 0.15153213, 0.57987386, -0.8402498, 0.19932048, -0.38793227, 0.317796, 0.97340333, 0.66327137, -0.98972255, -0.22972104, -0.9539781, -0.12785628, 0.7890736, -0.18649374, -0.8455431, -0.7831076, 0.11988178, -0.1538345, 0.10494622, -0.8642692, -0.8990917, 0.36924326, -0.6073975, 0.42457706, 0.9063914, 0.972914, -0.431054, 0.11693648, 0.1658714, 0.91555357, 0.67689323, -0.17067319, 0.41714814, -0.82870275, 0.1644271, -0.37635547, 0.33729443, -0.9781693, 0.8021036, -0.6947125, -0.6968673, -0.5700032, -0.43145797, 0.42435727, 0.004307656, -0.46279234, -0.7115988, 0.67935115, -0.66797084, -0.8240562, -0.02140441, -0.21676865, -0.7395345, 0.10232369, 0.15608807, 0.2735202, 0.31795898, 0.6859811, -0.36144823, -0.8612929, 0.12736496, -0.20898989, -0.17116661, -0.62354356, -0.8314859, 0.14583406, 0.68274796, -0.0348957, -0.8189931, -0.42206207, 0.4059146, 0.14677833, 0.55286634, 0.8078053, 0.42681044, -0.7042753, -0.31878754, -0.8700747, 0.7323825, -0.95763946, 0.2677563, 0.9623871, -0.98929846, -0.03744623, -0.71515566, 0.46718243, -0.77883756, -0.4230562, 0.2659641, 0.3230117, -0.49810287, -0.7595758, -0.6730816, 0.85130054, 0.9277059, 0.28697193, 0.6522128, -0.37210724, 0.2231599, 0.9528002, 0.7291497, -0.48911446, -0.07897242, 0.81861794, 0.43587512, -0.8468411, -0.9695237, -0.60181934, 0.6771042, -0.46786386, 0.5099218, 0.88421553, 0.507668, -0.8527217, 0.81495064, -0.06819191, 0.32628047, -0.57264656, 0.7960985, 0.94207364, -0.32254115, 0.068314224, 0.22878243, 0.52484363, -0.55700886, 0.420533, 0.23359227, 0.16672324, 0.4069296, -0.15037799, -0.5293103, -0.7233637, -0.28540918, 0.9137146, 0.35463402, -0.5984204, 0.9389776, -0.10157821, 0.020717716, 0.9159049, -0.28790653, 0.5393516, 0.46865383, 0.6249089, -0.18648435, 0.07730479, 0.15462135, -0.4442586, 0.17537166, 0.55789566, -0.515649, -0.26263797, 0.9959266, -0.30744252, 0.17315768, 0.483126, 0.00067368295, 0.061078027, -0.07211997, 0.90016794, -0.6597454, -0.50827223, 0.078027874, -0.65017366, -0.8632284, -0.54374474, 0.25370148, 0.2132978, -0.5423133, -0.5138324, 0.43197083, -0.19352366, 0.38912073, -0.49024147, 0.15035938, -0.6823234, -0.7022654, -0.4926993, -0.34756643, -0.6419424, 0.82543916, 0.29366747, 0.6606502, -0.76977396, -0.8296166, 0.5540696, 0.49823308, 0.40925136, -0.17560892, 0.8220951, -0.19862011, 0.18726075, 0.2308688, 0.33995157, 0.61895317, 0.096561514, -0.72251296, -0.66329086, -0.26145998, 0.8929303, 0.348472, -0.53777117, -0.04779588, -0.7467407, -0.5782797, -0.112734586, 0.58327687, 0.64922523, 0.046820346, -0.03806494, -0.23221777, 0.97367907, 0.2254284, 0.28069076, 0.9289447, -0.23347072, 0.032221332, -0.56767523, -0.9301443, 0.01261232, -0.8569237, 0.390325, -0.4219622, -0.9879781, 0.32872579, 0.5735434, 0.4422252, -0.65041435, -0.20546193, -0.8984786, 0.050867833, -0.48887655, -0.25399294, 0.32136312, -0.7851051, -0.712509, -0.7753337, 0.3991105, -0.869411, -0.33459485, -0.005619014, 0.059974372, 0.5919239, -0.6367129, 0.9864367, 0.309348, -0.84159505, 0.40870187, 0.65785074, -0.73295105, -0.47450855, -0.13574974, -0.106825754, 0.76187694, 0.5932141, 0.6766394, -0.85500705, 0.72927034, 0.2788856, -0.80962443, -0.8234679, 0.71889424, -0.88089645, 0.8319264, 0.43618327, -0.07172537, 0.68676823, 0.494308, 0.32353055, -0.89961797, -0.662813, -0.30101857, 0.5144048, -0.68497795, -0.7291829, 0.42983356, 0.5612858, 0.41097736, 0.6671584, -0.9003893, 0.35634065, 0.18215987, 0.36108682, 0.95547616, -0.1314925, -0.980558, -0.011019334, 0.45965257, -0.015797485, 0.30911535, -0.19986752, -0.7562259, -0.19619519, -0.57981426, -0.5242837, 0.7329533, -0.26963678, -0.72656846, 0.08923307, -0.5438123, 0.15824185, -0.32379237, -0.66263616, -0.22665504, -0.30462688, -0.64204144, -0.46838138, 0.8558207, -0.8817868, 0.6784969, 0.3045915, 0.9430781, -0.9141063, 0.28727776, 0.7717071, 0.7497759, -0.30205128, -0.6886291, 0.8703843, 0.73662645, 0.39494708, -0.3429525, 0.24776256, 0.8312458, 0.8811038, 0.883866, -0.53381747, 0.038149707, 0.15942436, -0.4352082, -0.57827455, 0.65969825, 0.8815804, -0.5400072, 0.44844988, -0.91421705, -0.5790028, -0.4204986, 0.6875511, 0.55931437, -0.66385186, -0.7899777, 0.93448955, -0.23375933, 0.07996977, 0.4104588, -0.82639724, -0.04858851, -0.6537285, -0.5462815, -0.010306709, -0.747006, 0.50716776, -0.77477854, -0.6935645, 0.5387721, 0.893737, 0.55108315, 0.15721112, 0.58585685, -0.61158776, 0.31843856, 0.45005545, 0.8115749, -0.65382785, -0.3234261, 0.83165073, -0.78307736, -0.8829499, -0.3520781, 0.61494637, 0.90355897, -0.3885486, -0.88654596, -0.31705907, 0.19056793, -0.6993364, 0.45097828, 0.25579497, -0.713115, -0.31239057, -0.51663995, 0.9340769, 0.26516795, 0.681745, 0.70163834, 0.7031176, -0.15550931, -0.23093487, 0.11760182, 0.74447244, -0.866322, 0.9075256, 0.6014683, 0.53189355, 0.8111853, 0.42212936, -0.14993024, 0.36515668, 0.27493703, 0.5676974, 0.95151985, 0.36278626, -0.7727535, 0.23775735, 0.75697654, 0.04083579, 0.6991832, -0.6323484, -0.9010228, 0.16721457, -0.567065, 0.04657356, 0.5533012, 0.00018481928, 0.3097229, -0.37324148, -0.7340642, 0.42428425, -0.5144691, 0.8691792, 0.62833583, -0.6878649, 0.30764917, -0.7581815, -0.33456314, -0.9125936, -0.30698502, 0.6247902, -0.8452331, 0.19698766, 0.5634295, -0.40764812, -0.7737106, -0.6455706, 0.83685726, 0.25413018, -0.9658514, -0.72985274, 0.6105101, 0.2836196, -0.84526247, -0.36722007, 0.14575966, 0.57298356, 0.5407607, -0.69600165, -0.6248567, -0.8768163, -0.24325033, -0.12306491, 0.84000266, -0.7408988, 0.21475624, 0.50522393, -0.5249966, 0.26366112, 0.07988359, 0.95531756, 0.2868456, -0.40641752, -0.74922055, 0.29094863, -0.652164, 0.24338537, -0.80351895, 0.425736, -0.5891723, 0.9941966, -0.88607365, 0.99701095, -0.10801853, 0.18286332, 0.75035614, -0.13625595, -0.95764, 0.4698642, 0.20275272, 0.6073604, -0.6379244, -0.78005946, -0.20631167, -0.6480298, 0.25341788, -0.7112431, -0.016856164, -0.64363784, 0.1567275, -0.41958532, -0.938469, -0.8511464, 0.8604867, 0.4870548, 0.8839217, 0.1283518, 0.96094424, 0.679263, 0.069866024, -0.41020098, 0.7770115, -0.34268606, 0.9484263, -0.72438514, -0.10987227, 0.997902, 0.21580066, 0.6121642, -0.90859455, 0.80350995, -0.19986306, -0.7691599, 0.7071785, -0.33830637, -0.585934, -0.74018276, 0.5263756, 0.6595066, -0.7922373, 0.52117836, 0.42415935, -0.08326275, 0.1508488, -0.5188385, -0.28094223, 0.88672096, -0.3923574, -0.9765795, -0.98087054, 0.35792533, 0.3542682, 0.3885414, 0.06615828, 0.7258972, 0.015730714, -0.7107466, -0.6382283, -0.3961319, 0.19709776, -0.20745102, -0.5564796, -0.866081, -0.14988469, 0.8191991, -0.5927283, -0.0017338644, 0.37928718, -0.94141, 0.098867334, 0.9445439, 0.8514855, 0.52767324, 0.8888068, 0.24134202, 0.1409798, 0.20104402, -0.4673374, 0.3335796, -0.5939736, -0.89548475, -0.85017765, -0.76086104, 0.6140484, -0.9665376, 0.79231447, -0.44348422, 0.7916143, 0.84757817, 0.9812203, 0.65467393, 0.8972596, -0.9915057, 0.41053253, 0.5911667, 0.9573763, -0.010595516, 0.30182135, 0.8721131, 0.5083105, -0.29434755, 0.8575877, 0.16544224, -0.8888634, 0.8938907, 0.017612088, 0.30685288, -0.80164784, -0.12684427, -0.22609027, 0.14573961, -0.15077612, -0.54395694, -0.83865863, -0.32250762, 0.5319526, 0.7771329, -0.50737816, -0.82786196, -0.28129387, -0.506321, 0.39493498, 0.25084022, 0.6104802, 0.41167971, -0.90291125, 0.9185215, 0.8566985, -0.8750304, -0.71549934, -0.18384582, -0.15200847, 0.041854206, 0.8168094, -0.61708814, 0.8704735, -0.76642925, -0.29692212, -0.6846688, 0.23759049, 0.113183625, 0.6004882, -0.17979454, -0.13061105, 0.3332894, 0.36799628, -0.8743038, 0.5500513, -0.515524, 0.6433437, -0.13033454, 0.5385164, 0.38881895, -0.43872774, 0.39903012, -0.081492566, 0.6057541, 0.91636914, -0.67880464, 0.28235725, 0.5159848, 0.73558134, -0.43402418, 0.017986985, 0.52254486, 0.891322, -0.16845898, 0.11740294, -0.58481365, -0.59064114, -0.9303086, -0.017460514, -0.65050197, 0.81804085, -0.12435385, -0.3987058, -0.8242728, -0.74557805, -0.7030888, -0.41942874, -0.33575594, -0.23732908, 0.31200346, 0.9177817, -0.21098503, 0.9111025, 0.80382895, -0.9444034, 0.69817185, -0.0023338962, -0.93911314, 0.91842765, 0.73000723, 0.13143754, 0.9503399, -0.7328943, -0.8557566, -0.16918035, -0.6324884, -0.8788593, 0.4829648, -0.22680475, -0.8388112, 0.28071395, 0.5571768, 0.293875, 0.60479283, 0.3599356, 0.40552968, 0.16354683, 0.7836998, 0.6520464, 0.021626875, 0.05457406, 0.10554556, -0.5954931, -0.18533526, -0.46335703, 0.9446351, -0.35009435, -0.6599357, -0.6798853, 0.689076, 0.82760614, 0.7251203, 0.56989217, -0.45513618, 0.734933, -0.08211937, 0.3394019, 0.37095714, 0.44640896, 0.8811488, 0.54228425, 0.97383946, -0.21085937, -0.7138355, -0.8169921, -0.65014774, -0.91265476, 0.8859557, 0.93491966, -0.46436164, 0.180113, 0.5519616, 0.5408625, -0.06432267, 0.837149, -0.40641183, 0.5584124, -0.17545076, -0.17483623, -0.6394311, 0.68473274, 0.5352577, 0.8868092, 0.5647549, -0.16959827, 0.8395709, 0.9780674, -0.031708263, 0.559042, -0.98253775, -0.96012616, 0.17557262, 0.5748452, 0.1399761, -0.9234336, 0.21144149, 0.31887633, 0.22561105, 0.09732978, 0.46629903, 0.24653065, -0.006082368, -0.7489901, 0.6939622, -0.14853999, 0.4040609, 0.1282358, 0.6326055, -0.10307311, 0.64716893, 0.040408198, -0.09649442, -0.5628597, -0.10429815, 0.22249584, 0.09213861, 0.60197973, -0.6400887, -0.5875831, -0.7037886]","[-7.0, 4.0, 4.0, -2.0, -1.0, 4.0, -1.0, 2.0, -2.0, -3.0, -2.0, -1.0, 4.0, -2.0, 4.0, -2.0, -2.0, -3.0, -7.0, -1.0, -8.0, -2.0, -2.0, -7.0, 5.0, 10.0, -7.0, -8.0, 3.0, -7.0, -14.0, 4.0, -2.0, 4.0, 5.0, 3.0, 4.0, -6.0, -7.0, -7.0, 0.0, 5.0, -1.0, -4.0, 1.0, 5.0, 3.0, -7.0, -3.0, -2.0, 5.0, 3.0, 5.0, -1.0, 1.0, 1.0, -1.0, -2.0, 0.0, 4.0, 3.0, 4.0, -2.0, 0.0, 3.0, 4.0, -7.0, -3.0, -2.0, 5.0, 5.0, 2.0, -1.0, 4.0, -6.0, 3.0, 4.0, -3.0, -1.0, 6.0, -2.0, -6.0, -1.0, -7.0, 6.0, 10.0, -1.0, -1.0, 0.0, 4.0, -1.0, 6.0, -1.0, 10.0, -2.0, 4.0, 4.0, -3.0, -6.0, -4.0, -1.0, -1.0, 1.0, -1.0, -8.0, 5.0, 1.0, 3.0, 5.0, -3.0, -2.0, -7.0, -7.0, -2.0, 4.0, -8.0, 5.0, -7.0, 5.0, -3.0, 5.0, 5.0, 0.0, 4.0, -2.0, 3.0, -1.0, 4.0, 3.0, -2.0, 5.0, -1.0, -4.0, -7.0, -2.0, -8.0, -1.0, -8.0, 3.0, 4.0, 4.0, 5.0, -2.0, 4.0, 5.0, 4.0, -8.0, 0.0, -7.0, 4.0, -10.0, 5.0, -3.0, 0.0, -2.0, -7.0, 4.0, 4.0, 4.0, -1.0, -3.0, 4.0, 5.0, 3.0, -13.0, -1.0, -7.0, 4.0, -9.0, -5.0, 3.0, -1.0, 5.0, 3.0, 1.0, -2.0, -2.0, -2.0, -3.0, 0.0, 3.0, -2.0, -2.0, -5.0, -2.0, -2.0, 5.0, -6.0, 2.0, 10.0, -3.0, -2.0, 4.0, -4.0, -2.0, 0.0, -2.0, -8.0, -2.0, -2.0, -8.0, -2.0, -2.0, 5.0, -1.0, 5.0, -1.0, -3.0, -1.0, -1.0, 5.0, 4.0, -2.0, 4.0, 1.0, -8.0, 4.0, 4.0, -2.0, -3.0, 4.0, -7.0, -3.0, -7.0, 8.0, 5.0, 4.0, -3.0, 0.0, 4.0, -7.0, 0.0, 5.0, -2.0, 0.0, 4.0, 4.0, 4.0, -1.0, 3.0, 1.0, -1.0, -6.0, 3.0, 2.0, 0.0, 4.0, -5.0, -2.0, 6.0, -2.0, -5.0, -2.0, -1.0, -2.0, -4.0, -1.0, -4.0, -2.0, -2.0, -2.0, 5.0, -7.0, -2.0, 4.0, -1.0, -7.0, 1.0, -7.0, 5.0, 4.0, -1.0, -1.0, -6.0, 6.0, -1.0, 5.0, -2.0, -4.0, -7.0, 4.0, -1.0, 0.0, -1.0, -1.0, 12.0, 0.0, -1.0, 4.0, 4.0, -1.0, -2.0, -8.0, -2.0, -2.0, -1.0, -7.0, -1.0, -3.0, -2.0, 4.0, 3.0, 4.0, -1.0, -1.0, 0.0, -3.0, 4.0, 0.0, -2.0, 3.0, 3.0, -6.0, -1.0, -2.0, 0.0, 1.0, -1.0, 5.0, 4.0, -1.0, -8.0, -1.0, 3.0, 6.0, 1.0, -7.0, 4.0, 5.0, 2.0, 0.0, 0.0, 4.0, 10.0, -2.0, -2.0, -8.0, -2.0, 4.0, 12.0, -1.0, 5.0, -4.0, -7.0, -7.0, 0.0, -1.0, -1.0, -2.0, -1.0, -3.0, -1.0, -1.0, 4.0, 5.0, 5.0, -2.0, -7.0, 3.0, -1.0, -7.0, -1.0, 4.0, -7.0, 6.0, -1.0, 4.0, 10.0, 4.0, -7.0, -1.0, 13.0, 4.0, 9.0, 0.0, 4.0, -3.0, 4.0, 5.0, 4.0, 4.0, 4.0, -2.0, 5.0, -1.0, 4.0, 3.0, 5.0, 5.0, 3.0, 0.0, 5.0, -2.0, 11.0, 5.0, 11.0, -2.0, -2.0, 5.0, 10.0, -3.0, 5.0, 10.0, -1.0, 3.0, -1.0, -7.0, 5.0, -2.0, 4.0, -2.0, 3.0, 3.0, 1.0, -8.0, -2.0, -10.0, 5.0, 0.0, -3.0, -8.0, 1.0, 8.0, -6.0, 6.0, 3.0, -7.0, -7.0, -2.0, -1.0, -1.0, -1.0, -2.0, -2.0, -2.0, -2.0, -14.0, -7.0, -1.0, -7.0, -1.0, -8.0, 4.0, -2.0, 5.0, -2.0, 5.0, -2.0, 5.0, 4.0, -1.0, -2.0, 4.0, 4.0, 5.0, 4.0, 3.0, -1.0, 4.0, 2.0, 4.0, -2.0, -2.0, -1.0, 9.0, -1.0, -1.0, -8.0, 0.0, 5.0, 2.0, 4.0, -1.0, 5.0, -1.0, 5.0, -8.0, -1.0, -2.0, -1.0, -2.0, -2.0, -10.0, 5.0, -5.0, -1.0, 5.0, 11.0, -1.0, 0.0, -5.0, -2.0, -2.0, 2.0, -2.0, -2.0, -2.0, -8.0, 0.0, -2.0, -7.0, 4.0, -7.0, -1.0, -3.0, -5.0, 4.0, 2.0, -1.0, -2.0, 4.0, 5.0, -4.0, 4.0, -1.0, -1.0, -1.0, 3.0, 9.0, -7.0, 4.0, -2.0, -3.0, -2.0, -2.0, 5.0, 4.0, 4.0, -5.0, -1.0, -1.0, 3.0, -3.0, -1.0, -7.0, 0.0, -1.0, 4.0, 3.0, -5.0, 5.0, 4.0, -1.0, -1.0, 4.0, -3.0, -1.0, -1.0, -2.0, -2.0, 5.0, 5.0, -2.0, 1.0, -7.0, 5.0, 4.0, -2.0, -1.0, 3.0, -1.0, -7.0, -5.0, -2.0, -1.0, -1.0, 5.0, -1.0, 0.0, 4.0, -3.0, -7.0, -2.0, -1.0, -1.0, -2.0, 3.0, -3.0, -2.0, 1.0, 1.0, -3.0, 0.0, -1.0, -8.0, 4.0, 3.0, 1.0, -1.0, -2.0, -7.0, -2.0, -1.0, 3.0, -1.0, -1.0, 5.0, -3.0, 4.0, 0.0, -2.0, -7.0, -7.0, 3.0, 5.0, -1.0, 11.0, 4.0, -1.0, 4.0, -2.0, 0.0, 10.0, 0.0, -7.0, -2.0, -8.0, -2.0, 7.0, -1.0, -1.0, 4.0, 6.0, 5.0, 4.0, 2.0, -1.0, -2.0, 10.0, -4.0, -1.0, -2.0, 4.0, -1.0, -1.0, 0.0, 5.0, -1.0, 2.0, -1.0, -2.0, -1.0, -6.0, 2.0, -1.0, -2.0, 1.0, -2.0, 3.0, -2.0, -2.0, 6.0, -2.0, -2.0, 1.0, -2.0, -2.0, -6.0, 4.0, 1.0, 5.0, -3.0, -3.0, 5.0, 4.0, -6.0, -2.0, -1.0, -1.0, 0.0, -1.0, -3.0, 3.0, 3.0, 1.0, 0.0, 5.0, 1.0, -1.0, -1.0, -2.0, -1.0, 5.0, -3.0, 5.0, -1.0, -12.0, -2.0, -1.0, -1.0, -5.0, -7.0, -1.0, -2.0, -3.0, 6.0, 8.0, -3.0, 0.0, 4.0, 3.0, 5.0, -1.0, 3.0, 4.0, -1.0, 4.0, -1.0, 5.0, -15.0, -7.0, -1.0, -2.0, 1.0, -7.0, 5.0, -1.0, 1.0, -2.0, 6.0, 0.0, -4.0, -1.0, -2.0, 2.0, -2.0, 0.0, -6.0, -8.0, -2.0, 4.0, 4.0, -2.0, 1.0, 1.0, -5.0, 4.0, -1.0, -3.0, 10.0, -2.0, 5.0, 3.0, -1.0, 3.0, 5.0, 4.0, -2.0, -3.0, 4.0, 4.0, -1.0, 3.0, 10.0, -1.0, 2.0, -2.0, 4.0, -2.0, 5.0, -6.0, 5.0, -1.0, -5.0, 4.0, 0.0, 5.0, 0.0, -2.0, -2.0, -8.0, -2.0, -1.0, 5.0, -1.0, 5.0, -2.0, -1.0, -2.0, -2.0, -2.0, -2.0, 10.0, 4.0, 3.0, 3.0, 4.0, 10.0, 4.0, 4.0, -2.0, 0.0, -2.0, -13.0, 4.0, -1.0, 9.0, -2.0, 4.0, 3.0, 4.0, -1.0, -2.0, 5.0, -3.0, -7.0, -2.0, -2.0, -2.0, -7.0, -1.0, -2.0, 0.0, 10.0, 9.0, -1.0, 4.0, -2.0, -2.0, -7.0, 5.0, 11.0, 4.0, 5.0, -1.0, -8.0, 4.0, -2.0, -5.0, 4.0, -1.0, -7.0, -1.0, 4.0, 0.0, -1.0, -1.0, -8.0, -2.0, -1.0, 5.0, 4.0, -9.0, -4.0, -1.0, -14.0, 2.0, -12.0, -2.0, -7.0, 6.0, -1.0, 5.0, -8.0, -7.0, -1.0, -2.0, -4.0, 3.0, -2.0, -7.0, 0.0, 4.0, 5.0, 5.0, 9.0, 5.0, 2.0, -2.0, -1.0, 7.0, -1.0, 3.0, -1.0, 4.0, 4.0, -1.0, -2.0, 5.0, 4.0, -2.0, -2.0, -1.0, 4.0, -1.0, 0.0, -4.0, 3.0, -8.0, 4.0, -5.0, -1.0, -7.0, -2.0, -7.0, -1.0, 3.0, 5.0, -2.0, 5.0, -9.0, 5.0, -2.0, 0.0, -1.0, -5.0, -1.0, -1.0, -14.0, 0.0, 5.0, 11.0, -2.0, 5.0, 5.0, 4.0, 4.0, -1.0, -1.0, 4.0, -2.0, -1.0, -5.0, 4.0, 5.0, 4.0, 2.0, -7.0, -2.0, -2.0, 5.0, 6.0, -1.0, 4.0, 0.0, 5.0, 5.0, -7.0, -6.0, 6.0, 3.0, -7.0, -7.0, -3.0, -7.0, -1.0, 5.0, -6.0, -13.0, 10.0, -1.0, 6.0, 10.0, -1.0, 3.0, -2.0, 0.0, 1.0, -2.0, -3.0, -2.0, 5.0, 5.0, -3.0, -2.0, -6.0, 15.0, 5.0, 3.0, -4.0, 5.0, 0.0, -1.0, 5.0, -2.0, 4.0, -1.0, 5.0, 4.0, -1.0, 4.0, -1.0, 11.0, -2.0, -8.0, -1.0, 8.0, 5.0, 9.0, 2.0, -6.0, 4.0, 3.0, -8.0, -1.0, 11.0, -2.0, -2.0, -20.0, -2.0]",8.191414266461646,0.0033693313598632,0.0,0.0,0
14,14,"[0.2148185, -0.24314964, -0.7667134, -0.30805492, -0.9860788, -0.6252267, 0.43749675, 0.98904884, -0.093260445, -0.1266134, -0.10091683, -0.91477764, 0.41842434, -0.62078047, 0.09015984, 0.11174731, 0.39411935, -0.7836827, 0.62306476, 0.24808376, 0.15042739, -0.50680554, 0.54733545, -0.89612824, 0.11650306, 0.7096567, 0.7739019, -0.77418727, 0.6138847, -0.0042521576, 0.26311594, 0.20084497, 0.6150442, -0.14766115, 0.74416983, -0.9456849, 0.6341131, -0.43496355, -0.4615311, 0.32567424, 0.5327859, 0.12939739, -0.9924875, -0.40875253, 0.09942356, 0.50914013, -0.79773706, -0.21543433, -0.4581749, 0.57340133, 0.3579774, -0.2035968, -0.06298721, -0.8458797, -0.7347759, 0.3524316, -0.40397623, 0.6780175, 0.023262592, 0.73011714, -0.9045208, 0.8781454, 0.4920264, 0.43168253, -0.35115156, 0.27216128, -0.7818115, -0.82118374, 0.6970876, -0.3894338, -0.7415777, -0.918229, 0.34040004, -0.32609025, -0.7100647, 0.48365524, 0.92549086, 0.8675204, -0.5034457, 0.018778127, 0.9155624, -0.36158296, 0.96846026, 0.90244234, -0.6681106, -0.36681384, -0.5463488, -0.13515627, -0.6467455, -0.95575917, 0.43958408, 0.351525, -0.46111146, -0.20120983, 0.9500958, 0.66551524, 0.75946116, 0.5242751, 0.6705381, 0.40162268, -0.29144675, 0.12040139, 0.3807488, -0.20313483, 0.39223465, 0.5168204, 0.45487836, -0.5190741, 0.7084974, -0.8450716, 0.759311, 0.8835372, 0.46229875, 0.94880795, 0.93269956, -0.86883646, -0.8086485, -0.15322712, -0.44083288, -0.80797464, 0.45023307, 0.9192955, 0.11870423, -0.9815903, -0.6042662, 0.2418748, 0.55760735, -0.6402659, 0.04823807, -0.018504493, -0.49073446, -0.19364226, -0.7185379, -0.8304813, -0.14182723, 0.6378787, -0.41694912, -0.90700585, 0.1882212, 0.38041303, -0.14139132, 0.5438049, -0.699522, -0.52646047, 0.6466839, -0.47347376, 0.8106047, 0.52411884, -0.47467434, 0.8206411, -0.49057013, -0.5726489, -0.13250831, -0.1517455, -0.060160823, 0.025919497, -0.66800815, 0.76880854, -0.91076714, 0.23057063, 0.26993066, 0.4390148, 0.45258927, -0.25943157, 0.6709673, 0.8609723, -0.7797366, -0.11825007, -0.6505148, 0.9596792, -0.6955432, -0.46699786, 0.35364145, 0.9715141, 0.13767746, -0.65127563, -0.36310482, -0.07319258, -0.40991256, 0.31346166, -0.2820203, 0.73393047, -0.78057337, 0.06480374, 0.89588726, -0.078339264, -0.44994494, -0.067427956, 0.64782536, 0.07694924, 0.9026285, 0.32897106, 0.9789331, -0.5759453, 0.11663595, -0.5949223, -0.37100324, 0.4794404, 0.8144801, -0.09794505, 0.83758694, 0.42338887, -0.6950754, 0.7767609, 0.5282586, -0.21192822, 0.5100335, 0.7867157, 0.14493972, 0.6051809, 0.58309036, -0.22990638, -0.15647359, 0.567135, -0.12077057, 0.16199158, 0.100762755, -0.93226326, -0.60078347, -0.11318433, -0.038660884, -0.91112536, -0.8103934, 0.9425847, 0.0067227823, 0.42792568, -0.48764578, -0.727246, 0.5167616, 0.50315297, -0.52460206, -0.37464094, 0.17047746, -0.19916612, 0.9599494, -0.2105577, -0.7845895, 0.03490769, 0.40566584, -0.009940602, 0.6392277, -0.95425236, -0.8919026, 0.040193126, 0.079370245, -0.7551338, 0.038412053, 0.2586137, -0.7897802, 0.2902762, -0.6239409, 0.9044835, 0.21750748, 0.7054006, 0.64148283, 0.29771549, 0.14726132, 0.6412455, 0.22331905, 0.8446943, -0.24572377, -0.5836344, 0.32822838, 0.43080932, 0.56130844, -0.17643762, 0.7067022, -0.72843117, -0.41553465, -0.13885169, 0.75626254, 0.4791469, 0.96936417, -0.4823534, -0.034054484, -0.23780644, -0.3818067, 0.4851089, -0.36054933, 0.171281, -0.47218242, -0.5641861, 0.6679706, 0.097518474, -0.7201862, 0.14502628, -0.5636946, 0.005857879, 0.7603828, 0.74631053, 0.37229672, -0.88195974, 0.6832561, 0.20426548, 0.9339358, 0.37006226, 0.13125494, 0.7932027, 0.32165986, -0.8001402, -0.22272758, 0.24707407, 0.8140869, 0.7973227, -0.39325878, 0.9433492, -0.98701286, -0.8120947, 0.62026864, -0.53261083, 0.54646873, 0.85492986, -0.49249786, 0.5240967, -0.70278305, -0.3669815, 0.3927918, 0.48549014, -0.13335602, 0.5925942, -0.687704, -0.3452927, 0.87827784, -0.8123792, 0.54165035, 0.684992, 0.96157074, -0.6882761, 0.78476703, 0.5375954, 0.895523, -0.8004648, 0.45648125, 0.8684715, 0.829969, 0.22385634, -0.8289888, 0.1364655, 0.9403955, -0.9961298, -0.52464354, -0.46168378, 0.62145704, -0.85671616, -0.6665726, 0.95863396, -0.9368871, -0.20339389, 0.36795828, 0.4450358, 0.37054375, 0.84078705, 0.90262073, 0.34265414, -0.93750584, 0.22297244, -0.26214612, -0.86709815, -0.05539075, -0.8077666, -0.19650786, 0.54575217, 0.016862227, -0.11530223, -0.59329003, 0.32320547, 0.48607737, 0.9101836, -0.6275885, 0.6175724, -0.83624053, 0.842606, 0.70742697, -0.32122546, 0.40450183, -0.82741475, -0.64206564, 0.65907395, -0.43654653, 0.16527507, -0.55289125, 0.7505782, 0.90244013, 0.80895054, -0.99638367, -0.028105045, 0.555078, -0.5758147, 0.43405965, -0.054019853, -0.59125406, -0.46979886, -0.32835245, -0.13229007, -0.97743773, -0.13882598, -0.8376688, 0.08212659, -0.14180548, -0.09172875, 0.22380048, 0.9474626, -0.48869726, 0.09637405, 0.58888763, 0.16230987, -0.8171517, 0.793621, -0.5241709, -0.3824227, -0.011100951, 0.06341267, -0.6123883, 0.0037084168, -0.64538765, 0.08207022, -0.773192, 0.036225677, 0.026440218, 0.8809171, 0.09605703, -0.3351086, 0.49728528, -0.6492545, 0.6064644, 0.33657357, -0.92605215, 0.77881587, -0.82801276, 0.27367544, -0.72591156, -0.9648493, 0.910107, 0.21588276, 0.9983686, -0.23793232, -0.66637623, -0.30230978, -0.5053441, -0.05198514, -0.547489, -0.68268234, 0.16027509, 0.32267147, -0.6749267, -0.6953064, -0.50737494, 0.8532098, 0.77409315, 0.57897335, -0.63875425, -0.17234156, -0.731231, 0.7825553, 0.3698455, 0.14109203, 0.35477516, -0.5561012, 0.18804006, 0.97738147, 0.44861278, 0.8852422, -0.424309, -0.017590825, 0.87958246, 0.44066358, -0.2595703, -0.83839285, 0.46833995, -0.70165294, -0.53965855, -0.55859286, -0.11042789, 0.9976601, 0.41242993, 0.23288986, -0.10454811, 0.98383796, -0.112395935, 0.54080606, -0.7818639, 0.943655, -0.040422443, -0.19592223, -0.71709824, -0.46751428, -0.27663824, -0.4024277, 0.30227152, -0.5784789, 0.6861044, 0.68959993, 0.17891522, -0.031779923, -0.45778343, 0.8711279, -0.9976816, -0.6486218, -0.5663681, 0.65434015, -0.42643288, -0.4481245, -0.038508266, -0.9239697, 0.40498266, -0.10365591, -0.80074364, -0.29003718, 0.44238067, -0.69852734, 0.88557446, 0.982082, -0.5356396, 0.08273023, -0.49914882, 0.88638175, -0.023888214, 0.911142, -0.40090853, 0.30016622, -0.47699806, 0.07778462, 0.101129614, -0.84040755, 0.9201333, 0.22087382, 0.7869894, 0.3935815, 0.810901, -0.09620521, 0.45510998, 0.83198124, -0.31122217, -0.2140395, -0.80128515, -0.1420823, -0.13526508, -0.9322216, 0.45244598, 0.1447859, 0.3583403, -0.5618402, 0.69219947, 0.4711918, 0.27496397, 0.09463346, 0.547032, 0.032334793, -0.51542866, 0.88802963, 0.9967104, 0.7291735, 0.43883535, -0.64004916, -0.9676518, 0.78080434, 0.17441496, 0.6649239, -0.12679215, -0.27198118, 0.2954222, -0.8390242, -0.5302661, -0.13864672, 0.39157027, -0.802015, 0.001582047, 0.3461788, -0.41778126, -0.39605355, 0.1802388, 0.5343301, -0.80413383, -0.31845492, 0.5743891, -0.82838374, 0.85077304, 0.09199242, 0.91221684, -0.2392894, 0.4194423, 0.5904525, -0.9873969, 0.24155705, 0.3622874, 0.38261986, -0.6824705, 0.6338676, 0.4592589, -0.5716319, -0.68141305, -0.19958505, 0.21386622, -0.79445785, 0.58728397, -0.9633655, 0.40273565, 0.25480047, 0.8857767, -0.8111365, -0.869799, -0.31760806, 0.1201344, 0.45994994, -0.012992211, 0.4524523, -0.10216425, 0.4800256, -0.043013494, -0.8825692, -0.728694, 0.75987405, -0.76291394, 0.8094959, 0.08851802, -0.5648537, 0.40306282, 0.9704652, 0.18461353, 0.36601466, 0.8152122, 0.26907027, -0.80994135, 0.9180418, -0.052889306, -0.4430158, -0.003918469, 0.9828633, 0.6782014, 0.6022825, -0.0783534, 0.3571602, 0.10375374, -0.2074171, -0.3529409, 0.02087878, -0.86905414, 0.7688535, 0.61485416, 0.29909685, -0.58829844, 0.16264789, -0.7297822, -0.69344085, -0.13935588, 0.90753627, 0.61009556, -0.10881591, -0.114663236, -0.674241, -0.5252091, -0.023954498, -0.844801, -0.89406604, 0.88156, -0.84735775, 0.33249122, -0.25756308, 0.8305591, -0.66697174, 0.14603524, -0.2917446, 0.49948865, 0.5800735, -0.8399615, -0.86478007, -0.563411, -0.9475469, -0.032549504, -0.7095042, 0.96847457, 0.59746665, 0.8780296, -0.44397584, -0.8633586, -0.13705938, 0.5470752, -0.94540703, 0.6242605, 0.7579207, 0.033610813, 0.62932634, 0.35442695, -0.36262387, 0.08117753, -0.96289307, -0.86069757, -0.41488376, 0.9070992, 0.06630403, -0.7370342, -0.20812118, -0.07554558, -0.98196113, -0.02555569, -0.91294456, 0.7113777, 0.5062855, -0.013683643, 0.25307655, 0.98766834, -0.3776892, -0.547695, 0.5618149, -0.38183138, -0.98021996, 0.83950484, 0.68684745, 0.7547603, -0.72491664, -0.03320205, -0.75694704, -0.79506403, -0.7597399, 0.7948216, -0.13373874, 0.70673114, -0.509849, 0.7838871, -0.3784753, -0.8557539, 0.4182034, -0.43556237, 0.013012904, -0.040332124, 0.59485066, 0.81554604, 0.17691667, 0.80214554, 0.24157007, -0.26265845, -0.1244715, 0.71407205, 0.8354813, -0.9389822, 0.70822465, -0.24377131, 0.3030895, -0.57181495, 0.2398929, -0.88740295, 0.605743, 0.52492523, 0.15705979, 0.16666, 0.10984105, -0.056873236, -0.22333682, -0.8858998, -0.11998675, -0.06856767, -0.1882481, 0.30901226, 0.1403863, -0.9237319, -0.45612788, -0.7942761, -0.16046531, -0.83200914, 0.19633476, -0.8623344, 0.640295, -0.8431564, 0.8387499, -0.71390545, -0.3037214, -0.7367898, 0.9017006, -0.09822619, -0.7287708, 0.710686, -0.7732696, 0.48188952, 0.45112655, 0.6834489, -0.6151639, -0.11524404, -0.5291165, 0.81427115, 0.527501, 0.9197126, 0.37177896, -0.107641004, -0.83581513, 0.9589394, -0.24871725, 0.50762784, -0.18346176, 0.25893277, 0.4334172, 0.8917147, -0.27848193, 0.1851076, 0.27252242, 0.33513877, -0.73986214, -0.9223558, -0.037835397, -0.1679602, -0.8131756, 0.6063616, -0.6815794, -0.21640965, 0.25732565, -0.70128465, 0.49397373, 0.7142895, -0.52081317, 0.24167104, 0.28175393, -0.33087125, -0.8562572, 0.4785584, 0.68653834, -0.13757902, -0.40841058, -0.11809483, 0.888313, 0.3436553, 0.49670497, -0.9251712, -0.96773994, -0.25927705, -0.8282318, 0.063473396, 0.93769175, -0.43938422, 0.72146237, -0.51120883, -0.93621016, 0.19660138, -0.7746706, -0.71914905, -0.0062211207, 0.023167951, -0.027093774, 0.8732048, 0.3483871, -0.53930724, -0.9140883, 0.11266757, -0.18231782, 0.6072685, -0.083535716, -0.032676578, -0.8212856, 0.68551356, -0.24094559, -0.98133606, -0.2795903, -0.3827291, -0.56535506, -0.121677905, 0.20731524, -0.002489097, -0.36982876, 0.8740758, 0.9753586, 0.49330112, -0.044590563, 0.06104368, -0.016763186, 0.09902642, -0.1524697, -0.048837807, 0.7972206, 0.10906258, 0.42939383, 0.63538414, -0.30660847, -0.26193923, 0.6804554, 0.43724093, 0.03880841, -0.41149655, 0.58737457, 0.045087796, -0.7217335, -0.57496744, 0.34017107, 0.72949296, 0.44088283, -0.8177423, -0.21359472, -0.5660722, 0.023616545, 0.050879553, -0.63948816, -0.6099162, -0.81852484, -0.62882787, 0.16769037, -0.8438668, -0.9089069, -0.40367267, 0.4233665, 0.6390792, 0.79850584, 0.5223354, 0.48806533, 0.17953989, 0.54252386, -0.6997542, -0.9004644, 0.012699229, 0.44159737, 0.45205802, -0.808569, -0.47059664, -0.72168523, -0.55151546, 0.4124929, -0.5350286, -0.5540345, 0.0742359, 0.92280275, -0.6478386, 0.71021146, -0.92424583, 0.5029088, 0.29952416, -0.17848131, -0.77797955, -0.5778756, 0.9033801, -0.7810279, -0.15286691, -0.5260343, 0.70876735, 0.7986038, 0.53616387, 0.44843864, 0.455393, -0.45891702, -0.6844721, 0.21389885, -0.32324803, 0.68820894, -0.5352938, -0.9247484, 0.23046473, -0.60249984, -0.6258497, -0.40900168, 0.6181226, -0.6301038, 0.8557218, 0.10268862, 0.9268671, 0.6017678, 0.0359438, 0.18346524, -0.90427154, -0.15936476, 0.84763014, 0.93870926, 0.9258759, 0.22824945, -0.19660822, 0.29379398, -0.06626127, 0.11333389, -0.9740811, 0.6175961, -0.5682715, -0.24881746, -0.9871314, 0.9123773, -0.19887656, 0.400975, -0.9526906, -0.7290346, -0.94986445, 0.4285428, -0.24062972, -0.040997036, -0.5562435, -0.5951662, -0.9569434, -0.98511744, 0.38373932, -0.6476104, -0.08327292, 0.30631945, -0.75231695, 0.034223128, -0.7407481, -0.59838784, 0.3079537, 0.94602025, 0.4638987, 0.26772475, 0.57222474, -0.4129406, 0.095850244, 0.36093935, 0.2680971, 0.2249977, -0.8122248, 0.48795837]","[-7.0, 4.0, 4.0, -2.0, -1.0, 4.0, -1.0, 2.0, -2.0, -3.0, -2.0, -1.0, 4.0, -2.0, 4.0, -2.0, -2.0, -3.0, -7.0, -1.0, -8.0, -2.0, -2.0, -7.0, 5.0, 10.0, -7.0, -8.0, 3.0, -7.0, -14.0, 4.0, -2.0, 4.0, 5.0, 3.0, 4.0, -6.0, -7.0, -7.0, 0.0, 5.0, -1.0, -4.0, 1.0, 5.0, 3.0, -7.0, -3.0, -2.0, 5.0, 3.0, 5.0, -1.0, 1.0, 1.0, -1.0, -2.0, 0.0, 4.0, 3.0, 4.0, -2.0, 0.0, 3.0, 4.0, -7.0, -3.0, -2.0, 5.0, 5.0, 2.0, -1.0, 4.0, -6.0, 3.0, 4.0, -3.0, -1.0, 6.0, -2.0, -6.0, -1.0, -7.0, 6.0, 10.0, -1.0, -1.0, 0.0, 4.0, -1.0, 6.0, -1.0, 10.0, -2.0, 4.0, 4.0, -3.0, -6.0, -4.0, -1.0, -1.0, 1.0, -1.0, -8.0, 5.0, 1.0, 3.0, 5.0, -3.0, -2.0, -7.0, -7.0, -2.0, 4.0, -8.0, 5.0, -7.0, 5.0, -3.0, 5.0, 5.0, 0.0, 4.0, -2.0, 3.0, -1.0, 4.0, 3.0, -2.0, 5.0, -1.0, -4.0, -7.0, -2.0, -8.0, -1.0, -8.0, 3.0, 4.0, 4.0, 5.0, -2.0, 4.0, 5.0, 4.0, -8.0, 0.0, -7.0, 4.0, -10.0, 5.0, -3.0, 0.0, -2.0, -7.0, 4.0, 4.0, 4.0, -1.0, -3.0, 4.0, 5.0, 3.0, -13.0, -1.0, -7.0, 4.0, -9.0, -5.0, 3.0, -1.0, 5.0, 3.0, 1.0, -2.0, -2.0, -2.0, -3.0, 0.0, 3.0, -2.0, -2.0, -5.0, -2.0, -2.0, 5.0, -6.0, 2.0, 10.0, -3.0, -2.0, 4.0, -4.0, -2.0, 0.0, -2.0, -8.0, -2.0, -2.0, -8.0, -2.0, -2.0, 5.0, -1.0, 5.0, -1.0, -3.0, -1.0, -1.0, 5.0, 4.0, -2.0, 4.0, 1.0, -8.0, 4.0, 4.0, -2.0, -3.0, 4.0, -7.0, -3.0, -7.0, 8.0, 5.0, 4.0, -3.0, 0.0, 4.0, -7.0, 0.0, 5.0, -2.0, 0.0, 4.0, 4.0, 4.0, -1.0, 3.0, 1.0, -1.0, -6.0, 3.0, 2.0, 0.0, 4.0, -5.0, -2.0, 6.0, -2.0, -5.0, -2.0, -1.0, -2.0, -4.0, -1.0, -4.0, -2.0, -2.0, -2.0, 5.0, -7.0, -2.0, 4.0, -1.0, -7.0, 1.0, -7.0, 5.0, 4.0, -1.0, -1.0, -6.0, 6.0, -1.0, 5.0, -2.0, -4.0, -7.0, 4.0, -1.0, 0.0, -1.0, -1.0, 12.0, 0.0, -1.0, 4.0, 4.0, -1.0, -2.0, -8.0, -2.0, -2.0, -1.0, -7.0, -1.0, -3.0, -2.0, 4.0, 3.0, 4.0, -1.0, -1.0, 0.0, -3.0, 4.0, 0.0, -2.0, 3.0, 3.0, -6.0, -1.0, -2.0, 0.0, 1.0, -1.0, 5.0, 4.0, -1.0, -8.0, -1.0, 3.0, 6.0, 1.0, -7.0, 4.0, 5.0, 2.0, 0.0, 0.0, 4.0, 10.0, -2.0, -2.0, -8.0, -2.0, 4.0, 12.0, -1.0, 5.0, -4.0, -7.0, -7.0, 0.0, -1.0, -1.0, -2.0, -1.0, -3.0, -1.0, -1.0, 4.0, 5.0, 5.0, -2.0, -7.0, 3.0, -1.0, -7.0, -1.0, 4.0, -7.0, 6.0, -1.0, 4.0, 10.0, 4.0, -7.0, -1.0, 13.0, 4.0, 9.0, 0.0, 4.0, -3.0, 4.0, 5.0, 4.0, 4.0, 4.0, -2.0, 5.0, -1.0, 4.0, 3.0, 5.0, 5.0, 3.0, 0.0, 5.0, -2.0, 11.0, 5.0, 11.0, -2.0, -2.0, 5.0, 10.0, -3.0, 5.0, 10.0, -1.0, 3.0, -1.0, -7.0, 5.0, -2.0, 4.0, -2.0, 3.0, 3.0, 1.0, -8.0, -2.0, -10.0, 5.0, 0.0, -3.0, -8.0, 1.0, 8.0, -6.0, 6.0, 3.0, -7.0, -7.0, -2.0, -1.0, -1.0, -1.0, -2.0, -2.0, -2.0, -2.0, -14.0, -7.0, -1.0, -7.0, -1.0, -8.0, 4.0, -2.0, 5.0, -2.0, 5.0, -2.0, 5.0, 4.0, -1.0, -2.0, 4.0, 4.0, 5.0, 4.0, 3.0, -1.0, 4.0, 2.0, 4.0, -2.0, -2.0, -1.0, 9.0, -1.0, -1.0, -8.0, 0.0, 5.0, 2.0, 4.0, -1.0, 5.0, -1.0, 5.0, -8.0, -1.0, -2.0, -1.0, -2.0, -2.0, -10.0, 5.0, -5.0, -1.0, 5.0, 11.0, -1.0, 0.0, -5.0, -2.0, -2.0, 2.0, -2.0, -2.0, -2.0, -8.0, 0.0, -2.0, -7.0, 4.0, -7.0, -1.0, -3.0, -5.0, 4.0, 2.0, -1.0, -2.0, 4.0, 5.0, -4.0, 4.0, -1.0, -1.0, -1.0, 3.0, 9.0, -7.0, 4.0, -2.0, -3.0, -2.0, -2.0, 5.0, 4.0, 4.0, -5.0, -1.0, -1.0, 3.0, -3.0, -1.0, -7.0, 0.0, -1.0, 4.0, 3.0, -5.0, 5.0, 4.0, -1.0, -1.0, 4.0, -3.0, -1.0, -1.0, -2.0, -2.0, 5.0, 5.0, -2.0, 1.0, -7.0, 5.0, 4.0, -2.0, -1.0, 3.0, -1.0, -7.0, -5.0, -2.0, -1.0, -1.0, 5.0, -1.0, 0.0, 4.0, -3.0, -7.0, -2.0, -1.0, -1.0, -2.0, 3.0, -3.0, -2.0, 1.0, 1.0, -3.0, 0.0, -1.0, -8.0, 4.0, 3.0, 1.0, -1.0, -2.0, -7.0, -2.0, -1.0, 3.0, -1.0, -1.0, 5.0, -3.0, 4.0, 0.0, -2.0, -7.0, -7.0, 3.0, 5.0, -1.0, 11.0, 4.0, -1.0, 4.0, -2.0, 0.0, 10.0, 0.0, -7.0, -2.0, -8.0, -2.0, 7.0, -1.0, -1.0, 4.0, 6.0, 5.0, 4.0, 2.0, -1.0, -2.0, 10.0, -4.0, -1.0, -2.0, 4.0, -1.0, -1.0, 0.0, 5.0, -1.0, 2.0, -1.0, -2.0, -1.0, -6.0, 2.0, -1.0, -2.0, 1.0, -2.0, 3.0, -2.0, -2.0, 6.0, -2.0, -2.0, 1.0, -2.0, -2.0, -6.0, 4.0, 1.0, 5.0, -3.0, -3.0, 5.0, 4.0, -6.0, -2.0, -1.0, -1.0, 0.0, -1.0, -3.0, 3.0, 3.0, 1.0, 0.0, 5.0, 1.0, -1.0, -1.0, -2.0, -1.0, 5.0, -3.0, 5.0, -1.0, -12.0, -2.0, -1.0, -1.0, -5.0, -7.0, -1.0, -2.0, -3.0, 6.0, 8.0, -3.0, 0.0, 4.0, 3.0, 5.0, -1.0, 3.0, 4.0, -1.0, 4.0, -1.0, 5.0, -15.0, -7.0, -1.0, -2.0, 1.0, -7.0, 5.0, -1.0, 1.0, -2.0, 6.0, 0.0, -4.0, -1.0, -2.0, 2.0, -2.0, 0.0, -6.0, -8.0, -2.0, 4.0, 4.0, -2.0, 1.0, 1.0, -5.0, 4.0, -1.0, -3.0, 10.0, -2.0, 5.0, 3.0, -1.0, 3.0, 5.0, 4.0, -2.0, -3.0, 4.0, 4.0, -1.0, 3.0, 10.0, -1.0, 2.0, -2.0, 4.0, -2.0, 5.0, -6.0, 5.0, -1.0, -5.0, 4.0, 0.0, 5.0, 0.0, -2.0, -2.0, -8.0, -2.0, -1.0, 5.0, -1.0, 5.0, -2.0, -1.0, -2.0, -2.0, -2.0, -2.0, 10.0, 4.0, 3.0, 3.0, 4.0, 10.0, 4.0, 4.0, -2.0, 0.0, -2.0, -13.0, 4.0, -1.0, 9.0, -2.0, 4.0, 3.0, 4.0, -2.0, -2.0, 5.0, -3.0, -7.0, -2.0, -2.0, -2.0, -7.0, -1.0, -2.0, 0.0, 10.0, 9.0, -1.0, 4.0, -2.0, -2.0, -7.0, 5.0, 11.0, 4.0, 5.0, -1.0, -8.0, 4.0, -2.0, -5.0, 4.0, -1.0, -7.0, -1.0, 4.0, 0.0, -1.0, -1.0, -8.0, -2.0, -1.0, 5.0, 4.0, -9.0, -4.0, -1.0, -14.0, 2.0, -12.0, -2.0, -7.0, 6.0, -1.0, 5.0, -8.0, -7.0, -1.0, -2.0, -4.0, 3.0, -2.0, -7.0, 0.0, 4.0, 5.0, 5.0, 9.0, 5.0, 2.0, -2.0, -1.0, 7.0, -1.0, 3.0, -1.0, 4.0, 4.0, -1.0, -2.0, 5.0, 4.0, -2.0, -2.0, -1.0, 4.0, -1.0, 0.0, -4.0, 3.0, -8.0, 4.0, -5.0, -1.0, -7.0, -2.0, -7.0, -1.0, 3.0, 5.0, -2.0, 5.0, -9.0, 5.0, -2.0, 0.0, -1.0, -5.0, -1.0, -1.0, -14.0, 0.0, 5.0, 11.0, -2.0, 5.0, 5.0, 4.0, 4.0, -1.0, -1.0, 4.0, -2.0, -1.0, -5.0, 4.0, 5.0, 4.0, 2.0, -7.0, -2.0, -2.0, 5.0, 6.0, -1.0, 4.0, 0.0, 5.0, 5.0, -7.0, -6.0, 6.0, 3.0, -7.0, -7.0, -3.0, -7.0, -1.0, 5.0, -6.0, -13.0, 10.0, -1.0, 6.0, 10.0, -1.0, 3.0, -2.0, 0.0, 1.0, -2.0, -3.0, -2.0, 5.0, 5.0, -3.0, -2.0, -6.0, 15.0, 5.0, 3.0, -4.0, 5.0, 0.0, -1.0, 5.0, -2.0, 4.0, -1.0, 5.0, 4.0, -1.0, 4.0, -1.0, 11.0, -2.0, -8.0, -1.0, 8.0, 5.0, 9.0, 2.0, -6.0, 4.0, 3.0, -8.0, -1.0, 11.0, -2.0, -2.0, -20.0, -2.0]",8.192839107609505,0.0032691955566406,0.0,0.0,0
15,15,"[-0.8987359, -0.43409213, 0.9480875, -0.89591163, 0.50959957, 0.47316432, -0.91781783, 0.40637627, 0.32311964, -0.79547846, 0.010287995, 0.8624411, -0.85309637, -0.953936, -0.3800249, -0.72928697, 0.18046115, -0.9860289, 0.8008748, 0.064240746, 0.66443235, -0.088529095, 0.36965093, -0.6669862, 0.4566837, 0.6906729, 0.46504, -0.21889019, -0.9310558, -0.05079753, 0.1894215, 0.5461501, 0.89842254, 0.16709793, -0.67037094, 0.9776364, -0.9275814, -0.017065208, 0.8754835, -0.4670804, 0.90438473, -0.96404433, -0.80174243, 0.6007435, -0.16740833, 0.39036766, 0.5342105, 0.39226723, 0.3883553, -0.92530066, -0.10548785, -0.21082498, 0.20853445, -0.05372139, -0.43308666, 0.23650174, 0.19940959, 0.84496367, -0.44765148, -0.26964954, 0.080196485, -0.95974517, 0.48270866, 0.6949501, -0.13865697, 0.019035282, 0.72449213, 0.05159633, 0.5462688, -0.26288542, -0.02827468, 0.8047705, -0.8289734, 0.4380375, -0.015798602, 0.9747635, -0.9033555, 0.16462421, 0.05404647, 0.1938183, -0.4392902, -0.5510829, -0.28691235, 0.30481645, 0.95105875, 0.7899261, 0.94140595, -0.4127103, 0.90696466, 0.13028042, 0.090483055, 0.15920667, 0.7535744, 0.370599, 0.70700365, -0.5769217, 0.9020724, -0.36906558, -0.60027385, 0.95954365, 0.43266684, -0.086276904, 0.9786928, 0.33122498, 0.34214985, 0.65260774, -0.8652932, -0.8819883, -0.52570826, 0.027899297, 0.9146163, -0.9858298, 0.34099475, -0.6206327, -0.9270925, 0.4305066, 0.5197102, -0.29057762, -0.18836822, 0.43411905, -0.22435968, 0.9837, -0.6338382, 0.6177722, 0.35201317, 0.17332333, -0.37119395, -0.70144147, 0.044285305, 0.78670704, -0.3783147, -0.39234343, -0.052354027, -0.5847679, -0.1909485, 0.94333625, 0.6487134, 0.9581185, 0.5721149, -0.25152814, -0.4206985, 0.34328538, 0.64982355, 0.1954661, -0.5363644, 0.4335212, -0.19343963, -0.8784882, 0.7484728, -0.8479645, 0.98219943, 0.6595487, 0.304379, 0.21834911, -0.63086265, -0.006835233, 0.67015177, 0.946508, -0.65376264, 0.69877356, 0.9465626, 0.6936705, 0.13726142, -0.92884105, 0.76323485, -0.7761552, 0.13117728, 0.41358045, -0.69582605, -0.6357123, 0.62460667, -0.3489251, 0.51428264, 0.79013306, 0.53146994, 0.5452094, 0.034409776, -0.37318268, -0.30787286, -0.4240516, -0.86769557, -0.7447346, -0.604197, -0.41485453, -0.37380573, 0.6222518, -0.03325059, -0.013547662, -0.018376298, 0.5936496, -0.74482316, 0.98000854, 0.17015374, 0.91004616, 0.24254096, -0.39732724, -0.44871345, 0.2846111, -0.66250205, -0.39991048, 0.12252986, 0.7747072, -0.9331539, 0.1913598, -0.24385984, -0.050006356, -0.8315335, -0.49460623, -0.1767144, -0.1279557, -0.022635639, 0.5728767, 0.9252748, 0.89621174, 0.55502695, -0.91702616, 0.76774675, -0.34149072, 0.83002305, -0.43668085, 0.19383258, -0.4720893, -0.6468777, 0.87689114, -0.57842755, -0.5504588, 0.19103746, -0.8937387, -0.35343868, 0.59756684, -0.88106865, 0.43142903, 0.14424658, -0.019985935, -0.44798636, -0.6112011, 0.053747866, 0.5429535, -0.2623547, 0.595048, -0.48370486, 0.045716837, 0.3695807, -0.73824495, 0.75289804, 0.3144033, -0.25901875, 0.4766325, -0.21442875, -0.7393886, 0.3615872, -0.07883503, 0.606137, 0.31596535, -0.9310305, -0.25522533, -0.055859342, 0.23557937, -0.6011184, 0.564054, 0.61683524, -0.35874784, 0.5840349, 0.11254371, -0.48268422, -0.38450384, 0.34580094, -0.16343363, 0.43436405, -0.11367671, 0.42522454, -0.89518344, -0.90987295, 0.32835186, -0.8473889, -0.45383132, 0.4630508, -0.43993288, 0.33915606, -0.79499197, -0.7816086, -0.80609417, -0.59100896, -0.15779106, -0.11851693, -0.8514583, -0.71198344, 0.26737195, -0.1922689, -0.26544982, -0.32965982, -0.6236946, -0.37147602, -0.42583162, -0.9004642, -0.4749654, -0.04013729, -0.059603028, -0.4174967, -0.2543931, 0.9910684, 0.04526841, -0.7451342, -0.9037025, -0.74083245, -0.72107947, -0.35644466, 0.25351936, 0.07639974, 0.46553963, 0.4570294, 0.40926626, -0.59389555, 0.0052329428, 0.09490751, -0.92372644, 0.04828249, -0.38795978, -0.5317202, -0.57153594, 0.45396888, -0.12851374, -0.18787222, 0.39503098, -0.9523984, -0.6928374, -0.8501281, -0.60717505, -0.21166952, -0.1064213, 0.9094334, -0.029019019, 0.9313441, -0.36200866, -0.8023448, -0.15833265, 0.77324575, -0.49355677, 0.59115607, -0.83756757, 0.9805352, -0.59645504, -0.4828375, 0.052028768, -0.35298586, 0.067893624, -0.9226019, 0.9836339, 0.4030145, 0.9353547, 0.2112642, 0.48982528, -0.57131135, 0.8407026, 0.8939344, -0.79885894, 0.69156814, 0.68780196, 0.26465353, 0.027553618, 0.23320766, -0.6368096, -0.0474249, -0.22747743, 0.031616263, 0.18027927, -0.99371463, -0.77929825, -0.7736009, 0.515644, -0.41918117, -0.009442899, -0.55531174, 0.24146992, 0.053841703, -0.63763684, 0.859622, 0.16798098, 0.1518704, 0.58638513, 0.1635937, 0.27092314, 0.43626216, -0.7191564, 0.9335897, 0.86775273, 0.91390944, 0.82368267, 0.3112999, -0.47081974, -0.36880141, -0.28731614, -0.9872566, -0.29182202, 0.45447016, -0.44739002, -0.071325675, -0.32155418, -0.080069125, -0.011152373, -0.86762303, -0.7057605, 0.7114412, 0.22269675, -0.22457434, 0.7373886, 0.2018408, -0.5683104, -0.2846854, -0.03153992, 0.74821115, -0.74264926, -0.2853486, 0.8469181, -0.9973948, 0.23663937, 0.57063156, -0.87529904, 0.10130424, -0.89832836, -0.25323895, -0.40592492, -0.06864431, 0.26365373, -0.11218563, 0.8351601, 0.07445069, -0.43134117, 0.6250334, 0.02158025, -0.40512604, 0.1069533, 0.15946077, 0.45095545, -0.31245226, -0.7760238, 0.93846697, 0.015874548, -0.34449273, -0.19571194, 0.90206414, 0.39356124, 0.3947593, 0.63960016, 0.47071192, -0.6353154, 0.04436519, -0.4387247, -0.8269285, -0.14343219, 0.3774701, -0.67340857, 0.9228237, 0.24798684, 0.5164334, 0.7515705, -0.1360274, -0.9209772, 0.37450895, -0.12644394, 0.23922582, 0.4405983, 0.96786803, 0.20658076, 0.31933445, -0.1939291, -0.2569208, 0.539677, -0.93600863, 0.7066158, -0.8488149, -0.1004576, -0.981591, -0.4498598, -0.1880948, -0.77704436, -0.3336642, 0.59650564, -0.395628, -0.27646676, 0.8553545, -0.549356, 0.20054226, 0.69283867, 0.4743346, 0.6880897, -0.090659335, 0.41587183, 0.9861096, 0.13201633, -0.041263502, -0.20260864, -0.7909714, 0.8014007, 0.38115972, 0.9311661, 0.7487461, -0.78128636, -0.43490252, -0.23535511, 0.49662635, 0.12574089, -0.56915545, 0.62962353, -0.4661619, 0.2607956, -0.7168475, -0.5364247, -0.72730184, -0.14476189, 0.80130386, -0.5912585, -0.08534614, 0.7065948, 0.906241, 0.50900984, -0.2565793, 0.06772818, -0.31549984, 0.76543736, -0.868979, 0.07614694, 0.78419256, -0.027634613, -0.9005452, -0.8526045, 0.28843847, 0.64522636, -0.39210203, 0.356052, -0.89568776, 0.58490956, 0.6133992, -0.18714714, -0.5012466, 0.7287815, 0.46045774, -0.2221732, -0.6830363, -0.11067048, 0.33831507, 0.4237169, 0.8875716, -0.81313723, -0.73144364, -0.71872985, -0.065610796, -0.3855556, 0.67973137, 0.21888609, 0.42433238, 0.6751692, 0.100916654, -0.06643063, -0.5360943, 0.24030203, 0.9644811, 0.8190338, -0.19360769, -0.44376782, -0.012866924, 0.60693645, -0.110628106, 0.6582585, 0.942752, 0.14707014, 0.7910237, -0.2857376, -0.5629652, -0.10971807, -0.98532355, -0.28526908, 0.5843205, 0.5438756, 0.551168, 0.9319284, -0.9003849, 0.8655775, 0.17165804, 0.39458525, 0.55298877, 0.3906368, 0.48798496, 0.86325485, 0.606165, -0.18703942, 0.53750014, -0.8460112, -0.76616895, 0.68021595, -0.4725334, -0.17166118, 0.2407093, 0.9516978, -0.5781496, -0.41946718, -0.08035482, -0.3080445, -0.85982764, -0.80021, -0.5327993, -0.14124504, -0.6836214, 0.47574633, 0.5571791, 0.19997284, -0.28917024, -0.07203663, -0.9792363, 0.8328027, 0.2101832, -0.87736064, -0.25942042, 0.63862, 0.878741, -0.1750447, -0.8010989, 0.71330667, -0.9983588, 0.24547507, 0.0031241677, -0.6891195, 0.4302778, -0.6124079, -0.84991056, 0.52907175, -0.67228705, -0.9682278, -0.29858366, 0.8201116, 0.13010511, 0.8617536, -0.39837158, -0.6612156, 0.45020038, -0.37687322, 0.2668175, -0.9825049, 0.3067966, -0.94786173, 0.049581803, -0.75009555, -0.7432599, 0.5647706, 0.5754185, 0.426581, -0.24011871, 0.919589, -0.26326513, 0.011932906, -0.37190035, -0.6378883, 0.8760166, -0.9069671, 0.77530545, -0.12985833, -0.87169605, -0.029425416, -0.8777156, 0.38120082, 0.41390607, 0.82103777, 0.3467734, 0.6125289, -0.50723714, -0.47040263, 0.28705183, 0.27444676, -0.01032567, -0.43674874, 0.03337299, -0.9035012, -0.017401986, -0.5542545, -0.3067817, 0.32693735, -0.4589723, 0.44847998, -0.3382023, 0.6039536, 0.43228757, 0.3489818, -0.38371173, 0.8679342, -0.7718965, 0.37535542, 0.69788504, 0.55659205, -0.38442022, -0.37413883, 0.12811299, -0.21832679, 0.45267013, 0.617481, 0.5285136, 0.61610293, 0.3847078, -0.009159102, 0.92927045, -0.94754636, -0.92686796, -0.48728424, -0.4575036, -0.8916662, 0.8701574, 0.15336527, -0.61075944, -0.39336625, 0.9890556, 0.14758994, 0.35764152, -0.26026705, -0.9401327, 0.66519177, -0.70053, 0.35449597, 0.5573812, -0.7204439, 0.11697528, 0.96338046, -0.4236401, -0.83211035, 0.8398111, -0.32176474, 0.3383583, 0.5967426, 0.7458461, -0.507677, 0.6444673, 0.9712685, 0.33333686, -0.51195604, -0.7953204, 0.10627647, -0.09524097, -0.11736501, -0.21820202, 0.67076516, 0.19386674, 0.9535197, -0.028723545, -0.56903136, -0.83013064, 0.91919273, 0.32477227, 0.99073064, 0.20248741, 0.18528198, -0.03842733, 0.76208746, -0.5613949, 0.4368989, 0.9310776, 0.19719788, 0.6336734, 0.3471972, -0.85278505, 0.90790135, -0.27897263, -0.56962687, -0.21841025, -0.35312068, 0.066713415, -0.96473515, 0.7741803, 0.042362615, 0.2935562, -0.46850535, 0.0052454313, 0.75330853, -0.52484506, -0.12599522, 0.5982635, 0.7193017, -0.06859271, -0.40090495, -0.9257302, -0.7115911, 0.93231016, -0.149963, 0.2349428, 0.6381555, -0.5018375, 0.5591026, -0.4575275, -0.28806335, 0.60277146, -0.96137196, -0.79140276, 0.23580348, 0.855829, 0.6351886, -0.15436818, 0.1323191, 0.59585786, 0.24029261, -0.6699816, 0.8829981, -0.9702511, -0.7770602, 0.33023265, 0.059588995, -0.5778747, -0.86427355, 0.5708924, 0.38016585, 0.09629212, -0.35904998, -0.115939684, 0.1898523, 0.44655487, -0.48062858, 0.78990436, -0.09789182, -0.7874122, -0.09980496, -0.37621498, -0.014033275, -0.15968989, 0.7723159, -0.9788425, 0.40276605, -0.95158184, -0.40101156, 0.60490906, -0.6796128, 0.4104244, -0.9212141, -0.9910381, 0.5410283, -0.9117732, -0.58879, 0.8342652, 0.045503344, 0.3821089, -0.7062406, 0.28995866, 0.16597144, -0.84161985, 0.59463614, -0.6877602, 0.29130885, 0.5166529, 0.37719753, 0.54169804, -0.7728542, -0.1869756, -0.45034933, 0.7605706, -0.39044175, -0.281878, 0.57527626, 0.9148661, -0.7029122, 0.4949794, 0.608698, 0.83796674, -0.1631548, -0.80296946, -0.67047197, -0.19022007, 0.38821143, 0.7729892, 0.22327384, 0.7383868, 0.17659241, 0.35678172, 0.24857531, -0.38446546, 0.4601576, 0.03063059, -0.6361509, 0.6262467, -0.84129816, 0.34548765, -0.093239464, 0.32738474, -0.54037076, -0.65344733, 0.80645424, 0.45051518, 0.44023377, 0.11371902, -0.16622114, -0.5176563, -0.0123535795, -0.47337514, 0.7454713, 0.34837258, 0.5946048, 0.7107207, 0.99037105, -0.47009838, 0.8752576, -0.8080276, 0.8254188, -0.5565837, 0.985967, -0.83885515, -0.6614279, 0.6490409, -0.4523113, -0.32876495, -0.60797215, 0.16886552, 0.8375179, -0.25213602, -0.15070298, 0.9729606, 0.7609499, 0.2415914, -0.31201863, 0.48786345, -0.52944624, 0.17707223, -0.7355857, 0.9483035, 0.12723535, -0.80995595, -0.9533965, 0.9261462, 0.17098252, 0.8630973, 0.8162479, 0.21058585, 0.9401638, -0.033040304, 0.6258033, 0.9206355, 0.6055417, 0.2808405, -0.011239062, -0.8854478, 0.8267131, -0.9290771, -0.16692701, -0.097233996, 0.5657593, 0.67089516, -0.1438454, 0.2921705, 0.7569679, 0.79695666, -0.4771389, -0.67541337, 0.5250847, 0.6104455, -0.4119768, -0.7806737, 0.6271656, -0.8140797, -0.84276795, -0.5917046, -0.070509486, -0.3652067, 0.8290829, -0.9383689, 0.8232635, 0.49335352, -0.9426037, 0.7570332, -0.6960388, -0.14504857, 0.5895343, 0.21093471, 0.037276246, -0.66890126, -0.046903897, 0.97649306, -0.08341958, 0.5219857, 0.23378268, 0.5239758, -0.52320534, 0.025631297, -0.28602543, 0.9600071, 0.16138735, -0.5856362, -0.6040597, 0.84733987, 0.096625574, -0.9258968, 0.5999364, 0.6387585, -0.011153095, 0.3851324, 0.084575236, -0.68589354, -0.58901656, -0.9044291, -0.9081461, -0.6949933, -0.997075, 0.011360547, -0.8478853, -0.7981094, -0.17036046, -0.92466444, 0.66280824]","[-7.0, 4.0, 4.0, -2.0, -1.0, 4.0, -1.0, 2.0, -2.0, -3.0, -2.0, -1.0, 4.0, -2.0, 4.0, -2.0, -2.0, -3.0, -7.0, -1.0, -8.0, -2.0, -2.0, -7.0, 5.0, 10.0, -7.0, -8.0, 3.0, -7.0, -14.0, 4.0, -2.0, 4.0, 5.0, 3.0, 4.0, -6.0, -7.0, -7.0, 0.0, 5.0, -1.0, -4.0, 1.0, 5.0, 3.0, -7.0, -3.0, -2.0, 5.0, 3.0, 5.0, -1.0, 1.0, 1.0, -1.0, -2.0, 0.0, 4.0, 3.0, 4.0, -2.0, 0.0, 3.0, 4.0, -7.0, -3.0, -2.0, 5.0, 5.0, 2.0, -1.0, 4.0, -6.0, 3.0, 4.0, -3.0, -1.0, 6.0, -2.0, -6.0, -1.0, -7.0, 6.0, 10.0, -1.0, -1.0, 0.0, 4.0, -1.0, 6.0, -1.0, 10.0, -2.0, 4.0, 4.0, -3.0, -6.0, -4.0, -1.0, -1.0, 1.0, -1.0, -8.0, 5.0, 1.0, 3.0, 5.0, -3.0, -2.0, -7.0, -7.0, -2.0, 4.0, -8.0, 5.0, -7.0, 5.0, -3.0, 5.0, 5.0, 0.0, 4.0, -2.0, 3.0, -1.0, 4.0, 3.0, -2.0, 5.0, -1.0, -4.0, -7.0, -2.0, -8.0, -1.0, -8.0, 3.0, 4.0, 4.0, 5.0, -2.0, 4.0, 5.0, 4.0, -8.0, 0.0, -7.0, 4.0, -10.0, 5.0, -3.0, 0.0, -2.0, -7.0, 4.0, 4.0, 4.0, -1.0, -3.0, 4.0, 5.0, 3.0, -13.0, -1.0, -7.0, 4.0, -9.0, -5.0, 3.0, -1.0, 5.0, 3.0, 1.0, -2.0, -2.0, -2.0, -3.0, 0.0, 3.0, -2.0, -2.0, -5.0, -2.0, -2.0, 5.0, -6.0, 2.0, 10.0, -3.0, -2.0, 4.0, -4.0, -2.0, 0.0, -2.0, -8.0, -2.0, -2.0, -8.0, -2.0, -2.0, 5.0, -1.0, 5.0, -1.0, -3.0, -1.0, -1.0, 5.0, 4.0, -2.0, 4.0, 1.0, -8.0, 4.0, 4.0, -2.0, -3.0, 4.0, -7.0, -3.0, -7.0, 8.0, 5.0, 4.0, -3.0, 0.0, 4.0, -7.0, 0.0, 5.0, -2.0, 0.0, 4.0, 4.0, 4.0, -1.0, 3.0, 1.0, -1.0, -6.0, 3.0, 2.0, 0.0, 4.0, -5.0, -2.0, 6.0, -2.0, -5.0, -2.0, -1.0, -2.0, -4.0, -1.0, -4.0, -2.0, -2.0, -2.0, 5.0, -7.0, -2.0, 4.0, -1.0, -7.0, 1.0, -7.0, 5.0, 4.0, -1.0, -1.0, -6.0, 6.0, -1.0, 5.0, -2.0, -4.0, -7.0, 4.0, -1.0, 0.0, -1.0, -1.0, 12.0, 0.0, -1.0, 4.0, 4.0, -1.0, -2.0, -8.0, -2.0, -2.0, -1.0, -7.0, -1.0, -3.0, -2.0, 4.0, 3.0, 4.0, -1.0, -1.0, 0.0, -3.0, 4.0, 0.0, -2.0, 3.0, 3.0, -6.0, -1.0, -2.0, 0.0, 1.0, -1.0, 5.0, 4.0, -1.0, -8.0, -1.0, 3.0, 6.0, 1.0, -7.0, 4.0, 5.0, 2.0, 0.0, 0.0, 4.0, 10.0, -2.0, -2.0, -8.0, -2.0, 4.0, 12.0, -1.0, 5.0, -4.0, -7.0, -7.0, 0.0, -1.0, -1.0, -2.0, -1.0, -3.0, -1.0, -1.0, 4.0, 5.0, 5.0, -2.0, -7.0, 3.0, -1.0, -7.0, -1.0, 4.0, -7.0, 6.0, -1.0, 4.0, 10.0, 4.0, -7.0, -1.0, 13.0, 4.0, 9.0, 0.0, 4.0, -3.0, 4.0, 5.0, 4.0, 4.0, 4.0, -2.0, 5.0, -1.0, 4.0, 3.0, 5.0, 5.0, 3.0, 0.0, 5.0, -2.0, 11.0, 5.0, 11.0, -2.0, -2.0, 5.0, 10.0, -3.0, 5.0, 10.0, -1.0, 3.0, -1.0, -7.0, 5.0, -2.0, 4.0, -2.0, 3.0, 3.0, 1.0, -8.0, -2.0, -10.0, 5.0, 0.0, -3.0, -8.0, 1.0, 8.0, -6.0, 6.0, 3.0, -7.0, -7.0, -2.0, -1.0, -1.0, -1.0, -2.0, -2.0, -2.0, -2.0, -14.0, -7.0, -1.0, -7.0, -1.0, -8.0, 4.0, -2.0, 5.0, -2.0, 5.0, -2.0, 5.0, 4.0, -1.0, -2.0, 4.0, 4.0, 5.0, 4.0, 3.0, -1.0, 4.0, 2.0, 4.0, -2.0, -2.0, -1.0, 9.0, -1.0, -1.0, -8.0, 0.0, 5.0, 2.0, 4.0, -1.0, 5.0, -1.0, 5.0, -8.0, -1.0, -2.0, -1.0, -2.0, -2.0, -10.0, 5.0, -5.0, -1.0, 5.0, 11.0, -1.0, 0.0, -5.0, -2.0, -2.0, 2.0, -2.0, -2.0, -2.0, -8.0, 0.0, -2.0, -7.0, 4.0, -7.0, -1.0, -3.0, -5.0, 4.0, 2.0, -1.0, -2.0, 4.0, 5.0, -4.0, 4.0, -1.0, -1.0, -1.0, 3.0, 9.0, -7.0, 4.0, -2.0, -3.0, -2.0, -2.0, 5.0, 4.0, 4.0, -5.0, -1.0, -1.0, 3.0, -3.0, -1.0, -7.0, 0.0, -1.0, 4.0, 3.0, -5.0, 5.0, 4.0, -1.0, -1.0, 4.0, -3.0, -1.0, -1.0, -2.0, -2.0, 5.0, 5.0, -2.0, 1.0, -7.0, 5.0, 4.0, -2.0, -1.0, 3.0, -1.0, -7.0, -5.0, -2.0, -1.0, -1.0, 5.0, -1.0, 0.0, 4.0, -3.0, -7.0, -2.0, -1.0, -1.0, -2.0, 3.0, -3.0, -2.0, 1.0, 1.0, -3.0, 0.0, -1.0, -8.0, 4.0, 3.0, 1.0, -1.0, -2.0, -7.0, -2.0, -1.0, 3.0, -1.0, -1.0, 5.0, -3.0, 4.0, 0.0, -2.0, -7.0, -7.0, 3.0, 5.0, -1.0, 11.0, 4.0, -1.0, 4.0, -2.0, 0.0, 10.0, 0.0, -7.0, -2.0, -8.0, -2.0, 7.0, -1.0, -1.0, 4.0, 6.0, 5.0, 4.0, 2.0, -1.0, -2.0, 10.0, -4.0, -1.0, -2.0, 4.0, -1.0, -1.0, 0.0, 5.0, -1.0, 2.0, -1.0, -2.0, -1.0, -6.0, 2.0, -1.0, -2.0, 1.0, -2.0, 3.0, -2.0, -2.0, 6.0, -2.0, -2.0, 1.0, -2.0, -2.0, -6.0, 4.0, 1.0, 5.0, -3.0, -3.0, 5.0, 4.0, -6.0, -2.0, -1.0, -1.0, 0.0, -1.0, -3.0, 3.0, 3.0, 1.0, 0.0, 5.0, 1.0, -1.0, -1.0, -2.0, -1.0, 5.0, -3.0, 5.0, -1.0, -12.0, -2.0, -1.0, -1.0, -5.0, -7.0, -1.0, -2.0, -3.0, 6.0, 8.0, -3.0, 0.0, 4.0, 3.0, 5.0, -1.0, 3.0, 4.0, -1.0, 4.0, -1.0, 5.0, -15.0, -7.0, -1.0, -2.0, 1.0, -7.0, 5.0, -1.0, 1.0, -2.0, 6.0, 0.0, -4.0, -1.0, -2.0, 2.0, -2.0, 0.0, -6.0, -8.0, -2.0, 4.0, 4.0, -2.0, 1.0, 1.0, -5.0, 4.0, -1.0, -3.0, 10.0, -2.0, 5.0, 3.0, -1.0, 3.0, 5.0, 4.0, -2.0, -3.0, 4.0, 4.0, -1.0, 3.0, 10.0, -1.0, 2.0, -2.0, 4.0, -2.0, 5.0, -6.0, 5.0, -1.0, -5.0, 4.0, 0.0, 5.0, 0.0, -2.0, -2.0, -8.0, -2.0, -1.0, 5.0, -1.0, 5.0, -2.0, -1.0, -2.0, -2.0, -2.0, -2.0, 10.0, 4.0, 3.0, 3.0, 4.0, 10.0, 4.0, 4.0, -2.0, 0.0, -2.0, -13.0, 4.0, -1.0, 9.0, -2.0, 4.0, 3.0, 4.0, -2.0, -2.0, 5.0, -3.0, -7.0, -2.0, -2.0, -2.0, -7.0, -1.0, -2.0, 0.0, 10.0, 9.0, -1.0, 4.0, -2.0, -2.0, -7.0, 5.0, 11.0, 4.0, 5.0, -1.0, -8.0, 4.0, -2.0, -5.0, 4.0, -1.0, -7.0, -1.0, 4.0, 0.0, -1.0, -1.0, -8.0, -2.0, -1.0, 5.0, 4.0, -9.0, -4.0, -1.0, -14.0, 2.0, -12.0, -2.0, -7.0, 6.0, -1.0, 5.0, -8.0, -7.0, -1.0, -2.0, -4.0, 3.0, -2.0, -7.0, 0.0, 4.0, 5.0, 5.0, 9.0, 5.0, 2.0, -2.0, -1.0, 7.0, -1.0, 3.0, -1.0, 4.0, 4.0, -1.0, -2.0, 5.0, 4.0, -2.0, -2.0, -1.0, 4.0, -1.0, 0.0, -4.0, 3.0, -8.0, 4.0, -5.0, -1.0, -7.0, -2.0, -7.0, -1.0, 3.0, 5.0, -2.0, 5.0, -9.0, 5.0, -2.0, 0.0, -1.0, -5.0, -1.0, -1.0, -14.0, 0.0, 5.0, 11.0, -2.0, 5.0, 5.0, 4.0, 4.0, -1.0, -1.0, 4.0, -2.0, -1.0, -5.0, 4.0, 5.0, 4.0, 2.0, -7.0, -2.0, -2.0, 5.0, 6.0, -1.0, 4.0, 0.0, 5.0, 5.0, -7.0, -6.0, 6.0, 3.0, -7.0, -7.0, -3.0, -7.0, -1.0, 5.0, -6.0, -13.0, 10.0, -1.0, 6.0, 10.0, -1.0, 3.0, -2.0, 0.0, 1.0, -2.0, -3.0, -2.0, 5.0, 5.0, -3.0, -2.0, -6.0, 15.0, 5.0, 3.0, -4.0, 5.0, 0.0, -1.0, 5.0, -2.0, 4.0, -1.0, 5.0, 4.0, -1.0, 4.0, -1.0, 11.0, -2.0, -8.0, -1.0, 8.0, 5.0, 9.0, 2.0, -6.0, 4.0, 3.0, -8.0, -1.0, 11.0, -2.0, -2.0, -20.0, -2.0]",8.192839107609505,0.0032508373260498,0.0,0.0,0
16,16,"[-0.27809626, -0.02561095, 0.79849094, 0.4101208, -0.41142938, -0.6774074, 0.55767745, -0.96075207, -0.014394721, 0.14718728, -0.07301059, 0.76385146, 0.6485882, -0.7859755, 0.1487969, -0.66463745, 0.43367124, -0.6173179, 0.82376003, -0.6844978, 0.09120457, 0.0983291, 0.13520786, -0.66158944, -0.60237765, 0.65815115, -0.7100514, 0.8716312, -0.43053293, 0.576878, 0.58266914, 0.9796937, -0.8615458, 0.86869985, -0.8121212, 0.073939584, -0.22200684, -0.6291285, 0.030841704, -0.7157899, 0.3431783, -0.77771217, 0.6386249, 0.11672358, -0.41059986, -0.19757843, 0.33151162, 0.9487156, -0.24503873, 0.7648394, 0.71585965, -0.60772896, -0.7253416, -0.39338154, 0.9832219, 0.7233247, 0.13207446, 0.64652526, 0.33587646, 0.010096305, 0.70739114, 0.6828536, -0.47961977, 0.5893648, 0.1460518, -0.25710085, 0.53566945, 0.3695502, 0.47495863, 0.22266603, 0.96805155, 0.43953073, 0.32883605, 0.76364684, -0.7780341, -0.24651882, 0.3204687, -0.044147342, -0.13230072, 0.40946084, -0.17891484, -0.91802114, -0.04771475, -0.5281314, -0.48153472, -0.95671856, 0.1897541, 0.713303, -0.9769465, 0.11071298, 0.4224768, 0.7465092, 0.52754, -0.4557274, 0.78874445, -0.83302236, -0.22204693, -0.946914, -0.4243312, 0.33129147, -0.5000712, -0.2576938, -0.7770119, -0.7612307, 0.48173913, -0.54461753, 0.03855842, -0.43123618, 0.1310059, -0.8172308, 0.234125, 0.862856, 0.21463355, -0.18098558, -0.3038354, -0.6557457, 0.97692335, -0.21272212, 0.32849184, 0.29965892, 0.20349689, 0.46329966, 0.6017373, 0.5983495, 0.16107452, -0.45885614, -0.31323597, -0.32220036, 0.74072707, 0.053861, 0.3669507, 0.92905784, -0.16253878, -0.10421729, 0.4410742, -0.6260937, 0.3692249, 0.05714665, 0.116518214, -0.044054702, 0.009694969, 0.418537, 0.10834091, -0.3477447, 0.28697667, 0.039487857, 0.055650942, -0.71177787, -0.21559979, -0.2886822, 0.72261757, -0.66226065, -0.13150479, -0.42136073, 0.9740684, -0.09088186, 0.19703315, -0.58009076, 0.2862098, 0.16630232, 0.12118145, 0.4932573, 0.7985495, 0.04244216, -0.17190665, 0.7121895, 0.6677849, -0.34900168, 0.5331443, 0.087576866, -0.4993541, 0.7240114, 0.45290837, -0.78604835, -0.4214838, -0.09843767, -0.5582531, -0.48192057, 0.7303843, -0.97516865, -0.7818584, 0.47433415, -0.4004355, 0.846487, -0.7103313, 0.6721177, -0.9888962, 0.21138571, 0.63869894, 0.023948165, 0.8437478, 0.20561598, -0.4336602, 0.791258, -0.9631833, 0.011893488, -0.5813107, 0.9237573, 0.86850905, -0.24512365, 0.8960888, 0.8121218, -0.25008017, 0.055395648, -0.71516526, -0.74151736, 0.31788644, -0.4610444, 0.84836614, -0.2710895, 0.7829093, -0.5077952, -0.41053715, -0.28392607, -0.7006042, 0.24042003, 0.22739539, 0.5483936, -0.85632527, -0.9338067, -0.06677548, -0.5309406, -0.6601279, 0.9375741, 0.36110437, 0.23472922, -0.064294815, -0.71345526, 0.87809527, -0.27286485, 0.584319, -0.74915385, 0.74046445, 0.68068194, 0.45020288, 0.7942787, 0.32393375, 0.098865986, -0.5111868, 0.94136447, 0.028749049, 0.21414515, 0.27480602, -0.8836559, -0.7253687, -0.027822744, 0.920191, -0.87856144, -0.6067014, 0.8768844, -0.60205215, -0.33055907, 0.88434625, -0.32194632, -0.27099815, -0.7363688, 0.54467124, 0.115858264, 0.9261741, 0.07245887, 0.6688848, -0.25112265, 0.8305671, 0.030903853, 0.75314194, 0.96338314, -0.8709783, -0.4277195, 0.024092635, 0.8823273, 0.5795565, -0.79944706, 0.20355503, -0.8007937, 0.33388254, -0.88100123, -0.14279447, -0.74269754, -0.66576916, 0.9021863, -0.75834584, -0.08366886, 0.3697638, -0.5756099, 0.969699, 0.07276534, 0.94603986, 0.40101305, 0.45734492, 0.39877692, -0.27541322, 0.2589073, -0.7054498, 0.81722665, -0.14335293, 0.9374565, -0.4561711, 0.4530809, -0.86615074, -0.46671534, -0.18704267, -0.8742118, 0.6029514, -0.08936637, 0.51592207, -0.30959907, 0.86467206, 0.4042481, -0.4473472, -0.553253, -0.76348484, 0.94067436, -0.45388037, 0.83583075, 0.27949694, 0.54819614, -0.9384538, -0.74038863, -0.8961591, -0.04243333, -0.5372063, 0.95616955, 0.45968434, -0.32325882, 0.021889072, 0.53420705, 0.7946666, -0.013716533, 0.11996411, -0.54109126, -0.64149094, 0.36264262, 0.23397224, 0.90402275, -0.2834223, -0.94782543, 0.041761387, -0.8321823, -0.8767245, -0.70916957, 0.16237067, -0.78731805, -0.18250723, -0.51870066, 0.6748212, 0.5624857, -0.11521732, 0.2955495, 0.8877498, 0.27134472, 0.8436844, -0.29720077, 0.97728753, -0.9598671, -0.9156498, 0.09814932, -0.19850798, -0.48826724, -0.48682284, 0.15181907, 0.14809716, -0.8479734, 0.40710202, 0.1931052, 0.07392776, 0.18870975, -0.38439867, -0.7582378, 0.92032635, -0.10453252, -0.12760311, -0.11802917, 0.58572054, -0.5199091, 0.7299091, 0.909208, -0.9909757, -0.12983939, 0.5725494, -0.640231, 0.9377778, 0.72478276, 0.6548768, 0.8580107, 0.8011785, -0.5719693, 0.3317279, 0.83486927, -0.76047486, 0.687226, -0.4020794, -0.5207516, 0.8793095, 0.5892869, 0.11532498, -0.19994068, 0.62434065, 0.45133626, 0.26956087, 0.88510984, -0.72730845, -0.11375963, -0.94936144, 0.68289924, -0.609581, 0.2352038, -0.32432845, -0.02008574, -0.36427173, 0.71965563, 0.37288216, -0.51187867, -0.6282131, 0.28521135, 0.004574395, 0.36042458, 0.87438184, 0.07432111, -0.50079036, 0.43593255, -0.621736, -0.773231, 0.061360132, 0.74888337, 0.509573, 0.8176872, 0.97279763, -0.9038135, -0.8603777, -0.6565776, -0.59413445, 0.09578812, -0.13426736, -0.9281644, -0.11103269, -0.5964493, -0.88850766, 0.4901039, 0.98348707, -0.8830512, -0.3519762, 0.88920957, 0.40511286, -0.008222563, 0.9541654, -0.99034226, -0.1863368, -0.33118182, -0.80536747, 0.25861266, -0.85866886, -0.54556, 0.40117595, 0.55104035, 0.5816418, 0.19159035, 0.6739968, 0.22701949, -0.47697145, -0.48147136, 0.039324988, 0.78039676, -0.70802295, 0.90844333, -0.30940005, 0.1251139, 0.3384221, 0.20962644, -0.3483979, -0.62142754, 0.26124322, 0.20501767, -0.73329407, 0.08513983, 0.8344376, -0.6452959, 0.8587384, -0.24452506, -0.55883, 0.8000618, -0.024566755, 0.739995, -0.9743477, 0.28946272, 0.9065907, -0.4812453, 0.8087406, -0.16222645, -0.24001002, -0.38588643, -0.98539877, 0.20448343, 0.15872468, -0.42538506, 0.6331423, 0.4288484, -0.21736118, -0.2755773, 0.9607071, 0.0053389696, -0.90071887, -0.24177894, -0.73696506, 0.025326075, -0.08676546, 0.45221666, -0.12568982, -0.36219433, -0.3375201, 0.007582331, -0.09983879, 0.7320453, -0.9328829, 0.6374137, 0.8524817, -0.67567, -0.15714738, -0.04568905, -0.4174701, 0.016899828, 0.060084037, -0.856851, 0.41868827, -0.97804743, -0.8574755, 0.35952556, -0.03863865, 0.9962584, 0.8389878, 0.4336019, -0.08516983, -0.5370714, -0.6809431, 0.654297, 0.899069, 0.10729741, -0.5840978, -0.7398506, 0.23399302, -0.20253499, 0.536709, -0.25239894, -0.7665753, 0.13032803, 0.9761669, 0.24512474, 0.58666915, -0.6117468, -0.60588247, 0.673198, -0.004756927, 0.9612605, 0.19562143, -0.85885984, 0.1811931, -0.25816298, 0.49376634, 0.77614266, 0.64235747, -0.962256, 0.38318148, 0.6332113, -0.69907945, -0.38621438, 0.8772805, 0.47194132, 0.059547905, -0.6777127, 0.7440215, 0.53746617, -0.50252515, -0.8814011, -0.49273804, -0.60678756, 0.9713228, 0.6826539, -0.21616109, 0.95903355, 0.15438746, 0.7207846, 0.08575558, -0.98021, 0.44883764, -0.7629365, -0.8209442, 0.56967795, -0.082871534, 0.1125898, 0.59904367, -0.22571361, -0.16189519, -0.7606343, -0.46575966, 0.10338708, 0.19407351, 0.19811794, 0.24898414, -0.49517953, -0.030152192, 0.9018069, 0.6285526, -0.9527332, 0.38866663, -0.6131349, 0.5136364, 0.8160369, -0.6709638, -0.5637499, 0.2958547, 0.55221426, -0.6758425, -0.12731229, -0.1445832, 0.6761778, -0.12928817, 0.53642046, -0.36216667, -0.9393093, -0.4474587, 0.6698936, 0.57510483, -0.5543059, -0.46067044, 0.8382773, -0.82514435, -0.8213596, 0.3585426, -0.928799, -0.63425624, -0.27403334, 0.78631246, 0.64792013, -0.42427668, 0.21148574, 0.98993176, -0.31037956, -0.555105, -0.95879793, -0.8274979, -0.51711017, -0.25057608, 0.30220917, 0.78626794, 0.1619128, 0.6490651, -0.11827729, -0.69825685, -0.08543495, 0.78390235, 0.36005324, -0.31375217, -0.38045934, -0.5282116, -0.08139918, -0.10026164, 0.3303833, -0.18326698, 0.96234936, -0.86545426, -0.4188126, -0.9427096, -0.45675656, 0.27691913, -0.36103252, 0.4067105, 0.44438753, 0.7911341, 0.11668483, -0.08779108, -0.55999935, -0.4973402, -0.274657, -0.8106407, -0.78860885, -0.28237352, 0.09662826, 0.5302531, 0.8572782, 0.16475731, -0.9061051, -0.67131436, -0.815498, 0.4388957, -0.51367766, -0.027843205, 0.24414921, 0.577281, -0.0014034075, -0.06633031, 0.37748072, -0.31588766, -0.5303167, 0.8603404, 0.37586197, -0.23345734, -0.53674495, 0.45079726, -0.8158639, -0.81279916, -0.43019426, 0.7213854, 0.11772812, 0.48211867, 0.892868, -0.5103541, -0.4404871, -0.6620934, -0.6730197, 0.13398637, -0.585778, 0.9340406, -0.42393374, -0.84249115, -0.9934365, -0.9174091, 0.24760887, 0.03435638, 0.008887285, -0.4186094, -0.8997794, 0.71204966, -0.054929737, -0.101055406, -0.91096544, -0.763753, 0.31346953, 0.060579915, 0.737471, -0.6646777, 0.29883137, 0.4955117, -0.35052556, -0.4071291, -0.54256314, 0.34013352, 0.5185885, 0.9336696, 0.10884749, 0.027841037, -0.5232792, -0.4546426, -0.9847266, 0.5511708, -0.6983759, -0.2039018, -0.73009574, 0.5767098, 0.87678874, -0.47080407, 0.37943932, -0.15921493, 0.17652436, 0.6490329, -0.4420649, -0.23601386, -0.14284565, -0.6084784, 0.9521428, 0.30478048, -0.08216442, -0.22738391, 0.8262978, 0.615346, 0.8194441, -0.40102664, -0.46734297, 0.39517874, 0.927119, 0.51191616, 0.08696153, -0.3881931, -0.26417837, -0.4992587, -0.7303884, 0.007245158, 0.8012385, 0.7756316, -0.06101528, 0.8832385, -0.46707964, -0.10305581, -0.89864105, -0.91933113, -0.7020366, 0.58005273, -0.1063047, -0.95997, -0.9623685, -0.6130017, -0.52281517, 0.6121001, -0.46258324, -0.94051087, 0.3283328, 0.69465005, -0.072430275, -0.1789096, -0.20428766, -0.76204216, 0.27436155, -0.8805439, 0.23924552, -0.30417848, -0.21597715, -0.8930434, 0.6998234, 0.6671387, -0.6502515, -0.2500375, 0.22131823, 0.7281886, 0.004998346, -0.66867214, 0.5553278, 0.9438069, -0.7374803, 0.5442663, -0.7435211, -0.95047265, 0.39307112, -0.9574022, 0.2944632, -0.2158688, 0.012608111, 0.18378933, 0.27104318, -0.6769789, -0.37895757, -0.10486965, 0.66321516, 0.2641291, -0.12742843, -0.045321945, -0.18705639, -0.6923676, -0.3963519, 0.62271005, -0.5594995, 0.47524288, 0.66434133, 0.05566441, 0.08860482, -0.6377531, -0.72172576, -0.24716505, 0.54019713, 0.4646155, 0.28602353, 0.69831866, 0.01518703, -0.78227115, -0.39604488, 0.0055369623, 0.31664634, 0.10652224, 0.42094812, -0.047436524, -0.31035557, -0.4535741, -0.32638112, 0.57028997, -0.5056537, 0.07285156, 0.81416214, 0.53727597, 0.770907, 0.5655425, 0.7599604, 0.78970367, 0.31033468, -0.20939101, 0.4083919, -0.30018723, -0.16703309, 0.45904812, -0.9618985, 0.7165648, 0.51151955, -0.14068665, 0.13733028, 0.10071157, -0.3705744, -0.83789676, 0.2404717, -0.30551356, 0.9086454, 0.35257247, 0.27064645, 0.68443096, -0.3826437, -0.5498588, 0.057902005, -0.046019457, 0.6921938, -0.5804484, 0.13884647, 0.38495505, 0.72322655, 0.49115565, 0.9886398, -0.50805575, 0.3704407, 0.8766777, -0.8144732, -0.74134326, -0.3810219, -0.6810646, 0.41377234, 0.27629584, -0.39982188, -0.9923845, -0.74279076, -0.6602267, -0.37049425, 0.5083471, 0.17243947, -0.8900065, 0.9469736, -0.8007514, 0.65152633, 0.3898418, -0.04384125, 0.53002876, -0.56879777, 0.5036096, 0.68147963, 0.60699296, 0.18091273, 0.7135999, -0.09393843, -0.6000202, -0.8102048, -0.08546254, -0.5648874, -0.85686517, 0.6694315, -0.9864699, -0.2867432, -0.23492073, -0.40844607, -0.22941725, -0.01371882, -0.7491692, -0.4777983, 0.06648318, 0.79597616, -0.17320122, -0.2682003, 0.9145357, -0.9421329, -0.6633974, -0.8106318, 0.6627618, 0.1057492, -0.18379737, -0.3062468, 0.20652276, 0.5948285, -0.12278586, -0.35071054, 0.6442867, 0.64452124, 0.7899001, -0.35703573, 0.58302253, 0.7678037, -0.74094737, 0.026483221, 0.27688304, -0.6411653, -0.1999456, 0.3285918, 0.40999082, -0.35557067, 0.40484738, 0.045232806, -0.120129526, -0.45565933, 0.39327446, 0.71171117, -0.59818476, 0.43458885, -0.86803854, 0.19544029, -0.21066226, -0.1985237, 0.93035, 0.27175635, -0.45737478, -0.7230803, -0.7053075, -0.34725213, -0.13244167, -0.2600268, 0.6096152, -0.096620984, 0.63215375, 0.14433943, -0.7176023, -0.037989803]","[-7.0, 4.0, 4.0, -2.0, -1.0, 4.0, -1.0, 2.0, -2.0, -3.0, -2.0, -1.0, 4.0, -2.0, 4.0, -2.0, -2.0, -3.0, -7.0, -1.0, -8.0, -2.0, -2.0, -7.0, 5.0, 10.0, -7.0, -8.0, 3.0, -7.0, -14.0, 4.0, -2.0, 4.0, 5.0, 3.0, 4.0, -6.0, -7.0, -7.0, 0.0, 5.0, -1.0, -4.0, 1.0, 5.0, 3.0, -7.0, -3.0, -2.0, 5.0, 3.0, 5.0, -1.0, 1.0, 1.0, -1.0, -2.0, 0.0, 4.0, 3.0, 4.0, -2.0, 0.0, 3.0, 4.0, -7.0, -3.0, -2.0, 5.0, 5.0, 2.0, -1.0, 4.0, -6.0, 3.0, 4.0, -3.0, -1.0, 6.0, -2.0, -6.0, -1.0, -7.0, 6.0, 10.0, -1.0, -1.0, 0.0, 4.0, -1.0, 6.0, -1.0, 10.0, -2.0, 4.0, 4.0, -3.0, -6.0, -4.0, -1.0, -1.0, 1.0, -1.0, -8.0, 5.0, 1.0, 3.0, 5.0, -3.0, -2.0, -7.0, -7.0, -2.0, 4.0, -8.0, 5.0, -7.0, 5.0, -3.0, 5.0, 5.0, 0.0, 4.0, -2.0, 3.0, -1.0, 4.0, 3.0, -2.0, 5.0, -1.0, -4.0, -7.0, -2.0, -8.0, -1.0, -8.0, 3.0, 4.0, 4.0, 5.0, -2.0, 4.0, 5.0, 4.0, -8.0, 0.0, -7.0, 4.0, -10.0, 5.0, -3.0, 0.0, -2.0, -7.0, 4.0, 4.0, 4.0, -1.0, -3.0, 4.0, 5.0, 3.0, -13.0, -1.0, -7.0, 4.0, -9.0, -5.0, 3.0, -1.0, 5.0, 3.0, 1.0, -2.0, -2.0, -2.0, -3.0, 0.0, 3.0, -2.0, -2.0, -5.0, -2.0, -2.0, 5.0, -6.0, 2.0, 10.0, -3.0, -2.0, 4.0, -4.0, -2.0, 0.0, -2.0, -8.0, -2.0, -2.0, -8.0, -2.0, -2.0, 5.0, -1.0, 5.0, -1.0, -3.0, -1.0, -1.0, 5.0, 4.0, -2.0, 4.0, 1.0, -8.0, 4.0, 4.0, -2.0, -3.0, 4.0, -7.0, -3.0, -7.0, 8.0, 5.0, 4.0, -3.0, 0.0, 4.0, -7.0, 0.0, 5.0, -2.0, 0.0, 4.0, 4.0, 4.0, -1.0, 3.0, 1.0, -1.0, -6.0, 3.0, 2.0, 0.0, 4.0, -5.0, -2.0, 6.0, -2.0, -5.0, -2.0, -1.0, -2.0, -4.0, -1.0, -4.0, -2.0, -2.0, -2.0, 5.0, -7.0, -2.0, 4.0, -1.0, -7.0, 1.0, -7.0, 5.0, 4.0, -1.0, -1.0, -6.0, 6.0, -1.0, 5.0, -2.0, -4.0, -7.0, 4.0, -1.0, 0.0, -1.0, -1.0, 12.0, 0.0, -1.0, 4.0, 4.0, -1.0, -2.0, -8.0, -2.0, -2.0, -1.0, -7.0, -1.0, -3.0, -2.0, 4.0, 3.0, 4.0, -1.0, -1.0, 0.0, -3.0, 4.0, 0.0, -2.0, 3.0, 3.0, -6.0, -1.0, -2.0, 0.0, 1.0, -1.0, 5.0, 4.0, -1.0, -8.0, -1.0, 3.0, 6.0, 1.0, -7.0, 4.0, 5.0, 2.0, 0.0, 0.0, 4.0, 10.0, -2.0, -2.0, -8.0, -2.0, 4.0, 12.0, -1.0, 5.0, -4.0, -7.0, -7.0, 0.0, -1.0, -1.0, -2.0, -1.0, -3.0, -1.0, -1.0, 4.0, 5.0, 5.0, -2.0, -7.0, 3.0, -1.0, -7.0, -1.0, 4.0, -7.0, 6.0, -1.0, 4.0, 10.0, 4.0, -7.0, -1.0, 13.0, 4.0, 9.0, 0.0, 4.0, -3.0, 4.0, 5.0, 4.0, 4.0, 4.0, -2.0, 5.0, -1.0, 4.0, 3.0, 5.0, 5.0, 3.0, 0.0, 5.0, -2.0, 11.0, 5.0, 11.0, -2.0, -2.0, 5.0, 10.0, -3.0, 5.0, 10.0, -1.0, 3.0, -1.0, -7.0, 5.0, -2.0, 4.0, -2.0, 3.0, 3.0, 1.0, -8.0, -2.0, -10.0, 5.0, 0.0, -3.0, -8.0, 1.0, 8.0, -6.0, 6.0, 3.0, -7.0, -7.0, -2.0, -1.0, -1.0, -1.0, -2.0, -2.0, -2.0, -2.0, -14.0, -7.0, -1.0, -7.0, -1.0, -8.0, 4.0, -2.0, 5.0, -2.0, 5.0, -2.0, 5.0, 4.0, -1.0, -2.0, 4.0, 4.0, 5.0, 4.0, 3.0, -1.0, 4.0, 2.0, 4.0, -2.0, -2.0, -1.0, 9.0, -1.0, -1.0, -8.0, 0.0, 5.0, 2.0, 4.0, -1.0, 5.0, -1.0, 5.0, -8.0, -1.0, -2.0, -1.0, -2.0, -2.0, -10.0, 5.0, -5.0, -1.0, 5.0, 11.0, -1.0, 0.0, -5.0, -2.0, -2.0, 2.0, -2.0, -2.0, -2.0, -8.0, 0.0, -2.0, -7.0, 4.0, -7.0, -1.0, -3.0, -5.0, 4.0, 2.0, -1.0, -2.0, 4.0, 5.0, -4.0, 4.0, -1.0, -1.0, -1.0, 3.0, 9.0, -7.0, 4.0, -2.0, -3.0, -2.0, -2.0, 5.0, 4.0, 4.0, -5.0, -1.0, -1.0, 3.0, -3.0, -1.0, -7.0, 0.0, -1.0, 4.0, 3.0, -5.0, 5.0, 4.0, -1.0, -1.0, 4.0, -3.0, -1.0, -1.0, -2.0, -2.0, 5.0, 5.0, -2.0, 1.0, -7.0, 5.0, 4.0, -2.0, -1.0, 3.0, -1.0, -7.0, -5.0, -2.0, -1.0, -1.0, 5.0, -1.0, 0.0, 4.0, -3.0, -7.0, -2.0, -1.0, -1.0, -2.0, 3.0, -3.0, -2.0, 1.0, 1.0, -3.0, 0.0, -1.0, -8.0, 4.0, 3.0, 1.0, -1.0, -2.0, -7.0, -2.0, -1.0, 3.0, -1.0, -1.0, 5.0, -3.0, 4.0, 0.0, -2.0, -7.0, -7.0, 3.0, 5.0, -1.0, 11.0, 4.0, -1.0, 4.0, -2.0, 0.0, 10.0, 0.0, -7.0, -2.0, -8.0, -2.0, 7.0, -1.0, -1.0, 4.0, 6.0, 5.0, 4.0, 2.0, -1.0, -2.0, 10.0, -4.0, -1.0, -2.0, 4.0, -1.0, -1.0, 0.0, 5.0, -1.0, 2.0, -1.0, -2.0, -1.0, -6.0, 2.0, -1.0, -2.0, 1.0, -2.0, 3.0, -2.0, -2.0, 6.0, -2.0, -2.0, 1.0, -2.0, -2.0, -6.0, 4.0, 1.0, 5.0, -3.0, -3.0, 5.0, 4.0, -6.0, -2.0, -1.0, -1.0, 0.0, -1.0, -3.0, 3.0, 3.0, 1.0, 0.0, 5.0, 1.0, -1.0, -1.0, -2.0, -1.0, 5.0, -3.0, 5.0, -1.0, -12.0, -2.0, -1.0, -1.0, -5.0, -7.0, -1.0, -2.0, -3.0, 6.0, 8.0, -3.0, 0.0, 4.0, 3.0, 5.0, -1.0, 3.0, 4.0, -1.0, 4.0, -1.0, 5.0, -15.0, -7.0, -1.0, -2.0, 1.0, -7.0, 5.0, -1.0, 1.0, -2.0, 6.0, 0.0, -4.0, -1.0, -2.0, 2.0, -2.0, 0.0, -6.0, -8.0, -2.0, 4.0, 4.0, -2.0, 1.0, 1.0, -5.0, 4.0, -1.0, -3.0, 10.0, -2.0, 5.0, 3.0, -1.0, 3.0, 5.0, 4.0, -2.0, -3.0, 4.0, 4.0, -1.0, 3.0, 10.0, -1.0, 2.0, -2.0, 4.0, -2.0, 5.0, -6.0, 5.0, -1.0, -5.0, 4.0, 0.0, 5.0, 0.0, -2.0, -2.0, -8.0, -2.0, -1.0, 5.0, -1.0, 5.0, -2.0, -1.0, -2.0, -2.0, -2.0, -2.0, 10.0, 4.0, 3.0, 3.0, 4.0, 10.0, 4.0, 4.0, -2.0, 0.0, -2.0, -13.0, 4.0, -1.0, 9.0, -2.0, 4.0, 3.0, 4.0, -2.0, -2.0, 5.0, -3.0, -7.0, -2.0, -2.0, -2.0, -7.0, -1.0, -2.0, 0.0, 10.0, 9.0, -1.0, 4.0, -2.0, -2.0, -7.0, 5.0, 11.0, 4.0, 5.0, -1.0, -8.0, 4.0, -2.0, -5.0, 4.0, -1.0, -7.0, -1.0, 4.0, 0.0, -1.0, -1.0, -8.0, -2.0, -1.0, 5.0, 4.0, -9.0, -4.0, -1.0, -14.0, 2.0, -12.0, -2.0, -7.0, 6.0, -1.0, 5.0, -8.0, -7.0, -1.0, -2.0, -4.0, 3.0, -2.0, -7.0, 0.0, 4.0, 5.0, 5.0, 9.0, 5.0, 2.0, -2.0, -1.0, 7.0, -1.0, 3.0, -1.0, 4.0, 4.0, -1.0, -2.0, 5.0, 4.0, -2.0, -2.0, -1.0, 4.0, -1.0, 0.0, -4.0, 3.0, -8.0, 4.0, -5.0, -1.0, -7.0, -2.0, -7.0, -1.0, 3.0, 5.0, -2.0, 5.0, -9.0, 5.0, -2.0, 0.0, -1.0, -5.0, -1.0, -1.0, -14.0, 0.0, 5.0, 11.0, -2.0, 5.0, 5.0, 4.0, 4.0, -1.0, -1.0, 4.0, -2.0, -1.0, -5.0, 4.0, 5.0, 4.0, 2.0, -7.0, -2.0, -2.0, 5.0, 6.0, -1.0, 4.0, 0.0, 5.0, 5.0, -7.0, -6.0, 6.0, 3.0, -7.0, -7.0, -3.0, -7.0, -1.0, 5.0, -6.0, -13.0, 10.0, -1.0, 6.0, 10.0, -1.0, 3.0, -2.0, 0.0, 1.0, -2.0, -3.0, -2.0, 5.0, 5.0, -3.0, -2.0, -6.0, 15.0, 5.0, 3.0, -4.0, 5.0, 0.0, -1.0, 5.0, -2.0, 4.0, -1.0, 5.0, 4.0, -1.0, 4.0, -1.0, 11.0, -2.0, -8.0, -1.0, 8.0, 5.0, 9.0, 2.0, -6.0, 4.0, 3.0, -8.0, -1.0, 11.0, -2.0, -2.0, -20.0, -2.0]",8.192839107609505,0.0032651424407958,0.0,0.0,0
17,17,"[-0.27357402, 0.16096252, -0.61016715, 0.53001916, 0.92649776, 0.8429337, 0.9523649, -0.51264423, -0.94736385, -0.13668174, 0.87830067, -0.4916896, 0.37752116, -0.09324786, 0.9997988, 0.55190724, 0.34884736, -0.83191407, 0.53317904, -0.553524, 0.12729958, -0.3504506, -0.2012578, 0.34717867, 0.7292292, -0.31161568, -0.20270152, -0.95280343, -0.25309262, 0.19438784, 0.52344805, -0.82487994, -0.8306603, 0.23080626, -0.75362813, -0.47429046, -0.5287068, 0.3228018, 0.46652952, -0.095411815, -0.9656584, -0.9663171, -0.4410407, -0.23353069, 0.5580539, -0.22750571, 0.59596944, 0.8987612, -0.55678797, 0.11790309, -0.3007509, 0.80646986, -0.9773829, -0.7247288, 0.8067209, 0.30293927, -0.69675237, 0.47119683, 0.92630035, -0.8846508, 0.75420487, 0.5752258, -0.192652, -0.21239632, 0.72668755, 0.8403813, -0.2589637, 0.048984867, 0.4609882, -0.69884723, 0.3144425, -0.8272651, 0.50206375, 0.85005563, -0.46304688, 0.2739887, -0.9753607, -0.06721273, 0.29778895, 0.22910976, -0.47425154, 0.6693399, 0.25130883, -0.21280764, 0.86456466, 0.24167472, 0.40181684, -0.2982389, -0.5663787, 0.14900334, 0.7807617, 0.5582035, 0.7370173, 0.46173033, -0.8101627, 0.9191773, -0.7878059, 0.7279818, -0.58102286, 0.12643369, 0.34280288, -0.5549386, 0.1342906, 0.28537384, -0.47073543, -0.39706045, 0.24282637, -0.41114658, -0.53550386, 0.68237215, -0.2858235, -0.670326, -0.018613629, -0.8474407, -0.63321805, 0.85468936, -0.6357673, -0.46229887, -0.790107, 0.1312153, 0.007711684, -0.8757701, -0.27317128, 0.55745983, 0.8992959, -0.41070908, 0.95944136, 0.4111915, -0.19314878, 0.101140596, -0.20844582, -0.5708455, 0.32987356, -0.7542937, -0.17512718, -0.056743395, -0.03649342, -0.13439205, 0.997774, -0.7842582, 0.047116574, -0.48551273, -0.108703084, 0.9501878, 0.19345118, 0.71904474, -0.64437, -0.7473694, -0.4162113, -0.6848474, -0.206551, -0.08868967, 0.6940676, -0.29724404, -0.8265357, 0.18454592, -0.3073105, 0.58865523, -0.6492285, 0.08254708, 0.052437358, 0.48397008, 0.32040897, -0.67041904, -0.0023314187, -0.88563347, -0.7066331, -0.9774687, 0.08774451, -0.24598633, 0.530025, -0.42728552, 0.60777014, -0.6686751, 0.7252365, -0.34058043, -0.48955747, 0.054213103, 0.14085475, 0.22869489, 0.008086847, -0.074353755, 0.18187645, -0.9673183, 0.7086437, 0.51749504, -0.74788976, 0.17231865, 0.2852991, 0.6449819, 0.31992725, -0.54684836, -0.35444406, 0.5178551, 0.07803053, 0.75663817, 0.68500495, 0.20970389, 0.9421929, 0.15377112, -0.4185903, 0.39630857, -0.43129474, -0.15135136, 0.72365046, 0.2806197, 0.18104555, -0.5635037, -0.31220305, 0.6500178, -0.15798636, 0.9325737, -0.5548523, 0.048801046, 0.48642334, -0.16792089, 0.36150804, 0.2878861, 0.7338609, -0.34044722, 0.14944743, 0.63435835, -0.084814966, -0.7210308, -0.26302636, -0.6108283, 0.61371523, -0.2032112, -0.06650024, 0.87577325, -0.22100946, -0.8820773, -0.80528706, -0.5579523, -0.34937024, 0.06058011, 0.2164936, -0.43927822, 0.347828, -0.5188176, 0.3707124, -0.9773255, -0.1266763, -0.27749982, 0.37532708, -0.92604846, 0.35997662, 0.9014849, 0.08880217, -0.2798185, -0.44585547, 0.49216235, 0.9763298, 0.72797453, 0.68106204, -0.18035465, -0.6079036, 0.041793294, -0.66024363, 0.8174119, 0.3807865, 0.032971382, 0.6849597, -0.5624025, 0.7821635, 0.13999827, 0.20151739, -0.7217502, 0.051290665, 0.24329968, -0.14384715, -0.67225, 0.26156342, 0.006929661, -0.30813533, -0.3651883, -0.46776336, 0.59208906, -0.19421035, -0.69723725, 0.37036735, -0.6052171, 0.9334859, -0.5308927, 0.85555375, 0.4747889, -0.33708623, 0.548031, -0.32059488, -0.33507618, 0.18690442, 0.61587995, 0.17088734, -0.06433238, -0.31176335, 0.15719117, 0.022800375, 0.5256832, 0.7399201, -0.8094513, 0.9932632, 0.19525014, -0.14634897, 0.30682397, -0.9874937, -0.3429567, -0.6531049, -0.6423579, -0.46221244, 0.91913277, -0.08403955, -0.8835738, 0.80015874, -0.10075241, -0.4829108, -0.017409716, -0.1904666, 0.78360635, -0.8369018, -0.78042686, 0.640325, 0.62059855, 0.08257777, 0.087942585, 0.6532203, 0.4381082, -0.46900132, -0.7203996, 0.15185277, -0.057991028, -0.020113502, 0.2775782, 0.07830862, 0.11490483, -0.55823314, 0.77719796, 0.7826102, -0.7982735, -0.4512891, -0.058601636, 0.6841133, 0.7461051, 0.14360836, -0.64125705, -0.27943817, 0.42306048, -0.43843737, 0.325404, 0.09636802, 0.42873082, -0.57839096, -0.5846021, 0.9211615, -0.0358964, 0.5711561, 0.083128884, 0.41585627, 0.7213418, -0.81973886, -0.86675906, -0.83801454, 0.44852147, 0.5844731, 0.83031, -0.36493254, 0.2764577, 0.81743306, -0.928835, -0.16663618, 0.24747977, 0.22669023, 0.33115733, 0.24548022, 0.0099622365, -0.98717195, -0.51764864, -0.72354, -0.0025155416, 0.7212867, -0.83740175, 0.77968943, 0.7339097, -0.6757301, 0.38084513, -0.99003136, 0.30050096, -0.0005263157, -0.80040264, -0.37407672, 0.9583431, 0.60229224, -0.18264809, -0.2414305, 0.23716572, -0.573951, -0.1396455, 0.7798393, -0.4205374, 0.31107268, 0.10865667, 0.2549949, -0.97391564, 0.5803503, -0.40905294, -0.74784356, -0.3576749, -0.21418107, 0.9282745, -0.43268457, -0.06899717, -0.015783008, 0.10073717, 0.77808136, 0.8149178, -0.8053174, 0.042063385, -0.8481296, -0.16552924, -0.20628676, 0.5882544, 0.52815455, 0.39209732, 0.7101188, 0.4731024, 0.8092426, -0.5301429, 0.6758091, -0.8527629, 0.13388231, 0.38325095, -0.18446621, -0.3655111, -0.9406066, 0.40376115, 0.1523655, -0.2711199, -0.99261796, -0.65074736, 0.30621836, -0.8258527, -0.813823, -0.9237726, 0.16349669, 0.15716243, 0.30508155, -0.28492767, -0.15466814, -0.9278908, 0.7156635, 0.5333889, -0.5127858, 0.24063483, 0.71982723, 0.88656706, 0.46486315, 0.5837478, -0.8099957, -0.9875274, 0.6636396, 0.89121723, -0.3959308, 0.77003795, 0.8671084, 0.036895633, -0.5517542, -0.51607984, -0.5715503, -0.04728397, 0.086163886, -0.8344337, -0.30021718, -0.23559661, -0.3713263, 0.96440876, 0.3273154, -0.60657865, 0.7371376, 0.019672183, 0.53120315, 0.009789985, 0.19791847, 0.49307534, 0.9459094, -0.5584316, -0.1654946, 0.9189647, 0.9898663, 0.32583198, 0.99032354, 0.65034324, 0.7754727, 0.6454805, 0.47805786, 0.52291036, -0.26958412, -0.53710777, 0.9422307, -0.6607498, 0.3602213, -0.06662392, 0.1549571, 0.70736074, 0.7286087, 0.18742411, 0.92201585, -0.697783, 0.2873762, -0.91170436, 0.69916314, -0.35187626, 0.8602983, 0.26860458, 0.24634816, 0.56393397, -0.692349, -0.91182786, 0.7594879, -0.8233345, 0.051681258, -0.44459587, -0.67216694, -0.4549912, 0.99231374, -0.20529841, 0.86882704, -0.46249226, -0.6057654, -0.4396085, -0.7201817, 0.93095624, -0.17233329, 0.1852558, 0.11178998, 0.53705543, 0.16689536, -0.40230113, -0.4619845, 0.11753087, 0.4015269, 0.9937764, 0.6377428, 0.63577807, 0.42835352, 0.7036324, 0.19541317, 0.5301911, 0.09342788, -0.5624473, -0.32265043, -0.31302634, 0.75438225, 0.43944648, 0.0546611, 0.9230212, -0.068382725, -0.07490418, 0.9238445, 0.18588743, -0.5561181, -0.9741447, -0.28523993, 0.45338348, -0.22952157, -0.4162218, -0.1689273, 0.6319441, -0.37423095, -0.0045498884, 0.5082511, 0.6496879, -0.26980984, -0.8265076, 0.16546486, -0.44579032, 0.32343143, 0.8463859, -0.017308978, 0.932286, 0.38553122, 0.29284352, -0.15258907, 0.94451797, 0.9412278, 0.44207856, 0.5432803, 0.86859745, -0.15089789, -0.46496496, 0.14191869, 0.03967376, 0.49002016, -0.21887684, 0.46455485, 0.97836584, -0.7996955, -0.2496413, 0.15865706, -0.9709539, 0.3326658, 0.43392515, 0.010523359, -0.7402237, -0.4045627, -0.6472898, 0.16679212, -0.52541476, -0.3197322, -0.1595713, 0.35216796, 0.17346926, -0.5302802, -0.94700587, -0.9616805, -0.9195464, 0.4813344, -0.28262112, -0.18175799, -0.14459947, -0.96393186, -0.11438358, 0.1636357, -0.42749304, -0.5121879, 0.4688333, -0.12875032, 0.51368517, -0.8234429, -0.004872833, -0.009134747, -0.35031, 0.9919805, 0.051007584, -0.54518384, -0.844605, -0.90416366, 0.68219787, 0.307194, -0.7266686, 0.0785473, 0.38026208, -0.40486953, -0.717254, -0.9081452, 0.043642286, 0.773982, -0.17386669, 0.20270322, -0.42548642, 0.18638876, 0.8406609, -0.42860115, -0.7426288, -0.22269635, 0.9811685, -0.9531412, -0.011723056, 0.52772623, -0.091799945, -0.627666, 0.61872333, 0.29643428, -0.6087873, 0.44116768, 0.025950836, 0.5030395, 0.2758886, 0.942776, -0.65875477, 0.19518931, -0.16042508, 0.104387686, -0.53679574, 0.63563883, -0.739183, -0.90622777, -0.17384696, 0.5182974, -0.99726987, 0.33757547, 0.95979893, -0.23310955, 0.29621622, -0.13793369, 0.086062506, -0.90815663, -0.19293909, -0.796179, -0.45575276, 0.37701923, -0.6011483, 0.19840153, -0.24201523, -0.4388579, -0.23125371, -0.75001407, 0.9736487, 0.37401623, -0.080906555, -0.54203063, 0.7434861, 0.3735068, 0.94620013, 0.11376509, 0.2027572, -0.7707793, -0.6339268, 0.26267803, -0.61916184, -0.20289135, -0.7130042, -0.45126212, 0.86165845, -0.19323868, -0.5408419, 0.6701981, -0.004707956, 0.36119115, -0.9182394, 0.515034, 0.6941104, -0.11213282, 0.30236712, 0.30362302, 0.7769901, 0.53151935, 0.26892835, 0.1562702, -0.5230425, 0.29180244, 0.5055962, -0.71023226, -0.83318824, 0.52366024, -0.9673969, 0.47714505, 0.43756753, -0.40191177, -0.6223118, 0.94766974, -0.5864723, 0.06785573, 0.9987828, 0.5146375, -0.1346928, 0.016231986, 0.4990413, 0.07039484, -0.17572148, -0.26953995, -0.88229436, -0.30408615, -0.7374378, -0.743894, 0.943184, -0.090643786, 0.5352899, -0.7549446, -0.6413737, -0.31302145, -0.53172004, -0.05396916, 0.12198056, -0.28514996, -0.81589484, -0.37555513, -0.5015922, 0.67844856, -0.911494, 0.48124304, 0.9083504, -0.16098621, -0.03999781, -0.12609017, 0.8625442, 0.9957798, -0.41291824, -0.38520104, 0.77957493, 0.9452605, 0.65314186, 0.26307708, 0.22517705, 0.61705273, 0.97323805, -0.5743212, -0.45123005, 0.45810604, 0.64726293, 0.969186, -0.83755934, 0.2639466, -0.057552904, -0.27599835, -0.48374012, -0.73553187, -0.13523158, 0.20924583, 0.69610727, -0.6243807, -0.9190826, -0.53671837, -0.45412526, 0.20386982, -0.2809844, 0.94120115, 0.09220613, 0.93869877, -0.5780691, -0.13743319, 0.69152516, 0.57283604, -0.7217489, 0.5949336, -0.27568838, -0.21928771, 0.8593166, -0.006599743, 0.5508819, 0.7214892, -0.69488627, 0.54334116, -0.12841372, -0.9160481, 0.90235734, 0.21077693, -0.30116594, 0.9098573, 0.97955847, 0.8804982, -0.74315983, 0.27648625, 0.7228737, 0.6439333, 0.047276396, 0.7308567, 0.079329096, 0.99740565, 0.57930523, -0.59586406, -0.29057306, 0.3773031, 0.3927721, -0.36121207, -0.20195813, -0.35816348, -0.5265424, 0.6446992, 0.5066635, 0.16123322, -0.9995966, 0.19495128, 0.92784375, 0.4364378, -0.96064544, -0.93357, 0.9310167, -0.03687258, -0.30018228, -0.124661766, -0.47626558, -0.18938173, 0.73985386, -0.04319164, 0.2039219, 0.71334416, 0.0885955, -0.7450428, -0.10056747, 0.5377869, 0.51975083, 0.30666244, -0.23767787, -0.9938796, -0.9800921, 0.071182504, 0.5275296, 0.22243112, -0.076216035, 0.43297973, -0.36798972, -0.53242266, -0.7503519, 0.50583255, 0.4603183, -0.50090355, 0.08731687, 0.71402216, 0.9055992, 0.024169331, 0.8047638, 0.50520307, -0.6129888, -0.26360527, -0.15348032, -0.6210773, -0.27226633, -0.68088126, -0.8162105, -0.07541134, -0.69286364, 0.2607782, -0.2019368, -0.6337853, -0.48433763, -0.7944058, 0.1707662, 0.55156785, 0.5503518, 0.3431506, 0.9232506, -0.04762955, 0.30256858, -0.63328356, 0.5588445, -0.31920016, 0.5577267, -0.5725582, 0.45136225, 0.4004039, 0.8091886, -0.059952118, 0.5166053, -0.92072, -0.11470223, -0.17028062, -0.20619303, 0.4957233, -0.5358496, -0.7686842, 0.1760962, -0.016301768, -0.67307043, -0.95744365, 0.20969139, 0.36955875, -0.44280806, 0.45975554, 0.9707121, 0.49014944, 0.7819788, 0.2862504, -0.3514944, 0.9322096, -0.5817193, 0.20700723, -0.7875459, 0.9366886, -0.056982245, 0.29612833, 0.35156867, 0.6072867, 0.54038936, -0.52700377, 0.7857245, 0.33004707, -0.13358587, -0.11232557, 0.9940297, -0.9929699, 0.24542089, -0.4482422, -0.28924927, -0.4559866, -0.00935396, -0.78372115, 0.35879737, -0.13862167, -0.49437365, -0.35077468, 0.26950058, -0.9637442, -0.10373229, 0.8299296, 0.5520154, -0.99701643, -0.051297557, 0.6569872, -0.6631621, 0.6806014, 0.7566235, 0.052807614, 0.7620329, -0.44817835, -0.5453538, 0.31069458, 0.522881, -0.30915222, 0.16237122, 0.27142152, -0.028793333, 0.43140528, -0.55009764, -0.4688558, 0.4081467, -0.9215275, -0.16346721, 0.07219247, -0.0584314, -0.87284946, -0.6704687]","[-7.0, 4.0, 4.0, -2.0, -1.0, 4.0, -1.0, 2.0, -2.0, -3.0, -2.0, -1.0, 4.0, -2.0, 4.0, -2.0, -2.0, -3.0, -7.0, -1.0, -8.0, -2.0, -2.0, -7.0, 5.0, 10.0, -7.0, -8.0, 3.0, -7.0, -14.0, 4.0, -2.0, 4.0, 5.0, 3.0, 4.0, -6.0, -7.0, -7.0, 0.0, 5.0, -1.0, -4.0, 1.0, 5.0, 3.0, -7.0, -3.0, -2.0, 5.0, 3.0, 5.0, -1.0, 1.0, 1.0, -1.0, -2.0, 0.0, 4.0, 3.0, 4.0, -2.0, 0.0, 3.0, 4.0, -7.0, -3.0, -2.0, 5.0, 5.0, 2.0, -1.0, 4.0, -6.0, 3.0, 4.0, -3.0, -1.0, 6.0, -2.0, -6.0, -1.0, -7.0, 6.0, 10.0, -1.0, -1.0, 0.0, 4.0, -1.0, 6.0, -1.0, 10.0, -2.0, 4.0, 4.0, -3.0, -6.0, -4.0, -1.0, -1.0, 1.0, -1.0, -8.0, 5.0, 1.0, 3.0, 5.0, -3.0, -2.0, -7.0, -7.0, -2.0, 4.0, -8.0, 5.0, -7.0, 5.0, -3.0, 5.0, 5.0, 0.0, 4.0, -2.0, 3.0, -1.0, 4.0, 3.0, -2.0, 5.0, -1.0, -4.0, -7.0, -2.0, -8.0, -1.0, -8.0, 3.0, 4.0, 4.0, 5.0, -2.0, 4.0, 5.0, 4.0, -8.0, 0.0, -7.0, 4.0, -10.0, 5.0, -3.0, 0.0, -2.0, -7.0, 4.0, 4.0, 4.0, -1.0, -3.0, 4.0, 5.0, 3.0, -13.0, -1.0, -7.0, 4.0, -9.0, -5.0, 3.0, -1.0, 5.0, 3.0, 1.0, -2.0, -2.0, -2.0, -3.0, 0.0, 3.0, -2.0, -2.0, -5.0, -2.0, -2.0, 5.0, -6.0, 2.0, 10.0, -3.0, -2.0, 4.0, -4.0, -2.0, 0.0, -2.0, -8.0, -2.0, -2.0, -8.0, -2.0, -2.0, 5.0, -1.0, 5.0, -1.0, -3.0, -1.0, -1.0, 5.0, 4.0, -2.0, 4.0, 1.0, -8.0, 4.0, 4.0, -2.0, -3.0, 4.0, -7.0, -3.0, -7.0, 8.0, 5.0, 4.0, -3.0, 0.0, 4.0, -7.0, 0.0, 5.0, -2.0, 0.0, 4.0, 4.0, 4.0, -1.0, 3.0, 1.0, -1.0, -6.0, 3.0, 2.0, 0.0, 4.0, -5.0, -2.0, 6.0, -2.0, -5.0, -2.0, -1.0, -2.0, -4.0, -1.0, -4.0, -2.0, -2.0, -2.0, 5.0, -7.0, -2.0, 4.0, -1.0, -7.0, 1.0, -7.0, 5.0, 4.0, -1.0, -1.0, -6.0, 6.0, -1.0, 5.0, -2.0, -4.0, -7.0, 4.0, -1.0, 0.0, -1.0, -1.0, 12.0, 0.0, -1.0, 4.0, 4.0, -1.0, -2.0, -8.0, -2.0, -2.0, -1.0, -7.0, -1.0, -3.0, -2.0, 4.0, 3.0, 4.0, -1.0, -1.0, 0.0, -3.0, 4.0, 0.0, -2.0, 3.0, 3.0, -6.0, -1.0, -2.0, 0.0, 1.0, -1.0, 5.0, 4.0, -1.0, -8.0, -1.0, 3.0, 6.0, 1.0, -7.0, 4.0, 5.0, 2.0, 0.0, 0.0, 4.0, 10.0, -2.0, -2.0, -8.0, -2.0, 4.0, 12.0, -1.0, 5.0, -4.0, -7.0, -7.0, 0.0, -1.0, -1.0, -2.0, -1.0, -3.0, -1.0, -1.0, 4.0, 5.0, 5.0, -2.0, -7.0, 3.0, -1.0, -7.0, -1.0, 4.0, -7.0, 6.0, -1.0, 4.0, 10.0, 4.0, -7.0, -1.0, 13.0, 4.0, 9.0, 0.0, 4.0, -3.0, 4.0, 5.0, 4.0, 4.0, 4.0, -2.0, 5.0, -1.0, 4.0, 3.0, 5.0, 5.0, 3.0, 0.0, 5.0, -2.0, 11.0, 5.0, 11.0, -2.0, -2.0, 5.0, 10.0, -3.0, 5.0, 10.0, -1.0, 3.0, -1.0, -7.0, 5.0, -2.0, 4.0, -2.0, 3.0, 3.0, 1.0, -8.0, -2.0, -10.0, 5.0, 0.0, -3.0, -8.0, 1.0, 8.0, -6.0, 6.0, 3.0, -7.0, -7.0, -2.0, -1.0, -1.0, -1.0, -2.0, -2.0, -2.0, -2.0, -14.0, -7.0, -1.0, -7.0, -1.0, -8.0, 4.0, -2.0, 5.0, -2.0, 5.0, -2.0, 5.0, 4.0, -1.0, -2.0, 4.0, 4.0, 5.0, 4.0, 3.0, -1.0, 4.0, 2.0, 4.0, -2.0, -2.0, -1.0, 9.0, -1.0, -1.0, -8.0, 0.0, 5.0, 2.0, 4.0, -1.0, 5.0, -1.0, 5.0, -8.0, -1.0, -2.0, -1.0, -2.0, -2.0, -10.0, 5.0, -5.0, -1.0, 5.0, 11.0, -1.0, 0.0, -5.0, -2.0, -2.0, 2.0, -2.0, -2.0, -2.0, -8.0, 0.0, -2.0, -7.0, 4.0, -7.0, -1.0, -3.0, -5.0, 4.0, 2.0, -1.0, -2.0, 4.0, 5.0, -4.0, 4.0, -1.0, -1.0, -1.0, 3.0, 9.0, -7.0, 4.0, -2.0, -3.0, -2.0, -2.0, 5.0, 4.0, 4.0, -5.0, -1.0, -1.0, 3.0, -3.0, -1.0, -7.0, 0.0, -1.0, 4.0, 3.0, -5.0, 5.0, 4.0, -1.0, -1.0, 4.0, -3.0, -1.0, -1.0, -2.0, -2.0, 5.0, 5.0, -2.0, 1.0, -7.0, 5.0, 4.0, -2.0, -1.0, 3.0, -1.0, -7.0, -5.0, -2.0, -1.0, -1.0, 5.0, -1.0, 0.0, 4.0, -3.0, -7.0, -2.0, -1.0, -1.0, -2.0, 3.0, -3.0, -2.0, 1.0, 1.0, -3.0, 0.0, -1.0, -8.0, 4.0, 3.0, 1.0, -1.0, -2.0, -7.0, -2.0, -1.0, 3.0, -1.0, -1.0, 5.0, -3.0, 4.0, 0.0, -2.0, -7.0, -7.0, 3.0, 5.0, -1.0, 11.0, 4.0, -1.0, 4.0, -2.0, 0.0, 10.0, 0.0, -7.0, -2.0, -8.0, -2.0, 7.0, -1.0, -1.0, 4.0, 6.0, 5.0, 4.0, 2.0, -1.0, -2.0, 10.0, -4.0, -1.0, -2.0, 4.0, -1.0, -1.0, 0.0, 5.0, -1.0, 2.0, -1.0, -2.0, -1.0, -6.0, 2.0, -1.0, -2.0, 1.0, -2.0, 3.0, -2.0, -2.0, 6.0, -2.0, -2.0, 1.0, -2.0, -2.0, -6.0, 4.0, 1.0, 5.0, -3.0, -3.0, 5.0, 4.0, -6.0, -2.0, -1.0, -1.0, 0.0, -1.0, -3.0, 3.0, 3.0, 1.0, 0.0, 5.0, 1.0, -1.0, -1.0, -2.0, -1.0, 5.0, -3.0, 5.0, -1.0, -12.0, -2.0, -1.0, -1.0, -5.0, -7.0, -1.0, -2.0, -3.0, 6.0, 8.0, -3.0, 0.0, 4.0, 3.0, 5.0, -1.0, 3.0, 4.0, -1.0, 4.0, -1.0, 5.0, -15.0, -7.0, -1.0, -2.0, 1.0, -7.0, 5.0, -1.0, 1.0, -2.0, 6.0, 0.0, -4.0, -1.0, -2.0, 2.0, -2.0, 0.0, -6.0, -8.0, -2.0, 4.0, 4.0, -2.0, 1.0, 1.0, -5.0, 4.0, -1.0, -3.0, 10.0, -2.0, 5.0, 3.0, -1.0, 3.0, 5.0, 4.0, -2.0, -3.0, 4.0, 4.0, -1.0, 3.0, 10.0, -1.0, 2.0, -2.0, 4.0, -2.0, 5.0, -6.0, 5.0, -1.0, -5.0, 4.0, 0.0, 5.0, 0.0, -2.0, -2.0, -8.0, -2.0, -1.0, 5.0, -1.0, 5.0, -2.0, -1.0, -2.0, -2.0, -2.0, -2.0, 10.0, 4.0, 3.0, 3.0, 4.0, 10.0, 4.0, 4.0, -2.0, 0.0, -2.0, -13.0, 4.0, -1.0, 9.0, -2.0, 4.0, 3.0, 4.0, -2.0, -2.0, 5.0, -3.0, -7.0, -2.0, -2.0, -2.0, -7.0, -1.0, -2.0, 0.0, 10.0, 9.0, -1.0, 4.0, -2.0, -2.0, -7.0, 5.0, 11.0, 4.0, 5.0, -1.0, -8.0, 4.0, -2.0, -5.0, 4.0, -1.0, -7.0, -1.0, 4.0, 0.0, -1.0, -1.0, -8.0, -2.0, -1.0, 5.0, 4.0, -9.0, -4.0, -1.0, -14.0, 2.0, -12.0, -2.0, -7.0, 6.0, -1.0, 5.0, -8.0, -7.0, -1.0, -2.0, -4.0, 3.0, -2.0, -7.0, 0.0, 4.0, 5.0, 5.0, 9.0, 5.0, 2.0, -2.0, -1.0, 7.0, -1.0, 3.0, -1.0, 4.0, 4.0, -1.0, -2.0, 5.0, 4.0, -2.0, -2.0, -1.0, 4.0, -1.0, 0.0, -4.0, 3.0, -8.0, 4.0, -5.0, -1.0, -7.0, -2.0, -7.0, -1.0, 3.0, 5.0, -2.0, 5.0, -9.0, 5.0, -2.0, 0.0, -1.0, -5.0, -1.0, -1.0, -14.0, 0.0, 5.0, 11.0, -2.0, 5.0, 5.0, 4.0, 4.0, -1.0, -1.0, 4.0, -2.0, -1.0, -5.0, 4.0, 5.0, 4.0, 2.0, -7.0, -2.0, -2.0, 5.0, 6.0, -1.0, 4.0, 0.0, 5.0, 5.0, -7.0, -6.0, 6.0, 3.0, -7.0, -7.0, -3.0, -7.0, -1.0, 5.0, -6.0, -13.0, 10.0, -1.0, 6.0, 10.0, -1.0, 3.0, -2.0, 0.0, 1.0, -2.0, -3.0, -2.0, 5.0, 5.0, -3.0, -2.0, -6.0, 15.0, 5.0, 3.0, -4.0, 5.0, 0.0, -1.0, 5.0, -2.0, 4.0, -1.0, 5.0, 4.0, -1.0, 4.0, -1.0, 11.0, -2.0, -8.0, -1.0, 8.0, 5.0, 9.0, 2.0, -6.0, 4.0, 3.0, -8.0, -1.0, 11.0, -2.0, -2.0, -20.0, -2.0]",8.192839107609505,0.0033512115478515,0.0,0.0,0
18,18,"[-0.9935753, 0.8647907, -0.88282466, -0.69867027, -0.58987385, 0.3284742, 0.5541384, 0.6968432, -0.79568243, -0.14506789, -0.4425295, -0.2867328, -0.25657046, -0.16168019, -0.70227253, 0.136649, 0.16819261, -0.3947165, 0.594368, 0.16198124, 0.60530347, 0.2678035, -0.89245194, 0.7286621, -0.5463404, 0.75018466, -0.86638427, -0.8483914, -0.12289158, 0.5733038, -0.25717115, -0.16370094, -0.058588065, 0.48496008, -0.15770698, -0.1955394, -0.8250576, 0.10858029, 0.09522453, 0.8384961, -0.50278246, 0.21045262, -0.19342612, 0.7315808, 0.5844696, 0.966514, 0.57327724, -0.5538801, -0.0052011674, -0.5945795, -0.305419, -0.11887536, -0.50987124, -0.7809184, 0.93439823, 0.052434802, -0.2962709, -0.65733737, -0.33647168, 0.19150396, -0.9121103, 0.41322204, -0.57391137, 0.014105422, -0.7520933, -0.6572434, -0.054707564, -0.1897173, 0.8281836, -0.11985131, -0.88217735, 0.18360078, -0.1750331, -0.8464397, 0.09735965, 0.23695557, -0.4548124, 0.61709595, -0.11983975, -0.3529825, 0.15636817, -0.16840997, 0.27385578, -0.36366886, -0.44849607, 0.9050497, 0.72392446, -0.5016653, 0.74033767, -0.30569515, 0.72346795, 0.59144473, -0.91920733, 0.24236934, 0.57972467, -0.73488855, -0.9570191, -0.8534345, 0.079624094, 0.07879448, 0.00498882, -0.5010099, 0.40412495, -0.22156018, -0.15610014, -0.7830406, -0.9682063, 0.40272927, 0.17067611, 0.20158999, 0.9354219, -0.25493994, 0.20202634, -0.45506954, 0.25533384, -0.69731367, 0.8787323, 0.614104, -0.5622659, 0.7321917, 0.31251732, 0.5605191, -0.83787996, 0.21687335, -0.15697351, -0.5175403, -0.25015426, 0.014212778, -0.7267146, 0.0066448315, -0.29935578, 0.33528724, 0.08999358, -0.07406379, -0.9163409, 0.021341601, 0.6312775, -0.00037767808, -0.8324144, -0.22804196, -0.16299681, 0.11087809, -0.817034, -0.27173206, -0.56034166, 0.054895118, 0.9570126, 0.15166512, 0.8339052, -0.34906775, -0.018291913, 0.24185918, -0.632968, -0.39826798, -0.9998549, -0.07907562, 0.8053268, 0.30254656, -0.09679255, -0.7400111, -0.16152075, 0.20691614, 0.94038296, -0.9848668, 0.93052983, -0.8487287, 0.41970733, 0.4506727, 0.3509006, -0.628412, -0.77320963, 0.180325, -0.26798055, 0.45374686, 0.22482722, 0.34935188, 0.90937823, 0.6166919, -0.49402666, -0.27523768, 0.54745764, -0.9894327, -0.3710404, -0.32842284, 0.5199107, 0.8690085, 0.9417696, 0.81386626, -0.35415867, 0.728952, 0.28480595, 0.95991373, 0.5104899, -0.9429584, 0.64244616, 0.24742357, -0.8579128, 0.7859193, -0.4749917, -0.8180131, -0.4294621, 0.73499817, 0.102643795, 0.98623, -0.94079494, 0.21114993, -0.28259686, -0.5368209, 0.7695546, -0.8560831, 0.718408, -0.9972219, 0.2910054, 0.44124103, 0.6877908, 0.19642079, 0.0076531307, -0.1383041, -0.40598473, 0.63505495, -0.030438473, -0.70770216, 0.750534, -0.82647127, -0.8258774, -0.2953264, -0.3223836, -0.14934, 0.37608647, -0.34442157, 0.57076657, 0.9681194, -0.6176884, -0.52030927, 0.69384557, 0.99714315, -0.18847713, 0.4524147, 0.7150206, -0.27753836, 0.56434953, -0.29082328, 0.60479546, 0.21541232, -0.19770731, -0.49947026, 0.21804436, 0.39705697, -0.52852523, 0.7875684, 0.803157, -0.06756879, -0.6291862, 0.43792525, -0.5366673, -0.88296866, -0.9465915, -0.052575007, -0.7085331, 0.7050278, 0.5988239, -0.6417186, 0.96627396, -0.78792, -0.8361552, 0.56171566, -0.23241876, 0.07849735, -0.9408867, 0.38698348, 0.11306558, -0.5185852, -0.21789144, -0.51809037, 0.97665596, 0.7075367, -0.33527094, 0.9098848, 0.4404836, -0.9721639, 0.64640224, -0.692343, 0.3042413, 0.28481272, 0.18801814, 0.21071683, 0.6455112, 0.7240277, 0.3828129, -0.018032955, 0.85765374, -0.45468515, -0.0056538805, -0.88989687, -0.6938406, 0.34084794, -0.64589345, -0.82847023, -0.96308833, 0.6622365, 0.42588943, -0.3911175, -0.9509684, -0.2383496, 0.3835602, -0.116291806, 0.5201272, 0.12623006, -0.2911494, -0.1904515, -0.98511106, -0.21105368, 0.5876705, 0.21262565, -0.20221739, -0.6344971, -0.5449111, 0.40018946, -0.28371727, 0.5290124, 0.40611175, -0.77414227, 0.91977125, 0.89131385, -0.37701708, 0.7151744, -0.27903754, 0.30122337, 0.9520663, -0.7926024, 0.7051584, -0.18299419, -0.22656122, -0.54264045, 0.83574706, 0.92934126, -0.285328, -0.16773587, 0.35732645, -0.5892539, 0.54172754, -0.77631956, 0.956878, -0.4979267, 0.78348744, 0.8608919, 0.89919555, -0.6820414, 0.59054315, 0.4177205, 0.8494723, -0.33216074, -0.7376062, -0.1114477, -0.147449, 0.96568495, -0.86999434, -0.99903715, -0.3236408, 0.92413247, 0.58797204, -0.9906195, 0.6132181, 0.7072465, 0.55214936, 0.19464576, 0.59331846, 0.6644842, -0.98592454, -0.6298782, -0.23738608, 0.89847124, 0.48025474, -0.4944958, -0.5130249, -0.05386306, 0.90513694, 0.98848665, 0.43442908, 0.82441175, 0.4344968, -0.36917663, 0.17369641, -0.24068795, 0.6962428, -0.94029415, -0.45649183, 0.54532576, -0.5087715, -0.7379622, -0.01930302, -0.108768456, -0.30928704, -0.3562733, 0.48880675, -0.4790314, 0.33499378, -0.57178456, 0.88777, 0.5473894, -0.8273207, 0.5445804, 0.53328806, 0.27246413, 0.3193601, -0.83702445, 0.041323677, -0.5161795, -0.8362669, 0.85384953, -0.43699053, 0.50988454, 0.28005385, -0.7569731, -0.43158147, 0.827157, -0.17706081, -0.6975788, -0.9268945, -0.33868092, 0.5184901, -0.34232402, -0.7160601, -0.08911037, 0.84449106, -0.59226817, 0.287471, -0.661376, 0.26984105, 0.087094165, 0.7942665, 0.37636337, -0.2352792, 0.43676016, -0.68087614, 0.4239751, -0.66208774, 0.981661, -0.8094864, 0.449334, 0.38212985, 0.19148922, -0.2074387, 0.511909, -0.64696, 0.16358693, -0.892215, 0.47235087, -0.95869964, -0.97298366, -0.88355833, 0.302515, -0.4205145, 0.90827525, -0.7267163, 0.37066936, -0.36416936, 0.21645004, -0.31873137, 0.0837806, -0.5913787, -0.70127046, -0.2039996, -0.8112684, -0.8195696, -0.724801, -0.33285266, -0.7651772, -0.05488399, -0.12911059, -0.27447858, 0.4557655, -0.64049697, 0.15092424, -0.5691216, 0.8914586, -0.24479361, -0.97147524, 0.36024985, -0.004573366, -0.75553715, 0.038918294, 0.46685588, -0.07431401, -0.6119397, 0.25088412, 0.6640553, 0.93091464, 0.505679, 0.831022, 0.8694501, -0.30865076, 0.010342602, 0.19629012, -0.63206446, 0.47569808, -0.8177455, -0.714902, -0.5911267, 0.9234128, 0.097139604, -0.19265677, 0.11483169, 0.16147164, 0.855497, -0.17757319, 0.38354093, 0.6702251, 0.5911181, -0.88049346, -0.47238842, 0.50173604, 0.03271996, 0.37919495, 0.7340987, -0.1667018, 0.88582474, -0.79943305, -0.82249916, -0.87305725, 0.78482324, -0.90864885, 0.6099058, 0.41676584, 0.40344238, 0.07897678, 0.36289766, 0.19663113, -0.7885733, -0.73003805, 0.3322913, -0.50025743, -0.10387617, -0.21903871, -0.09817253, 0.9326745, 0.8961251, -0.66031975, 0.08741162, 0.330728, -0.23251097, 0.650372, -0.22663592, 0.07822156, -0.5040496, 0.15659088, -0.11958704, 0.8796155, -0.57833403, -0.71258837, 0.682977, -0.7956957, -0.3989639, 0.012457445, -0.3148628, -0.6546028, -0.6775265, 0.5975634, -0.51504236, 0.26051292, 0.9654323, 0.11129507, 0.05600951, -0.85576034, 0.9186508, 0.23690842, 0.5558564, -0.4400175, -0.09050493, -0.76050436, -0.08647206, -0.03660146, 0.67280096, -0.591885, 0.7138792, -0.7891213, -0.08396135, -0.19728619, 0.65857226, 0.9736671, 0.22975248, 0.78289, -0.10899578, 0.6602224, 0.7500742, 0.86745393, -0.45838276, 0.6192737, 0.3161056, -0.4450324, 0.574414, 0.56413215, 0.21928723, 0.6557854, 0.18094291, -0.54550284, -0.81288457, -0.88252854, 0.25003973, 0.14076483, -0.2627125, -0.525148, 0.88432294, 0.5490631, -0.28494465, -0.43170214, -0.5868923, -0.41562557, 0.26286337, 0.8554312, -0.92227495, -0.13414189, -0.45774686, 0.25531575, 0.13344964, -0.77608925, -0.9829709, 0.7479512, 0.024668096, -0.5589229, -0.12800202, -0.5439455, 0.9012951, 0.9370626, -0.023107579, -0.550815, -0.050268017, 0.91540927, -0.31625688, 0.87284887, 0.09923586, 0.4610997, 0.17414951, -0.24684952, 0.9893092, -0.76522, 0.9232692, 0.45342046, -0.06598801, -0.5455113, -0.1959314, 0.11920449, 0.08723909, 0.8572769, -0.22910614, 0.5570827, 0.77772635, -0.42484498, 0.24634688, -0.060357735, 0.34288144, -0.087159514, 0.027242292, -0.5877339, -0.73377585, 0.11265342, -0.25924554, 0.41192713, -0.4350893, 0.33202648, -0.38014165, -0.3238724, -0.8614714, 0.82993305, -0.8245799, -0.0807956, -0.8615433, 0.13107501, 0.012698687, -0.007357878, 0.22199075, 0.2092495, 0.8152727, 0.5057867, 0.9446952, -0.4001314, -0.84111977, -0.7688433, 0.711976, -0.54581463, -0.39339, 0.3302553, -0.9931217, -0.6253715, -0.52721286, 0.93580574, 0.9657223, 0.036372658, 0.07667534, 0.51919204, 0.663207, -0.24590343, -0.0433846, -0.95385927, -0.70153344, -0.52634513, 0.6671219, 0.7806427, -0.082975306, 0.31570208, -0.59196615, -0.6716307, -0.90721196, 0.5904878, -0.47670394, -0.9292094, -0.095741935, -0.38044807, -0.4014658, -0.94052505, 0.30275282, 0.41120306, -0.81250376, 0.75851876, -0.25420117, 0.94347703, 0.17135698, -0.95531404, -0.57424456, -0.80248106, 0.44163248, -0.14684084, -0.45534554, -0.89637744, 0.63397443, -0.037448812, -0.33449852, 0.523892, 0.04376814, -0.22549272, -0.9187675, 0.94459075, -0.90288895, -0.556739, 0.9774994, 0.7405685, 0.36451736, 0.7603074, -0.32306603, -0.54793376, -0.5708481, 0.4894716, 0.09807239, -0.0377996, 0.37946647, -0.56149924, 0.6231667, 0.8050539, 0.6192272, -0.14487834, -0.12307496, 0.8596654, 0.651454, -0.5313276, -0.51604664, -0.8050395, -0.3293734, -0.27733216, -0.2589004, -0.9916756, -0.09941984, 0.07771936, 0.29375535, 0.3940077, -0.5371862, 0.5040675, -0.28906813, 0.34934452, 0.31035614, 0.9725185, -0.5928904, -0.0067281583, -0.47063556, -0.011894308, -0.43542957, -0.2291559, 0.66621983, 0.9360337, -0.04696632, -0.8288667, 0.6857843, 0.746793, 0.02003576, -0.14765683, -0.8512103, -0.8664289, -0.53701127, 0.92258334, -0.51096666, 0.72984123, -0.47531682, 0.44488615, -0.28214583, 0.54214597, 0.3337362, -0.11207911, -0.15185443, -0.86225986, -0.7384924, -0.3152084, 0.3912051, -0.8025528, 0.8494856, -0.41925433, 0.18952136, -0.8088682, -0.5981371, 0.21510656, -0.009112208, -0.925628, -0.5841758, -0.21174142, 0.9534584, 0.8939793, -0.48140162, -0.7588518, -0.52359205, -0.33054513, -0.29809573, 0.19007514, 0.0062137772, -0.45772296, -0.5457006, -0.6528952, -0.03574004, 0.03641052, 0.32443836, -0.86717236, -0.5427363, -0.19141705, -0.3183786, 0.10448266, 0.37532672, 0.32767355, -0.60788554, 0.8401613, 0.54965764, -0.45778477, -0.9576819, -0.9578112, -0.4926065, -0.67359334, 0.1548764, 0.05945132, -0.59787285, -0.39351064, 0.84163946, 0.06333888, -0.43567604, 0.35787904, 0.9112299, -0.74463767, -0.9546117, 0.1210586, 0.94241995, -0.82654464, -0.4107553, -0.06599215, 0.8048513, 0.14210328, -0.09797296, -0.83153814, -0.92431736, 0.017802339, 0.2820051, -0.17791438, 0.6897958, -0.8222717, -0.007349357, -0.48926112, -0.9253599, 0.187969, -0.2387143, 0.99255234, 0.13057524, 0.20091087, 0.64196604, 0.7520179, 0.78190356, -0.37648627, -0.9145846, -0.82375765, 0.39642254, 0.7930517, 0.6406328, 0.084570654, -0.48521748, 0.4200382, 0.2262796, -0.5641393, -0.13784613, -0.4178798, 0.622444, -0.9506283, -0.6637632, -0.3768116, -0.44691738, -0.9337375, -0.6977168, 0.266662, 0.67410487, 0.6641202, -0.63649184, -0.924424, 0.7014067, 0.44137064, -0.52385706, 0.09315388, -0.47478297, 0.34530202, -0.7438058, 0.037214965, -0.19245093, -0.42464948, 0.4346007, -0.91685694, -0.8333992, -0.387664, -0.0038209248, 0.21993706, -0.75204927, -0.4945262, 0.06740762, 0.37882063, 0.46076033, 0.7205974, -0.7659996, -0.16454145, 0.18673529, 0.8065253, -0.5473573, 0.4739166, 0.3347347, 0.44346315, -0.89565337, 0.6099195, -0.512515, 0.8994039, 0.08827721, 0.77453184, 0.05205329, -0.0033104173, 0.2143325, -0.117363244, 0.44833717, 0.0031922334, 0.04043733, 0.43724394, 0.30977198, 0.45831597, 0.739226, -0.50962424, 0.37389684, 0.55770093, 0.13849767, 0.2333205, -0.02733205, -0.85546273, -0.9481322, 0.34700787, -0.8223273, -0.8695539, 0.9350552, 0.48967105, 0.5781985, -0.6440996, -0.66707635, -0.75385344, -0.32888627, 0.47912624, 0.13209456, 0.80812734, -0.7271525, -0.46728733, -0.20963025, -0.30092737, 0.11431126, 0.704986, 0.89084417, -0.69890106, 0.9615615, 0.65574443, 0.8379801, 0.7772403, -0.874344, -0.016664412, 0.89408743, 0.429962, 0.00030140378, 0.3569183, -0.6484747, 0.64660794, -0.49526432, 0.4924447, -0.16968557, -0.13287742, 0.45991507, 0.27671304, -0.45582336, -0.9238031]","[-7.0, 4.0, 4.0, -2.0, -1.0, 4.0, -1.0, 2.0, -2.0, -3.0, -2.0, -1.0, 4.0, -2.0, 4.0, -2.0, -2.0, -3.0, -7.0, -1.0, -8.0, -2.0, -2.0, -7.0, 5.0, 10.0, -7.0, -8.0, 3.0, -7.0, -14.0, 4.0, -2.0, 4.0, 5.0, 3.0, 4.0, -6.0, -7.0, -7.0, 0.0, 5.0, -1.0, -4.0, 1.0, 5.0, 3.0, -7.0, -3.0, -2.0, 5.0, 3.0, 5.0, -1.0, 1.0, 1.0, -1.0, -2.0, 0.0, 4.0, 3.0, 4.0, -2.0, 0.0, 3.0, 4.0, -7.0, -3.0, -2.0, 5.0, 5.0, 2.0, -1.0, 4.0, -6.0, 3.0, 4.0, -3.0, -1.0, 6.0, -2.0, -6.0, -1.0, -7.0, 6.0, 10.0, -1.0, -1.0, 0.0, 4.0, -1.0, 6.0, -1.0, 10.0, -2.0, 4.0, 4.0, -3.0, -6.0, -4.0, -1.0, -1.0, 1.0, -1.0, -8.0, 5.0, 1.0, 3.0, 5.0, -3.0, -2.0, -7.0, -7.0, -2.0, 4.0, -8.0, 5.0, -7.0, 5.0, -3.0, 5.0, 5.0, 0.0, 4.0, -2.0, 3.0, -1.0, 4.0, 3.0, -2.0, 5.0, -1.0, -4.0, -7.0, -2.0, -8.0, -1.0, -8.0, 3.0, 4.0, 4.0, 5.0, -2.0, 4.0, 5.0, 4.0, -8.0, 0.0, -7.0, 4.0, -10.0, 5.0, -3.0, 0.0, -2.0, -7.0, 4.0, 4.0, 4.0, -1.0, -3.0, 4.0, 5.0, 3.0, -13.0, -1.0, -7.0, 4.0, -9.0, -5.0, 3.0, -1.0, 5.0, 3.0, 1.0, -2.0, -2.0, -2.0, -3.0, 0.0, 3.0, -2.0, -2.0, -5.0, -2.0, -2.0, 5.0, -6.0, 2.0, 10.0, -3.0, -2.0, 4.0, -4.0, -2.0, 0.0, -2.0, -8.0, -2.0, -2.0, -8.0, -2.0, -2.0, 5.0, -1.0, 5.0, -1.0, -3.0, -1.0, -1.0, 5.0, 4.0, -2.0, 4.0, 1.0, -8.0, 4.0, 4.0, -2.0, -3.0, 4.0, -7.0, -3.0, -7.0, 8.0, 5.0, 4.0, -3.0, 0.0, 4.0, -7.0, 0.0, 5.0, -2.0, 0.0, 4.0, 4.0, 4.0, -1.0, 3.0, 1.0, -1.0, -6.0, 3.0, 2.0, 0.0, 4.0, -5.0, -2.0, 6.0, -2.0, -5.0, -2.0, -1.0, -2.0, -4.0, -1.0, -4.0, -2.0, -2.0, -2.0, 5.0, -7.0, -2.0, 4.0, -1.0, -7.0, 1.0, -7.0, 5.0, 4.0, -1.0, -1.0, -6.0, 6.0, -1.0, 5.0, -2.0, -4.0, -7.0, 4.0, -1.0, 0.0, -1.0, -1.0, 12.0, 0.0, -1.0, 4.0, 4.0, -1.0, -2.0, -8.0, -2.0, -2.0, -1.0, -7.0, -1.0, -3.0, -2.0, 4.0, 3.0, 4.0, -1.0, -1.0, 0.0, -3.0, 4.0, 0.0, -2.0, 3.0, 3.0, -6.0, -1.0, -2.0, 0.0, 1.0, -1.0, 5.0, 4.0, -1.0, -8.0, -1.0, 3.0, 6.0, 1.0, -7.0, 4.0, 5.0, 2.0, 0.0, 0.0, 4.0, 10.0, -2.0, -2.0, -8.0, -2.0, 4.0, 12.0, -1.0, 5.0, -4.0, -7.0, -7.0, 0.0, -1.0, -1.0, -2.0, -1.0, -3.0, -1.0, -1.0, 4.0, 5.0, 5.0, -2.0, -7.0, 3.0, -1.0, -7.0, -1.0, 4.0, -7.0, 6.0, -1.0, 4.0, 10.0, 4.0, -7.0, -1.0, 13.0, 4.0, 9.0, 0.0, 4.0, -3.0, 4.0, 5.0, 4.0, 4.0, 4.0, -2.0, 5.0, -1.0, 4.0, 3.0, 5.0, 5.0, 3.0, 0.0, 5.0, -2.0, 11.0, 5.0, 11.0, -2.0, -2.0, 5.0, 10.0, -3.0, 5.0, 10.0, -1.0, 3.0, -1.0, -7.0, 5.0, -2.0, 4.0, -2.0, 3.0, 3.0, 1.0, -8.0, -2.0, -10.0, 5.0, 0.0, -3.0, -8.0, 1.0, 8.0, -6.0, 6.0, 3.0, -7.0, -7.0, -2.0, -1.0, -1.0, -1.0, -2.0, -2.0, -2.0, -2.0, -14.0, -7.0, -1.0, -7.0, -1.0, -8.0, 4.0, -2.0, 5.0, -2.0, 5.0, -2.0, 5.0, 4.0, -1.0, -2.0, 4.0, 4.0, 5.0, 4.0, 3.0, -1.0, 4.0, 2.0, 4.0, -2.0, -2.0, -1.0, 9.0, -1.0, -1.0, -8.0, 0.0, 5.0, 2.0, 4.0, -1.0, 5.0, -1.0, 5.0, -8.0, -1.0, -2.0, -1.0, -2.0, -2.0, -10.0, 5.0, -5.0, -1.0, 5.0, 11.0, -1.0, 0.0, -5.0, -2.0, -2.0, 2.0, -2.0, -2.0, -2.0, -8.0, 0.0, -2.0, -7.0, 4.0, -7.0, -1.0, -3.0, -5.0, 4.0, 2.0, -1.0, -2.0, 4.0, 5.0, -4.0, 4.0, -1.0, -1.0, -1.0, 3.0, 9.0, -7.0, 4.0, -2.0, -3.0, -2.0, -2.0, 5.0, 4.0, 4.0, -5.0, -1.0, -1.0, 3.0, -3.0, -1.0, -7.0, 0.0, -1.0, 4.0, 3.0, -5.0, 5.0, 4.0, -1.0, -1.0, 4.0, -3.0, -1.0, -1.0, -2.0, -2.0, 5.0, 5.0, -2.0, 1.0, -7.0, 5.0, 4.0, -2.0, -1.0, 3.0, -1.0, -7.0, -5.0, -2.0, -1.0, -1.0, 5.0, -1.0, 0.0, 4.0, -3.0, -7.0, -2.0, -1.0, -1.0, -2.0, 3.0, -3.0, -2.0, 1.0, 1.0, -3.0, 0.0, -1.0, -8.0, 4.0, 3.0, 1.0, -1.0, -2.0, -7.0, -2.0, -1.0, 3.0, -1.0, -1.0, 5.0, -3.0, 4.0, 0.0, -2.0, -7.0, -7.0, 3.0, 5.0, -1.0, 11.0, 4.0, -1.0, 4.0, -2.0, 0.0, 10.0, 0.0, -7.0, -2.0, -8.0, -2.0, 7.0, -1.0, -1.0, 4.0, 6.0, 5.0, 4.0, 2.0, -1.0, -2.0, 10.0, -4.0, -1.0, -2.0, 4.0, -1.0, -1.0, 0.0, 5.0, -1.0, 2.0, -1.0, -2.0, -1.0, -6.0, 2.0, -1.0, -2.0, 1.0, -2.0, 3.0, -2.0, -2.0, 6.0, -2.0, -2.0, 1.0, -2.0, -2.0, -6.0, 4.0, 1.0, 5.0, -3.0, -3.0, 5.0, 4.0, -6.0, -2.0, -1.0, -1.0, 0.0, -1.0, -3.0, 3.0, 3.0, 1.0, 0.0, 5.0, 1.0, -1.0, -1.0, -2.0, -1.0, 5.0, -3.0, 5.0, -1.0, -12.0, -2.0, -1.0, -1.0, -5.0, -7.0, -1.0, -2.0, -3.0, 6.0, 8.0, -3.0, 0.0, 4.0, 3.0, 5.0, -1.0, 3.0, 4.0, -1.0, 4.0, -1.0, 5.0, -15.0, -7.0, -1.0, -2.0, 1.0, -7.0, 5.0, -1.0, 1.0, -2.0, 6.0, 0.0, -4.0, -1.0, -2.0, 2.0, -2.0, 0.0, -6.0, -8.0, -2.0, 4.0, 4.0, -2.0, 1.0, 1.0, -5.0, 4.0, -1.0, -3.0, 10.0, -2.0, 5.0, 3.0, -1.0, 3.0, 5.0, 4.0, -2.0, -3.0, 4.0, 4.0, -1.0, 3.0, 10.0, -1.0, 2.0, -2.0, 4.0, -2.0, 5.0, -6.0, 5.0, -1.0, -5.0, 4.0, 0.0, 5.0, 0.0, -2.0, -2.0, -8.0, -2.0, -1.0, 5.0, -1.0, 5.0, -2.0, -1.0, -2.0, -2.0, -2.0, -2.0, 10.0, 4.0, 3.0, 3.0, 4.0, 10.0, 4.0, 4.0, -2.0, 0.0, -2.0, -13.0, 4.0, -1.0, 9.0, -2.0, 4.0, 3.0, 4.0, -1.0, -2.0, 5.0, -3.0, -7.0, -2.0, -2.0, -2.0, -7.0, -1.0, -2.0, 0.0, 10.0, 9.0, -1.0, 4.0, -2.0, -2.0, -7.0, 5.0, 11.0, 4.0, 5.0, -1.0, -8.0, 4.0, -2.0, -5.0, 4.0, -1.0, -7.0, -1.0, 4.0, 0.0, -1.0, -1.0, -8.0, -2.0, -1.0, 5.0, 4.0, -9.0, -4.0, -1.0, -14.0, 2.0, -12.0, -2.0, -7.0, 6.0, -1.0, 5.0, -8.0, -7.0, -1.0, -2.0, -4.0, 3.0, -2.0, -7.0, 0.0, 4.0, 5.0, 5.0, 9.0, 5.0, 2.0, -2.0, -1.0, 7.0, -1.0, 3.0, -1.0, 4.0, 4.0, -1.0, -2.0, 5.0, 4.0, -2.0, -2.0, -1.0, 4.0, -1.0, 0.0, -4.0, 3.0, -8.0, 4.0, -5.0, -1.0, -7.0, -2.0, -7.0, -1.0, 3.0, 5.0, -2.0, 5.0, -9.0, 5.0, -2.0, 0.0, -1.0, -5.0, -1.0, -1.0, -14.0, 0.0, 5.0, 11.0, -2.0, 5.0, 5.0, 4.0, 4.0, -1.0, -1.0, 4.0, -2.0, -1.0, -5.0, 4.0, 5.0, 4.0, 2.0, -7.0, -2.0, -2.0, 5.0, 6.0, -1.0, 4.0, 0.0, 5.0, 5.0, -7.0, -6.0, 6.0, 3.0, -7.0, -7.0, -3.0, -7.0, -1.0, 5.0, -6.0, -13.0, 10.0, -1.0, 6.0, 10.0, -1.0, 3.0, -2.0, 0.0, 1.0, -2.0, -3.0, -2.0, 5.0, 5.0, -3.0, -2.0, -6.0, 15.0, 5.0, 3.0, -4.0, 5.0, 0.0, -1.0, 5.0, -2.0, 4.0, -1.0, 5.0, 4.0, -1.0, 4.0, -1.0, 11.0, -2.0, -8.0, -1.0, 8.0, 5.0, 9.0, 2.0, -6.0, 4.0, 3.0, -8.0, -1.0, 11.0, -2.0, -2.0, -20.0, -2.0]",8.191414266461646,0.0032980442047119,0.0,0.0,0
19,19,"[0.252506, 0.2542843, -0.046228565, 0.2710339, -0.7538622, -0.7225591, 0.33564287, 0.004965258, 0.41153744, 0.83787376, 0.3962831, -0.9842099, 0.46855482, 0.16004774, 0.059453417, -0.17737757, 0.39963466, -0.71681327, -0.32282767, 0.7952189, 0.04664344, -0.71839374, -0.06848488, -0.75515205, 0.36698627, -0.58230335, 0.9747777, -0.7020337, -0.16804636, -0.15925482, 0.1904023, 0.19258656, -0.003937752, 0.8771871, -0.6963814, -0.115953, -0.6219743, -0.048374157, -0.67082566, -0.51727444, 0.05738102, 0.60742694, -0.24477836, -0.28820717, -0.8599014, -0.8251618, -0.26166418, -0.7116946, -0.4254161, 0.13836238, -0.4574407, 0.23826872, -0.19154672, 0.2541847, 0.208471, 0.283226, -0.021519069, -0.82859033, -0.1675843, -0.42416432, 0.9724349, 0.7475168, -0.06180989, 0.610485, 0.44138044, -0.7810838, 0.16742034, -0.4877129, 0.434756, 0.7726676, 0.26073477, 0.6990818, 0.9105547, -0.25232577, -0.014913791, -0.30759856, -0.25993323, -0.2309169, 0.24236342, -0.22732687, 0.62701464, 0.69196975, 0.58638996, -0.15974708, 0.67326325, 0.5381745, -0.6826752, -0.39410558, 0.92381644, -0.3783543, 0.10227937, -0.9878797, -0.41510487, 0.91282964, -0.057335697, -0.85539204, -0.65745085, 0.65585715, 0.006206855, 0.7127086, 0.140793, 0.18743554, 0.29570186, -0.99038655, 0.32762542, 0.4828507, 0.80281806, 0.43149644, -0.47304684, 0.5686099, 0.24413453, -0.12465086, 0.6980908, 0.11188706, 0.26943842, -0.55335313, 0.8644373, -0.9770952, -0.9588451, 0.6266448, 0.0026683516, 0.33958477, 0.9359749, 0.5992189, 0.74437827, 0.4833226, -0.4568075, 0.5359939, 0.76237094, -0.64757013, -0.48145223, 0.13319948, -0.88879067, 0.4607194, -0.4733676, -0.34398982, 0.6998168, -0.54434013, 0.25967175, -0.5322151, -0.20801413, 0.44259864, -0.40926632, 0.24017392, 0.33578366, 0.90655875, -0.06720178, 0.8790565, 0.5892506, -0.8783143, 0.25259864, -0.31616506, 0.08022711, 0.34721783, 0.037768994, -0.95044744, 0.31769952, -0.018674314, -0.942113, -0.8602176, -0.45457852, 0.70131594, 0.8389548, -0.2921969, -0.452981, 0.4960592, -0.8523486, -0.4886492, -0.48832172, -0.379912, 0.001073564, 0.2154449, 0.06453274, 0.9136279, 0.17636551, -0.0128728505, -0.446028, 0.9395445, -0.62653255, -0.94627774, 0.39869955, -0.58847404, 0.6324672, -0.95510006, -0.85888475, 0.96514165, 0.58608645, 0.54853344, -0.089261524, -0.91097134, -0.23241803, -0.725766, -0.8247533, -0.006281575, -0.9521864, 0.6201793, -0.80670506, -0.8416554, 0.27826372, -0.61754847, 0.94413096, 0.6795207, -0.21579775, 0.373226, -0.65338665, -0.48796934, 0.68436503, 0.72556806, -0.32256293, 0.9588731, -0.9675836, -0.7634627, -0.718752, 0.8423761, -0.8874741, 0.23914431, -0.13905905, 0.11483446, -0.67480654, 0.006840868, -0.109224744, -0.99469477, -0.811292, -0.013840854, 0.10927771, -0.98123497, 0.7396673, -0.9597329, 0.11525782, 0.6260467, -0.8169224, 0.52064276, 0.20932348, 0.29969844, -0.5656116, -0.7604747, 0.9744673, -0.7684295, 0.8539379, -0.52547044, 0.36935383, -0.8961293, 0.778393, -0.41726413, -0.6565644, -0.73604226, -0.13726135, 0.88326806, 0.9934437, 0.43986723, -0.19349022, 0.09054948, 0.10906001, -0.941823, -0.7337008, 0.64789647, -0.54784507, -0.15712306, -0.11214474, -0.2842198, 0.8390548, -0.009326636, -0.51878154, 0.16059792, 0.0835339, -0.42851117, 0.6615095, -0.1183442, 0.18439914, -0.9030564, -0.67075473, 0.52431846, -0.37050593, -0.472632, 0.8520561, -0.16369681, -0.058363248, 0.11209023, -0.08642409, -0.17137362, 0.00033588265, -0.4810373, -0.81446725, -0.075555585, 0.75268394, -0.38204053, 0.4080721, 0.08345483, 0.88795596, 0.44248208, 0.8864722, 0.3083186, -0.3108737, -0.5216575, -0.6322569, -0.9335085, -0.2140324, 0.3890496, 0.8090969, 0.70180005, -0.9943808, -0.70591164, 0.82954913, 0.08244906, 0.6843613, 0.081311814, 0.045320272, 0.37041867, -0.15744774, -0.22641781, -0.010409191, -0.025846438, 0.018450553, 0.29121014, 0.21417955, -0.106163375, 0.046116225, 0.53912127, -0.3364069, -0.21942554, -0.63024783, -0.29122117, 0.36319792, -0.11922562, 0.978546, 0.38020527, -0.015000091, -0.9465795, -0.9614044, -0.5224613, -0.41349876, -0.8246461, 0.069608755, -0.6161924, -0.5891338, 0.54814255, 0.8137817, -0.78109384, 0.89777577, 0.6729488, -0.9588526, -0.8524781, -0.35214636, 0.29880753, 0.7120634, -0.0056818463, -0.9396793, -0.88805246, 0.92880434, 0.75922453, 0.064275205, 0.28530946, 0.6423261, -0.45432365, 0.6368662, 0.054080058, -0.023445137, 0.3204754, -0.84322715, -0.44776267, -0.49945325, 0.7946968, 0.13920017, -0.1362136, -0.8044844, 0.582078, -0.9707783, -0.031652816, 0.52664554, -0.91119677, 0.12770684, 0.13447988, -0.9704046, 0.23358369, -0.30558407, -0.45600966, -0.1796825, 0.81999797, -0.77519155, 0.37387982, 0.5690017, 0.8767901, 0.767128, -0.9062304, -0.39640462, -0.8731139, 0.91884184, -0.44470307, 0.16857824, 0.7597001, -0.3954197, 0.7386075, 0.123740666, 0.73942673, 0.007596001, 0.7869003, -0.69904864, 0.41111538, 0.24202634, -0.25792494, 0.1176736, -0.6246823, -0.68969846, 0.8551037, 0.6762355, 0.17267516, -0.09961452, -0.049081326, -0.31660655, 0.2771738, -0.2088407, 0.61276954, -0.42872572, 0.119012535, -0.50691575, 0.668441, 0.07681788, -0.28926152, 0.75869954, 0.4786289, -0.7238708, 0.96822685, 0.8172779, -0.12589584, 0.4884209, 0.03129034, 0.04597213, -0.5371246, -0.44961077, 0.3166005, 0.8412595, -0.1944362, -0.9453468, -0.45391098, 0.35133028, -0.62403196, -0.2400572, 0.6127183, -0.48251757, -0.78229964, 0.5133525, -0.93359745, -0.31609097, 0.69195974, 0.3556443, -0.6568122, -0.48727044, 0.46023366, 0.55478525, -0.69983655, -0.844459, -0.75420576, -0.6075309, 0.05631246, -0.9499106, -0.22872157, 0.7028303, -0.8423872, 0.8943318, -0.16112322, 0.6809426, -0.9772235, -0.8581468, 0.02895631, -0.73420036, 0.14016269, -0.36541745, -0.8229524, 0.5847469, -0.9252029, 0.73405135, -0.7024384, -0.8750995, 0.7561509, -0.31350356, 0.6270429, -0.090665594, 0.041596614, 0.2953995, -0.8946425, -0.7418614, 0.082323745, -0.8335723, -0.9710175, 0.5790513, -0.44566292, -0.09345977, 0.16731192, -0.8845777, -0.91390353, -0.89717174, -0.6953612, -0.14506291, 0.26444536, -0.04108235, 0.019827327, 0.8510693, -0.025518926, 0.99556047, 0.57038486, 0.012370556, 0.21333803, 0.7522276, 0.88818854, 0.75975245, 0.46899793, -0.98109096, -0.7462719, -0.043242373, -0.7138255, 0.072893575, 0.16056973, -0.085708074, -0.29674563, -0.33119002, -0.8126544, 0.751433, 0.8154215, 0.45422783, 0.46875936, 0.9433906, 0.6270339, 0.084229976, 0.5972194, -0.757536, 0.96807694, 0.36278018, 0.18081892, -0.91634876, 0.48120573, 0.8163483, 0.73885643, 0.10479418, -0.96388066, 0.54277873, 0.36617827, 0.96358716, 0.64457595, -0.34687984, -0.15635939, 0.6052681, 0.2873719, -0.3443837, 0.49029326, 0.7072835, 0.102214254, -0.28448698, 0.5378559, -0.49505287, -0.6956682, 0.5594911, -0.37322584, -0.6343953, 0.23674074, 0.7753544, 0.86121166, -0.28373134, -0.28649658, -0.87305003, -0.3487951, -0.544844, 0.7780053, 0.72516733, -0.6655856, -0.0100930985, 0.9460832, -0.56260157, 0.12366751, -0.5498936, -0.019998038, -0.111396976, 0.06347417, -0.29580557, 0.746649, -0.8152203, -0.8978915, -0.9402622, -0.78710526, -0.4358405, -0.71382403, -0.972331, 0.055628587, 0.597745, 0.2154393, -0.8536997, -0.996253, 0.50214744, 0.2539084, 0.51496744, -0.06112755, 0.44918668, -0.03609311, -0.1375047, -0.92576355, 0.8614175, 0.39485878, 0.05172661, -0.03156471, -0.72193384, -0.52970994, 0.8666866, 0.19949833, 0.56643426, 0.9112011, 0.30516493, -0.2222883, -0.038992528, -0.7175025, -0.4777164, -0.8997189, -0.58381486, 0.9168254, 0.067986436, -0.38087806, -0.43459752, -0.10623937, -0.3312616, 0.2648588, 0.4678913, 0.25601494, -0.5779789, -0.44644597, -0.107879356, 0.6905557, -0.9732556, 0.027959872, 0.52885395, -0.95049965, 0.64433545, 0.097612366, 0.87606525, -0.21313433, -0.70004183, -0.47055456, 0.79721445, 0.67970204, -0.74024653, 0.7568592, 0.3099857, -0.32521716, -0.86167264, 0.19719382, 0.67845315, -0.25225657, 0.23561491, 0.020712804, -0.47115836, 0.1389313, -0.411502, 0.84988123, 0.09248974, 0.3799856, 0.3254623, -0.3967953, 0.17221145, -0.19106911, 0.5334085, 0.17386876, -0.7020493, -0.8251667, 0.60574234, 0.7219221, -0.3259625, 0.28359735, 0.86343545, 0.6208645, 0.41038173, 0.936039, -0.16823082, -0.041476637, -0.60459113, -0.17548026, -0.66653013, 0.12061485, 0.64230675, 0.33985898, 0.44434825, 0.73203063, -0.7064805, -0.44427943, -0.8814323, -0.29882416, -0.8419663, 0.9377412, 0.5157, 0.87484866, -0.44559997, 0.4146031, -0.14598651, -0.93082446, -0.10751725, 0.9913869, 0.053755283, -0.7942368, -0.103232026, 0.28400865, -0.19428052, 0.44152653, -0.83627886, 0.030333636, 0.34589407, -0.006630791, -0.40387085, 0.07413871, 0.31448475, -0.45958874, 0.34110808, -0.630946, 0.119518295, 0.831305, -0.8953376, 0.6964243, 0.54843116, 0.0558469, -0.32392713, 0.22494338, 0.34664682, 0.31994912, 0.31841776, 0.34536237, 0.37213218, -0.13799702, 0.1848492, -0.5406792, 0.51504517, 0.70465606, 0.5695058, 0.15076889, -0.56708944, -0.6600685, 0.6565313, -0.89061064, -0.17167905, -0.30868822, 0.87627023, 0.766738, -0.017698383, 0.47692552, 0.39142334, -0.12848777, 0.8662313, -0.7798644, -0.29545575, 0.34940726, 0.9592135, -0.22159244, -0.033876896, 0.8244917, 0.04853303, -0.63373756, -0.39172238, 0.80806416, -0.53846705, -0.6156229, 0.56079835, 0.69888914, -0.85955983, -0.24670948, 0.7787415, 0.09517922, -0.1684007, -0.24692395, -0.09127508, -0.04543947, -0.10099708, -0.8421791, -0.12802203, -0.36530343, -0.35167012, 0.05174032, 0.8414324, 0.8836027, 0.47362694, -0.839061, -0.019160543, 0.83362126, 0.5255847, 0.32750043, -0.52422035, -0.97152174, -0.5874946, 0.9049981, 0.8949262, 0.8788015, -0.31907263, 0.8779345, -0.82732636, -0.8085059, -0.62485784, 0.62062234, -0.7975855, 0.36995137, -0.8208721, 0.66888016, -0.5877291, 0.04014614, -0.92641914, 0.88652134, -0.8174194, 0.010470331, -0.8817757, -0.9244859, 0.77758795, 0.64828944, -0.24605428, -0.04690206, 0.4470845, -0.785373, 0.9773091, -0.45335656, -0.56520844, 0.17208908, 0.01714868, 0.19855076, -0.25161162, -0.12205889, -0.7992492, -0.12622303, -0.92467153, 0.5134319, 0.6173128, 0.59533674, 0.7762129, 0.08958414, -0.10231568, -0.95268124, 0.9747901, -0.8189003, 0.5553351, -0.16196845, -0.42005688, -0.7844141, -0.15905516, 0.93977094, -0.19040306, 0.9530836, 0.7710452, 0.75784224, -0.7060777, 0.65108657, 0.7766995, 0.3547907, 0.04227713, -0.6331382, -0.12069236, 0.1372122, -0.9302545, 0.40557313, 0.57261175, -0.73666096, 0.980933, 0.47631958, 0.10886006, -0.124259844, 0.4126188, -0.4235641, -0.3705895, 0.18409464, 0.45243186, -0.97599626, 0.49565607, 0.77593064, 0.21488675, 0.86980015, 0.11670532, -0.7444462, 0.9285395, -0.55703527, 0.15491462, -0.47066727, 0.19271904, 0.7579797, 0.10871429, 0.40652025, -0.17302705, 0.11398185, -0.52115273, -0.98162484, -0.796367, -0.9229339, 0.96905357, 0.19931072, -0.4094648, 0.75371474, 0.04267403, -0.8154359, -0.72059005, -0.46722978, 0.1995337, -0.4957028, 0.62570125, 0.5113238, -0.7164174, 0.249047, -0.20712283, -0.24570769, 0.43303338, 0.15553813, 0.099260725, -0.93495005, 0.5315674, 0.2836868, -0.02849292, 0.008605437, 0.005018699, 0.12752795, 0.9078673, 0.18373822, 0.68622136, -0.1110734, -0.622318, -0.20522596, 0.51725173, 0.2795286, -0.19889934, 0.37932333, 0.6007466, -0.6218169, -0.33326435, 0.34579557, 0.048409346, 0.53380466, -0.7356281, -0.8485162, -0.46438187, -0.5424758, -0.9673386, 0.7168199, -0.36073387, -0.27441022, -0.57532537, -0.76682174, -0.05525783, 0.4716671, 0.56863475, -0.020434156, -0.97536993, 0.6275001, -0.11284386, -0.22900234, -0.97624475, 0.11770816, -0.8897045, 0.36823198, 0.7234991, 0.26689902, 0.14811039, 0.35333127, 0.66371274, -0.9012584, -0.93634534, 0.61691934, -0.26513895, 0.02103586, -0.44217297, 0.37626106, -0.20266578, 0.3814214, -0.20244332, 0.114073634, 0.092340134, 0.10283956, -0.4297681, -0.59244436, -0.1542524, -0.31128833, 0.07673019, 0.002910372, -0.42809892, 0.3127216, 0.7343359, -0.48921415, -0.5723167, 0.4146518, 0.13384992, 0.35060564, -0.8742817, -0.89947885, 0.19313435, 0.058170293, -0.20678398, -0.5771068, 0.7699662, -0.93320084, -0.16404158, -0.26077473, -0.53028494, -0.81539524, -0.2832287, 0.7014503, 0.4114762, -0.6551259, -0.3694818, 0.9384682, -0.36667433, 0.57042336, 0.65698034, 0.007879085, -0.47107357, -0.5181373]","[-7.0, 4.0, 4.0, -2.0, -1.0, 4.0, -1.0, 2.0, -2.0, -3.0, -2.0, -1.0, 4.0, -2.0, 4.0, -2.0, -2.0, -3.0, -7.0, -1.0, -8.0, -2.0, -2.0, -7.0, 5.0, 10.0, -7.0, -8.0, 3.0, -7.0, -14.0, 4.0, -2.0, 4.0, 5.0, 3.0, 4.0, -6.0, -7.0, -7.0, 0.0, 5.0, -1.0, -4.0, 1.0, 5.0, 3.0, -7.0, -3.0, -2.0, 5.0, 3.0, 5.0, -1.0, 1.0, 1.0, -1.0, -2.0, 0.0, 4.0, 3.0, 4.0, -2.0, 0.0, 3.0, 4.0, -7.0, -3.0, -2.0, 5.0, 5.0, 2.0, -1.0, 4.0, -6.0, 3.0, 4.0, -3.0, -1.0, 6.0, -2.0, -6.0, -1.0, -7.0, 6.0, 10.0, -1.0, -1.0, 0.0, 4.0, -1.0, 6.0, -1.0, 10.0, -2.0, 4.0, 4.0, -3.0, -6.0, -4.0, -1.0, -1.0, 1.0, -1.0, -8.0, 5.0, 1.0, 3.0, 5.0, -3.0, -2.0, -7.0, -7.0, -2.0, 4.0, -8.0, 5.0, -7.0, 5.0, -3.0, 5.0, 5.0, 0.0, 4.0, -2.0, 3.0, -1.0, 4.0, 3.0, -2.0, 5.0, -1.0, -4.0, -7.0, -2.0, -8.0, -1.0, -8.0, 3.0, 4.0, 4.0, 5.0, -2.0, 4.0, 5.0, 4.0, -8.0, 0.0, -7.0, 4.0, -10.0, 5.0, -3.0, 0.0, -2.0, -7.0, 4.0, 4.0, 4.0, -1.0, -3.0, 4.0, 5.0, 3.0, -13.0, -1.0, -7.0, 4.0, -9.0, -5.0, 3.0, -1.0, 5.0, 3.0, 1.0, -2.0, -2.0, -2.0, -3.0, 0.0, 3.0, -2.0, -2.0, -5.0, -2.0, -2.0, 5.0, -6.0, 2.0, 10.0, -3.0, -2.0, 4.0, -4.0, -2.0, 0.0, -2.0, -8.0, -2.0, -2.0, -8.0, -2.0, -2.0, 5.0, -1.0, 5.0, -1.0, -3.0, -1.0, -1.0, 5.0, 4.0, -2.0, 4.0, 1.0, -8.0, 4.0, 4.0, -2.0, -3.0, 4.0, -7.0, -3.0, -7.0, 8.0, 5.0, 4.0, -3.0, 0.0, 4.0, -7.0, 0.0, 5.0, -2.0, 0.0, 4.0, 4.0, 4.0, -1.0, 3.0, 1.0, -1.0, -6.0, 3.0, 2.0, 0.0, 4.0, -5.0, -2.0, 6.0, -2.0, -5.0, -2.0, -1.0, -2.0, -4.0, -1.0, -4.0, -2.0, -2.0, -2.0, 5.0, -7.0, -2.0, 4.0, -1.0, -7.0, 1.0, -7.0, 5.0, 4.0, -1.0, -1.0, -6.0, 6.0, -1.0, 5.0, -2.0, -4.0, -7.0, 4.0, -1.0, 0.0, -1.0, -1.0, 12.0, 0.0, -1.0, 4.0, 4.0, -1.0, -2.0, -8.0, -2.0, -2.0, -1.0, -7.0, -1.0, -3.0, -2.0, 4.0, 3.0, 4.0, -1.0, -1.0, 0.0, -3.0, 4.0, 0.0, -2.0, 3.0, 3.0, -6.0, -1.0, -2.0, 0.0, 1.0, -1.0, 5.0, 4.0, -1.0, -8.0, -1.0, 3.0, 6.0, 1.0, -7.0, 4.0, 5.0, 2.0, 0.0, 0.0, 4.0, 10.0, -2.0, -2.0, -8.0, -2.0, 4.0, 12.0, -1.0, 5.0, -4.0, -7.0, -7.0, 0.0, -1.0, -1.0, -2.0, -1.0, -3.0, -1.0, -1.0, 4.0, 5.0, 5.0, -2.0, -7.0, 3.0, -1.0, -7.0, -1.0, 4.0, -7.0, 6.0, -1.0, 4.0, 10.0, 4.0, -7.0, -1.0, 13.0, 4.0, 9.0, 0.0, 4.0, -3.0, 4.0, 5.0, 4.0, 4.0, 4.0, -2.0, 5.0, -1.0, 4.0, 3.0, 5.0, 5.0, 3.0, 0.0, 5.0, -2.0, 11.0, 5.0, 11.0, -2.0, -2.0, 5.0, 10.0, -3.0, 5.0, 10.0, -1.0, 3.0, -1.0, -7.0, 5.0, -2.0, 4.0, -2.0, 3.0, 3.0, 1.0, -8.0, -2.0, -10.0, 5.0, 0.0, -3.0, -8.0, 1.0, 8.0, -6.0, 6.0, 3.0, -7.0, -7.0, -2.0, -1.0, -1.0, -1.0, -2.0, -2.0, -2.0, -2.0, -14.0, -7.0, -1.0, -7.0, -1.0, -8.0, 4.0, -2.0, 5.0, -2.0, 5.0, -2.0, 5.0, 4.0, -1.0, -2.0, 4.0, 4.0, 5.0, 4.0, 3.0, -1.0, 4.0, 2.0, 4.0, -2.0, -2.0, -1.0, 9.0, -1.0, -1.0, -8.0, 0.0, 5.0, 2.0, 4.0, -1.0, 5.0, -1.0, 5.0, -8.0, -1.0, -2.0, -1.0, -2.0, -2.0, -10.0, 5.0, -5.0, -1.0, 5.0, 11.0, -1.0, 0.0, -5.0, -2.0, -2.0, 2.0, -2.0, -2.0, -2.0, -8.0, 0.0, -2.0, -7.0, 4.0, -7.0, -1.0, -3.0, -5.0, 4.0, 2.0, -1.0, -2.0, 4.0, 5.0, -4.0, 4.0, -1.0, -1.0, -1.0, 3.0, 9.0, -7.0, 4.0, -2.0, -3.0, -2.0, -2.0, 5.0, 4.0, 4.0, -5.0, -1.0, -1.0, 3.0, -3.0, -1.0, -7.0, 0.0, -1.0, 4.0, 3.0, -5.0, 5.0, 4.0, -1.0, -1.0, 4.0, -3.0, -1.0, -1.0, -2.0, -2.0, 5.0, 5.0, -2.0, 1.0, -7.0, 5.0, 4.0, -2.0, -1.0, 3.0, -1.0, -7.0, -5.0, -2.0, -1.0, -1.0, 5.0, -1.0, 0.0, 4.0, -3.0, -7.0, -2.0, -1.0, -1.0, -2.0, 3.0, -3.0, -2.0, 1.0, 1.0, -3.0, 0.0, -1.0, -8.0, 4.0, 3.0, 1.0, -1.0, -2.0, -7.0, -2.0, -1.0, 3.0, -1.0, -1.0, 5.0, -3.0, 4.0, 0.0, -2.0, -7.0, -7.0, 3.0, 5.0, -1.0, 11.0, 4.0, -1.0, 4.0, -2.0, 0.0, 10.0, 0.0, -7.0, -2.0, -8.0, -2.0, 7.0, -1.0, -1.0, 4.0, 6.0, 5.0, 4.0, 2.0, -1.0, -2.0, 10.0, -4.0, -1.0, -2.0, 4.0, -1.0, -1.0, 0.0, 5.0, -1.0, 2.0, -1.0, -2.0, -1.0, -6.0, 2.0, -1.0, -2.0, 1.0, -2.0, 3.0, -2.0, -2.0, 6.0, -2.0, -2.0, 1.0, -2.0, -2.0, -6.0, 4.0, 1.0, 5.0, -3.0, -3.0, 5.0, 4.0, -6.0, -2.0, -1.0, -1.0, 0.0, -1.0, -3.0, 3.0, 3.0, 1.0, 0.0, 5.0, 1.0, -1.0, -1.0, -2.0, -1.0, 5.0, -3.0, 5.0, -1.0, -12.0, -2.0, -1.0, -1.0, -5.0, -7.0, -1.0, -2.0, -3.0, 6.0, 8.0, -3.0, 0.0, 4.0, 3.0, 5.0, -1.0, 3.0, 4.0, -1.0, 4.0, -1.0, 5.0, -15.0, -7.0, -1.0, -2.0, 1.0, -7.0, 5.0, -1.0, 1.0, -2.0, 6.0, 0.0, -4.0, -1.0, -2.0, 2.0, -2.0, 0.0, -6.0, -8.0, -2.0, 4.0, 4.0, -2.0, 1.0, 1.0, -5.0, 4.0, -1.0, -3.0, 10.0, -2.0, 5.0, 3.0, -1.0, 3.0, 5.0, 4.0, -2.0, -3.0, 4.0, 4.0, -1.0, 3.0, 10.0, -1.0, 2.0, -2.0, 4.0, -2.0, 5.0, -6.0, 5.0, -1.0, -5.0, 4.0, 0.0, 5.0, 0.0, -2.0, -2.0, -8.0, -2.0, -1.0, 5.0, -1.0, 5.0, -2.0, -1.0, -2.0, -2.0, -2.0, -2.0, 10.0, 4.0, 3.0, 3.0, 4.0, 10.0, 4.0, 4.0, -2.0, 0.0, -2.0, -13.0, 4.0, -1.0, 9.0, -2.0, 4.0, 3.0, 4.0, -2.0, -2.0, 5.0, -3.0, -7.0, -2.0, -2.0, -2.0, -7.0, -1.0, -2.0, 0.0, 10.0, 9.0, -1.0, 4.0, -2.0, -2.0, -7.0, 5.0, 11.0, 4.0, 5.0, -1.0, -8.0, 4.0, -2.0, -5.0, 4.0, -1.0, -7.0, -1.0, 4.0, 0.0, -1.0, -1.0, -8.0, -2.0, -1.0, 5.0, 4.0, -9.0, -4.0, -1.0, -14.0, 2.0, -12.0, -2.0, -7.0, 6.0, -1.0, 5.0, -8.0, -7.0, -1.0, -2.0, -4.0, 3.0, -2.0, -7.0, 0.0, 4.0, 5.0, 5.0, 9.0, 5.0, 2.0, -2.0, -1.0, 7.0, -1.0, 3.0, -1.0, 4.0, 4.0, -1.0, -2.0, 5.0, 4.0, -2.0, -2.0, -1.0, 4.0, -1.0, 0.0, -4.0, 3.0, -8.0, 4.0, -5.0, -1.0, -7.0, -2.0, -7.0, -1.0, 3.0, 5.0, -2.0, 5.0, -9.0, 5.0, -2.0, 0.0, -1.0, -5.0, -1.0, -1.0, -14.0, 0.0, 5.0, 11.0, -2.0, 5.0, 5.0, 4.0, 4.0, -1.0, -1.0, 4.0, -2.0, -1.0, -5.0, 4.0, 5.0, 4.0, 2.0, -7.0, -2.0, -2.0, 5.0, 6.0, -1.0, 4.0, 0.0, 5.0, 5.0, -7.0, -6.0, 6.0, 3.0, -7.0, -7.0, -3.0, -7.0, -1.0, 5.0, -6.0, -13.0, 10.0, -1.0, 6.0, 10.0, -1.0, 3.0, -2.0, 0.0, 1.0, -2.0, -3.0, -2.0, 5.0, 5.0, -3.0, -2.0, -6.0, 15.0, 5.0, 3.0, -4.0, 5.0, 0.0, -1.0, 5.0, -2.0, 4.0, -1.0, 5.0, 4.0, -1.0, 4.0, -1.0, 11.0, -2.0, -8.0, -1.0, 8.0, 5.0, 9.0, 2.0, -6.0, 4.0, 3.0, -8.0, -1.0, 11.0, -2.0, -2.0, -20.0, -2.0]",8.192839107609505,0.0033717155456542,0.0,0.0,0
20,20,"[-0.16189045, 0.09134595, -0.855491, 0.25342044, 0.36137277, -0.9583091, 0.12588845, -0.14174251, -0.86933607, 0.9858651, -0.009399229, -0.16545205, 0.5817433, 0.44968355, -0.8734881, -0.78370064, 0.5211314, 0.16199736, 0.7563748, 0.6376333, -0.82710797, 0.5459313, -0.6667001, -0.29668894, 0.8716912, -0.5524984, 0.41024914, 0.48727146, -0.47645333, -0.9883132, -0.31152514, 0.40225103, 0.9708379, -0.09425108, 0.39338252, 0.82644904, 0.8230272, -0.4601147, 0.16158754, -0.96021944, -0.58778214, 0.7387731, 0.7129637, 0.101100765, -0.64154, -0.96041393, -0.28871912, -0.8920748, 0.58295256, -0.9018208, 0.68781227, 0.10519664, -0.45213833, -0.47117263, 0.20745751, -0.7640307, 0.83269733, -0.2363864, -0.17628288, -0.33373845, -0.17251511, -0.91994125, 0.6653611, -0.68054986, -0.032725908, -0.11319081, -0.4346435, 0.71375644, -0.464132, -0.9986124, -0.33433798, -0.9126949, 0.10441429, 0.6994246, -0.62456536, 0.16454779, 0.85128146, 0.3073014, -0.35884902, 0.45222935, 0.633566, 0.030121233, 0.9073511, -0.909755, -0.3470557, 0.6322014, 0.17315978, -0.06481903, 0.8256607, 0.53469837, 0.6058717, 0.113179654, 0.6011506, -0.9904246, 0.8738758, 0.58891207, 0.28286815, 0.74275494, -0.9535708, 0.25152528, 0.98008424, -0.61847067, 0.35139322, 0.36562338, 0.775996, 0.7233494, -0.37957564, 0.7543661, 0.62959063, 0.012161121, -0.1949371, 0.012658015, 0.14334008, 0.12698086, 0.0072238394, 0.2495963, 0.59640926, -0.5210931, -0.9569013, 0.7057246, 0.9773064, 0.9889324, 0.15803666, -0.23870586, 0.09503225, 0.4823788, -0.48507342, -0.2728441, -0.1450249, -0.110011086, 0.3945425, -0.72608984, -0.20133737, 0.46552968, 0.09281411, -0.3214329, -0.41192377, -0.081285305, -0.20838356, 0.8043292, -0.6385907, 0.36154905, 0.97161824, 0.13136481, -0.59636956, 0.51035035, 0.5431214, 0.8602726, 0.6376296, 0.6994881, 0.16533983, 0.28015456, 0.06708928, -0.6399636, 0.5412238, 0.92401236, 0.5576418, 0.0028177625, 0.28914464, -0.61645806, 0.9429628, -0.67236054, -0.2542197, -0.068314984, -0.53047544, -0.86739254, -0.62059504, 0.34808844, -0.8151487, 0.064063475, -0.612986, 0.32600895, 0.5837029, 0.5544477, -0.5948953, 0.7263171, -0.20740345, -0.5927514, -0.22566211, -0.65722, -0.93095624, 0.6125971, -0.5363647, 0.37291008, 0.9974044, -0.21228527, 0.34341666, -0.7143365, -0.89044696, -0.24793224, -0.87100595, -0.12827057, 0.22340547, 0.8162789, 0.51415604, -0.77430415, 0.28513303, 0.7740502, 0.6098446, -0.6367171, 0.008794316, 0.61416453, -0.0902063, -0.29986995, -0.47142768, -0.53396004, -0.9572848, 0.93177086, -0.1617192, -0.88414615, -0.71977454, -0.6722786, -0.9616738, 0.7739492, -0.6421379, -0.34451497, 0.20820054, 0.77218497, 0.043849017, 0.23893076, -0.3711603, 0.23276585, 0.4942321, 0.50466555, -0.48247585, 0.46546987, 0.34005156, -0.5462306, 0.31074697, 0.8353356, 0.5430853, -0.8303999, 0.71629196, 0.42458078, -0.5833564, 0.533157, 0.4419111, 0.968951, -0.38432166, 0.9039941, -0.55820674, 0.64429045, 0.6554716, -0.59414107, -0.7240364, -0.64736885, 0.48630983, -0.37717178, -0.79543227, 0.8914442, -0.8256529, 0.4202532, 0.8993002, 0.7914057, -0.87817717, -0.28124243, -0.61063117, -0.08293865, -0.4770042, -0.38920566, 0.9194628, 0.5286605, -0.72643596, 0.58118135, 0.1691642, -0.8706889, -0.7460774, -0.42916626, 0.42367676, -0.7991411, 0.053685773, 0.5361315, 0.297804, 0.41225874, -0.98113203, 0.029449921, 0.7369945, -0.47807625, -0.62529457, 0.59186906, -0.06860175, 0.8056549, -0.32725868, -0.51654726, 0.067065276, 0.18644716, -0.64851874, -0.54059863, 0.6881669, 0.015671425, -0.13362405, 0.58382845, -0.23710284, 0.16548894, -0.22226602, -0.70998704, -0.031899117, -0.6024787, -0.57660085, -0.6449449, -0.46248424, -0.9129976, -0.6915857, 0.993744, 0.03732874, 0.42849872, 0.17929366, -0.9556249, 0.1889472, -0.69905883, -0.48930067, -0.40107507, 0.39299905, -0.22044194, 0.85667604, -0.5251106, -0.38480726, 0.6457328, 0.318417, 0.38253927, 0.37392306, -0.55715036, -0.022476377, -0.5714023, 0.7702375, -0.42829493, -0.07772912, 0.5906815, 0.7434326, 0.9458189, -0.33539888, -0.955031, -0.31951553, 0.80170697, 0.86733705, 0.8407631, -0.90132445, -0.93505406, -0.51419294, -0.639554, -0.7360389, -0.34676453, 0.929712, -0.28854337, 0.14998694, 0.09928535, -0.8411146, -0.27258104, 0.717673, 0.040919755, -0.46069184, -0.18308844, 0.88007855, -0.59606284, -0.41713125, -0.49969336, 0.39982066, 0.69018894, 0.90950227, 0.81566244, 0.7615763, 0.4871553, 0.9281164, -0.9840014, 0.82250583, 0.21963577, -0.6609137, 0.43702108, 0.7290867, 0.15777329, -0.89448786, -0.9866163, -0.22706409, 0.071501635, -0.8950525, 0.97136664, 0.13739267, -0.6746817, -0.35483107, -0.2669689, -0.62319094, -0.96118534, -0.974192, 0.9229406, 0.26726556, -0.58582896, -0.21259798, -0.503865, -0.3504502, 0.692775, 0.079396024, 0.4837002, 0.45468006, -0.6906234, 0.6535775, 0.83890027, 0.47198594, 0.8466515, -0.8493038, 0.91287506, -0.20189379, 0.95207584, -0.44680563, -0.56875724, 0.28993353, -0.22903815, -0.49489272, 0.4781604, 0.82592124, 0.32126597, -0.19050398, -0.46214533, -0.6223951, -0.6979464, 0.81733686, -0.08077098, -0.049145397, -0.26819015, -0.88903236, 0.882387, 0.57212734, -0.09368094, -0.085954204, 0.5344244, -0.78774196, 0.4607191, 0.22483087, -0.798758, 0.14740689, -0.103411175, 0.20213501, 0.7450538, -0.72266614, 0.2846381, 0.5097798, 0.8570891, 0.8557536, -0.16332541, -0.14399111, 0.8944857, -0.58967185, 0.15922739, -0.60797226, 0.9936186, -0.9988008, -0.76278573, -0.37333047, -0.6812883, 0.8142883, -0.18204197, -0.2100055, -0.62872946, 0.509513, -0.5712052, -0.9310369, 0.3058627, -0.66504264, 0.6905685, 0.89295244, -0.6074997, 0.35530847, 0.8549175, 0.4982676, 0.9183359, 0.88833934, 0.055022687, 0.399341, 0.49246198, 0.5882528, 0.64617336, -0.52255285, -0.7550468, 0.80697984, 0.6454101, -0.1868028, 0.5583172, 0.9341799, 0.43118608, 0.6911985, -0.92062885, 0.5406631, -0.47886103, -0.7180945, -0.95697534, 0.07713939, -0.6614847, -0.35045886, -0.0549594, -0.18460928, 0.20693256, -0.7665559, -0.052937366, 0.72167766, -0.5157628, 0.4355319, -0.6790292, -0.035348415, 0.6073122, 0.9555706, -0.4222039, -0.018461157, -0.0032696656, -0.5959333, -0.362956, 0.46710458, -0.29887348, -0.11070107, 0.17064193, 0.4482717, -0.6573232, -0.1813785, -0.103456736, -0.020289233, -0.10120481, -0.12978026, 0.5479541, 0.9924848, 0.7819664, -0.6809575, -0.122641735, -0.56848675, 0.36278516, 0.6268578, -0.2823672, 0.45033184, 0.3841668, -0.6147885, -0.36585224, 0.5532924, -0.9406588, -0.22807713, 0.9477231, -0.14588346, -0.7920924, -0.8438925, -0.02492554, -0.14704777, 0.7479561, -0.14478415, 0.50128084, 0.26223686, 0.8032111, -0.38739052, 0.8946471, 0.68621933, -0.34681913, -0.84266657, -0.2846629, 0.6140827, -0.0011583369, 0.78709066, -0.6301129, 0.03481126, 0.665252, -0.62208724, 0.7919418, 0.09912802, -0.1052408, 0.72409713, -0.4653015, -0.39869237, 0.35334492, -0.7627517, -0.66215026, -0.99814284, -0.83619696, 0.6128854, 0.2446811, -0.891963, -0.5524412, -0.2984534, 0.085193165, -0.5297116, -0.686475, 0.12895928, -0.6914001, -0.7483227, -0.03724073, 0.3958199, 0.99940366, 0.50595593, -0.26715496, 0.5832075, 0.92585343, 0.4583493, -0.57593817, -0.23309362, -0.40370488, 0.27989122, -0.87093216, 0.6989396, 0.7213504, 0.10735846, 0.53367525, -0.51337, -0.64586115, -0.47712868, -0.86033523, 0.9074641, -0.369668, 0.048864573, 0.6339418, 0.9170873, 0.72426116, 0.22177358, -0.40771237, -0.3400247, 0.18412504, -0.58355296, 0.18338832, -0.30768088, -0.488643, 0.14978157, -0.9661474, 0.055962734, -0.53201354, -0.3076883, 0.0900023, 0.45294362, 0.16705377, 0.3237471, -0.56433976, -0.5726294, -0.79907566, -0.7953494, 0.8279863, 0.78927743, 0.1255007, 0.8602156, -0.8452828, -0.49473187, -0.6162991, -0.8943991, -0.97868836, 0.56957537, 0.24957013, -0.01833779, 0.91776544, 0.17169902, -0.36558977, 0.043178268, 0.27233446, -0.7340479, -0.69214356, -0.87969285, -0.8300986, 0.2239079, -0.3665808, -0.92263794, -0.35796684, -0.6886747, 0.8411209, -0.7902908, -0.74812126, 0.02160262, -0.72533906, -0.30135974, 0.4110364, -0.36915222, -0.942319, -0.60024256, 0.77372277, 0.34943068, -0.9675876, 0.36866373, -0.41549814, 0.2984441, -0.6745328, 0.69801384, -0.7911409, 0.067411765, -0.8464126, -0.0903372, -0.90302503, -0.21511577, -0.35502812, 0.6939806, 0.43517432, -0.64336926, -0.89586824, -0.31296703, -0.0648602, 0.19803207, 0.8272188, 0.7053022, -0.9977714, 0.11016815, 0.51616, 0.6988638, -0.6203865, -0.6554287, -0.1591731, 0.27843258, -0.8449561, 0.67773056, 0.45636174, -0.42172912, -0.36179498, -0.18106544, -0.47295913, -0.3150679, 0.9320125, 0.5760754, -0.7032126, -0.3361453, 0.19537108, -0.6421557, 0.0223178, -0.36331663, 0.40226316, -0.53675467, -0.8016813, 0.9615829, -0.5412446, 0.21249697, -0.9269851, -0.039069925, 0.873849, 0.08660009, 0.5145929, 0.046927374, 0.08930524, -0.4698946, -0.6035861, 0.33706683, -0.94960666, -0.019438926, 0.2920781, 0.85814077, 0.9720495, -0.6460221, 0.3883211, -0.032645226, 0.78367573, 0.30057427, -0.39426672, 0.7931444, -0.94964164, -0.24989729, -0.5103929, -0.15988834, -0.09287933, 0.29314652, -0.03519332, 0.34737912, 0.8988265, -0.22503352, -0.5464156, -0.7094986, -0.09399349, 0.44873264, 0.98414755, 0.40707296, 0.74836624, -0.4824343, -0.81918114, 0.6410988, -0.031697914, -0.14549994, 0.1247036, 0.6126193, -0.46546432, 0.44711676, 0.67499715, -0.16457716, -0.048588563, 0.92794883, -0.6440028, -0.5751381, 0.937165, 0.62333024, -0.41976613, 0.2789048, 0.24475971, -0.5733582, 0.18935527, 0.20342582, -0.48182237, -0.74126625, 0.36159706, -0.8888691, -0.117743574, 0.83162636, 0.13527507, 0.85190773, -0.4614113, -0.43076292, -0.07424182, -0.14771955, -0.73188275, -0.16581193, 0.2604904, -0.2567906, 0.22492118, -0.7683648, -0.03756649, 0.6637927, -0.5893689, -0.2180298, 0.10365726, -0.8987379, 0.5087739, -0.82637024, -0.16793326, 0.29508108, -0.57648456, 0.44427812, 0.22967573, 0.53729314, -0.13397448, -0.54288137, -0.57033056, 0.37655482, 0.8037183, -0.46709284, 0.031892765, 0.9031562, 0.9821682, -0.5121401, 0.875523, 0.023251042, -0.74553156, -0.16854435, 0.27550745, 0.8219411, -0.51541996, -0.39472786, -0.58082205, -0.091852136, 0.32391965, -0.17068727, 0.026793752, 0.4132066, -0.5150746, -0.7039524, -0.9843658, -0.5789009, 0.10180093, -0.057241645, 0.71756184, 0.82381713, 0.82983303, -0.4361362, 0.8320139, 0.88725924, -0.981726, -0.04012086, -0.021790504, 0.15504222, -0.70657504, -0.75652474, 0.72691834, -0.8686368, 0.94403714, -0.96682656, -0.21047273, -0.032831874, -0.29193076, -0.70834285, -0.10531832, -0.53463763, 0.12584378, 0.52518386, 0.684639, 0.5621433, -0.19480112, 0.2407269, -0.5668455, -0.77070713, 0.31456187, -0.101541445, 0.59976524, 0.36792758, 0.50254107, -0.111189075, -0.8618952, -0.008443452, 0.2703125, -0.6658117, 0.5506235, 0.25904465, 0.30517262, 0.4764343, -0.46048906, 0.20332576, 0.71190274, 0.62811714, -0.56438434, 0.92999434, -0.8195804, 0.7030481, 0.45217347, -0.36617818, 0.06576448, 0.5073843, 0.20739773, -0.7279889, 0.5947479, 0.7183421, -0.7173009, -0.079568364, 0.28460526, 0.014771218, 0.684487, 0.1457124, 0.18137768, -0.026899854, -0.42739585, -0.24536079, 0.11832736, 0.7320629, -0.34811255, 0.15377867, -0.15794118, -0.30757624, -0.6648535, -0.18159878, 0.20455132, -0.020953745, 0.13670562, -0.8238061, -0.3938743, 0.353386, -0.71330696, -0.25061592, -0.8227003, -0.35421738, 0.21542148, 0.95826435, -0.91533947, 0.9098446, -0.18122181, 0.2900986, 0.62054706, 0.2575423, 0.4383028, -0.45575523, -0.24856599, 0.5864303, 0.24996288, -0.5159479, -0.4679453, -0.7462463, 0.056208797, -0.36061963, -0.29950473, -0.593526, -0.8944225, -0.38821307, -0.20949267, 0.8072994, -0.02441172, 0.41053775, 0.38540062, -0.60245484, 0.010154936, 0.7068203, 0.044004317, 0.658588, 0.626159, -0.38191786, 0.6553535, -0.5609926, -0.08409485, 0.9246558, 0.9564449, -0.15885219, -0.60364556, -0.56739575, -0.55296546, 0.93115044, 0.98886335, 0.57209265, 0.41771406, 0.16642141, -0.58988315, -0.2841925, 0.676156, -0.65156883, 0.5589823, 0.7324801, 0.57875127, 0.44435954, -0.93430567, 0.3694822, -0.2379466, -0.20496643, 0.53436047, 0.58385736, -0.40203127, 0.6133003, 0.82355297, 0.0028993215, 0.12798385, 0.37393332, -0.6113332, 0.16679892, -0.6404152, -0.9451694, -0.7357764]","[-7.0, 4.0, 4.0, -2.0, -1.0, 4.0, -1.0, 2.0, -2.0, -3.0, -2.0, -1.0, 4.0, -2.0, 4.0, -2.0, -2.0, -3.0, -7.0, -1.0, -8.0, -2.0, -2.0, -7.0, 5.0, 10.0, -7.0, -8.0, 3.0, -7.0, -14.0, 4.0, -2.0, 4.0, 5.0, 3.0, 4.0, -6.0, -7.0, -7.0, 0.0, 5.0, -1.0, -4.0, 1.0, 5.0, 3.0, -7.0, -3.0, -2.0, 5.0, 3.0, 5.0, -1.0, 1.0, 1.0, -1.0, -2.0, 0.0, 4.0, 3.0, 4.0, -2.0, 0.0, 3.0, 4.0, -7.0, -3.0, -2.0, 5.0, 5.0, 2.0, -1.0, 4.0, -6.0, 3.0, 4.0, -3.0, -1.0, 6.0, -2.0, -6.0, -1.0, -7.0, 6.0, 10.0, -1.0, -1.0, 0.0, 4.0, -1.0, 6.0, -1.0, 10.0, -2.0, 4.0, 4.0, -3.0, -6.0, -4.0, -1.0, -1.0, 1.0, -1.0, -8.0, 5.0, 1.0, 3.0, 5.0, -3.0, -2.0, -7.0, -7.0, -2.0, 4.0, -8.0, 5.0, -7.0, 5.0, -3.0, 5.0, 5.0, 0.0, 4.0, -2.0, 3.0, -1.0, 4.0, 3.0, -2.0, 5.0, -1.0, -4.0, -7.0, -2.0, -8.0, -1.0, -8.0, 3.0, 4.0, 4.0, 5.0, -2.0, 4.0, 5.0, 4.0, -8.0, 0.0, -7.0, 4.0, -10.0, 5.0, -3.0, 0.0, -2.0, -7.0, 4.0, 4.0, 4.0, -1.0, -3.0, 4.0, 5.0, 3.0, -13.0, -1.0, -7.0, 4.0, -9.0, -5.0, 3.0, -1.0, 5.0, 3.0, 1.0, -2.0, -2.0, -2.0, -3.0, 0.0, 3.0, -2.0, -2.0, -5.0, -2.0, -2.0, 5.0, -6.0, 2.0, 10.0, -3.0, -2.0, 4.0, -4.0, -2.0, 0.0, -2.0, -8.0, -2.0, -2.0, -8.0, -2.0, -2.0, 5.0, -1.0, 5.0, -1.0, -3.0, -1.0, -1.0, 5.0, 4.0, -2.0, 4.0, 1.0, -8.0, 4.0, 4.0, -2.0, -3.0, 4.0, -7.0, -3.0, -7.0, 8.0, 5.0, 4.0, -3.0, 0.0, 4.0, -7.0, 0.0, 5.0, -2.0, 0.0, 4.0, 4.0, 4.0, -1.0, 3.0, 1.0, -1.0, -6.0, 3.0, 2.0, 0.0, 4.0, -5.0, -2.0, 6.0, -2.0, -5.0, -2.0, -1.0, -2.0, -4.0, -1.0, -4.0, -2.0, -2.0, -2.0, 5.0, -7.0, -2.0, 4.0, -1.0, -7.0, 1.0, -7.0, 5.0, 4.0, -1.0, -1.0, -6.0, 6.0, -1.0, 5.0, -2.0, -4.0, -7.0, 4.0, -1.0, 0.0, -1.0, -1.0, 12.0, 0.0, -1.0, 4.0, 4.0, -1.0, -2.0, -8.0, -2.0, -2.0, -1.0, -7.0, -1.0, -3.0, -2.0, 4.0, 3.0, 4.0, -1.0, -1.0, 0.0, -3.0, 4.0, 0.0, -2.0, 3.0, 3.0, -6.0, -1.0, -2.0, 0.0, 1.0, -1.0, 5.0, 4.0, -1.0, -8.0, -1.0, 3.0, 6.0, 1.0, -7.0, 4.0, 5.0, 2.0, 0.0, 0.0, 4.0, 10.0, -2.0, -2.0, -8.0, -2.0, 4.0, 12.0, -1.0, 5.0, -4.0, -7.0, -7.0, 0.0, -1.0, -1.0, -2.0, -1.0, -3.0, -1.0, -1.0, 4.0, 5.0, 5.0, -2.0, -7.0, 3.0, -1.0, -7.0, -1.0, 4.0, -7.0, 6.0, -1.0, 4.0, 10.0, 4.0, -7.0, -1.0, 13.0, 4.0, 9.0, 0.0, 4.0, -3.0, 4.0, 5.0, 4.0, 4.0, 4.0, -2.0, 5.0, -1.0, 4.0, 3.0, 5.0, 5.0, 3.0, 0.0, 5.0, -2.0, 11.0, 5.0, 11.0, -2.0, -2.0, 5.0, 10.0, -3.0, 5.0, 10.0, -1.0, 3.0, -1.0, -7.0, 5.0, -2.0, 4.0, -2.0, 3.0, 3.0, 1.0, -8.0, -2.0, -10.0, 5.0, 0.0, -3.0, -8.0, 1.0, 8.0, -6.0, 6.0, 3.0, -7.0, -7.0, -2.0, -1.0, -1.0, -1.0, -2.0, -2.0, -2.0, -2.0, -14.0, -7.0, -1.0, -7.0, -1.0, -8.0, 4.0, -2.0, 5.0, -2.0, 5.0, -2.0, 5.0, 4.0, -1.0, -2.0, 4.0, 4.0, 5.0, 4.0, 3.0, -1.0, 4.0, 2.0, 4.0, -2.0, -2.0, -1.0, 9.0, -1.0, -1.0, -8.0, 0.0, 5.0, 2.0, 4.0, -1.0, 5.0, -1.0, 5.0, -8.0, -1.0, -2.0, -1.0, -2.0, -2.0, -10.0, 5.0, -5.0, -1.0, 5.0, 11.0, -1.0, 0.0, -5.0, -2.0, -2.0, 2.0, -2.0, -2.0, -2.0, -8.0, 0.0, -2.0, -7.0, 4.0, -7.0, -1.0, -3.0, -5.0, 4.0, 2.0, -1.0, -2.0, 4.0, 5.0, -4.0, 4.0, -1.0, -1.0, -1.0, 3.0, 9.0, -7.0, 4.0, -2.0, -3.0, -2.0, -2.0, 5.0, 4.0, 4.0, -5.0, -1.0, -1.0, 3.0, -3.0, -1.0, -7.0, 0.0, -1.0, 4.0, 3.0, -5.0, 5.0, 4.0, -1.0, -1.0, 4.0, -3.0, -1.0, -1.0, -2.0, -2.0, 5.0, 5.0, -2.0, 1.0, -7.0, 5.0, 4.0, -2.0, -1.0, 3.0, -1.0, -7.0, -5.0, -2.0, -1.0, -1.0, 5.0, -1.0, 0.0, 4.0, -3.0, -7.0, -2.0, -1.0, -1.0, -2.0, 3.0, -3.0, -2.0, 1.0, 1.0, -3.0, 0.0, -1.0, -8.0, 4.0, 3.0, 1.0, -1.0, -2.0, -7.0, -2.0, -1.0, 3.0, -1.0, -1.0, 5.0, -3.0, 4.0, 0.0, -2.0, -7.0, -7.0, 3.0, 5.0, -1.0, 11.0, 4.0, -1.0, 4.0, -2.0, 0.0, 10.0, 0.0, -7.0, -2.0, -8.0, -2.0, 7.0, -1.0, -1.0, 4.0, 6.0, 5.0, 4.0, 2.0, -1.0, -2.0, 10.0, -4.0, -1.0, -2.0, 4.0, -1.0, -1.0, 0.0, 5.0, -1.0, 2.0, -1.0, -2.0, -1.0, -6.0, 2.0, -1.0, -2.0, 1.0, -2.0, 3.0, -2.0, -2.0, 6.0, -2.0, -2.0, 1.0, -2.0, -2.0, -6.0, 4.0, 1.0, 5.0, -3.0, -3.0, 5.0, 4.0, -6.0, -2.0, -1.0, -1.0, 0.0, -1.0, -3.0, 3.0, 3.0, 1.0, 0.0, 5.0, 1.0, -1.0, -1.0, -2.0, -1.0, 5.0, -3.0, 5.0, -1.0, -12.0, -2.0, -1.0, -1.0, -5.0, -7.0, -1.0, -2.0, -3.0, 6.0, 8.0, -3.0, 0.0, 4.0, 3.0, 5.0, -1.0, 3.0, 4.0, -1.0, 4.0, -1.0, 5.0, -15.0, -7.0, -1.0, -2.0, 1.0, -7.0, 5.0, -1.0, 1.0, -2.0, 6.0, 0.0, -4.0, -1.0, -2.0, 2.0, -2.0, 0.0, -6.0, -8.0, -2.0, 4.0, 4.0, -2.0, 1.0, 1.0, -5.0, 4.0, -1.0, -3.0, 10.0, -2.0, 5.0, 3.0, -1.0, 3.0, 5.0, 4.0, -2.0, -3.0, 4.0, 4.0, -1.0, 3.0, 10.0, -1.0, 2.0, -2.0, 4.0, -2.0, 5.0, -6.0, 5.0, -1.0, -5.0, 4.0, 0.0, 5.0, 0.0, -2.0, -2.0, -8.0, -2.0, -1.0, 5.0, -1.0, 5.0, -2.0, -1.0, -2.0, -2.0, -2.0, -2.0, 10.0, 4.0, 3.0, 3.0, 4.0, 10.0, 4.0, 4.0, -2.0, 0.0, -2.0, -13.0, 4.0, -1.0, 9.0, -2.0, 4.0, 3.0, 4.0, -2.0, -2.0, 5.0, -3.0, -7.0, -2.0, -2.0, -2.0, -7.0, -1.0, -2.0, 0.0, 10.0, 9.0, -1.0, 4.0, -2.0, -2.0, -7.0, 5.0, 11.0, 4.0, 5.0, -1.0, -8.0, 4.0, -2.0, -5.0, 4.0, -1.0, -7.0, -1.0, 4.0, 0.0, -1.0, -1.0, -8.0, -2.0, -1.0, 5.0, 4.0, -9.0, -4.0, -1.0, -14.0, 2.0, -12.0, -2.0, -7.0, 6.0, -1.0, 5.0, -8.0, -7.0, -1.0, -2.0, -4.0, 3.0, -2.0, -7.0, 0.0, 4.0, 5.0, 5.0, 9.0, 5.0, 2.0, -2.0, -1.0, 7.0, -1.0, 3.0, -1.0, 4.0, 4.0, -1.0, -2.0, 5.0, 4.0, -2.0, -2.0, -1.0, 4.0, -1.0, 0.0, -4.0, 3.0, -8.0, 4.0, -5.0, -1.0, -7.0, -2.0, -7.0, -1.0, 3.0, 5.0, -2.0, 5.0, -9.0, 5.0, -2.0, 0.0, -1.0, -5.0, -1.0, -1.0, -14.0, 0.0, 5.0, 11.0, -2.0, 5.0, 5.0, 4.0, 4.0, -1.0, -1.0, 4.0, -2.0, -1.0, -5.0, 4.0, 5.0, 4.0, 2.0, -7.0, -2.0, -2.0, 5.0, 6.0, -1.0, 4.0, 0.0, 5.0, 5.0, -7.0, -6.0, 6.0, 3.0, -7.0, -7.0, -3.0, -7.0, -1.0, 5.0, -6.0, -13.0, 10.0, -1.0, 6.0, 10.0, -1.0, 3.0, -2.0, 0.0, 1.0, -2.0, -3.0, -2.0, 5.0, 5.0, -3.0, -2.0, -6.0, 15.0, 5.0, 3.0, -4.0, 5.0, 0.0, -1.0, 5.0, -2.0, 4.0, -1.0, 5.0, 4.0, -1.0, 4.0, -1.0, 11.0, -2.0, -8.0, -1.0, 8.0, 5.0, 9.0, 2.0, -6.0, 4.0, 3.0, -8.0, -1.0, 11.0, -2.0, -2.0, -20.0, -2.0]",8.192839107609505,0.0032947063446044,0.0,0.0,0
21,21,"[-0.45813742, -0.56618446, 0.123146184, -0.7864684, 0.8942637, -0.8078492, -0.48691508, -0.5740508, 0.58183616, -0.70501375, 0.19491148, 0.066730104, 0.5412279, -0.84455574, 0.9001001, -0.048687663, -0.72746193, 0.49813092, -0.38398623, 0.53710806, 0.16919664, -0.19064026, 0.42343366, 0.012695628, 0.13443968, 0.21425673, -0.8906437, 0.72383684, 0.90055156, 0.8374845, -0.65445775, -0.90993947, 0.3210189, 0.08614285, 0.14259736, -0.20691362, -0.78350824, 0.3581197, -0.18864979, -0.003086393, 0.77475864, 0.2748297, -0.97521037, 0.8630701, -0.47838673, -0.33841226, 0.17096564, -0.4863579, -0.40882698, -0.38181585, 0.6527066, -0.22852844, 0.5471644, -0.1619054, 0.7414388, 0.065592304, 0.6384149, 0.23499566, -0.26828215, -0.19036247, 0.29080373, 0.8477877, 0.30220935, -0.41489783, 0.35887516, 0.43023437, 0.49432734, -0.6022415, -0.9148547, 0.0030975635, -0.8814675, 0.70263857, -0.15363757, -0.36086145, -0.885563, 0.9360243, 0.33907226, 0.3603205, -0.6272326, -0.53005487, 0.3895034, -0.7788306, 0.9264259, -0.29375768, -0.8816683, -0.83256197, 0.90400755, 0.62257767, 0.23441094, 0.027497705, 0.36522797, 0.2580145, 0.64586, -0.59062874, 0.16360722, 0.17835678, 0.5763161, -0.27791607, -0.2809082, -0.7555235, -0.18849227, -0.04427565, -0.12687078, 0.61117035, -0.5338463, -0.6423019, 0.4505958, 0.28897244, -0.8357135, -0.42042285, -0.4293564, 0.077937685, -0.70196706, 0.5191875, 0.9105165, -0.6526187, 0.52842635, -0.48498818, -0.4816076, 0.7235386, -0.2883489, 0.2530104, 0.8911, 0.1113567, 0.29048657, 0.953941, -0.09211107, -0.8474475, -0.6820701, -0.9632261, -0.46812004, -0.6250643, -0.8685555, -0.80435556, -0.3173943, -0.6765213, -0.99358904, 0.78025556, 0.08003776, -0.16029501, -0.39656332, 0.4757263, 0.908955, 0.38430312, -0.17347935, 0.83568615, -0.11960137, -0.5759298, 0.8547352, -0.6242695, -0.4273378, -0.13591027, 0.09457318, 0.71970004, -0.85361123, 0.1850249, 0.4338192, -0.10315437, -0.7053372, 0.5312808, 0.5636063, -0.83338046, 0.51355904, -0.19570754, 0.21793967, -0.12191016, 0.24433875, -0.77251136, 0.812183, 0.18277183, -0.92732835, 0.5096065, -0.63506156, 0.7550815, 0.7770374, -0.024361376, 0.0887407, -0.70164067, 0.8368405, -0.076644376, 0.4281809, 0.8659748, 0.38160136, 0.05416477, -0.7093147, -0.18478283, -0.5166533, 0.3398146, 0.30509523, 0.2450152, 0.53347784, 0.34890527, 0.4260286, -0.99272674, 0.9105381, 0.19801502, -0.48176563, 0.5647859, -0.9175215, -0.22099087, -0.92524153, 0.06479649, -0.34956166, -0.46788102, 0.5714178, 0.9384805, -0.58765775, 0.121996395, -0.9399668, -0.80431515, -0.22756022, -0.8579097, -0.6443169, 0.5172264, -0.15481162, -0.42459074, 0.64874524, -0.73800594, -0.4407175, -0.07302079, 0.3807156, -0.61061424, 0.98399407, -0.6367578, -0.3542556, -0.6373655, -0.44930425, 0.7558975, -0.4988569, -0.80060035, 0.4232163, -0.25584868, 0.7496786, 0.6796021, -0.3939137, 0.9052236, -0.7151429, -0.32359588, 0.8539436, -0.9380158, -0.33573276, 0.46462646, -0.7911255, -0.8353551, -0.7767912, 0.53764415, 0.59449714, -0.1276462, 0.24651259, 0.112430654, 0.5317969, 0.616484, 0.11146619, 0.68940884, -0.7029133, -0.61423004, -0.8246789, 0.043903403, -0.7261433, -0.37333575, 0.3775417, 0.018182892, 0.5055818, -0.41098753, -0.15347189, 0.60800076, 0.85740995, 0.8691327, 0.6104539, -0.81927735, -0.6547262, -0.48465446, 0.4544676, 0.33253047, 0.93851, -0.009799016, 0.437036, -0.9767854, -0.17561601, 0.897183, -0.42046356, -0.41059905, -0.66801, -0.008155423, -0.32556742, -0.1799964, -0.5063775, -0.46885395, -0.77390987, -0.9671981, 0.78718, 0.97784895, -0.7288544, -0.18509254, 0.38031125, 0.09113195, -0.27939463, -0.5690904, -0.684172, 0.662795, -0.23422645, 0.39900258, -0.3515564, -0.46653074, -0.3193044, -0.63616484, -0.57682467, -0.5673619, 0.08224373, 0.73169565, 0.20614308, 0.5728383, -0.6402617, 0.74124074, -0.60061854, -0.87597466, 0.82600415, 0.47082338, -0.05385419, -0.36085793, -0.011433734, 0.1020407, -0.9976768, -0.6033011, 0.86613965, 0.3992693, -0.047360398, -0.93788064, -0.16698554, 0.9357157, 0.8383158, -0.9301937, 0.19664817, 0.606436, 0.68558514, 0.95600146, -0.40955064, -0.82688236, -0.89343584, -0.8765548, -0.640331, -0.8681586, 0.39158562, -0.7445946, -0.13648199, -0.67527026, 0.10156204, 0.104783036, 0.25602582, 0.33983248, -0.12725577, -0.75918764, -0.30131522, 0.04659382, -0.5142371, 0.4868973, -0.70843464, 0.20430411, -0.48215902, 0.8210702, -0.17864099, 0.37298232, 0.49873602, -0.031493906, -0.71075755, 0.95156187, 0.29082942, 0.07148458, -0.30140886, 0.16067138, 0.5307066, -0.87392336, 0.2284991, -0.846804, -0.9344108, -0.49091262, -0.58054787, -0.015813222, 0.2169982, -0.9551011, 0.38340342, -0.82997847, 0.51460004, 0.2862904, -0.5156263, -0.6374371, 0.65387094, -0.68075174, 0.86645955, -0.049050234, 0.6650138, 0.8229046, -0.35122162, 0.40427136, -0.44072425, 0.4705511, -0.0048042084, -0.9166411, 0.39050132, 0.28878072, -0.88207865, -0.6742988, -0.0041472795, 0.3147964, -0.3376022, 0.60881096, 0.02741183, 0.64610994, -0.5902045, 0.52005637, 0.6798374, -0.13939968, -0.47135505, 0.69498104, -0.05365951, -0.57253945, -0.20584802, -0.55804485, 0.017640058, 0.66451496, 0.61468816, 0.9830192, -0.34973237, -0.42047662, -0.2745498, 0.72972393, -0.667733, -0.67014915, 0.21247365, -0.13876809, -0.6247072, -0.083686866, -0.5174636, 0.18769634, -0.7448883, 0.04014463, 0.8175625, 0.7512964, -0.5305445, 0.28548694, -0.2928639, -0.5166609, 0.67386824, -0.80589753, -0.647593, -0.07198127, 0.37208962, -0.77624214, -0.75509137, -0.16862653, -0.9264404, 0.81486017, -0.6541322, -0.75270957, 0.93720704, 0.37288335, -0.20519073, -0.96028095, 0.27621484, 0.059545137, -0.10758737, -0.8973423, -0.75996387, -0.017816667, -0.9459651, -0.05056774, -0.8126653, 0.604725, 0.8659418, -0.67126566, -0.70618695, 0.04678095, -0.7623514, -0.7822138, 0.5514577, 0.28656396, 0.1498454, -0.7461178, -0.68276507, -0.8094519, 0.37140873, 0.92895955, -0.65857613, -0.9992637, -0.45676082, -0.8849941, -0.28574443, 0.049928732, 0.66126484, -0.99156225, 0.96485287, -0.41659427, -0.52341676, 0.5758519, -0.71662456, 0.97385067, 0.6302247, -0.9113871, 0.45433134, -0.84239423, -0.6397989, 0.036677256, 0.056979317, 0.30458462, -0.8705101, 0.658394, 0.2505371, -0.8888031, 0.27538267, 0.39903122, 0.23385799, 0.8455918, 0.89193374, 0.8739111, 0.39374876, 0.741791, -0.37654185, 0.2591751, 0.57266796, -0.9868031, 0.9878029, -0.22036493, 0.775138, -0.60412544, 0.75460255, 0.66325957, 0.924933, 0.7609802, 0.45544067, 0.20903218, -0.8102164, 0.51653427, 0.12363966, -0.9329123, 0.06483713, -0.4057682, -0.70809096, -0.9654243, -0.21281202, -0.66066736, 0.4924233, -0.2716368, 0.45731318, 0.6647073, 0.49755466, 0.32516727, 0.28538638, 0.6290868, -0.600555, 0.14314374, -0.5904294, -0.6902658, 0.49519566, 0.33870098, -0.7303976, 0.070763975, 0.02471415, 0.055489995, -0.41617543, -0.058841698, -0.058724437, -0.73675793, 0.8869377, 0.18721756, 0.72033817, 0.06260375, 0.45106888, 0.4072277, 0.34573388, -0.8973198, -0.3807011, -0.17641406, -0.8704492, 0.23090331, 0.57394016, -0.1506281, -0.5997379, 0.20940433, 0.6597044, -0.2571209, 0.13878116, -0.07284841, 0.2840306, 0.15159582, 0.6617832, 0.79378694, 0.2040984, 0.83351326, -0.3059787, 0.14096211, 0.01642628, 0.39239466, 0.19973359, 0.12084433, -0.21086054, 0.76575553, 0.5312688, -0.7587972, -0.74452746, -0.53300166, -0.4883382, 0.36866695, 0.99699885, -0.07903619, 0.581838, -0.8521555, -0.9258748, -0.8700409, 0.0047440524, 0.42237887, 0.79032505, -0.39480102, -0.47240856, -0.5789764, -0.8123195, -0.7921483, 0.93180376, 0.92146456, 0.5565832, 0.7468778, 0.5315345, 0.8849764, -0.39981067, 0.14209844, -0.16827957, -0.77728105, -0.43446648, -0.57155347, -0.95385736, -0.36126113, -0.6013051, -0.35709235, 0.5896244, -0.13127904, -0.05922995, 0.54260194, -0.34998444, -0.40797964, 0.52951, -0.99241555, 0.6035167, 0.4405329, -0.00859979, -0.4927432, 0.097855344, -0.24130532, 0.9220844, -0.63256246, 0.852238, 0.8461337, -0.9494047, -0.30940872, 0.84939224, 0.33173263, 0.22413327, 0.8693944, -0.300166, 0.41923785, -0.8845638, -0.31563294, -0.40756473, 0.68243515, -0.5841384, -0.51860696, -0.5922553, -0.1690504, 0.23638234, -0.16064614, -0.69589305, 0.79888177, 0.50318605, 0.7598092, 0.53752255, -0.89441085, 0.8870716, 0.3831594, -0.58746994, 0.9187324, -0.4456976, -0.71424544, -0.47570047, -0.92045, -0.18765946, -0.7166793, -0.5748278, 0.41741702, -0.22762397, -0.36303154, -0.64786386, 0.50343716, -0.9322122, 0.72816306, 0.75349265, -0.20342739, -0.37237334, -0.9237476, -0.0885931, 0.07625491, -0.20678827, 0.75126255, -0.5296933, 0.83372754, 0.19346432, -0.9087815, -0.023310967, -0.11074294, -0.86083597, 0.8373513, -0.72455794, 0.1108339, 0.6782426, 0.55686635, -0.8049621, -0.07966999, -0.39334574, -0.46828446, 0.9548603, -0.5600691, -0.030942146, 0.20731041, 0.42983466, 0.4288496, -0.43137833, -0.3883649, -0.26336932, 0.97812617, 0.34648824, -0.90428245, 0.91451645, 0.9295462, -0.7066944, -0.83247507, -0.61884147, 0.10256081, -0.38785496, 0.4848868, -0.8755735, 0.6575615, -0.4177013, -0.4399635, 0.078101605, -0.27679992, 0.020568045, -0.5783856, 0.061172493, 0.8483152, -0.29480508, -0.15720093, 0.6705566, -0.26610586, -0.42197794, -0.77452683, 0.41029826, 0.8495032, -0.19365397, -0.5991174, 0.09711313, -0.43709803, -0.90836763, -0.7303146, -0.506361, 0.5095033, -0.8669701, 0.5602026, -0.8074076, -0.9651418, 0.37989333, 0.040501893, -0.9514571, 0.66041094, -0.13485782, -0.7952631, 0.6433315, -0.27377284, 0.9895085, 0.22998154, 0.02808594, -0.48324135, -0.1301805, 0.16311257, -0.6822033, -0.8854318, 0.09898738, -0.020990418, -0.8902255, 0.41416857, -0.46893468, 0.69386375, 0.45468375, 0.7501576, -0.13239811, -0.7634792, 0.14422545, 0.41920906, 0.7776072, -0.47413197, -0.7659585, -0.014995741, -0.57183397, 0.81573856, 0.78029853, -0.80045015, 0.9609743, -0.10523301, 0.06343364, -0.27441862, -0.9605391, 0.6878389, 0.1795077, -0.961731, -0.23367082, -0.7619961, 0.23768316, 0.26122794, 0.9246199, 0.06738405, 0.32972157, 0.9648114, 0.58249855, 0.57699233, 0.91907126, 0.1399086, 0.3400336, 0.124578886, 0.62103283, 0.25175598, -0.9321872, -0.5762178, -0.048566733, 0.18347213, 0.37167174, -0.9082174, -0.6083345, -0.2258233, -0.55191445, -0.5691369, 0.05127157, 0.6196213, 0.77159476, 0.79702467, -0.2702985, -0.08727679, 0.25343567, -0.13746047, 0.9518691, -0.8783415, -0.0045022974, -0.61900014, -0.35650906, 0.43910155, 0.8652055, 0.32810116, 0.37558946, 0.8407035, 0.56557107, -0.8579252, 0.4052832, -0.6251992, -0.26242498, -0.4424376, -0.5334861, -0.27954197, -0.5959074, -0.6038508, -0.055743776, -0.29315856, -0.3004073, -0.80347526, -0.16176204, 0.9502282, 0.6451637, 0.729621, 0.29465672, 0.12096789, -0.04578876, 0.36896044, -0.28500178, 0.007023611, -0.97444314, -0.6484758, -0.72510904, 0.7453485, -0.21005766, -0.8344214, 0.92308754, 0.29194656, 0.6878208, 0.20058689, 0.48760134, -0.19610567, -0.4406594, -0.75863165, -0.18663844, -0.0052023106, 0.39339384, 0.3015131, 0.36650342, -0.18018226, -0.023233565, 0.9443636, -0.09280213, 0.7954715, -0.8313733, -0.32090446, 0.5844657, 0.988792, -0.30178317, -0.6967386, 0.570868, -0.5024075, 0.8630698, 0.15439653, 0.9676454, 0.7921677, -0.6897603, 0.9022627, 0.4338074, 0.84351295, -0.20071095, 0.85868156, 0.04417202, -0.19125782, -0.12886985, 0.83437747, 0.2833194, 0.6830835, 0.2708105, 0.33553195, 0.13337104, -0.95093584, 0.6010895, 0.43330812, 0.27399775, 0.8930802, -0.24139102, -0.7002228, -0.8536973, -0.3160886, 0.45485526, -0.34967965, 0.5034649, 0.16734722, 0.89987904, -0.7964361, -0.91273415, 0.9717912, 0.15451044, -0.20325993, -0.8567518, -0.64976966, 0.60257226, 0.49564603, 0.9176951, 0.34192932, -0.32818952, 0.9724869, 0.17947361, -0.71639013, -0.16442926, 0.39850733, -0.009652898, -0.9044506, -0.6497535, 0.795082, -0.38107255, 0.6846436, 0.0018358574, 0.16193461, 0.23283666, -0.21062061, -0.9785985, -0.06541601, 0.2947537, 0.965748, -0.74814075, -0.85256636, -0.17798524, 0.9345179, 0.19851841, -0.24361336, -0.18822135, 0.3254325, 0.9868648, 0.21086557, -0.61225796, 0.46321929, -0.15605772, -0.62736773, 0.20093855, 0.29745013, 0.54586744, -0.18244031, 0.9747891, 0.3570209, -0.11015242, -0.9689738, 0.43398207, -0.05027266, -0.7532608, 0.015695784]","[-7.0, 4.0, 4.0, -2.0, -1.0, 4.0, -1.0, 2.0, -2.0, -3.0, -2.0, -1.0, 4.0, -2.0, 4.0, -2.0, -2.0, -3.0, -7.0, -1.0, -8.0, -2.0, -2.0, -7.0, 5.0, 10.0, -7.0, -8.0, 3.0, -7.0, -14.0, 4.0, -2.0, 4.0, 5.0, 3.0, 4.0, -6.0, -7.0, -7.0, 0.0, 5.0, -1.0, -4.0, 1.0, 5.0, 3.0, -7.0, -3.0, -2.0, 5.0, 3.0, 5.0, -1.0, 1.0, 1.0, -1.0, -2.0, 0.0, 4.0, 3.0, 4.0, -2.0, 0.0, 3.0, 4.0, -7.0, -3.0, -2.0, 5.0, 5.0, 2.0, -1.0, 4.0, -6.0, 3.0, 4.0, -3.0, -1.0, 6.0, -2.0, -6.0, -1.0, -7.0, 6.0, 10.0, -1.0, -1.0, 0.0, 4.0, -1.0, 6.0, -1.0, 10.0, -2.0, 4.0, 4.0, -3.0, -6.0, -4.0, -1.0, -1.0, 1.0, -1.0, -8.0, 5.0, 1.0, 3.0, 5.0, -3.0, -2.0, -7.0, -7.0, -2.0, 4.0, -8.0, 5.0, -7.0, 5.0, -3.0, 5.0, 5.0, 0.0, 4.0, -2.0, 3.0, -1.0, 4.0, 3.0, -2.0, 5.0, -1.0, -4.0, -7.0, -2.0, -8.0, -1.0, -8.0, 3.0, 4.0, 4.0, 5.0, -2.0, 4.0, 5.0, 4.0, -8.0, 0.0, -7.0, 4.0, -10.0, 5.0, -3.0, 0.0, -2.0, -7.0, 4.0, 4.0, 4.0, -1.0, -3.0, 4.0, 5.0, 3.0, -13.0, -1.0, -7.0, 4.0, -9.0, -5.0, 3.0, -1.0, 5.0, 3.0, 1.0, -2.0, -2.0, -2.0, -3.0, 0.0, 3.0, -2.0, -2.0, -5.0, -2.0, -2.0, 5.0, -6.0, 2.0, 10.0, -3.0, -2.0, 4.0, -4.0, -2.0, 0.0, -2.0, -8.0, -2.0, -2.0, -8.0, -2.0, -2.0, 5.0, -1.0, 5.0, -1.0, -3.0, -1.0, -1.0, 5.0, 4.0, -2.0, 4.0, 1.0, -8.0, 4.0, 4.0, -2.0, -3.0, 4.0, -7.0, -3.0, -7.0, 8.0, 5.0, 4.0, -3.0, 0.0, 4.0, -7.0, 0.0, 5.0, -2.0, 0.0, 4.0, 4.0, 4.0, -1.0, 3.0, 1.0, -1.0, -6.0, 3.0, 2.0, 0.0, 4.0, -5.0, -2.0, 6.0, -2.0, -5.0, -2.0, -1.0, -2.0, -4.0, -1.0, -4.0, -2.0, -2.0, -2.0, 5.0, -7.0, -2.0, 4.0, -1.0, -7.0, 1.0, -7.0, 5.0, 4.0, -1.0, -1.0, -6.0, 6.0, -1.0, 5.0, -2.0, -4.0, -7.0, 4.0, -1.0, 0.0, -1.0, -1.0, 12.0, 0.0, -1.0, 4.0, 4.0, -1.0, -2.0, -8.0, -2.0, -2.0, -1.0, -7.0, -1.0, -3.0, -2.0, 4.0, 3.0, 4.0, -1.0, -1.0, 0.0, -3.0, 4.0, 0.0, -2.0, 3.0, 3.0, -6.0, -1.0, -2.0, 0.0, 1.0, -1.0, 5.0, 4.0, -1.0, -8.0, -1.0, 3.0, 6.0, 1.0, -7.0, 4.0, 5.0, 2.0, 0.0, 0.0, 4.0, 10.0, -2.0, -2.0, -8.0, -2.0, 4.0, 12.0, -1.0, 5.0, -4.0, -7.0, -7.0, 0.0, -1.0, -1.0, -2.0, -1.0, -3.0, -1.0, -1.0, 4.0, 5.0, 5.0, -2.0, -7.0, 3.0, -1.0, -7.0, -1.0, 4.0, -7.0, 6.0, -1.0, 4.0, 10.0, 4.0, -7.0, -1.0, 13.0, 4.0, 9.0, 0.0, 4.0, -3.0, 4.0, 5.0, 4.0, 4.0, 4.0, -2.0, 5.0, -1.0, 4.0, 3.0, 5.0, 5.0, 3.0, 0.0, 5.0, -2.0, 11.0, 5.0, 11.0, -2.0, -2.0, 5.0, 10.0, -3.0, 5.0, 10.0, -1.0, 3.0, -1.0, -7.0, 5.0, -2.0, 4.0, -2.0, 3.0, 3.0, 1.0, -8.0, -2.0, -10.0, 5.0, 0.0, -3.0, -8.0, 1.0, 8.0, -6.0, 6.0, 3.0, -7.0, -7.0, -2.0, -1.0, -1.0, -1.0, -2.0, -2.0, -2.0, -2.0, -14.0, -7.0, -1.0, -7.0, -1.0, -8.0, 4.0, -2.0, 5.0, -2.0, 5.0, -2.0, 5.0, 4.0, -1.0, -2.0, 4.0, 4.0, 5.0, 4.0, 3.0, -1.0, 4.0, 2.0, 4.0, -2.0, -2.0, -1.0, 9.0, -1.0, -1.0, -8.0, 0.0, 5.0, 2.0, 4.0, -1.0, 5.0, -1.0, 5.0, -8.0, -1.0, -2.0, -1.0, -2.0, -2.0, -10.0, 5.0, -5.0, -1.0, 5.0, 11.0, -1.0, 0.0, -5.0, -2.0, -2.0, 2.0, -2.0, -2.0, -2.0, -8.0, 0.0, -2.0, -7.0, 4.0, -7.0, -1.0, -3.0, -5.0, 4.0, 2.0, -1.0, -2.0, 4.0, 5.0, -4.0, 4.0, -1.0, -1.0, -1.0, 3.0, 9.0, -7.0, 4.0, -2.0, -3.0, -2.0, -2.0, 5.0, 4.0, 4.0, -5.0, -1.0, -1.0, 3.0, -3.0, -1.0, -7.0, 0.0, -1.0, 4.0, 3.0, -5.0, 5.0, 4.0, -1.0, -1.0, 4.0, -3.0, -1.0, -1.0, -2.0, -2.0, 5.0, 5.0, -2.0, 1.0, -7.0, 5.0, 4.0, -2.0, -1.0, 3.0, -1.0, -7.0, -5.0, -2.0, -1.0, -1.0, 5.0, -1.0, 0.0, 4.0, -3.0, -7.0, -2.0, -1.0, -1.0, -2.0, 3.0, -3.0, -2.0, 1.0, 1.0, -3.0, 0.0, -1.0, -8.0, 4.0, 3.0, 1.0, -1.0, -2.0, -7.0, -2.0, -1.0, 3.0, -1.0, -1.0, 5.0, -3.0, 4.0, 0.0, -2.0, -7.0, -7.0, 3.0, 5.0, -1.0, 11.0, 4.0, -1.0, 4.0, -2.0, 0.0, 10.0, 0.0, -7.0, -2.0, -8.0, -2.0, 7.0, -1.0, -1.0, 4.0, 6.0, 5.0, 4.0, 2.0, -1.0, -2.0, 10.0, -4.0, -1.0, -2.0, 4.0, -1.0, -1.0, 0.0, 5.0, -1.0, 2.0, -1.0, -2.0, -1.0, -6.0, 2.0, -1.0, -2.0, 1.0, -2.0, 3.0, -2.0, -2.0, 6.0, -2.0, -2.0, 1.0, -2.0, -2.0, -6.0, 4.0, 1.0, 5.0, -3.0, -3.0, 5.0, 4.0, -6.0, -2.0, -1.0, -1.0, 0.0, -1.0, -3.0, 3.0, 3.0, 1.0, 0.0, 5.0, 1.0, -1.0, -1.0, -2.0, -1.0, 5.0, -3.0, 5.0, -1.0, -12.0, -2.0, -1.0, -1.0, -5.0, -7.0, -1.0, -2.0, -3.0, 6.0, 8.0, -3.0, 0.0, 4.0, 3.0, 5.0, -1.0, 3.0, 4.0, -1.0, 4.0, -1.0, 5.0, -15.0, -7.0, -1.0, -2.0, 1.0, -7.0, 5.0, -1.0, 1.0, -2.0, 6.0, 0.0, -4.0, -1.0, -2.0, 2.0, -2.0, 0.0, -6.0, -8.0, -2.0, 4.0, 4.0, -2.0, 1.0, 1.0, -5.0, 4.0, -1.0, -3.0, 10.0, -2.0, 5.0, 3.0, -1.0, 3.0, 5.0, 4.0, -2.0, -3.0, 4.0, 4.0, -1.0, 3.0, 10.0, -1.0, 2.0, -2.0, 4.0, -2.0, 5.0, -6.0, 5.0, -1.0, -5.0, 4.0, 0.0, 5.0, 0.0, -2.0, -2.0, -8.0, -2.0, -1.0, 5.0, -1.0, 5.0, -2.0, -1.0, -2.0, -2.0, -2.0, -2.0, 10.0, 4.0, 3.0, 3.0, 4.0, 10.0, 4.0, 4.0, -2.0, 0.0, -2.0, -13.0, 4.0, -1.0, 9.0, -2.0, 4.0, 3.0, 4.0, -1.0, -2.0, 5.0, -3.0, -7.0, -2.0, -2.0, -2.0, -7.0, -1.0, -2.0, 0.0, 10.0, 9.0, -1.0, 4.0, -2.0, -2.0, -7.0, 5.0, 11.0, 4.0, 5.0, -1.0, -8.0, 4.0, -2.0, -5.0, 4.0, -1.0, -7.0, -1.0, 4.0, 0.0, -1.0, -1.0, -8.0, -2.0, -1.0, 5.0, 4.0, -9.0, -4.0, -1.0, -14.0, 2.0, -12.0, -2.0, -7.0, 6.0, -1.0, 5.0, -8.0, -7.0, -1.0, -2.0, -4.0, 3.0, -2.0, -7.0, 0.0, 4.0, 5.0, 5.0, 9.0, 5.0, 2.0, -2.0, -1.0, 7.0, -1.0, 3.0, -1.0, 4.0, 4.0, -1.0, -2.0, 5.0, 4.0, -2.0, -2.0, -1.0, 4.0, -1.0, 0.0, -4.0, 3.0, -8.0, 4.0, -5.0, -1.0, -7.0, -2.0, -7.0, -1.0, 3.0, 5.0, -2.0, 5.0, -9.0, 5.0, -2.0, 0.0, -1.0, -5.0, -1.0, -1.0, -14.0, 0.0, 5.0, 11.0, -2.0, 5.0, 5.0, 4.0, 4.0, -1.0, -1.0, 4.0, -2.0, -1.0, -5.0, 4.0, 5.0, 4.0, 2.0, -7.0, -2.0, -2.0, 5.0, 6.0, -1.0, 4.0, 0.0, 5.0, 5.0, -7.0, -6.0, 6.0, 3.0, -7.0, -7.0, -3.0, -7.0, -1.0, 5.0, -6.0, -13.0, 10.0, -1.0, 6.0, 10.0, -1.0, 3.0, -2.0, 0.0, 1.0, -2.0, -3.0, -2.0, 5.0, 5.0, -3.0, -2.0, -6.0, 15.0, 5.0, 3.0, -4.0, 5.0, 0.0, -1.0, 5.0, -2.0, 4.0, -1.0, 5.0, 4.0, -1.0, 4.0, -1.0, 11.0, -2.0, -8.0, -1.0, 8.0, 5.0, 9.0, 2.0, -6.0, 4.0, 3.0, -8.0, -1.0, 11.0, -2.0, -2.0, -20.0, -2.0]",8.191414266461646,0.0032486915588378,0.0,0.0,0
22,22,"[0.86964864, -0.031894922, -0.48794127, -0.38666096, 0.42377627, -0.33048084, 0.35174346, 0.018526677, -0.8777935, 0.92225045, 0.084725544, 0.54420316, 0.33235127, -0.14117858, -0.98831224, -0.10101825, 0.4833004, 0.5861086, 0.47117695, -0.46141076, 0.09132738, -0.97277576, -0.2281193, -0.9147374, 0.86500883, 0.25688565, -0.3024497, -0.18572535, 0.69882566, 0.97692543, -0.19042873, -0.018177645, 0.4505521, 0.28205726, 0.65500134, 0.24759765, 0.29233596, -0.12570816, 0.28391784, 0.767891, 0.8532328, -0.788537, 0.88831383, -0.5852214, 0.47681975, -0.89678895, -0.8465765, -0.8258918, -0.31674725, 0.63678885, -0.9416596, 0.9066517, 0.8771037, 0.5100351, 0.12155131, 0.65453845, -0.6251022, -0.8771158, 0.023453798, -0.35672915, -0.2305938, 0.4056757, 0.09105678, -0.051617816, 0.41702786, 0.6054804, -0.2193474, -0.7176945, 0.35334903, -0.32406694, -0.65996295, 0.15074112, -0.04624001, 0.75751513, -0.42386463, 0.54839176, 0.04053419, 0.42482474, 0.51874006, 0.68228924, -0.4153117, 0.69872105, 0.77163, -0.39109862, -0.9751931, -0.36829272, -0.014402374, 0.5552811, -0.6394308, 0.29049024, 0.86652267, 0.89705366, -0.66294545, -0.98994625, -0.98557925, 0.7749389, -0.35216102, -0.36660188, -0.8705888, 0.2577081, 0.18265589, 0.7806657, -0.59999514, 0.2322145, 0.07030846, 0.32835922, 0.39812416, 0.9526928, 0.519381, -0.35221112, 0.9584656, 0.0049366085, 0.25998098, 0.678422, -0.87899286, -0.9528773, 0.5167626, -0.90529937, -0.69631773, 0.62710994, 0.6137716, -0.7569377, 0.9118255, -0.76983297, -0.071927875, -0.3346199, 0.15500869, 0.06403234, 0.22070424, 0.123642474, 0.791223, 0.124770954, 0.6267578, 0.9537976, 0.9682464, -0.21212122, 0.55473053, -0.38557354, -0.37443522, -0.069710985, 0.29888692, 0.20016332, 0.40610006, -0.3076173, -0.51841694, 0.52351594, -0.8383623, -0.41171426, -0.5983144, -0.36908233, 0.88390875, 0.3961732, -0.10858823, 0.80504435, -0.8261023, 0.22887684, -0.997239, 0.9868981, -0.04899686, 0.120800324, -0.9310298, 0.26419413, -0.31083757, -0.6667823, 0.8140524, -0.875462, -0.046913505, -0.18568666, 0.3731571, 0.8074955, -0.22742708, -0.43169302, -0.22880423, 0.18966793, -0.3918596, -0.70454544, -0.57186896, 0.5995232, 0.21908963, 0.41356146, 0.304274, -0.94501793, 0.95246905, -0.5346237, 0.9885904, 0.32711142, -0.46396056, 0.3637323, 0.8863842, -0.29069984, 0.47280386, 0.712492, -0.39213693, -0.05018766, -0.08423033, -0.49649522, 0.5250749, 0.49150625, 0.24126248, -0.37202686, 0.17398964, 0.7155913, -0.88251233, -0.45154107, -0.45364562, 0.46969005, 0.21113144, 0.008446872, -0.002886142, 0.22121842, 0.13520972, -0.53844863, -0.349627, 0.56471246, -0.93177956, -0.06501981, -0.9070418, -0.67935485, -0.4018523, 0.35203707, 0.5709175, -0.37335786, 0.38572568, 0.42351833, -0.6175026, 0.37935948, 0.34922996, -0.111802995, -0.23366573, 0.061167095, 0.024380995, -0.3076235, -0.97105753, -0.07454738, 0.58854085, -0.0011272369, 0.011755271, -0.41122356, 0.35279623, 0.11408353, 0.78181505, -0.19407415, 0.3693215, -0.1472685, 0.28258398, -0.7094723, -0.14835039, -0.9829353, 0.23934242, -0.39281502, -0.30366153, 0.19406144, 0.9433975, -0.41720852, 0.6335264, 0.33206302, -0.45574754, -0.17659509, -0.20551722, -0.590286, -0.4148455, 0.61774176, -0.5307221, -0.99369085, 0.77846986, -0.42375588, 0.24198122, -0.855345, -0.5514315, 0.19792722, 0.9810625, -0.066165306, -0.5065534, -0.47198218, 0.24684186, 0.22293155, 0.31725508, -0.39531544, -0.038056962, -0.8793048, 0.59285575, -0.041687354, -0.8279285, -0.2515743, -0.82614154, -0.30885604, 0.90521353, -0.7863481, 0.6990762, -0.35487723, 0.28505874, -0.8569504, 0.12597136, 0.4128234, -0.23386636, 0.46871045, 0.3626289, -0.621749, -0.0005524388, -0.7214912, 0.795143, -0.5205842, -0.9128934, 0.9515358, 0.056035306, -0.21250243, -0.040964745, -0.309693, -0.5764625, 0.2712376, -0.6127708, 0.42596048, 0.40644893, 0.59869605, -0.4023823, 0.019620216, -0.686138, 0.8286622, -0.14593606, -0.11742951, -0.120267965, 0.8708124, 0.072293386, 0.3526794, -0.32606855, -0.44196835, 0.87520254, 0.78232354, 0.29404455, -0.5215972, 0.37483156, -0.82476455, 0.60299927, 0.047535155, -0.1840003, -0.940634, -0.91646093, 0.49027798, -0.18445921, 0.56966597, 0.0536413, -0.26849455, 0.8889593, -0.514588, 0.94995415, -0.44116253, -0.5464812, -0.58589596, 0.16424112, -0.21576759, 0.8465954, -0.3871344, 0.59606916, -0.3598638, 0.6682659, 0.40959224, -0.4524722, 0.027159793, -0.5058457, 0.9280443, -0.3831489, -0.64623845, -0.83408636, -0.4394833, -0.03308468, -0.22049199, -0.22955574, 0.06081755, 0.22003223, 0.22531308, -0.6323882, -0.054273535, -0.66885644, -0.58873993, 0.4014887, -0.957804, -0.18503098, 0.43162695, -0.37265188, -0.6812001, 0.8703187, -0.8113177, 0.84398013, 0.06762967, 0.45895636, 0.2605383, 0.019619977, 0.9626592, 0.38926786, -0.5999737, 0.5662243, -0.78609496, -0.03239651, -0.13628525, -0.2872694, -0.7744025, 0.4007731, -0.017198468, 0.49057367, 0.094887726, 0.64533335, -0.86262625, -0.848245, -0.9948365, -0.039315492, -0.9901153, 0.32377073, 0.69276756, -0.6133892, 0.97053623, -0.76490283, 0.43116623, 0.9150325, 0.47040963, -0.87330925, -0.7461925, -0.2272178, -0.07323408, 0.66559803, 0.67048025, 0.53279877, -0.74144053, -0.46977913, 0.8981837, -0.24330486, -0.61277795, 0.9836823, 0.2642056, -0.29735354, -0.96004814, 0.5103884, 0.88355404, 0.016951043, 0.31330273, -0.30847546, 0.32510176, 0.5529591, -0.3798384, -0.9816425, 0.9367, -0.64808905, -0.9979541, -0.86564934, 0.0805486, 0.7189905, 0.38532338, 0.7431993, 0.62068444, -0.0015301695, -0.7292781, -0.7875659, 0.46926224, -0.3365963, 0.402537, -0.12288136, 0.17368875, 0.9620654, -0.59785867, -0.6991391, -0.7165457, 0.87665, -0.3306566, -0.58860385, -0.7668066, 0.008136244, 0.77294534, 0.9676398, 0.9237129, 0.9692893, -0.7358705, 0.6710479, 0.84353036, 0.03997498, 0.6651288, 0.5627546, 0.4292391, 0.5852494, 0.6538941, 0.39944765, -0.34647146, -0.3924807, -0.09743146, 0.53938, 0.9048183, 0.6388505, -0.45277268, 0.9037664, -0.20722711, -0.56573623, -0.98850405, 0.7294701, -0.24113183, -0.73562443, -0.64257914, -0.513268, -0.8397317, 0.04960353, 0.85970366, -0.18903974, 0.78423476, -0.003961665, -0.304075, -0.2551972, 0.38050374, -0.17220138, -0.98682255, 0.7009858, -0.12590446, -0.25606397, -0.7940509, 0.41675863, -0.31922883, 0.55621856, -0.12970005, 0.5972148, 0.29498574, -0.12192912, 0.58022916, 0.38997406, -0.5039512, 0.9529888, -0.6534695, 0.97427416, -0.9836731, -0.6259045, -0.74529016, -0.10584204, 0.53450483, -0.64039886, -0.96771246, 0.626221, 0.17783877, 0.71311396, -0.6384757, -0.20513049, -0.63522863, -0.38411826, 0.35275003, 0.4282546, -0.36804858, -0.5853835, 0.75490624, 0.13484016, -0.6429776, -0.8393946, -0.706535, 0.8298852, 0.074850254, 0.24799049, 0.8082798, 0.4467296, -0.21356429, 0.8410639, -0.6370501, -0.7031196, -0.8242518, -0.31637043, -0.24736755, -0.54290175, -0.36791036, -0.8556342, -0.0857353, 0.7227438, -0.9717276, -0.9749357, 0.64450085, 0.23745495, 0.79525954, 0.5126642, 0.46324587, -0.50956804, 0.6872416, -0.37358606, 0.18541004, 0.92148113, -0.18718183, -0.9439166, -0.7825761, 0.920928, -0.9085682, -0.7399137, -0.346879, -0.35126656, -0.1761929, 0.019864973, -0.41591498, -0.8806502, 0.6370755, -0.24367046, 0.46238786, 0.5082471, 0.43878692, 0.04175927, 0.73919374, 0.7771919, 0.5493373, -0.5159222, 0.3837594, -0.81309474, 0.530227, 0.51982135, 0.1297569, -0.6973229, 0.69070154, 0.6746031, 0.68880177, 0.40614095, 0.6617205, -0.41330102, 0.49985668, -0.97089905, 0.7471732, 0.9997847, -0.39648327, -0.05870709, -0.3054094, -0.62604225, 0.73627055, 0.9218342, -0.13272662, 0.14417887, 0.5261183, -0.88658696, 0.18219447, 0.002270828, -0.6917506, -0.6256777, -0.14176464, -0.620231, 0.4495456, -0.65161985, -0.36129063, -0.021121126, -0.68173486, 0.6982903, -0.8345596, 0.46718296, -0.04245441, -0.7601553, -0.05026133, 0.44121888, 0.21244617, 0.024206243, -0.68684506, 0.49369007, -0.7351135, 0.49531454, -0.05771697, 0.9144121, -0.029804865, -0.048924763, -0.9184753, -0.37727207, 0.88612586, 0.07703975, -0.011371088, 0.983005, -0.4943363, -0.49746016, 0.86055493, 0.6411741, 0.7872563, -0.8379282, 0.0624606, -0.031800613, -0.013996214, -0.28695828, -0.4023525, -0.49668872, 0.33018568, 0.059104208, -0.9946012, -0.10258501, 0.6355308, -0.5341658, 0.6845736, 0.80082965, -0.7478585, 0.65267026, -0.7130321, 0.39867082, -0.4899434, 0.9622749, -0.71550006, 0.36088482, -0.13992634, 0.3006783, -0.89006895, -0.78933454, 0.37847194, 0.6606688, 0.6548893, 0.14582476, 0.34193537, -0.31864583, 0.5873142, 0.35398376, 0.7028221, 0.324806, 0.27817285, -0.9818133, -0.8613526, -0.6973304, -0.9757503, 0.41596004, 0.48457325, -0.5109534, 0.21233073, -0.96188587, -0.9472937, 0.4883682, 0.7887049, -0.44741237, -0.73162854, -0.1181525, 0.6516844, 0.48843652, 0.83956724, -0.4228188, -0.83032906, 0.39960495, 0.7150104, -0.34389293, -0.25480288, 0.3916754, -0.78089106, -0.75599736, -0.09548046, -0.7772239, -0.9361799, 0.42310217, -0.31063497, 0.76784617, -0.7472581, -0.5386448, 0.7869685, 0.24700294, -0.45142415, -0.14281113, 0.82446015, -0.21030505, 0.9535332, 0.031642098, 0.66231585, -0.51842666, -0.903032, -0.93166053, 0.6589613, 0.25331628, 0.5461997, 0.5514997, -0.2564053, -0.9089009, 0.25509977, 0.3261008, -0.119589195, -0.8632978, -0.62769437, 0.5456597, -0.3110368, 0.17550485, -0.20803154, -0.011444397, -0.43260747, 0.3313383, -0.14062707, 0.64301664, 0.25701764, 0.3193253, 0.48722082, 0.48104003, -0.08034735, -0.3412815, 0.22796, 0.4371347, 0.25089315, -0.9462826, 0.30244976, -0.61395067, 0.39508778, 0.6916945, 0.053505514, -0.8606664, -0.8172107, -0.2725049, 0.9274322, -0.48678204, 0.06417373, 0.064969264, 0.99191797, -0.6351279, 0.8394346, 0.12906986, -0.5769898, 0.6079509, 0.2353385, 0.097660206, -0.8302965, -0.450081, 0.69660413, -0.16669019, -0.5793484, 0.15083046, 0.20160848, 0.051021315, -0.68215287, -0.049437743, -0.637374, -0.44591922, 0.44981998, -0.77216595, -0.73954654, 0.23051944, -0.089806184, -0.73498595, -0.8591482, 0.2979738, 0.8556245, -0.31850043, -0.5027756, 0.33928183, -0.6324454, 0.39705518, 0.7105014, 0.65721405, -0.78918546, 0.8468032, 0.6959813, -0.2895324, -0.7033306, -0.6463326, 0.15939187, -0.93872976, -0.2895919, -0.17312127, -0.87929803, -0.029481322, 0.8125073, -0.13005303, 0.17913507, -0.48690823, -0.35239902, 0.23824349, 0.97736657, 0.3189601, 0.3679182, 0.27472794, -0.38302633, 0.65440756, 0.43904448, 0.43999276, -0.662878, -0.57067925, 0.27327892, -0.35351363, 0.7801651, -0.44779935, -0.11696101, -0.9333124, -0.5667195, 0.6710446, 0.43084285, -0.79136056, 0.44211683, -0.34192228, -0.5466895, 0.81469595, 0.8373026, -0.5694561, -0.86095446, 0.06902468, 0.4517145, 0.8028864, -0.6114981, 0.12283618, 0.41595274, 0.41065404, -0.27868277, -0.19820783, -0.59940994, 0.63355607, -0.12761943, -0.4614625, -0.7017547, -0.80437857, 0.13522689, -0.9148742, 0.77572215, -0.67907244, 0.894407, 0.26852104, -0.94528, 0.7390992, 0.3750942, -0.19463934, -0.06568817, -0.40582573, -0.21882139, 0.8517256, 0.79219574, 0.06031157, -0.3592143, -0.5013086, 0.26901826, -0.05058923, 0.76991975, -0.58725524, 0.7929766, 0.03451538, 0.6554644, 0.8257575, -0.14305496, -0.25310093, -0.0501644, -0.0013509827, -0.09728552, -0.5836952, -0.46167567, -0.48896793, -0.45730656, 0.16214503, -0.29505283, 0.4076344, -0.82706594, -0.19170572, 0.64098835, -0.5042519, -0.24353349, 0.6129523, 0.121587, -0.52008843, -0.70293933, -0.45465344, 0.3742538, 0.6467304, 0.046478186, -0.8767371, 0.16784443, 0.43536767, -0.96346813, -0.5209313, 0.5308679, 0.85841095, 0.7398566, -0.38632202, -0.9845459, -0.16618487, -0.71190864, -0.7671526, -0.90767276, 0.19819602, 0.096739054, -0.4723033, -0.02601682, -0.8572057, 0.99916905, -0.0037159843, 0.8647257, -0.57595545, -0.20774868, 0.93399787, 0.035391178, -0.4942629, 0.16827188, -0.6843643, -0.77422917, -0.011979833, 0.73005766, 0.6864383, 0.047782306, 0.42736822, 0.55546546, -0.27447268, 0.7566825, 0.71421194, -0.29124784, 0.0043247263, -0.37859118, -0.09436811, -0.48677275, 0.26083016, -0.0715482, 0.166159, -0.92181337, 0.10518224, -0.63369787, 0.8779082, 0.114177324, 0.32808483, 0.25629324, 0.5898516, -0.050576434, -0.58162194, 0.7470992, 0.48179236, 0.13341902, -0.31046307, 0.14043027, -0.39835137, -0.34920284]","[-7.0, 4.0, 4.0, -2.0, -1.0, 4.0, -1.0, 2.0, -2.0, -3.0, -2.0, -1.0, 4.0, -2.0, 4.0, -2.0, -2.0, -3.0, -7.0, -1.0, -8.0, -2.0, -2.0, -7.0, 5.0, 10.0, -7.0, -8.0, 3.0, -7.0, -14.0, 4.0, -2.0, 4.0, 5.0, 3.0, 4.0, -6.0, -7.0, -7.0, 0.0, 5.0, -1.0, -4.0, 1.0, 5.0, 3.0, -7.0, -3.0, -2.0, 5.0, 3.0, 5.0, -1.0, 1.0, 1.0, -1.0, -2.0, 0.0, 4.0, 3.0, 4.0, -2.0, 0.0, 3.0, 4.0, -7.0, -3.0, -2.0, 5.0, 5.0, 2.0, -1.0, 4.0, -6.0, 3.0, 4.0, -3.0, -1.0, 6.0, -2.0, -6.0, -1.0, -7.0, 6.0, 10.0, -1.0, -1.0, 0.0, 4.0, -1.0, 6.0, -1.0, 10.0, -2.0, 4.0, 4.0, -3.0, -6.0, -4.0, -1.0, -1.0, 1.0, -1.0, -8.0, 5.0, 1.0, 3.0, 5.0, -3.0, -2.0, -7.0, -7.0, -2.0, 4.0, -8.0, 5.0, -7.0, 5.0, -3.0, 5.0, 5.0, 0.0, 4.0, -2.0, 3.0, -1.0, 4.0, 3.0, -2.0, 5.0, -1.0, -4.0, -7.0, -2.0, -8.0, -1.0, -8.0, 3.0, 4.0, 4.0, 5.0, -2.0, 4.0, 5.0, 4.0, -8.0, 0.0, -7.0, 4.0, -10.0, 5.0, -3.0, 0.0, -2.0, -7.0, 4.0, 4.0, 4.0, -1.0, -3.0, 4.0, 5.0, 3.0, -13.0, -1.0, -7.0, 4.0, -9.0, -5.0, 3.0, -1.0, 5.0, 3.0, 1.0, -2.0, -2.0, -2.0, -3.0, 0.0, 3.0, -2.0, -2.0, -5.0, -2.0, -2.0, 5.0, -6.0, 2.0, 10.0, -3.0, -2.0, 4.0, -4.0, -2.0, 0.0, -2.0, -8.0, -2.0, -2.0, -8.0, -2.0, -2.0, 5.0, -1.0, 5.0, -1.0, -3.0, -1.0, -1.0, 5.0, 4.0, -2.0, 4.0, 1.0, -8.0, 4.0, 4.0, -2.0, -3.0, 4.0, -7.0, -3.0, -7.0, 8.0, 5.0, 4.0, -3.0, 0.0, 4.0, -7.0, 0.0, 5.0, -2.0, 0.0, 4.0, 4.0, 4.0, -1.0, 3.0, 1.0, -1.0, -6.0, 3.0, 2.0, 0.0, 4.0, -5.0, -2.0, 6.0, -2.0, -5.0, -2.0, -1.0, -2.0, -4.0, -1.0, -4.0, -2.0, -2.0, -2.0, 5.0, -7.0, -2.0, 4.0, -1.0, -7.0, 1.0, -7.0, 5.0, 4.0, -1.0, -1.0, -6.0, 6.0, -1.0, 5.0, -2.0, -4.0, -7.0, 4.0, -1.0, 0.0, -1.0, -1.0, 12.0, 0.0, -1.0, 4.0, 4.0, -1.0, -2.0, -8.0, -2.0, -2.0, -1.0, -7.0, -1.0, -3.0, -2.0, 4.0, 3.0, 4.0, -1.0, -1.0, 0.0, -3.0, 4.0, 0.0, -2.0, 3.0, 3.0, -6.0, -1.0, -2.0, 0.0, 1.0, -1.0, 5.0, 4.0, -1.0, -8.0, -1.0, 3.0, 6.0, 1.0, -7.0, 4.0, 5.0, 2.0, 0.0, 0.0, 4.0, 10.0, -2.0, -2.0, -8.0, -2.0, 4.0, 12.0, -1.0, 5.0, -4.0, -7.0, -7.0, 0.0, -1.0, -1.0, -2.0, -1.0, -3.0, -1.0, -1.0, 4.0, 5.0, 5.0, -2.0, -7.0, 3.0, -1.0, -7.0, -1.0, 4.0, -7.0, 6.0, -1.0, 4.0, 10.0, 4.0, -7.0, -1.0, 13.0, 4.0, 9.0, 0.0, 4.0, -3.0, 4.0, 5.0, 4.0, 4.0, 4.0, -2.0, 5.0, -1.0, 4.0, 3.0, 5.0, 5.0, 3.0, 0.0, 5.0, -2.0, 11.0, 5.0, 11.0, -2.0, -2.0, 5.0, 10.0, -3.0, 5.0, 10.0, -1.0, 3.0, -1.0, -7.0, 5.0, -2.0, 4.0, -2.0, 3.0, 3.0, 1.0, -8.0, -2.0, -10.0, 5.0, 0.0, -3.0, -8.0, 1.0, 8.0, -6.0, 6.0, 3.0, -7.0, -7.0, -2.0, -1.0, -1.0, -1.0, -2.0, -2.0, -2.0, -2.0, -14.0, -7.0, -1.0, -7.0, -1.0, -8.0, 4.0, -2.0, 5.0, -2.0, 5.0, -2.0, 5.0, 4.0, -1.0, -2.0, 4.0, 4.0, 5.0, 4.0, 3.0, -1.0, 4.0, 2.0, 4.0, -2.0, -2.0, -1.0, 9.0, -1.0, -1.0, -8.0, 0.0, 5.0, 2.0, 4.0, -1.0, 5.0, -1.0, 5.0, -8.0, -1.0, -2.0, -1.0, -2.0, -2.0, -10.0, 5.0, -5.0, -1.0, 5.0, 11.0, -1.0, 0.0, -5.0, -2.0, -2.0, 2.0, -2.0, -2.0, -2.0, -8.0, 0.0, -2.0, -7.0, 4.0, -7.0, -1.0, -3.0, -5.0, 4.0, 2.0, -1.0, -2.0, 4.0, 5.0, -4.0, 4.0, -1.0, -1.0, -1.0, 3.0, 9.0, -7.0, 4.0, -2.0, -3.0, -2.0, -2.0, 5.0, 4.0, 4.0, -5.0, -1.0, -1.0, 3.0, -3.0, -1.0, -7.0, 0.0, -1.0, 4.0, 3.0, -5.0, 5.0, 4.0, -1.0, -1.0, 4.0, -3.0, -1.0, -1.0, -2.0, -2.0, 5.0, 5.0, -2.0, 1.0, -7.0, 5.0, 4.0, -2.0, -1.0, 3.0, -1.0, -7.0, -5.0, -2.0, -1.0, -1.0, 5.0, -1.0, 0.0, 4.0, -3.0, -7.0, -2.0, -1.0, -1.0, -2.0, 3.0, -3.0, -2.0, 1.0, 1.0, -3.0, 0.0, -1.0, -8.0, 4.0, 3.0, 1.0, -1.0, -2.0, -7.0, -2.0, -1.0, 3.0, -1.0, -1.0, 5.0, -3.0, 4.0, 0.0, -2.0, -7.0, -7.0, 3.0, 5.0, -1.0, 11.0, 4.0, -1.0, 4.0, -2.0, 0.0, 10.0, 0.0, -7.0, -2.0, -8.0, -2.0, 7.0, -1.0, -1.0, 4.0, 6.0, 5.0, 4.0, 2.0, -1.0, -2.0, 10.0, -4.0, -1.0, -2.0, 4.0, -1.0, -1.0, 0.0, 5.0, -1.0, 2.0, -1.0, -2.0, -1.0, -6.0, 2.0, -1.0, -2.0, 1.0, -2.0, 3.0, -2.0, -2.0, 6.0, -2.0, -2.0, 1.0, -2.0, -2.0, -6.0, 4.0, 1.0, 5.0, -3.0, -3.0, 5.0, 4.0, -6.0, -2.0, -1.0, -1.0, 0.0, -1.0, -3.0, 3.0, 3.0, 1.0, 0.0, 5.0, 1.0, -1.0, -1.0, -2.0, -1.0, 5.0, -3.0, 5.0, -1.0, -12.0, -2.0, -1.0, -1.0, -5.0, -7.0, -1.0, -2.0, -3.0, 6.0, 8.0, -3.0, 0.0, 4.0, 3.0, 5.0, -1.0, 3.0, 4.0, -1.0, 4.0, -1.0, 5.0, -15.0, -7.0, -1.0, -2.0, 1.0, -7.0, 5.0, -1.0, 1.0, -2.0, 6.0, 0.0, -4.0, -1.0, -2.0, 2.0, -2.0, 0.0, -6.0, -8.0, -2.0, 4.0, 4.0, -2.0, 1.0, 1.0, -5.0, 4.0, -1.0, -3.0, 10.0, -2.0, 5.0, 3.0, -1.0, 3.0, 5.0, 4.0, -2.0, -3.0, 4.0, 4.0, -1.0, 3.0, 10.0, -1.0, 2.0, -2.0, 4.0, -2.0, 5.0, -6.0, 5.0, -1.0, -5.0, 4.0, 0.0, 5.0, 0.0, -2.0, -2.0, -8.0, -2.0, -1.0, 5.0, -1.0, 5.0, -2.0, -1.0, -2.0, -2.0, -2.0, -2.0, 10.0, 4.0, 3.0, 3.0, 4.0, 10.0, 4.0, 4.0, -2.0, 0.0, -2.0, -13.0, 4.0, -1.0, 9.0, -2.0, 4.0, 3.0, 4.0, -2.0, -2.0, 5.0, -3.0, -7.0, -2.0, -2.0, -2.0, -7.0, -1.0, -2.0, 0.0, 10.0, 9.0, -1.0, 4.0, -2.0, -2.0, -7.0, 5.0, 11.0, 4.0, 5.0, -1.0, -8.0, 4.0, -2.0, -5.0, 4.0, -1.0, -7.0, -1.0, 4.0, 0.0, -1.0, -1.0, -8.0, -2.0, -1.0, 5.0, 4.0, -9.0, -4.0, -1.0, -14.0, 2.0, -12.0, -2.0, -7.0, 6.0, -1.0, 5.0, -8.0, -7.0, -1.0, -2.0, -4.0, 3.0, -2.0, -7.0, 0.0, 4.0, 5.0, 5.0, 9.0, 5.0, 2.0, -2.0, -1.0, 7.0, -1.0, 3.0, -1.0, 4.0, 4.0, -1.0, -2.0, 5.0, 4.0, -2.0, -2.0, -1.0, 4.0, -1.0, 0.0, -4.0, 3.0, -8.0, 4.0, -5.0, -1.0, -7.0, -2.0, -7.0, -1.0, 3.0, 5.0, -2.0, 5.0, -9.0, 5.0, -2.0, 0.0, -1.0, -5.0, -1.0, -1.0, -14.0, 0.0, 5.0, 11.0, -2.0, 5.0, 5.0, 4.0, 4.0, -1.0, -1.0, 4.0, -2.0, -1.0, -5.0, 4.0, 5.0, 4.0, 2.0, -7.0, -2.0, -2.0, 5.0, 6.0, -1.0, 4.0, 0.0, 5.0, 5.0, -7.0, -6.0, 6.0, 3.0, -7.0, -7.0, -3.0, -7.0, -1.0, 5.0, -6.0, -13.0, 10.0, -1.0, 6.0, 10.0, -1.0, 3.0, -2.0, 0.0, 1.0, -2.0, -3.0, -2.0, 5.0, 5.0, -3.0, -2.0, -6.0, 15.0, 5.0, 3.0, -4.0, 5.0, 0.0, -1.0, 5.0, -2.0, 4.0, -1.0, 5.0, 4.0, -1.0, 4.0, -1.0, 11.0, -2.0, -8.0, -1.0, 8.0, 5.0, 9.0, 2.0, -6.0, 4.0, 3.0, -8.0, -1.0, 11.0, -2.0, -2.0, -20.0, -2.0]",8.192839107609505,0.0033106803894042,0.0,0.0,0
23,23,"[-0.9764071, 0.060791682, 0.08819635, -0.65423054, -0.9486786, -0.4953689, -0.75330544, 0.13917731, -0.4895441, 0.1659034, 0.543777, -0.673152, -0.41568333, 0.73117214, 0.0876012, 0.7587928, -0.7412394, -0.59395033, -0.63319325, 0.75887656, 0.37926933, 0.30499464, 0.11409448, 0.8797683, -0.96374905, 0.7926712, -0.83263904, -0.64282614, 0.7935692, 0.8930664, 0.051184855, 0.097653605, -0.7346969, -0.71204, -0.18020688, 0.26098815, -0.4262452, 0.74508774, -0.7450399, -0.52852124, -0.0074435635, -0.96267706, 0.28553337, -0.7788573, 0.6709526, -0.59971774, -0.9548766, 0.6854369, 0.3826503, 0.6299858, -0.2839668, 0.8290083, -0.79745126, 0.09212578, 0.8219204, -0.18082044, 0.4151734, 0.09457346, -0.7823849, -0.09962784, -0.90699804, -0.037778504, 0.8032728, -0.032526355, 0.2900277, 0.48615316, -0.21782444, -0.89800835, -0.551937, -0.721907, -0.91780037, -0.4005472, 0.3943626, 0.03642505, 2.2424538e-05, 0.2647413, -0.84569323, -0.7802527, 0.33769724, -0.21592145, 0.2980177, 0.81053084, -0.9899751, -0.5097005, 0.71331173, 0.9912519, 0.7476044, -0.53804225, -0.5083345, 0.043995682, -0.65665174, -0.26793575, 0.53618985, -0.49208516, 0.7624292, 0.5431458, -0.23689662, -0.40763816, 0.09171424, -0.51254743, 0.8768723, -0.43188578, 0.42740706, 0.97205627, -0.6923237, 0.28888014, 0.87609875, 0.515144, -0.79999006, -0.980114, -0.24151264, -0.0062206043, -0.55609375, -0.6681261, 0.2372862, 0.45257914, -0.33082527, -0.5496141, 0.47043252, 0.63966614, 0.06889451, -0.9799844, -0.9560973, -0.26888084, 0.8471574, 0.8956098, -0.9248687, 0.3557138, -0.06486051, -0.8951961, -0.4635225, -0.2918137, -0.16910955, -0.73999876, 0.19056001, -0.30501974, -0.67831796, 0.6541356, -0.9519693, 0.714762, 0.03399544, 0.87375957, -0.2944637, 0.36235753, 0.37709838, 0.24664354, -0.7238422, 0.56135726, -0.88612014, 0.19086781, -0.9248752, 0.12883891, 0.90104216, 0.9061612, -0.79652095, 0.14777952, 0.34934303, 0.8357581, -0.6612176, 0.40590036, 0.6705193, -0.8492102, -0.4273389, 0.6511938, 0.95454246, -0.36802107, 0.2447872, 0.4639782, 0.10760258, 0.13987015, -0.964319, 0.20037766, 0.037615173, -0.63538444, 0.3572644, 0.72309464, 0.3224807, -0.08368889, 0.17542925, 0.59896964, 0.41292402, -0.8433507, -0.34389418, -0.8801993, 0.18886885, 0.735089, 0.8389138, -0.0099690305, 0.9282901, 0.7974302, -0.69909215, -0.5873308, -0.23211, 0.5253834, 0.12611777, -0.36291343, 0.24894166, -0.34563017, 0.5730808, 0.88802004, 0.68890893, 0.4991087, -0.92194456, 0.43997264, -0.20149085, -0.5213758, -0.54835504, -0.84840435, 0.56285733, 0.15378238, 0.6821266, -0.591556, 0.73146755, 0.32088366, 0.3806762, 0.9369898, -0.4751305, 0.25890753, -0.5407145, 0.9629375, -0.5881118, 0.3353384, 0.84462744, 0.032442782, 0.4659402, 0.6912469, -0.9361239, 0.99957436, 0.39786813, -0.4033917, 0.9061587, 0.21605995, 0.6873273, 0.09590837, -0.4512204, 0.69049567, 0.84999335, -0.5535737, 0.21227063, 0.99220496, -0.740166, -0.040905047, -0.8439414, -0.17288074, -0.8793248, -0.6238404, -0.37897202, -0.49855107, 0.4539844, -0.43341666, 0.80448216, -0.5581581, -0.55608904, -0.46859848, -0.33974808, -0.35239118, -0.531891, 0.6330956, -0.84507513, 0.31012145, -0.27313408, -0.20448059, -0.6629465, -0.98902667, 0.34022257, 0.560996, 0.72459656, 0.48680425, -0.23778422, 0.39332977, -0.77437127, 0.8049121, 0.2931463, -0.23006363, -0.8843886, 0.6858506, 0.5122309, -0.8394627, 0.7336956, -0.59211737, -0.55239695, 0.12494375, -0.43174186, -0.19922952, -0.42801607, -0.8912428, -0.39293858, -0.25496268, 0.59723234, 0.43578926, -0.61765623, 0.26776567, 0.97483236, -0.37171578, 0.44953248, -0.7956916, -0.8498388, 0.54718804, -0.40888992, 0.24958983, 0.107836306, -0.65165913, 0.71319216, -0.21225187, 0.546833, -0.005502985, -0.21760572, -0.56229985, 0.2692204, -0.2065673, -0.6113174, -0.6639724, -0.09736898, -0.9087788, -0.2867687, -0.0900415, 0.37539896, 0.8082956, -0.51502484, 0.94165826, 0.94156903, -0.600871, 0.14112033, -0.87935174, 0.71620405, -0.6850167, 0.1560897, 0.13513124, 0.13309927, 0.16910923, 0.18151866, -0.32451698, -0.54205084, -0.9619645, -0.85374403, -0.16779669, 0.79820937, -0.17417826, -0.80282134, -0.883502, 0.0022588402, 0.9595388, 0.013659305, 0.35583913, 0.9786393, -0.51377857, 0.6297445, 0.962847, -0.13767682, 0.61436397, 0.25348762, 0.10408279, 0.7069236, 0.079894304, 0.17931898, -0.91748804, -0.72734857, -0.46398953, -0.4924497, 0.13895974, -0.16996506, -0.1436486, 0.97251284, -0.18763684, -0.97772753, 0.4745108, 0.4853973, -0.17358756, -0.5450842, -0.9288084, 0.07980124, 0.21907717, -0.57353216, -0.6705317, 0.6621719, -0.982732, -0.55006707, -0.2308498, 0.45609683, -0.7023711, 0.2865935, -0.61007404, -0.90451646, 0.32161155, 0.20188132, 0.8433986, -0.7016792, 0.12426557, 0.84245133, -0.84408885, -0.21334925, -0.5038688, 0.90332764, -0.28743756, 0.24921505, -0.087143205, -0.49956787, -0.057866674, -0.8362575, 0.8172009, -0.59935004, -0.45156926, -0.6543217, 0.20854846, 0.5931695, -0.088430755, 0.22847788, 0.05329102, 0.9290015, 0.897631, 0.81932545, -0.17331564, -0.28766966, 0.44473985, -0.035439946, -0.86849964, 0.6993984, -0.73387367, -0.7795799, 0.59803075, -0.48571053, 0.3996259, -0.1056938, -0.0002666479, 0.29513347, 0.6212119, 0.97619444, 0.50943464, -0.5981951, -0.6021007, 0.5141553, -0.44935045, 0.031193255, 0.57224023, -0.06871413, -0.71851563, -0.5356964, 0.40934733, 0.9164679, 0.5402743, 0.8353817, -0.07639499, -0.6561764, -0.55515426, -0.40566626, -0.8963005, 0.48703936, 0.37051526, -0.48585206, 0.44331717, 0.47476375, 0.11802589, -0.77346283, -0.50181764, -0.9859541, -0.6754047, 0.35405698, -0.69356596, -0.08735149, 0.39232895, -0.63176864, 0.7764606, -0.4240534, -0.5722391, -0.8255242, -0.6383932, 0.43915197, -0.6619324, 0.99793994, -0.59760815, 0.20372228, -0.7436064, 0.5153252, 0.31723285, 0.8691209, -0.029361904, -0.9143492, -0.6374083, 0.8586634, -0.20373961, 0.3134117, -0.012054955, -0.98763484, -0.7568817, -0.98764545, 0.10087627, 0.7216558, -0.486517, 0.93174434, 0.2892307, -0.9125347, 0.49846342, -0.24346521, -0.18880475, 0.63773596, 0.721852, -0.13602966, -0.2568076, 0.08749123, 0.43590173, -0.6984318, 0.8911706, -0.0018976118, -0.30256006, 0.17510143, -0.33520314, 0.13694718, 0.4552166, 0.8009364, -0.7707028, 0.21002977, 0.8799686, -0.91625494, 0.41469517, 0.33324987, -0.5140225, 0.3060104, 0.98904264, -0.416328, -0.95477563, -0.20274954, 0.025634238, 0.4550644, -0.97554773, -0.4328713, -0.7924365, -0.16272537, 0.91292894, -0.11478846, 0.13050196, 0.7801483, 0.9594987, 0.85540223, -0.45179722, -0.79949176, 0.4571965, -0.7625206, -0.31549764, 0.5269469, 0.35890165, -0.16501725, -0.17448732, 0.56113803, 0.073847696, -0.15089984, 0.05510423, -0.45388395, 0.40760764, 0.7086541, 0.030609205, 0.44091597, -0.35297638, 0.804332, -0.7038282, -0.25930208, 0.5897989, 0.725648, -0.40815255, -0.6673107, -0.22171481, -0.34699857, -0.62819993, 0.10572513, -0.38228288, -0.8240833, 0.66125786, 0.32636857, 0.63655883, 0.079332426, 0.67663026, -0.21701363, 0.10899498, -0.34132078, 0.77232426, -0.86240685, -0.93368816, -0.6765186, -0.7648071, -0.40367004, -0.8858544, 0.38344646, 0.21391763, 0.4614346, -0.4728227, -0.975335, -0.1134856, -0.68550617, -0.5727775, -0.10865768, -0.5872578, 0.5169586, -0.20624195, -0.68916357, 0.47616893, -0.91200703, -0.36978474, 0.31014064, -0.3852688, 0.3975082, 0.84220225, 0.80164486, -0.498635, 0.5662757, -0.5325992, -0.2395753, 0.7382539, 0.8833689, -0.3198955, -0.045804594, -0.6576954, -0.51153463, 0.054596603, 0.3018687, 0.91777694, 0.5714329, -0.97286123, -0.67770827, 0.54630107, 0.2532106, 0.5137672, 0.7295462, 0.33215275, -0.39561522, -0.030673599, -0.53258437, 0.73485965, -0.24236436, -0.5205284, 0.16260935, -0.10227156, 0.57574594, -0.06351524, 0.8378506, -0.87503916, -0.05577493, 0.053960864, 0.121880025, -0.16431019, 0.0083580315, 0.2541506, -0.23989815, -0.2817424, -0.72417796, 0.67700255, -0.92427856, -0.31061357, -0.82319903, -0.5349346, 0.3555427, -0.7111007, 0.96306777, 0.46722585, -0.62906975, 0.81338984, -0.84218675, -0.07837671, 0.72867715, 0.561178, -0.14575265, 0.078309625, 0.48811868, -0.40561384, 0.52408135, 0.389739, 0.30097416, 0.93162864, -0.08568405, -0.2328933, -0.71966016, -0.060170136, -0.71476936, 0.7545469, 0.38335928, -0.55604315, 0.8926523, -0.5167297, -0.8706815, 0.8628604, -0.99439394, -0.8507482, -0.44764698, 0.7618737, 0.1101879, -0.89063936, -0.727152, -0.5983014, 0.8749633, 0.14082205, -0.8505885, -0.80164814, 0.011114868, 0.7341642, -0.48010832, -0.51291734, -0.446605, -0.21204203, 0.31920022, -0.5917193, 0.45988876, 0.2837214, -0.16058952, 0.7664455, -0.6844272, -0.22853707, 0.285158, -0.39538285, -0.56011796, -0.30787095, 0.4069836, 0.21011163, 0.1347421, 0.37060624, -0.36527085, -0.35953888, 0.6268461, -0.48905492, 0.59341806, -0.23191789, -0.4186863, -0.44582585, -0.97481984, -0.74697286, -0.35705754, 0.18615411, -0.4866219, -0.8577469, 0.46095833, -0.35048896, 0.12365356, 0.18484937, -0.4456434, -0.47641885, 0.4765934, 0.5415541, -0.27639246, -0.39719942, -0.6993653, 0.029200422, -0.8615812, -0.12186851, 0.95968336, 0.67814374, 0.63605094, -0.2106143, -0.5383692, -0.8669916, -0.87452257, -0.7480935, 0.2613369, -0.35994697, -0.9217418, 0.78008, -0.34916273, 0.5546089, -0.7516011, 0.016352423, -0.14295179, 0.7733279, 0.9421565, 0.513625, -0.68301004, 0.4424856, 0.12132699, -0.08424873, 0.5936273, -0.85183424, -0.42637065, 0.9348805, 0.74649215, 0.6889658, 0.18084396, 0.10869773, -0.7729025, -0.78130925, 0.78443235, 0.38345206, -0.21797465, 0.03870628, 0.02199013, 0.6062707, -0.71895117, 0.98800147, -0.33324227, -0.30547065, 0.8723073, -0.30484134, -0.5636261, -0.26393667, 0.26864478, 0.24256702, -0.51220953, -0.38979763, -0.375308, 0.68035537, 0.36250132, 0.04861942, -0.15242548, -0.68697214, 0.7806958, 0.82038695, 0.24761769, 0.5715115, -0.84034824, 0.77565026, -0.7047487, 0.72549236, 0.7540302, 0.13730331, 0.51952326, 0.017402181, 0.57997066, -0.7015717, -0.3812328, -0.9036841, 0.60257834, 0.85995287, 0.16693096, 0.8929453, 0.016325695, -0.46563098, 0.96547234, 0.9737102, -0.5655654, 0.9476157, -0.96373135, 0.46732277, 0.8638488, -0.5829004, -0.66977364, -0.86931705, -0.9251604, 0.23662624, -0.053779934, 0.489634, -0.4313811, 0.21913363, 0.8055629, 0.20464326, 0.0395141, -0.611314, 0.12932673, -0.9872974, 0.5151306, -0.42690587, -0.014324973, 0.87207294, -0.9014673, -0.45097923, 0.5449003, -0.9262196, 0.15708344, 0.740394, 0.85479254, -0.85328215, 0.40077385, -0.9854408, -0.9550583, -0.31600472, -0.8409731, -0.029885247, -0.13822499, -0.5759988, -0.8312304, 0.7968522, -0.39249313, 0.36838877, 0.623522, 0.28657517, 0.48827687, 0.10890077, -0.42128065, 0.47754008, -0.39859983, -0.88738567, -0.10043824, 0.921903, -0.5034919, 0.7729654, 0.6697144, 0.15678932, -0.12719694, -0.39158574, -0.6913797, -0.29462305, 0.64666045, -0.44049647, -0.4994784, -0.4098112, 0.63706297, 0.77134615, -0.02047267, -0.7338426, 0.8081036, -0.41426075, 0.48591518, -0.11555276, 0.97328746, 0.6958787, -0.50251234, -0.9426688, -0.090491824, -0.14281651, -0.7484203, 0.503735, 0.8346154, 0.47012067, 0.33159578, -0.8722785, 0.11195353, 0.014965608, -0.58167744, -0.3521124, -0.5104093, 0.15580615, 0.13378072, -0.7127261, 0.35790256, 0.7269276, -0.36878076, -0.22805536, 0.5747936, -0.70926696, -0.9661208, 0.2431018, -0.10066034, 0.42984805, -0.26701578, -0.5531109, -0.96286225, 0.10926832, 0.38672677, 0.9012755, -0.93491054, 0.41935363, 0.5625831, 0.8238908, 0.82539845, -0.99647444, 0.8167935, 0.4141535, -0.56989354, 0.14009151, -0.1842301, 0.41773257, -0.52540153, -0.170517, 0.47820377, 0.6256643, 0.3673411, 0.2880996, 0.0048295897, 0.7325575, -0.05361061, -0.85188746, -0.36687782, -0.7908144, -0.39942884, 0.8856582, 0.7644172, 0.77770174, 0.884982, 0.20301254, -0.8518639, 0.19732234, -0.49095255, 0.7896625, -0.9197919, 0.43521762, 0.9776398, 0.89461124, 0.29450488, 0.4137628, -0.51970226, 0.8127164, 0.86829984, -0.98351175, 0.8319873, -0.6223455, 0.7897368, -0.35076347, 0.3036729, 0.8283917, 0.096932724, 0.5881919, -0.633858, -0.9059545, -0.62362283, -0.01370218, -0.6625809, 0.28433925, 0.47239834, 0.6814982, 0.7305783, 0.03890859, -0.6396812, -0.14272322, -0.2483615, 0.8290689, -0.09775956, 0.3922722]","[-7.0, 4.0, 4.0, -2.0, -1.0, 4.0, -1.0, 2.0, -2.0, -3.0, -2.0, -1.0, 4.0, -2.0, 4.0, -2.0, -2.0, -3.0, -7.0, -1.0, -8.0, -2.0, -2.0, -7.0, 5.0, 10.0, -7.0, -8.0, 3.0, -7.0, -14.0, 4.0, -2.0, 4.0, 5.0, 3.0, 4.0, -6.0, -7.0, -7.0, 0.0, 5.0, -1.0, -4.0, 1.0, 5.0, 3.0, -7.0, -3.0, -2.0, 5.0, 3.0, 5.0, -1.0, 1.0, 1.0, -1.0, -2.0, 0.0, 4.0, 3.0, 4.0, -2.0, 0.0, 3.0, 4.0, -7.0, -3.0, -2.0, 5.0, 5.0, 2.0, -1.0, 4.0, -6.0, 3.0, 4.0, -3.0, -1.0, 6.0, -2.0, -6.0, -1.0, -7.0, 6.0, 10.0, -1.0, -1.0, 0.0, 4.0, -1.0, 6.0, -1.0, 10.0, -2.0, 4.0, 4.0, -3.0, -6.0, -4.0, -1.0, -1.0, 1.0, -1.0, -8.0, 5.0, 1.0, 3.0, 5.0, -3.0, -2.0, -7.0, -7.0, -2.0, 4.0, -8.0, 5.0, -7.0, 5.0, -3.0, 5.0, 5.0, 0.0, 4.0, -2.0, 3.0, -1.0, 4.0, 3.0, -2.0, 5.0, -1.0, -4.0, -7.0, -2.0, -8.0, -1.0, -8.0, 3.0, 4.0, 4.0, 5.0, -2.0, 4.0, 5.0, 4.0, -8.0, 0.0, -7.0, 4.0, -10.0, 5.0, -3.0, 0.0, -2.0, -7.0, 4.0, 4.0, 4.0, -1.0, -3.0, 4.0, 5.0, 3.0, -13.0, -1.0, -7.0, 4.0, -9.0, -5.0, 3.0, -1.0, 5.0, 3.0, 1.0, -2.0, -2.0, -2.0, -3.0, 0.0, 3.0, -2.0, -2.0, -5.0, -2.0, -2.0, 5.0, -6.0, 2.0, 10.0, -3.0, -2.0, 4.0, -4.0, -2.0, 0.0, -2.0, -8.0, -2.0, -2.0, -8.0, -2.0, -2.0, 5.0, -1.0, 5.0, -1.0, -3.0, -1.0, -1.0, 5.0, 4.0, -2.0, 4.0, 1.0, -8.0, 4.0, 4.0, -2.0, -3.0, 4.0, -7.0, -3.0, -7.0, 8.0, 5.0, 4.0, -3.0, 0.0, 4.0, -7.0, 0.0, 5.0, -2.0, 0.0, 4.0, 4.0, 4.0, -1.0, 3.0, 1.0, -1.0, -6.0, 3.0, 2.0, 0.0, 4.0, -5.0, -2.0, 6.0, -2.0, -5.0, -2.0, -1.0, -2.0, -4.0, -1.0, -4.0, -2.0, -2.0, -2.0, 5.0, -7.0, -2.0, 4.0, -1.0, -7.0, 1.0, -7.0, 5.0, 4.0, -1.0, -1.0, -6.0, 6.0, -1.0, 5.0, -2.0, -4.0, -7.0, 4.0, -1.0, 0.0, -1.0, -1.0, 12.0, 0.0, -1.0, 4.0, 4.0, -1.0, -2.0, -8.0, -2.0, -2.0, -1.0, -7.0, -1.0, -3.0, -2.0, 4.0, 3.0, 4.0, -1.0, -1.0, 0.0, -3.0, 4.0, 0.0, -2.0, 3.0, 3.0, -6.0, -1.0, -2.0, 0.0, 1.0, -1.0, 5.0, 4.0, -1.0, -8.0, -1.0, 3.0, 6.0, 1.0, -7.0, 4.0, 5.0, 2.0, 0.0, 0.0, 4.0, 10.0, -2.0, -2.0, -8.0, -2.0, 4.0, 12.0, -1.0, 5.0, -4.0, -7.0, -7.0, 0.0, -1.0, -1.0, -2.0, -1.0, -3.0, -1.0, -1.0, 4.0, 5.0, 5.0, -2.0, -7.0, 3.0, -1.0, -7.0, -1.0, 4.0, -7.0, 6.0, -1.0, 4.0, 10.0, 4.0, -7.0, -1.0, 13.0, 4.0, 9.0, 0.0, 4.0, -3.0, 4.0, 5.0, 4.0, 4.0, 4.0, -2.0, 5.0, -1.0, 4.0, 3.0, 5.0, 5.0, 3.0, 0.0, 5.0, -2.0, 11.0, 5.0, 11.0, -2.0, -2.0, 5.0, 10.0, -3.0, 5.0, 10.0, -1.0, 3.0, -1.0, -7.0, 5.0, -2.0, 4.0, -2.0, 3.0, 3.0, 1.0, -8.0, -2.0, -10.0, 5.0, 0.0, -3.0, -8.0, 1.0, 8.0, -6.0, 6.0, 3.0, -7.0, -7.0, -2.0, -1.0, -1.0, -1.0, -2.0, -2.0, -2.0, -2.0, -14.0, -7.0, -1.0, -7.0, -1.0, -8.0, 4.0, -2.0, 5.0, -2.0, 5.0, -2.0, 5.0, 4.0, -1.0, -2.0, 4.0, 4.0, 5.0, 4.0, 3.0, -1.0, 4.0, 2.0, 4.0, -2.0, -2.0, -1.0, 9.0, -1.0, -1.0, -8.0, 0.0, 5.0, 2.0, 4.0, -1.0, 5.0, -1.0, 5.0, -8.0, -1.0, -2.0, -1.0, -2.0, -2.0, -10.0, 5.0, -5.0, -1.0, 5.0, 11.0, -1.0, 0.0, -5.0, -2.0, -2.0, 2.0, -2.0, -2.0, -2.0, -8.0, 0.0, -2.0, -7.0, 4.0, -7.0, -1.0, -3.0, -5.0, 4.0, 2.0, -1.0, -2.0, 4.0, 5.0, -4.0, 4.0, -1.0, -1.0, -1.0, 3.0, 9.0, -7.0, 4.0, -2.0, -3.0, -2.0, -2.0, 5.0, 4.0, 4.0, -5.0, -1.0, -1.0, 3.0, -3.0, -1.0, -7.0, 0.0, -1.0, 4.0, 3.0, -5.0, 5.0, 4.0, -1.0, -1.0, 4.0, -3.0, -1.0, -1.0, -2.0, -2.0, 5.0, 5.0, -2.0, 1.0, -7.0, 5.0, 4.0, -2.0, -1.0, 3.0, -1.0, -7.0, -5.0, -2.0, -1.0, -1.0, 5.0, -1.0, 0.0, 4.0, -3.0, -7.0, -2.0, -1.0, -1.0, -2.0, 3.0, -3.0, -2.0, 1.0, 1.0, -3.0, 0.0, -1.0, -8.0, 4.0, 3.0, 1.0, -1.0, -2.0, -7.0, -2.0, -1.0, 3.0, -1.0, -1.0, 5.0, -3.0, 4.0, 0.0, -2.0, -7.0, -7.0, 3.0, 5.0, -1.0, 11.0, 4.0, -1.0, 4.0, -2.0, 0.0, 10.0, 0.0, -7.0, -2.0, -8.0, -2.0, 7.0, -1.0, -1.0, 4.0, 6.0, 5.0, 4.0, 2.0, -1.0, -2.0, 10.0, -4.0, -1.0, -2.0, 4.0, -1.0, -1.0, 0.0, 5.0, -1.0, 2.0, -1.0, -2.0, -1.0, -6.0, 2.0, -1.0, -2.0, 1.0, -2.0, 3.0, -2.0, -2.0, 6.0, -2.0, -2.0, 1.0, -2.0, -2.0, -6.0, 4.0, 1.0, 5.0, -3.0, -3.0, 5.0, 4.0, -6.0, -2.0, -1.0, -1.0, 0.0, -1.0, -3.0, 3.0, 3.0, 1.0, 0.0, 5.0, 1.0, -1.0, -1.0, -2.0, -1.0, 5.0, -3.0, 5.0, -1.0, -12.0, -2.0, -1.0, -1.0, -5.0, -7.0, -1.0, -2.0, -3.0, 6.0, 8.0, -3.0, 0.0, 4.0, 3.0, 5.0, -1.0, 3.0, 4.0, -1.0, 4.0, -1.0, 5.0, -15.0, -7.0, -1.0, -2.0, 1.0, -7.0, 5.0, -1.0, 1.0, -2.0, 6.0, 0.0, -4.0, -1.0, -2.0, 2.0, -2.0, 0.0, -6.0, -8.0, -2.0, 4.0, 4.0, -2.0, 1.0, 1.0, -5.0, 4.0, -1.0, -3.0, 10.0, -2.0, 5.0, 3.0, -1.0, 3.0, 5.0, 4.0, -2.0, -3.0, 4.0, 4.0, -1.0, 3.0, 10.0, -1.0, 2.0, -2.0, 4.0, -2.0, 5.0, -6.0, 5.0, -1.0, -5.0, 4.0, 0.0, 5.0, 0.0, -2.0, -2.0, -8.0, -2.0, -1.0, 5.0, -1.0, 5.0, -2.0, -1.0, -2.0, -2.0, -2.0, -2.0, 10.0, 4.0, 3.0, 3.0, 4.0, 10.0, 4.0, 4.0, -2.0, 0.0, -2.0, -13.0, 4.0, -1.0, 9.0, -2.0, 4.0, 3.0, 4.0, -2.0, -2.0, 5.0, -3.0, -7.0, -2.0, -2.0, -2.0, -7.0, -1.0, -2.0, 0.0, 10.0, 9.0, -1.0, 4.0, -2.0, -2.0, -7.0, 5.0, 11.0, 4.0, 5.0, -1.0, -8.0, 4.0, -2.0, -5.0, 4.0, -1.0, -7.0, -1.0, 4.0, 0.0, -1.0, -1.0, -8.0, -2.0, -1.0, 5.0, 4.0, -9.0, -4.0, -1.0, -14.0, 2.0, -12.0, -2.0, -7.0, 6.0, -1.0, 5.0, -8.0, -7.0, -1.0, -2.0, -4.0, 3.0, -2.0, -7.0, 0.0, 4.0, 5.0, 5.0, 9.0, 5.0, 2.0, -2.0, -1.0, 7.0, -1.0, 3.0, -1.0, 4.0, 4.0, -1.0, -2.0, 5.0, 4.0, -2.0, -2.0, -1.0, 4.0, -1.0, 0.0, -4.0, 3.0, -8.0, 4.0, -5.0, -1.0, -7.0, -2.0, -7.0, -1.0, 3.0, 5.0, -2.0, 5.0, -9.0, 5.0, -2.0, 0.0, -1.0, -5.0, -1.0, -1.0, -14.0, 0.0, 5.0, 11.0, -2.0, 5.0, 5.0, 4.0, 4.0, -1.0, -1.0, 4.0, -2.0, -1.0, -5.0, 4.0, 5.0, 4.0, 2.0, -7.0, -2.0, -2.0, 5.0, 6.0, -1.0, 4.0, 0.0, 5.0, 5.0, -7.0, -6.0, 6.0, 3.0, -7.0, -7.0, -3.0, -7.0, -1.0, 5.0, -6.0, -13.0, 10.0, -1.0, 6.0, 10.0, -1.0, 3.0, -2.0, 0.0, 1.0, -2.0, -3.0, -2.0, 5.0, 5.0, -3.0, -2.0, -6.0, 15.0, 5.0, 3.0, -4.0, 5.0, 0.0, -1.0, 5.0, -2.0, 4.0, -1.0, 5.0, 4.0, -1.0, 4.0, -1.0, 11.0, -2.0, -8.0, -1.0, 8.0, 5.0, 9.0, 2.0, -6.0, 4.0, 3.0, -8.0, -1.0, 11.0, -2.0, -2.0, -20.0, -2.0]",8.192839107609505,0.0037555694580078,0.0,0.0,0
24,24,"[0.0025686477, 0.8366684, 0.9045556, -0.6572352, -0.37167817, -0.6501464, -0.1960095, 0.9145245, -0.9885762, -0.91358644, 0.7154723, -0.08160787, -0.095491126, 0.14659925, 0.29258403, -0.16797425, -0.24483284, -0.013268511, 0.6262329, 0.084718, 0.469185, -0.34400305, -0.29898116, 0.25029916, 0.044536334, -0.45686066, -0.5960818, 0.14759952, 0.38740373, -0.5288921, -0.21841641, 0.40478393, 0.18587388, -0.013317248, 0.009878384, 0.2767884, 0.96365637, 0.7468583, -0.58846736, -0.9354006, 0.6298674, 0.28270322, -0.05579466, 0.05854417, 0.103733234, 0.3302052, 0.9021141, 0.2533126, -0.62968016, -0.62155086, -0.7966041, -0.24145377, -0.77635866, 0.7226486, 0.70426846, -0.15785049, -0.17849533, 0.5236835, 0.11867131, 0.031039268, -0.8885105, 0.92386925, 0.5266036, -0.9318431, 0.04514807, -0.75495017, 0.9139641, -0.03954318, -0.10795268, -0.25803643, -0.03364416, 0.04753572, -0.439185, -0.035479374, 0.3659925, -0.1656815, -0.9475721, -0.7116211, -0.8365006, 0.46809775, 0.043000698, 0.07232636, 0.19734125, -0.62556577, 0.29143494, 0.062575005, 0.7769425, 0.35071805, -0.3349617, 0.35233885, 0.5178215, -0.7107606, -0.9709392, -0.24322382, 0.5566216, 0.1586801, -0.96219355, 0.8403857, -0.3676885, 0.4771127, -0.23664278, -0.013525088, 0.6507263, -0.24546535, 0.056599185, 0.526131, 0.112296015, 0.16469635, -0.7996982, 0.97536, -0.5342708, -0.14401315, 0.8373864, -0.24488641, 0.5767082, -0.24025306, -0.80068326, -0.821145, -0.9051469, 0.8971737, 0.36768174, -0.8746202, 0.64308846, 0.83276284, -0.864507, -0.71619374, -0.8071797, 0.17829898, 0.37650225, 0.035105407, 0.29972878, -0.22519298, 0.045001574, -0.580577, 0.84408545, 0.6660742, 0.53118575, -0.0556579, -0.620959, -0.8389647, 0.75771296, 0.8256063, 0.053965777, 0.85075074, 0.472225, 0.79628414, -0.94365704, 0.24003883, -0.39915875, 0.10514473, -0.37676522, -0.35144493, 0.566751, 0.70465875, 0.55899924, -0.5835794, -0.5877709, -0.3360784, -0.5771297, 0.5313378, 0.54315746, 0.37613896, 0.5026344, -0.5961609, 0.545634, -0.5914028, -0.18330093, 0.8929003, 0.82227653, 0.5004717, 0.98030645, 0.89817995, -0.49262214, -0.86501133, 0.47332188, 0.21456376, 0.6713205, 0.45402873, -0.046616137, 0.068680905, -0.028197678, 0.06881812, 0.22762156, -0.3279191, -0.99067235, 0.7707657, 0.49532893, -0.52445453, -0.09532928, 0.1797778, -0.017805025, -0.31546265, 0.87416226, 0.82867515, 0.20910431, 0.60344803, -0.2160078, -0.054126117, 0.24988706, 0.27582642, -0.9811266, 0.21546827, 0.97337556, 0.9856133, 0.049527843, 0.6202834, 0.022602884, -0.85116696, -0.901906, 0.20022622, -0.7484674, -0.71059495, -0.5649507, -0.28749713, 0.37404555, 0.9829386, -0.47525454, 0.0265066, 0.5621894, 0.7604134, -0.6315253, -0.36168757, 0.8284893, 0.45074874, 0.30641544, 0.32061008, -0.8687791, -0.95601887, 0.9742863, -0.26272774, 0.3333381, 0.38180664, -0.7370952, -0.054434236, -0.13314496, 0.33208296, 0.54908675, 0.23034164, -0.17386784, -0.77773577, 0.16917309, 0.5036267, -0.29798067, 0.5072514, -0.290665, 0.06993974, 0.24971615, 0.87421644, -0.30856967, 0.97026014, -0.99309236, 0.2709152, 0.111115, 0.33274296, 0.36445245, 0.22314093, 0.8771055, 0.69826156, 0.32093474, 0.9073031, 0.21730217, -0.40660977, 0.11051284, 0.18211311, -0.79765683, 0.76464045, -0.4744023, 0.10094709, 0.74064016, -0.33995858, -0.38354427, -0.5046845, -0.38848892, 0.101335615, 0.7118427, -0.80740607, -0.04201808, -0.77404743, -0.8519008, -0.32999286, -0.5106909, -0.57724553, 0.8707204, -0.42932698, 0.020783454, -0.12941591, -0.96685386, 0.87186956, 0.24670722, -0.61592597, 0.45321056, 0.81714016, -0.12343091, 0.60509783, 0.43686974, -0.4674325, 0.31834888, 0.9580866, -0.18655, 0.03403909, -0.22297588, -0.66581035, 0.3092302, -0.09755842, -0.9194227, -0.093304954, 0.31116596, -0.05681752, 0.44566932, -0.27437386, -0.9112928, -0.6602291, 0.3159063, -0.24830146, -0.4100718, -0.38568655, -0.7522103, 0.039699078, 0.85100836, 0.089334354, -0.40577543, 0.45140132, 0.35869676, 0.3920868, -0.0681303, -0.27754012, -0.5749931, 0.59596395, -0.82214934, -0.76802146, 0.03003782, 0.5541759, 0.9920355, -0.5251895, -0.24873638, 0.85691947, -0.37989342, 0.08765874, -0.913975, -0.16505325, -0.3398997, -0.45190424, 0.5762359, 0.8498412, -0.20517607, -0.582565, -0.35747546, 0.3284643, -0.08040563, -0.18452033, -0.995669, 0.12413548, 0.30125087, -0.36720765, 0.22364222, -0.42641938, -0.5343983, 0.4149262, 0.94130915, 0.77718717, 0.47620335, -0.08147093, 0.9933549, 0.5506357, -0.8059249, 0.6361867, -0.68331033, -0.4464651, 0.557625, -0.7678731, 0.70054656, 0.028049646, 0.13751431, -0.17603196, -0.30029222, -0.34522423, -0.34485257, 0.5776563, 0.5965806, -0.13923572, 0.24192907, 0.91431326, -0.56831604, -0.34987512, 0.7186524, 0.612645, 0.33786502, -0.4920688, -0.12063814, 0.6222026, -0.31899932, 0.9755695, -0.710967, -0.7085068, -0.0055836113, -0.06512953, -0.82225645, -0.7892956, 0.70148593, 0.089105286, 0.15094818, -0.010344494, -0.0052540693, -0.6664947, -0.11792244, -0.8779549, -0.45000187, -0.38739696, -0.6504722, -0.6314597, 0.5073146, -0.0320471, 0.21112244, 0.4552918, 0.7789664, -0.28307822, 0.18216082, -0.5455016, -0.7763698, -0.49493247, -0.1360821, 0.6927596, -0.9069592, -0.14968741, 0.23510103, 0.9187158, 0.33978587, 0.54616207, 0.9580821, -0.669781, 0.89153767, 0.28675705, 0.2728908, -0.51772106, 0.2712651, 0.90422803, -0.9750308, 0.63212025, -0.5211098, -0.8635298, 0.59946704, -0.76807123, 0.12827413, 0.06468334, -0.0694478, -0.38498905, -0.62559146, 0.61438286, 0.37811333, -0.30395663, -0.9209454, -0.48108482, -0.3519882, 0.82981926, 0.7776569, 0.2810039, -0.010352953, 0.8834539, 0.7763042, -0.29982513, -0.122796826, 0.69941026, -0.9760556, -0.5815505, 0.49159902, -0.9122463, -0.8038819, -0.6173118, 0.9627603, 0.6548995, -0.78663313, 0.7442375, 0.018920152, 0.2577029, -0.5984548, 0.38391882, -0.7673946, 0.7508454, 0.54083884, 0.94098413, 0.9659175, 0.9158859, 0.18875016, 0.7734313, 0.9572302, -0.6329939, -0.3789305, 0.8583477, 0.9679396, 0.8447349, -0.58308864, -0.59741026, -0.28275043, -0.05762235, 0.1481049, 0.667449, -0.39755607, -0.15382431, -0.19777629, -0.8912434, -0.66070217, -0.7321148, 0.06367087, -0.8703998, 0.2066005, 0.14808513, -0.51265174, 0.54689234, 0.62328875, -0.062932216, 0.078796685, -0.11599115, -0.5680443, -0.5487533, 0.98698354, -0.5129032, -0.7757268, -0.5095274, 0.24804303, 0.08911283, 0.42148134, -0.6353394, 0.47428143, 0.7199376, 0.37478963, -0.40472323, -0.7074406, -0.75100607, 0.83612186, -0.69823456, 0.9772067, -0.5189525, 0.092922874, 0.60807925, -0.66924155, -0.42462707, 0.59901583, -0.40343514, 0.49142265, 0.38468394, 0.15441309, -0.14602943, 0.4909296, -0.5441593, 0.9303401, 0.73013806, 0.048120424, 0.9520486, 0.35374537, -0.1949496, 0.657764, 0.03863808, -0.61319166, -0.6376674, -0.3356176, 0.092155695, 0.6469434, -0.8769005, -0.9014262, -0.5810132, -0.23342374, -0.84138656, 0.45421526, -0.038715415, 0.95134765, -0.26766604, -0.30399263, -0.7695296, -0.17058593, -0.9649686, -0.19155264, -0.05639809, -0.101983756, 0.9582342, -0.2690646, -0.64510036, -0.31406575, 0.43108335, 0.601596, -0.6019849, -0.45339605, -0.81523013, -0.2697422, 0.041527614, 0.28616062, 0.9883917, -0.028214617, -0.6561082, -0.91733944, 0.33647385, 0.5190392, 0.26332885, 0.63132066, -0.10509478, 0.7382716, -0.15386403, 0.21955928, -0.5263431, -0.7563448, 0.78099763, -0.6121876, -0.24762845, 0.6296681, -0.7892169, 0.22858495, -0.35522127, 0.66354567, 0.7290825, -0.35053036, 0.56661797, 0.0549395, -0.5868031, 0.18370822, -0.5514504, -0.42014304, 0.06830172, 0.4521655, -0.8316586, -0.9106626, 0.40377554, -0.15032849, 0.42496532, 0.09595298, 0.90148544, -0.8506948, -0.44123265, -0.097294316, -0.1699195, -0.55798334, 0.92649794, 0.038054377, 0.48139507, -0.6486787, -0.678111, 0.74082285, 0.08731249, -0.89741015, 0.21680297, -0.3729526, 0.52968836, 0.14781451, -0.17342944, -0.9107349, -0.029672265, 0.059084143, -0.098598935, 0.26349813, 0.38810512, -0.34318238, 0.029375385, 0.95782584, 0.958399, -0.14867836, 0.14513883, 0.8758729, -0.73861873, 0.7982102, 0.8944575, 0.8502283, -0.87342364, -0.61225516, 0.33093506, -0.54083425, 0.34485763, -0.13837838, -0.8906408, -0.4445918, 0.22812824, -0.66161025, -0.17474629, -0.01869625, -0.697177, -0.058540862, 0.8391116, -0.99763685, -0.61294156, 0.9585317, 0.38609415, -0.69735044, 0.03619814, -0.88622445, -0.2950483, 0.82855946, 0.16392373, 0.89204514, 0.3777111, -0.6142091, -0.15359801, 0.113745384, 0.9348553, 0.0029037215, -0.4172847, 0.98922175, 0.18254752, -0.40289247, 0.91921246, -0.74686235, 0.40345147, -0.6790786, 0.35799676, 0.9869868, -0.5789118, 0.31778455, -0.007605771, -0.73266065, -0.3340049, 0.91576797, -0.5876869, 0.96896386, 0.14969045, -0.79424614, -0.667579, -0.42530677, 0.96642816, -0.7159781, 0.30651504, -0.7696168, -0.49146938, 0.6660263, 0.6568103, -0.5919731, 0.78577274, -0.341932, 0.3207596, -0.7261473, 0.2629101, 0.5254122, -0.7445327, 0.7787147, -0.21986896, 0.8124353, 0.7755342, -0.92694956, 0.012986935, -0.13256033, -0.5197142, 0.10308095, 0.21568838, 0.70724076, -0.012145651, 0.70719737, 0.30794284, -0.48580152, 0.63567543, -0.056447994, -0.3386901, -0.086615056, 0.7168178, -0.8384985, -0.13216746, -0.35971963, 0.77417016, 0.36487973, 0.759148, 0.24928458, 0.0143633885, -0.43519285, 0.7946974, -0.38405398, -0.43029082, 0.34878048, 0.3437956, -0.031877816, -0.57868904, -0.06981723, -0.96885604, 0.023530368, -0.34688562, -0.63294846, -0.17589736, 0.031483673, -0.8283145, -0.029471308, -0.13395831, -0.3344761, -0.11527608, -0.3050575, 0.33330676, 0.45796543, 0.7831387, -0.5910434, -0.034774467, 0.49631125, 0.56300426, -0.02661259, -0.7513487, -0.6163506, -0.9562404, -0.18547556, -0.031288374, 0.0020249712, 0.25794226, 0.53165185, 0.28702915, 0.43500632, 0.8915629, 0.742534, 0.22040957, 0.052715916, -0.17850493, 0.51660365, 0.2542385, 0.40217072, 0.43863073, 0.39466766, -0.32758772, 0.46690282, -0.14894265, 0.5859897, -0.5695734, 0.5521453, 0.15131064, -0.55438805, -0.7679734, -0.9983055, -0.25387728, -0.33695456, -0.20770352, 0.21239436, -0.8989319, -0.7925458, 0.39193487, -0.97341233, -0.15528154, 0.85484904, 0.31857347, 0.790232, 0.9150774, 0.77052677, 0.9424016, -0.21447663, 0.5321142, 0.3878383, -0.596924, 0.8652916, 0.7012722, -0.71688014, 0.40399912, 0.5592394, 0.7651103, 0.52122664, -0.2580124, 0.5380816, 0.6013048, 0.5326879, 0.82128567, 0.6984329, 0.75007844, -0.89911467, -0.24805519, -0.7167803, -0.67229515, -0.12742245, 0.30467224, 0.48316723, 0.34770402, 0.011900034, 0.56929487, 0.7778381, -0.61597276, 0.47413364, 0.38629702, -0.08145349, -0.288066, -0.46399987, -0.014839442, -0.88112515, 0.99592113, -0.59223187, 0.3262343, -0.40772277, 0.60188174, -0.021252519, -0.9649369, 0.4697391, 0.57454586, 0.8271821, 0.334384, 0.33729184, 0.58906704, -0.6928034, 0.7814356, -0.9527051, -0.62277097, -0.3478644, -0.53326607, -0.47780773, 0.17203394, 0.82748115, 0.8157957, 0.86738575, -0.24938937, -0.61305517, -0.8536652, -0.2392688, 0.5884341, -0.9785982, -0.23897868, 0.6270028, 0.3726214, -0.40916762, -0.21271974, -0.81431377, -0.8568899, -0.5795572, -0.9478888, -0.29831856, -0.1772013, 0.69453967, -0.444349, 0.5040417, -0.9997571, -0.7313862, 0.044609096, 0.5361054, -0.88090134, 0.02748616, 0.23798126, -0.6408947, 0.93130225, -0.8475054, -0.25996852, -0.3018887, 0.30426973, 0.7848424, 0.41007963, 0.7109706, 0.37275192, -0.77295554, 0.6070986, -0.06983669, -0.39365247, 0.7955361, -0.49138936, -0.008649896, 0.42988548, 0.97485286, 0.012884846, -0.09375871, 0.27698582, -0.71080863, 0.285388, -0.062827975, 0.037190206, 0.84243095, -0.36665198, -0.18660372, -0.120703064, -0.1255344, -0.98037016, 0.8734238, -0.80491126, 0.115174524, 0.64663684, 0.8351547, 0.8808121, 0.7510627, -0.30583587, 0.59224766, 0.10241334, -0.21552609, 0.6862134, -0.40784687, -0.63595873, 0.7391015, 0.9457481, -0.9748162, 0.8308065, -0.6953372, 0.15328197, 0.8133123, -0.83388346, -0.44566634, -0.046937015, 0.8655574, -0.35765073, -0.16645382, -0.015617652, 0.5891989, 0.42757618, -0.90986687, 0.30682307, 0.61703783, -0.01594346, -0.754218, 0.26338065, -0.27340117, -0.42541683, -0.6450677, -0.94592506, 0.6459713, 0.2250605, -0.51166946, 0.16418117, 0.2285207, 0.74870944, -0.45432895, -0.21146904, -0.87243265, 0.98591644]","[-7.0, 4.0, 4.0, -2.0, -1.0, 4.0, -1.0, 2.0, -2.0, -3.0, -2.0, -1.0, 4.0, -2.0, 4.0, -2.0, -2.0, -3.0, -7.0, -1.0, -8.0, -2.0, -2.0, -7.0, 5.0, 10.0, -7.0, -8.0, 3.0, -7.0, -14.0, 4.0, -2.0, 4.0, 5.0, 3.0, 4.0, -6.0, -7.0, -7.0, 0.0, 5.0, -1.0, -4.0, 1.0, 5.0, 3.0, -7.0, -3.0, -2.0, 5.0, 3.0, 5.0, -1.0, 1.0, 1.0, -1.0, -2.0, 0.0, 4.0, 3.0, 4.0, -2.0, 0.0, 3.0, 4.0, -7.0, -3.0, -2.0, 5.0, 5.0, 2.0, -1.0, 4.0, -6.0, 3.0, 4.0, -3.0, -1.0, 6.0, -2.0, -6.0, -1.0, -7.0, 6.0, 10.0, -1.0, -1.0, 0.0, 4.0, -1.0, 6.0, -1.0, 10.0, -2.0, 4.0, 4.0, -3.0, -6.0, -4.0, -1.0, -1.0, 1.0, -1.0, -8.0, 5.0, 1.0, 3.0, 5.0, -3.0, -2.0, -7.0, -7.0, -2.0, 4.0, -8.0, 5.0, -7.0, 5.0, -3.0, 5.0, 5.0, 0.0, 4.0, -2.0, 3.0, -1.0, 4.0, 3.0, -2.0, 5.0, -1.0, -4.0, -7.0, -2.0, -8.0, -1.0, -8.0, 3.0, 4.0, 4.0, 5.0, -2.0, 4.0, 5.0, 4.0, -8.0, 0.0, -7.0, 4.0, -10.0, 5.0, -3.0, 0.0, -2.0, -7.0, 4.0, 4.0, 4.0, -1.0, -3.0, 4.0, 5.0, 3.0, -13.0, -1.0, -7.0, 4.0, -9.0, -5.0, 3.0, -1.0, 5.0, 3.0, 1.0, -2.0, -2.0, -2.0, -3.0, 0.0, 3.0, -2.0, -2.0, -5.0, -2.0, -2.0, 5.0, -6.0, 2.0, 10.0, -3.0, -2.0, 4.0, -4.0, -2.0, 0.0, -2.0, -8.0, -2.0, -2.0, -8.0, -2.0, -2.0, 5.0, -1.0, 5.0, -1.0, -3.0, -1.0, -1.0, 5.0, 4.0, -2.0, 4.0, 1.0, -8.0, 4.0, 4.0, -2.0, -3.0, 4.0, -7.0, -3.0, -7.0, 8.0, 5.0, 4.0, -3.0, 0.0, 4.0, -7.0, 0.0, 5.0, -2.0, 0.0, 4.0, 4.0, 4.0, -1.0, 3.0, 1.0, -1.0, -6.0, 3.0, 2.0, 0.0, 4.0, -5.0, -2.0, 6.0, -2.0, -5.0, -2.0, -1.0, -2.0, -4.0, -1.0, -4.0, -2.0, -2.0, -2.0, 5.0, -7.0, -2.0, 4.0, -1.0, -7.0, 1.0, -7.0, 5.0, 4.0, -1.0, -1.0, -6.0, 6.0, -1.0, 5.0, -2.0, -4.0, -7.0, 4.0, -1.0, 0.0, -1.0, -1.0, 12.0, 0.0, -1.0, 4.0, 4.0, -1.0, -2.0, -8.0, -2.0, -2.0, -1.0, -7.0, -1.0, -3.0, -2.0, 4.0, 3.0, 4.0, -1.0, -1.0, 0.0, -3.0, 4.0, 0.0, -2.0, 3.0, 3.0, -6.0, -1.0, -2.0, 0.0, 1.0, -1.0, 5.0, 4.0, -1.0, -8.0, -1.0, 3.0, 6.0, 1.0, -7.0, 4.0, 5.0, 2.0, 0.0, 0.0, 4.0, 10.0, -2.0, -2.0, -8.0, -2.0, 4.0, 12.0, -1.0, 5.0, -4.0, -7.0, -7.0, 0.0, -1.0, -1.0, -2.0, -1.0, -3.0, -1.0, -1.0, 4.0, 5.0, 5.0, -2.0, -7.0, 3.0, -1.0, -7.0, -1.0, 4.0, -7.0, 6.0, -1.0, 4.0, 10.0, 4.0, -7.0, -1.0, 13.0, 4.0, 9.0, 0.0, 4.0, -3.0, 4.0, 5.0, 4.0, 4.0, 4.0, -2.0, 5.0, -1.0, 4.0, 3.0, 5.0, 5.0, 3.0, 0.0, 5.0, -2.0, 11.0, 5.0, 11.0, -2.0, -2.0, 5.0, 10.0, -3.0, 5.0, 10.0, -1.0, 3.0, -1.0, -7.0, 5.0, -2.0, 4.0, -2.0, 3.0, 3.0, 1.0, -8.0, -2.0, -10.0, 5.0, 0.0, -3.0, -8.0, 1.0, 8.0, -6.0, 6.0, 3.0, -7.0, -7.0, -2.0, -1.0, -1.0, -1.0, -2.0, -2.0, -2.0, -2.0, -14.0, -7.0, -1.0, -7.0, -1.0, -8.0, 4.0, -2.0, 5.0, -2.0, 5.0, -2.0, 5.0, 4.0, -1.0, -2.0, 4.0, 4.0, 5.0, 4.0, 3.0, -1.0, 4.0, 2.0, 4.0, -2.0, -2.0, -1.0, 9.0, -1.0, -1.0, -8.0, 0.0, 5.0, 2.0, 4.0, -1.0, 5.0, -1.0, 5.0, -8.0, -1.0, -2.0, -1.0, -2.0, -2.0, -10.0, 5.0, -5.0, -1.0, 5.0, 11.0, -1.0, 0.0, -5.0, -2.0, -2.0, 2.0, -2.0, -2.0, -2.0, -8.0, 0.0, -2.0, -7.0, 4.0, -7.0, -1.0, -3.0, -5.0, 4.0, 2.0, -1.0, -2.0, 4.0, 5.0, -4.0, 4.0, -1.0, -1.0, -1.0, 3.0, 9.0, -7.0, 4.0, -2.0, -3.0, -2.0, -2.0, 5.0, 4.0, 4.0, -5.0, -1.0, -1.0, 3.0, -3.0, -1.0, -7.0, 0.0, -1.0, 4.0, 3.0, -5.0, 5.0, 4.0, -1.0, -1.0, 4.0, -3.0, -1.0, -1.0, -2.0, -2.0, 5.0, 5.0, -2.0, 1.0, -7.0, 5.0, 4.0, -2.0, -1.0, 3.0, -1.0, -7.0, -5.0, -2.0, -1.0, -1.0, 5.0, -1.0, 0.0, 4.0, -3.0, -7.0, -2.0, -1.0, -1.0, -2.0, 3.0, -3.0, -2.0, 1.0, 1.0, -3.0, 0.0, -1.0, -8.0, 4.0, 3.0, 1.0, -1.0, -2.0, -7.0, -2.0, -1.0, 3.0, -1.0, -1.0, 5.0, -3.0, 4.0, 0.0, -2.0, -7.0, -7.0, 3.0, 5.0, -1.0, 11.0, 4.0, -1.0, 4.0, -2.0, 0.0, 10.0, 0.0, -7.0, -2.0, -8.0, -2.0, 7.0, -1.0, -1.0, 4.0, 6.0, 5.0, 4.0, 2.0, -1.0, -2.0, 10.0, -4.0, -1.0, -2.0, 4.0, -1.0, -1.0, 0.0, 5.0, -1.0, 2.0, -1.0, -2.0, -1.0, -6.0, 2.0, -1.0, -2.0, 1.0, -2.0, 3.0, -2.0, -2.0, 6.0, -2.0, -2.0, 1.0, -2.0, -2.0, -6.0, 4.0, 1.0, 5.0, -3.0, -3.0, 5.0, 4.0, -6.0, -2.0, -1.0, -1.0, 0.0, -1.0, -3.0, 3.0, 3.0, 1.0, 0.0, 5.0, 1.0, -1.0, -1.0, -2.0, -1.0, 5.0, -3.0, 5.0, -1.0, -12.0, -2.0, -1.0, -1.0, -5.0, -7.0, -1.0, -2.0, -3.0, 6.0, 8.0, -3.0, 0.0, 4.0, 3.0, 5.0, -1.0, 3.0, 4.0, -1.0, 4.0, -1.0, 5.0, -15.0, -7.0, -1.0, -2.0, 1.0, -7.0, 5.0, -1.0, 1.0, -2.0, 6.0, 0.0, -4.0, -1.0, -2.0, 2.0, -2.0, 0.0, -6.0, -8.0, -2.0, 4.0, 4.0, -2.0, 1.0, 1.0, -5.0, 4.0, -1.0, -3.0, 10.0, -2.0, 5.0, 3.0, -1.0, 3.0, 5.0, 4.0, -2.0, -3.0, 4.0, 4.0, -1.0, 3.0, 10.0, -1.0, 2.0, -2.0, 4.0, -2.0, 5.0, -6.0, 5.0, -1.0, -5.0, 4.0, 0.0, 5.0, 0.0, -2.0, -2.0, -8.0, -2.0, -1.0, 5.0, -1.0, 5.0, -2.0, -1.0, -2.0, -2.0, -2.0, -2.0, 10.0, 4.0, 3.0, 3.0, 4.0, 10.0, 4.0, 4.0, -2.0, 0.0, -2.0, -13.0, 4.0, -1.0, 9.0, -2.0, 4.0, 3.0, 4.0, -1.0, -2.0, 5.0, -3.0, -7.0, -2.0, -2.0, -2.0, -7.0, -1.0, -2.0, 0.0, 10.0, 9.0, -1.0, 4.0, -2.0, -2.0, -7.0, 5.0, 11.0, 4.0, 5.0, -1.0, -8.0, 4.0, -2.0, -5.0, 4.0, -1.0, -7.0, -1.0, 4.0, 0.0, -1.0, -1.0, -8.0, -2.0, -1.0, 5.0, 4.0, -9.0, -4.0, -1.0, -14.0, 2.0, -12.0, -2.0, -7.0, 6.0, -1.0, 5.0, -8.0, -7.0, -1.0, -2.0, -4.0, 3.0, -2.0, -7.0, 0.0, 4.0, 5.0, 5.0, 9.0, 5.0, 2.0, -2.0, -1.0, 7.0, -1.0, 3.0, -1.0, 4.0, 4.0, -1.0, -2.0, 5.0, 4.0, -2.0, -2.0, -1.0, 4.0, -1.0, 0.0, -4.0, 3.0, -8.0, 4.0, -5.0, -1.0, -7.0, -2.0, -7.0, -1.0, 3.0, 5.0, -2.0, 5.0, -9.0, 5.0, -2.0, 0.0, -1.0, -5.0, -1.0, -1.0, -14.0, 0.0, 5.0, 11.0, -2.0, 5.0, 5.0, 4.0, 4.0, -1.0, -1.0, 4.0, -2.0, -1.0, -5.0, 4.0, 5.0, 4.0, 2.0, -7.0, -2.0, -2.0, 5.0, 6.0, -1.0, 4.0, 0.0, 5.0, 5.0, -7.0, -6.0, 6.0, 3.0, -7.0, -7.0, -3.0, -7.0, -1.0, 5.0, -6.0, -13.0, 10.0, -1.0, 6.0, 10.0, -1.0, 3.0, -2.0, 0.0, 1.0, -2.0, -3.0, -2.0, 5.0, 5.0, -3.0, -2.0, -6.0, 15.0, 5.0, 3.0, -4.0, 5.0, 0.0, -1.0, 5.0, -2.0, 4.0, -1.0, 5.0, 4.0, -1.0, 4.0, -1.0, 11.0, -2.0, -8.0, -1.0, 8.0, 5.0, 9.0, 2.0, -6.0, 4.0, 3.0, -8.0, -1.0, 11.0, -2.0, -2.0, -20.0, -2.0]",8.191414266461646,0.0032966136932373,0.0,0.0,0
25,25,"[0.6499901, -0.57946193, -0.7351296, -0.79244125, 0.67071486, -0.2802816, -0.45388216, -0.36229953, -0.08029765, 0.9118414, -0.5821184, 0.83982867, 0.2536898, -0.021484353, 0.41145143, 0.93741804, -0.6613866, -0.42498377, 0.5317998, 0.52560484, 0.58181006, -0.95414406, -0.18895233, 0.02109049, 0.75373495, -0.42119783, -0.33728936, 0.7699517, -0.3057555, 0.73153955, -0.84665644, 0.7386179, 0.18689719, -0.5835526, 0.5626241, -0.12707557, -0.94542605, -0.31604317, 0.24786736, -0.2451579, -0.37756878, -0.8158153, -0.9023231, -0.62793565, 0.9684227, -0.07703362, 0.36045152, -0.21778052, -0.36172092, 0.15444069, 0.42214838, -0.2738522, 0.46869013, -0.76247716, -0.3739224, 0.66999453, 0.7875271, 0.15522566, -0.6272267, -0.06163406, -0.253125, -0.22434522, -0.1871482, -0.83422005, 0.0031949142, 0.2170601, -0.06414943, -0.5281837, 0.87436175, -0.6320387, -0.032665603, -0.45381647, 0.8201751, 0.9639323, -0.7433126, 0.88267696, -0.11467953, -0.76487046, 0.95996535, -0.20283093, -0.96188676, -0.6650906, 0.14141048, 0.6646843, -0.12498182, 0.80045056, -0.88746434, -0.68138254, 0.95218897, -0.8107628, 0.6259934, -0.59023845, 0.37940767, 0.6781184, 0.088957734, -0.30013245, 0.8195715, 0.43527958, -0.5413327, 0.20418146, -0.4403387, -0.14354095, -0.47111303, -0.6354574, -0.5495507, -0.8938557, 0.15865874, -0.4360194, -0.04219683, -0.59064484, -0.19647236, -0.007536454, -0.30036548, -0.026920872, 0.58777297, -0.8326828, -0.50804126, -0.30073023, 0.57238, -0.30416417, 0.22454183, 0.3412462, 0.5378057, 0.5012285, 0.53181976, -0.6029522, -0.84183955, -0.45548546, -0.87957734, 0.8798717, 0.77511734, -0.46334797, 0.69829357, 0.48247623, -0.8199836, -0.34244397, -0.04612703, -0.89619464, 0.012544982, 0.92345333, -0.7490779, -0.18420728, 0.912193, -0.8185917, 0.2499581, -0.3700954, 0.07422153, 0.9401466, 0.6702837, -0.16923201, -0.29478014, -0.25911337, 0.057581782, -0.6705735, -0.8548072, 0.2722903, 0.7954647, 0.40225634, -0.062373407, -0.9757554, 0.08746844, -0.7664358, -0.3640591, -0.77694243, 0.039918356, 0.31638333, -0.39420936, -0.07570833, 0.7420317, -0.5993878, -0.3564718, -0.03235205, -0.82874084, -0.86109525, -0.8150651, 0.4188615, 0.12387937, 0.06475914, 0.8129175, 0.6379363, -0.3349848, 0.16334657, 0.6298321, -0.68874604, 0.1564442, -0.5158819, 0.12448937, 0.270817, 0.4976716, -0.7269421, 0.3925043, 0.63952804, 0.78138983, -0.6024405, -0.28537175, -0.670692, -0.982454, 0.24330811, -0.85531944, -0.4465259, 0.39694473, -0.2656518, -0.27943057, -0.014140484, 0.5315563, 0.46614644, 0.18715769, 0.5825329, 0.5299777, 0.685198, -0.20385021, -0.17899275, 0.3043544, 0.9943278, -0.51901984, 0.71705556, 0.96794575, 0.7904064, -0.658848, 0.68478245, 0.9653375, 0.13582318, -0.21453857, -0.27715677, 0.17256257, 0.64389384, -0.59019166, 0.05902221, -0.9895957, 0.33430478, -0.09197133, -0.24610364, -0.3453454, -0.362486, 0.7388963, -0.05784114, 0.8207215, 0.76175755, -0.88637024, -0.0031442982, -0.9536505, 0.8207982, -0.9496973, 0.6192339, -0.07472979, 0.8599824, -0.06858906, -0.7367583, -0.83465433, -0.48370862, 0.56649405, 0.27301073, -0.97864336, 0.59446955, -0.37088218, 0.13688175, -0.6151781, 0.74134195, -0.699888, -0.05765874, -0.8452628, 0.41450194, -0.65180707, -0.6654561, -0.93628925, -0.8342012, -0.6059407, -0.10344136, -0.2675218, 0.027109945, -0.38690665, -0.5153112, -0.61468786, -0.5803756, -0.76113033, -0.8478614, 0.64330935, 0.42681095, -0.4094535, -0.30899733, -0.14650509, 0.82781327, -0.51009774, 0.5310682, -0.53570914, 0.60136795, 0.17065166, -0.9884105, 0.53217024, 0.870266, -0.5456435, -0.5843135, 0.63707685, 0.35807982, 0.5490821, 0.51132035, -0.68285966, -0.0673598, 0.45959783, -0.104141645, 0.54472536, 0.08281759, 0.1947338, 0.52960396, -0.16939245, -0.94129765, -0.53880274, 0.11466589, -0.9348025, 0.71402293, 0.43124545, 0.2649379, -0.74821484, 0.09027338, 0.91279507, -0.27137053, -0.56209105, -0.62266725, -0.5721579, 0.99149954, -0.095883206, 0.09670254, 0.81867, 0.0062308637, 0.07815114, 0.18873613, -0.9628474, 0.1268462, -0.053787973, 0.08738622, 0.13185556, -0.16560955, 0.9634912, -0.023221841, -0.07612229, -0.32962525, 0.7642605, -0.99511063, 0.31517193, -0.57158124, -0.39630178, 0.42250448, -0.91629326, -0.840653, 0.23854399, -0.3664737, -0.1833606, 0.39706215, -0.3885179, -0.4072972, -0.130158, 0.9588451, 0.2454768, 0.7066429, 0.5494326, -0.053494927, 0.6651532, -0.93425244, 0.79797935, -0.019585576, -0.96585596, 0.9275857, -0.7171362, -0.75695264, 0.6515112, -0.9736259, -0.6256083, -0.11705634, -0.13056846, 0.5284023, -0.51196593, -0.14601296, -0.27940074, -0.05065543, -0.18824449, -0.46688354, -0.38827366, 0.90620446, -0.7765662, -0.8437667, 0.7241426, 0.9439842, 0.62984765, -0.6692784, -0.5851717, 0.9457995, -0.83436054, 0.8698006, -0.50863844, 0.009371054, 0.68471694, -0.9833003, -0.1059203, -0.32339394, 0.009710657, -0.4496, -0.2697394, 0.39436978, -0.7610172, 0.8988505, 0.32655725, -0.07479096, 0.16144946, -0.0011936909, -0.8452992, 0.65111786, -0.7766877, -0.33348614, -0.55725455, -0.16810876, -0.28889507, -0.83318573, -0.8517746, 0.06665591, 0.55533123, -0.97993875, -0.92933047, 0.6331419, -0.4725378, 0.84041345, 0.095257044, -0.5672549, -0.2579447, 0.1206873, -0.2953398, 0.91985375, -0.9259346, 0.7517489, 0.2595615, 0.4229289, -0.4578141, -0.56998044, -0.22063822, 0.5679057, 0.3132479, 0.5639047, -0.81680095, -0.36677045, 0.9836191, -0.82846904, -0.42401293, 0.4693795, -0.79044235, 0.3590842, 0.7597135, -0.28377208, 0.5654984, -0.8639324, 0.20898116, 0.90275687, -0.12531038, -0.1374575, -0.122922115, 0.85304123, -0.27362567, 0.34975237, -0.61037755, -0.85943705, -0.46527806, -0.5848579, 0.10690177, 0.18153612, -0.75350964, -0.8541067, 0.7750748, 0.8782395, 0.5308706, -0.67646134, -0.14024, 0.25184467, 0.39742944, 0.29001498, 0.8971549, 0.81228864, -0.85738915, -0.5778649, 0.37064576, -0.5020713, 0.32023957, 0.95376366, 0.8342354, 0.26512817, -0.8738244, 0.3476112, -0.47376075, -0.012859985, 0.8419273, -0.5313976, -0.060655188, 0.7196451, 0.04285424, -0.8593349, -0.5541867, -0.59623086, 0.25021198, -0.17759073, 0.95495504, -0.63173455, -0.9852285, -0.5258004, 0.49127066, -0.37411612, 0.5608854, -0.59405583, -0.10963943, 0.44300672, -0.3624863, -0.60846496, -0.3094326, -0.44329318, 0.6551997, 0.9159234, 0.86747557, -0.5377761, -0.14240874, 0.14137086, -0.4821522, 0.41372404, -0.96994406, -0.26551035, 0.04452098, -0.59847003, 0.9431175, -0.8054759, 0.47686565, 0.31825134, 0.48465306, 0.18323971, -0.06545846, -0.6199852, 0.21256122, 0.08719537, 0.80305797, -0.25510556, 0.54458356, 0.536858, -0.16576526, 0.9551275, 0.4035882, 0.72661287, -0.33745852, 0.081228696, 0.46784413, 0.69198185, 0.37312418, 0.8979169, -0.55773896, 0.25542066, -0.12724586, -0.08158179, 0.3309475, 0.54516107, 0.6014698, 0.25177163, 0.52861625, -0.38021636, -0.98324203, 0.30895346, 0.25465605, 0.73121965, -0.42622915, -0.30684635, -0.10437911, 0.09314874, 0.17838244, 0.9190404, -0.9395767, -0.64495325, -0.86018234, 0.8320861, 0.22852199, 0.72989285, -0.74402326, 0.28101665, 0.075399466, 0.77368486, 0.05938455, -0.50586176, -0.70200205, -0.31391245, 0.62374777, 0.83372694, -0.030973453, 0.6571962, 0.6375125, 0.8367841, -0.11997274, -0.5711591, 0.19525748, -0.67817605, 0.4820233, -0.11820647, -0.6577806, 0.40777344, 0.8543865, 0.31735304, -0.2156384, -0.7011132, 0.619313, 0.6585776, 0.13497528, 0.47373474, 0.6436384, 0.2971612, -0.92282116, 0.4335232, 0.9522067, -0.1277065, -0.81910115, 0.54523575, -0.41248217, 0.17676416, 0.2830699, -0.57821715, 0.6908088, -0.07434653, -0.88118243, 0.7632517, -0.75949717, -0.101382084, 0.43620664, -0.5230159, -0.8190933, -0.8327244, 0.25026667, -0.6232328, 0.04609902, -0.27915537, -0.92688376, 0.7368371, 0.4202132, 0.77886915, 0.92783546, -0.5428573, 0.32692748, 0.3763474, 0.10396857, -0.010951588, -0.2784674, -0.9439551, -0.39053267, 0.77144223, -0.30265573, 0.54642934, -0.99992114, -0.09696205, 0.14869554, 0.0812053, -0.4507295, 0.35340104, 0.10258533, 0.5099834, -0.8904357, -0.8308545, -0.53959113, 0.07911104, -0.80737597, 0.50710756, -0.7102105, -0.73028016, 0.80079216, -0.45380628, -0.20700559, 0.4962012, -0.84253293, -0.1983969, 0.2715656, 0.6057766, -0.21899548, 0.25839958, -0.50090295, -0.14448719, -0.48646665, 0.30118212, 0.77760667, 0.73659205, 0.7418754, -0.7696138, 0.58321905, -0.34195712, 0.881193, -0.89537793, -0.90867347, 0.39841962, -0.28341597, 0.21462516, -0.8279532, 0.517245, 0.36845973, 0.1592839, 0.7724475, -0.5598266, 0.8331599, 0.4123758, 0.6522692, 0.3218512, -0.9587227, -0.2562627, 0.44889185, -0.49101213, -0.9961375, 0.5940441, -0.3420337, -0.52660066, 0.4896339, 0.4830153, -0.010075518, -0.17036054, -0.9274902, 0.80574083, 0.39736518, 0.19099061, -0.6689466, -0.7160388, -0.73746634, 0.9485564, -0.8172804, -0.6174878, -0.7047769, -0.4345016, -0.18518087, -0.061504308, -0.10569682, -0.30801544, 0.29418758, 0.80474955, -0.32140017, 0.14176625, 0.7929559, -0.88326734, -0.06378652, -0.7521258, 0.45131242, 0.75220734, -0.07398101, 0.6434331, -0.48053473, -0.23270707, -0.3412787, -0.30765685, -0.08733065, 0.6445039, 0.7594051, 0.22137599, -0.25105298, -0.4552253, -0.24147443, 0.6242422, -0.0007680028, 0.9401621, 0.6047105, 0.0503122, -0.050508462, -0.091327295, -0.6928481, -0.92459315, 0.74167067, 0.012918152, -0.19180377, -0.6927625, -0.29622725, 0.73957473, 0.84648603, 0.42978236, 0.6866269, -0.44640037, -0.35494652, -0.9566617, -0.10362269, 0.9825084, 0.4245809, 0.5666273, -0.3646412, -0.6484938, 0.17767614, -0.24400815, -0.7652034, 0.83658695, 0.820366, -0.64717394, 0.72345036, -0.71411806, -0.98614895, 0.41052273, 0.9644875, 0.021168815, -0.7912633, -0.08466324, 0.043889493, 0.58084726, 0.54882973, -0.7304945, -0.1907196, -0.6775994, -0.7653562, 0.8735903, 0.71300364, 0.2860755, 0.52648157, 0.27641833, 0.97014225, -0.040368762, -0.7687877, 0.2713237, 0.059682224, 0.6780083, -0.5430095, 0.12705746, -0.8635219, -0.53894436, 0.30789396, 0.75424004, -0.30349904, 0.4110472, -0.77667165, 0.09997918, -0.040839154, 0.95280755, 0.5691925, -0.63725543, 0.9543463, 0.20692384, 0.5915247, 0.98669535, -0.8375566, 0.4913865, -0.9119633, -0.6787876, 0.2756781, -0.4248969, 0.11417816, 0.45219445, 0.73772615, 0.07487941, 0.044229664, -0.25343668, 0.43030742, 0.43030924, -0.6564779, 0.91220915, 0.76080334, -0.5434038, -0.5853534, 0.8757408, -0.39515966, 0.38578257, -0.10032902, 0.75282717, -0.71722806, 0.17864162, -0.55284745, -0.36873734, -0.10600513, 0.9719645, -0.37737843, -0.5839469, -0.33752233, 0.3612858, 0.61206144, 0.4907027, 0.9399801, -0.4056409, -0.5990933, -0.32858166, 0.9385977, 0.45587164, -0.5699397, 0.10342275, -0.4461028, 0.33085525, -0.51109666, 0.36192176, -0.9688559, -0.9908938, -0.63411415, 0.3482878, -0.05097574, 0.08892712, 0.7038793, -0.76468337, -0.81593084, 0.7116482, -0.7255239, 0.7211864, 0.02432836, 0.72900593, 0.7275861, -0.94397366, -0.43097356, 0.89925617, 0.25588426, 0.15544647, 0.07135244, -0.610133, -0.43600625, -0.12104664, 0.64004487, 0.1404273, -0.51730424, -0.51322156, -0.6152364, 0.4392016, -0.10200092, 0.14211324, 0.3120448, -0.662421, -0.9375715, -0.3176195, -0.49651527, 0.3986136, 0.4253567, 0.32310933, 0.042762507, -0.8402657, -0.12263725, -0.024126794, -0.38562357, -0.16395804, 0.12619258, 0.08853825, -0.22659408, 0.3760325, 0.966924, -0.9366023, -0.063042276, -0.92331755, -0.4578378, -0.5777663, -0.735688, -0.10613071, 0.8088743, 0.10101554, -0.19694245, 0.95846254, 0.21528096, 0.34160393, 0.7360479, -0.007242736, 0.6101995, 0.9247157, -0.8171908, -0.7401405, 0.17583805, -0.4961304, 0.23075595, -0.106787205, 0.8383405, 0.2025197, 0.26434046, -0.70535976, 0.91027874, 0.9895298, 0.7157627, 0.0667732, 0.02434473, 0.90335846, -0.08888918, 0.5780658, 0.5384376, 0.16138774, -0.9967508, -0.53694296, 0.3326821, 0.7910114, -0.59752595, 0.8565433, 0.43997362, -0.31377718, -0.56009245, -0.26777238, -0.21232422, -0.23727542, -0.4923065, 0.82503575, -0.2902802, 0.11150737, 0.71438515, -0.07733365, 0.9742934, 0.6676324, -0.032494333, 0.5512203, -0.8967747, 0.20233701, -0.73075455, 0.37485197, -0.9078049, 0.9499586, 0.1994756, 0.1463619, -0.83532107, 0.1824073, 0.25462523, -0.06830025, -0.5565532, 0.877599, 0.55005664, 0.60524774, -0.74918306, 0.8477577]","[-7.0, 4.0, 4.0, -2.0, -1.0, 4.0, -1.0, 2.0, -2.0, -3.0, -2.0, -1.0, 4.0, -2.0, 4.0, -2.0, -2.0, -3.0, -7.0, -1.0, -8.0, -2.0, -2.0, -7.0, 5.0, 10.0, -7.0, -8.0, 3.0, -7.0, -14.0, 4.0, -2.0, 4.0, 5.0, 3.0, 4.0, -6.0, -7.0, -7.0, 0.0, 5.0, -1.0, -4.0, 1.0, 5.0, 3.0, -7.0, -3.0, -2.0, 5.0, 3.0, 5.0, -1.0, 1.0, 1.0, -1.0, -2.0, 0.0, 4.0, 3.0, 4.0, -2.0, 0.0, 3.0, 4.0, -7.0, -3.0, -2.0, 5.0, 5.0, 2.0, -1.0, 4.0, -6.0, 3.0, 4.0, -3.0, -1.0, 6.0, -2.0, -6.0, -1.0, -7.0, 6.0, 10.0, -1.0, -1.0, 0.0, 4.0, -1.0, 6.0, -1.0, 10.0, -2.0, 4.0, 4.0, -3.0, -6.0, -4.0, -1.0, -1.0, 1.0, -1.0, -8.0, 5.0, 1.0, 3.0, 5.0, -3.0, -2.0, -7.0, -7.0, -2.0, 4.0, -8.0, 5.0, -7.0, 5.0, -3.0, 5.0, 5.0, 0.0, 4.0, -2.0, 3.0, -1.0, 4.0, 3.0, -2.0, 5.0, -1.0, -4.0, -7.0, -2.0, -8.0, -1.0, -8.0, 3.0, 4.0, 4.0, 5.0, -2.0, 4.0, 5.0, 4.0, -8.0, 0.0, -7.0, 4.0, -10.0, 5.0, -3.0, 0.0, -2.0, -7.0, 4.0, 4.0, 4.0, -1.0, -3.0, 4.0, 5.0, 3.0, -13.0, -1.0, -7.0, 4.0, -9.0, -5.0, 3.0, -1.0, 5.0, 3.0, 1.0, -2.0, -2.0, -2.0, -3.0, 0.0, 3.0, -2.0, -2.0, -5.0, -2.0, -2.0, 5.0, -6.0, 2.0, 10.0, -3.0, -2.0, 4.0, -4.0, -2.0, 0.0, -2.0, -8.0, -2.0, -2.0, -8.0, -2.0, -2.0, 5.0, -1.0, 5.0, -1.0, -3.0, -1.0, -1.0, 5.0, 4.0, -2.0, 4.0, 1.0, -8.0, 4.0, 4.0, -2.0, -3.0, 4.0, -7.0, -3.0, -7.0, 8.0, 5.0, 4.0, -3.0, 0.0, 4.0, -7.0, 0.0, 5.0, -2.0, 0.0, 4.0, 4.0, 4.0, -1.0, 3.0, 1.0, -1.0, -6.0, 3.0, 2.0, 0.0, 4.0, -5.0, -2.0, 6.0, -2.0, -5.0, -2.0, -1.0, -2.0, -4.0, -1.0, -4.0, -2.0, -2.0, -2.0, 5.0, -7.0, -2.0, 4.0, -1.0, -7.0, 1.0, -7.0, 5.0, 4.0, -1.0, -1.0, -6.0, 6.0, -1.0, 5.0, -2.0, -4.0, -7.0, 4.0, -1.0, 0.0, -1.0, -1.0, 12.0, 0.0, -1.0, 4.0, 4.0, -1.0, -2.0, -8.0, -2.0, -2.0, -1.0, -7.0, -1.0, -3.0, -2.0, 4.0, 3.0, 4.0, -1.0, -1.0, 0.0, -3.0, 4.0, 0.0, -2.0, 3.0, 3.0, -6.0, -1.0, -2.0, 0.0, 1.0, -1.0, 5.0, 4.0, -1.0, -8.0, -1.0, 3.0, 6.0, 1.0, -7.0, 4.0, 5.0, 2.0, 0.0, 0.0, 4.0, 10.0, -2.0, -2.0, -8.0, -2.0, 4.0, 12.0, -1.0, 5.0, -4.0, -7.0, -7.0, 0.0, -1.0, -1.0, -2.0, -1.0, -3.0, -1.0, -1.0, 4.0, 5.0, 5.0, -2.0, -7.0, 3.0, -1.0, -7.0, -1.0, 4.0, -7.0, 6.0, -1.0, 4.0, 10.0, 4.0, -7.0, -1.0, 13.0, 4.0, 9.0, 0.0, 4.0, -3.0, 4.0, 5.0, 4.0, 4.0, 4.0, -2.0, 5.0, -1.0, 4.0, 3.0, 5.0, 5.0, 3.0, 0.0, 5.0, -2.0, 11.0, 5.0, 11.0, -2.0, -2.0, 5.0, 10.0, -3.0, 5.0, 10.0, -1.0, 3.0, -1.0, -7.0, 5.0, -2.0, 4.0, -2.0, 3.0, 3.0, 1.0, -8.0, -2.0, -10.0, 5.0, 0.0, -3.0, -8.0, 1.0, 8.0, -6.0, 6.0, 3.0, -7.0, -7.0, -2.0, -1.0, -1.0, -1.0, -2.0, -2.0, -2.0, -2.0, -14.0, -7.0, -1.0, -7.0, -1.0, -8.0, 4.0, -2.0, 5.0, -2.0, 5.0, -2.0, 5.0, 4.0, -1.0, -2.0, 4.0, 4.0, 5.0, 4.0, 3.0, -1.0, 4.0, 2.0, 4.0, -2.0, -2.0, -1.0, 9.0, -1.0, -1.0, -8.0, 0.0, 5.0, 2.0, 4.0, -1.0, 5.0, -1.0, 5.0, -8.0, -1.0, -2.0, -1.0, -2.0, -2.0, -10.0, 5.0, -5.0, -1.0, 5.0, 11.0, -1.0, 0.0, -5.0, -2.0, -2.0, 2.0, -2.0, -2.0, -2.0, -8.0, 0.0, -2.0, -7.0, 4.0, -7.0, -1.0, -3.0, -5.0, 4.0, 2.0, -1.0, -2.0, 4.0, 5.0, -4.0, 4.0, -1.0, -1.0, -1.0, 3.0, 9.0, -7.0, 4.0, -2.0, -3.0, -2.0, -2.0, 5.0, 4.0, 4.0, -5.0, -1.0, -1.0, 3.0, -3.0, -1.0, -7.0, 0.0, -1.0, 4.0, 3.0, -5.0, 5.0, 4.0, -1.0, -1.0, 4.0, -3.0, -1.0, -1.0, -2.0, -2.0, 5.0, 5.0, -2.0, 1.0, -7.0, 5.0, 4.0, -2.0, -1.0, 3.0, -1.0, -7.0, -5.0, -2.0, -1.0, -1.0, 5.0, -1.0, 0.0, 4.0, -3.0, -7.0, -2.0, -1.0, -1.0, -2.0, 3.0, -3.0, -2.0, 1.0, 1.0, -3.0, 0.0, -1.0, -8.0, 4.0, 3.0, 1.0, -1.0, -2.0, -7.0, -2.0, -1.0, 3.0, -1.0, -1.0, 5.0, -3.0, 4.0, 0.0, -2.0, -7.0, -7.0, 3.0, 5.0, -1.0, 11.0, 4.0, -1.0, 4.0, -2.0, 0.0, 10.0, 0.0, -7.0, -2.0, -8.0, -2.0, 7.0, -1.0, -1.0, 4.0, 6.0, 5.0, 4.0, 2.0, -1.0, -2.0, 10.0, -4.0, -1.0, -2.0, 4.0, -1.0, -1.0, 0.0, 5.0, -1.0, 2.0, -1.0, -2.0, -1.0, -6.0, 2.0, -1.0, -2.0, 1.0, -2.0, 3.0, -2.0, -2.0, 6.0, -2.0, -2.0, 1.0, -2.0, -2.0, -6.0, 4.0, 1.0, 5.0, -3.0, -3.0, 5.0, 4.0, -6.0, -2.0, -1.0, -1.0, 0.0, -1.0, -3.0, 3.0, 3.0, 1.0, 0.0, 5.0, 1.0, -1.0, -1.0, -2.0, -1.0, 5.0, -3.0, 5.0, -1.0, -12.0, -2.0, -1.0, -1.0, -5.0, -7.0, -1.0, -2.0, -3.0, 6.0, 8.0, -3.0, 0.0, 4.0, 3.0, 5.0, -1.0, 3.0, 4.0, -1.0, 4.0, -1.0, 5.0, -15.0, -7.0, -1.0, -2.0, 1.0, -7.0, 5.0, -1.0, 1.0, -2.0, 6.0, 0.0, -4.0, -1.0, -2.0, 2.0, -2.0, 0.0, -6.0, -8.0, -2.0, 4.0, 4.0, -2.0, 1.0, 1.0, -5.0, 4.0, -1.0, -3.0, 10.0, -2.0, 5.0, 3.0, -1.0, 3.0, 5.0, 4.0, -2.0, -3.0, 4.0, 4.0, -1.0, 3.0, 10.0, -1.0, 2.0, -2.0, 4.0, -2.0, 5.0, -6.0, 5.0, -1.0, -5.0, 4.0, 0.0, 5.0, 0.0, -2.0, -2.0, -8.0, -2.0, -1.0, 5.0, -1.0, 5.0, -2.0, -1.0, -2.0, -2.0, -2.0, -2.0, 10.0, 4.0, 3.0, 3.0, 4.0, 10.0, 4.0, 4.0, -2.0, 0.0, -2.0, -13.0, 4.0, -1.0, 9.0, -2.0, 4.0, 3.0, 4.0, -2.0, -2.0, 5.0, -3.0, -7.0, -2.0, -2.0, -2.0, -7.0, -1.0, -2.0, 0.0, 10.0, 9.0, -1.0, 4.0, -2.0, -2.0, -7.0, 5.0, 11.0, 4.0, 5.0, -1.0, -8.0, 4.0, -2.0, -5.0, 4.0, -1.0, -7.0, -1.0, 4.0, 0.0, -1.0, -1.0, -8.0, -2.0, -1.0, 5.0, 4.0, -9.0, -4.0, -1.0, -14.0, 2.0, -12.0, -2.0, -7.0, 6.0, -1.0, 5.0, -8.0, -7.0, -1.0, -2.0, -4.0, 3.0, -2.0, -7.0, 0.0, 4.0, 5.0, 5.0, 9.0, 5.0, 2.0, -2.0, -1.0, 7.0, -1.0, 3.0, -1.0, 4.0, 4.0, -1.0, -2.0, 5.0, 4.0, -2.0, -2.0, -1.0, 4.0, -1.0, 0.0, -4.0, 3.0, -8.0, 4.0, -5.0, -1.0, -7.0, -2.0, -7.0, -1.0, 3.0, 5.0, -2.0, 5.0, -9.0, 5.0, -2.0, 0.0, -1.0, -5.0, -1.0, -1.0, -14.0, 0.0, 5.0, 11.0, -2.0, 5.0, 5.0, 4.0, 4.0, -1.0, -1.0, 4.0, -2.0, -1.0, -5.0, 4.0, 5.0, 4.0, 2.0, -7.0, -2.0, -2.0, 5.0, 6.0, -1.0, 4.0, 0.0, 5.0, 5.0, -7.0, -6.0, 6.0, 3.0, -7.0, -7.0, -3.0, -7.0, -1.0, 5.0, -6.0, -13.0, 10.0, -1.0, 6.0, 10.0, -1.0, 3.0, -2.0, 0.0, 1.0, -2.0, -3.0, -2.0, 5.0, 5.0, -3.0, -2.0, -6.0, 15.0, 5.0, 3.0, -4.0, 5.0, 0.0, -1.0, 5.0, -2.0, 4.0, -1.0, 5.0, 4.0, -1.0, 4.0, -1.0, 11.0, -2.0, -8.0, -1.0, 8.0, 5.0, 9.0, 2.0, -6.0, 4.0, 3.0, -8.0, -1.0, 11.0, -2.0, -2.0, -20.0, -2.0]",8.192839107609505,0.0032622814178466,0.0,0.0,0
26,26,"[-0.66461575, -0.6236576, -0.62818575, 0.83116215, -0.09662351, 0.20920756, -0.23224385, 0.36721423, 0.5161634, -0.561127, -0.93636715, 0.6808428, 0.9482622, -0.048204307, 0.46425468, 0.637713, 0.60257965, 0.2758166, -0.37354344, -0.8293417, 0.42630216, -0.32186586, 0.6050017, 0.032653518, -0.51236147, -0.6249373, 0.62958133, 0.8279449, -0.75825155, 0.39851874, -0.7377997, -0.9283216, -0.09352652, -0.3841451, -0.15003915, -0.05173509, 0.973469, -0.17088817, 0.68466437, -0.06325405, -0.038952596, -0.73243016, -0.7298045, -0.39630106, 0.7709269, -0.2827908, 0.42958656, -0.25274503, -0.93664515, -0.18588656, 0.06497413, 0.50387985, -0.4800841, 0.53326017, -0.4175611, -0.7497875, 0.86305153, -0.36190763, 0.1440873, 0.3326365, 0.11230419, 0.21622439, 0.107381694, -0.3714929, -0.37173215, 0.8373145, -0.12674916, -0.84933656, -0.61779654, 0.14610583, -0.20385166, -0.89068663, -0.46379694, 0.5086628, -0.74025935, -0.8811088, -0.50042427, 0.48740813, 0.73032856, 0.5004561, -0.6467097, -0.5344548, 0.89535356, 0.067061864, -0.80990535, 0.9887869, -0.9867991, 0.5510183, 0.99828076, -0.015575292, 0.6263808, -0.7097766, -0.7005464, 0.5223686, -0.9978301, -0.9408702, -0.5805136, -0.30559444, 0.8355643, 0.8339086, -0.1420179, 0.44265732, -0.103393525, 0.17038094, 0.6215952, -0.9300354, -0.40874785, -0.69105494, 0.18966708, -0.44127306, -0.75537103, 0.77580845, -0.87981015, 0.5598359, -0.7184357, 0.9264988, -0.14473584, 0.043516785, 0.64527476, -0.05243732, 0.28972626, -0.5882888, -0.44559723, -0.3011007, 0.35554165, 0.46842825, 0.07986891, -0.7494057, -0.9202526, 0.2571514, -0.4677805, 0.46241668, 0.3096503, 0.8832568, 0.198178, -0.18264882, -0.39486557, -0.84451324, -0.31995213, 0.64419997, -0.11584346, -0.95133555, 0.8500733, -0.27591816, 0.7330449, 0.61636764, -0.13241515, -0.90356964, 0.82825065, -0.7744858, -0.38670164, -0.875483, 0.70675486, -0.6242245, 0.7262136, 0.98095405, -0.31603485, 0.6590438, -0.48578554, 0.6916113, -0.6313225, -0.5051492, 0.80365103, -0.4374611, 0.8837795, 0.73148537, 0.10795573, 0.8016085, -0.61209476, 0.7079202, -0.67301506, -0.5276378, -0.7911989, -0.17311929, -0.65180606, 0.6870096, -0.11968535, -0.9543692, -0.17684688, 0.24732399, 0.30285764, -0.8356028, -0.714423, -0.37130207, -0.34108612, 0.3260185, -0.5450224, 0.23309077, 0.06415178, -0.599415, 0.47353438, 0.6086367, 0.6002146, -0.31463572, 0.68436104, -0.49447635, -0.44709858, -0.03351528, 0.9289299, 0.6541665, 0.7694598, 0.31702185, 0.95568174, 0.66307956, -0.97472835, 0.17016965, -0.43850207, 0.79455304, 0.32586923, 0.94933873, -0.932668, -0.9814979, 0.9902843, -0.93432593, -0.7108587, -0.30030102, 0.35503975, 0.27142826, -0.9070577, 0.046638206, 0.5743349, 0.9305933, 0.9152311, -0.034547176, 0.26110587, -0.3683097, 0.6700548, 0.8776815, -0.399155, -0.17351924, 0.23999842, -0.5611991, 0.2674308, -0.6272799, -0.10074372, 0.38703245, 0.053922087, -0.34491348, 0.8346803, -0.34886906, 0.8008216, -0.3894613, 0.16913478, 0.081251815, -0.78694654, -0.44723532, 0.11381525, -0.8659892, 0.12168589, -0.845092, 0.1241795, 0.17563301, 0.53143126, -0.47978458, 0.70867467, -0.51499254, 0.94684374, -0.3407909, -0.5220757, -0.90185505, -0.74179673, -0.28938317, 0.63173866, 0.09312746, 0.12853345, 0.6445682, 0.3993186, 0.9148614, -0.5619933, 0.56240165, -0.3870037, 0.3899371, 0.020029064, -0.73440915, -0.026618097, -0.64888966, -0.47865528, -0.2204896, -0.415395, -0.5374103, -0.9443639, -0.09575845, -0.39330238, -0.7203126, 0.039486866, -0.3361874, -0.5044037, -0.079259664, -0.022889279, 0.97071445, 0.73102844, -0.37779224, 0.6358173, -0.2406588, 0.39682722, -0.6766311, -0.4390867, 0.7535013, -0.0070839105, -0.8609345, 0.46977824, 0.55215716, 0.06603377, -0.5715697, -0.83508915, -0.1079869, -0.7453684, -0.11997439, 0.79393446, 0.744142, -0.2622235, 0.312304, -0.68665737, 0.97820896, 0.31679887, -0.166651, -0.7281704, 0.8618394, -0.11410575, -0.11226614, -0.31741953, 0.018391453, -0.48626316, -0.74020505, 0.1575853, 0.36167175, -0.89323694, 0.010527726, 0.36922634, -0.052659273, 0.9710119, -0.8731802, 0.9616117, 0.9407668, -0.24893916, 0.21672554, -0.62119794, -0.60800016, 0.34281206, -0.36045986, -0.36528307, 0.21237744, -0.14455815, -0.707963, -0.21105339, 0.2538096, 0.37731412, -0.9431733, 0.85658145, -0.9923147, 0.81588095, 0.27246872, -0.5656906, 0.8467136, -0.30317518, -0.8463884, -0.3786696, -0.5499301, -0.22184087, 0.59454143, -0.58660287, -0.7166379, -0.9510782, -0.99870133, 0.9697742, -0.32123134, 0.34435177, 0.3122532, -0.11003915, -0.17511174, 0.60027385, 0.86086094, -0.24184056, 0.32115167, 0.9411573, 0.35466653, -0.58511096, 0.90653604, 0.33443174, 0.4649952, -0.6217505, 0.45635897, -0.32059833, 0.8704726, -0.90906, -0.30966657, -0.53800243, -0.8851804, -0.20026422, -0.89361316, -0.16920869, 0.9912864, -0.22201759, -0.10987979, -0.9069586, -0.5797875, -0.61804074, -0.70075196, 0.6596907, 0.17443597, 0.65544885, -0.155753, 0.654976, 0.15550384, -0.35081452, 0.28213048, 0.8844542, 0.34620652, -0.8108786, 0.18171431, -0.010110674, -0.8938797, -0.26453638, 0.4358628, -0.3316506, -0.51966417, -0.2883864, 0.35031363, -0.5990611, 0.38721353, 0.8102622, 0.69451845, -0.502654, 0.4004567, -0.28835997, -0.021448322, 0.29572722, -0.8749039, -0.15487836, 0.9497315, 0.6866411, 0.96454346, -0.35939676, -0.10245589, 0.42020902, 0.6517296, 0.8664324, -0.41222033, 0.50903255, 0.87593454, 0.7206878, -0.920099, -0.2809807, 0.42521062, -0.751044, -0.06287311, 0.23118995, 0.866049, 0.8064443, -0.8296709, 0.7697462, 0.48526266, 0.047532227, -0.013886947, -0.39762574, 0.06902336, -0.80050725, 0.7130463, 0.5534751, 0.9672341, -0.47255483, -0.33568624, 0.572161, 0.92634356, 0.51973784, 0.5885245, -0.78169113, -0.7134293, 0.40263864, -0.93212396, -0.71062887, 0.9464066, -0.6885161, -0.39426842, 0.39032087, -0.63802487, 0.889597, -0.7211121, -0.5382226, -0.97967964, 0.14914599, 0.5232412, 0.8006512, 0.37676263, -0.8308793, 0.43845797, 0.06064524, -0.17071839, -0.48077223, 0.706107, -0.023381552, 0.27752435, -0.9065996, 0.7260888, 0.71324456, -0.6414296, -0.84636515, -0.76361257, 0.2204441, 0.18811636, 0.24330966, -0.65047115, -0.7494747, -0.6964581, -0.32246578, 0.51231503, 0.5051386, -0.46409577, 0.763388, 0.7013273, -0.398748, 0.5041014, 0.0037901069, 0.031368557, 0.29988557, -0.092723645, -0.83878905, -0.006912186, 0.3328727, -0.52416366, 0.10017753, -0.78122294, -0.55295867, -0.15321244, -0.16337426, -0.71119934, 0.8991653, -0.027991157, 0.82110816, 0.43469432, 0.8868889, 0.63465613, 0.53201437, -0.55392575, -0.051415298, 0.44472408, 0.35965812, 0.118877955, 0.27734724, 0.08437149, -0.30534527, 0.6063925, 0.13230816, -0.027910473, -0.07579669, 0.92349005, 0.7238362, -0.22620422, 0.18528207, 0.75892484, 0.641558, -0.8088201, 0.5537322, 0.2777088, -0.74535936, 0.87496114, 0.8349993, 0.35513222, -0.4771311, 0.47964635, -0.018223722, -0.5933095, 0.28561825, 0.5369752, -0.8444109, -0.41673678, 0.027213076, -0.13284938, 0.6028034, -0.89741933, -0.13317235, -0.95733356, -0.68767613, 0.9289192, -0.47014597, -0.41772252, -0.59748566, -0.7076344, -0.57678634, 0.44410503, -0.4900652, -0.34920043, 0.537818, -0.7223008, 0.14679497, -0.10955606, -0.07403464, -0.43224207, 0.7513425, 0.481391, 0.77904034, 0.75582033, 0.13389961, -0.06975601, -0.812177, -0.79981196, -0.41671878, 0.76939076, -0.73998016, -0.3005133, -0.14454408, -0.29931244, 0.11973238, -0.490964, -0.9114906, 0.68968296, 0.7999602, -0.81544626, -0.77657104, 0.36807433, -0.381105, 0.8408669, -0.98537636, 0.16693366, 0.13072398, 0.26869783, -0.94926006, 0.18721145, -0.3751946, 0.29016706, -0.6939518, 0.5933825, 0.4297126, -0.43635678, 0.6354701, 0.47906783, 0.92810935, -0.64923143, 0.78261495, -0.1643287, 0.64030313, 0.5200897, -0.028446352, -0.76169723, 0.43071258, -0.52133644, 0.9651931, -0.74920356, 0.36680794, -0.76736474, 0.007795114, 0.8059667, -0.77968884, 0.28695852, -0.3251379, -0.6126603, 0.8275935, 0.53646135, 0.33845255, -0.91469574, -0.80144435, -0.9870383, 0.28056106, -0.48014373, -0.038243312, 0.8222199, 0.9763904, -0.5852272, 0.9088317, 0.21379222, -0.7957262, 0.53332204, 0.021447122, 0.16053458, -0.3862335, 0.05175062, -0.7004494, -0.9463962, 0.8357459, -0.84841454, 0.7727377, 0.3473941, -0.85736984, -0.44130433, -0.7796621, -0.17334682, 0.92805666, 0.6712827, 0.028263798, -0.5097756, -0.3266835, 0.68211114, 0.52311635, -0.50461346, 0.20028873, 0.0006065404, -0.6037206, 0.8444509, -0.39029136, 0.33901647, 0.2022024, 0.00860915, 0.75319606, 0.6666255, 0.64109284, 0.105160534, 0.020017717, 0.620466, -0.21041752, -0.44486478, -0.12505288, -0.7347217, -0.34936434, -0.19615881, 0.792145, -0.6325943, -0.37788048, -0.6579026, -0.23617464, 0.104525566, -0.8723425, -0.5234185, -0.29881576, -0.0053599584, -0.9035595, -0.4036242, -0.023064667, 0.7976449, 0.52476513, -0.7966558, -0.3860298, -0.17816556, -0.37373918, 0.32626036, -0.05385498, 0.9119196, 0.4696936, 0.9110572, 0.029338688, 0.5192646, -0.7757998, -0.40788546, -0.5638988, 0.4488038, -0.52159435, 0.8836939, -0.42175937, 0.122558504, 0.666512, 0.22932848, -0.7301487, 0.5305009, 0.61623853, 0.7278086, -0.79674685, -0.2342222, 0.6581861, 0.9584908, -0.6147569, 0.26277176, -0.92405385, -0.48994157, -0.63869536, 0.5703393, -0.1922134, 0.92473465, 0.8712133, 0.297291, 0.04631418, 0.92157835, 0.5334997, -0.12245026, 0.739385, -0.7475905, 0.8689732, 0.51043, 0.247179, -0.68248045, 0.03361122, 0.7318994, -0.80938685, -0.19747704, -0.12789978, -0.59083146, -0.77639806, -0.63367176, -0.10391088, 0.9372686, 0.28968352, 0.30375668, 0.95307416, -0.2663292, 0.5391326, -0.24985182, 0.29669803, -0.78193563, 0.618343, -0.11799889, -0.2232548, 0.4327895, -0.30403233, -0.67435837, -0.38917986, -0.8019201, -0.128562, 0.3535871, -0.3985817, -0.46097314, -0.72885174, 0.44601512, -0.16328645, -0.95694375, -0.4887057, -0.48659348, -0.9531091, 0.89992106, 0.8870083, 0.40655392, 0.22661465, -0.4500128, -0.59074795, -0.3130713, -0.33171603, -0.4194338, 0.7250527, 0.49485874, -0.7796601, -0.44240913, -0.87428427, 0.6293808, 0.8149914, 0.86712307, -0.6631341, -0.2881084, -0.7921797, -0.73184997, 0.6871445, -0.056103684, 0.5936772, 0.29632527, -0.38156188, -0.017478738, 0.9409782, 0.57196164, 0.53395987, 0.73089075, 0.939311, 0.67840326, -0.3786763, 0.07995403, 0.9307505, -0.49812093, 0.090527646, -0.5620179, 0.07182823, 0.91199136, 0.45319697, 0.49519655, -0.4852109, -0.010086717, -0.8427553, 0.5007944, 0.3776336, -0.07598261, 0.042149857, -0.026121063, -0.4387859, -0.89065117, 0.9451243, 0.228213, -0.3618061, 0.42140663, 0.3705198, -0.63785505, -0.93542373, -0.21840882, 0.69076717, 0.02596962, -0.699067, 0.3481456, 0.9838346, 0.9143168, -0.3427945, -0.7031328, -0.8199871, 0.32789895, -0.90984917, -0.75764614, 0.9514909, -0.6765633, 0.6050997, -0.70930487, -0.69402355, 0.22988698, -0.6278201, -0.31293988, -0.23783845, 0.57349217, -0.4310981, 0.50028753, 0.09210662, 0.15463911, 0.11334069, -0.42143694, 0.94800884, -0.8231267, -0.14212489, 0.46296427, -0.96414846, -0.6170234, -0.8764806, 0.052114807, -0.6563555, -0.72905254, 0.123171456, 0.62658644, -0.43038794, 0.8698773, -0.21057282, -0.4804495, -0.24660704, -0.34722796, -0.92486393, -0.17044769, -0.3628034, -0.15113138, 0.90444624, -0.9907486, 0.37375206, -0.43668848, 0.20574348, 0.7955594, 0.46062824, 0.7996675, -0.09322294, 0.59572935, 0.7661256, 0.48616302, -0.08767926, -0.4405779, 0.48160654, 0.057250503, 0.31245473, 0.17185692, 0.1849165, -0.9504712, -0.8465345, 0.30386698, 0.5136939, 0.7098549, -0.93608254, -0.361503, -0.88639814, -0.4156468, -0.23063771, -0.19305731, 0.37604406, 0.5150335, -0.10664812, 0.30969036, -0.49322554, -0.7830966, -0.20074826, 0.018255034, -0.011610203, 0.91164756, 0.16223465, -0.26631314, 0.495322, -0.0207741, 0.5723385, 0.29059854, -0.6347489, -0.20638226, 0.61137044, -0.5836877, -0.8846792, 0.59575164, -0.53579736, 0.9550262, 0.29092675, -0.27086917, 0.19509262, -0.48430154, 0.314088, -0.8114475, -0.63541657, 0.67710936, 0.15829709, -0.12841563, -0.03142615, 0.18408483, -0.066501155, 0.05704451, -0.41951585, 0.15371135, -0.31150562, -0.83029234, 0.13076909, 0.08777636, 0.69378436, 0.28020778, -0.047049448, -0.15511289, 0.09630337, 0.77126336, 0.17598452, -0.31298852, 0.21346357, 0.6808658]","[-6.0, 3.0, 4.0, -2.0, -2.0, 3.0, -2.0, 1.0, -1.0, -3.0, -3.0, -2.0, 5.0, -1.0, 5.0, -1.0, -1.0, -2.0, -8.0, -2.0, -8.0, -1.0, -3.0, -6.0, 4.0, 9.0, -7.0, -7.0, 3.0, -8.0, -13.0, 3.0, -1.0, 4.0, 6.0, 4.0, 5.0, -7.0, -6.0, -6.0, -1.0, 4.0, -2.0, -3.0, 2.0, 4.0, 2.0, -8.0, -4.0, -1.0, 4.0, 4.0, 5.0, -2.0, 1.0, 0.0, 0.0, -2.0, 1.0, 3.0, 2.0, 5.0, -1.0, 0.0, 2.0, 4.0, -6.0, -4.0, -1.0, 4.0, 4.0, 1.0, -1.0, 5.0, -5.0, 4.0, 5.0, -4.0, -1.0, 6.0, -1.0, -7.0, 0.0, -7.0, 7.0, 10.0, -2.0, -2.0, 1.0, 5.0, 0.0, 5.0, -2.0, 9.0, -1.0, 3.0, 4.0, -4.0, -7.0, -5.0, -2.0, 0.0, 2.0, -2.0, -7.0, 6.0, 2.0, 4.0, 5.0, -4.0, -2.0, -7.0, -8.0, -2.0, 3.0, -7.0, 4.0, -6.0, 5.0, -2.0, 4.0, 4.0, 1.0, 3.0, -2.0, 2.0, -2.0, 5.0, 4.0, -2.0, 6.0, -1.0, -3.0, -6.0, -3.0, -7.0, 0.0, -9.0, 3.0, 3.0, 3.0, 4.0, -3.0, 3.0, 4.0, 5.0, -8.0, 1.0, -7.0, 3.0, -9.0, 4.0, -2.0, 0.0, -1.0, -6.0, 3.0, 3.0, 3.0, 0.0, -2.0, 4.0, 4.0, 2.0, -12.0, -2.0, -7.0, 4.0, -8.0, -4.0, 2.0, 0.0, 5.0, 4.0, 0.0, -2.0, -1.0, -3.0, -3.0, -1.0, 4.0, -1.0, -1.0, -6.0, -3.0, -3.0, 6.0, -5.0, 2.0, 10.0, -3.0, -1.0, 3.0, -5.0, -3.0, 1.0, -1.0, -9.0, -2.0, -3.0, -7.0, -1.0, -1.0, 4.0, -2.0, 5.0, 0.0, -4.0, -1.0, 0.0, 4.0, 3.0, -3.0, 5.0, 1.0, -8.0, 3.0, 5.0, -1.0, -2.0, 3.0, -6.0, -2.0, -8.0, 9.0, 6.0, 3.0, -4.0, 1.0, 5.0, -8.0, 1.0, 6.0, -1.0, 1.0, 5.0, 5.0, 3.0, -2.0, 3.0, 1.0, -1.0, -7.0, 3.0, 1.0, -1.0, 3.0, -4.0, -1.0, 7.0, -3.0, -5.0, -2.0, 0.0, -1.0, -5.0, -2.0, -4.0, -2.0, -1.0, -1.0, 4.0, -8.0, -3.0, 4.0, 0.0, -8.0, 0.0, -8.0, 4.0, 3.0, 0.0, 0.0, -7.0, 7.0, 0.0, 4.0, -1.0, -3.0, -6.0, 3.0, 0.0, -1.0, -2.0, -2.0, 13.0, 1.0, -2.0, 4.0, 3.0, -2.0, -3.0, -7.0, -1.0, -2.0, 0.0, -8.0, -2.0, -4.0, -2.0, 3.0, 4.0, 3.0, -2.0, -2.0, 1.0, -4.0, 3.0, 1.0, -1.0, 3.0, 4.0, -5.0, -2.0, -2.0, -1.0, 0.0, 0.0, 6.0, 4.0, 0.0, -8.0, -2.0, 2.0, 5.0, 0.0, -8.0, 5.0, 6.0, 3.0, 1.0, 0.0, 3.0, 9.0, -1.0, -1.0, -8.0, -3.0, 3.0, 11.0, -2.0, 4.0, -3.0, -7.0, -6.0, -1.0, -2.0, -2.0, -3.0, -1.0, -2.0, 0.0, 0.0, 4.0, 4.0, 4.0, -1.0, -7.0, 2.0, -2.0, -8.0, 0.0, 4.0, -7.0, 6.0, 0.0, 3.0, 9.0, 5.0, -8.0, -1.0, 12.0, 4.0, 8.0, 1.0, 5.0, -4.0, 3.0, 4.0, 5.0, 3.0, 5.0, -1.0, 6.0, 0.0, 3.0, 4.0, 6.0, 6.0, 4.0, -1.0, 4.0, -1.0, 10.0, 5.0, 10.0, -1.0, -3.0, 4.0, 11.0, -2.0, 5.0, 11.0, -2.0, 4.0, 0.0, -6.0, 6.0, -1.0, 5.0, -1.0, 2.0, 2.0, 0.0, -8.0, -2.0, -9.0, 4.0, 1.0, -3.0, -7.0, 2.0, 8.0, -5.0, 5.0, 4.0, -8.0, -7.0, -2.0, -1.0, 0.0, -1.0, -1.0, -2.0, -3.0, -3.0, -14.0, -7.0, -2.0, -6.0, -2.0, -7.0, 5.0, -1.0, 6.0, -2.0, 6.0, -1.0, 5.0, 5.0, -2.0, -3.0, 5.0, 4.0, 4.0, 4.0, 4.0, 0.0, 5.0, 1.0, 3.0, -1.0, -1.0, -2.0, 10.0, 0.0, -2.0, -8.0, -1.0, 6.0, 3.0, 5.0, -2.0, 4.0, -2.0, 6.0, -7.0, -2.0, -3.0, -1.0, -3.0, -1.0, -11.0, 4.0, -4.0, 0.0, 5.0, 10.0, -2.0, -1.0, -5.0, -2.0, -2.0, 3.0, -1.0, -1.0, -1.0, -7.0, -1.0, -1.0, -8.0, 5.0, -7.0, -1.0, -2.0, -4.0, 5.0, 1.0, -2.0, -2.0, 3.0, 4.0, -3.0, 3.0, 0.0, 0.0, 0.0, 4.0, 8.0, -6.0, 3.0, -2.0, -2.0, -1.0, -3.0, 4.0, 5.0, 5.0, -6.0, 0.0, -2.0, 4.0, -4.0, 0.0, -6.0, -1.0, -2.0, 3.0, 2.0, -6.0, 4.0, 5.0, 0.0, -1.0, 4.0, -2.0, -2.0, -2.0, -2.0, -1.0, 4.0, 4.0, -1.0, 1.0, -8.0, 6.0, 3.0, -1.0, -2.0, 4.0, -1.0, -6.0, -4.0, -3.0, -1.0, 0.0, 4.0, -1.0, -1.0, 5.0, -2.0, -8.0, -1.0, -1.0, -2.0, -1.0, 3.0, -2.0, -2.0, 1.0, 2.0, -2.0, 1.0, -2.0, -7.0, 3.0, 2.0, 0.0, 0.0, -2.0, -8.0, -2.0, 0.0, 4.0, 0.0, -2.0, 4.0, -4.0, 3.0, 0.0, -3.0, -6.0, -7.0, 4.0, 4.0, -1.0, 12.0, 5.0, -1.0, 5.0, -3.0, 1.0, 9.0, -1.0, -6.0, -1.0, -7.0, -1.0, 6.0, -1.0, -2.0, 3.0, 7.0, 6.0, 5.0, 3.0, -2.0, -2.0, 11.0, -4.0, 0.0, -3.0, 3.0, 0.0, -2.0, 1.0, 4.0, 0.0, 3.0, -2.0, -1.0, -2.0, -5.0, 3.0, -2.0, -1.0, 1.0, -1.0, 3.0, -3.0, -3.0, 5.0, -3.0, -2.0, 0.0, -1.0, -3.0, -5.0, 3.0, 2.0, 4.0, -2.0, -3.0, 6.0, 3.0, -6.0, -1.0, -2.0, 0.0, -1.0, 0.0, -2.0, 3.0, 3.0, 0.0, 1.0, 6.0, 1.0, -2.0, -1.0, -3.0, -1.0, 5.0, -4.0, 4.0, -2.0, -13.0, -2.0, -1.0, -1.0, -6.0, -6.0, -2.0, -1.0, -2.0, 6.0, 9.0, -2.0, 1.0, 3.0, 2.0, 6.0, 0.0, 4.0, 5.0, -2.0, 5.0, -2.0, 4.0, -16.0, -6.0, 0.0, -2.0, 1.0, -8.0, 4.0, 0.0, 2.0, -1.0, 6.0, -1.0, -3.0, -2.0, -1.0, 3.0, -1.0, -1.0, -5.0, -8.0, -1.0, 5.0, 3.0, -2.0, 2.0, 2.0, -4.0, 4.0, -2.0, -2.0, 11.0, -1.0, 6.0, 4.0, 0.0, 2.0, 4.0, 5.0, -3.0, -4.0, 4.0, 3.0, 0.0, 2.0, 9.0, -2.0, 2.0, -3.0, 5.0, -1.0, 4.0, -5.0, 4.0, -1.0, -6.0, 5.0, 1.0, 4.0, -1.0, -3.0, -1.0, -9.0, -1.0, -2.0, 4.0, -2.0, 4.0, -3.0, -2.0, -1.0, -1.0, -1.0, -2.0, 9.0, 5.0, 2.0, 3.0, 3.0, 9.0, 5.0, 4.0, -2.0, -1.0, -1.0, -12.0, 5.0, 0.0, 10.0, -1.0, 5.0, 4.0, 5.0, -2.0, -3.0, 5.0, -2.0, -6.0, -1.0, -1.0, -2.0, -6.0, -1.0, -1.0, -1.0, 10.0, 8.0, -1.0, 3.0, -3.0, -1.0, -6.0, 4.0, 11.0, 3.0, 6.0, 0.0, -7.0, 4.0, -3.0, -6.0, 5.0, -2.0, -6.0, 0.0, 5.0, -1.0, 0.0, -1.0, -8.0, -1.0, -2.0, 4.0, 5.0, -8.0, -3.0, 0.0, -13.0, 1.0, -11.0, -1.0, -6.0, 5.0, -2.0, 4.0, -7.0, -6.0, -1.0, -1.0, -3.0, 3.0, -3.0, -6.0, 0.0, 3.0, 5.0, 4.0, 8.0, 4.0, 3.0, -2.0, 0.0, 6.0, -2.0, 2.0, 0.0, 3.0, 4.0, 0.0, -3.0, 6.0, 3.0, -3.0, -1.0, 0.0, 5.0, -2.0, -1.0, -3.0, 2.0, -7.0, 3.0, -6.0, -2.0, -7.0, -2.0, -6.0, 0.0, 2.0, 6.0, -3.0, 5.0, -8.0, 5.0, -1.0, 1.0, -2.0, -5.0, -2.0, -2.0, -13.0, 1.0, 4.0, 10.0, -3.0, 4.0, 4.0, 3.0, 4.0, 0.0, 0.0, 3.0, -3.0, -2.0, -6.0, 5.0, 6.0, 4.0, 3.0, -7.0, -3.0, -2.0, 6.0, 7.0, -2.0, 3.0, -1.0, 5.0, 5.0, -6.0, -5.0, 5.0, 4.0, -8.0, -8.0, -4.0, -8.0, -2.0, 6.0, -5.0, -13.0, 9.0, 0.0, 6.0, 9.0, -2.0, 4.0, -3.0, -1.0, 2.0, -1.0, -2.0, -3.0, 6.0, 4.0, -2.0, -2.0, -5.0, 14.0, 4.0, 2.0, -3.0, 6.0, 1.0, 0.0, 4.0, -1.0, 5.0, -2.0, 6.0, 5.0, 0.0, 5.0, -2.0, 10.0, -3.0, -9.0, -2.0, 9.0, 4.0, 9.0, 2.0, -5.0, 4.0, 2.0, -9.0, 0.0, 12.0, -1.0, -3.0, -19.0, -1.0]",18.42414411714255,0.0034115314483642,0.0,0.0,0
27,27,"[-0.40144646, 0.19522975, 0.31804323, 0.7785284, 0.98400134, 0.8040757, 0.8608953, 0.5033183, 0.60610044, -0.9098632, 0.26163512, -0.4942919, 0.97626257, -0.72145545, 0.051783208, -0.44249958, 0.104708254, 0.61069286, 0.9526769, -0.54685104, -0.12740532, -0.6349834, -0.54454, -0.5612418, 0.7711673, -0.29524308, -0.24440973, -0.7903823, -0.18375938, -0.5241502, -0.33037055, 0.119723044, -0.59390694, 0.8661722, 0.3706483, 0.5889008, -0.96003306, 0.016597902, 0.43222582, 0.8842114, 0.8824853, -0.31943253, -0.74123335, 0.41973603, -0.63217276, -0.5664561, -0.7670286, 0.017529251, 0.068786696, -0.06882491, -0.7777401, -0.3833636, -0.063452125, -0.8030141, -0.48227698, -0.16905785, 0.8569056, -0.23653625, 0.76767725, -0.004312375, 0.4716697, 0.97979856, 0.74474907, 0.24978887, -0.18883954, 0.20186214, 0.7099684, 0.5269756, 0.71457267, -0.48553053, -0.9067382, 0.30579695, 0.86250186, -0.1747306, 0.8875675, 0.55967516, 0.8960911, -0.39145234, 0.28654832, -0.88543487, 0.46850437, -0.1386307, -0.5473324, 0.017997546, -0.18147294, 0.11769166, -0.51506615, 0.50200695, 0.10182932, 0.46366984, -0.122117944, 0.66153616, -0.3781511, -0.8460082, 0.6629478, 0.25017542, -0.57239014, -0.2868922, 0.16383037, -0.9940886, 0.48869005, 0.46043035, 0.9259473, -0.92062575, -0.18569714, -0.9786491, 0.379626, 0.12290413, 0.5571225, -0.5832625, 0.45053622, -0.09768571, -0.9018805, -0.59109926, 0.4241732, 0.7420129, 0.5187597, 0.5474576, 0.36909285, -0.5995948, -0.29803714, -0.059090413, -0.18360782, -0.77200264, -0.004413902, -0.8581984, -0.20420432, -0.46959135, 0.17765285, 0.5220083, -0.21842065, -0.2770887, 0.52082294, 0.73963493, -0.87714946, 0.1214378, 0.2573083, -0.15109761, -0.46742684, 0.27355853, -0.8751082, -0.5518082, 0.3125447, 0.9995961, 0.056364533, -0.89314866, -0.6505587, -0.07718985, -0.91292435, 0.6688307, 0.05008398, 0.3599026, 0.9891359, -0.73525614, -0.2532531, -0.34371293, 0.5580451, 0.12644027, -0.6085819, -0.23884225, 0.67679226, 0.45059472, 0.3615219, -0.13908388, 0.00626729, 0.90433043, 0.117343284, 0.17839344, 0.9483724, 4.5634453e-05, 0.5182036, -0.72034943, -0.118046515, -0.4578834, -0.22400813, 0.24860413, 0.68773806, -0.9142819, 0.43287656, -0.68690026, 0.21854678, -0.016310595, -0.37021658, 0.035366677, 0.451773, 0.3060931, 0.1704727, 0.4331146, -0.4800598, 0.32352802, -0.7138733, 0.5363131, 0.9487887, 0.36437935, -0.872145, -0.8874433, -0.001096419, 0.20104705, -0.5139736, 0.55241793, -0.40103987, 0.59173155, -0.7502836, 0.57534075, -0.058529846, -0.87509215, -0.81951565, 0.901934, 0.13104968, -0.5750878, -0.80853987, -0.65487885, 0.82802904, -0.39985806, 0.079279214, -0.7747708, 0.5088548, -0.6544669, -0.6362423, 0.32136598, 0.11028277, 0.9713238, -0.38193652, -0.49104172, 0.6392978, -0.01232866, -0.8351478, -0.25128856, -0.46257314, -0.61104256, 0.80307764, -0.89960635, 0.23247096, -0.2214442, -0.5412347, -0.01605526, 0.58765143, -0.8185252, 0.48798436, -0.6452267, -0.1779854, 0.9695321, -0.5869443, 0.48608044, -0.9832591, -0.28177005, -0.6688406, -0.5727621, 0.9798089, -0.6688833, -0.011312142, -0.96048826, -0.05176436, -0.02922629, 0.13746202, 0.46633282, -0.7763122, 0.6850966, -0.6184839, 0.92004406, -0.8417344, -0.7610934, -0.5432396, -0.7373965, -0.2772541, -0.7848528, 0.018459955, 0.71802205, -0.6984344, 0.8000916, -0.49414685, 0.80330276, 0.09722204, 0.6788766, -0.8087232, -0.018710678, 0.99226564, 0.9923101, -0.87722445, -0.1325876, -0.5983192, -0.93947005, 0.61458004, 0.43792582, -0.76307625, 0.27648634, 0.9485868, -0.46091706, -0.010696338, 0.9724291, -0.2097202, 0.342679, -0.19726829, 0.34647462, 0.32803708, -0.21747005, -0.5129735, -0.71458626, 0.18021436, -0.4995727, 0.46017864, 0.2034022, 0.9491508, -0.28952342, 0.81848544, 0.6806561, 0.83782595, 0.5170882, 0.16699676, -0.20396256, -0.49029016, -0.78801763, -0.035054088, -0.43956167, -0.3229868, 0.20883358, -0.22713107, 0.4602311, 0.30283958, 0.5363484, -0.6402487, -0.44825286, -0.8704171, 0.5113821, -0.13098875, 0.9256895, -0.4633353, 0.9315138, -0.071159005, 0.45916933, -0.15290277, 0.10144103, 0.15562694, -0.8475007, 0.47474855, 0.85723007, 0.26158416, -0.67395836, 0.61690646, 0.12732156, -0.11653492, 0.5298132, 0.15248561, 0.5405391, -0.7273033, 0.5791196, -0.20869225, 0.88152295, 0.03849078, 0.7786922, -0.43462762, 0.33290187, -0.16056643, -0.69891304, 0.32621524, 0.14384316, -0.06167364, 0.71272874, -0.5480789, -0.7358713, 0.7713226, -0.008966496, 0.4562194, -0.97900605, -0.3829739, -0.06476739, -0.5614789, -0.87752837, -0.7614179, 0.97018695, -0.61008155, -0.3362613, 0.40290666, -0.21591456, 0.7213749, -0.18589301, -0.591779, -0.70029235, -0.19873366, 0.38749772, -0.8665953, 0.9389049, 0.30585337, -0.0667556, -0.66169745, 0.54356724, -0.3400001, 0.79156846, -0.44429338, -0.27307528, -0.51394296, 0.2820621, -0.16010623, -0.6749817, 0.8716484, -0.119205095, -0.9010341, -0.5389711, 0.045875944, -0.1468104, -0.80241543, 0.55998176, 0.9205507, -0.28414553, 0.41779107, -0.93449956, 0.5031185, -0.5671927, -0.88239646, -0.4364687, -0.26519397, 0.18719758, 0.7294914, -0.7852015, -0.028419236, -0.41019055, 0.16142823, 0.3052549, -0.26043, -0.058178607, -0.73866385, -0.65763116, 0.66854817, 0.9458051, 0.44650212, -0.3604028, 0.5686504, -0.31660613, 0.8054577, -0.413343, -0.0105895735, -0.5037471, 0.9392566, 0.2690974, -0.9891502, 0.7714029, -0.13839473, 0.3402258, -0.5247174, -0.44620162, -0.50696254, 0.016189573, 0.6497811, 0.010028812, 0.33986163, -0.22726701, -0.33692792, -0.94339216, 0.1891502, -0.87535423, -0.8158922, -0.24288583, -0.35859188, -0.8598275, -0.29118365, 0.22592686, -0.8581821, 0.92537105, 0.4545738, -0.5100287, -0.98053026, -0.7781301, -0.5693989, -0.5436667, 0.36067298, -0.6934757, 0.73598796, -0.32219362, -0.80841744, 0.42607313, -0.78728586, -0.51384294, -0.8555147, 0.94367343, 0.72614807, 0.022854269, 0.20191029, 0.41690838, 0.43223456, -0.36150825, 0.057153992, -0.9660933, -0.7683554, 0.9722125, -0.73513716, 0.5847202, 0.5099018, -0.08378027, -0.6217767, -0.12982607, -0.28929254, -0.14293887, 0.0150444, 0.9160064, -0.43396816, 0.8463863, -0.83175415, -0.01986793, -0.58132356, 0.93942046, 0.32297587, 0.7361214, 0.5279579, 0.029864071, -0.30285403, -0.21001399, 0.07920423, -0.9480366, -0.4240895, 0.602742, 0.96473646, 0.10012772, -0.34356064, 0.21858458, 0.58073455, 0.05288917, -0.030638218, -0.7525292, -0.2751914, 0.8845462, 0.43121773, -0.3820594, -0.91558635, -0.30707803, 0.3848948, -0.5657987, 0.7423547, -0.21835376, 0.98535687, 0.08911631, 0.22109735, 0.056855723, -0.1549182, 0.8989735, 0.9681057, -0.5470571, 0.29182443, -0.70251393, 0.32293433, 0.052058443, -0.79277426, -0.20112781, -0.28442425, -0.2563294, -0.3474613, -0.031557243, -0.30059868, 0.6533344, 0.69283795, -0.35764486, 0.38246593, 0.7107108, 0.94904464, 0.73482203, 0.5026563, 0.4988073, 0.13590373, -0.45688114, -0.98553026, 0.9848147, -0.066184975, 0.3176108, -0.9656259, -0.9356852, -0.9209512, 0.21094802, 0.16328123, 0.3756175, -0.330278, 0.8825733, 0.032125752, -0.0381864, -0.251579, 0.6709538, -0.89207065, 0.29569188, -0.47110105, 0.3126778, -0.69682354, -0.12670623, -0.0030799254, -0.54216427, 0.71376187, 0.3919585, 0.5711769, 0.25937283, -0.809724, 0.35995853, 0.2133958, 0.24174266, 0.44521248, 0.18774581, 0.111697055, 0.54713863, 0.15512453, 0.8469276, 0.80005944, -0.22498673, -0.8729058, -0.7405719, -0.8903505, -0.16778907, 0.79130036, -0.34234592, 0.7703601, -0.7061229, -0.27739286, -0.59096, 0.37600037, -0.6371475, -0.38703066, 0.23671024, -0.046951048, -0.09666902, 0.76014805, -0.7419307, 0.08076524, -0.6344125, 0.16885681, 0.51666707, 0.16834243, -0.56916666, 0.83403045, -0.6265359, 0.48730552, 0.5885236, -0.79177463, 0.18665718, 0.6772781, 0.8231703, -0.34984604, -0.8065569, 0.5812614, -0.11732984, -0.26012692, -0.44787738, 0.68495834, 0.67848533, -0.774059, -0.30782315, -0.44618988, 0.5927957, 0.8253213, 0.318571, -0.033552337, 0.19511996, -0.71377325, -0.83775264, 0.11883797, -0.81918794, -0.97544116, 0.1342644, -0.18381071, -0.08340576, 0.7623831, -0.3901303, -0.90614533, 0.3966488, -0.4244497, 0.08452517, 0.18416525, 0.85475665, 0.27462438, 0.80410737, 0.6522566, -0.58128244, -0.6364631, -0.7090773, 0.21173774, -0.97054464, -0.3338492, -0.22207227, -0.27407557, 0.017354012, 0.9061783, 0.73459244, -0.3307558, -0.94256043, 0.70916563, -0.31056264, -0.04625244, 0.8578906, 0.6671393, 0.6038224, -0.3640611, 0.34679466, 0.43210787, -0.6081779, -0.3294214, 0.08640462, 0.7909968, 0.80224806, -0.7133263, -0.18808182, -0.90782064, -0.87640184, 0.03604911, -0.2967735, 0.9220765, 0.95486456, -0.61655325, 0.43782112, 0.9094431, -0.5407902, 0.12930553, 0.5698621, -0.7534798, -0.40332848, -0.6966103, 0.93457466, -0.45954445, -0.799897, 0.749083, -0.31943405, -0.8878944, 0.37809268, 0.2527223, -0.8305751, 0.93043923, 0.51716053, -0.21799916, 0.8748936, 0.34760356, -0.060332175, 0.993381, -0.61211485, -0.49292862, -0.818538, -0.51778686, -0.36229956, 0.52401, 0.34453768, 0.24687338, 0.31789547, 0.08011796, 0.6643854, -0.38778087, -0.82834446, 0.23700465, -0.56332064, 0.54707426, 0.1286482, 0.58343554, 0.4152075, 0.7630702, -0.30407038, -0.5230727, 0.45564684, 0.43016633, -0.8861483, 0.018038722, 0.25694942, 0.7702346, -0.37196422, -0.69409275, 0.27727893, -0.35375106, -0.92738503, -0.42230552, 0.44704533, 0.43400532, -0.72491103, 0.062386196, 0.17924836, 0.010183991, -0.9351119, -0.85082203, -0.3175758, -0.5052651, 0.3876748, -0.7490261, 0.5770596, 0.42524844, -0.50365585, 0.7172752, 0.059063792, 0.16157909, -0.04772811, 0.664537, 0.7401689, -0.19640163, -0.9550237, 0.51754165, 0.2496188, 0.39311546, 0.9703153, -0.26991776, -0.57290494, -0.049297396, -0.10719013, 0.10935834, -0.38761812, -0.6078673, -0.17715874, 0.43374893, 0.7954015, 0.9903914, 0.1719395, -0.9321064, -0.9069522, 0.67481107, 0.9010274, -0.40272707, -0.1936577, -0.1988412, 0.8780864, -0.8862944, 0.680294, 0.4622169, -0.7275175, 0.21327081, -0.67912406, -0.99577785, 0.5902837, -0.016104557, -0.17845719, 0.30730766, -0.79616034, 0.6442822, -0.036196493, -0.62897664, -0.11908931, -0.54073846, -0.5540307, -0.24905878, 0.15347658, 0.17151505, 0.29114702, -0.06351147, -0.25421152, 0.824258, 0.98856163, -0.397683, 0.5469041, 0.21924378, 0.92338985, -0.22166525, 0.6181503, 0.5784332, 0.37811846, 0.9058422, -0.80357015, -0.8874731, 0.87102187, -0.16535155, 0.42667246, 0.15263532, -0.5209668, -0.7162448, -0.43650705, 0.27031374, -0.684305, -0.884674, -0.48878813, 0.017731903, 0.8733178, 0.1835561, -0.8182724, 0.86012113, 0.62664926, 0.0960419, 0.9315827, -0.5783491, -0.25476137, 0.55191463, 0.54138213, -0.55821514, 0.92511845, 0.64132833, 0.16706604, 0.5411255, 0.33929873, 0.18531618, 0.03482448, 0.91447586, -0.012287299, -0.612587, 0.7117188, 0.50055367, -0.30698273, -0.52699554, 0.38785535, 0.892351, 0.66498613, 0.05104569, 0.30412403, 0.9866815, 0.59094566, -0.03706514, -0.4684162, 0.8799969, 0.8839035, 0.13608317, -0.20444874, 0.11504269, 0.8868281, 0.32982874, -0.15766083, 0.78614527, -0.25704542, 0.5963734, 0.7454664, 0.13910325, -0.09481748, -0.36853313, -0.70620054, 0.55546296, -0.8550989, -0.044308145, -0.40617672, 0.20518143, 0.26464078, 0.40856695, -0.10590357, 0.7296417, 0.6100576, 0.52350956, 0.26685056, -0.6680675, 0.965519, -0.6665303, -0.32228622, -0.29018366, -0.5119031, 0.7043748, -0.8439982, -0.43571404, 0.4499962, 0.43745857, -0.17745471, -0.6727371, -0.34861183, -0.36137682, -0.57663125, 0.6147705, 0.07476808, -0.33872834, 0.52390575, -0.87390286, -0.7647007, -0.2244353, 0.6617446, -0.45562807, -0.70564765, 0.31305313, -0.035678927, 0.8970302, 0.029396253, -0.97474575, 0.30509976, -0.104173295, 0.18472412, 0.40295509, 0.24350516, -0.16193567, -0.5708455, 0.45571432, -0.54014295, -0.081318475, -0.99363333, -0.19477028, 0.73068833, 0.6576999, -0.11457139, -0.13045037, -0.6536203, -0.5225126, 0.74414724, 0.02121726, 0.57677215, -0.47688738, 0.6476842, 0.06276063, 0.16206668, -0.86664724, -0.82911867, -0.52309674, 0.18726607, 0.024772253, 0.2343253, 0.44678137, -0.8557864, 0.5609517, 0.31505072, 0.82222813, -0.4942356, 0.6199929, -0.8583558, 0.80797774, 0.8354977, -0.0222561, -0.77089846, -0.9411153, -0.9664005, 0.8846439, -0.3158883, -0.39589688, 0.61059767, 0.7546599, -0.13074447]","[-7.0, 4.0, 4.0, -2.0, -1.0, 4.0, -1.0, 2.0, -2.0, -3.0, -2.0, -1.0, 4.0, -2.0, 4.0, -2.0, -2.0, -3.0, -7.0, -1.0, -8.0, -2.0, -2.0, -7.0, 5.0, 10.0, -7.0, -8.0, 3.0, -7.0, -14.0, 4.0, -2.0, 4.0, 5.0, 3.0, 4.0, -6.0, -7.0, -7.0, 0.0, 5.0, -1.0, -4.0, 1.0, 5.0, 3.0, -7.0, -3.0, -2.0, 5.0, 3.0, 5.0, -1.0, 1.0, 1.0, -1.0, -2.0, 0.0, 4.0, 3.0, 4.0, -2.0, 0.0, 3.0, 4.0, -7.0, -3.0, -2.0, 5.0, 5.0, 2.0, -1.0, 4.0, -6.0, 3.0, 4.0, -3.0, -1.0, 6.0, -2.0, -6.0, -1.0, -7.0, 6.0, 10.0, -1.0, -1.0, 0.0, 4.0, -1.0, 6.0, -1.0, 10.0, -2.0, 4.0, 4.0, -3.0, -6.0, -4.0, -1.0, -1.0, 1.0, -1.0, -8.0, 5.0, 1.0, 3.0, 5.0, -3.0, -2.0, -7.0, -7.0, -2.0, 4.0, -8.0, 5.0, -7.0, 5.0, -3.0, 5.0, 5.0, 0.0, 4.0, -2.0, 3.0, -1.0, 4.0, 3.0, -2.0, 5.0, -1.0, -4.0, -7.0, -2.0, -8.0, -1.0, -8.0, 3.0, 4.0, 4.0, 5.0, -2.0, 4.0, 5.0, 4.0, -8.0, 0.0, -7.0, 4.0, -10.0, 5.0, -3.0, 0.0, -2.0, -7.0, 4.0, 4.0, 4.0, -1.0, -3.0, 4.0, 5.0, 3.0, -13.0, -1.0, -7.0, 4.0, -9.0, -5.0, 3.0, -1.0, 5.0, 3.0, 1.0, -2.0, -2.0, -2.0, -3.0, 0.0, 3.0, -2.0, -2.0, -5.0, -2.0, -2.0, 5.0, -6.0, 2.0, 10.0, -3.0, -2.0, 4.0, -4.0, -2.0, 0.0, -2.0, -8.0, -2.0, -2.0, -8.0, -2.0, -2.0, 5.0, -1.0, 5.0, -1.0, -3.0, -1.0, -1.0, 5.0, 4.0, -2.0, 4.0, 1.0, -8.0, 4.0, 4.0, -2.0, -3.0, 4.0, -7.0, -3.0, -7.0, 8.0, 5.0, 4.0, -3.0, 0.0, 4.0, -7.0, 0.0, 5.0, -2.0, 0.0, 4.0, 4.0, 4.0, -1.0, 3.0, 1.0, -1.0, -6.0, 3.0, 2.0, 0.0, 4.0, -5.0, -2.0, 6.0, -2.0, -5.0, -2.0, -1.0, -2.0, -4.0, -1.0, -4.0, -2.0, -2.0, -2.0, 5.0, -7.0, -2.0, 4.0, -1.0, -7.0, 1.0, -7.0, 5.0, 4.0, -1.0, -1.0, -6.0, 6.0, -1.0, 5.0, -2.0, -4.0, -7.0, 4.0, -1.0, 0.0, -1.0, -1.0, 12.0, 0.0, -1.0, 4.0, 4.0, -1.0, -2.0, -8.0, -2.0, -2.0, -1.0, -7.0, -1.0, -3.0, -2.0, 4.0, 3.0, 4.0, -1.0, -1.0, 0.0, -3.0, 4.0, 0.0, -2.0, 3.0, 3.0, -6.0, -1.0, -2.0, 0.0, 1.0, -1.0, 5.0, 4.0, -1.0, -8.0, -1.0, 3.0, 6.0, 1.0, -7.0, 4.0, 5.0, 2.0, 0.0, 0.0, 4.0, 10.0, -2.0, -2.0, -8.0, -2.0, 4.0, 12.0, -1.0, 5.0, -4.0, -7.0, -7.0, 0.0, -1.0, -1.0, -2.0, -1.0, -3.0, -1.0, -1.0, 4.0, 5.0, 5.0, -2.0, -7.0, 3.0, -1.0, -7.0, -1.0, 4.0, -7.0, 6.0, -1.0, 4.0, 10.0, 4.0, -7.0, -1.0, 13.0, 4.0, 9.0, 0.0, 4.0, -3.0, 4.0, 5.0, 4.0, 4.0, 4.0, -2.0, 5.0, -1.0, 4.0, 3.0, 5.0, 5.0, 3.0, 0.0, 5.0, -2.0, 11.0, 5.0, 11.0, -2.0, -2.0, 5.0, 10.0, -3.0, 5.0, 10.0, -1.0, 3.0, -1.0, -7.0, 5.0, -2.0, 4.0, -2.0, 3.0, 3.0, 1.0, -8.0, -2.0, -10.0, 5.0, 0.0, -3.0, -8.0, 1.0, 8.0, -6.0, 6.0, 3.0, -7.0, -7.0, -2.0, -1.0, -1.0, -1.0, -2.0, -2.0, -2.0, -2.0, -14.0, -7.0, -1.0, -7.0, -1.0, -8.0, 4.0, -2.0, 5.0, -2.0, 5.0, -2.0, 5.0, 4.0, -1.0, -2.0, 4.0, 4.0, 5.0, 4.0, 3.0, -1.0, 4.0, 2.0, 4.0, -2.0, -2.0, -1.0, 9.0, -1.0, -1.0, -8.0, 0.0, 5.0, 2.0, 4.0, -1.0, 5.0, -1.0, 5.0, -8.0, -1.0, -2.0, -1.0, -2.0, -2.0, -10.0, 5.0, -5.0, -1.0, 5.0, 11.0, -1.0, 0.0, -5.0, -2.0, -2.0, 2.0, -2.0, -2.0, -2.0, -8.0, 0.0, -2.0, -7.0, 4.0, -7.0, -1.0, -3.0, -5.0, 4.0, 2.0, -1.0, -2.0, 4.0, 5.0, -4.0, 4.0, -1.0, -1.0, -1.0, 3.0, 9.0, -7.0, 4.0, -2.0, -3.0, -2.0, -2.0, 5.0, 4.0, 4.0, -5.0, -1.0, -1.0, 3.0, -3.0, -1.0, -7.0, 0.0, -1.0, 4.0, 3.0, -5.0, 5.0, 4.0, -1.0, -1.0, 4.0, -3.0, -1.0, -1.0, -2.0, -2.0, 5.0, 5.0, -2.0, 1.0, -7.0, 5.0, 4.0, -2.0, -1.0, 3.0, -1.0, -7.0, -5.0, -2.0, -1.0, -1.0, 5.0, -1.0, 0.0, 4.0, -3.0, -7.0, -2.0, -1.0, -1.0, -2.0, 3.0, -3.0, -2.0, 1.0, 1.0, -3.0, 0.0, -1.0, -8.0, 4.0, 3.0, 1.0, -1.0, -2.0, -7.0, -2.0, -1.0, 3.0, -1.0, -1.0, 5.0, -3.0, 4.0, 0.0, -2.0, -7.0, -7.0, 3.0, 5.0, -1.0, 11.0, 4.0, -1.0, 4.0, -2.0, 0.0, 10.0, 0.0, -7.0, -2.0, -8.0, -2.0, 7.0, -1.0, -1.0, 4.0, 6.0, 5.0, 4.0, 2.0, -1.0, -2.0, 10.0, -4.0, -1.0, -2.0, 4.0, -1.0, -1.0, 0.0, 5.0, -1.0, 2.0, -1.0, -2.0, -1.0, -6.0, 2.0, -1.0, -2.0, 1.0, -2.0, 3.0, -2.0, -2.0, 6.0, -2.0, -2.0, 1.0, -2.0, -2.0, -6.0, 4.0, 1.0, 5.0, -3.0, -3.0, 5.0, 4.0, -6.0, -2.0, -1.0, -1.0, 0.0, -1.0, -3.0, 3.0, 3.0, 1.0, 0.0, 5.0, 1.0, -1.0, -1.0, -2.0, -1.0, 5.0, -3.0, 5.0, -1.0, -12.0, -2.0, -1.0, -1.0, -5.0, -7.0, -1.0, -2.0, -3.0, 6.0, 8.0, -3.0, 0.0, 4.0, 3.0, 5.0, -1.0, 3.0, 4.0, -1.0, 4.0, -1.0, 5.0, -15.0, -7.0, -1.0, -2.0, 1.0, -7.0, 5.0, -1.0, 1.0, -2.0, 6.0, 0.0, -4.0, -1.0, -2.0, 2.0, -2.0, 0.0, -6.0, -8.0, -2.0, 4.0, 4.0, -2.0, 1.0, 1.0, -5.0, 4.0, -1.0, -3.0, 10.0, -2.0, 5.0, 3.0, -1.0, 3.0, 5.0, 4.0, -2.0, -3.0, 4.0, 4.0, -1.0, 3.0, 10.0, -1.0, 2.0, -2.0, 4.0, -2.0, 5.0, -6.0, 5.0, -1.0, -5.0, 4.0, 0.0, 5.0, 0.0, -2.0, -2.0, -8.0, -2.0, -1.0, 5.0, -1.0, 5.0, -2.0, -1.0, -2.0, -2.0, -2.0, -2.0, 10.0, 4.0, 3.0, 3.0, 4.0, 10.0, 4.0, 4.0, -2.0, 0.0, -2.0, -13.0, 4.0, -1.0, 9.0, -2.0, 4.0, 3.0, 4.0, -2.0, -2.0, 5.0, -3.0, -7.0, -2.0, -2.0, -2.0, -7.0, -1.0, -2.0, 0.0, 10.0, 9.0, -1.0, 4.0, -2.0, -2.0, -7.0, 5.0, 11.0, 4.0, 5.0, -1.0, -8.0, 4.0, -2.0, -5.0, 4.0, -1.0, -7.0, -1.0, 4.0, 0.0, -1.0, -1.0, -8.0, -2.0, -1.0, 5.0, 4.0, -9.0, -4.0, -1.0, -14.0, 2.0, -12.0, -2.0, -7.0, 6.0, -1.0, 5.0, -8.0, -7.0, -1.0, -2.0, -4.0, 3.0, -2.0, -7.0, 0.0, 4.0, 5.0, 5.0, 9.0, 5.0, 2.0, -2.0, -1.0, 7.0, -1.0, 3.0, -1.0, 4.0, 4.0, -1.0, -2.0, 5.0, 4.0, -2.0, -2.0, -1.0, 4.0, -1.0, 0.0, -4.0, 3.0, -8.0, 4.0, -5.0, -1.0, -7.0, -2.0, -7.0, -1.0, 3.0, 5.0, -2.0, 5.0, -9.0, 5.0, -2.0, 0.0, -1.0, -5.0, -1.0, -1.0, -14.0, 0.0, 5.0, 11.0, -2.0, 5.0, 5.0, 4.0, 4.0, -1.0, -1.0, 4.0, -2.0, -1.0, -5.0, 4.0, 5.0, 4.0, 2.0, -7.0, -2.0, -2.0, 5.0, 6.0, -1.0, 4.0, 0.0, 5.0, 5.0, -7.0, -6.0, 6.0, 3.0, -7.0, -7.0, -3.0, -7.0, -1.0, 5.0, -6.0, -13.0, 10.0, -1.0, 6.0, 10.0, -1.0, 3.0, -2.0, 0.0, 1.0, -2.0, -3.0, -2.0, 5.0, 5.0, -3.0, -2.0, -6.0, 15.0, 5.0, 3.0, -4.0, 5.0, 0.0, -1.0, 5.0, -2.0, 4.0, -1.0, 5.0, 4.0, -1.0, 4.0, -1.0, 11.0, -2.0, -8.0, -1.0, 8.0, 5.0, 9.0, 2.0, -6.0, 4.0, 3.0, -8.0, -1.0, 11.0, -2.0, -2.0, -20.0, -2.0]",8.192839107609505,0.0032825469970703,0.0,0.0,0
28,28,"[-0.34256244, -0.6290974, 0.82747525, -0.42662802, 0.59510416, -0.45761406, -0.4984399, 0.8313149, 0.98323363, -0.23408821, -0.06355424, -0.4576237, 0.6078223, 0.16491038, 0.20049545, 0.18161735, -0.004952046, 0.93799555, 0.011037363, -0.45170486, 0.3123812, 0.83506006, -0.5107407, 0.8825898, 0.12596522, -0.95851314, -0.58077645, 0.32093102, 0.5760275, 0.81678, 0.37577114, -0.315355, 0.79555595, -0.7614339, -0.107401915, -0.77394444, -0.7379079, 0.26836243, -0.28255263, 0.6761104, 0.3586723, -0.23195258, -0.55520135, 0.30875, -0.093448564, -0.93281776, 0.6754263, -0.5313435, -0.66949123, 0.9356799, -0.5662416, -0.09153095, 0.47511253, 0.6958299, -0.72035885, -0.055923935, 0.5218402, -0.72639984, 0.42892987, -0.84934074, 0.3391422, 0.6784656, 0.42869785, -0.40806746, 0.58877873, -0.48044246, 0.2954146, 0.33694848, 0.57893246, 0.6734975, -0.13513884, 0.5767574, 0.7216839, -0.014521469, -0.008379338, 0.55417955, -0.07629663, 0.989938, -0.7602554, 0.21449567, 0.06519489, -0.4806978, -0.73544145, 0.76496714, -0.34570113, -0.5065745, 0.5558291, -0.7936565, -0.99194086, 0.87580216, -0.18932317, 0.9377239, 0.4842424, 0.6953941, 0.1738499, 0.7064103, 0.26905566, 0.78969896, 0.6245768, 0.59169936, -0.87387246, -0.48584834, -0.97786945, -0.5900024, 0.30811763, -0.3645044, -0.15141483, 0.9007768, 0.49087152, 0.1902366, 0.41572505, 0.857989, 0.87279606, 0.14709215, 0.47334537, -0.39485526, -0.009776955, 0.7163933, 0.24039152, 0.99126756, -0.11993658, -0.4693734, 0.452969, 0.14572625, -0.74244726, 0.56371796, -0.9023862, -0.6865696, -0.20929593, 0.31431597, -0.8850232, 0.42094153, -0.49114317, -0.40558165, 0.35890245, 0.08447378, -0.63996285, 0.22028211, -0.9122128, 0.4704939, 0.9991336, 0.34258902, 0.6512882, 0.13158587, -0.20053303, 0.26956388, -0.7924179, -0.6108676, 0.5615715, -0.5278905, -0.26434365, 0.03346378, -0.7421602, -0.15685195, 0.59394366, 0.90033084, 0.21983711, -0.9171104, 0.014572767, 0.5663918, -0.9616395, 0.10525699, 0.55625665, 0.094069555, 0.3383422, 0.9803349, -0.72151077, 0.71238416, 0.11697745, -0.60357803, -0.335967, 0.39157078, 0.9480279, 0.24105068, -0.45619634, -0.8925209, -0.9250179, 0.12296751, -0.14974068, 0.5889385, 0.99787223, 0.36030978, 0.17799936, -0.5728015, 0.13618803, -0.18527974, -0.7115608, -0.70646584, -0.28329176, 0.9842676, -0.7774493, 0.6042189, 0.22779822, -0.63718295, -0.030557312, -0.34423947, -0.8832522, -0.8764588, -0.85229605, -0.11889086, 0.4723207, 0.26532537, -0.52504456, -0.23007056, 0.8367492, 0.033180896, 0.42119342, -0.43038207, -0.5164642, -0.073734954, -0.71156013, -0.14319755, -0.6852328, 0.42075962, 0.7103484, -0.62234175, 0.78938186, -0.940458, -0.63834524, 0.5291434, -0.08447284, -0.64365685, 0.9043337, 0.5759533, -0.3678368, 0.6703813, -0.53103554, 0.45644864, -0.2694064, 0.27184784, -0.9964283, -0.37249377, -0.87320876, 0.16123797, -0.11729047, -0.40792033, -0.29855502, -0.7569782, -0.20733516, -0.5041811, 0.2685599, 0.98297614, 0.7931141, 0.111867405, -0.66799974, 0.12187823, -0.07982357, -0.3605226, -0.11698968, -0.824088, 0.0385262, 0.2305311, 0.39174688, -0.08244177, -0.28556246, -0.40518162, 0.6827157, -0.8436482, -0.23646191, -0.86215246, 0.7656676, 0.87717384, 0.91358334, 0.5357846, -0.60889745, -0.7132682, 0.3620492, -0.30103138, 0.48819438, 0.55420846, 0.86575747, -0.7638224, 0.5435681, 0.46505246, -0.043724872, 0.6603291, 0.88943785, 0.16634186, 0.19532883, 0.41110492, 0.47637635, 0.7235978, 0.4099815, -0.83643854, -0.41963866, -0.0013007545, 0.12303016, 0.3703718, -0.9740051, -0.6358519, 0.3814141, -0.0027769122, 0.3624458, 0.15905525, -0.6412521, 0.4450385, 0.0064712986, -0.28792068, -0.73560256, -0.40080032, -0.70506495, -0.7501979, -0.88831997, -0.6389168, 0.9703267, 0.66331875, -0.062154062, -0.28146213, -0.69025224, 0.93496025, 0.4180676, -0.6743511, 0.009988471, 0.7509471, -0.08933122, -0.82491964, -0.33034858, 0.9874376, 0.68331915, -0.6009335, 0.98928946, 0.36168456, 0.68160844, -0.7675105, -0.21878758, 0.2703679, -0.17735302, 0.41129267, -0.20106398, 0.61528575, 0.29477033, -0.2402819, 0.3548836, -0.3457418, -0.030643947, -0.19444782, -0.9499935, 0.1089085, 0.005650735, 0.07369995, 0.7789073, 0.5075702, -0.50537854, -0.9881067, 0.5933785, 0.6805874, -0.6432469, -0.1820964, 0.1763236, -0.8037846, -0.16896684, 0.49286214, 0.6731542, -0.10529156, 0.21066423, 0.58241093, -0.74716914, -0.91338366, 0.09474232, -0.26818985, 0.1665845, -0.99725854, 0.6368704, -0.9034132, 0.08105487, 0.46892688, 0.54090965, 0.78447485, 0.6338418, 0.82398516, -0.39580595, -0.27981582, 0.9910377, 0.24842282, -0.07080659, -0.15318336, -0.8087156, -0.24211027, -0.24353142, -0.20432056, 0.37479505, -0.6148194, -0.42184398, -0.6730165, 0.038534317, -0.30950594, 0.7970556, 0.46632946, 0.55212396, 0.09028973, -0.7083572, 0.26775163, -0.11140362, 0.21817723, 0.14509977, 0.2643966, -0.67405754, 0.56128395, 0.8764389, -0.10044349, -0.85304505, 0.81650835, 0.044916473, -0.52380794, -0.024450313, 0.92306834, 0.38947383, -0.9367113, -0.615629, 0.46993867, 0.81471545, 0.5716056, 0.14199467, 0.1683549, -0.05196291, -0.55430615, 0.63086545, -0.67052764, -0.5851497, -0.955893, -0.48574466, -0.59970105, 0.52830404, 0.7645975, -0.8055155, 0.4877047, -0.6312135, -0.30997962, 0.8411163, 0.4821895, -0.28003585, 0.43866602, 0.8207706, 0.5883337, 0.06281038, 0.22761226, 0.17025208, -0.9988749, -0.52158195, -0.70921314, -0.615123, 0.67140967, -0.5776808, 0.5648976, -0.10060014, -0.44047382, -0.17214331, -0.863173, -0.33337492, -0.47056141, 0.13643435, 0.6068461, 0.6735788, -0.98619014, -0.9221011, -0.1315732, -0.552525, 0.5551376, 0.77221006, 0.042223107, -0.051793996, 0.82205486, -0.25625557, -0.4571327, 0.16482997, -0.2543313, -0.51297057, 0.9343848, -0.08601945, -0.7311254, 0.2733901, 0.7578787, 0.7510373, -0.5233291, 0.7427804, 0.19006209, -0.8344175, 0.6700393, -0.6764227, 0.8289128, 0.4320195, -0.24904303, 0.9051425, 0.26451442, -0.46514407, -0.24681532, -0.65026164, 0.32191867, -0.76552504, 0.6532618, 0.25554907, -0.6298378, -0.34489924, -0.39889532, -0.6684996, 0.7153983, 0.080944374, 0.4904308, 0.34969807, -0.726698, -0.113420464, -0.5476116, -0.9047907, 0.73510915, -0.68295246, -0.26197395, -0.26754454, -0.12617832, 0.45894268, 0.6432555, 0.89909923, -0.6142751, 0.67872435, -0.41629404, -0.88914645, 0.15558642, -0.23716511, -0.188778, -0.24497376, 0.28289616, 0.900274, 0.5555122, 0.6553569, 0.7696363, 0.67561984, -0.2242404, -0.3427978, -0.17605667, -0.8214355, -0.5614102, -0.876407, -0.825362, -0.23037647, 0.35483807, -0.6603057, -0.13860823, 0.19228728, 0.06863697, 0.6789508, -0.33743358, 0.21293682, -0.15018214, -0.5847491, -0.15213443, -0.5950605, 0.028335039, -0.8567194, 0.2475552, -0.29150936, -0.57406217, 0.4495053, 0.77229035, -0.26942563, 0.6137651, 0.79170984, 0.36983353, -0.13640094, -0.5647457, 0.16493367, 0.17362502, 0.21584128, 0.15128297, 0.9108956, -0.25840572, -0.50289565, 0.026519641, -0.5637747, 0.82319975, 0.92517346, -0.38197523, 0.16128956, -0.06728866, 0.05712449, 0.056385435, 0.67506295, -0.69476384, -0.56036466, 0.10887548, -0.21273392, 0.23605584, -0.12600774, 0.25520217, -0.38119566, -0.7695697, 0.2989589, 0.47948363, 0.39965782, -0.44809788, 0.095765114, 0.62227666, 0.56636655, -0.26651493, -0.55536145, -0.53547996, 0.69597924, -0.4866587, -0.44363308, 0.31451494, -0.08075873, -0.9103489, -0.20809759, -0.39977485, -0.8805201, -0.7975475, 0.7183253, 0.55332744, -0.19003125, -0.19066913, -0.52792156, 0.7877824, -0.8801469, 0.022479817, -0.59640497, 0.26567468, 0.46288273, -0.0769409, -0.2787191, 0.4873427, -0.33434847, 0.3316333, 0.555583, 0.6289958, -0.80056244, -0.7783345, 0.9131865, -0.85087126, -0.4887711, -0.4938537, 0.5242734, -0.23662882, -0.20817825, -0.5454368, -0.28410572, -0.4150473, 0.4106145, -0.95335376, 0.49135727, -0.81458753, 0.7958638, -0.20817946, -0.011290158, -0.7522611, 0.6285928, 0.9446529, 0.4095946, -0.26475388, -0.4275693, 0.26429868, -0.19828999, -0.85219216, 0.5995597, 0.81747127, 0.5404289, -0.6513551, 0.8222041, -0.23391774, -0.33954614, 0.25810558, 0.7269812, 0.86970544, -0.49280226, 0.506505, -0.29181972, 0.65328777, 0.08516466, -0.96301216, 0.56821245, 0.036047626, -0.9136055, -0.43808374, 0.055853527, 0.62096965, 0.80416834, -0.2586004, 0.3992089, 0.5470463, 0.11966401, 0.56614435, -0.15548608, -0.92139846, -0.15100732, 0.004652563, -0.3606126, -0.5509383, -0.6988712, 0.06073731, 0.3109209, 0.63578516, 0.41120622, -0.90210503, 0.66546714, -0.4795058, -0.5161114, -0.1352841, 0.7324957, 0.32815465, -0.91965646, 0.6447826, -0.45671535, -0.2701221, -0.5884225, -0.4442147, -0.15463279, 0.5485295, 0.12895267, 0.019975953, -0.4641194, -0.2523707, 0.68167317, -0.14236976, 0.800715, 0.8786804, 0.6853, 0.16800733, -0.8804841, -0.07500776, -0.8065488, 0.5707906, -0.2412548, -0.16897964, -0.47889632, 0.29173854, -0.50589144, -0.2512158, 0.37590256, 0.46309412, -0.56798756, 0.3453218, 0.15968692, 0.6229303, -0.7005903, 0.018289171, -0.1910614, -0.02361864, -0.45416093, -0.69659793, 0.13169302, -0.47552586, 0.72084904, -0.21234459, 0.29527092, 0.3950131, 0.6706899, -0.43618777, 0.5947526, -0.42062765, -0.031170249, 0.17799087, -0.8136587, 0.45089233, 0.2585433, 0.32116023, -0.19664004, -0.83347297, 0.6212482, 0.08706714, -0.8491044, -0.98359436, 0.82040155, 0.124108784, -0.43894234, 0.5740452, 0.019980254, 0.9028688, -0.11485161, 0.093583524, -0.041379597, 0.93484354, 0.25901556, -0.9839954, -0.07697882, -0.5035859, -0.20813388, -0.9680794, 0.5075326, 0.8956407, 0.0175495, -0.3588835, -0.7716978, 0.8637141, 0.5016561, -0.25169745, 0.81807786, -0.5438049, 0.84712505, 0.67335, 0.5714723, -0.9841948, -0.342532, -0.057777897, 0.9100782, 0.5449183, 0.53392935, -0.49121913, -0.5553271, 0.2938154, -0.45094073, -0.25720662, 0.8918917, -0.86783886, -0.611433, -0.44646397, 0.9206418, -0.99952173, -0.8069335, -0.30992728, -0.9351149, -0.67903703, -0.6193867, -0.9720816, -0.6851951, 0.3879014, 0.27534398, -0.68075794, -0.5976436, -0.72094184, 0.98925483, -0.28007808, 0.59404963, 0.80033666, -0.71829563, -0.79808563, -0.63604885, -0.30473983, -0.39279437, 0.4778826, 0.6124831, -0.08667371, 0.4832007, -0.42192903, 0.4826661, 0.51134336, -0.28062534, -0.2720657, 0.61774254, 0.0013880365, 0.10305167, -0.8771231, -0.62666327, 0.3352115, 0.936711, -0.08696347, 0.15458131, -0.7404842, -0.38100696, 0.1003847, -0.53655493, 0.58041215, 0.12989557, 0.83002627, -0.3766194, 0.8907254, -0.93563473, 0.9348254, -0.9439174, -0.32564113, -0.7494086, 0.32278392, -0.5301221, -0.37779942, -0.17196904, 0.012215587, 0.8510854, 0.1709918, 0.53352314, 0.86611706, -0.2701398, -0.27772668, 0.6575836, -0.6703994, -0.30851427, -0.7682513, 0.20168744, 0.08713116, -0.5743973, 0.25402647, 0.7376795, -0.9338293, 0.08527289, -0.32797462, 0.22099395, 0.5889144, -0.6664097, 0.079473235, 0.67440224, 0.12469991, -0.7619827, -0.8213987, 0.70372367, -0.76478404, 0.76639825, 0.9704205, 0.20046051, 0.18450773, -0.78392, -0.26654592, 0.10788947, 0.18517075, 0.3247336, 0.6894983, -0.95535845, 0.91663796, 0.8556671, 0.8953194, 0.5365849, -0.54565364, -0.73155385, -0.20227757, -0.5228617, -0.495319, 0.54287505, 0.45792797, 0.28187218, 0.79270285, 0.46604818, 0.77733225, -0.9502829, -0.97602195, -0.65749276, -0.3592675, 0.86162305, 0.2155773, 0.2162349, 0.8079921, 0.74566746, 0.75619876, 0.18176962, 0.10871429, -0.05013974, -0.3402187, 0.91589856, 0.3264968, 0.06574156, 0.72451854, -0.045456573, 0.92010766, 0.7310152, -0.4773552, 0.5957813, 0.15714042, -0.5813706, -0.31658575, 0.007567996, -0.7390274, 0.28950098, -0.8094964, -0.020994209, -0.15764849, 0.56894463, 0.80359024, -0.72094995, 0.71932876, -0.32549644, -0.9136152, 0.5290635, -0.44425723, -0.856418, 0.05208831, 0.023881264, 0.89299953, 0.8937075, 0.13625145, 0.74520093, -0.9249686, 0.07990602, 0.5903596, -0.52603537, -0.783426, -0.88801944, -0.95754725, 0.34465382, 0.948356, 0.003754199, 0.32977873, 0.9284956, 0.39052114, -0.5940297, 0.92280227, -0.40450665, 0.048262786, -0.51617086, 0.8246217, -0.7574063, -0.47490907, 0.17157072, -0.47592938, -0.41308236, -0.023303611, -0.70413905, 0.22126843, -0.20108922, -0.0898148, 0.014300925, 0.47751305, 0.4024752, -0.6384468, 0.5197547, -0.65697706, -0.3612778, 0.40332028]","[-7.0, 4.0, 4.0, -2.0, -1.0, 4.0, -1.0, 2.0, -2.0, -3.0, -2.0, -1.0, 4.0, -2.0, 4.0, -2.0, -2.0, -3.0, -7.0, -1.0, -8.0, -2.0, -2.0, -7.0, 5.0, 10.0, -7.0, -8.0, 3.0, -7.0, -14.0, 4.0, -2.0, 4.0, 5.0, 3.0, 4.0, -6.0, -7.0, -7.0, 0.0, 5.0, -1.0, -4.0, 1.0, 5.0, 3.0, -7.0, -3.0, -2.0, 5.0, 3.0, 5.0, -1.0, 1.0, 1.0, -1.0, -2.0, 0.0, 4.0, 3.0, 4.0, -2.0, 0.0, 3.0, 4.0, -7.0, -3.0, -2.0, 5.0, 5.0, 2.0, -1.0, 4.0, -6.0, 3.0, 4.0, -3.0, -1.0, 6.0, -2.0, -6.0, -1.0, -7.0, 6.0, 10.0, -1.0, -1.0, 0.0, 4.0, -1.0, 6.0, -1.0, 10.0, -2.0, 4.0, 4.0, -3.0, -6.0, -4.0, -1.0, -1.0, 1.0, -1.0, -8.0, 5.0, 1.0, 3.0, 5.0, -3.0, -2.0, -7.0, -7.0, -2.0, 4.0, -8.0, 5.0, -7.0, 5.0, -3.0, 5.0, 5.0, 0.0, 4.0, -2.0, 3.0, -1.0, 4.0, 3.0, -2.0, 5.0, -1.0, -4.0, -7.0, -2.0, -8.0, -1.0, -8.0, 3.0, 4.0, 4.0, 5.0, -2.0, 4.0, 5.0, 4.0, -8.0, 0.0, -7.0, 4.0, -10.0, 5.0, -3.0, 0.0, -2.0, -7.0, 4.0, 4.0, 4.0, -1.0, -3.0, 4.0, 5.0, 3.0, -13.0, -1.0, -7.0, 4.0, -9.0, -5.0, 3.0, -1.0, 5.0, 3.0, 1.0, -2.0, -2.0, -2.0, -3.0, 0.0, 3.0, -2.0, -2.0, -5.0, -2.0, -2.0, 5.0, -6.0, 2.0, 10.0, -3.0, -2.0, 4.0, -4.0, -2.0, 0.0, -2.0, -8.0, -2.0, -2.0, -8.0, -2.0, -2.0, 5.0, -1.0, 5.0, -1.0, -3.0, -1.0, -1.0, 5.0, 4.0, -2.0, 4.0, 1.0, -8.0, 4.0, 4.0, -2.0, -3.0, 4.0, -7.0, -3.0, -7.0, 8.0, 5.0, 4.0, -3.0, 0.0, 4.0, -7.0, 0.0, 5.0, -2.0, 0.0, 4.0, 4.0, 4.0, -1.0, 3.0, 1.0, -1.0, -6.0, 3.0, 2.0, 0.0, 4.0, -5.0, -2.0, 6.0, -2.0, -5.0, -2.0, -1.0, -2.0, -4.0, -1.0, -4.0, -2.0, -2.0, -2.0, 5.0, -7.0, -2.0, 4.0, -1.0, -7.0, 1.0, -7.0, 5.0, 4.0, -1.0, -1.0, -6.0, 6.0, -1.0, 5.0, -2.0, -4.0, -7.0, 4.0, -1.0, 0.0, -1.0, -1.0, 12.0, 0.0, -1.0, 4.0, 4.0, -1.0, -2.0, -8.0, -2.0, -2.0, -1.0, -7.0, -1.0, -3.0, -2.0, 4.0, 3.0, 4.0, -1.0, -1.0, 0.0, -3.0, 4.0, 0.0, -2.0, 3.0, 3.0, -6.0, -1.0, -2.0, 0.0, 1.0, -1.0, 5.0, 4.0, -1.0, -8.0, -1.0, 3.0, 6.0, 1.0, -7.0, 4.0, 5.0, 2.0, 0.0, 0.0, 4.0, 10.0, -2.0, -2.0, -8.0, -2.0, 4.0, 12.0, -1.0, 5.0, -4.0, -7.0, -7.0, 0.0, -1.0, -1.0, -2.0, -1.0, -3.0, -1.0, -1.0, 4.0, 5.0, 5.0, -2.0, -7.0, 3.0, -1.0, -7.0, -1.0, 4.0, -7.0, 6.0, -1.0, 4.0, 10.0, 4.0, -7.0, -1.0, 13.0, 4.0, 9.0, 0.0, 4.0, -3.0, 4.0, 5.0, 4.0, 4.0, 4.0, -2.0, 5.0, -1.0, 4.0, 3.0, 5.0, 5.0, 3.0, 0.0, 5.0, -2.0, 11.0, 5.0, 11.0, -2.0, -2.0, 5.0, 10.0, -3.0, 5.0, 10.0, -1.0, 3.0, -1.0, -7.0, 5.0, -2.0, 4.0, -2.0, 3.0, 3.0, 1.0, -8.0, -2.0, -10.0, 5.0, 0.0, -3.0, -8.0, 1.0, 8.0, -6.0, 6.0, 3.0, -7.0, -7.0, -2.0, -1.0, -1.0, -1.0, -2.0, -2.0, -2.0, -2.0, -14.0, -7.0, -1.0, -7.0, -1.0, -8.0, 4.0, -2.0, 5.0, -2.0, 5.0, -2.0, 5.0, 4.0, -1.0, -2.0, 4.0, 4.0, 5.0, 4.0, 3.0, -1.0, 4.0, 2.0, 4.0, -2.0, -2.0, -1.0, 9.0, -1.0, -1.0, -8.0, 0.0, 5.0, 2.0, 4.0, -1.0, 5.0, -1.0, 5.0, -8.0, -1.0, -2.0, -1.0, -2.0, -2.0, -10.0, 5.0, -5.0, -1.0, 5.0, 11.0, -1.0, 0.0, -5.0, -2.0, -2.0, 2.0, -2.0, -2.0, -2.0, -8.0, 0.0, -2.0, -7.0, 4.0, -7.0, -1.0, -3.0, -5.0, 4.0, 2.0, -1.0, -2.0, 4.0, 5.0, -4.0, 4.0, -1.0, -1.0, -1.0, 3.0, 9.0, -7.0, 4.0, -2.0, -3.0, -2.0, -2.0, 5.0, 4.0, 4.0, -5.0, -1.0, -1.0, 3.0, -3.0, -1.0, -7.0, 0.0, -1.0, 4.0, 3.0, -5.0, 5.0, 4.0, -1.0, -1.0, 4.0, -3.0, -1.0, -1.0, -2.0, -2.0, 5.0, 5.0, -2.0, 1.0, -7.0, 5.0, 4.0, -2.0, -1.0, 3.0, -1.0, -7.0, -5.0, -2.0, -1.0, -1.0, 5.0, -1.0, 0.0, 4.0, -3.0, -7.0, -2.0, -1.0, -1.0, -2.0, 3.0, -3.0, -2.0, 1.0, 1.0, -3.0, 0.0, -1.0, -8.0, 4.0, 3.0, 1.0, -1.0, -2.0, -7.0, -2.0, -1.0, 3.0, -1.0, -1.0, 5.0, -3.0, 4.0, 0.0, -2.0, -7.0, -7.0, 3.0, 5.0, -1.0, 11.0, 4.0, -1.0, 4.0, -2.0, 0.0, 10.0, 0.0, -7.0, -2.0, -8.0, -2.0, 7.0, -1.0, -1.0, 4.0, 6.0, 5.0, 4.0, 2.0, -1.0, -2.0, 10.0, -4.0, -1.0, -2.0, 4.0, -1.0, -1.0, 0.0, 5.0, -1.0, 2.0, -1.0, -2.0, -1.0, -6.0, 2.0, -1.0, -2.0, 1.0, -2.0, 3.0, -2.0, -2.0, 6.0, -2.0, -2.0, 1.0, -2.0, -2.0, -6.0, 4.0, 1.0, 5.0, -3.0, -3.0, 5.0, 4.0, -6.0, -2.0, -1.0, -1.0, 0.0, -1.0, -3.0, 3.0, 3.0, 1.0, 0.0, 5.0, 1.0, -1.0, -1.0, -2.0, -1.0, 5.0, -3.0, 5.0, -1.0, -12.0, -2.0, -1.0, -1.0, -5.0, -7.0, -1.0, -2.0, -3.0, 6.0, 8.0, -3.0, 0.0, 4.0, 3.0, 5.0, -1.0, 3.0, 4.0, -1.0, 4.0, -1.0, 5.0, -15.0, -7.0, -1.0, -2.0, 1.0, -7.0, 5.0, -1.0, 1.0, -2.0, 6.0, 0.0, -4.0, -1.0, -2.0, 2.0, -2.0, 0.0, -6.0, -8.0, -2.0, 4.0, 4.0, -2.0, 1.0, 1.0, -5.0, 4.0, -1.0, -3.0, 10.0, -2.0, 5.0, 3.0, -1.0, 3.0, 5.0, 4.0, -2.0, -3.0, 4.0, 4.0, -1.0, 3.0, 10.0, -1.0, 2.0, -2.0, 4.0, -2.0, 5.0, -6.0, 5.0, -1.0, -5.0, 4.0, 0.0, 5.0, 0.0, -2.0, -2.0, -8.0, -2.0, -1.0, 5.0, -1.0, 5.0, -2.0, -1.0, -2.0, -2.0, -2.0, -2.0, 10.0, 4.0, 3.0, 3.0, 4.0, 10.0, 4.0, 4.0, -2.0, 0.0, -2.0, -13.0, 4.0, -1.0, 9.0, -2.0, 4.0, 3.0, 4.0, -1.0, -2.0, 5.0, -3.0, -7.0, -2.0, -2.0, -2.0, -7.0, -1.0, -2.0, 0.0, 10.0, 9.0, -1.0, 4.0, -2.0, -2.0, -7.0, 5.0, 11.0, 4.0, 5.0, -1.0, -8.0, 4.0, -2.0, -5.0, 4.0, -1.0, -7.0, -1.0, 4.0, 0.0, -1.0, -1.0, -8.0, -2.0, -1.0, 5.0, 4.0, -9.0, -4.0, -1.0, -14.0, 2.0, -12.0, -2.0, -7.0, 6.0, -1.0, 5.0, -8.0, -7.0, -1.0, -2.0, -4.0, 3.0, -2.0, -7.0, 0.0, 4.0, 5.0, 5.0, 9.0, 5.0, 2.0, -2.0, -1.0, 7.0, -1.0, 3.0, -1.0, 4.0, 4.0, -1.0, -2.0, 5.0, 4.0, -2.0, -2.0, -1.0, 4.0, -1.0, 0.0, -4.0, 3.0, -8.0, 4.0, -5.0, -1.0, -7.0, -2.0, -7.0, -1.0, 3.0, 5.0, -2.0, 5.0, -9.0, 5.0, -2.0, 0.0, -1.0, -5.0, -1.0, -1.0, -14.0, 0.0, 5.0, 11.0, -2.0, 5.0, 5.0, 4.0, 4.0, -1.0, -1.0, 4.0, -2.0, -1.0, -5.0, 4.0, 5.0, 4.0, 2.0, -7.0, -2.0, -2.0, 5.0, 6.0, -1.0, 4.0, 0.0, 5.0, 5.0, -7.0, -6.0, 6.0, 3.0, -7.0, -7.0, -3.0, -7.0, -1.0, 5.0, -6.0, -13.0, 10.0, -1.0, 6.0, 10.0, -1.0, 3.0, -2.0, 0.0, 1.0, -2.0, -3.0, -2.0, 5.0, 5.0, -3.0, -2.0, -6.0, 15.0, 5.0, 3.0, -4.0, 5.0, 0.0, -1.0, 5.0, -2.0, 4.0, -1.0, 5.0, 4.0, -1.0, 4.0, -1.0, 11.0, -2.0, -8.0, -1.0, 8.0, 5.0, 9.0, 2.0, -6.0, 4.0, 3.0, -8.0, -1.0, 11.0, -2.0, -2.0, -20.0, -2.0]",8.191414266461646,0.0032839775085449,0.0,0.0,0
29,29,"[-0.97723675, 0.8446345, 0.8255835, 0.9792641, -0.6291448, 0.09039079, 0.4427662, 0.374371, 0.80432576, 0.2966457, 0.41782984, 0.7051907, -0.51132876, -0.26604834, 0.86414623, 0.03261398, 0.16308706, -0.4426925, 0.5694788, 0.66501117, -0.1605004, 0.40234342, -0.61794895, 0.5967002, -0.20622517, 0.058290582, 0.23655614, 0.94078946, -0.038899682, -0.7944408, 0.26511785, 0.7006131, -0.48083797, 0.18363729, 0.30988362, 0.67078227, 0.3100211, -0.7220301, -0.91296774, -0.7432422, -0.93956465, -0.61255383, -0.018357927, 0.22564813, -0.111821085, -0.08766977, -0.5521371, 0.15572487, 0.5153281, 0.56444776, -0.07783276, 0.83177924, 0.46353656, -0.1498023, 0.548521, 0.19404998, -0.8385769, 0.30360454, 0.005719899, 0.7072717, 0.33381578, -0.7414344, 0.64224774, -0.9785421, -0.1157962, 0.505615, 0.56216794, 0.061522387, -0.746527, 0.44117898, -0.52449834, -0.36237082, 0.12937868, -0.008217058, 0.26934516, 0.6401419, -0.98077446, 0.4020596, -0.8155514, 0.3956808, -0.7431214, 0.7946859, 0.8954033, 0.6391183, -0.21272735, 0.9606205, -0.69994015, 0.1558512, 0.9635588, 0.38717532, -0.08800112, -0.7362994, 0.007039744, -0.09070969, -0.05432066, -0.8687824, -0.449219, 0.9789219, -0.56762993, 0.07362498, 0.83471173, -0.90416944, 0.45291334, -0.64184994, 0.17438905, -0.71675426, 0.14607881, -0.66813445, 0.26923904, -0.38570777, -0.3130869, 0.67322814, 0.034260526, -0.5997399, 0.06557469, 0.15908396, 0.87828076, 0.58155626, 0.61711496, -0.8588212, 0.6424962, 0.43065906, 0.9740098, 0.9542612, 0.8484416, 0.25446293, 0.20440641, -0.015912581, -0.62078017, 0.14832512, -0.58777815, -0.80865294, 0.099873975, -0.91924816, 0.12213171, -0.71691436, 0.431099, -0.19765317, -0.53333217, -0.38111553, -0.7911705, -0.8568933, -0.6719723, -0.4440791, 0.46214545, 0.24212846, -0.6400005, 0.6861677, -0.008713843, 0.6542681, 0.3156699, -0.676986, -0.758421, 0.1991559, -0.7654344, -0.9268972, 0.6819584, -0.5508542, -0.7418148, 0.8399651, -0.73375756, 0.07777005, 0.9998109, -0.12860107, 0.65564626, 0.9341144, 0.6429873, -0.4587314, 0.6609888, 0.8250855, -0.118092276, -0.77625, 0.814125, -0.111090906, 0.7733074, 0.6230479, -0.7715424, 0.07866301, -0.31947175, -0.2854672, 0.003425511, 0.382067, 0.1620352, 0.581025, -0.094894536, -0.2978719, 0.7716484, -0.37648067, -0.31409228, 0.71337503, 0.7075951, 0.7900827, -0.111384794, 0.39308453, 0.76162255, -0.18445152, -0.4770271, -0.26002747, 0.47623044, 0.60301584, -0.91636956, -0.74581873, -0.9908282, -0.3836498, 0.2359086, 0.87954336, -0.8207184, 0.09236673, 0.678328, -0.66330045, -0.40845463, 0.9704734, -0.10767923, -0.9133109, -0.67298883, -0.8515692, -0.346725, 0.12828745, 0.9655725, 0.9028885, -0.60545015, -0.13592811, -0.10834726, -0.06671531, -0.9506471, -0.18350142, 0.38272646, 0.30298728, 0.97632086, 0.9176665, 0.74929756, -0.59701735, 0.40257064, 0.43607983, -0.33716348, -0.12954745, -0.76499593, 0.3197932, -0.8791822, -0.05278947, 0.3042699, -0.4696607, -0.86703444, -0.89669544, -0.67689645, -0.019160118, -0.11943056, 0.89001596, -0.51843244, -0.7981675, 0.84845656, -0.21957456, 0.78793436, 0.39184716, -0.19412099, -0.6644877, -0.91128194, -0.1317439, 0.5040219, 0.9971144, 0.7383989, 0.0016564347, -0.025428245, -0.8859084, -0.42657873, 0.6131381, 0.34508142, -0.10968612, -0.56629735, 0.24636585, 0.6810456, 0.545474, 0.6298219, 0.015288213, 0.6008061, 0.24308096, -0.788794, 0.5339958, -0.3980871, -0.89227116, 0.11876916, -0.72415304, 0.10591447, 0.9467224, -0.99087095, -0.6745578, 0.6979957, 0.82509923, -0.84085363, 0.5870429, -0.57984185, 0.10203273, -0.3942201, -0.97133696, -0.2173662, 0.11283259, -0.26967594, -0.18909933, 0.26820725, -0.51872337, 0.31501245, -0.88578564, 0.91025275, -0.5842457, 0.15359399, -0.16836117, 0.9682634, 0.30204788, -0.5907255, -0.32887167, -0.7100513, -0.5222447, -0.6032255, -0.30580014, 0.65692866, -0.19479726, 0.46449342, -0.47411206, -0.12696497, -0.858147, -0.037837185, 0.20653617, -0.24894863, -0.5668842, 0.7562925, 0.2927883, -0.25258705, -0.82292044, -0.3114947, 0.4230816, 0.5612797, 0.64532024, -0.025577692, -0.33464494, -0.46634924, 0.49522012, 0.81785154, 0.47338796, 0.9531738, 0.47305614, -0.94549793, 0.051241387, -0.09273735, -0.14390402, 0.8378338, 0.3087188, 0.16157015, -0.9663345, -0.6249536, 0.9766308, 0.91417867, -0.84139895, 0.13503137, -0.18301715, -0.1650779, 0.7382677, 0.36134002, -0.32385445, 0.3800752, 0.28710714, 0.43715733, 0.73136145, 0.8412879, -0.66555965, 0.6220584, 0.6186045, 0.99058104, 0.18631636, 0.53600144, 0.9503801, -0.8225477, 0.27111316, 0.40612411, 0.37409082, 0.12985292, 0.9271856, 0.86003757, 0.69215274, -0.8031554, 0.94156706, -0.32148546, 0.49479458, -0.96219677, 0.92903787, -0.54587156, -0.56868166, -0.80227965, -0.6635356, -0.2822924, -0.3269041, 0.1159398, 0.4255177, -0.61211735, 0.29941997, -0.2538072, -0.15988041, -0.6649392, -0.5994654, 0.72249985, 0.46259192, -0.44870102, -0.14277434, -0.9665089, -0.39036816, 0.5704229, 0.5251153, -0.82158047, -0.6366682, 0.01047141, -0.053395215, -0.17338882, -0.5954772, -0.107047446, 0.6879728, -0.21823134, -0.23286413, 0.5936679, -0.68493855, 0.73742324, -0.35963726, 0.7999336, -0.002071842, -0.7366095, -0.5044201, -0.014530013, 0.53359956, 0.4289393, -0.991511, -0.06822566, 0.2127867, -0.49488914, -0.39227575, 0.43019736, -0.021632418, -0.8594074, 0.33035746, 0.3719721, -0.170081, 0.099336624, 0.21949835, -0.09500047, -0.91162735, -0.12464462, 0.37808064, 0.2512015, -0.32652566, 0.7661093, 0.19170088, 0.32823002, 0.8219479, -0.5272297, -0.16005757, 0.081788786, 0.16117023, -0.7058323, -0.9395889, 0.8578065, 0.56415045, 0.75088704, 0.14607695, -0.2769015, -0.33672947, 0.6782129, 0.34410036, -0.08644485, 0.045823123, -0.8845578, -0.6651752, -0.9155574, -0.080113366, 0.57315123, -0.63864803, 0.5677132, -0.98078376, -0.34587264, -0.779141, 0.66464126, -0.013932118, 0.82876784, -0.4369554, 0.054466415, 0.19053221, -0.7340559, -0.7836005, -0.614273, -0.8144725, 0.20365436, -0.9817674, -0.05153733, 0.321908, 0.77018136, 0.339528, 0.38013098, -0.034344807, -0.46198136, 0.717066, -0.44484603, 0.5480493, 0.094991125, 0.2214236, 0.6954242, 0.6138974, -0.55540156, -0.45386994, 0.3011946, -0.32089254, -0.22234525, -0.8123585, 0.35070097, -0.013943547, -0.34689045, -0.7646794, 0.16328044, -0.6809183, -0.39739272, 0.15473683, -0.7650648, -0.2132111, 0.0122116655, 0.46653533, 0.23359285, 0.25205603, -0.72848696, 0.62932855, -0.5941966, 0.48323652, 0.2624837, 0.22908072, 0.40360215, 0.6403261, -0.43599263, -0.4474482, -0.48258033, 0.038932305, -0.39485875, 0.29412967, -0.7624025, -0.8215781, -0.39292106, -0.19546908, -0.7582038, 0.9313524, -0.2370981, 0.39936832, 0.30781212, 0.31114122, -0.79944927, 0.5852239, 0.8965079, -0.41710183, 0.9983731, 0.15372333, 0.6804, 0.075741895, -0.18425822, 0.5764189, -0.6605492, 0.53809357, 0.30850548, 0.2524947, 0.87786156, -0.12410566, -0.99699265, -0.2910935, 0.9528935, 0.4021906, 0.8394877, -0.2740011, -0.56616133, -0.9453668, -0.9752615, -0.686612, 0.9516416, -0.39672607, -0.3362962, -0.8183206, 0.45208713, -0.49278837, -0.35918975, -0.55186814, 0.9026076, 0.0998532, 0.58353937, -0.50379807, -0.7635021, 0.86855006, 0.8794274, -0.014676712, 0.91243404, 0.63158697, 0.5064804, -0.6449049, -0.55657935, -0.42064944, -0.57313704, 0.83848536, 0.3903551, 0.5791646, -0.061031613, -0.03348618, 0.99469143, -0.49309158, 0.6575586, 0.9907575, -0.015612351, -0.8934608, -0.60468376, 0.17076346, 0.96648437, 0.046953335, 0.6637192, -0.20905085, 0.50687104, 0.6489216, -0.015308512, -0.69208145, -0.4410003, -0.23478836, 0.89161366, -0.17232952, 0.04689309, -0.92536867, 0.4248238, -0.09227794, -0.79475236, 0.02526706, 0.34192267, 0.63981134, -0.3985089, 0.88235193, 0.38605112, 0.3008989, -0.29345357, 0.5652715, -0.59673303, 0.69389457, -0.064719975, 0.5384317, -0.5923138, -0.08590655, 0.11915113, -0.42341277, 0.3072642, 0.8672627, 0.68784165, 0.7314354, 0.8156649, 0.48544267, 0.034644064, -0.4945262, 0.020704905, 0.3658841, 0.4724844, 0.99452883, 0.15298258, 0.30404642, -0.95084506, 0.037103835, -0.33301902, -0.59445417, 0.67862487, 0.95518416, -0.77052796, 0.68407714, 0.26027948, 0.75271213, -0.83953446, -0.025734529, -0.64664125, -0.89419466, 0.44234604, -0.64579207, -0.9885547, 0.7199446, 0.89781386, -0.33171842, -0.8932577, -0.14630666, 0.6803346, 0.9259019, 0.045540154, -0.37360272, -0.82032156, 0.5091587, -0.47174498, 0.84904486, -0.35860217, -0.7591978, -0.77186656, -0.21633688, -0.3643221, -0.7858265, -0.468558, 0.49096453, -0.8162696, 0.43632492, 0.019622955, 0.4582186, -0.7702912, -0.8320679, 0.90852153, 0.36831984, -0.34077635, 0.21452937, -0.044894088, -0.75761205, -0.96955955, -0.117813766, -0.6507996, -0.043893177, -0.6593378, -0.3220909, 0.9626703, -0.08916772, 0.3318679, -0.8994059, 0.50830835, -0.10439348, 0.8632386, 0.48234707, -0.26044178, -0.014773796, -0.3711821, -0.79775417, 0.67886764, -0.3058842, 0.49656418, 0.4612088, 0.16960643, 0.9159804, -0.47968313, -0.2879512, -0.2931368, 0.4153288, -0.27624783, -0.5426074, 0.26136315, 0.92763597, 0.036430143, -0.77401596, -0.35038128, -0.4789886, 0.010086015, -0.1621531, -0.25042444, -0.21841961, -0.016178582, -0.8920821, 0.5163501, -0.65338826, 0.31472605, 0.9783689, 0.21662115, 0.6069709, -0.07185526, 0.8345981, 0.2443761, -0.90065163, 0.3677254, -0.044201765, -0.4810298, -0.91982454, -0.14652999, -0.800753, 0.60482013, -0.59282035, -0.6221462, 0.26129043, 0.9887648, -0.33929923, 0.76258254, 0.8595094, -0.7385388, 0.7041, -0.9683225, 0.5630591, -0.53619057, -0.43736902, -0.18366626, 0.63658154, -0.5624653, -0.9911368, 0.044241853, 0.5298078, -0.521813, 0.45693606, 0.6474685, 0.2517634, -0.32792565, 0.9819479, 0.11984361, 0.82686603, -0.32301143, -0.37654334, 0.22174105, -0.92657423, 0.8770492, -0.72475076, -0.6410872, -0.3393163, -0.7449287, -0.94066375, -0.22336695, 0.2687301, 0.45353153, -0.22158861, -0.9752754, -0.13254265, -0.12240478, -0.7724039, -0.2997414, -0.17353229, -0.7199055, 0.79072165, -0.35852647, -0.824674, 0.62189466, -0.16535817, -0.52704847, 0.47016156, -0.3766881, 0.28185445, -0.0983458, 0.45749336, 0.7512756, 0.4614258, -0.060551457, -0.61481756, 0.57441366, 0.4239835, -0.49706316, 0.048570067, 0.80688, 0.3352034, 0.36775234, -0.8177615, 0.3812401, -0.27177382, -0.2966406, -0.27256253, -0.99587727, 0.027613193, -0.742577, 0.2180337, 0.7832767, -0.7188416, -0.26941088, -0.6052102, 0.08684187, -0.4574091, -0.56637955, 0.96677375, 0.57578117, -0.2335334, 0.27596036, -0.8184089, 0.89777803, -0.97547907, -0.43710005, 0.21366246, 0.39115837, 0.49029616, -0.9809378, 0.3152743, 0.8910145, 0.3162281, 0.5878067, 0.23304172, 0.7253639, 0.83572125, 0.9586379, -0.70288587, -0.9338471, 0.03466671, -0.064394295, 0.40128216, -0.988845, -0.8264295, 0.7189412, -0.11318486, 0.51876026, 0.6962908, 0.07938122, 0.7568881, -0.6540538, 0.061711937, 0.031615146, 0.72385746, 0.435453, -0.044672266, -0.7519524, -0.76378405, -0.21044615, -0.927741, -0.57581675, 0.7774853, -0.3826911, -0.3427078, 0.28044453, 0.35688874, 0.98941106, -0.2145789, 0.09342083, 0.44061127, -0.9141851, -0.9324659, -0.4672846, 0.2454024, 0.49951062, -0.9246429, -0.9526057, -0.8933193, -0.4717967, 0.29127774, -0.51485944, 0.5797052, 0.37805006, -0.2754155, 0.33638436, 0.57707185, -0.08600014, -0.91376144, 0.34930137, 0.5468245, -0.34798622, 0.86198956, 0.8466718, 0.26000378, 0.17879492, 0.45344678, -0.48558405, 0.4055061, 0.7879949, 0.9846138, 0.6610673, -0.4816297, -0.36267588, -0.48294005, 0.49226198, -0.4051588, 0.99534047, 0.76923525, 0.16394663, -0.20675515, -0.14881557, -0.8693557, 0.77792525, 0.13410771, -0.9285824, -0.13340689, -0.60857147, -0.74003917, 0.5075308, 0.6374712, 0.85177, -0.38576564, -0.5584649, 0.1786268, -0.46951297, 0.92952746, -0.82033736, 0.6281728, -0.90954274, 0.6510694, 0.4473825, -0.7053954, -0.18290879, 0.71724904, 0.6526005, -0.6553411, -0.6749183, 0.9010627, 0.7094726, -0.14361583, -0.13419935, -0.37681207, 0.29860836, -0.3901085, 0.92231953, -0.7328541, -0.44407052, -0.9057882, 0.038678773, -0.08373482, 0.023600701, 0.17773384, -0.4453281, 0.6849234, -0.599892, -0.40216, 0.564646, 0.1510872, 0.45888808, 0.16303411, -0.8028655, 0.42314565, 0.33852273, -0.94076085, 0.9557476, 0.13988522]","[-7.0, 4.0, 4.0, -2.0, -1.0, 4.0, -1.0, 2.0, -2.0, -3.0, -2.0, -1.0, 4.0, -2.0, 4.0, -2.0, -2.0, -3.0, -7.0, -1.0, -8.0, -2.0, -2.0, -7.0, 5.0, 10.0, -7.0, -8.0, 3.0, -7.0, -14.0, 4.0, -2.0, 4.0, 5.0, 3.0, 4.0, -6.0, -7.0, -7.0, 0.0, 5.0, -1.0, -4.0, 1.0, 5.0, 3.0, -7.0, -3.0, -2.0, 5.0, 3.0, 5.0, -1.0, 1.0, 1.0, -1.0, -2.0, 0.0, 4.0, 3.0, 4.0, -2.0, 0.0, 3.0, 4.0, -7.0, -3.0, -2.0, 5.0, 5.0, 2.0, -1.0, 4.0, -6.0, 3.0, 4.0, -3.0, -1.0, 6.0, -2.0, -6.0, -1.0, -7.0, 6.0, 10.0, -1.0, -1.0, 0.0, 4.0, -1.0, 6.0, -1.0, 10.0, -2.0, 4.0, 4.0, -3.0, -6.0, -4.0, -1.0, -1.0, 1.0, -1.0, -8.0, 5.0, 1.0, 3.0, 5.0, -3.0, -2.0, -7.0, -7.0, -2.0, 4.0, -8.0, 5.0, -7.0, 5.0, -3.0, 5.0, 5.0, 0.0, 4.0, -2.0, 3.0, -1.0, 4.0, 3.0, -2.0, 5.0, -1.0, -4.0, -7.0, -2.0, -8.0, -1.0, -8.0, 3.0, 4.0, 4.0, 5.0, -2.0, 4.0, 5.0, 4.0, -8.0, 0.0, -7.0, 4.0, -10.0, 5.0, -3.0, 0.0, -2.0, -7.0, 4.0, 4.0, 4.0, -1.0, -3.0, 4.0, 5.0, 3.0, -13.0, -1.0, -7.0, 4.0, -9.0, -5.0, 3.0, -1.0, 5.0, 3.0, 1.0, -2.0, -2.0, -2.0, -3.0, 0.0, 3.0, -2.0, -2.0, -5.0, -2.0, -2.0, 5.0, -6.0, 2.0, 10.0, -3.0, -2.0, 4.0, -4.0, -2.0, 0.0, -2.0, -8.0, -2.0, -2.0, -8.0, -2.0, -2.0, 5.0, -1.0, 5.0, -1.0, -3.0, -1.0, -1.0, 5.0, 4.0, -2.0, 4.0, 1.0, -8.0, 4.0, 4.0, -2.0, -3.0, 4.0, -7.0, -3.0, -7.0, 8.0, 5.0, 4.0, -3.0, 0.0, 4.0, -7.0, 0.0, 5.0, -2.0, 0.0, 4.0, 4.0, 4.0, -1.0, 3.0, 1.0, -1.0, -6.0, 3.0, 2.0, 0.0, 4.0, -5.0, -2.0, 6.0, -2.0, -5.0, -2.0, -1.0, -2.0, -4.0, -1.0, -4.0, -2.0, -2.0, -2.0, 5.0, -7.0, -2.0, 4.0, -1.0, -7.0, 1.0, -7.0, 5.0, 4.0, -1.0, -1.0, -6.0, 6.0, -1.0, 5.0, -2.0, -4.0, -7.0, 4.0, -1.0, 0.0, -1.0, -1.0, 12.0, 0.0, -1.0, 4.0, 4.0, -1.0, -2.0, -8.0, -2.0, -2.0, -1.0, -7.0, -1.0, -3.0, -2.0, 4.0, 3.0, 4.0, -1.0, -1.0, 0.0, -3.0, 4.0, 0.0, -2.0, 3.0, 3.0, -6.0, -1.0, -2.0, 0.0, 1.0, -1.0, 5.0, 4.0, -1.0, -8.0, -1.0, 3.0, 6.0, 1.0, -7.0, 4.0, 5.0, 2.0, 0.0, 0.0, 4.0, 10.0, -2.0, -2.0, -8.0, -2.0, 4.0, 12.0, -1.0, 5.0, -4.0, -7.0, -7.0, 0.0, -1.0, -1.0, -2.0, -1.0, -3.0, -1.0, -1.0, 4.0, 5.0, 5.0, -2.0, -7.0, 3.0, -1.0, -7.0, -1.0, 4.0, -7.0, 6.0, -1.0, 4.0, 10.0, 4.0, -7.0, -1.0, 13.0, 4.0, 9.0, 0.0, 4.0, -3.0, 4.0, 5.0, 4.0, 4.0, 4.0, -2.0, 5.0, -1.0, 4.0, 3.0, 5.0, 5.0, 3.0, 0.0, 5.0, -2.0, 11.0, 5.0, 11.0, -2.0, -2.0, 5.0, 10.0, -3.0, 5.0, 10.0, -1.0, 3.0, -1.0, -7.0, 5.0, -2.0, 4.0, -2.0, 3.0, 3.0, 1.0, -8.0, -2.0, -10.0, 5.0, 0.0, -3.0, -8.0, 1.0, 8.0, -6.0, 6.0, 3.0, -7.0, -7.0, -2.0, -1.0, -1.0, -1.0, -2.0, -2.0, -2.0, -2.0, -14.0, -7.0, -1.0, -7.0, -1.0, -8.0, 4.0, -2.0, 5.0, -2.0, 5.0, -2.0, 5.0, 4.0, -1.0, -2.0, 4.0, 4.0, 5.0, 4.0, 3.0, -1.0, 4.0, 2.0, 4.0, -2.0, -2.0, -1.0, 9.0, -1.0, -1.0, -8.0, 0.0, 5.0, 2.0, 4.0, -1.0, 5.0, -1.0, 5.0, -8.0, -1.0, -2.0, -1.0, -2.0, -2.0, -10.0, 5.0, -5.0, -1.0, 5.0, 11.0, -1.0, 0.0, -5.0, -2.0, -2.0, 2.0, -2.0, -2.0, -2.0, -8.0, 0.0, -2.0, -7.0, 4.0, -7.0, -1.0, -3.0, -5.0, 4.0, 2.0, -1.0, -2.0, 4.0, 5.0, -4.0, 4.0, -1.0, -1.0, -1.0, 3.0, 9.0, -7.0, 4.0, -2.0, -3.0, -2.0, -2.0, 5.0, 4.0, 4.0, -5.0, -1.0, -1.0, 3.0, -3.0, -1.0, -7.0, 0.0, -1.0, 4.0, 3.0, -5.0, 5.0, 4.0, -1.0, -1.0, 4.0, -3.0, -1.0, -1.0, -2.0, -2.0, 5.0, 5.0, -2.0, 1.0, -7.0, 5.0, 4.0, -2.0, -1.0, 3.0, -1.0, -7.0, -5.0, -2.0, -1.0, -1.0, 5.0, -1.0, 0.0, 4.0, -3.0, -7.0, -2.0, -1.0, -1.0, -2.0, 3.0, -3.0, -2.0, 1.0, 1.0, -3.0, 0.0, -1.0, -8.0, 4.0, 3.0, 1.0, -1.0, -2.0, -7.0, -2.0, -1.0, 3.0, -1.0, -1.0, 5.0, -3.0, 4.0, 0.0, -2.0, -7.0, -7.0, 3.0, 5.0, -1.0, 11.0, 4.0, -1.0, 4.0, -2.0, 0.0, 10.0, 0.0, -7.0, -2.0, -8.0, -2.0, 7.0, -1.0, -1.0, 4.0, 6.0, 5.0, 4.0, 2.0, -1.0, -2.0, 10.0, -4.0, -1.0, -2.0, 4.0, -1.0, -1.0, 0.0, 5.0, -1.0, 2.0, -1.0, -2.0, -1.0, -6.0, 2.0, -1.0, -2.0, 1.0, -2.0, 3.0, -2.0, -2.0, 6.0, -2.0, -2.0, 1.0, -2.0, -2.0, -6.0, 4.0, 1.0, 5.0, -3.0, -3.0, 5.0, 4.0, -6.0, -2.0, -1.0, -1.0, 0.0, -1.0, -3.0, 3.0, 3.0, 1.0, 0.0, 5.0, 1.0, -1.0, -1.0, -2.0, -1.0, 5.0, -3.0, 5.0, -1.0, -12.0, -2.0, -1.0, -1.0, -5.0, -7.0, -1.0, -2.0, -3.0, 6.0, 8.0, -3.0, 0.0, 4.0, 3.0, 5.0, -1.0, 3.0, 4.0, -1.0, 4.0, -1.0, 5.0, -15.0, -7.0, -1.0, -2.0, 1.0, -7.0, 5.0, -1.0, 1.0, -2.0, 6.0, 0.0, -4.0, -1.0, -2.0, 2.0, -2.0, 0.0, -6.0, -8.0, -2.0, 4.0, 4.0, -2.0, 1.0, 1.0, -5.0, 4.0, -1.0, -3.0, 10.0, -2.0, 5.0, 3.0, -1.0, 3.0, 5.0, 4.0, -2.0, -3.0, 4.0, 4.0, -1.0, 3.0, 10.0, -1.0, 2.0, -2.0, 4.0, -2.0, 5.0, -6.0, 5.0, -1.0, -5.0, 4.0, 0.0, 5.0, 0.0, -2.0, -2.0, -8.0, -2.0, -1.0, 5.0, -1.0, 5.0, -2.0, -1.0, -2.0, -2.0, -2.0, -2.0, 10.0, 4.0, 3.0, 3.0, 4.0, 10.0, 4.0, 4.0, -2.0, 0.0, -2.0, -13.0, 4.0, -1.0, 9.0, -2.0, 4.0, 3.0, 4.0, -1.0, -2.0, 5.0, -3.0, -7.0, -2.0, -2.0, -2.0, -7.0, -1.0, -2.0, 0.0, 10.0, 9.0, -1.0, 4.0, -2.0, -2.0, -7.0, 5.0, 11.0, 4.0, 5.0, -1.0, -8.0, 4.0, -2.0, -5.0, 4.0, -1.0, -7.0, -1.0, 4.0, 0.0, -1.0, -1.0, -8.0, -2.0, -1.0, 5.0, 4.0, -9.0, -4.0, -1.0, -14.0, 2.0, -12.0, -2.0, -7.0, 6.0, -1.0, 5.0, -8.0, -7.0, -1.0, -2.0, -4.0, 3.0, -2.0, -7.0, 0.0, 4.0, 5.0, 5.0, 9.0, 5.0, 2.0, -2.0, -1.0, 7.0, -1.0, 3.0, -1.0, 4.0, 4.0, -1.0, -2.0, 5.0, 4.0, -2.0, -2.0, -1.0, 4.0, -1.0, 0.0, -4.0, 3.0, -8.0, 4.0, -5.0, -1.0, -7.0, -2.0, -7.0, -1.0, 3.0, 5.0, -2.0, 5.0, -9.0, 5.0, -2.0, 0.0, -1.0, -5.0, -1.0, -1.0, -14.0, 0.0, 5.0, 11.0, -2.0, 5.0, 5.0, 4.0, 4.0, -1.0, -1.0, 4.0, -2.0, -1.0, -5.0, 4.0, 5.0, 4.0, 2.0, -7.0, -2.0, -2.0, 5.0, 6.0, -1.0, 4.0, 0.0, 5.0, 5.0, -7.0, -6.0, 6.0, 3.0, -7.0, -7.0, -3.0, -7.0, -1.0, 5.0, -6.0, -13.0, 10.0, -1.0, 6.0, 10.0, -1.0, 3.0, -2.0, 0.0, 1.0, -2.0, -3.0, -2.0, 5.0, 5.0, -3.0, -2.0, -6.0, 15.0, 5.0, 3.0, -4.0, 5.0, 0.0, -1.0, 5.0, -2.0, 4.0, -1.0, 5.0, 4.0, -1.0, 4.0, -1.0, 11.0, -2.0, -8.0, -1.0, 8.0, 5.0, 9.0, 2.0, -6.0, 4.0, 3.0, -8.0, -1.0, 11.0, -2.0, -2.0, -20.0, -2.0]",8.191414266461646,0.003382921218872,0.0,0.0,0
30,30,"[-0.71758807, -0.9041431, -0.38055435, 0.65050435, -0.13965489, -0.6281602, 0.64178824, 0.101147085, -0.97148645, -0.93331915, -0.6919549, -0.23495376, -0.76248705, 0.34530634, -0.1649386, 0.4740072, -0.7085772, 0.5584774, -0.7196692, 0.65561205, -0.67004293, -0.1411376, -0.05146174, -0.9716282, 0.4973212, 0.27864066, -0.47920766, -0.5741517, -0.7032804, 0.2583904, 0.12200989, -0.4627751, -0.06886643, -0.4182024, -0.61898005, 0.5578403, -0.8899131, 0.08098413, 0.7458355, -0.90363604, 0.89242154, -0.47119397, 0.89009047, -0.64525837, -0.15494904, -0.5874352, -0.34684598, -0.42277554, -0.41783446, 0.042475905, 0.5023847, -0.7040703, -0.1552073, 0.5254386, -0.99852514, -0.647486, -0.49255309, 0.17119011, 0.21639721, 0.47651052, 0.62129474, -0.04279984, 0.1785345, -0.118407995, -0.5119908, -0.8863844, 0.4658849, 0.21678236, -0.71957266, 0.76818824, -0.4384626, -0.32509562, 0.77246076, -0.5878572, -0.42183718, -0.69759846, 0.5566182, 0.16453278, 0.6189066, -0.11116989, -0.41094762, -0.3613836, 0.52033305, 0.24861258, -0.3739236, -0.38668722, -0.7065607, 0.6170238, 0.3258538, 0.1055804, 0.36708966, -0.0947804, 0.32229224, 0.85840124, -0.847267, -0.9744918, -0.5729694, 0.96146536, -0.54448026, -0.8136193, 0.09445265, 0.22349435, 0.07738449, -0.07998686, -0.71476346, 0.3762755, 0.3686191, -0.034499243, 0.05147582, -0.6858097, -0.54299587, -0.8230126, 0.8536771, -0.6873535, 0.47089136, 0.2845492, 0.99593705, 0.14188074, 0.78502476, -0.36124083, -0.5426059, 0.8173751, 0.71472085, -0.018802764, 0.56814045, 0.18653849, 0.30042875, -0.6217564, -0.97991407, -0.29909265, -0.16882686, 0.23214814, -0.16435799, 0.45591685, -0.94464797, 0.5555396, -0.09979854, 0.48289332, -0.41108498, -0.12969889, 0.39493704, -0.1152707, -0.22791429, 0.5337869, 0.03150628, 0.294501, -0.7959638, 0.73001075, 0.88023454, 0.40330964, -0.52865547, -0.5431317, 0.9911257, -0.30946198, 0.81573015, 0.8813836, -0.042940993, 0.2858447, 0.59501, 0.08449404, 0.92739594, -0.031994067, 0.3010272, -0.6351825, -0.7585918, 0.8001129, -0.87530136, -0.9741585, -0.39764822, -0.8560708, -0.8961619, -0.7677326, -0.12958223, 0.67211753, -0.82883704, 0.92008275, 0.56061995, 0.8949082, -0.1424312, -0.15590417, 0.6061353, -0.08716679, 0.73678344, -0.6956809, 0.96407276, -0.67782784, -0.48855504, 0.7478894, -0.2823821, -0.76644427, 0.947508, -0.29859132, -0.6144605, 0.42299718, -0.05990846, -0.17071313, -0.5835728, 0.8831374, -0.09727476, 0.7974838, 0.12894414, -0.18739688, 0.19176458, -0.30469716, -0.710465, 0.34660614, 0.2218396, 0.055318594, 0.9479571, -0.6590453, -0.14233743, -0.3413485, 0.29967794, 0.16198498, 0.73346555, 0.53482795, 0.7404092, 0.19399518, 0.062246945, 0.25489682, -0.19478582, 0.96453744, 0.94758755, 0.5487145, -0.4799081, 0.30245608, 0.4561988, -0.3725382, 0.12870792, -0.90033996, 0.37713364, -0.2042606, 0.36300516, 0.79636717, 0.5255059, 0.41694984, 0.50290257, 0.09950351, -0.04998178, -0.09489311, 0.8542783, -0.28958896, 0.44425532, -0.27341655, 0.7561657, 0.5081198, -0.19005646, 0.9791353, -0.47750732, -0.95864433, -0.16148828, -0.08278052, -0.8459657, -0.035957027, 0.1281058, -0.19725612, -0.10932158, -0.34918478, 0.33450156, -0.706947, -0.62323534, 0.3054582, -0.03318241, 0.9025291, 0.14531608, -0.056027077, -0.14625017, 0.123615354, -0.8414614, 0.54087716, 0.7893426, 0.025149707, 0.97706634, -0.8439151, 0.25207293, 0.6675337, -0.2779282, 0.09614255, -0.8626175, 0.58400154, 0.15794079, -0.6639075, -0.44564837, -0.97387356, -0.31358302, -0.60443914, 0.28185892, -0.1381306, -0.35047674, 0.0873427, -0.18584432, 0.2636676, 0.75048524, -0.12077873, 0.2952588, 0.6141236, 0.46901354, -0.08880839, -0.61152756, -0.18415837, 0.96889895, 0.6563852, 0.7719372, -0.13945416, -0.14993177, -0.009470054, -0.29247347, 0.013175135, -0.28386796, 0.43977964, -0.65577394, -0.8727424, 0.2864336, -0.7606595, -0.7269779, 0.8241589, -0.7372244, 0.8801082, 0.27924967, 0.1664331, 0.64816576, 0.94813454, -0.30160955, 0.7362341, 0.23288673, -0.7054721, -0.8034582, -0.9233676, 0.15433134, -0.4517164, 0.5268055, 0.052438166, -0.8105605, 0.75795645, 0.75786996, 0.41376626, -0.38604403, -0.01575454, 0.2504273, 0.52894306, 0.22374514, -0.99866146, -0.12475251, 0.9097835, 0.15915957, -0.9097831, 0.2913792, 0.61995775, 0.9295923, 0.5951987, 0.5950296, -0.6062155, 0.23310101, 0.41281664, -0.55238414, -0.7202474, -0.4226625, -0.6857642, 0.33554077, -0.15885128, -0.8356511, -0.85125935, 0.9743064, -0.8056037, -0.7250221, -0.90248924, 0.024339583, 0.56487167, 0.6356631, -0.18403322, 0.46613032, 0.9193319, 0.6407396, 0.43063983, 0.54162544, 0.43976644, 0.1646964, -0.4294417, 0.8890271, -0.7204645, -0.61836445, 0.09239797, -0.4558432, -0.7079492, 0.25318065, -0.72153693, -0.07259523, -0.20727377, -0.8857162, -0.15515018, 0.0415679, -0.25564918, -0.6641228, 0.42056915, 0.7983457, 0.51713854, 0.61844325, -0.49492615, 0.17473936, -0.47200996, 0.033974744, -0.6729507, 0.20489922, -0.3855734, -0.0725643, -0.51436836, 0.097537935, 0.040232617, -0.3152874, -0.37540764, -0.83168286, -0.3900618, -0.15893915, 0.35129648, -0.92374575, -0.86670923, 0.055422343, -0.40009513, -0.89524764, 0.80773324, -0.42752498, -0.32307255, 0.27571955, -0.9048174, 0.40702915, -0.23873354, 0.91979635, -0.10590273, 0.5022521, -0.71119106, -0.47359768, 0.8508276, 0.44692197, -0.04461036, 0.29516488, 0.22680642, 0.49132735, -0.78766066, -0.93395734, -0.9260405, 0.6384095, 0.13125171, 0.1286891, -0.7030706, -0.0004975499, -0.3525497, -0.34459606, 0.58763856, 0.21257313, -0.5198205, 0.15123771, -0.4213516, 0.41117278, -0.76569563, 0.5135577, 0.43118653, 0.09482981, 0.44470626, -0.8299342, -0.98757756, -0.16603613, 0.69498414, 0.32429034, 0.42421973, 0.7643372, 0.9107443, 0.8362932, -0.8374006, -0.833547, -0.83658874, 0.45488456, -0.7613743, -0.92304647, 0.5012207, 0.84378535, -0.96045834, 0.635623, -0.04576356, -0.26508674, 0.39219037, 0.9012715, 0.5503658, -0.08270415, 0.6616867, 0.3063358, 0.78281575, 0.31705254, -0.5855329, 0.22913863, -0.41157827, -0.7557094, -0.8890657, 0.09589054, -0.94687736, -0.14231817, -0.26860863, -0.61443055, 0.19216383, 0.23685849, 0.24389632, 0.6330782, -0.46330136, 0.9781218, 0.7998151, -0.08902195, -0.56598425, 0.16030663, -0.72595316, 0.11886308, 0.688913, 0.83282644, -0.6012812, -0.055034712, 0.9358688, -0.6448626, -0.3366962, -0.619253, 0.34805343, 0.6881335, -0.58786845, 0.5766033, -0.26472932, -0.6184598, 0.31077248, 0.29454455, 0.9704039, -0.50012684, 0.5901519, -0.6299934, -0.21133824, -0.12848535, 0.24215661, -0.87027556, 0.35784343, 0.8838094, -0.91149265, 0.08788509, 0.031661786, -0.70990807, 0.16405034, -0.020668017, 0.6337682, 0.7877468, 0.32773605, 0.6661024, -0.693767, 0.020181686, -0.64216495, -0.80241174, -0.7966854, -0.019893236, 0.51375055, 0.78314877, -0.7402384, 0.1427584, 0.009180491, -0.12248516, 0.1048438, -0.2481005, -0.054176547, -0.55717003, 0.7704478, -0.5913214, 0.43528116, 0.1843512, 0.6173947, 0.7609234, 0.9202305, -0.9010498, -0.45836595, 0.38029528, 0.7799481, -0.49517557, 0.7623357, 0.37799346, -0.3612517, -0.61931145, 0.64884955, 0.64794886, -0.19457524, 0.15055777, -0.4058683, 0.72417957, 0.72051316, -0.7552855, -0.37427533, 0.79472, -0.5364871, -0.040764187, 0.19518115, 0.9599681, -0.94385487, 0.8304737, -0.42103216, -0.7467166, 0.20478706, -0.9355152, 0.5353944, 0.78648007, 0.43880543, -0.2541734, -0.45619938, -0.017859962, -0.20908567, 0.4640693, 0.68423074, -0.6459763, -0.46314013, -0.4215279, -0.7738462, -0.13394567, -0.27000192, 0.5840167, 0.95193464, 0.87682927, -0.2183098, 0.15247165, 0.85975856, -0.29570976, -0.95455694, -0.29259005, 0.6547827, 0.10645508, -0.29833084, -0.47246543, -0.10190319, -0.73953974, 0.6517941, 0.6541269, 0.7891733, 0.31680965, 0.18986659, 0.9965111, 0.8137596, 0.107735805, -0.19306107, -0.93429303, -0.92266214, -0.6540235, -0.86279315, 0.8748094, 0.8800342, -0.47509852, -0.33760184, -0.24471375, -0.680949, -0.91032845, -0.41145775, 0.18156154, -0.01603918, -0.00036729596, -0.13303901, -0.19209237, -0.60770905, 0.11275632, -0.28486997, 0.5979722, -0.20315817, 0.022975955, 0.21174417, 0.36933875, 0.34569114, 0.35886672, -0.48098713, -0.28001124, 0.34403765, -0.6802811, 0.5061647, -0.7830403, -0.03497635, -0.62265503, -0.62322533, -0.2721464, -0.7342981, 0.12944768, -0.028894769, 0.5267904, 0.62015706, 0.62320215, -0.86095655, -0.1778638, 0.44377008, -0.84558994, 0.2645441, 0.050141368, 0.1682088, -0.5322639, -0.43434772, 0.9096638, 0.7343681, 0.7157561, 0.07028454, 0.25497305, 0.8361869, -0.36527792, 0.41767886, 0.6307457, -0.8782347, -0.042465154, -0.7233256, -0.71060437, -0.13256018, 0.37948704, 0.18442908, -0.4109223, 0.5964388, -0.4651542, -0.68049794, 0.45158336, 0.64622015, -0.2015771, 0.6496859, 0.46412307, 0.76231, -0.7152754, 0.7906071, 0.6735419, 0.2207924, 0.2579139, -0.34329435, -0.573366, 0.36796305, -0.49408278, 0.046757903, 0.47057492, -0.38710034, 0.1954824, -0.33890826, 0.9976897, -0.37663656, -0.54845995, -0.12978241, 0.11256346, -0.47800246, -0.47583625, 0.23552462, -0.5952524, 0.6093989, -0.49057293, 0.13549858, -0.5527741, 0.31293988, 0.094708286, -0.3355211, 0.82568955, 0.8259018, 0.859503, 0.8536704, 0.24878691, 0.744633, -0.037635352, -0.3489966, -0.89201754, -0.070758365, 0.84491986, 0.92646873, -0.11023554, 0.42238918, 0.20684396, 0.30671933, 0.47545037, 0.19979443, -0.57442, -0.7366801, -0.21512903, -0.9545033, 0.81974304, -0.6219297, 0.98214847, 0.038011137, -0.5806866, -0.107486844, 0.040441476, -0.53525114, -0.5346402, -0.3394085, 0.7712626, -0.40102085, -0.15297943, -0.9579101, 0.11812951, -0.75421125, -0.4143425, 0.043197107, 0.1534617, -0.33080637, -0.8784444, -0.91285133, 0.42489034, 0.14665863, -0.97962034, 0.61762106, 0.1774843, -0.016998844, 0.7193056, -0.017668946, -0.3017445, -0.51490724, 0.3890698, -0.54944545, -0.94816285, 0.46586302, -0.82535505, 0.39639768, 0.5637728, -0.63613945, -0.20480882, -0.91073036, 0.6109182, 0.17621288, -0.70279527, -0.20764537, 0.6144193, -0.9358447, 0.40146622, 0.92974436, 0.5428352, -0.57989824, 0.6598652, 0.56303275, 0.817681, -0.62236154, -0.4446136, 0.7537371, 0.57452774, 0.032579727, 0.31664136, 0.6538423, -0.91439307, 0.34562656, 0.43543956, 0.7539714, -0.5616993, -0.03982291, -0.8252599, -0.35213727, -0.3630468, -0.25816283, -0.61788094, -0.6560726, 0.0130316885, 0.39896727, -0.23932737, -0.66071993, -0.45181173, 0.115897626, -0.78194964, 0.23163722, -0.4737183, 0.046207793, 0.95661426, -0.7806581, 0.75571483, 0.078844815, 0.5755258, -0.26181373, 0.42954654, 0.4837672, -0.14672743, -0.20830992, 0.49942672, 0.98791623, -0.6579669, -0.017932767, -0.31237736, -0.7449823, 0.0058632726, 0.14634155, 0.76579815, -0.24448624, -0.33117062, 0.24275383, 0.9160563, -0.07751295, 0.722089, -0.5542113, -0.49064347, -0.4239932, -0.16400062, -0.80759776, -0.65812063, 0.91917944, 0.69491565, -0.78062296, 0.53362536, -0.48512274, 0.68321127, -0.56038976, -0.53402126, 0.31703866, -0.28341222, 0.062607735, -0.4525216, 0.91133565, -0.5342966, 0.0530019, -0.43359205, -0.5645769, 0.7318778, 0.92469966, -0.27948645, -0.37411696, -0.82832223, -0.287387, -0.92403775, 0.8226135, 0.038459796, 0.5381471, 0.43463302, -0.2492896, 0.58579004, -0.64107263, 0.05176736, 0.6705397, 0.47230136, -0.37344047, 0.48250753, 0.73756945, 0.96957314, -0.27805617, -0.35039878, -0.5012027, -0.7610348, -0.7924699, 0.6810755, -0.91282207, -0.7682556, -0.9731068, -0.8326515, -0.38654515, -0.22277008, 0.07739346, 0.58035713, 0.10729334, -0.33999524, 0.3792578, 0.94965935, -0.037584066, -0.9446706, 0.61192495, -0.9663408, -0.1300578, -0.3390176, -0.46879113, -0.20671082, 0.14183617, 0.30189255, -0.43331388, 0.6617937, -0.44107947, 0.32355344, -0.7273207, -0.45291322, 0.69728124, 0.5900806, -0.45464203, 0.603265, -0.8208882, 0.53757113, 0.6695065, -0.09547673, -0.088561416, -0.16954543, 0.71447873, -0.53409564, 0.4762903, -0.13695157, 0.84556085, -0.39446798, -0.4194364, -0.50899327, -0.7555855, -0.9180129, -0.5086015, 0.4201198, -0.2302474, -0.9364149, 0.95957005, -0.4349244, -0.94617194, -0.93938076, -0.88476706, 0.903592, 0.9997522, 0.44539437, -0.8776717, -0.0149599025, -0.2642227, -0.91412693, -0.9750793, 0.5477348, -0.2374525, -0.9122398, 0.5355388, -0.6356756, 0.6070626, -0.011147563, 0.96338814, -0.6576045, 0.6465867]","[-7.0, 4.0, 4.0, -2.0, -1.0, 4.0, -1.0, 2.0, -2.0, -3.0, -2.0, -1.0, 4.0, -2.0, 4.0, -2.0, -2.0, -3.0, -7.0, -1.0, -8.0, -2.0, -2.0, -7.0, 5.0, 10.0, -7.0, -8.0, 3.0, -7.0, -14.0, 4.0, -2.0, 4.0, 5.0, 3.0, 4.0, -6.0, -7.0, -7.0, 0.0, 5.0, -1.0, -4.0, 1.0, 5.0, 3.0, -7.0, -3.0, -2.0, 5.0, 3.0, 5.0, -1.0, 1.0, 1.0, -1.0, -2.0, 0.0, 4.0, 3.0, 4.0, -2.0, 0.0, 3.0, 4.0, -7.0, -3.0, -2.0, 5.0, 5.0, 2.0, -1.0, 4.0, -6.0, 3.0, 4.0, -3.0, -1.0, 6.0, -2.0, -6.0, -1.0, -7.0, 6.0, 10.0, -1.0, -1.0, 0.0, 4.0, -1.0, 6.0, -1.0, 10.0, -2.0, 4.0, 4.0, -3.0, -6.0, -4.0, -1.0, -1.0, 1.0, -1.0, -8.0, 5.0, 1.0, 3.0, 5.0, -3.0, -2.0, -7.0, -7.0, -2.0, 4.0, -8.0, 5.0, -7.0, 5.0, -3.0, 5.0, 5.0, 0.0, 4.0, -2.0, 3.0, -1.0, 4.0, 3.0, -2.0, 5.0, -1.0, -4.0, -7.0, -2.0, -8.0, -1.0, -8.0, 3.0, 4.0, 4.0, 5.0, -2.0, 4.0, 5.0, 4.0, -8.0, 0.0, -7.0, 4.0, -10.0, 5.0, -3.0, 0.0, -2.0, -7.0, 4.0, 4.0, 4.0, -1.0, -3.0, 4.0, 5.0, 3.0, -13.0, -1.0, -7.0, 4.0, -9.0, -5.0, 3.0, -1.0, 5.0, 3.0, 1.0, -2.0, -2.0, -2.0, -3.0, 0.0, 3.0, -2.0, -2.0, -5.0, -2.0, -2.0, 5.0, -6.0, 2.0, 10.0, -3.0, -2.0, 4.0, -4.0, -2.0, 0.0, -2.0, -8.0, -2.0, -2.0, -8.0, -2.0, -2.0, 5.0, -1.0, 5.0, -1.0, -3.0, -1.0, -1.0, 5.0, 4.0, -2.0, 4.0, 1.0, -8.0, 4.0, 4.0, -2.0, -3.0, 4.0, -7.0, -3.0, -7.0, 8.0, 5.0, 4.0, -3.0, 0.0, 4.0, -7.0, 0.0, 5.0, -2.0, 0.0, 4.0, 4.0, 4.0, -1.0, 3.0, 1.0, -1.0, -6.0, 3.0, 2.0, 0.0, 4.0, -5.0, -2.0, 6.0, -2.0, -5.0, -2.0, -1.0, -2.0, -4.0, -1.0, -4.0, -2.0, -2.0, -2.0, 5.0, -7.0, -2.0, 4.0, -1.0, -7.0, 1.0, -7.0, 5.0, 4.0, -1.0, -1.0, -6.0, 6.0, -1.0, 5.0, -2.0, -4.0, -7.0, 4.0, -1.0, 0.0, -1.0, -1.0, 12.0, 0.0, -1.0, 4.0, 4.0, -1.0, -2.0, -8.0, -2.0, -2.0, -1.0, -7.0, -1.0, -3.0, -2.0, 4.0, 3.0, 4.0, -1.0, -1.0, 0.0, -3.0, 4.0, 0.0, -2.0, 3.0, 3.0, -6.0, -1.0, -2.0, 0.0, 1.0, -1.0, 5.0, 4.0, -1.0, -8.0, -1.0, 3.0, 6.0, 1.0, -7.0, 4.0, 5.0, 2.0, 0.0, 0.0, 4.0, 10.0, -2.0, -2.0, -8.0, -2.0, 4.0, 12.0, -1.0, 5.0, -4.0, -7.0, -7.0, 0.0, -1.0, -1.0, -2.0, -1.0, -3.0, -1.0, -1.0, 4.0, 5.0, 5.0, -2.0, -7.0, 3.0, -1.0, -7.0, -1.0, 4.0, -7.0, 6.0, -1.0, 4.0, 10.0, 4.0, -7.0, -1.0, 13.0, 4.0, 9.0, 0.0, 4.0, -3.0, 4.0, 5.0, 4.0, 4.0, 4.0, -2.0, 5.0, -1.0, 4.0, 3.0, 5.0, 5.0, 3.0, 0.0, 5.0, -2.0, 11.0, 5.0, 11.0, -2.0, -2.0, 5.0, 10.0, -3.0, 5.0, 10.0, -1.0, 3.0, -1.0, -7.0, 5.0, -2.0, 4.0, -2.0, 3.0, 3.0, 1.0, -8.0, -2.0, -10.0, 5.0, 0.0, -3.0, -8.0, 1.0, 8.0, -6.0, 6.0, 3.0, -7.0, -7.0, -2.0, -1.0, -1.0, -1.0, -2.0, -2.0, -2.0, -2.0, -14.0, -7.0, -1.0, -7.0, -1.0, -8.0, 4.0, -2.0, 5.0, -2.0, 5.0, -2.0, 5.0, 4.0, -1.0, -2.0, 4.0, 4.0, 5.0, 4.0, 3.0, -1.0, 4.0, 2.0, 4.0, -2.0, -2.0, -1.0, 9.0, -1.0, -1.0, -8.0, 0.0, 5.0, 2.0, 4.0, -1.0, 5.0, -1.0, 5.0, -8.0, -1.0, -2.0, -1.0, -2.0, -2.0, -10.0, 5.0, -5.0, -1.0, 5.0, 11.0, -1.0, 0.0, -5.0, -2.0, -2.0, 2.0, -2.0, -2.0, -2.0, -8.0, 0.0, -2.0, -7.0, 4.0, -7.0, -1.0, -3.0, -5.0, 4.0, 2.0, -1.0, -2.0, 4.0, 5.0, -4.0, 4.0, -1.0, -1.0, -1.0, 3.0, 9.0, -7.0, 4.0, -2.0, -3.0, -2.0, -2.0, 5.0, 4.0, 4.0, -5.0, -1.0, -1.0, 3.0, -3.0, -1.0, -7.0, 0.0, -1.0, 4.0, 3.0, -5.0, 5.0, 4.0, -1.0, -1.0, 4.0, -3.0, -1.0, -1.0, -2.0, -2.0, 5.0, 5.0, -2.0, 1.0, -7.0, 5.0, 4.0, -2.0, -1.0, 3.0, -1.0, -7.0, -5.0, -2.0, -1.0, -1.0, 5.0, -1.0, 0.0, 4.0, -3.0, -7.0, -2.0, -1.0, -1.0, -2.0, 3.0, -3.0, -2.0, 1.0, 1.0, -3.0, 0.0, -1.0, -8.0, 4.0, 3.0, 1.0, -1.0, -2.0, -7.0, -2.0, -1.0, 3.0, -1.0, -1.0, 5.0, -3.0, 4.0, 0.0, -2.0, -7.0, -7.0, 3.0, 5.0, -1.0, 11.0, 4.0, -1.0, 4.0, -2.0, 0.0, 10.0, 0.0, -7.0, -2.0, -8.0, -2.0, 7.0, -1.0, -1.0, 4.0, 6.0, 5.0, 4.0, 2.0, -1.0, -2.0, 10.0, -4.0, -1.0, -2.0, 4.0, -1.0, -1.0, 0.0, 5.0, -1.0, 2.0, -1.0, -2.0, -1.0, -6.0, 2.0, -1.0, -2.0, 1.0, -2.0, 3.0, -2.0, -2.0, 6.0, -2.0, -2.0, 1.0, -2.0, -2.0, -6.0, 4.0, 1.0, 5.0, -3.0, -3.0, 5.0, 4.0, -6.0, -2.0, -1.0, -1.0, 0.0, -1.0, -3.0, 3.0, 3.0, 1.0, 0.0, 5.0, 1.0, -1.0, -1.0, -2.0, -1.0, 5.0, -3.0, 5.0, -1.0, -12.0, -2.0, -1.0, -1.0, -5.0, -7.0, -1.0, -2.0, -3.0, 6.0, 8.0, -3.0, 0.0, 4.0, 3.0, 5.0, -1.0, 3.0, 4.0, -1.0, 4.0, -1.0, 5.0, -15.0, -7.0, -1.0, -2.0, 1.0, -7.0, 5.0, -1.0, 1.0, -2.0, 6.0, 0.0, -4.0, -1.0, -2.0, 2.0, -2.0, 0.0, -6.0, -8.0, -2.0, 4.0, 4.0, -2.0, 1.0, 1.0, -5.0, 4.0, -1.0, -3.0, 10.0, -2.0, 5.0, 3.0, -1.0, 3.0, 5.0, 4.0, -2.0, -3.0, 4.0, 4.0, -1.0, 3.0, 10.0, -1.0, 2.0, -2.0, 4.0, -2.0, 5.0, -6.0, 5.0, -1.0, -5.0, 4.0, 0.0, 5.0, 0.0, -2.0, -2.0, -8.0, -2.0, -1.0, 5.0, -1.0, 5.0, -2.0, -1.0, -2.0, -2.0, -2.0, -2.0, 10.0, 4.0, 3.0, 3.0, 4.0, 10.0, 4.0, 4.0, -2.0, 0.0, -2.0, -13.0, 4.0, -1.0, 9.0, -2.0, 4.0, 3.0, 4.0, -2.0, -2.0, 5.0, -3.0, -7.0, -2.0, -2.0, -2.0, -7.0, -1.0, -2.0, 0.0, 10.0, 9.0, -1.0, 4.0, -2.0, -2.0, -7.0, 5.0, 11.0, 4.0, 5.0, -1.0, -8.0, 4.0, -2.0, -5.0, 4.0, -1.0, -7.0, -1.0, 4.0, 0.0, -1.0, -1.0, -8.0, -2.0, -1.0, 5.0, 4.0, -9.0, -4.0, -1.0, -14.0, 2.0, -12.0, -2.0, -7.0, 6.0, -1.0, 5.0, -8.0, -7.0, -1.0, -2.0, -4.0, 3.0, -2.0, -7.0, 0.0, 4.0, 5.0, 5.0, 9.0, 5.0, 2.0, -2.0, -1.0, 7.0, -1.0, 3.0, -1.0, 4.0, 4.0, -1.0, -2.0, 5.0, 4.0, -2.0, -2.0, -1.0, 4.0, -1.0, 0.0, -4.0, 3.0, -8.0, 4.0, -5.0, -1.0, -7.0, -2.0, -7.0, -1.0, 3.0, 5.0, -2.0, 5.0, -9.0, 5.0, -2.0, 0.0, -1.0, -5.0, -1.0, -1.0, -14.0, 0.0, 5.0, 11.0, -2.0, 5.0, 5.0, 4.0, 4.0, -1.0, -1.0, 4.0, -2.0, -1.0, -5.0, 4.0, 5.0, 4.0, 2.0, -7.0, -2.0, -2.0, 5.0, 6.0, -1.0, 4.0, 0.0, 5.0, 5.0, -7.0, -6.0, 6.0, 3.0, -7.0, -7.0, -3.0, -7.0, -1.0, 5.0, -6.0, -13.0, 10.0, -1.0, 6.0, 10.0, -1.0, 3.0, -2.0, 0.0, 1.0, -2.0, -3.0, -2.0, 5.0, 5.0, -3.0, -2.0, -6.0, 15.0, 5.0, 3.0, -4.0, 5.0, 0.0, -1.0, 5.0, -2.0, 4.0, -1.0, 5.0, 4.0, -1.0, 4.0, -1.0, 11.0, -2.0, -8.0, -1.0, 8.0, 5.0, 9.0, 2.0, -6.0, 4.0, 3.0, -8.0, -1.0, 11.0, -2.0, -2.0, -20.0, -2.0]",8.192839107609505,0.0032994747161865,0.0,0.0,0
31,31,"[0.29114038, -0.36569998, 0.8662022, 0.28190652, -0.19342802, 0.5137584, -0.9891696, 0.53301954, -0.20030037, 0.44183883, -0.9479724, -0.39411858, -0.9918369, -0.49597707, -0.5484479, 0.7043055, -0.6699609, -0.57979846, 0.7073319, 0.95006543, 0.3539786, 0.769852, 0.23536061, 0.88905776, 0.5569315, 0.4382689, -0.24966487, 0.10768694, -0.08653216, 0.040793553, -0.91492456, 0.9977959, 0.030132152, 0.2744361, 0.09611656, -0.23741086, 0.22633933, -0.004984699, 0.3160776, -0.02522817, -0.6463594, -0.45836687, 0.9112926, -0.612575, 0.3084166, 0.90769136, 0.7334408, -0.847659, -0.9620764, -0.4778574, -0.9061171, 0.083032206, -0.042682376, -0.344669, -0.27099365, -0.5568311, 0.5524656, -0.6082471, 0.66175705, 0.70363796, 0.81367356, 0.14993897, -0.7720475, -0.9893377, -0.32413912, -0.3331879, -0.3884291, -0.06366387, -0.42267913, 0.7427119, 0.14203714, -0.46900854, -0.68288505, -0.7005975, -0.07966896, 0.33589497, 0.44213155, 0.0056864363, -0.5532192, 0.7338106, 0.50650537, -0.9494904, 0.7222067, -0.31805548, -0.85516316, -0.82037985, 0.5990648, -0.5015649, 0.095747024, 0.55155617, 0.07423858, -0.8603983, 0.34798598, -0.8899131, -0.19981335, -0.7200591, -0.12910464, 0.6026872, -0.66601163, -0.807499, -0.60772943, -0.2917537, 0.064853534, 0.20535792, 0.7350212, -0.10506538, 0.20841807, 0.5622823, -0.84540755, 0.21623468, -0.73101604, 0.84273374, 0.15060453, -0.9532539, -0.75463784, 0.067427404, 0.437455, -0.5005184, -0.8149978, -0.2328917, -0.81384254, -0.5405274, 0.07834806, 0.00013104785, 0.40592375, -0.20497881, -0.9448019, 0.2696287, -0.3509745, -0.9238533, -0.021006368, 0.50173974, -0.14200339, 0.9049284, 0.7331699, 0.4269733, 0.40404135, 0.9022432, 0.069707215, -0.73459107, -0.25875357, 0.514834, 0.15343054, -0.3230982, -0.28597507, -0.5259696, 0.50342584, 0.2053401, -0.87349874, 0.16337569, 0.96728766, 0.48160464, -0.26704428, -0.66903555, 0.12689917, -0.122902475, -0.8529902, -0.047548894, -0.014155138, -0.4505826, 0.062463287, -0.949803, 0.20790938, -0.20646071, 0.8404647, -0.1641216, -0.96743923, 0.64947724, 0.18960287, 0.8859579, 0.20864594, -0.3306799, -0.8276873, 0.56018084, -0.050450422, -0.6792333, 0.5783694, -0.5112507, 0.31663528, 0.9820349, 0.115389444, 0.8139631, -0.62405443, -0.26171267, -0.8380957, -0.07653025, -0.71121585, 0.13674824, -0.57075816, -0.6701289, 0.7694166, -0.06496722, 0.35181025, -0.37476948, 0.8430533, -0.4857603, 0.7166518, -0.051133577, -0.19160028, -0.9744849, -0.7550402, 0.7587238, 0.03983665, -0.36322683, 0.9156979, 0.22936493, -0.9059538, 0.104780935, -0.4388857, -0.45089462, -0.057992462, -0.80627763, 0.4854474, 0.8842265, -0.54996264, 0.18283151, 0.3100574, 0.8735242, -0.7083882, 0.9025507, 0.6202204, -0.9037992, 0.37625632, -0.26793638, -0.14974034, 0.50948215, -0.3135879, 0.48074076, -0.35067716, -0.5956599, -0.539845, -0.3966375, -0.66241515, -0.62502164, -0.026333364, -0.5147009, 0.8769096, -0.011553642, -0.30044147, 0.33397973, 0.7228228, 0.9840076, -0.3596625, -0.19668783, -0.88603604, 0.5316461, 0.6565255, -0.8845268, 0.75327283, -0.17587647, 0.28108895, 0.59190726, -0.2521195, 0.43008938, -0.21005905, -0.21674642, 0.91264373, 0.92471534, -0.8678976, 0.17368077, -0.08674934, -0.90175724, 0.19864681, 0.016722515, -0.04343944, 0.94071656, -0.41936177, -0.24220113, -0.09967088, 0.014005844, -0.2973511, -0.8792011, 0.7543605, -0.7760947, -0.80338156, -0.60740083, 0.29590997, 0.16562042, -0.121171534, 0.25972968, 0.16292247, -0.10252994, -0.09862394, -0.30847356, 0.8269519, -0.31449622, 0.07341239, -0.20706469, -0.361387, -0.27628353, 0.40235704, 0.55700916, -0.21462636, 0.16756953, 0.027443493, 0.8086722, -0.47459033, 0.48431957, 0.8612001, -0.7835625, 0.035719197, 0.21985756, -0.9918402, 0.9545746, -0.064040504, 0.46895486, -0.7490215, -0.29554436, 0.37907112, -0.49237043, 0.9678646, -0.77211434, -0.19552566, -0.8611088, 0.21510953, 0.44105324, 0.7526608, 0.5598769, -0.94855624, 0.03689091, -0.027663141, -0.6812004, 0.11223204, 0.6284289, -0.15173525, 0.32756916, 0.9787343, 0.87319654, -0.40072763, 0.56839836, -0.8422153, -0.30006808, -0.5779575, -0.9669395, -0.1686396, 0.5937796, -0.50790185, 0.26596668, -0.24462089, 0.3549718, -0.6776928, -0.2682497, 0.04179473, -0.51913667, 0.37922984, -0.76338434, 0.059760578, -0.4915523, 0.21709862, -0.52069175, -0.81020015, -0.5107222, -0.06605212, -0.39274916, 0.083408676, -0.2764497, -0.7711734, 0.5736039, -0.11823749, -0.2496097, -0.93237406, -0.75836134, -0.21199924, 0.60253626, 0.27385694, 0.71992344, -0.6826892, -0.5057892, 0.066769816, -0.81085527, 0.7307842, 0.1319826, 0.8555463, 0.72274613, 0.07563271, 0.1521295, -0.4950177, 0.20844343, -0.46837908, -0.09855596, 0.27907446, -0.6574566, -0.32055706, -0.9758821, 0.27645952, -0.14180875, 0.002431525, -0.8333538, 0.39549586, -0.3775121, -0.6910327, -0.6617403, -0.11637731, -0.76831734, 0.09087602, 0.32705587, -0.5706862, 0.9829846, 0.3038098, -0.7108651, 0.9996325, -0.8160246, -0.1590909, -0.13387336, -0.12791029, -0.18360618, 0.8586027, 0.5204209, -0.82319874, 0.5666864, 0.4034212, -0.32285717, -0.92935, -0.43333107, 0.34144598, -0.22623865, -0.0034809161, -0.04703912, 0.91684663, -0.3666541, 0.29948348, 0.47165543, 0.62233883, 0.9482227, 0.19243053, -0.11444055, 0.58456993, -0.50938654, 0.854373, 0.28011018, 0.1516325, 0.15347503, 0.2310987, -0.70724344, -0.47509167, -0.9645054, -0.52260154, -0.7642702, -0.6732854, 0.42435074, -0.28946424, 0.311475, 0.9388788, -0.4922037, 0.13175061, 0.8543587, -0.18752904, 0.45203084, 0.49773574, 0.43541756, 0.5002931, -0.84823835, 0.42538205, -0.9619276, 0.26939148, 0.71847415, -0.9094001, 0.026423158, -0.28133973, 0.6470477, 0.53877634, 0.8775326, -0.19987887, -0.94125676, 0.41901064, -0.6748728, 0.16881995, -0.6372697, 0.090481214, 0.7452181, -0.43643662, 0.10236554, 0.87684447, 0.0022371332, 0.9192594, -0.7951614, 0.8844682, 0.45872015, -0.10395567, 0.71772254, 0.3904818, 0.7090605, 0.73912567, -0.3791571, -0.5533765, -0.8631886, 0.34520882, -0.060226683, 0.39554423, -0.6030744, -0.05001093, -0.06344658, -0.6844608, 0.4793308, -0.59429944, -0.03451218, -0.66714257, -0.7188795, 0.09665224, -0.18473564, -0.9835788, -0.4738671, -0.3832701, 0.015469286, 0.9512142, -0.5852951, 0.14840129, -0.1398093, -0.39227423, 0.94549054, 0.13452682, 0.6535535, -0.75702167, -0.58793485, 0.42977455, -0.14768657, 0.112601176, -0.20620391, -0.014475279, -0.74749875, -0.015321576, 0.8038238, -0.7971777, -0.47877088, 0.54204404, 0.9843673, 0.35802606, 0.10490588, -0.55968153, 0.59259534, 0.32117096, -0.25884098, 0.14830299, 0.08606605, 0.86410844, 0.33527273, -0.7787454, -0.9072344, -0.13242546, 0.24966344, 0.083384916, 0.8456067, 0.44489703, -0.46587887, -0.6588922, -0.5549513, -0.9592049, -0.26389068, -0.6237788, -0.30215627, -0.77897596, 0.040695097, 0.5759799, -0.6117273, 0.87473077, 0.42304385, 0.7711112, -0.4002205, 0.4979168, 0.17008132, 0.91661084, 0.37193835, -0.6271613, -0.4068888, 0.88039863, 0.6432199, 0.046747196, -0.75334203, -0.19847643, -0.43481943, -0.7455499, 0.43849063, 0.9618663, -0.39587188, 0.687811, 0.9147032, 0.3669167, -0.22087717, 0.77217525, 0.5832282, -0.4947194, 0.10879408, 0.9499619, 0.12176676, -0.4834806, -0.55290335, 0.71761835, 0.5216583, 0.7121296, -0.12905966, 0.2094988, -0.17912246, -0.070929565, -0.5079151, 0.4119005, 0.64610136, 0.41350898, -0.14311512, -0.70081913, -0.6164611, 0.5579483, -0.38184837, 0.3333437, 0.3168164, -0.19973193, 0.025813427, -0.6703618, 0.24766332, -0.7338153, 0.75157595, -0.9862546, 0.55200565, 0.4190363, -0.03504695, 0.4454927, -0.70975775, -0.48709467, 0.8914747, -0.5837683, -0.5833223, 0.9957104, 0.29800957, -0.31836325, 0.51868165, -0.99566805, -0.8359761, -0.95842904, -0.67847574, 0.6054462, -0.6724752, -0.53934324, 0.7726641, 0.23481497, 0.19346632, 0.8016393, -0.27874973, 0.13963427, -0.7015339, -0.8783756, 0.5491036, 0.8889462, 0.6518527, -0.5989179, -0.16321892, -0.506655, 0.09796666, 0.81716645, -0.0762489, 0.080107175, 0.59752584, -0.76494986, 0.4968007, -0.2744023, -0.39291432, 0.098447844, 0.81417173, 0.9901066, -0.059845768, 0.26833206, 0.19613238, -0.34738308, -0.10110049, -0.9993655, 0.37429896, -0.12307952, -0.051708244, -0.35041463, 0.24246858, 0.5382658, 0.31838638, 0.47274598, -0.5833163, -0.07994318, -0.54781073, -0.9951048, 0.30271152, 0.41285524, -0.9901824, -0.46402687, 0.1373133, -0.2097346, 0.58404344, 0.26664138, 0.23365507, 0.5170316, 0.26212507, -0.94250226, -0.6490854, -0.4195153, 0.76864064, -0.71020424, -0.59251475, 0.38675672, 0.2646229, 0.60465115, 0.7045557, 0.8871672, -0.22826089, -0.12872876, 0.025584416, 0.19201663, 0.621103, 0.15573083, -0.37942675, -0.72534245, 0.18123439, 0.4558311, -0.87439007, 0.9502522, -0.0660606, 0.7189892, -0.7005463, -0.76702666, 0.33609578, -0.28380737, 0.17275423, -0.91521674, 0.24229963, 0.42953017, 0.8038239, -0.088701785, -0.88756025, 0.034540206, 0.7354922, 0.47969335, -0.88892484, -0.042386677, 0.2986262, -0.002362364, 0.041203026, -0.19185188, -0.93442637, 0.2926494, -0.32894406, 0.043538794, -0.40585622, 0.7229883, 0.8393374, 0.4978401, -0.23947567, 0.08162337, -0.08960917, -0.22759315, 0.1450346, 0.3916044, 0.70337135, -0.37754437, -0.33682597, -0.4814731, -0.54827154, 0.4191618, 0.26513508, 0.24765685, 0.73275596, -0.3004537, 0.9009733, -0.09376812, -0.17777538, 0.2974845, 0.08546922, -0.9369517, -0.055796947, 0.91722435, -0.17988405, -0.6681751, -0.5880783, 0.8317209, 0.3559426, -0.07045157, 0.20014879, 0.11355059, -0.16560444, -0.55015415, -0.022642825, 0.07945766, -0.34661743, -0.70429444, -0.59208363, 0.83269817, -0.72723085, 0.6129659, -0.8315418, 0.24403735, -0.9068506, 0.47394595, -0.39099255, -0.4884214, -0.80601585, -0.29961315, 0.1751402, 0.86168516, 0.6144594, 0.49381402, -0.6908312, -0.63110393, -0.1714088, 0.12928438, 0.41333142, -0.47816727, 0.22265549, -0.19736306, -0.7293275, -0.39182842, -0.7431235, 0.72166586, -0.9471071, 0.26031247, -0.82498753, 0.098195694, -0.5585703, 0.70852566, 0.939129, -0.64345586, -0.93792605, -0.18884018, 0.70481294, 0.39597073, 0.8438982, -0.27966645, -0.0790544, -0.61850834, -0.8686544, 0.8647349, 0.21650581, 0.16356464, 0.88508284, -0.4274096, 0.72658336, 0.86326915, 0.60482657, -0.8262767, 0.028739266, 0.50105643, 0.5928684, -0.3116305, 0.092686914, 0.24982941, 0.9826012, 0.8300638, -0.7997698, 0.8573014, -0.66434073, -0.3595713, 0.53950524, 0.9828353, 0.6296604, 0.10861403, 0.24331294, 0.73499674, 0.450544, 0.24051963, 0.64757574, 0.78455657, 0.7659489, -0.9571905, 0.13143678, 0.85233957, -0.94283867, 0.91676176, -0.27374542, -0.5019782, 0.9874757, -0.6231362, 0.6107577, 0.04334119, 0.6700568, 0.23660213, 0.6731785, -0.21945418, 0.2180124, 0.7910596, -0.84358394, 0.4814075, -0.43432128, 0.73865384, 0.69949603, 0.9247325, 0.8645736, 0.042575378, -0.43700033, -0.6345386, -0.901767, -0.8337805, -0.68743384, 0.47824943, 0.81934345, -0.85017776, -0.5536158, -0.39350948, 0.37328026, -0.79629225, 0.57410324, -0.93150556, -0.50028193, -0.2976523, 0.051569782, -0.972818, -0.95256275, -0.29323274, 0.6906369, -0.799606, 0.44149393, 0.030567357, -0.7809088, -0.5667573, -0.052105393, -0.18965451, 0.9012439, 0.7859429, -0.7629851, -0.6082309, 0.21846177, 0.04511222, -0.7224026, -0.022351244, -0.37205195, 0.77181005, 0.15794864, -0.103780985, 0.35244027, 0.8869674, 0.5215309, -0.2133611, -0.92326194, 0.29888868, 0.2071905, -0.46511784, 0.9886294, 0.75488675, 0.5454525, -0.0038515406, -0.32067218, -0.353666, 0.4935086, 0.9227383, 0.013718986, -0.13789806, -0.87561446, 0.84059525, -0.36765015, -0.8470901, 0.27919668, -0.12788855, 0.34991357, 0.042250127, 0.98648053, 0.6750308, 0.30129853, 0.9733401, -0.81236297, 0.095371574, 0.39704046, -0.14753245, 0.12607212, 0.44453847, 0.29574332, -0.87463087, -0.44317928, 0.2434532, -0.29617628, -0.9119057, 0.29312602, 0.4677016, 0.62645674, 0.53808117, -0.5778762, 0.9908451, -0.30817628, 0.24470042, -0.8344444, -0.83506244, 0.2631523, 0.65753865, 0.39418116, 0.5096934, -0.66738236, -0.45100567, -0.19593427, 0.39980203, -0.70406336, 0.7453625, -0.8407431, -0.71272254, -0.108787246, 0.39483073, -0.7630144, -0.71563935, 0.8731809, -0.31195316, 0.1875973, -0.20550345, -0.34178716, 0.66654253, 0.22741042, -0.76524734, 0.48215294, -0.4833527, -0.4038392, 0.6406167, 0.5599493]","[-7.0, 4.0, 4.0, -2.0, -1.0, 4.0, -1.0, 2.0, -2.0, -3.0, -2.0, -1.0, 4.0, -2.0, 4.0, -2.0, -2.0, -3.0, -7.0, -1.0, -8.0, -2.0, -2.0, -7.0, 5.0, 10.0, -7.0, -8.0, 3.0, -7.0, -14.0, 4.0, -2.0, 4.0, 5.0, 3.0, 4.0, -6.0, -7.0, -7.0, 0.0, 5.0, -1.0, -4.0, 1.0, 5.0, 3.0, -7.0, -3.0, -2.0, 5.0, 3.0, 5.0, -1.0, 1.0, 1.0, -1.0, -2.0, 0.0, 4.0, 3.0, 4.0, -2.0, 0.0, 3.0, 4.0, -7.0, -3.0, -2.0, 5.0, 5.0, 2.0, -1.0, 4.0, -6.0, 3.0, 4.0, -3.0, -1.0, 6.0, -2.0, -6.0, -1.0, -7.0, 6.0, 10.0, -1.0, -1.0, 0.0, 4.0, -1.0, 6.0, -1.0, 10.0, -2.0, 4.0, 4.0, -3.0, -6.0, -4.0, -1.0, -1.0, 1.0, -1.0, -8.0, 5.0, 1.0, 3.0, 5.0, -3.0, -2.0, -7.0, -7.0, -2.0, 4.0, -8.0, 5.0, -7.0, 5.0, -3.0, 5.0, 5.0, 0.0, 4.0, -2.0, 3.0, -1.0, 4.0, 3.0, -2.0, 5.0, -1.0, -4.0, -7.0, -2.0, -8.0, -1.0, -8.0, 3.0, 4.0, 4.0, 5.0, -2.0, 4.0, 5.0, 4.0, -8.0, 0.0, -7.0, 4.0, -10.0, 5.0, -3.0, 0.0, -2.0, -7.0, 4.0, 4.0, 4.0, -1.0, -3.0, 4.0, 5.0, 3.0, -13.0, -1.0, -7.0, 4.0, -9.0, -5.0, 3.0, -1.0, 5.0, 3.0, 1.0, -2.0, -2.0, -2.0, -3.0, 0.0, 3.0, -2.0, -2.0, -5.0, -2.0, -2.0, 5.0, -6.0, 2.0, 10.0, -3.0, -2.0, 4.0, -4.0, -2.0, 0.0, -2.0, -8.0, -2.0, -2.0, -8.0, -2.0, -2.0, 5.0, -1.0, 5.0, -1.0, -3.0, -1.0, -1.0, 5.0, 4.0, -2.0, 4.0, 1.0, -8.0, 4.0, 4.0, -2.0, -3.0, 4.0, -7.0, -3.0, -7.0, 8.0, 5.0, 4.0, -3.0, 0.0, 4.0, -7.0, 0.0, 5.0, -2.0, 0.0, 4.0, 4.0, 4.0, -1.0, 3.0, 1.0, -1.0, -6.0, 3.0, 2.0, 0.0, 4.0, -5.0, -2.0, 6.0, -2.0, -5.0, -2.0, -1.0, -2.0, -4.0, -1.0, -4.0, -2.0, -2.0, -2.0, 5.0, -7.0, -2.0, 4.0, -1.0, -7.0, 1.0, -7.0, 5.0, 4.0, -1.0, -1.0, -6.0, 6.0, -1.0, 5.0, -2.0, -4.0, -7.0, 4.0, -1.0, 0.0, -1.0, -1.0, 12.0, 0.0, -1.0, 4.0, 4.0, -1.0, -2.0, -8.0, -2.0, -2.0, -1.0, -7.0, -1.0, -3.0, -2.0, 4.0, 3.0, 4.0, -1.0, -1.0, 0.0, -3.0, 4.0, 0.0, -2.0, 3.0, 3.0, -6.0, -1.0, -2.0, 0.0, 1.0, -1.0, 5.0, 4.0, -1.0, -8.0, -1.0, 3.0, 6.0, 1.0, -7.0, 4.0, 5.0, 2.0, 0.0, 0.0, 4.0, 10.0, -2.0, -2.0, -8.0, -2.0, 4.0, 12.0, -1.0, 5.0, -4.0, -7.0, -7.0, 0.0, -1.0, -1.0, -2.0, -1.0, -3.0, -1.0, -1.0, 4.0, 5.0, 5.0, -2.0, -7.0, 3.0, -1.0, -7.0, -1.0, 4.0, -7.0, 6.0, -1.0, 4.0, 10.0, 4.0, -7.0, -1.0, 13.0, 4.0, 9.0, 0.0, 4.0, -3.0, 4.0, 5.0, 4.0, 4.0, 4.0, -2.0, 5.0, -1.0, 4.0, 3.0, 5.0, 5.0, 3.0, 0.0, 5.0, -2.0, 11.0, 5.0, 11.0, -2.0, -2.0, 5.0, 10.0, -3.0, 5.0, 10.0, -1.0, 3.0, -1.0, -7.0, 5.0, -2.0, 4.0, -2.0, 3.0, 3.0, 1.0, -8.0, -2.0, -10.0, 5.0, 0.0, -3.0, -8.0, 1.0, 8.0, -6.0, 6.0, 3.0, -7.0, -7.0, -2.0, -1.0, -1.0, -1.0, -2.0, -2.0, -2.0, -2.0, -14.0, -7.0, -1.0, -7.0, -1.0, -8.0, 4.0, -2.0, 5.0, -2.0, 5.0, -2.0, 5.0, 4.0, -1.0, -2.0, 4.0, 4.0, 5.0, 4.0, 3.0, -1.0, 4.0, 2.0, 4.0, -2.0, -2.0, -1.0, 9.0, -1.0, -1.0, -8.0, 0.0, 5.0, 2.0, 4.0, -1.0, 5.0, -1.0, 5.0, -8.0, -1.0, -2.0, -1.0, -2.0, -2.0, -10.0, 5.0, -5.0, -1.0, 5.0, 11.0, -1.0, 0.0, -5.0, -2.0, -2.0, 2.0, -2.0, -2.0, -2.0, -8.0, 0.0, -2.0, -7.0, 4.0, -7.0, -1.0, -3.0, -5.0, 4.0, 2.0, -1.0, -2.0, 4.0, 5.0, -4.0, 4.0, -1.0, -1.0, -1.0, 3.0, 9.0, -7.0, 4.0, -2.0, -3.0, -2.0, -2.0, 5.0, 4.0, 4.0, -5.0, -1.0, -1.0, 3.0, -3.0, -1.0, -7.0, 0.0, -1.0, 4.0, 3.0, -5.0, 5.0, 4.0, -1.0, -1.0, 4.0, -3.0, -1.0, -1.0, -2.0, -2.0, 5.0, 5.0, -2.0, 1.0, -7.0, 5.0, 4.0, -2.0, -1.0, 3.0, -1.0, -7.0, -5.0, -2.0, -1.0, -1.0, 5.0, -1.0, 0.0, 4.0, -3.0, -7.0, -2.0, -1.0, -1.0, -2.0, 3.0, -3.0, -2.0, 1.0, 1.0, -3.0, 0.0, -1.0, -8.0, 4.0, 3.0, 1.0, -1.0, -2.0, -7.0, -2.0, -1.0, 3.0, -1.0, -1.0, 5.0, -3.0, 4.0, 0.0, -2.0, -7.0, -7.0, 3.0, 5.0, -1.0, 11.0, 4.0, -1.0, 4.0, -2.0, 0.0, 10.0, 0.0, -7.0, -2.0, -8.0, -2.0, 7.0, -1.0, -1.0, 4.0, 6.0, 5.0, 4.0, 2.0, -1.0, -2.0, 10.0, -4.0, -1.0, -2.0, 4.0, -1.0, -1.0, 0.0, 5.0, -1.0, 2.0, -1.0, -2.0, -1.0, -6.0, 2.0, -1.0, -2.0, 1.0, -2.0, 3.0, -2.0, -2.0, 6.0, -2.0, -2.0, 1.0, -2.0, -2.0, -6.0, 4.0, 1.0, 5.0, -3.0, -3.0, 5.0, 4.0, -6.0, -2.0, -1.0, -1.0, 0.0, -1.0, -3.0, 3.0, 3.0, 1.0, 0.0, 5.0, 1.0, -1.0, -1.0, -2.0, -1.0, 5.0, -3.0, 5.0, -1.0, -12.0, -2.0, -1.0, -1.0, -5.0, -7.0, -1.0, -2.0, -3.0, 6.0, 8.0, -3.0, 0.0, 4.0, 3.0, 5.0, -1.0, 3.0, 4.0, -1.0, 4.0, -1.0, 5.0, -15.0, -7.0, -1.0, -2.0, 1.0, -7.0, 5.0, -1.0, 1.0, -2.0, 6.0, 0.0, -4.0, -1.0, -2.0, 2.0, -2.0, 0.0, -6.0, -8.0, -2.0, 4.0, 4.0, -2.0, 1.0, 1.0, -5.0, 4.0, -1.0, -3.0, 10.0, -2.0, 5.0, 3.0, -1.0, 3.0, 5.0, 4.0, -2.0, -3.0, 4.0, 4.0, -1.0, 3.0, 10.0, -1.0, 2.0, -2.0, 4.0, -2.0, 5.0, -6.0, 5.0, -1.0, -5.0, 4.0, 0.0, 5.0, 0.0, -2.0, -2.0, -8.0, -2.0, -1.0, 5.0, -1.0, 5.0, -2.0, -1.0, -2.0, -2.0, -2.0, -2.0, 10.0, 4.0, 3.0, 3.0, 4.0, 10.0, 4.0, 4.0, -2.0, 0.0, -2.0, -13.0, 4.0, -1.0, 9.0, -2.0, 4.0, 3.0, 4.0, -1.0, -2.0, 5.0, -3.0, -7.0, -2.0, -2.0, -2.0, -7.0, -1.0, -2.0, 0.0, 10.0, 9.0, -1.0, 4.0, -2.0, -2.0, -7.0, 5.0, 11.0, 4.0, 5.0, -1.0, -8.0, 4.0, -2.0, -5.0, 4.0, -1.0, -7.0, -1.0, 4.0, 0.0, -1.0, -1.0, -8.0, -2.0, -1.0, 5.0, 4.0, -9.0, -4.0, -1.0, -14.0, 2.0, -12.0, -2.0, -7.0, 6.0, -1.0, 5.0, -8.0, -7.0, -1.0, -2.0, -4.0, 3.0, -2.0, -7.0, 0.0, 4.0, 5.0, 5.0, 9.0, 5.0, 2.0, -2.0, -1.0, 7.0, -1.0, 3.0, -1.0, 4.0, 4.0, -1.0, -2.0, 5.0, 4.0, -2.0, -2.0, -1.0, 4.0, -1.0, 0.0, -4.0, 3.0, -8.0, 4.0, -5.0, -1.0, -7.0, -2.0, -7.0, -1.0, 3.0, 5.0, -2.0, 5.0, -9.0, 5.0, -2.0, 0.0, -1.0, -5.0, -1.0, -1.0, -14.0, 0.0, 5.0, 11.0, -2.0, 5.0, 5.0, 4.0, 4.0, -1.0, -1.0, 4.0, -2.0, -1.0, -5.0, 4.0, 5.0, 4.0, 2.0, -7.0, -2.0, -2.0, 5.0, 6.0, -1.0, 4.0, 0.0, 5.0, 5.0, -7.0, -6.0, 6.0, 3.0, -7.0, -7.0, -3.0, -7.0, -1.0, 5.0, -6.0, -13.0, 10.0, -1.0, 6.0, 10.0, -1.0, 3.0, -2.0, 0.0, 1.0, -2.0, -3.0, -2.0, 5.0, 5.0, -3.0, -2.0, -6.0, 15.0, 5.0, 3.0, -4.0, 5.0, 0.0, -1.0, 5.0, -2.0, 4.0, -1.0, 5.0, 4.0, -1.0, 4.0, -1.0, 11.0, -2.0, -8.0, -1.0, 8.0, 5.0, 9.0, 2.0, -6.0, 4.0, 3.0, -8.0, -1.0, 11.0, -2.0, -2.0, -20.0, -2.0]",8.191414266461646,0.0032641887664794,0.0,0.0,0
32,32,"[0.3482806, 0.03997225, 0.25752547, -0.59056383, 0.9548377, -0.818038, -0.21840777, 0.35599098, 0.87657344, 0.9642491, -0.23502123, 0.9102616, 0.7544055, -0.21845959, 0.66874075, -0.6718361, -0.87694985, 0.3775523, 0.99435997, -0.49434602, -0.60917616, 0.9242978, -0.32760406, -0.94960165, -0.8618724, 0.36702862, 0.71564466, -0.5239619, 0.19292182, 0.95741343, 0.18416883, 0.69098383, -0.13496217, 0.068266824, -0.47215688, -0.45241776, -0.6192097, 0.16812855, -0.8970934, -0.06672745, -0.81908184, 0.021606117, 0.50717103, 0.34877533, -0.60062206, -0.22539258, 0.058015376, 0.43291262, -0.3893736, -0.03843331, -0.94120497, -0.5621224, 0.30401823, -0.19073121, -0.20577078, -0.7487974, 0.12238401, 0.15279898, 0.7104047, -0.36195126, -0.84958035, -0.2793291, 0.39280626, -0.56023353, -0.87142694, 0.9931453, -0.7974678, 0.37583178, -0.32329643, 0.26760882, 0.91154516, 0.69309413, 0.7391115, 0.871825, 0.95557576, -0.7448548, -0.25545278, 0.006106554, -0.48525912, -0.32828063, 0.38170487, -0.06404806, 0.5744923, 0.12271328, 0.89947975, 0.62217695, 0.38305786, -0.624429, 0.9286406, 0.2020634, -0.6724381, 0.27992427, -0.3455383, -0.53156644, -0.9883402, 0.39365223, 0.42838314, -0.22895227, -0.29924172, -0.5167754, -0.8932075, 0.08402111, 0.45727143, -0.66798156, -0.9811651, -0.023590762, -0.7282537, 0.39325985, -0.076895446, -0.025165863, -0.41161978, -0.68057317, 0.9991738, -0.41827324, 0.51753235, 0.8835001, -0.63702124, -0.5774992, -0.22931524, 0.7654292, 0.9280628, 0.26584083, -0.72917557, 0.94843876, -0.7133714, 0.5964884, -0.185934, 0.6378472, 0.482138, 0.96712244, 0.57258433, 0.96478516, -0.05208204, -0.67095304, 0.23122557, -0.79333615, -0.17487475, 0.9106673, -0.9876437, 0.21617585, 0.91564155, -0.5451311, -0.551963, 0.5995544, -0.5675398, -0.13973434, 0.25289303, 0.6721679, 0.7442866, -0.06962007, -0.81804675, 0.6425445, 0.9400677, -0.9226365, -0.83345586, 0.6999305, 0.24408852, -0.48776504, -0.095739886, -0.05391982, 0.05801137, -0.97296375, -0.14491814, -0.07367246, 0.15928163, -0.33411658, 0.10918029, -0.8251644, -0.535674, -0.3234724, 0.65933406, 0.9413816, -0.7976687, 0.447065, -0.18355614, -0.5494838, -0.67893785, 0.72891307, -0.9743355, -0.91415876, -0.719812, 0.47164622, -0.40514132, -0.02927872, 0.06271133, 0.7989722, -0.96434146, 0.6711137, -0.96436304, -0.8922868, 0.26215184, -0.5602782, 0.73675835, 0.46281233, -0.12039509, -0.65442026, -0.44980663, -0.5252474, -0.55857, 0.49971423, -0.80526245, -0.571767, -0.7663039, -0.648059, -0.91531765, 0.9887985, -0.93760586, 0.6996657, 0.14408623, 0.94605786, 0.9029837, -0.8491801, 0.31880885, 0.84993875, 0.046738796, -0.16825308, 0.88530517, -0.16387874, 0.23681097, -0.89670056, 0.34145194, 0.20087832, -0.99870855, 0.44731098, 0.54937243, -0.38956285, 0.375791, -0.5033189, -0.054619268, -0.9181363, -0.40029153, 0.59888893, -0.062017422, -0.30852005, 0.0076339873, 0.98099864, -0.5247943, 0.08513186, 0.5167319, 0.19861549, 0.48837814, 0.3439643, -0.5129947, 0.15702868, -0.4302413, -0.5493454, 0.7272842, 0.025286375, -0.73219866, -0.036093168, 0.21698168, -0.18109073, -0.82625943, 0.4869029, 0.8188235, 0.5522176, -0.15739875, 0.14278202, -0.11425727, 0.8471878, -0.7343527, -0.09810931, -0.16443713, 0.35126126, -0.54238373, 0.22932377, -0.69232595, 0.5820239, 0.7875834, -0.8108217, -0.59486353, -0.13742049, 0.24069154, -0.19101745, -0.49344513, -0.4439457, -0.46503726, 0.87837195, 0.28461003, -0.24431397, -0.73979104, 0.98138833, -0.9756501, 0.97810084, -0.26371214, 0.23911504, 0.45318872, 0.27099803, 0.9717412, 0.7726711, 0.49966684, 0.49649844, 0.63668525, -0.2282368, -0.99339336, 0.42866614, -0.67374045, 0.47740692, -0.53524953, -0.4608298, 0.017274098, 0.45086482, -0.5659212, -0.61813027, 0.4486807, -0.78192633, -0.83992296, 0.43287644, -0.94048274, -0.8782439, -0.6440115, 0.29993713, -0.63468623, 0.432098, 0.5746684, 0.6860899, -0.7962141, -0.31454015, -0.7840939, 0.4828065, 0.7779474, -0.26064736, 0.7593309, 0.22302482, 0.0022326894, 0.87144977, -0.55731994, -0.5227043, -0.09751293, -0.49188843, -0.30724505, -0.24325927, 0.39411676, -0.28999496, 0.9935337, -0.5881844, -0.53704596, -0.003740782, 0.26365831, -0.1232993, -0.119017236, 0.3862635, 0.5030251, -0.47421035, -0.8888253, -0.44489226, -0.3543167, 0.05290231, -0.19784753, 0.733451, -0.67728, 0.0386285, -0.3618931, -0.1485177, -0.32821354, 0.7874464, -0.9401679, -0.13060912, -0.102309674, 0.691741, -0.42027983, -0.5416056, -0.7604287, -0.8876958, 0.5288732, -0.8043433, 0.79776376, 0.68894863, -0.1358669, -0.21445647, -0.15096927, -0.3525115, 0.25423545, -0.14002958, -0.8902924, 0.34805605, -0.7774566, 0.8921957, -0.49570304, 0.11617524, 0.15619402, 0.71112716, 0.019330543, 0.81070036, -0.3468977, -0.96238214, -0.94762945, 0.592842, 0.9245026, -0.5229427, 0.18121111, -0.27866957, -0.20839804, 0.8804516, 0.53002673, -0.0127164945, 0.2823158, 0.4849416, -0.88818544, 0.7995159, 0.5693886, 0.8831038, -0.38276368, 0.2838429, 0.40620044, 0.59292674, -0.656304, 0.5285683, -0.27290243, 0.51703185, -0.25978702, 0.27553353, 0.5096053, 0.306133, -0.024221769, -0.17987385, 0.6197321, 0.79681987, -0.061741617, 0.7463219, -0.52388555, 0.5275128, 0.21271633, -0.48270604, -0.07240664, 0.75764126, 0.96137035, 0.7460423, 0.4712959, -0.78400844, -0.22404662, -0.23695675, 0.9960251, 0.08480529, -0.9845711, 0.8365467, 0.9041747, -0.6462086, -0.20136906, 0.50232255, 0.3358355, 0.2692414, -0.07369988, -0.07199153, 0.27657828, -0.26420614, -0.8905589, -0.52294743, 0.20363379, -0.84242463, 0.84878397, 0.98131686, 0.9944004, -0.47224134, 0.8747652, 0.83146167, 0.891263, -0.23320721, 0.2035958, 0.46819556, -0.36267096, -0.085518114, 0.12126474, 0.023750124, -0.14665544, 0.5373508, 0.60766643, -0.8409836, -0.602597, -0.2571949, -0.25836256, 0.81298184, -0.43534356, 0.04280199, 0.92955834, -0.0007183388, -0.22326829, -0.41913015, 0.60001004, 0.8834408, 0.31135422, -0.98154163, -0.024853105, 0.4344494, -0.8832898, 0.60371715, 0.29936066, 0.77652264, -0.760774, -0.8312509, 0.27546212, -0.104792155, 0.4383642, -0.07991599, 0.4735416, -0.45977473, -0.43517733, -0.10100259, -0.038582567, 0.28906304, 0.803611, 0.58393383, 0.8166355, 0.7728883, 0.8565595, -0.7757852, 0.7919527, 0.25544566, -0.5852797, -0.49189878, -0.8644855, -0.5016673, -0.56965345, -0.89177287, 0.19775015, -0.70674026, 0.1499122, -0.061976515, 0.7560664, -0.5817236, 0.3648611, -0.9940384, -0.08519176, 0.28058282, 0.8794142, -0.88575107, 0.056741863, -0.31009024, 0.9974697, -0.67168444, -0.28958035, 0.041682802, 0.016387828, -0.80281085, 0.4158033, 0.802033, 0.033698037, 0.6567324, 0.7701027, -0.46582222, -0.53257644, -0.5637587, 0.5880932, 0.87269217, -0.39769816, -0.9662028, 0.16453122, 0.9243523, 0.36560822, -0.12975055, 0.8019532, 0.5359886, 0.86128485, -0.29273885, 0.96208274, -0.32145193, 0.1621642, -0.12072623, -0.83100003, 0.061136086, 0.88136035, 0.12562042, 0.8506517, 0.21703596, -0.2982022, -0.25041005, 0.92403466, -0.913746, -0.747666, 0.8714248, -0.26866862, -0.9327416, -0.81877244, -0.8225941, -0.47853222, 0.37767476, -0.7310318, -0.86657286, -0.45848382, 0.6815859, -0.672314, 0.048822757, 0.71849746, 0.55244434, 0.4186794, 0.02696574, -0.21434751, -0.72500986, 0.017360412, 0.2941309, 0.69922954, 0.77432114, -0.31654388, -0.052959528, 0.8146732, 0.6564655, 0.35475758, -0.014525877, 0.84065264, 0.26499906, 0.060688112, -0.26417714, 0.609274, 0.23368046, 0.33464646, 0.46271017, -0.060877725, -0.96922356, -0.5353047, 0.8490005, 0.41363704, -0.84248215, -0.37287673, 0.7662163, 0.2051947, 0.0065115266, 0.71016, -0.15164968, 0.14146452, 0.31234512, 0.118207276, 0.8471462, -0.48343295, -0.73093164, 0.5453468, 0.89889294, -0.23421668, 0.3748321, -0.072040744, -0.41633466, -0.74493873, 0.3238844, -0.298879, -0.82535505, 0.3626911, -0.82618695, -0.7856588, 0.18076861, 0.42742714, -0.09879795, 0.11551321, -0.34072727, -0.75498396, 0.52704626, -0.9164713, -0.40753007, 0.8547344, -0.9223084, -0.63729745, -0.50106394, -0.45306283, 0.8798436, 0.09651219, -0.50147355, 0.55613923, 0.075366706, -0.77790076, -0.75372493, 0.94815063, 0.16172668, -0.69398373, 0.98574716, -0.30243382, -0.53287464, -0.02997097, 0.35383984, -0.30908832, 0.9333048, -0.3432851, -0.7998013, 0.50073624, -0.36980307, 0.46563685, -0.95716065, 0.9108475, -0.11632303, -0.63045573, 0.319968, 0.64930147, -0.8942035, 0.4402192, -0.12991835, -0.34785157, 0.81485367, 0.91635394, 0.6121726, -0.6247712, 0.6288402, -0.8284938, 0.6529815, -0.19064981, 0.9596123, -0.1937022, -0.43573615, -0.9828205, -0.30531037, 0.7879845, -0.87719125, 0.41927004, 0.81022775, 0.8923203, -0.8281872, -0.38917303, -0.5726979, -0.8692247, -0.9361891, -0.2376256, -0.5011419, 0.86720234, 0.61854446, 0.6634442, -0.008547479, 0.69930583, 0.5050378, 0.74353004, -0.35627335, -0.51173717, -0.40654793, -0.23989399, -0.6746604, 0.1832889, 0.86896807, 0.33723417, -0.085059404, -0.5435484, 0.37196022, -0.47171506, 0.16653842, -0.58152544, -0.92330843, -0.5427431, -0.42399263, -0.7928437, -0.04059281, 0.3772922, 0.6245353, -0.5701939, 0.6872763, -0.6602943, 0.33845174, -0.4659262, 0.32765967, -0.669869, 0.86424094, 0.56047255, -0.36266658, -0.12941632, 0.3128913, 0.50404555, 0.24897137, 0.40074417, -0.7562345, 0.7246928, 0.24012959, -0.04512108, -0.38294998, 0.56309575, 0.22298469, 0.63632065, -0.7156238, -0.5563351, 0.40518793, -0.7047636, 0.7069353, -0.965228, -0.88909703, -0.44552213, 0.052529223, -0.77567816, 0.23200512, 0.24467622, 0.8181299, 0.24372052, -0.7155313, -0.69153947, 0.91346806, 0.42076784, 0.009024026, -0.7395203, -0.4959428, -0.31352305, 0.5906052, 0.4318882, -0.050266918, -0.6563904, 0.36246148, -0.6789322, -0.4690306, 0.9178981, 0.77117205, -0.25261998, -0.45647323, -0.1740333, -0.17022136, 0.07688729, 0.3220427, 0.84334666, 0.27629602, 0.94737196, 0.8087984, -0.21414396, -0.7975518, 0.40777826, 0.3262752, -0.2580244, -0.050461948, -0.49859133, -0.07184185, -0.81995106, 0.10715224, -0.037856296, -0.85689974, -0.026066557, 0.36517742, -0.8727942, -0.09887703, -0.9158667, 0.87640303, 0.7767659, -0.6295754, 0.5390495, 0.63785136, -0.7516009, 0.008331213, 0.25296018, 0.9615368, 0.35962644, -0.06920022, -0.63125527, -0.007296829, -0.06959588, 0.9937938, -0.03124278, -0.9514886, 0.6678199, -0.5920755, 0.054846153, -0.9985085, -0.8626485, -0.33812016, -0.7036948, 0.94928604, -0.31279692, 0.9628586, -0.29029962, 0.47862464, -0.23879035, 0.7142421, 0.57939774, -0.64464, -0.15765248, -0.96119356, 0.6293434, -0.9287679, 0.439451, -0.5278856, -0.6061546, 0.679776, -0.26157728, -0.26446614, 0.184281, 0.38648194, 0.3490048, -0.36811787, -0.3725025, 0.38094994, 0.3128071, 0.47168034, 0.023245895, -0.43494943, 0.1782664, 0.1587892, 0.05030018, -0.9867844, -0.23680782, -0.8510329, 0.66166425, 0.16362752, 0.74750924, 0.45227864, 0.82853353, 0.49846852, 0.62202424, -0.98143476, -0.92099226, 0.37241852, -0.29218835, -0.08618636, 0.93421125, 0.94680387, -0.64135176, 0.689353, 0.2711082, 0.960579, 0.34939748, 0.11883957, -0.24678205, 0.9535601, 0.77584416, 0.8173378, -0.34625867, 0.79502, -0.9696496, 0.37724143, 0.83695114, 0.5636811, -0.59926873, -0.756278, -0.26695874, 0.23311588, 0.0069236443, 0.6599997, 0.20121305, 0.076457895, 0.25215217, -0.37244126, 0.16354151, 0.13563384, -0.7080139, 0.62524503, 0.059106298, 0.27685514, -0.4179344, 0.09680663, -0.27137408, -0.59970194, -0.86029065, -0.80297375, 0.95917165, -0.42342237, 0.766943, -0.572574, -0.8371014, 0.8574102, 0.6385467, 0.3880716, -0.33944127, 0.45095944, 0.36263072, -0.76816237, -0.9653738, 0.7170414, 0.96629155, 0.6607704, 0.67891854, -0.014525756, -0.4272852, -0.9087326, 0.9651012, -0.8070937, 0.5653595, -0.33942726, 0.94413877, -0.702566, 0.8540599, 0.340759, 0.18472198, -0.8318559, 0.5684733, 0.67707753, 0.89457446, 0.4633395, 0.5714177, 0.26625064, 0.0012496839, 0.59636146, 0.5807106, 0.2442631, 0.9676121, 0.89712435, -0.35893452, 0.67015547, -0.1542201, 0.20664234, 0.7743827, 0.14849201, -0.04461264, 0.9714056, -0.51326275, 0.49034387, -0.005396, 0.54841435, 0.46246776, -0.71463937, -0.06341316, -0.5813356, 0.98425686, 0.87319165, 0.4933068, 0.6047873, -0.41253743, -0.19611038, 0.89053553, 0.5274755, -0.4467598, -0.5717568, 0.48952246, -0.90048116, -0.25645882, 0.68381137]","[-7.0, 4.0, 4.0, -2.0, -1.0, 4.0, -1.0, 2.0, -2.0, -3.0, -2.0, -1.0, 4.0, -2.0, 4.0, -2.0, -2.0, -3.0, -7.0, -1.0, -8.0, -2.0, -2.0, -7.0, 5.0, 10.0, -7.0, -8.0, 3.0, -7.0, -14.0, 4.0, -2.0, 4.0, 5.0, 3.0, 4.0, -6.0, -7.0, -7.0, 0.0, 5.0, -1.0, -4.0, 1.0, 5.0, 3.0, -7.0, -3.0, -2.0, 5.0, 3.0, 5.0, -1.0, 1.0, 1.0, -1.0, -2.0, 0.0, 4.0, 3.0, 4.0, -2.0, 0.0, 3.0, 4.0, -7.0, -3.0, -2.0, 5.0, 5.0, 2.0, -1.0, 4.0, -6.0, 3.0, 4.0, -3.0, -1.0, 6.0, -2.0, -6.0, -1.0, -7.0, 6.0, 10.0, -1.0, -1.0, 0.0, 4.0, -1.0, 6.0, -1.0, 10.0, -2.0, 4.0, 4.0, -3.0, -6.0, -4.0, -1.0, -1.0, 1.0, -1.0, -8.0, 5.0, 1.0, 3.0, 5.0, -3.0, -2.0, -7.0, -7.0, -2.0, 4.0, -8.0, 5.0, -7.0, 5.0, -3.0, 5.0, 5.0, 0.0, 4.0, -2.0, 3.0, -1.0, 4.0, 3.0, -2.0, 5.0, -1.0, -4.0, -7.0, -2.0, -8.0, -1.0, -8.0, 3.0, 4.0, 4.0, 5.0, -2.0, 4.0, 5.0, 4.0, -8.0, 0.0, -7.0, 4.0, -10.0, 5.0, -3.0, 0.0, -2.0, -7.0, 4.0, 4.0, 4.0, -1.0, -3.0, 4.0, 5.0, 3.0, -13.0, -1.0, -7.0, 4.0, -9.0, -5.0, 3.0, -1.0, 5.0, 3.0, 1.0, -2.0, -2.0, -2.0, -3.0, 0.0, 3.0, -2.0, -2.0, -5.0, -2.0, -2.0, 5.0, -6.0, 2.0, 10.0, -3.0, -2.0, 4.0, -4.0, -2.0, 0.0, -2.0, -8.0, -2.0, -2.0, -8.0, -2.0, -2.0, 5.0, -1.0, 5.0, -1.0, -3.0, -1.0, -1.0, 5.0, 4.0, -2.0, 4.0, 1.0, -8.0, 4.0, 4.0, -2.0, -3.0, 4.0, -7.0, -3.0, -7.0, 8.0, 5.0, 4.0, -3.0, 0.0, 4.0, -7.0, 0.0, 5.0, -2.0, 0.0, 4.0, 4.0, 4.0, -1.0, 3.0, 1.0, -1.0, -6.0, 3.0, 2.0, 0.0, 4.0, -5.0, -2.0, 6.0, -2.0, -5.0, -2.0, -1.0, -2.0, -4.0, -1.0, -4.0, -2.0, -2.0, -2.0, 5.0, -7.0, -2.0, 4.0, -1.0, -7.0, 1.0, -7.0, 5.0, 4.0, -1.0, -1.0, -6.0, 6.0, -1.0, 5.0, -2.0, -4.0, -7.0, 4.0, -1.0, 0.0, -1.0, -1.0, 12.0, 0.0, -1.0, 4.0, 4.0, -1.0, -2.0, -8.0, -2.0, -2.0, -1.0, -7.0, -1.0, -3.0, -2.0, 4.0, 3.0, 4.0, -1.0, -1.0, 0.0, -3.0, 4.0, 0.0, -2.0, 3.0, 3.0, -6.0, -1.0, -2.0, 0.0, 1.0, -1.0, 5.0, 4.0, -1.0, -8.0, -1.0, 3.0, 6.0, 1.0, -7.0, 4.0, 5.0, 2.0, 0.0, 0.0, 4.0, 10.0, -2.0, -2.0, -8.0, -2.0, 4.0, 12.0, -1.0, 5.0, -4.0, -7.0, -7.0, 0.0, -1.0, -1.0, -2.0, -1.0, -3.0, -1.0, -1.0, 4.0, 5.0, 5.0, -2.0, -7.0, 3.0, -1.0, -7.0, -1.0, 4.0, -7.0, 6.0, -1.0, 4.0, 10.0, 4.0, -7.0, -1.0, 13.0, 4.0, 9.0, 0.0, 4.0, -3.0, 4.0, 5.0, 4.0, 4.0, 4.0, -2.0, 5.0, -1.0, 4.0, 3.0, 5.0, 5.0, 3.0, 0.0, 5.0, -2.0, 11.0, 5.0, 11.0, -2.0, -2.0, 5.0, 10.0, -3.0, 5.0, 10.0, -1.0, 3.0, -1.0, -7.0, 5.0, -2.0, 4.0, -2.0, 3.0, 3.0, 1.0, -8.0, -2.0, -10.0, 5.0, 0.0, -3.0, -8.0, 1.0, 8.0, -6.0, 6.0, 3.0, -7.0, -7.0, -2.0, -1.0, -1.0, -1.0, -2.0, -2.0, -2.0, -2.0, -14.0, -7.0, -1.0, -7.0, -1.0, -8.0, 4.0, -2.0, 5.0, -2.0, 5.0, -2.0, 5.0, 4.0, -1.0, -2.0, 4.0, 4.0, 5.0, 4.0, 3.0, -1.0, 4.0, 2.0, 4.0, -2.0, -2.0, -1.0, 9.0, -1.0, -1.0, -8.0, 0.0, 5.0, 2.0, 4.0, -1.0, 5.0, -1.0, 5.0, -8.0, -1.0, -2.0, -1.0, -2.0, -2.0, -10.0, 5.0, -5.0, -1.0, 5.0, 11.0, -1.0, 0.0, -5.0, -2.0, -2.0, 2.0, -2.0, -2.0, -2.0, -8.0, 0.0, -2.0, -7.0, 4.0, -7.0, -1.0, -3.0, -5.0, 4.0, 2.0, -1.0, -2.0, 4.0, 5.0, -4.0, 4.0, -1.0, -1.0, -1.0, 3.0, 9.0, -7.0, 4.0, -2.0, -3.0, -2.0, -2.0, 5.0, 4.0, 4.0, -5.0, -1.0, -1.0, 3.0, -3.0, -1.0, -7.0, 0.0, -1.0, 4.0, 3.0, -5.0, 5.0, 4.0, -1.0, -1.0, 4.0, -3.0, -1.0, -1.0, -2.0, -2.0, 5.0, 5.0, -2.0, 1.0, -7.0, 5.0, 4.0, -2.0, -1.0, 3.0, -1.0, -7.0, -5.0, -2.0, -1.0, -1.0, 5.0, -1.0, 0.0, 4.0, -3.0, -7.0, -2.0, -1.0, -1.0, -2.0, 3.0, -3.0, -2.0, 1.0, 1.0, -3.0, 0.0, -1.0, -8.0, 4.0, 3.0, 1.0, -1.0, -2.0, -7.0, -2.0, -1.0, 3.0, -1.0, -1.0, 5.0, -3.0, 4.0, 0.0, -2.0, -7.0, -7.0, 3.0, 5.0, -1.0, 11.0, 4.0, -1.0, 4.0, -2.0, 0.0, 10.0, 0.0, -7.0, -2.0, -8.0, -2.0, 7.0, -1.0, -1.0, 4.0, 6.0, 5.0, 4.0, 2.0, -1.0, -2.0, 10.0, -4.0, -1.0, -2.0, 4.0, -1.0, -1.0, 0.0, 5.0, -1.0, 2.0, -1.0, -2.0, -1.0, -6.0, 2.0, -1.0, -2.0, 1.0, -2.0, 3.0, -2.0, -2.0, 6.0, -2.0, -2.0, 1.0, -2.0, -2.0, -6.0, 4.0, 1.0, 5.0, -3.0, -3.0, 5.0, 4.0, -6.0, -2.0, -1.0, -1.0, 0.0, -1.0, -3.0, 3.0, 3.0, 1.0, 0.0, 5.0, 1.0, -1.0, -1.0, -2.0, -1.0, 5.0, -3.0, 5.0, -1.0, -12.0, -2.0, -1.0, -1.0, -5.0, -7.0, -1.0, -2.0, -3.0, 6.0, 8.0, -3.0, 0.0, 4.0, 3.0, 5.0, -1.0, 3.0, 4.0, -1.0, 4.0, -1.0, 5.0, -15.0, -7.0, -1.0, -2.0, 1.0, -7.0, 5.0, -1.0, 1.0, -2.0, 6.0, 0.0, -4.0, -1.0, -2.0, 2.0, -2.0, 0.0, -6.0, -8.0, -2.0, 4.0, 4.0, -2.0, 1.0, 1.0, -5.0, 4.0, -1.0, -3.0, 10.0, -2.0, 5.0, 3.0, -1.0, 3.0, 5.0, 4.0, -2.0, -3.0, 4.0, 4.0, -1.0, 3.0, 10.0, -1.0, 2.0, -2.0, 4.0, -2.0, 5.0, -6.0, 5.0, -1.0, -5.0, 4.0, 0.0, 5.0, 0.0, -2.0, -2.0, -8.0, -2.0, -1.0, 5.0, -1.0, 5.0, -2.0, -1.0, -2.0, -2.0, -2.0, -2.0, 10.0, 4.0, 3.0, 3.0, 4.0, 10.0, 4.0, 4.0, -2.0, 0.0, -2.0, -13.0, 4.0, -1.0, 9.0, -2.0, 4.0, 3.0, 4.0, -2.0, -2.0, 5.0, -3.0, -7.0, -2.0, -2.0, -2.0, -7.0, -1.0, -2.0, 0.0, 10.0, 9.0, -1.0, 4.0, -2.0, -2.0, -7.0, 5.0, 11.0, 4.0, 5.0, -1.0, -8.0, 4.0, -2.0, -5.0, 4.0, -1.0, -7.0, -1.0, 4.0, 0.0, -1.0, -1.0, -8.0, -2.0, -1.0, 5.0, 4.0, -9.0, -4.0, -1.0, -14.0, 2.0, -12.0, -2.0, -7.0, 6.0, -1.0, 5.0, -8.0, -7.0, -1.0, -2.0, -4.0, 3.0, -2.0, -7.0, 0.0, 4.0, 5.0, 5.0, 9.0, 5.0, 2.0, -2.0, -1.0, 7.0, -1.0, 3.0, -1.0, 4.0, 4.0, -1.0, -2.0, 5.0, 4.0, -2.0, -2.0, -1.0, 4.0, -1.0, 0.0, -4.0, 3.0, -8.0, 4.0, -5.0, -1.0, -7.0, -2.0, -7.0, -1.0, 3.0, 5.0, -2.0, 5.0, -9.0, 5.0, -2.0, 0.0, -1.0, -5.0, -1.0, -1.0, -14.0, 0.0, 5.0, 11.0, -2.0, 5.0, 5.0, 4.0, 4.0, -1.0, -1.0, 4.0, -2.0, -1.0, -5.0, 4.0, 5.0, 4.0, 2.0, -7.0, -2.0, -2.0, 5.0, 6.0, -1.0, 4.0, 0.0, 5.0, 5.0, -7.0, -6.0, 6.0, 3.0, -7.0, -7.0, -3.0, -7.0, -1.0, 5.0, -6.0, -13.0, 10.0, -1.0, 6.0, 10.0, -1.0, 3.0, -2.0, 0.0, 1.0, -2.0, -3.0, -2.0, 5.0, 5.0, -3.0, -2.0, -6.0, 15.0, 5.0, 3.0, -4.0, 5.0, 0.0, -1.0, 5.0, -2.0, 4.0, -1.0, 5.0, 4.0, -1.0, 4.0, -1.0, 11.0, -2.0, -8.0, -1.0, 8.0, 5.0, 9.0, 2.0, -6.0, 4.0, 3.0, -8.0, -1.0, 11.0, -2.0, -2.0, -20.0, -2.0]",8.192839107609505,0.003436803817749,0.0,0.0,0
33,33,"[0.084790334, 0.08129925, -0.085512385, -0.365935, -0.25225115, -0.13486983, 0.32604676, -0.28336295, -0.72501904, 0.7441716, -0.35781923, -0.3089066, -0.91172755, 0.4647072, 0.8364762, 0.47948855, -0.95081526, 0.6548531, 0.28507146, 0.82256526, -0.20284556, 0.07552313, 0.44932765, 0.41464862, 0.3465277, 0.15855332, -0.25882673, 0.25209224, -0.54481703, 0.798438, 0.30910566, 0.47247535, -0.9574625, -0.23408236, -0.17011677, 0.015106013, -0.43002158, -0.57723296, 0.2390171, -0.48060492, 0.2933022, 0.41992676, -0.5491181, 0.25765994, 0.7723222, -0.30374435, -0.7421515, -0.1036841, 0.7827593, 0.50879645, 0.15011764, -0.88413674, 0.11299906, -0.14566593, -0.3017662, -0.58622324, 0.5705701, -0.5140519, 0.119649194, 0.08366745, 0.5759515, -0.92662877, -0.48467347, -0.7082937, -0.2587798, 0.99168974, 0.7325845, -0.7932569, 0.49328902, 0.58904684, 0.3311831, -0.19946297, -0.3799259, -0.89011663, 0.7531723, -0.7883331, -0.62958515, -0.43356076, -0.16528286, -0.48069707, -0.51470304, 0.77536035, -0.31393582, -0.68534756, 0.040087413, -0.23069774, 0.85122097, -0.41483143, 0.61063546, -0.001912502, 0.5980192, 0.18746829, -0.037354775, 0.6236347, -0.3679453, -0.2912247, 0.8203756, -0.96022016, -0.2710454, 0.095354065, -0.6269923, 0.7946662, 0.39746374, -0.76411736, 0.19868785, 0.5438362, 0.32719558, -0.49992013, 0.8686069, 0.99941045, -0.9831886, 0.44838092, 0.7334647, 0.2084455, -0.46109992, 0.45495686, -0.32531756, -0.55896294, -0.8279239, 0.25283557, 0.06816165, 0.039375212, 0.97665346, -0.1855927, -0.6870833, -0.0055168252, -0.50281954, -0.27735665, -0.8612169, 0.5094997, -0.9663563, -0.24592444, 0.059638966, -0.3184545, -0.9848766, 0.8688837, -0.21048921, -0.6899445, -0.963114, 0.12214399, 0.7176773, -0.86778194, -0.7838601, -0.75546825, -0.53100663, 0.27346453, -0.5963176, -0.88183624, 0.21156238, -0.79568505, 0.69399893, 0.36191487, -0.6491141, 0.3919713, 0.73986685, 0.43164173, 0.14966471, -0.33170196, -0.2595517, -0.20777881, 0.28885794, 0.27531773, 0.689805, -0.48754945, -0.90728945, 0.08274559, 0.035407763, -0.66582716, 0.15538321, -0.34487203, 0.420359, 0.695004, -0.5093483, 0.8090362, 0.93243, 0.51455796, -0.46076941, 0.41264102, -0.96203095, 0.70696574, 0.10344877, 0.65175307, -0.68211323, 0.13604975, -0.655258, 0.9786056, 0.5982396, 0.60596263, -0.54788464, -0.8847856, -0.7520701, 0.14982632, 0.8249508, 0.45234644, -0.29232344, -0.2125089, -0.92163557, 0.122689374, -0.7201739, 0.8136841, -0.44703773, 0.86743593, -0.5515255, 0.6840417, 0.34460413, 0.22091503, -0.08103937, -0.26660168, -0.768305, -0.5847186, 0.057158925, -0.46081167, 0.5860944, 0.76532614, -0.1587068, 0.25599134, 0.97965354, -0.7945513, -0.22672014, 0.7528109, 0.63440406, -0.57011825, -0.8549316, 0.9215443, -0.3568022, -0.16138022, 0.35126227, -0.9922297, 0.38367546, 0.16757064, -0.39575443, -0.047691237, 0.0205308, -0.5701827, -0.31710693, 0.86413926, -0.9305808, -0.8380394, -0.87162703, 0.10219943, 0.46258673, 0.868419, 0.50443816, -0.03405871, -0.057017375, -0.7547163, 0.19224764, -0.50460166, -0.55839145, -0.36717156, -0.5331833, 0.84209263, 0.95368564, 0.3629267, 0.113377705, -0.39546287, 0.42307377, 0.93231654, 0.8506918, 0.42294052, -0.7750608, 0.7849355, 0.52264154, -0.68621176, -0.48913774, 0.65183324, 0.44315454, -0.75100017, -0.25349694, 0.9506804, 0.18809411, -0.62872136, -0.17901774, -0.4247937, -0.6626662, -0.39519075, 0.47916618, -0.4085187, 0.8377449, -0.5269728, 0.69531494, -0.0904219, 0.22453351, 0.07265325, 0.97953176, 0.47804034, -0.72708786, 0.5215291, 0.9920715, -0.45900902, 0.6799187, -0.96137315, 0.6392289, -0.9199633, 0.089094855, -0.22543156, -0.820086, -0.43331888, 0.5862108, -0.23771675, 0.04380961, -0.47794402, 0.18835802, -0.56039417, 0.5529696, 0.5753385, -0.9915878, 0.50151545, 0.36536413, 0.4405511, -0.44431612, 0.84751207, 0.28260207, -0.49080253, 0.28250188, -0.5405019, -0.125326, 0.6210301, 0.95931226, 0.28672457, 0.12826173, -0.8176328, 0.30844977, 0.8237567, -0.9844655, 0.56437, 0.0393391, 0.11935203, 0.20323889, 0.16215359, 0.16443366, -0.5553499, 0.6422797, -0.4755851, -0.6325637, 0.2565327, -0.4658929, 0.041774094, 0.7342219, -0.6378714, 0.48949924, -0.160176, 0.10690404, -0.4075665, -0.84251994, -0.4246317, 0.9935281, -0.72805685, 0.9336417, 0.89635044, 0.24813439, 0.81200546, -0.906477, 0.80915594, 0.28157762, -0.60538375, -0.97631335, -0.9640053, 0.20716882, -0.8439142, 0.63732105, -0.18086353, -0.02903261, -0.71630865, -0.53331774, -0.02409475, 0.48497757, -0.7875591, 0.5057708, -0.3173147, 0.82298064, -0.5552071, -0.69649, -0.3435696, -0.3944332, -0.81018037, -0.46402326, 0.75581163, 0.4762597, -0.2558995, 0.97699755, 0.9206835, 0.80774796, 0.5556651, -0.56011415, 0.298605, -0.55146205, 0.19096564, -0.11380711, 0.53962725, -0.10907399, 0.17852427, 0.70250326, -0.38923222, -0.2794416, -0.34279346, -0.77758837, 0.8145466, -0.26642096, -0.19393522, -0.5461148, -0.45415232, 0.61595774, 0.822255, -0.40963283, 0.28466555, 0.42308673, -0.33659795, 0.7905724, -0.9632757, 0.2216209, -0.11563813, 0.8030196, -0.4917155, 0.10832635, 0.1439764, -0.6597182, 0.20265687, -0.07037957, -0.44117194, -0.27677262, 0.9551369, 0.065005384, 0.08380149, 0.9579327, -0.7070567, -0.0721804, -0.7445842, 0.64677036, -0.18826301, -0.67387736, -0.41676962, -0.8693144, 0.9883141, -0.83222216, -0.8514701, -0.2819399, 0.09884064, 0.16643496, -0.35821867, 0.6583828, 0.47092533, -0.063174516, 0.7996497, -0.7168974, -0.51596296, -0.46388403, -0.21623567, -0.9000018, 0.5842255, 0.15282427, -0.014013705, 0.11311566, -0.34029767, -0.41666293, 0.54972726, 0.9670237, -0.2899676, -0.36734074, 0.9885135, 0.14768898, 0.9061063, 0.82490957, -0.92538464, 0.23538947, -0.67593056, -0.64911556, 0.5835774, 0.4852911, 0.25489244, -0.11395824, 0.4603942, 0.70832425, 0.0019843292, 0.66618407, -0.60049415, 0.5306104, 0.20146237, 0.87329865, 0.8936889, -0.7666853, -0.1258104, 0.558447, -0.6287839, 0.55485636, 0.39150563, 0.54808146, -0.3260996, -0.26003602, -0.47720653, 0.41280517, -0.22631596, -0.6507904, -0.031211656, 0.73801506, -0.7300757, -0.93125373, 0.8892106, 0.038219128, 0.31794465, -0.033639234, -0.5236404, -0.68851346, -0.46457314, 0.77849793, -0.6831254, 0.9622728, 0.925215, -0.43992043, -0.5161128, -0.98493046, -0.08799526, 0.98809457, 0.79307723, -0.9399413, 0.101640016, -0.35187906, 0.46760693, 0.81327856, -0.7655463, 0.13573393, -0.35800758, 0.6115626, -0.5247513, -0.89878017, 0.0947168, 0.033400282, 0.659933, 0.9280781, -0.6513399, -0.198737, -0.30349353, -0.75865406, 0.11759462, 0.34624246, -0.022570666, 0.4664795, -0.2740108, 0.24186686, 0.9922153, 0.16888511, -0.44143957, -0.80190486, -0.25611597, -0.16123757, -0.8174936, -0.667342, -0.5665136, -0.42835897, -0.5536671, -0.55805135, -0.6076505, 0.76927155, 0.7502696, 0.55305314, 0.26316226, -0.97544086, -0.28312716, 0.76587075, 0.87376344, -0.34723356, -0.46814921, 0.8141517, 0.33898973, 0.3983986, 0.46630564, -0.7177063, -0.4029349, 0.9176465, -0.1946838, 0.7073928, -0.19867322, -0.9221535, 0.37234926, -0.26394016, -0.5210937, 0.48103812, 0.018745253, -0.19243498, 0.7116052, 0.121909134, 0.48337525, 0.49700573, 0.5271906, -0.85203105, 0.6151527, -0.55371696, 0.69454074, 0.15809125, 0.3149925, 0.13599402, -0.8701812, -0.3294732, 0.258503, -0.40541798, -0.28401557, 0.99406374, -0.71400577, -0.74462825, -0.2403166, -0.5986143, 0.5936475, -0.077976875, 0.07394328, 0.18381232, 0.031073786, 0.11287234, 0.2193097, 0.9613625, -0.8973387, -0.73582625, 0.2556087, -0.6307395, 0.55894834, -0.781627, -0.7711316, 0.115029745, 0.5481084, 0.41016653, 0.16511041, 0.93108284, -0.6724298, 0.38555518, 0.0051365406, 0.40094897, 0.9684725, 0.75240535, -0.981393, -0.8086506, 0.66852766, -0.96861434, 0.3575861, -0.5266324, -0.9190087, 0.06631562, -0.9935018, -0.658415, -0.88660085, -0.3130739, -0.64456683, -0.2875468, 0.92356503, 0.21026565, -0.8898888, 0.69499314, -0.21359253, -0.590829, 0.48837495, -0.7465788, -0.56312394, -0.6484128, 0.5637747, 0.32193047, -0.008697801, -0.90866864, 0.44103724, -0.58514833, -0.23052138, -0.56139606, -0.93249243, 0.26564103, 0.6619874, -0.5670351, 0.42593938, 0.79136807, -0.17076662, 0.009426026, 0.47704756, 0.03974703, -0.20713376, -0.68470466, 0.70494115, 0.36386454, -0.64718086, 0.43045777, 0.51331997, 0.27942067, -0.6943244, -0.29066074, 0.15084305, 0.9271667, -0.34199136, -0.043747943, -0.68606836, -0.030913347, -0.0076379315, -0.27165613, -0.23099944, 0.88323724, 0.35511738, 0.35963088, -0.09544002, 0.7309731, -0.9025561, 0.21613447, 0.91135806, 0.03128642, 0.4981724, 0.3121519, 0.44991836, -0.66933644, 0.16575077, -0.051981132, 0.3324135, 0.83788574, -0.12781347, -0.21293235, -0.96155035, 0.25042272, 0.3842172, -0.45804024, 0.40727356, 0.046257496, -0.06597846, 0.94720465, 0.3905246, -0.49280643, -0.60373795, -0.41347277, 0.12241737, -0.9728853, 0.13810164, 0.20701586, -0.9346207, -0.6448385, -0.791683, -0.46075302, -0.9539865, -0.29993126, -0.6594185, -0.69217837, 0.94554055, 0.028680721, 0.49252012, -0.8121222, -0.059184104, -0.7873666, -0.9577278, 0.7803854, 0.99865973, -0.9532444, -0.49327168, -0.32220274, -0.7012314, -0.7421726, 0.26460043, -0.7489292, 0.068316616, -0.48551893, -0.9734216, 0.20201531, -0.6227069, 0.3851749, -0.959569, -0.8937866, -0.19801675, -0.58636373, 0.38885677, 0.7255045, 0.97026634, -0.7637699, 0.29441944, 0.93176514, 0.3481647, -0.34882787, -0.34037548, 0.10488452, -0.19696446, 0.9606771, 0.741615, 0.81003916, 0.28823513, -0.60491186, 0.9714615, -0.14778922, 0.5971932, 0.764917, 0.28270847, -0.45372742, 0.47477388, -0.78616226, -0.16841008, 0.01129841, 0.4808861, 0.45409104, 0.6701031, -0.91020346, -0.9647856, 0.27405018, -0.08646707, -0.7303087, 0.54345775, 0.9994871, 0.42469883, 0.4292114, 0.97554183, -0.631337, 0.8011132, 0.9642953, -0.7329679, 0.4170828, -0.85216874, -0.1174117, -0.109201856, 0.61601454, 0.9628247, -0.37294766, 0.62346876, 0.19924268, 0.7826905, 0.48188558, 0.038321067, 0.97741276, 0.09268916, -0.50255835, -0.7155446, -0.17532274, 0.1810915, 0.17002496, 0.3090821, 0.6984834, 0.72470057, -0.6932661, 0.35732654, 0.053077713, 0.48308676, 0.58230865, -0.11139867, -0.18837205, 0.43327576, 0.18572468, 0.41334367, -0.7777953, -0.1635024, -0.03943972, -0.2603504, 0.49998277, 0.61696744, -0.05375258, 0.19092153, -0.25731987, 0.94266284, 0.29332414, 0.6339067, 0.8595179, 0.2882148, 0.5621984, 0.48621112, -0.6032486, 0.40561008, 0.9222854, 0.60339534, -0.11906449, 0.93067145, -0.82747936, -0.48133838, -0.60119, 0.48917547, -0.31717682, -0.6742263, -0.5837815, -0.047935285, 0.85368204, -0.19533254, 0.39377567, -0.59525543, 0.9294161, 0.78801686, -0.90788, -0.21489765, -0.82839787, -0.53892976, -0.94585246, 0.40436253, 0.14948897, -0.21632926, -0.06475643, -0.07567283, -0.89810234, 0.53088593, -0.4318937, 0.5319451, -0.22768478, 0.5399205, 0.17331167, -0.7082663, 0.9392911, 0.75327736, 0.27610958, -0.92855084, 0.3920864, -0.04792375, -0.72040606, 0.18989073, -0.41538236, 0.07676124, -0.19857927, 0.6577788, 0.1772112, 0.3362001, -0.19968337, 0.5326594, -0.35824564, 0.23427777, -0.22278701, 0.6025887, -0.8840143, 0.14818355, -0.48914573, -0.49014688, -0.9385103, 0.9095738, -0.84995306, -0.44623592, 0.7382521, -0.49315485, -0.16258417, -0.6373105, 0.18440662, -0.012805928, -0.57577515, 0.68788743, -0.08926141, 0.8296082, -0.75371325, -0.4887261, 0.08823046, 0.7497687, -0.5665862, 0.79824483, -0.49645662, -0.49749014, 0.8669915, -0.5210921, 0.24340129, 0.20249358, -0.25704327, 0.64383954, -0.9867912, 0.31861174, 0.30962706, 0.4389036, 0.017721562, 0.06915147, 0.7345859, -0.9077896, -0.6654257, -0.06579729, 0.15146658, 0.8414974, -0.4890379, -0.7688436, 0.23581879, 0.004993569, -0.19659908, 0.3736694, -0.28744745, -0.69180405, 0.16254844, 0.1820372, -0.3757186, 0.67671, -0.9301552, -0.7720982, 0.7256643, -0.24011187, -0.84056735, -0.29962823, 0.23656866, 0.50473374, -0.9936742, 0.05235128, -0.3181008, -0.8445926, 0.06135305, 0.47390047, -0.8586071, -0.8392491, -0.22288306, 0.6890072, 0.78638136, 0.72528714, 0.5073, -0.41202742, -0.030243361, -0.22876485, -0.7425727, 0.07855625, 0.7918565, 0.95523673, 0.7252165, 0.056508195, -0.511762, 0.23606446, -0.47111067, -0.8392763, -0.50754595, 0.027385132, -0.023834223, 0.72869796]","[-7.0, 4.0, 4.0, -2.0, -1.0, 4.0, -1.0, 2.0, -2.0, -3.0, -2.0, -1.0, 4.0, -2.0, 4.0, -2.0, -2.0, -3.0, -7.0, -1.0, -8.0, -2.0, -2.0, -7.0, 5.0, 10.0, -7.0, -8.0, 3.0, -7.0, -14.0, 4.0, -2.0, 4.0, 5.0, 3.0, 4.0, -6.0, -7.0, -7.0, 0.0, 5.0, -1.0, -4.0, 1.0, 5.0, 3.0, -7.0, -3.0, -2.0, 5.0, 3.0, 5.0, -1.0, 1.0, 1.0, -1.0, -2.0, 0.0, 4.0, 3.0, 4.0, -2.0, 0.0, 3.0, 4.0, -7.0, -3.0, -2.0, 5.0, 5.0, 2.0, -1.0, 4.0, -6.0, 3.0, 4.0, -3.0, -1.0, 6.0, -2.0, -6.0, -1.0, -7.0, 6.0, 10.0, -1.0, -1.0, 0.0, 4.0, -1.0, 6.0, -1.0, 10.0, -2.0, 4.0, 4.0, -3.0, -6.0, -4.0, -1.0, -1.0, 1.0, -1.0, -8.0, 5.0, 1.0, 3.0, 5.0, -3.0, -2.0, -7.0, -7.0, -2.0, 4.0, -8.0, 5.0, -7.0, 5.0, -3.0, 5.0, 5.0, 0.0, 4.0, -2.0, 3.0, -1.0, 4.0, 3.0, -2.0, 5.0, -1.0, -4.0, -7.0, -2.0, -8.0, -1.0, -8.0, 3.0, 4.0, 4.0, 5.0, -2.0, 4.0, 5.0, 4.0, -8.0, 0.0, -7.0, 4.0, -10.0, 5.0, -3.0, 0.0, -2.0, -7.0, 4.0, 4.0, 4.0, -1.0, -3.0, 4.0, 5.0, 3.0, -13.0, -1.0, -7.0, 4.0, -9.0, -5.0, 3.0, -1.0, 5.0, 3.0, 1.0, -2.0, -2.0, -2.0, -3.0, 0.0, 3.0, -2.0, -2.0, -5.0, -2.0, -2.0, 5.0, -6.0, 2.0, 10.0, -3.0, -2.0, 4.0, -4.0, -2.0, 0.0, -2.0, -8.0, -2.0, -2.0, -8.0, -2.0, -2.0, 5.0, -1.0, 5.0, -1.0, -3.0, -1.0, -1.0, 5.0, 4.0, -2.0, 4.0, 1.0, -8.0, 4.0, 4.0, -2.0, -3.0, 4.0, -7.0, -3.0, -7.0, 8.0, 5.0, 4.0, -3.0, 0.0, 4.0, -7.0, 0.0, 5.0, -2.0, 0.0, 4.0, 4.0, 4.0, -1.0, 3.0, 1.0, -1.0, -6.0, 3.0, 2.0, 0.0, 4.0, -5.0, -2.0, 6.0, -2.0, -5.0, -2.0, -1.0, -2.0, -4.0, -1.0, -4.0, -2.0, -2.0, -2.0, 5.0, -7.0, -2.0, 4.0, -1.0, -7.0, 1.0, -7.0, 5.0, 4.0, -1.0, -1.0, -6.0, 6.0, -1.0, 5.0, -2.0, -4.0, -7.0, 4.0, -1.0, 0.0, -1.0, -1.0, 12.0, 0.0, -1.0, 4.0, 4.0, -1.0, -2.0, -8.0, -2.0, -2.0, -1.0, -7.0, -1.0, -3.0, -2.0, 4.0, 3.0, 4.0, -1.0, -1.0, 0.0, -3.0, 4.0, 0.0, -2.0, 3.0, 3.0, -6.0, -1.0, -2.0, 0.0, 1.0, -1.0, 5.0, 4.0, -1.0, -8.0, -1.0, 3.0, 6.0, 1.0, -7.0, 4.0, 5.0, 2.0, 0.0, 0.0, 4.0, 10.0, -2.0, -2.0, -8.0, -2.0, 4.0, 12.0, -1.0, 5.0, -4.0, -7.0, -7.0, 0.0, -1.0, -1.0, -2.0, -1.0, -3.0, -1.0, -1.0, 4.0, 5.0, 5.0, -2.0, -7.0, 3.0, -1.0, -7.0, -1.0, 4.0, -7.0, 6.0, -1.0, 4.0, 10.0, 4.0, -7.0, -1.0, 13.0, 4.0, 9.0, 0.0, 4.0, -3.0, 4.0, 5.0, 4.0, 4.0, 4.0, -2.0, 5.0, -1.0, 4.0, 3.0, 5.0, 5.0, 3.0, 0.0, 5.0, -2.0, 11.0, 5.0, 11.0, -2.0, -2.0, 5.0, 10.0, -3.0, 5.0, 10.0, -1.0, 3.0, -1.0, -7.0, 5.0, -2.0, 4.0, -2.0, 3.0, 3.0, 1.0, -8.0, -2.0, -10.0, 5.0, 0.0, -3.0, -8.0, 1.0, 8.0, -6.0, 6.0, 3.0, -7.0, -7.0, -2.0, -1.0, -1.0, -1.0, -2.0, -2.0, -2.0, -2.0, -14.0, -7.0, -1.0, -7.0, -1.0, -8.0, 4.0, -2.0, 5.0, -2.0, 5.0, -2.0, 5.0, 4.0, -1.0, -2.0, 4.0, 4.0, 5.0, 4.0, 3.0, -1.0, 4.0, 2.0, 4.0, -2.0, -2.0, -1.0, 9.0, -1.0, -1.0, -8.0, 0.0, 5.0, 2.0, 4.0, -1.0, 5.0, -1.0, 5.0, -8.0, -1.0, -2.0, -1.0, -2.0, -2.0, -10.0, 5.0, -5.0, -1.0, 5.0, 11.0, -1.0, 0.0, -5.0, -2.0, -2.0, 2.0, -2.0, -2.0, -2.0, -8.0, 0.0, -2.0, -7.0, 4.0, -7.0, -1.0, -3.0, -5.0, 4.0, 2.0, -1.0, -2.0, 4.0, 5.0, -4.0, 4.0, -1.0, -1.0, -1.0, 3.0, 9.0, -7.0, 4.0, -2.0, -3.0, -2.0, -2.0, 5.0, 4.0, 4.0, -5.0, -1.0, -1.0, 3.0, -3.0, -1.0, -7.0, 0.0, -1.0, 4.0, 3.0, -5.0, 5.0, 4.0, -1.0, -1.0, 4.0, -3.0, -1.0, -1.0, -2.0, -2.0, 5.0, 5.0, -2.0, 1.0, -7.0, 5.0, 4.0, -2.0, -1.0, 3.0, -1.0, -7.0, -5.0, -2.0, -1.0, -1.0, 5.0, -1.0, 0.0, 4.0, -3.0, -7.0, -2.0, -1.0, -1.0, -2.0, 3.0, -3.0, -2.0, 1.0, 1.0, -3.0, 0.0, -1.0, -8.0, 4.0, 3.0, 1.0, -1.0, -2.0, -7.0, -2.0, -1.0, 3.0, -1.0, -1.0, 5.0, -3.0, 4.0, 0.0, -2.0, -7.0, -7.0, 3.0, 5.0, -1.0, 11.0, 4.0, -1.0, 4.0, -2.0, 0.0, 10.0, 0.0, -7.0, -2.0, -8.0, -2.0, 7.0, -1.0, -1.0, 4.0, 6.0, 5.0, 4.0, 2.0, -1.0, -2.0, 10.0, -4.0, -1.0, -2.0, 4.0, -1.0, -1.0, 0.0, 5.0, -1.0, 2.0, -1.0, -2.0, -1.0, -6.0, 2.0, -1.0, -2.0, 1.0, -2.0, 3.0, -2.0, -2.0, 6.0, -2.0, -2.0, 1.0, -2.0, -2.0, -6.0, 4.0, 1.0, 5.0, -3.0, -3.0, 5.0, 4.0, -6.0, -2.0, -1.0, -1.0, 0.0, -1.0, -3.0, 3.0, 3.0, 1.0, 0.0, 5.0, 1.0, -1.0, -1.0, -2.0, -1.0, 5.0, -3.0, 5.0, -1.0, -12.0, -2.0, -1.0, -1.0, -5.0, -7.0, -1.0, -2.0, -3.0, 6.0, 8.0, -3.0, 0.0, 4.0, 3.0, 5.0, -1.0, 3.0, 4.0, -1.0, 4.0, -1.0, 5.0, -15.0, -7.0, -1.0, -2.0, 1.0, -7.0, 5.0, -1.0, 1.0, -2.0, 6.0, 0.0, -4.0, -1.0, -2.0, 2.0, -2.0, 0.0, -6.0, -8.0, -2.0, 4.0, 4.0, -2.0, 1.0, 1.0, -5.0, 4.0, -1.0, -3.0, 10.0, -2.0, 5.0, 3.0, -1.0, 3.0, 5.0, 4.0, -2.0, -3.0, 4.0, 4.0, -1.0, 3.0, 10.0, -1.0, 2.0, -2.0, 4.0, -2.0, 5.0, -6.0, 5.0, -1.0, -5.0, 4.0, 0.0, 5.0, 0.0, -2.0, -2.0, -8.0, -2.0, -1.0, 5.0, -1.0, 5.0, -2.0, -1.0, -2.0, -2.0, -2.0, -2.0, 10.0, 4.0, 3.0, 3.0, 4.0, 10.0, 4.0, 4.0, -2.0, 0.0, -2.0, -13.0, 4.0, -1.0, 9.0, -2.0, 4.0, 3.0, 4.0, -2.0, -2.0, 5.0, -3.0, -7.0, -2.0, -2.0, -2.0, -7.0, -1.0, -2.0, 0.0, 10.0, 9.0, -1.0, 4.0, -2.0, -2.0, -7.0, 5.0, 11.0, 4.0, 5.0, -1.0, -8.0, 4.0, -2.0, -5.0, 4.0, -1.0, -7.0, -1.0, 4.0, 0.0, -1.0, -1.0, -8.0, -2.0, -1.0, 5.0, 4.0, -9.0, -4.0, -1.0, -14.0, 2.0, -12.0, -2.0, -7.0, 6.0, -1.0, 5.0, -8.0, -7.0, -1.0, -2.0, -4.0, 3.0, -2.0, -7.0, 0.0, 4.0, 5.0, 5.0, 9.0, 5.0, 2.0, -2.0, -1.0, 7.0, -1.0, 3.0, -1.0, 4.0, 4.0, -1.0, -2.0, 5.0, 4.0, -2.0, -2.0, -1.0, 4.0, -1.0, 0.0, -4.0, 3.0, -8.0, 4.0, -5.0, -1.0, -7.0, -2.0, -7.0, -1.0, 3.0, 5.0, -2.0, 5.0, -9.0, 5.0, -2.0, 0.0, -1.0, -5.0, -1.0, -1.0, -14.0, 0.0, 5.0, 11.0, -2.0, 5.0, 5.0, 4.0, 4.0, -1.0, -1.0, 4.0, -2.0, -1.0, -5.0, 4.0, 5.0, 4.0, 2.0, -7.0, -2.0, -2.0, 5.0, 6.0, -1.0, 4.0, 0.0, 5.0, 5.0, -7.0, -6.0, 6.0, 3.0, -7.0, -7.0, -3.0, -7.0, -1.0, 5.0, -6.0, -13.0, 10.0, -1.0, 6.0, 10.0, -1.0, 3.0, -2.0, 0.0, 1.0, -2.0, -3.0, -2.0, 5.0, 5.0, -3.0, -2.0, -6.0, 15.0, 5.0, 3.0, -4.0, 5.0, 0.0, -1.0, 5.0, -2.0, 4.0, -1.0, 5.0, 4.0, -1.0, 4.0, -1.0, 11.0, -2.0, -8.0, -1.0, 8.0, 5.0, 9.0, 2.0, -6.0, 4.0, 3.0, -8.0, -1.0, 11.0, -2.0, -2.0, -20.0, -2.0]",8.192839107609505,0.0033612251281738,0.0,0.0,0
34,34,"[0.7141045, 0.84242564, -0.23746276, 0.81160796, -0.3619571, -0.86427474, -0.9289615, 0.68390656, 0.28147113, 0.7269245, 0.12938605, 0.55800694, 0.7466826, -0.14544845, 0.42559987, 0.9094056, -0.5112425, -0.25261936, -0.097048074, -0.7190851, -0.3071313, -0.79516965, -0.7134708, -0.7268252, -0.25306347, -0.2689513, 0.8718163, 0.83216983, 0.2626124, -0.8830599, 0.96016926, 0.75887316, 0.54797596, 0.31830403, 0.6920957, -0.34070662, 0.7533185, 0.5636094, -0.95779395, -0.29771844, -0.035511732, 0.4586966, 0.7776427, -0.44776872, -0.3212667, 0.872363, 0.14454295, -0.18964496, -0.9384479, -0.3373586, -0.4347253, 0.5780506, 0.847719, 0.023043228, -0.83769375, -0.8948664, 0.44305545, -0.103171065, 0.9558384, 0.8521923, -0.7105583, 0.36587086, -0.53236455, 0.8484127, 0.14601924, -0.82213354, -0.07574829, 0.37281528, 0.47918049, -0.34165135, 0.50594187, -0.50752354, 0.69423527, 0.91179526, 0.5723231, -0.3740215, 0.40391892, -0.6110425, -0.86323136, -0.94416195, -0.558481, -0.76810396, -0.7327026, 0.9762989, -0.7404932, -0.882736, 0.25462598, 0.8412276, -0.91761905, 0.06548792, -0.94201505, -0.6730334, -0.11376814, -0.6304402, -0.19989179, 0.036088064, -0.15099001, 0.8853503, -0.21154602, 0.57621896, -0.8293781, -0.96350986, -0.63751155, -0.5329916, 0.86479354, 0.9890023, 0.4105187, -0.037561636, 0.92988944, -0.0011827969, -0.65583175, 0.71362185, -0.1239679, -0.2613591, -0.12526034, 0.52490103, -0.51538914, -0.14147492, -0.06781429, 0.499316, 0.7915018, 0.27183914, -0.3815258, -0.10706684, 0.219865, -0.22571197, 0.42301053, -0.04775939, -0.49901003, 0.9319692, -0.7777473, 0.809845, -0.8033764, 0.034585956, -0.7299008, -0.6164583, -0.70909953, -0.52548975, 0.7106794, -0.45822152, -0.28707695, 0.7841912, 0.5493297, 0.97927886, -0.05412, -0.02799297, -0.41238147, -0.856137, 0.47477314, -0.73660904, 0.86434287, 0.9166261, 0.96964246, 0.8289705, 0.43107307, -0.49354002, -0.999226, -0.48219335, -0.4559058, 0.4228887, -0.041484367, -0.25264314, -0.9495026, 0.76988727, -0.7853181, 0.08585571, -0.71614146, 0.24526648, 0.19531597, 0.35658467, -0.37787232, 0.42919075, 0.42569306, 0.92403585, 0.9355069, -0.6475338, -0.17231287, 0.46451062, -0.9064679, -0.84330976, 0.83308077, 0.5806677, -0.7048414, -0.78053117, 0.5927824, -0.1768681, -0.17952225, -0.5826042, -0.1591426, -0.4649334, -0.23154925, 0.49334186, 0.38381973, -0.17158459, -0.07353058, 0.12639739, -0.44368392, -0.79970384, -0.5361794, 0.75159246, -0.089633144, -0.5603878, 0.08417425, 0.21125397, 0.5288352, -0.535215, 0.68524337, 0.204942, -0.79001796, 0.8528455, -0.34777042, -0.7019784, 0.023866614, -0.72064835, 0.08980949, 0.19659373, 0.9505928, 0.47788396, 0.94875383, 0.08522129, -0.14355071, -0.7102127, -0.41784132, 0.98948634, 0.8092374, 0.8081557, -0.9930939, -0.988513, 0.954889, 0.3816771, 0.35733414, -0.83710194, -0.14143685, 0.04326689, 0.73796207, -0.92416084, 0.6404955, -0.03740657, -0.3419096, 0.7893973, 0.60860467, 0.024082145, -0.46648544, -0.2486341, -0.49611682, -0.4810845, 0.25657973, -0.7570469, 0.21471635, -0.44279978, 0.4240825, 0.57537854, 0.09596222, 0.4344389, -0.57489085, -0.31624278, -0.086256914, -0.456489, 0.8659857, 0.6297396, 0.10544789, 0.5019276, -0.1714924, -0.6767114, 0.5485405, 0.35244977, 0.07770646, 0.4542463, -0.71221936, -0.5095955, -0.5943616, 0.5710365, 0.18932936, 0.17296906, -0.4867507, -0.8589114, -0.09928007, -0.07377094, 0.59479105, 0.8845204, 0.003953537, 0.35301334, -0.38215035, 0.44207123, -0.10142267, -0.74856603, -0.6405143, -0.5480505, 0.96836454, -0.30274293, -0.46717924, 0.099714406, -0.7513903, -0.13001336, -0.10265427, -0.05459086, -0.37861934, -0.99625266, 0.7148708, 0.6615264, 0.41856974, 0.20241252, -0.7229304, -0.043630283, 0.8575002, 0.7927429, 0.27640918, 0.4535649, 0.1858107, -0.9807504, -0.22277835, 0.8831531, 0.9963893, 0.23410033, -0.9206451, -0.18498449, 0.9492389, -0.8879845, 0.78801733, -0.8822474, -0.74157846, 0.7031045, -0.3596597, 0.788329, -0.33357927, -0.33215618, -0.3310619, 0.40006176, -0.29089317, 0.5757808, 0.9991069, -0.9273311, 0.9613817, 0.4990766, 0.20585732, -0.37791535, -0.46936548, 0.501356, -0.39676243, -0.017845795, 0.30077353, -0.06500226, -0.116050035, -0.63580537, 0.5930825, 0.8230389, 0.87923807, 0.7799089, -0.7023869, -0.44470417, 0.6705676, -0.7864678, -0.8847476, 0.09419266, 0.9494811, -0.8676885, -0.8614673, 0.7851826, 0.767051, -0.81450135, 0.94306654, 0.8033547, -0.090139575, -0.7950361, 0.2340018, 0.07083892, -0.70356, 0.022613864, -0.6935848, -0.07040204, -0.28811282, -0.7213212, 0.816573, 0.53663874, -0.8636453, 0.9216661, 0.9756827, 0.03235454, 0.83437115, -0.9008661, 0.49436924, 0.68947375, 0.6401402, -0.5520667, -0.79655844, 0.47836196, -0.92381835, 0.053048786, 0.2719467, -0.14592534, 0.06470192, -0.41859782, 0.54922986, 0.63467395, 0.41284597, 0.77462435, 0.30819854, 0.2488919, 0.7410901, -0.38399112, 0.62063485, -0.5303916, 0.27251104, -0.45203838, -0.41876167, -0.942242, 0.025104454, -0.6279859, -0.6736239, -0.72925025, -0.4964305, 0.19625455, 0.19109137, 0.21909699, -0.31992698, -0.24312206, -0.27566847, 0.5314178, -0.9692314, -0.12724611, 0.593852, -0.24618417, -0.4128048, -0.61222076, 0.5425853, -0.1258845, 0.46213976, 0.5794463, 0.7916394, 0.05494179, -0.53245103, -0.044568215, -0.55326277, 0.11455605, 0.2109962, 0.5504509, 0.41413146, 0.010657822, 0.73154825, 0.44930902, -0.25098246, 0.48750448, -0.263833, 0.18526505, -0.3447594, 0.0837271, 0.34239572, -0.23796763, -0.5434696, -0.07340073, 0.9320161, -0.7544217, -0.7804276, -0.4018515, -0.40714312, -0.42826715, -0.629152, 0.21912418, -0.4897714, -0.5821141, 0.81408024, -0.1780077, -0.8086644, 0.43540797, -0.4081098, -0.06196938, 0.2928872, 0.40780523, -0.36390302, 0.52669185, 0.523475, -0.78078264, 0.41072303, 0.8008297, 0.2626363, 0.26134613, -0.34536278, -0.34168416, -0.72670275, -0.44112214, -0.2777572, -0.96975225, 0.25126255, 0.987078, 0.022283848, -0.8357829, -0.49200508, -0.7639269, -0.3430547, -0.4122684, 0.84425336, -0.8227607, 0.4140405, 0.6092002, 0.9481652, -0.26061642, 0.55345756, 0.5634271, 0.64078474, -0.27468687, 0.5709928, 0.78180605, 0.1934303, 0.4992808, 0.3176812, -0.16832694, -0.3501612, 0.041588195, -0.13939385, 0.96420634, 0.46008876, 0.53872955, 0.1320717, -0.6930533, -0.753542, -0.8593817, -0.04119998, -0.54704636, -0.41967008, -0.65831316, 0.28732413, -0.009000314, -0.66678095, 0.67528373, 0.44490358, -0.6492668, 0.7396753, 0.9505768, -0.8600175, -0.99843305, -0.84110576, 0.76979834, -0.84792095, 0.41950423, 0.72694033, 0.36405763, 0.755894, 0.62297463, -0.8618939, -0.7463311, -0.5916693, 0.42792618, 0.42185766, -0.2597679, 0.6221255, 0.59100103, 0.3906924, -0.76934016, 0.43328297, -0.6025468, -0.5787567, -0.539709, 0.84083253, -0.28262496, -0.1388216, 0.011388267, 0.50909394, -0.98188794, 0.06070896, 0.53886646, -0.39373866, -0.46818873, 0.4852077, -0.0796146, -0.2659833, 0.6282376, -0.048457064, 0.9175881, -0.15086241, 0.3063373, 0.17089428, 0.042700715, -0.7144426, -0.7472241, -0.9078806, 0.4936664, -0.6301936, -0.3575491, 0.65457785, 0.25788015, -0.42582113, -0.6652451, -0.026425928, 0.035435133, -0.30831417, -0.43251583, 0.84342784, 0.266879, -0.029121017, -0.32027653, 0.9780519, -0.266331, 0.5074677, -0.40018648, 0.3887489, -0.7543673, 0.89354026, 0.059222113, -0.84037757, -0.7256919, 0.93537796, -0.0853935, 0.01843157, 0.8674379, 0.031854447, -0.9011869, 0.7602106, -0.77930987, 0.58892375, 0.61583257, 0.23446073, -0.6813232, -0.1807532, 0.39138797, -0.067099944, 0.33020914, -0.7349461, -0.49735868, 0.40173692, -0.112326816, 0.7789808, -0.19521478, 0.8243777, 0.92822874, 0.1202503, 0.30829343, 0.82917565, 0.923187, -0.9277527, 0.60618156, -0.021793876, -0.28652617, 0.26780733, -0.09000924, -0.38673913, 0.8479194, -0.6835299, -0.5449377, 0.42660707, -0.72469354, 0.3914033, 0.9492855, -0.32823554, -0.83005446, 0.5138174, 0.89356154, -0.05732776, 0.483656, 0.5112806, -0.025571398, 0.80045295, -0.24469644, -0.7445332, 0.36612946, -0.3472346, -0.2984288, -0.19577898, 0.9918108, 0.28775078, 0.71773183, 0.37026224, -0.22957374, 0.961049, -0.35378578, 0.44388196, 0.85732836, -0.3155979, -0.58845013, -0.36388344, 0.27972656, 0.19430289, 0.9159688, -0.95099694, 0.28446072, -0.3076284, 0.6759241, -0.8276349, -0.4135165, -0.48344952, 0.90283376, 0.9573837, -0.70570004, 0.7243368, 0.03777559, 0.63134646, 0.4077245, 0.21046677, 0.9467836, 0.32514817, -0.08619494, 0.47633892, 0.78718007, -0.8987568, 0.79475856, 0.94495183, 0.41160527, -0.73941094, 0.33774877, -0.8912717, -0.05187955, 0.1375066, -0.89832073, -0.42061418, -0.45633444, 0.578938, 0.2349908, -0.54556155, 0.6737807, -0.5832587, 0.7455432, -0.8342006, 0.48647845, 0.33058435, 0.53525066, 0.547396, 0.5364299, -0.06785898, 0.5782655, 0.14567114, 0.6227656, -0.7606755, -0.5614381, 0.17166428, -0.4730946, -0.6537868, -0.58145124, 0.96025467, -0.36463886, 0.48885423, 0.853111, -0.3840373, -0.7097686, -0.1193052, -0.59090364, 0.9484315, -0.70682615, 0.46707025, 0.68926996, -0.26924577, 0.70822966, -0.09283104, -0.8239584, -0.16941921, 0.7278973, 0.18706235, 0.3113825, 0.97402, -0.18362813, 0.5844121, -0.6225971, 0.76329464, 0.92295927, 0.70113474, 0.20901662, -0.716529, -0.62997127, -0.06237017, -0.7844133, -0.41200656, 0.13594785, 0.59428096, -0.74825525, -0.0336166, -0.5797951, -0.9747965, -0.2020802, 0.5314662, -0.5821967, -0.52416706, -0.97701764, 0.7910323, 0.83073694, -0.44107944, -0.9630081, -0.6781819, -0.5137192, 0.29443166, -0.36851427, 0.7612471, -0.29248673, 0.009767015, -0.046997666, -0.7842982, 0.40227833, 0.29255903, -0.14987168, 0.08485128, -0.58577585, 0.5998463, -0.9128747, 0.07410929, -0.38601565, -0.75873363, -0.79963654, 0.4713717, -0.43525687, -0.6544001, 0.93109095, -0.69891554, 0.44440326, -0.12742908, -0.09303398, 0.98423606, -0.3341368, 0.29547098, -0.26613, 0.46067423, 0.0049222815, -0.651316, -0.688751, -0.9253286, -0.6181129, 0.47291955, 0.73456043, 0.87950885, -0.2562238, -0.41872853, 0.07647621, 0.4058323, -0.31282455, 0.48943412, -0.6451572, -0.82460153, -0.6089084, 0.6496307, -0.6157302, 0.49264273, 0.029114332, -0.8828424, -0.99851674, -0.098735735, 0.10977097, -0.30399647, 0.6847407, -0.12955518, -0.50966847, -0.23956902, -0.3092572, -0.2671172, -0.1677443, 0.72540593, 0.36921853, -0.15598951, 0.63439053, 0.8445213, 0.6217148, -0.41037437, -0.76089895, -0.25465232, -0.6393585, -0.8062797, -0.70505434, -0.8339724, 0.23527986, 0.0700698, -0.30643067, 0.41251817, -0.8211753, -0.81002474, 0.49893072, -0.075139865, -0.4901426, 0.1576904, -0.7328201, -0.4053057, -0.5337098, 0.39552176, 0.50957745, 0.41184416, -0.26106006, -0.32314703, 0.24021544, 0.6378929, 0.9460483, 0.1530599, -0.6333072, 0.6067521, 0.34521827, -0.09727256, -0.6576379, 0.5423882, 0.2033019, -0.46301225, -0.6355091, -0.416211, -0.8549856, 0.98385817, -0.2993986, 0.5683432, 0.93731385, 0.7359913, -0.2827727, -0.47858784, -0.37010697, -0.28224602, -0.7312933, 0.32403556, -0.8729915, 0.12961969, 0.6136395, 0.26320174, -0.62477434, -0.41890922, -0.25746295, 0.31563348, -0.18214439, 0.2401494, -0.9297449, 0.12953441, -0.7472521, -0.54805315, -0.19959854, 0.6571925, 0.2787346, -0.01988706, 0.9199568, -0.04500802, 0.86463743, -0.6864707, 0.70947677, 0.65223265, -0.6253752, -0.10707358, 0.6293399, -0.587768, 0.5838517, -0.37691158, 0.43846864, 0.27569044, 0.5294231, 0.3051678, 0.38504294, 0.8376645, 0.82010704, 0.9696171, 0.37091434, -0.53991294, 0.33439115, 0.6416068, 0.553639, -0.50881845, -0.8531466, 0.09452223, 0.99872446, 0.5360961, -0.12907055, -0.74136174, 0.18535914, 0.7073759, -0.40793592, -0.40732858, 0.007174112, 0.64342326, 0.40824023, 0.06354316, -0.70039845, 0.881411, -0.7862329, -0.0052381484, 0.87230724, 0.10742949, -0.08400235, -0.15773991, 0.035584394, 0.6268349, -0.55017596, 0.9045999, 0.4672375, 0.3672609, 0.7025721, -0.8462416, -0.412178, -0.9002175, -0.55075616, -0.13213155, 0.85256755, 0.94022965, 0.11712114, -0.9702342, 0.6981003, -0.5382425, -0.043747265, -0.5925897, 0.5944894, 0.97988814, -0.598312, -0.051129438, 0.28167027, -0.5312211, -0.70609903, -0.18687107, 0.18364815, -0.61740285, -0.9210691, 0.24468304, -0.7709479, 0.19938989, 0.6245227, -0.49360737, 0.5743581]","[-7.0, 4.0, 4.0, -2.0, -1.0, 4.0, -1.0, 2.0, -2.0, -3.0, -2.0, -1.0, 4.0, -2.0, 4.0, -2.0, -2.0, -3.0, -7.0, -1.0, -8.0, -2.0, -2.0, -7.0, 5.0, 10.0, -7.0, -8.0, 3.0, -7.0, -14.0, 4.0, -2.0, 4.0, 5.0, 3.0, 4.0, -6.0, -7.0, -7.0, 0.0, 5.0, -1.0, -4.0, 1.0, 5.0, 3.0, -7.0, -3.0, -2.0, 5.0, 3.0, 5.0, -1.0, 1.0, 1.0, -1.0, -2.0, 0.0, 4.0, 3.0, 4.0, -2.0, 0.0, 3.0, 4.0, -7.0, -3.0, -2.0, 5.0, 5.0, 2.0, -1.0, 4.0, -6.0, 3.0, 4.0, -3.0, -1.0, 6.0, -2.0, -6.0, -1.0, -7.0, 6.0, 10.0, -1.0, -1.0, 0.0, 4.0, -1.0, 6.0, -1.0, 10.0, -2.0, 4.0, 4.0, -3.0, -6.0, -4.0, -1.0, -1.0, 1.0, -1.0, -8.0, 5.0, 1.0, 3.0, 5.0, -3.0, -2.0, -7.0, -7.0, -2.0, 4.0, -8.0, 5.0, -7.0, 5.0, -3.0, 5.0, 5.0, 0.0, 4.0, -2.0, 3.0, -1.0, 4.0, 3.0, -2.0, 5.0, -1.0, -4.0, -7.0, -2.0, -8.0, -1.0, -8.0, 3.0, 4.0, 4.0, 5.0, -2.0, 4.0, 5.0, 4.0, -8.0, 0.0, -7.0, 4.0, -10.0, 5.0, -3.0, 0.0, -2.0, -7.0, 4.0, 4.0, 4.0, -1.0, -3.0, 4.0, 5.0, 3.0, -13.0, -1.0, -7.0, 4.0, -9.0, -5.0, 3.0, -1.0, 5.0, 3.0, 1.0, -2.0, -2.0, -2.0, -3.0, 0.0, 3.0, -2.0, -2.0, -5.0, -2.0, -2.0, 5.0, -6.0, 2.0, 10.0, -3.0, -2.0, 4.0, -4.0, -2.0, 0.0, -2.0, -8.0, -2.0, -2.0, -8.0, -2.0, -2.0, 5.0, -1.0, 5.0, -1.0, -3.0, -1.0, -1.0, 5.0, 4.0, -2.0, 4.0, 1.0, -8.0, 4.0, 4.0, -2.0, -3.0, 4.0, -7.0, -3.0, -7.0, 8.0, 5.0, 4.0, -3.0, 0.0, 4.0, -7.0, 0.0, 5.0, -2.0, 0.0, 4.0, 4.0, 4.0, -1.0, 3.0, 1.0, -1.0, -6.0, 3.0, 2.0, 0.0, 4.0, -5.0, -2.0, 6.0, -2.0, -5.0, -2.0, -1.0, -2.0, -4.0, -1.0, -4.0, -2.0, -2.0, -2.0, 5.0, -7.0, -2.0, 4.0, -1.0, -7.0, 1.0, -7.0, 5.0, 4.0, -1.0, -1.0, -6.0, 6.0, -1.0, 5.0, -2.0, -4.0, -7.0, 4.0, -1.0, 0.0, -1.0, -1.0, 12.0, 0.0, -1.0, 4.0, 4.0, -1.0, -2.0, -8.0, -2.0, -2.0, -1.0, -7.0, -1.0, -3.0, -2.0, 4.0, 3.0, 4.0, -1.0, -1.0, 0.0, -3.0, 4.0, 0.0, -2.0, 3.0, 3.0, -6.0, -1.0, -2.0, 0.0, 1.0, -1.0, 5.0, 4.0, -1.0, -8.0, -1.0, 3.0, 6.0, 1.0, -7.0, 4.0, 5.0, 2.0, 0.0, 0.0, 4.0, 10.0, -2.0, -2.0, -8.0, -2.0, 4.0, 12.0, -1.0, 5.0, -4.0, -7.0, -7.0, 0.0, -1.0, -1.0, -2.0, -1.0, -3.0, -1.0, -1.0, 4.0, 5.0, 5.0, -2.0, -7.0, 3.0, -1.0, -7.0, -1.0, 4.0, -7.0, 6.0, -1.0, 4.0, 10.0, 4.0, -7.0, -1.0, 13.0, 4.0, 9.0, 0.0, 4.0, -3.0, 4.0, 5.0, 4.0, 4.0, 4.0, -2.0, 5.0, -1.0, 4.0, 3.0, 5.0, 5.0, 3.0, 0.0, 5.0, -2.0, 11.0, 5.0, 11.0, -2.0, -2.0, 5.0, 10.0, -3.0, 5.0, 10.0, -1.0, 3.0, -1.0, -7.0, 5.0, -2.0, 4.0, -2.0, 3.0, 3.0, 1.0, -8.0, -2.0, -10.0, 5.0, 0.0, -3.0, -8.0, 1.0, 8.0, -6.0, 6.0, 3.0, -7.0, -7.0, -2.0, -1.0, -1.0, -1.0, -2.0, -2.0, -2.0, -2.0, -14.0, -7.0, -1.0, -7.0, -1.0, -8.0, 4.0, -2.0, 5.0, -2.0, 5.0, -2.0, 5.0, 4.0, -1.0, -2.0, 4.0, 4.0, 5.0, 4.0, 3.0, -1.0, 4.0, 2.0, 4.0, -2.0, -2.0, -1.0, 9.0, -1.0, -1.0, -8.0, 0.0, 5.0, 2.0, 4.0, -1.0, 5.0, -1.0, 5.0, -8.0, -1.0, -2.0, -1.0, -2.0, -2.0, -10.0, 5.0, -5.0, -1.0, 5.0, 11.0, -1.0, 0.0, -5.0, -2.0, -2.0, 2.0, -2.0, -2.0, -2.0, -8.0, 0.0, -2.0, -7.0, 4.0, -7.0, -1.0, -3.0, -5.0, 4.0, 2.0, -1.0, -2.0, 4.0, 5.0, -4.0, 4.0, -1.0, -1.0, -1.0, 3.0, 9.0, -7.0, 4.0, -2.0, -3.0, -2.0, -2.0, 5.0, 4.0, 4.0, -5.0, -1.0, -1.0, 3.0, -3.0, -1.0, -7.0, 0.0, -1.0, 4.0, 3.0, -5.0, 5.0, 4.0, -1.0, -1.0, 4.0, -3.0, -1.0, -1.0, -2.0, -2.0, 5.0, 5.0, -2.0, 1.0, -7.0, 5.0, 4.0, -2.0, -1.0, 3.0, -1.0, -7.0, -5.0, -2.0, -1.0, -1.0, 5.0, -1.0, 0.0, 4.0, -3.0, -7.0, -2.0, -1.0, -1.0, -2.0, 3.0, -3.0, -2.0, 1.0, 1.0, -3.0, 0.0, -1.0, -8.0, 4.0, 3.0, 1.0, -1.0, -2.0, -7.0, -2.0, -1.0, 3.0, -1.0, -1.0, 5.0, -3.0, 4.0, 0.0, -2.0, -7.0, -7.0, 3.0, 5.0, -1.0, 11.0, 4.0, -1.0, 4.0, -2.0, 0.0, 10.0, 0.0, -7.0, -2.0, -8.0, -2.0, 7.0, -1.0, -1.0, 4.0, 6.0, 5.0, 4.0, 2.0, -1.0, -2.0, 10.0, -4.0, -1.0, -2.0, 4.0, -1.0, -1.0, 0.0, 5.0, -1.0, 2.0, -1.0, -2.0, -1.0, -6.0, 2.0, -1.0, -2.0, 1.0, -2.0, 3.0, -2.0, -2.0, 6.0, -2.0, -2.0, 1.0, -2.0, -2.0, -6.0, 4.0, 1.0, 5.0, -3.0, -3.0, 5.0, 4.0, -6.0, -2.0, -1.0, -1.0, 0.0, -1.0, -3.0, 3.0, 3.0, 1.0, 0.0, 5.0, 1.0, -1.0, -1.0, -2.0, -1.0, 5.0, -3.0, 5.0, -1.0, -12.0, -2.0, -1.0, -1.0, -5.0, -7.0, -1.0, -2.0, -3.0, 6.0, 8.0, -3.0, 0.0, 4.0, 3.0, 5.0, -1.0, 3.0, 4.0, -1.0, 4.0, -1.0, 5.0, -15.0, -7.0, -1.0, -2.0, 1.0, -7.0, 5.0, -1.0, 1.0, -2.0, 6.0, 0.0, -4.0, -1.0, -2.0, 2.0, -2.0, 0.0, -6.0, -8.0, -2.0, 4.0, 4.0, -2.0, 1.0, 1.0, -5.0, 4.0, -1.0, -3.0, 10.0, -2.0, 5.0, 3.0, -1.0, 3.0, 5.0, 4.0, -2.0, -3.0, 4.0, 4.0, -1.0, 3.0, 10.0, -1.0, 2.0, -2.0, 4.0, -2.0, 5.0, -6.0, 5.0, -1.0, -5.0, 4.0, 0.0, 5.0, 0.0, -2.0, -2.0, -8.0, -2.0, -1.0, 5.0, -1.0, 5.0, -2.0, -1.0, -2.0, -2.0, -2.0, -2.0, 10.0, 4.0, 3.0, 3.0, 4.0, 10.0, 4.0, 4.0, -2.0, 0.0, -2.0, -13.0, 4.0, -1.0, 9.0, -2.0, 4.0, 3.0, 4.0, -2.0, -2.0, 5.0, -3.0, -7.0, -2.0, -2.0, -2.0, -7.0, -1.0, -2.0, 0.0, 10.0, 9.0, -1.0, 4.0, -2.0, -2.0, -7.0, 5.0, 11.0, 4.0, 5.0, -1.0, -8.0, 4.0, -2.0, -5.0, 4.0, -1.0, -7.0, -1.0, 4.0, 0.0, -1.0, -1.0, -8.0, -2.0, -1.0, 5.0, 4.0, -9.0, -4.0, -1.0, -14.0, 2.0, -12.0, -2.0, -7.0, 6.0, -1.0, 5.0, -8.0, -7.0, -1.0, -2.0, -4.0, 3.0, -2.0, -7.0, 0.0, 4.0, 5.0, 5.0, 9.0, 5.0, 2.0, -2.0, -1.0, 7.0, -1.0, 3.0, -1.0, 4.0, 4.0, -1.0, -2.0, 5.0, 4.0, -2.0, -2.0, -1.0, 4.0, -1.0, 0.0, -4.0, 3.0, -8.0, 4.0, -5.0, -1.0, -7.0, -2.0, -7.0, -1.0, 3.0, 5.0, -2.0, 5.0, -9.0, 5.0, -2.0, 0.0, -1.0, -5.0, -1.0, -1.0, -14.0, 0.0, 5.0, 11.0, -2.0, 5.0, 5.0, 4.0, 4.0, -1.0, -1.0, 4.0, -2.0, -1.0, -5.0, 4.0, 5.0, 4.0, 2.0, -7.0, -2.0, -2.0, 5.0, 6.0, -1.0, 4.0, 0.0, 5.0, 5.0, -7.0, -6.0, 6.0, 3.0, -7.0, -7.0, -3.0, -7.0, -1.0, 5.0, -6.0, -13.0, 10.0, -1.0, 6.0, 10.0, -1.0, 3.0, -2.0, 0.0, 1.0, -2.0, -3.0, -2.0, 5.0, 5.0, -3.0, -2.0, -6.0, 15.0, 5.0, 3.0, -4.0, 5.0, 0.0, -1.0, 5.0, -2.0, 4.0, -1.0, 5.0, 4.0, -1.0, 4.0, -1.0, 11.0, -2.0, -8.0, -1.0, 8.0, 5.0, 9.0, 2.0, -6.0, 4.0, 3.0, -8.0, -1.0, 11.0, -2.0, -2.0, -20.0, -2.0]",8.192839107609505,0.0033316612243652,0.0,0.0,0
35,35,"[0.18384187, 0.07289603, 0.25310588, 0.54205793, 0.40142334, 0.6001305, -0.88588333, 0.43912938, -0.605893, 0.9730261, 0.23609003, 0.9776564, 0.45595777, -0.96601546, 0.8525409, -0.64742744, -0.02856913, 0.24839199, -0.0696769, -0.79983854, -0.6402773, -0.6868746, 0.98849434, 0.41141987, 0.2951015, -0.6274484, 0.39075086, 0.35027948, 0.8596902, 0.06377511, 0.7057625, -0.05377609, 0.91148865, -0.0128438845, -0.733888, -0.60350317, -0.40362063, -0.79700714, -0.9873491, -0.31416565, -0.78003705, -0.63972443, -0.37053737, -0.8595804, 0.83372045, -0.13153513, -0.55080026, 0.46530417, -0.97217506, -0.8631967, 0.8551453, 0.72749907, -0.45868653, -0.877998, -0.6250383, -0.55398846, -0.5912499, 0.3339413, 0.09200051, 0.1001938, -0.7772973, -0.54365546, -0.9849063, 0.9100229, -0.4289405, 0.29649767, -0.31449556, 0.5849251, -0.56330967, -0.61706287, 0.48044845, -0.014941989, -0.02942571, -0.022612397, 0.89507127, 0.19739993, -0.31164464, -0.8036735, -0.97600925, 0.6026243, 0.8738496, 0.91157156, 0.17547262, -0.5353217, -0.23539963, -0.14195882, -0.08322745, -0.09223288, -0.38370052, 0.87421507, -0.79604596, -0.30002967, 0.3850603, 0.08580245, -0.63133335, 0.5367064, 0.7587563, 0.37498257, 0.2156185, -0.42984706, 0.15420493, -0.8175769, -0.5619982, -0.85151756, 0.7936491, 0.8909769, -0.11623115, 0.6081682, -0.2680015, 0.035624027, 0.118779644, 0.63695395, -0.5807347, -0.83477944, 0.33082697, 0.19511707, -0.08678852, 0.5617381, 0.3231999, -0.41474018, -0.90488327, -0.287587, 0.544061, -0.5316893, 0.584483, 0.8021929, 0.09589128, 0.911783, 0.76938397, 0.97030294, 0.8694509, -0.83480996, -0.20893493, -0.7354455, 0.27637744, -0.67737937, 0.36216074, 0.016203003, -0.30504376, -0.10616217, 0.5399647, 0.30923617, 0.6321055, 0.1389734, -0.442822, -0.9579243, 0.38567206, -0.060113836, -0.50673157, -0.7057372, -0.5681967, -0.46674296, -0.40580547, 0.45451188, 0.43801126, 0.13266103, -0.5287462, 0.7236919, 0.12323212, -0.29056287, -0.7856259, -0.16671798, 0.6439572, -0.40696594, 0.35580212, -0.01624107, 0.28910536, 0.6911638, -0.75114566, -0.80419195, 0.4570293, 0.48762646, 0.6068944, -0.7088294, -0.9160857, 0.90854996, 0.4304901, 0.40242112, 0.2878215, 0.7747397, -0.7686876, 0.61215806, -0.5186663, 0.07028948, -0.09118548, -0.8406616, -0.52243346, -0.8748291, 0.9164213, -0.6458651, -0.4504868, -0.2536972, -0.50508237, -0.7284911, 0.73310995, 0.83326626, 0.66703224, 0.8490447, -0.1738491, 0.94879925, 0.90095687, -0.42294395, 0.40955448, 0.005076261, 0.6915872, 0.3239732, -0.58178777, -0.7265809, 0.98542714, 0.52783877, -0.36402047, 0.39624518, 0.57542497, 0.02272978, 0.7394277, 0.9388605, -0.877359, -0.1684026, -0.928425, -0.8730362, -0.57503563, -0.3962792, -0.7726278, -0.5664177, 0.7259091, 0.062779635, -0.3197447, -0.17963932, -0.48881546, -0.77791846, -0.20098825, -0.16373147, -0.16931108, 0.021826692, 0.06849476, 0.77505785, -0.9309387, -0.3044492, 0.026247296, 0.83269805, -0.32282355, -0.96054095, -0.71152633, -0.8193431, -0.072830416, -0.2483067, 0.1757127, 0.42704177, -0.042420354, -0.67584854, -0.0041586896, 0.80986625, -0.1516569, -0.9236999, -0.3420852, -0.085046634, -0.85517186, -0.004096932, -0.41413212, 0.48431447, 0.044090588, -0.04243709, 0.01886019, 0.19327176, -0.071042046, 0.9646617, -0.63983077, 0.2985397, -0.9269598, 0.59473944, -0.12759595, 0.028862301, 0.08048681, 0.07152026, 0.6619116, 0.017855197, 0.569597, -0.14418052, 0.7107381, 0.65676117, -0.40982416, -0.5154184, -0.24997641, 0.58932537, 0.34355256, 0.02903239, 0.81234765, 0.06730085, 0.97843844, 0.76850975, 0.98704123, 0.1990476, -0.76148796, 0.54078615, -0.16855083, -0.14532281, -0.5876153, 0.4807432, -0.34402716, -0.2732085, 0.36733344, 0.6225325, 0.88833565, -0.41658795, 0.29197225, -0.7286425, 0.26992264, -0.21369727, 0.5764734, -0.68171346, -0.00016991657, 0.51296204, 0.8294792, -0.6301358, 0.40090346, -0.07301858, -0.45910376, -0.08081603, 0.54301697, 0.6494305, -0.667841, 0.2189334, -0.07751613, -0.94027454, -0.8563544, -0.72001934, -0.839378, 0.45949763, 0.21020108, -0.92371184, 0.5746026, 0.52498543, 0.79205817, 0.32009098, -0.14812772, -0.9369762, -0.40770277, -0.5054701, -0.038123433, 0.7205942, 0.79583865, 0.5538214, -0.29826507, -0.44536695, 0.11024075, -0.31076112, -0.8285644, 0.128184, -0.7679814, -0.85435444, -0.20266725, -0.13391308, -0.33577064, -0.7321827, 0.29120892, -0.044575173, 0.6214959, 0.30085385, -0.63973767, 0.37269226, -0.4463036, -0.8709385, -0.9309492, 0.73933995, -0.5082135, -0.73767483, -0.5772636, -0.18581423, -0.72824633, -0.9263428, 0.2989855, 0.1812866, -0.48956883, 0.24797058, 0.79937637, 0.4862241, 0.71782416, -0.15181284, 0.062118426, 0.3016994, 0.73229617, 0.29406124, -0.21287352, -0.33055732, -0.914044, 0.1924932, 0.52072513, -0.55743396, -0.17985323, -0.8451365, 0.9629623, 0.5704848, 0.48455185, 0.63337725, 0.35602283, -0.31632474, -0.7310745, 0.2647283, -0.45489728, 0.2890875, -0.63002676, -0.21605606, 0.49853006, -0.88881606, 0.95375127, 0.94702774, -0.39765835, -0.7026905, -0.79490125, 0.30206215, 0.49420825, -0.61433005, 0.40791538, 0.42036933, -0.32192212, 0.8397776, 0.1262437, 0.45700946, -0.23653574, 0.52761024, 0.74471134, 0.45127642, 0.6752349, 0.35947466, 0.6016679, 0.7995092, 0.2995438, -0.21034761, -0.8806328, -0.66682166, 0.037006438, 0.4281895, 0.5848679, 0.4490013, 0.7814953, 0.9280015, -0.08092636, -0.99097985, 0.22892967, 0.20286416, -0.64337623, 0.11398826, 0.72951347, -0.161466, -0.6278571, 0.8779336, 0.033752356, 0.36264664, -0.8408577, 0.91940844, 0.94871247, 0.3218404, 0.77748287, 0.479108, -0.9477634, -0.170432, -0.49563783, -0.77331734, 0.20157327, -0.39289978, 0.43971974, 0.7537018, -0.6630106, 0.2046058, -0.8519699, -0.58740926, 0.37653747, 0.32218817, 0.37286848, -0.32573414, -0.56536543, -0.20958619, -0.562626, 0.5900798, -0.5195813, 0.928006, 0.40942442, 0.84870553, -0.5809771, 0.17641465, 0.7114033, -0.1748867, -0.5471035, -0.22798087, -0.5918311, 0.05398911, 0.4600338, 0.27664995, 0.24983302, -0.3702735, -0.037202418, 0.3797731, 0.92486167, 0.52436626, 0.15392645, 0.45073506, -0.7153351, 0.81589717, 0.08327771, 0.48791882, -0.0014119388, 0.95170444, -0.9469917, 0.21280241, -0.46728688, 0.8510589, 0.6902004, 0.6376534, 0.7880518, -0.82153547, 0.51250535, -0.42463762, -0.270445, 0.036544137, 0.63546467, 0.7008044, 0.7947148, 0.5958835, 0.050793074, -0.28867728, 0.9883802, 0.17616914, 0.4246193, 0.0374469, -0.67272526, 0.46963987, 0.74538463, 0.08092343, -0.43933633, -0.7927128, 0.48471946, -0.9742774, 0.032537732, -0.25836363, -0.81079537, 0.028072724, 0.3968969, 0.47299123, 0.71612, -0.8740631, 0.33272457, -0.8866301, -0.16885048, -0.954097, -0.36472774, -0.19418734, 0.47350755, -0.96987504, -0.96511316, 0.72973895, -0.56068075, 0.9746569, -0.86216855, -0.18456587, -0.020860912, -0.20648226, -0.12163353, 0.16412073, 0.15737145, 0.036580388, -0.710266, 0.46027246, -0.63613147, 0.62228334, 0.376416, 0.5509962, -0.8696643, -0.016732927, 0.45767182, 0.35430738, -0.17876588, 0.34394002, -0.13389578, -0.59177077, -0.70354456, 0.41068178, -0.47975758, -0.0028140342, 0.4469843, -0.058073137, -0.91757935, 0.19421843, -0.6850598, -0.37409422, 0.47453484, 0.22985758, -0.838348, -0.20808908, -0.134909, -0.7138828, 0.92829305, -0.65953517, -0.19688405, 0.36554265, 0.8667556, -0.22498074, -0.8568513, 0.9868071, 0.84387904, 0.10368708, 0.006412026, -0.2382171, -0.67995656, -0.11223947, 0.6289853, 0.8327827, -0.012869769, 0.23711249, 0.11776167, -0.38328302, 0.8812161, 0.5339845, 0.81521404, 0.7798803, -0.051979855, 0.12384664, -0.029546378, -0.77470124, 0.13389406, -0.4895076, 0.38060686, -0.7338747, -0.79999727, 0.036270294, 0.2786303, -0.07227074, -0.81090134, -0.44183487, -0.39447725, 0.3232839, -0.52919626, 0.72007954, -0.9107129, 0.4449902, 0.4166985, -0.6099215, 0.5384527, -0.21770224, 0.47917408, -0.8551554, -0.29148757, 0.48163804, -0.3589218, 0.55072945, 0.8686097, 0.32598877, 0.81841177, 0.4720628, 0.3513897, -0.09122752, 0.13196437, -0.66053516, -0.38253617, -0.5592471, 0.4391108, 0.5790979, -0.50494045, 0.4585959, -0.8842918, 0.08467755, -0.6790828, -0.007832872, 0.89753014, 0.2774712, 0.23646872, 0.3320718, -0.42040777, -0.5974338, 0.100962795, 0.88870656, 0.8122392, 0.16680752, 0.68492293, 0.2599298, -0.6865011, -0.68449706, -0.24887466, 0.43192592, 0.93608576, 0.89932704, 0.38653618, -0.9548167, -0.68988013, -0.44113716, -0.97835046, -0.44071284, -0.77216244, -0.8477856, -0.9560056, 0.5113883, -0.64375687, 0.7806174, 0.29654387, 0.27251315, 0.83008456, 0.5477917, 0.83335096, -0.27702707, 0.52567005, -0.6737661, -0.344055, 0.96755177, 0.33095086, -0.8363444, -0.23426488, -0.7582873, 0.600471, 0.6369482, 0.31377158, 0.34870222, -0.21960033, 0.0058106137, -0.036700096, 0.01540856, -0.49413988, -0.60074353, 0.7645714, -0.68159616, -0.13367693, 0.897087, 0.43194968, 0.013390281, 0.52541447, -0.9754482, -0.68141574, -0.9663485, -0.05320283, -0.36161247, -0.2306006, 0.061303064, -0.8889875, 0.41022804, 0.16370389, 0.69305867, 0.15796879, -0.8504929, -0.42922756, -0.468328, 0.07759558, 0.027410487, 0.30860636, 0.86802006, -0.25826347, 0.35105163, -0.67641443, 0.6157632, 0.70395195, 0.42749643, 0.22958043, -0.42271227, 0.9690354, 0.3456507, 0.58051544, -0.80316395, 0.87199575, 0.28511122, 0.21561217, -0.8819007, -0.3321802, 0.77689815, -0.85549116, 0.8958479, 0.841483, -0.01675401, 0.8997616, 0.0027677843, -0.3157466, -0.24885872, -0.22865856, 0.96729547, 0.24424213, -0.73515195, -0.5957552, 0.04347183, -0.45331454, -0.47671202, 0.20384453, 0.90501726, 0.64502233, -0.6143906, 0.25777316, 0.55406374, 0.34299934, -0.10250121, 0.527291, -0.67783976, 0.108287044, 0.54435056, -0.22924817, -0.55058604, 0.67379576, 0.6050793, -0.4279956, -0.83914965, -0.2246314, -0.42482835, 0.76646245, 0.44229707, 0.3901334, -0.41947576, 0.512468, -0.20795916, 0.17885606, -0.7327681, -0.69168, 0.64307016, 0.93693215, -0.45370236, -0.13306424, 0.374792, -0.37792203, 0.85202867, -0.71751034, 0.9963723, 0.8127072, 0.68741566, -0.02058124, -0.5415639, -0.60776216, 0.39598575, -0.9459926, 0.44555867, 0.30679256, -0.80027413, -0.90597105, 0.20399988, 0.113702506, 0.12553093, -0.63449264, -0.23068061, -0.5970714, 0.13470778, 0.39861354, -0.5315878, -0.11662935, 0.40745264, 0.042329133, -0.86286306, -0.5815779, -0.85447955, 0.45087177, -0.9307026, 0.64968747, 0.42065963, 0.9052771, 0.88604933, -0.17978927, 0.92736083, -0.43985152, 0.8812606, -0.08506657, 0.8150539, -0.9613875, 0.61839634, -0.14301126, -0.60152227, 0.5418093, -0.24253026, -0.6634779, 0.15611719, -0.06433967, 0.8449312, -0.36065024, 0.8871681, 0.900844, -0.5762382, 0.2379685, -0.36169058, -0.56186676, 0.69599956, 0.76702195, 0.29113746, 0.00255956, -0.36686128, 0.770728, -0.73244894, 0.003717993, -0.60544205, -0.156845, 0.33313787, 0.2134633, -0.39855582, -0.3644073, -0.56171584, -0.94141614, 0.6927786, -0.6014907, -0.420646, -0.64995277, -0.37122715, -0.09677137, 0.5516229, -0.07248276, 0.874109, 0.37072277, 0.36179355, 0.43206406, 0.8537628, -0.33250248, 0.6235555, 0.49222234, 0.808276, 0.5046833, 0.9792925, -0.22109118, 0.29690763, 0.335043, -0.00015054761, 0.36326283, -0.7932178, -0.6761901, -0.64021486, 0.24281184, -0.63222283, -0.042523965, 0.5216085, 0.41198528, -0.34793118, -0.22091794, -0.621849, -0.7191251, -0.096049786, -0.55820996, -0.59429973, -0.8476734, -0.8174296, -0.60492325, -0.10335245, 0.60578525, -0.50053114, 0.3504254, 0.5995567, -0.99532706, 0.47472376, 0.11604001, 0.2115071, 0.2767534, -0.027874034, 0.85519195, -0.06151863, 0.4231294, -0.10332723, -0.016563583, -0.6653668, -0.34616438, 0.9959868, -0.37352407, 0.6682458, -0.7541538, -0.1041206, 0.0134592755, 0.19048324, 0.48625717, 0.56316924, 0.15424317, 0.5750213, -0.7502788, -0.64314365, -0.63029575, 0.99318486, 0.52813053, 0.4605983, 0.43396577, 0.5411658, 0.95887065, -0.86154634, 0.78368074, -0.24681623, -0.19118308, -0.5138691, 0.41282177, 0.39049035, 0.46266788, -0.18127127, -0.5158312, -0.5075376, -0.51678514, 0.4130952, 0.8441121, -0.82346505, 0.13038975, 0.27501982, 0.37741315, -0.5412698, -0.8946332, 0.7817612, 0.026261441, 0.07098454, 0.5841621, 0.4395807, 0.3664231, -0.5948212, -0.69261205, 0.66548, 0.45664516, 0.24151087, -0.47923842, 0.18298112, 0.94174314, 0.27880925]","[-7.0, 4.0, 4.0, -2.0, -1.0, 4.0, -1.0, 2.0, -2.0, -3.0, -2.0, -1.0, 4.0, -2.0, 4.0, -2.0, -2.0, -3.0, -7.0, -1.0, -8.0, -2.0, -2.0, -7.0, 5.0, 10.0, -7.0, -8.0, 3.0, -7.0, -14.0, 4.0, -2.0, 4.0, 5.0, 3.0, 4.0, -6.0, -7.0, -7.0, 0.0, 5.0, -1.0, -4.0, 1.0, 5.0, 3.0, -7.0, -3.0, -2.0, 5.0, 3.0, 5.0, -1.0, 1.0, 1.0, -1.0, -2.0, 0.0, 4.0, 3.0, 4.0, -2.0, 0.0, 3.0, 4.0, -7.0, -3.0, -2.0, 5.0, 5.0, 2.0, -1.0, 4.0, -6.0, 3.0, 4.0, -3.0, -1.0, 6.0, -2.0, -6.0, -1.0, -7.0, 6.0, 10.0, -1.0, -1.0, 0.0, 4.0, -1.0, 6.0, -1.0, 10.0, -2.0, 4.0, 4.0, -3.0, -6.0, -4.0, -1.0, -1.0, 1.0, -1.0, -8.0, 5.0, 1.0, 3.0, 5.0, -3.0, -2.0, -7.0, -7.0, -2.0, 4.0, -8.0, 5.0, -7.0, 5.0, -3.0, 5.0, 5.0, 0.0, 4.0, -2.0, 3.0, -1.0, 4.0, 3.0, -2.0, 5.0, -1.0, -4.0, -7.0, -2.0, -8.0, -1.0, -8.0, 3.0, 4.0, 4.0, 5.0, -2.0, 4.0, 5.0, 4.0, -8.0, 0.0, -7.0, 4.0, -10.0, 5.0, -3.0, 0.0, -2.0, -7.0, 4.0, 4.0, 4.0, -1.0, -3.0, 4.0, 5.0, 3.0, -13.0, -1.0, -7.0, 4.0, -9.0, -5.0, 3.0, -1.0, 5.0, 3.0, 1.0, -2.0, -2.0, -2.0, -3.0, 0.0, 3.0, -2.0, -2.0, -5.0, -2.0, -2.0, 5.0, -6.0, 2.0, 10.0, -3.0, -2.0, 4.0, -4.0, -2.0, 0.0, -2.0, -8.0, -2.0, -2.0, -8.0, -2.0, -2.0, 5.0, -1.0, 5.0, -1.0, -3.0, -1.0, -1.0, 5.0, 4.0, -2.0, 4.0, 1.0, -8.0, 4.0, 4.0, -2.0, -3.0, 4.0, -7.0, -3.0, -7.0, 8.0, 5.0, 4.0, -3.0, 0.0, 4.0, -7.0, 0.0, 5.0, -2.0, 0.0, 4.0, 4.0, 4.0, -1.0, 3.0, 1.0, -1.0, -6.0, 3.0, 2.0, 0.0, 4.0, -5.0, -2.0, 6.0, -2.0, -5.0, -2.0, -1.0, -2.0, -4.0, -1.0, -4.0, -2.0, -2.0, -2.0, 5.0, -7.0, -2.0, 4.0, -1.0, -7.0, 1.0, -7.0, 5.0, 4.0, -1.0, -1.0, -6.0, 6.0, -1.0, 5.0, -2.0, -4.0, -7.0, 4.0, -1.0, 0.0, -1.0, -1.0, 12.0, 0.0, -1.0, 4.0, 4.0, -1.0, -2.0, -8.0, -2.0, -2.0, -1.0, -7.0, -1.0, -3.0, -2.0, 4.0, 3.0, 4.0, -1.0, -1.0, 0.0, -3.0, 4.0, 0.0, -2.0, 3.0, 3.0, -6.0, -1.0, -2.0, 0.0, 1.0, -1.0, 5.0, 4.0, -1.0, -8.0, -1.0, 3.0, 6.0, 1.0, -7.0, 4.0, 5.0, 2.0, 0.0, 0.0, 4.0, 10.0, -2.0, -2.0, -8.0, -2.0, 4.0, 12.0, -1.0, 5.0, -4.0, -7.0, -7.0, 0.0, -1.0, -1.0, -2.0, -1.0, -3.0, -1.0, -1.0, 4.0, 5.0, 5.0, -2.0, -7.0, 3.0, -1.0, -7.0, -1.0, 4.0, -7.0, 6.0, -1.0, 4.0, 10.0, 4.0, -7.0, -1.0, 13.0, 4.0, 9.0, 0.0, 4.0, -3.0, 4.0, 5.0, 4.0, 4.0, 4.0, -2.0, 5.0, -1.0, 4.0, 3.0, 5.0, 5.0, 3.0, 0.0, 5.0, -2.0, 11.0, 5.0, 11.0, -2.0, -2.0, 5.0, 10.0, -3.0, 5.0, 10.0, -1.0, 3.0, -1.0, -7.0, 5.0, -2.0, 4.0, -2.0, 3.0, 3.0, 1.0, -8.0, -2.0, -10.0, 5.0, 0.0, -3.0, -8.0, 1.0, 8.0, -6.0, 6.0, 3.0, -7.0, -7.0, -2.0, -1.0, -1.0, -1.0, -2.0, -2.0, -2.0, -2.0, -14.0, -7.0, -1.0, -7.0, -1.0, -8.0, 4.0, -2.0, 5.0, -2.0, 5.0, -2.0, 5.0, 4.0, -1.0, -2.0, 4.0, 4.0, 5.0, 4.0, 3.0, -1.0, 4.0, 2.0, 4.0, -2.0, -2.0, -1.0, 9.0, -1.0, -1.0, -8.0, 0.0, 5.0, 2.0, 4.0, -1.0, 5.0, -1.0, 5.0, -8.0, -1.0, -2.0, -1.0, -2.0, -2.0, -10.0, 5.0, -5.0, -1.0, 5.0, 11.0, -1.0, 0.0, -5.0, -2.0, -2.0, 2.0, -2.0, -2.0, -2.0, -8.0, 0.0, -2.0, -7.0, 4.0, -7.0, -1.0, -3.0, -5.0, 4.0, 2.0, -1.0, -2.0, 4.0, 5.0, -4.0, 4.0, -1.0, -1.0, -1.0, 3.0, 9.0, -7.0, 4.0, -2.0, -3.0, -2.0, -2.0, 5.0, 4.0, 4.0, -5.0, -1.0, -1.0, 3.0, -3.0, -1.0, -7.0, 0.0, -1.0, 4.0, 3.0, -5.0, 5.0, 4.0, -1.0, -1.0, 4.0, -3.0, -1.0, -1.0, -2.0, -2.0, 5.0, 5.0, -2.0, 1.0, -7.0, 5.0, 4.0, -2.0, -1.0, 3.0, -1.0, -7.0, -5.0, -2.0, -1.0, -1.0, 5.0, -1.0, 0.0, 4.0, -3.0, -7.0, -2.0, -1.0, -1.0, -2.0, 3.0, -3.0, -2.0, 1.0, 1.0, -3.0, 0.0, -1.0, -8.0, 4.0, 3.0, 1.0, -1.0, -2.0, -7.0, -2.0, -1.0, 3.0, -1.0, -1.0, 5.0, -3.0, 4.0, 0.0, -2.0, -7.0, -7.0, 3.0, 5.0, -1.0, 11.0, 4.0, -1.0, 4.0, -2.0, 0.0, 10.0, 0.0, -7.0, -2.0, -8.0, -2.0, 7.0, -1.0, -1.0, 4.0, 6.0, 5.0, 4.0, 2.0, -1.0, -2.0, 10.0, -4.0, -1.0, -2.0, 4.0, -1.0, -1.0, 0.0, 5.0, -1.0, 2.0, -1.0, -2.0, -1.0, -6.0, 2.0, -1.0, -2.0, 1.0, -2.0, 3.0, -2.0, -2.0, 6.0, -2.0, -2.0, 1.0, -2.0, -2.0, -6.0, 4.0, 1.0, 5.0, -3.0, -3.0, 5.0, 4.0, -6.0, -2.0, -1.0, -1.0, 0.0, -1.0, -3.0, 3.0, 3.0, 1.0, 0.0, 5.0, 1.0, -1.0, -1.0, -2.0, -1.0, 5.0, -3.0, 5.0, -1.0, -12.0, -2.0, -1.0, -1.0, -5.0, -7.0, -1.0, -2.0, -3.0, 6.0, 8.0, -3.0, 0.0, 4.0, 3.0, 5.0, -1.0, 3.0, 4.0, -1.0, 4.0, -1.0, 5.0, -15.0, -7.0, -1.0, -2.0, 1.0, -7.0, 5.0, -1.0, 1.0, -2.0, 6.0, 0.0, -4.0, -1.0, -2.0, 2.0, -2.0, 0.0, -6.0, -8.0, -2.0, 4.0, 4.0, -2.0, 1.0, 1.0, -5.0, 4.0, -1.0, -3.0, 10.0, -2.0, 5.0, 3.0, -1.0, 3.0, 5.0, 4.0, -2.0, -3.0, 4.0, 4.0, -1.0, 3.0, 10.0, -1.0, 2.0, -2.0, 4.0, -2.0, 5.0, -6.0, 5.0, -1.0, -5.0, 4.0, 0.0, 5.0, 0.0, -2.0, -2.0, -8.0, -2.0, -1.0, 5.0, -1.0, 5.0, -2.0, -1.0, -2.0, -2.0, -2.0, -2.0, 10.0, 4.0, 3.0, 3.0, 4.0, 10.0, 4.0, 4.0, -2.0, 0.0, -2.0, -13.0, 4.0, -1.0, 9.0, -2.0, 4.0, 3.0, 4.0, -2.0, -2.0, 5.0, -3.0, -7.0, -2.0, -2.0, -2.0, -7.0, -1.0, -2.0, 0.0, 10.0, 9.0, -1.0, 4.0, -2.0, -2.0, -7.0, 5.0, 11.0, 4.0, 5.0, -1.0, -8.0, 4.0, -2.0, -5.0, 4.0, -1.0, -7.0, -1.0, 4.0, 0.0, -1.0, -1.0, -8.0, -2.0, -1.0, 5.0, 4.0, -9.0, -4.0, -1.0, -14.0, 2.0, -12.0, -2.0, -7.0, 6.0, -1.0, 5.0, -8.0, -7.0, -1.0, -2.0, -4.0, 3.0, -2.0, -7.0, 0.0, 4.0, 5.0, 5.0, 9.0, 5.0, 2.0, -2.0, -1.0, 7.0, -1.0, 3.0, -1.0, 4.0, 4.0, -1.0, -2.0, 5.0, 4.0, -2.0, -2.0, -1.0, 4.0, -1.0, 0.0, -4.0, 3.0, -8.0, 4.0, -5.0, -1.0, -7.0, -2.0, -7.0, -1.0, 3.0, 5.0, -2.0, 5.0, -9.0, 5.0, -2.0, 0.0, -1.0, -5.0, -1.0, -1.0, -14.0, 0.0, 5.0, 11.0, -2.0, 5.0, 5.0, 4.0, 4.0, -1.0, -1.0, 4.0, -2.0, -1.0, -5.0, 4.0, 5.0, 4.0, 2.0, -7.0, -2.0, -2.0, 5.0, 6.0, -1.0, 4.0, 0.0, 5.0, 5.0, -7.0, -6.0, 6.0, 3.0, -7.0, -7.0, -3.0, -7.0, -1.0, 5.0, -6.0, -13.0, 10.0, -1.0, 6.0, 10.0, -1.0, 3.0, -2.0, 0.0, 1.0, -2.0, -3.0, -2.0, 5.0, 5.0, -3.0, -2.0, -6.0, 15.0, 5.0, 3.0, -4.0, 5.0, 0.0, -1.0, 5.0, -2.0, 4.0, -1.0, 5.0, 4.0, -1.0, 4.0, -1.0, 11.0, -2.0, -8.0, -1.0, 8.0, 5.0, 9.0, 2.0, -6.0, 4.0, 3.0, -8.0, -1.0, 11.0, -2.0, -2.0, -20.0, -2.0]",8.192839107609505,0.0033321380615234,0.0,0.0,0
36,36,"[-0.31924167, -0.9925444, 0.0027926331, -0.33331177, -0.26541933, 0.68498933, 0.97101796, -0.24059941, 0.8075494, 0.41612363, -0.20828515, -0.18514353, -0.9136193, -0.25954735, 0.17986692, 0.45929375, -0.63911957, 0.40579364, -0.67517054, 0.4581958, 0.29098934, -0.81589127, 0.068419755, 0.86573356, -0.8862662, -0.5121842, 0.60997015, -0.34491894, 0.38674974, -0.31358072, -0.6923008, 0.52455944, 0.14127822, 0.4757349, -0.9549983, 0.045795716, 0.43540978, -0.43792644, 0.894084, 0.33752, 0.71205515, -0.9257739, 0.15579082, 0.2180332, 0.07019161, -0.82471853, -0.88155735, 0.8435083, 0.33366755, 0.5251993, -0.53263044, 0.8623241, -0.8218544, 0.55083627, -0.83294654, 0.38677424, -0.63858557, 0.09473138, 0.26383048, 0.7913728, -0.056054614, -0.6057752, -0.99111193, -0.42996943, -0.82082945, 0.21585022, -0.7815031, 0.63276005, -0.16409068, 0.308559, -0.879506, -0.105550304, -0.6238377, 0.2538535, -0.30288452, -0.13851339, -0.90097755, -0.52317125, 0.6220225, 0.85200775, -0.006744154, -0.29112837, 0.07341879, 0.72881085, -0.16137879, -0.6265592, -0.5536561, 0.17009473, -0.58581966, 0.19007589, -0.71597016, 0.41604927, -0.8507072, 0.5240726, -0.58503586, -0.080262445, 0.63546634, -0.027171133, 0.41922247, -0.2602562, -0.9935833, -0.19930297, -0.8837773, -0.7619086, -0.10486677, 0.98215854, 0.8889466, -0.74437195, -0.1766852, 0.44809756, -0.6705368, -0.7571523, -0.8652222, -0.6737556, 0.4271693, -0.12632059, 0.008690758, 0.6242357, 0.49240053, -0.048361644, 0.24095227, 0.03427921, -0.8905167, 0.579749, 0.8081801, -0.08174288, -0.31793243, 0.49034187, -0.75830185, -0.800112, -0.22460423, -0.7640716, -0.054190442, 0.9668694, -0.5319989, 0.1728791, 0.99656504, 0.7373257, -0.68292624, 0.7406257, -0.27297154, -0.34533682, -0.5060986, 0.5545624, 0.19149566, -0.7644186, -0.7984438, -0.6254158, 0.5518663, -0.82956445, 0.82341063, 0.20914288, -0.97679186, -0.044877205, 0.5629035, 0.9779268, -0.42753628, -0.21610087, 0.6210393, 0.38336363, 0.82397825, 0.010473927, -0.3975216, -0.99505186, -0.9101565, -0.38459563, -0.7069234, 0.162962, 0.54385567, -0.6414731, 0.9764465, 0.40951687, -0.69541156, 0.1365417, 0.6894614, 0.22328547, 0.266694, -0.28059766, 0.84443516, 0.48039588, 0.21860123, 0.045101367, -0.49010563, 0.41027334, 0.8485665, -0.07287282, 0.7852986, 0.09705541, 0.5217368, 0.40401867, 0.36703318, 0.94922674, -0.82000434, 0.18442753, -0.24031912, 0.8528033, 0.6086176, -0.22353071, -0.55566704, -0.99254817, 0.08238986, 0.34972823, 0.5399226, 0.5807689, 0.94531906, 0.5718967, -0.8662584, 0.59125745, -0.39517483, -0.056289468, -0.60268784, -0.8676309, -0.16134739, 0.21650903, -0.2769454, 0.11114524, -0.8734283, 0.38409773, -0.6480449, 0.24120654, 0.39637378, -0.9553526, 0.51359385, -0.6856056, 0.5616599, 0.96617144, -0.62268203, 0.27007163, -0.81904733, 0.8500036, -0.67358196, -0.35173622, -0.6703131, 0.8608213, -0.9815503, -0.32860157, -0.084355965, -0.34675482, -0.83688813, -0.07281623, 0.94884205, 0.5141499, 0.059477665, -0.98903114, 0.29522544, -0.031385582, 0.9057179, 0.73169947, 0.23217945, -0.25321633, 0.89244115, 0.380421, -0.4960001, 0.8652374, -0.7366223, 0.12984075, 0.8390119, -0.405529, 0.02879185, 0.3571471, 0.94201803, -0.26346728, -0.15668002, -0.16190182, 0.24139377, 0.6983733, -0.333881, -0.07933408, -0.27803555, -0.03529891, 0.11464134, -0.2066178, 0.18493551, -0.11126006, -0.540728, 0.5986094, 0.5129238, 0.6004904, 0.10279145, -0.31933329, 0.48709852, -0.8034831, 0.35654318, 0.4520456, -0.8253838, 0.8773729, -0.8507308, 0.9831352, -0.95871186, 0.43170857, -0.4853212, -0.9535691, -0.47579682, -0.31082648, -0.29944053, 0.47054, 0.97522974, 0.036865063, -0.5327511, 0.44769326, -0.95576316, -0.030708201, -0.37114805, -0.89631766, 0.09511646, -0.0060378355, -0.20355612, -0.3471683, -0.90105015, -0.052972436, -0.49001932, -0.20063652, 0.9977361, 0.86996627, 0.3356252, 0.65343934, 0.39362845, 0.03675887, 0.5814152, -0.3643363, 0.53400445, 0.17986439, -0.11667125, 0.5431335, -0.7910789, -0.55595595, 0.6453583, 0.6515275, 0.59966785, -0.9743109, 0.66450876, 0.6437783, -0.7501385, -0.37438366, 0.096081294, -0.25513715, -0.5017781, -0.7731919, 0.8851448, 0.5746537, -0.13823637, -0.5265665, 0.84629434, -0.30433685, -0.50959045, -0.23518403, -0.08352473, -0.60578406, 0.87758714, -0.40745187, -0.24294415, 0.87941366, -0.4781111, -0.575739, -0.24672383, 0.22463714, -0.69647276, 0.27020228, 0.61207515, -0.4831417, -0.059727833, -0.48843244, -0.97609615, 0.6479109, -0.32010213, -0.09966666, -0.28686073, 0.8526426, 0.2661323, -0.64612395, -0.89432794, -0.25685757, 0.34413242, 0.88969034, 0.28169724, 0.53436804, -0.5156443, -0.36454725, -0.52585596, -0.5726986, -0.84954697, 0.5584898, -0.1268996, 0.9068629, 0.2817599, -0.8208622, 0.7599566, -0.15124628, -0.38156098, -0.5617173, 0.90896165, 0.8683174, 0.28840247, 0.8988633, 0.069792785, 0.08003919, 0.23422211, 0.68903756, 0.10841124, -0.5254252, 0.17297338, -0.31301942, -0.2755011, 0.8831686, -0.22938646, -0.21091022, 0.50529534, -0.56664944, 0.044576336, -0.16769998, 0.970621, -0.039081063, 0.36315668, -0.3441765, -0.15325956, -0.01023697, 0.41311008, -0.68716395, -0.11700583, -0.27300063, -0.25155717, -0.21608031, -0.08843613, -0.68291295, -0.32300186, 0.69302434, -0.0075246287, 0.93106323, -0.5887699, -0.510352, -0.3705131, 0.52310646, 0.11563099, -0.16528234, -0.782655, -0.79350096, -0.11525095, -0.9785824, 0.9428974, -0.0546748, -0.30778244, 0.98770195, 0.31318578, 0.4728887, 0.99701154, -0.4237814, -0.047103453, -0.8657697, -0.96461725, -0.9768844, 0.46730658, 0.89803857, -0.77222073, -0.2633245, -0.49343717, 0.36558995, -0.2121301, -0.055915453, 0.42188284, -0.42604175, 0.7513856, 0.60898787, -0.3231237, 0.9481554, 0.3381406, -0.24552143, 0.18508354, -0.5240028, -0.6082353, 0.27405173, 0.40588462, -0.21191718, -0.96539515, -0.19903512, 0.7974314, 0.40965617, 0.7587488, 0.28662682, 0.7070229, -0.7061916, 0.32588208, -0.6270747, 0.82412845, -0.7324772, 0.420822, 0.26843682, 0.22908504, -0.02365102, -0.07799104, 0.4780864, 0.17463732, 0.44192502, 0.8887676, 0.8234672, -0.80246824, 0.76498485, -0.7443968, 0.5295088, 0.08858758, -0.09825622, 0.6184703, 0.8880765, -0.20886554, 0.38984394, 0.7538943, -0.95040405, 0.3296866, 0.093286105, 0.9544499, -0.39162007, -0.21071653, -0.08470941, 0.9901766, 0.6225624, 0.44093618, 0.60743946, 0.63739544, 0.6308687, 0.015311899, 0.95975345, -0.9033445, 0.8489076, 0.60379994, -0.41371688, 0.62468576, 0.583473, -0.41334218, -0.48721328, 0.96420944, -0.91957283, 0.76379603, -0.362527, -0.3271595, -0.20335355, 0.5339847, -0.45077008, 0.9430807, -0.35662043, 0.87890226, 0.336171, 0.4465139, 0.70687747, -0.57525426, 0.9291151, -0.20291884, 0.2854787, 0.22507039, 0.9426776, -0.6667478, -0.17016697, -0.11764038, 0.13551106, 0.16053294, 0.9933755, -0.77624464, 0.92141587, 0.011559242, -0.69379175, 0.77161676, -0.5135286, 0.5083702, -0.4904783, -0.9088432, 0.80162865, 0.55583394, -0.15918276, 0.086717136, 0.2688713, -0.8972781, 0.33204034, -0.5889285, -0.6005758, 0.454005, 0.8945922, 0.22523408, -0.05250185, 0.241068, -0.7469344, -0.7099808, 0.94401413, -0.4338913, -0.46546823, 0.37132615, -0.2763666, 0.641378, 0.6573422, 0.6245855, -0.8875543, -0.600672, 0.9634996, 0.18416499, 0.5590053, 0.85150284, 0.9850186, -0.11314441, -0.15487355, 0.3740608, 0.08935383, -0.7052444, 0.6854158, 0.9024238, 0.75912493, 0.7896025, -0.073546186, 0.5300788, -0.19028741, -0.3586869, 0.7592871, -0.2089514, 0.72796005, -0.5961045, -0.5184315, 0.4947513, 0.8870053, -0.44028652, -0.46587458, 0.55038834, -0.9157067, -0.84398276, -0.14099908, -0.4896303, 0.21998169, -0.10636183, 0.43898633, 0.48985028, -0.8935415, -0.57704896, 0.22817475, -0.87695926, 0.5948124, -0.6453767, 0.75195146, 0.8046027, 0.6259674, -0.3828881, -0.24261063, 0.8246121, 0.0082970075, -0.63273644, 0.60197943, -0.15955104, 0.26210287, 0.724678, 0.5959322, 0.86070335, 0.6533801, -0.73128486, -0.062918566, -0.36225086, -0.8227619, -0.5355156, -0.11567062, -0.0053074947, 0.6544934, 0.5924806, 0.22519758, 0.63086736, 0.6182655, -0.3122794, 0.5002982, -0.07978009, 0.71505207, 0.22751686, -0.056227367, -0.7625329, -0.5030791, 0.61834604, 0.9702662, -0.1688807, 0.9521153, 0.47427613, 0.7548426, 0.12114763, -0.8322387, -0.5533801, 0.66213274, -0.23560798, -0.019788167, 0.7783753, -0.33658803, -0.90518314, 0.050840337, 0.455605, -0.9451076, -0.64607257, 0.8593387, 0.028548809, 0.8601886, 0.6158338, 0.7222941, -0.35339248, -0.95599216, 0.4063042, 0.36237687, -0.9887787, 0.778822, 0.58294487, -0.37552252, 0.82666785, 0.35523623, 0.118625544, 0.66686785, 0.23275478, -0.51015866, 0.9354748, 0.83843243, -0.6016548, 0.8566727, 0.26921222, -0.41459453, -0.9415811, -0.13876522, -0.8842971, -0.7878098, -0.40109214, 0.6469583, 0.88325775, -0.5011973, -0.40974507, -0.27543074, 0.76874274, -0.7497567, 0.9702513, 0.9344402, -0.6608477, -0.85016936, 0.38881704, 0.28369048, 0.9769588, -0.26433817, -0.21040994, 0.6950616, -0.3377252, -0.2949162, -0.7118375, 0.18707764, -0.06781289, -0.7761708, -0.55344325, -0.7709244, -0.8453168, 0.33142594, -0.2579612, -0.50665545, 0.53366315, -0.72391737, -0.6487489, -0.69853324, -0.033259038, -0.14715576, -0.39581355, 0.32005584, -0.88755935, 0.29749966, 0.94231987, 0.5353007, -0.14944553, 0.048472002, -0.6240683, 0.8641902, 0.40009466, -0.9480653, 0.49658886, -0.65433776, -0.5083736, -0.15348963, -0.14447866, 0.20946977, -0.3751711, 0.95511085, 0.010633967, -0.075059816, 0.8910353, 0.39942124, 0.14119606, 0.025974626, 0.5213025, 0.5735725, -0.86516184, 0.8582418, -0.84648347, -0.87681353, 0.12891242, -0.5586509, -0.13630524, 0.6791845, 0.3943715, -0.41261882, -0.51058215, 0.7078803, 0.51715654, 0.16731526, 0.688912, 0.8964474, 0.50959456, 0.30998978, -0.18453574, -0.50257474, 0.5590549, -0.48350132, -0.43673378, -0.8126062, 0.13120377, -0.31427118, 0.74764746, -0.76945156, -0.7547028, 0.05173577, -0.87978935, -0.9596171, 0.50447744, 0.7759245, -0.8506456, 0.8846776, -0.85719067, 0.03484445, -0.9152269, 0.5275878, -0.89036864, -0.013993938, -0.3402413, 0.93851393, 0.9028461, -0.96795833, 0.09424134, -0.87940663, 0.81883454, -0.9592829, 0.8977658, -0.4427329, -0.9321643, 0.57642764, 0.39430878, -0.3820418, 0.71122295, 0.15817459, 0.46693256, 0.051589888, 0.79867214, 0.15545627, 0.6028717, 0.2798903, 0.7035893, 0.36209062, 0.83912414, -0.01547966, -0.9194883, 0.13174976, -0.89572895, -0.41193986, 0.39119068, 0.37482297, 0.19013068, 0.8596953, 0.070802964, 0.1413566, -0.118868895, 0.8353965, -0.00735262, -0.34052607, 0.06967447, 0.52562153, 0.08649245, -0.8939774, -0.52962655, 0.73071176, -0.2721844, -0.7083894, 0.90778315, 0.7646972, 0.7025309, -0.61074185, -0.15838212, -0.34617636, -0.87603843, 0.85935843, 0.2739579, -0.6783693, -0.2337106, -0.16186082, -0.52952814, 0.3686879, -0.14993893, -0.7494293, -0.72215, 0.09844827, -0.497517, 0.46256578, 0.027911121, 0.041359626, -0.046026256, -0.053356737, 0.18141875, 0.4668142, -0.13436219, -0.48090738, 0.6035514, 0.64643276, -0.1745349, 0.08606159, 0.11075523, 0.29181367, -0.22550996, -0.55975974, -0.4220646, -0.26835927, -0.5322036, 0.22075403, 0.18025489, -0.29519963, 0.14418846, -0.23083174, -0.6067828, -0.686669, -0.40053183, 0.013028694, 0.9111513, -0.32481438, -0.8372208, 0.76627445, 0.6364265, 0.41850254, -0.12823334, -0.36779332, 0.20799206, -0.898537, -0.5962495, 0.001540714, -0.030706385, -0.38421085, 0.3909845, -0.89404976, -0.5028794, 0.35769165, 0.5109036, -0.36417383, 0.2380509, 0.15726633, 0.48724088, 0.11114345, -0.12551215, 0.8546756, -0.19986816, 0.5150015, -0.62161535, -0.8583264, -0.65144676, 0.27089736, -0.71593076, -0.6170085, 0.18018259, -0.57240546, 0.058660705, 0.80958384, -0.65860486, -0.5321009, -0.35179266, 0.4952674, -0.49103373, 0.5979604, 0.6519579, 0.77227527, 0.12425209, 0.17220528, 0.32701173, 0.34959805, -0.96742123, 0.3056564, 0.4967791, 0.02721542, 0.12808715, 0.2797994, 0.62139773, -0.45743257, 0.5888105, -0.20105793, -0.28527611, -0.6355395, -0.7085177, -0.7392193, 0.8840967, 0.5531506, 0.46737537, -0.032134976, 0.53301275, 0.04060003, 0.3559709, 0.6926697, 0.75959575, 0.32960212, 0.43871456, 0.6131974, -0.8460888, 0.062428847, -0.10780128, -0.21811582, 0.8839681, -0.5859155, 0.77364475, 0.60772383]","[-7.0, 4.0, 4.0, -2.0, -1.0, 4.0, -1.0, 2.0, -2.0, -3.0, -2.0, -1.0, 4.0, -2.0, 4.0, -2.0, -2.0, -3.0, -7.0, -1.0, -8.0, -2.0, -2.0, -7.0, 5.0, 10.0, -7.0, -8.0, 3.0, -7.0, -14.0, 4.0, -2.0, 4.0, 5.0, 3.0, 4.0, -6.0, -7.0, -7.0, 0.0, 5.0, -1.0, -4.0, 1.0, 5.0, 3.0, -7.0, -3.0, -2.0, 5.0, 3.0, 5.0, -1.0, 1.0, 1.0, -1.0, -2.0, 0.0, 4.0, 3.0, 4.0, -2.0, 0.0, 3.0, 4.0, -7.0, -3.0, -2.0, 5.0, 5.0, 2.0, -1.0, 4.0, -6.0, 3.0, 4.0, -3.0, -1.0, 6.0, -2.0, -6.0, -1.0, -7.0, 6.0, 10.0, -1.0, -1.0, 0.0, 4.0, -1.0, 6.0, -1.0, 10.0, -2.0, 4.0, 4.0, -3.0, -6.0, -4.0, -1.0, -1.0, 1.0, -1.0, -8.0, 5.0, 1.0, 3.0, 5.0, -3.0, -2.0, -7.0, -7.0, -2.0, 4.0, -8.0, 5.0, -7.0, 5.0, -3.0, 5.0, 5.0, 0.0, 4.0, -2.0, 3.0, -1.0, 4.0, 3.0, -2.0, 5.0, -1.0, -4.0, -7.0, -2.0, -8.0, -1.0, -8.0, 3.0, 4.0, 4.0, 5.0, -2.0, 4.0, 5.0, 4.0, -8.0, 0.0, -7.0, 4.0, -10.0, 5.0, -3.0, 0.0, -2.0, -7.0, 4.0, 4.0, 4.0, -1.0, -3.0, 4.0, 5.0, 3.0, -13.0, -1.0, -7.0, 4.0, -9.0, -5.0, 3.0, -1.0, 5.0, 3.0, 1.0, -2.0, -2.0, -2.0, -3.0, 0.0, 3.0, -2.0, -2.0, -5.0, -2.0, -2.0, 5.0, -6.0, 2.0, 10.0, -3.0, -2.0, 4.0, -4.0, -2.0, 0.0, -2.0, -8.0, -2.0, -2.0, -8.0, -2.0, -2.0, 5.0, -1.0, 5.0, -1.0, -3.0, -1.0, -1.0, 5.0, 4.0, -2.0, 4.0, 1.0, -8.0, 4.0, 4.0, -2.0, -3.0, 4.0, -7.0, -3.0, -7.0, 8.0, 5.0, 4.0, -3.0, 0.0, 4.0, -7.0, 0.0, 5.0, -2.0, 0.0, 4.0, 4.0, 4.0, -1.0, 3.0, 1.0, -1.0, -6.0, 3.0, 2.0, 0.0, 4.0, -5.0, -2.0, 6.0, -2.0, -5.0, -2.0, -1.0, -2.0, -4.0, -1.0, -4.0, -2.0, -2.0, -2.0, 5.0, -7.0, -2.0, 4.0, -1.0, -7.0, 1.0, -7.0, 5.0, 4.0, -1.0, -1.0, -6.0, 6.0, -1.0, 5.0, -2.0, -4.0, -7.0, 4.0, -1.0, 0.0, -1.0, -1.0, 12.0, 0.0, -1.0, 4.0, 4.0, -1.0, -2.0, -8.0, -2.0, -2.0, -1.0, -7.0, -1.0, -3.0, -2.0, 4.0, 3.0, 4.0, -1.0, -1.0, 0.0, -3.0, 4.0, 0.0, -2.0, 3.0, 3.0, -6.0, -1.0, -2.0, 0.0, 1.0, -1.0, 5.0, 4.0, -1.0, -8.0, -1.0, 3.0, 6.0, 1.0, -7.0, 4.0, 5.0, 2.0, 0.0, 0.0, 4.0, 10.0, -2.0, -2.0, -8.0, -2.0, 4.0, 12.0, -1.0, 5.0, -4.0, -7.0, -7.0, 0.0, -1.0, -1.0, -2.0, -1.0, -3.0, -1.0, -1.0, 4.0, 5.0, 5.0, -2.0, -7.0, 3.0, -1.0, -7.0, -1.0, 4.0, -7.0, 6.0, -1.0, 4.0, 10.0, 4.0, -7.0, -1.0, 13.0, 4.0, 9.0, 0.0, 4.0, -3.0, 4.0, 5.0, 4.0, 4.0, 4.0, -2.0, 5.0, -1.0, 4.0, 3.0, 5.0, 5.0, 3.0, 0.0, 5.0, -2.0, 11.0, 5.0, 11.0, -2.0, -2.0, 5.0, 10.0, -3.0, 5.0, 10.0, -1.0, 3.0, -1.0, -7.0, 5.0, -2.0, 4.0, -2.0, 3.0, 3.0, 1.0, -8.0, -2.0, -10.0, 5.0, 0.0, -3.0, -8.0, 1.0, 8.0, -6.0, 6.0, 3.0, -7.0, -7.0, -2.0, -1.0, -1.0, -1.0, -2.0, -2.0, -2.0, -2.0, -14.0, -7.0, -1.0, -7.0, -1.0, -8.0, 4.0, -2.0, 5.0, -2.0, 5.0, -2.0, 5.0, 4.0, -1.0, -2.0, 4.0, 4.0, 5.0, 4.0, 3.0, -1.0, 4.0, 2.0, 4.0, -2.0, -2.0, -1.0, 9.0, -1.0, -1.0, -8.0, 0.0, 5.0, 2.0, 4.0, -1.0, 5.0, -1.0, 5.0, -8.0, -1.0, -2.0, -1.0, -2.0, -2.0, -10.0, 5.0, -5.0, -1.0, 5.0, 11.0, -1.0, 0.0, -5.0, -2.0, -2.0, 2.0, -2.0, -2.0, -2.0, -8.0, 0.0, -2.0, -7.0, 4.0, -7.0, -1.0, -3.0, -5.0, 4.0, 2.0, -1.0, -2.0, 4.0, 5.0, -4.0, 4.0, -1.0, -1.0, -1.0, 3.0, 9.0, -7.0, 4.0, -2.0, -3.0, -2.0, -2.0, 5.0, 4.0, 4.0, -5.0, -1.0, -1.0, 3.0, -3.0, -1.0, -7.0, 0.0, -1.0, 4.0, 3.0, -5.0, 5.0, 4.0, -1.0, -1.0, 4.0, -3.0, -1.0, -1.0, -2.0, -2.0, 5.0, 5.0, -2.0, 1.0, -7.0, 5.0, 4.0, -2.0, -1.0, 3.0, -1.0, -7.0, -5.0, -2.0, -1.0, -1.0, 5.0, -1.0, 0.0, 4.0, -3.0, -7.0, -2.0, -1.0, -1.0, -2.0, 3.0, -3.0, -2.0, 1.0, 1.0, -3.0, 0.0, -1.0, -8.0, 4.0, 3.0, 1.0, -1.0, -2.0, -7.0, -2.0, -1.0, 3.0, -1.0, -1.0, 5.0, -3.0, 4.0, 0.0, -2.0, -7.0, -7.0, 3.0, 5.0, -1.0, 11.0, 4.0, -1.0, 4.0, -2.0, 0.0, 10.0, 0.0, -7.0, -2.0, -8.0, -2.0, 7.0, -1.0, -1.0, 4.0, 6.0, 5.0, 4.0, 2.0, -1.0, -2.0, 10.0, -4.0, -1.0, -2.0, 4.0, -1.0, -1.0, 0.0, 5.0, -1.0, 2.0, -1.0, -2.0, -1.0, -6.0, 2.0, -1.0, -2.0, 1.0, -2.0, 3.0, -2.0, -2.0, 6.0, -2.0, -2.0, 1.0, -2.0, -2.0, -6.0, 4.0, 1.0, 5.0, -3.0, -3.0, 5.0, 4.0, -6.0, -2.0, -1.0, -1.0, 0.0, -1.0, -3.0, 3.0, 3.0, 1.0, 0.0, 5.0, 1.0, -1.0, -1.0, -2.0, -1.0, 5.0, -3.0, 5.0, -1.0, -12.0, -2.0, -1.0, -1.0, -5.0, -7.0, -1.0, -2.0, -3.0, 6.0, 8.0, -3.0, 0.0, 4.0, 3.0, 5.0, -1.0, 3.0, 4.0, -1.0, 4.0, -1.0, 5.0, -15.0, -7.0, -1.0, -2.0, 1.0, -7.0, 5.0, -1.0, 1.0, -2.0, 6.0, 0.0, -4.0, -1.0, -2.0, 2.0, -2.0, 0.0, -6.0, -8.0, -2.0, 4.0, 4.0, -2.0, 1.0, 1.0, -5.0, 4.0, -1.0, -3.0, 10.0, -2.0, 5.0, 3.0, -1.0, 3.0, 5.0, 4.0, -2.0, -3.0, 4.0, 4.0, -1.0, 3.0, 10.0, -1.0, 2.0, -2.0, 4.0, -2.0, 5.0, -6.0, 5.0, -1.0, -5.0, 4.0, 0.0, 5.0, 0.0, -2.0, -2.0, -8.0, -2.0, -1.0, 5.0, -1.0, 5.0, -2.0, -1.0, -2.0, -2.0, -2.0, -2.0, 10.0, 4.0, 3.0, 3.0, 4.0, 10.0, 4.0, 4.0, -2.0, 0.0, -2.0, -13.0, 4.0, -1.0, 9.0, -2.0, 4.0, 3.0, 4.0, -2.0, -2.0, 5.0, -3.0, -7.0, -2.0, -2.0, -2.0, -7.0, -1.0, -2.0, 0.0, 10.0, 9.0, -1.0, 4.0, -2.0, -2.0, -7.0, 5.0, 11.0, 4.0, 5.0, -1.0, -8.0, 4.0, -2.0, -5.0, 4.0, -1.0, -7.0, -1.0, 4.0, 0.0, -1.0, -1.0, -8.0, -2.0, -1.0, 5.0, 4.0, -9.0, -4.0, -1.0, -14.0, 2.0, -12.0, -2.0, -7.0, 6.0, -1.0, 5.0, -8.0, -7.0, -1.0, -2.0, -4.0, 3.0, -2.0, -7.0, 0.0, 4.0, 5.0, 5.0, 9.0, 5.0, 2.0, -2.0, -1.0, 7.0, -1.0, 3.0, -1.0, 4.0, 4.0, -1.0, -2.0, 5.0, 4.0, -2.0, -2.0, -1.0, 4.0, -1.0, 0.0, -4.0, 3.0, -8.0, 4.0, -5.0, -1.0, -7.0, -2.0, -7.0, -1.0, 3.0, 5.0, -2.0, 5.0, -9.0, 5.0, -2.0, 0.0, -1.0, -5.0, -1.0, -1.0, -14.0, 0.0, 5.0, 11.0, -2.0, 5.0, 5.0, 4.0, 4.0, -1.0, -1.0, 4.0, -2.0, -1.0, -5.0, 4.0, 5.0, 4.0, 2.0, -7.0, -2.0, -2.0, 5.0, 6.0, -1.0, 4.0, 0.0, 5.0, 5.0, -7.0, -6.0, 6.0, 3.0, -7.0, -7.0, -3.0, -7.0, -1.0, 5.0, -6.0, -13.0, 10.0, -1.0, 6.0, 10.0, -1.0, 3.0, -2.0, 0.0, 1.0, -2.0, -3.0, -2.0, 5.0, 5.0, -3.0, -2.0, -6.0, 15.0, 5.0, 3.0, -4.0, 5.0, 0.0, -1.0, 5.0, -2.0, 4.0, -1.0, 5.0, 4.0, -1.0, 4.0, -1.0, 11.0, -2.0, -8.0, -1.0, 8.0, 5.0, 9.0, 2.0, -6.0, 4.0, 3.0, -8.0, -1.0, 11.0, -2.0, -2.0, -20.0, -2.0]",8.192839107609505,0.003270149230957,0.0,0.0,0
37,37,"[-0.21403494, 0.24689944, -0.16590205, -0.9690945, 0.912991, 0.2016793, 0.8230304, -0.19699483, 0.28020397, 0.19523148, 0.9232842, -0.51366526, -0.16690135, -0.5981786, 0.8616979, -0.91579545, -0.9035123, -0.18270548, -0.762484, -0.62867427, 0.72215104, 0.6131136, -0.06000445, 0.5795027, -0.08732317, 0.9348981, -0.5671674, 0.73402697, -0.07755331, 0.6786173, 0.3247394, 0.53717244, 0.52090424, -0.4425723, -0.6474408, 0.2159671, -0.65894556, 0.97990644, -0.34897482, -0.62632686, -0.41071752, -0.94833803, -0.14652462, -0.9849793, 0.5119588, -0.11976214, 0.96288913, 0.025064856, 0.8018813, -0.50018495, 0.8700949, 0.4961515, -0.9897776, -0.93637025, 0.553716, -0.66529095, 0.8397793, -0.6428853, -0.12552063, -0.59556776, 0.7459141, 0.93341196, 0.3431449, 0.9362413, -0.1376716, -0.79767805, -0.30102885, 0.16537085, 0.86889213, 0.7568465, -0.87754464, 0.11511486, 0.049688224, 0.2923388, -0.008919687, 0.7302564, 0.24646808, -0.33657423, -0.2112426, -0.5993161, 0.6577915, 0.35723817, 0.60417336, 0.70895, 0.6997823, 0.61907995, 0.3785526, -0.47665516, -0.529773, -0.39115402, -0.2397318, 0.49707496, -0.5103382, 0.2189349, -0.35944194, 0.6618202, 0.2791834, 0.2983713, -0.92703724, -0.36592335, 0.9238461, 0.70835143, 0.23346551, -0.5867951, -0.1394541, -0.58466005, -0.19808385, 0.56876874, 0.5546465, -0.96935713, -0.1230859, -0.4344334, 0.48961255, 0.42004037, -0.17360431, 0.9972004, -0.36063376, -0.4791335, 0.7112365, 0.6621919, -0.582646, 0.007318085, -0.5705712, -0.39541203, -0.5053704, -0.4428396, 0.65038645, -0.40207416, -0.2923263, 0.64193714, -0.9304898, 0.28112483, -0.91294694, 0.88763267, 0.3330866, 0.35845357, 0.6704133, -0.55330527, -0.11078892, 0.6180792, 0.37760982, -0.32346028, 0.0067531117, 0.57135284, -0.30221176, 0.36472812, -0.70879495, -0.044057418, 0.82729834, 0.4951517, -0.32388583, 0.97821563, 0.025008874, 0.7257255, 0.85457385, -0.7986885, -0.09077895, 0.013771735, 0.19529338, -0.21350695, -0.30050808, 0.13685644, -0.9035877, -0.72628677, -0.025780607, -0.2791285, -0.43760943, -0.26252237, 0.4983056, 0.10502992, -0.8540544, 0.2513645, 0.5467723, 0.19461478, -0.9665471, -0.5312628, -0.76340985, 0.2891989, 0.5048014, 0.23643482, -0.96378106, 0.5993162, -0.43335682, -0.32834116, -0.5415634, -0.2344819, -0.7792457, 0.72094786, -0.69211173, 0.041315027, -0.96362466, -0.8643165, -0.3067121, -0.45346776, -0.98621345, -0.72148, -0.6241187, 0.2995726, -0.92839855, 0.6229525, -0.8278527, 0.062055424, -0.23514362, -0.9898239, 0.009215927, 0.94376594, 0.8332421, 0.2421153, -0.6205255, 0.99385977, 0.30222416, 0.74558455, -0.04533543, -0.05296335, -0.068053, -0.7819348, -0.66467583, -0.88465846, 0.8099967, -0.4287225, -0.2962581, 0.19213167, -0.36236244, -0.07991424, -0.86349076, -0.23847911, -0.97921115, 0.099012, -0.14712165, 0.026897758, -0.7550365, -0.94168055, 0.92188185, -0.1411063, -0.068285726, -0.25335798, -0.954412, -0.7275813, 0.7209395, -0.10363874, 0.78411406, 0.090303645, 0.014109646, -0.9866404, 0.4739521, 0.2625297, -0.93435615, -0.98938555, 0.2502687, 0.17416999, 0.7702067, -0.6257951, -0.57188404, 0.14283213, 0.37559623, 0.98321164, 0.82985723, 0.5788916, 0.76684, 0.005338528, -0.19238998, -0.80021644, 0.15236789, -0.26752204, 0.7156866, -0.74950427, 0.559814, 0.73489714, -0.29814288, 0.61684567, 0.14461672, 0.5855237, -0.04499754, -0.4677852, 0.040626533, -0.8730652, -0.65215474, 0.34542382, -0.5872833, -0.6492879, -0.34300387, 0.6389828, 0.5508301, 0.2121721, -0.55369097, -0.78071815, -0.86452496, -0.19776297, -0.6573689, 0.2776741, -0.27341628, -0.0016219319, -0.47099376, -0.7096863, 0.79719067, 0.6792164, -0.4945897, 0.28233498, -0.43143582, -0.66738063, 0.45556703, -0.016458975, -0.49398634, -0.27873355, -0.7659877, -0.30451116, 0.61506283, -0.607925, 0.3717628, 0.25237107, -0.9899967, 0.049885735, -0.48137948, -0.288636, -0.45428863, -0.33609104, 0.20438032, -0.38561857, -0.20635746, -0.17891827, 0.6069461, -0.022387212, -0.25616798, 0.04352732, -0.079714544, 0.85470676, -0.8774518, -0.62855, 0.6175816, -0.43183568, -0.76294476, -0.18929178, -0.43406454, 0.6239019, 0.7470961, -0.75520265, 0.93663627, 0.5904503, -0.20113595, -0.28221738, -0.10445862, -0.8841003, 0.04458112, 0.04146141, 0.21673997, 0.13021821, -0.4764163, -0.34743547, -0.31247517, -0.6901025, 0.25353146, -0.98607516, 0.3820447, 0.44296694, 0.66986704, 0.6284387, 0.5208803, -0.19992298, -0.022547357, -0.11198608, -0.67216516, -0.46188432, 0.587999, -0.055587918, 0.6540538, 0.33187813, 0.4289731, -0.838764, 0.79996437, -0.120801136, -0.489799, 0.32667056, 0.9875608, -0.7988952, -0.7948857, 0.8586315, -0.26827034, 0.5465376, 0.55026037, 0.59114754, -0.53564095, -0.46889266, 0.3822082, -0.14605664, -0.17317466, -0.5366997, -0.60242754, -0.62735015, 0.38143054, 0.6209607, -0.22033095, -0.16996516, -0.6064769, -0.30354333, -0.21365573, 0.2660355, 0.81590337, -0.85421646, 0.65767586, -0.51052433, -0.44243985, -0.43532702, 0.34850717, 0.046413217, 0.6075656, -0.24847135, 0.40046906, -0.17470749, -0.3693335, 0.3430912, 0.25235686, 0.6026409, -0.746578, -0.47717348, 0.71387494, -0.32316798, -0.74182856, -0.71497315, 0.35160163, 0.5401921, -0.7540536, 0.6754193, 0.35832235, 0.089979194, -0.10206599, 0.8372836, -0.06757525, -0.6328686, -0.9154817, -0.56522983, 0.2782932, -0.5305526, 0.8226282, 0.7082174, 0.49873912, 0.35559714, 0.89570516, 0.6084521, 0.4726403, -0.8871555, -0.14254165, -0.07035461, 0.9449592, 0.7630179, 0.42442712, -0.44265345, 0.46101832, 0.78350633, -0.08704893, -0.532776, 0.6694828, 0.6442671, -0.2991169, 0.8761246, 0.31479532, -0.81498826, -0.17355889, -0.47743827, -0.8291095, 0.46570772, -0.7993004, 0.4798334, 0.81526, -0.22110166, 0.3687137, 0.39234924, 0.056671493, -0.34785333, 0.9705418, -0.5517685, 0.35099778, -0.9948349, -0.22682981, -0.8319119, 0.5277371, -0.5127101, 0.75620854, -0.5724148, -0.1332797, -0.8938325, 0.8385014, -0.8651701, 0.57367206, 0.3667342, 0.31669858, 0.10617835, -0.18455082, -0.1327751, -0.96576804, 0.85744625, -0.39656165, 0.8767852, -0.46240523, 0.9193273, -0.2841384, -0.9863791, -0.83670413, -0.664481, 0.38817805, 0.6466413, 0.2783068, 0.6094052, -0.89353913, 0.104509644, -0.45779714, 0.011701778, 0.87411946, 0.6909404, -0.8257165, 0.65166557, -0.1524179, -0.21115409, 0.4350703, -0.18225193, -0.6448355, -0.31009147, -0.5042646, -0.6642956, -0.97780484, -0.32197168, 0.74698144, -0.01958066, 0.8371259, 0.57155776, -0.6851389, -0.15044867, 0.60503125, -0.96147174, 0.10356996, -0.8981357, -0.22325417, -0.41852757, 0.38340056, 0.10848637, 0.66392875, -0.7312306, -0.2542315, -0.4969266, 0.13260123, -0.6917403, -0.19317214, -0.30034405, -0.682709, -0.5870451, -0.8492459, -0.85213494, -0.9113494, -0.5086017, -0.8006713, -0.42150745, 0.4025203, -0.5894109, -0.5484819, -0.85204023, 0.54207367, -0.8931358, -0.43358484, -0.4473377, 0.44803724, -0.34520543, -0.24816936, -0.03165923, 0.30057073, -0.5644815, 0.06479786, 0.38206863, -0.672321, -0.8447409, 0.8291443, -0.5620696, -0.85712147, -0.3313312, -0.77956146, 0.12095423, -0.036761243, 0.08148599, -0.36934787, -0.48147428, 0.0189055, -0.62338126, 0.9773252, 0.536778, -0.79808253, -0.83622247, -0.4833189, -0.7727683, 0.036984865, 0.8289929, 0.9351851, 0.61071974, -0.444421, -0.3945012, 0.5492301, 0.5552446, 0.8755725, -0.85120714, -0.49379718, -0.302775, 0.4688123, -0.9511303, -0.50787634, -0.7744437, 0.8785918, -0.64466995, 0.7842816, -0.5840001, -0.4919888, 0.5021461, -0.12593573, -0.5706555, -0.5943027, 0.46433666, -0.10086666, 0.90325063, 0.42968017, -0.40993014, 0.69234973, -0.35669675, -0.05285714, -0.5117398, 0.08166524, 0.1594906, 0.06056775, -0.9132612, -0.600355, -0.27789608, 0.45521957, -0.83287805, 0.82262874, 0.74439704, -0.57991016, 0.07477716, -0.27030116, -0.047442336, 0.9082121, -0.24683985, 0.8690294, -0.862539, 0.5908207, 0.054555345, -0.007645777, -0.15713975, 0.26922244, 0.06612166, -0.8477718, 0.39089084, -0.33883813, 0.27612042, -0.34144732, -0.99930716, 0.13536955, 0.028885003, -0.7925762, -0.7852435, -0.042024706, 0.98323524, 0.2950063, 0.95959276, 0.5304113, -0.33546612, -0.27272534, -0.35322034, 0.32222244, -0.6458596, -0.17478076, -0.21296746, 0.74276096, 0.35575494, 0.6672991, 0.0092853615, -0.5361363, 0.28941774, -0.5631485, -0.4970308, -0.53663796, 0.15788464, 0.6452888, -0.4856751, -0.40830126, 0.8264631, 0.9828791, 0.9164446, -0.1772542, -0.7236371, -0.2298958, -0.16608046, 0.82451606, 0.36924344, 0.7712413, -0.07601456, -0.10562765, -0.76913446, 0.53739727, -0.47919923, 0.37753806, -0.98687387, -0.6274977, -0.26104015, 0.7923366, 0.3490398, -0.009156739, 0.026356068, -0.98362064, -0.7446448, 0.034563504, -0.53065914, -0.45860887, -0.60499877, -0.8151902, 0.49763516, -0.37374946, 0.81503654, -0.53039265, 0.8018956, -0.23989162, -0.6230477, 0.93315166, -0.28652608, 0.15685609, -0.59408176, 0.5135513, -0.5495186, -0.5260737, 0.74358994, -0.6545843, -0.6050055, 0.49515882, 0.00893656, 0.25893492, -0.2236141, 0.51438177, 0.02641916, -0.023192275, 0.06891041, -0.2738929, 0.06128504, -0.72101355, -0.5349475, 0.26989108, 0.25748557, 0.52814966, -0.22619106, -0.3845407, 0.17433257, 0.16256018, -0.19526716, -0.25128528, -0.7635378, -0.014816308, -0.3393404, 0.9282667, -0.13170256, -0.6219591, -0.25319263, -0.86464596, -0.8313275, -0.31345767, 0.14819194, 0.30712584, -0.4759235, 0.10839813, -0.82186085, -0.3189376, 0.489572, -0.027584212, -0.71628743, 0.20336132, -0.9546057, 0.91223884, -0.110687606, 0.09327306, -0.88865507, -0.36239058, -0.13705921, 0.16238442, -0.6224878, -0.7169378, -0.87763834, -0.9103891, 0.8965443, -0.345885, -0.7822467, -0.98233753, -0.1896091, -0.16286138, 0.11979739, 0.05512185, 0.08485707, 0.098299965, 0.61830235, -0.81849277, -0.30676588, 0.83289605, -0.1361023, 0.65832597, -0.8460949, -0.3999316, -0.5078185, 0.11988699, 0.24901019, -0.68511146, -0.5811801, 0.8567419, 0.8914384, -0.17649478, -0.79029155, -0.1825728, 0.7701915, 0.816029, -0.34037757, 0.84798586, 0.63363075, 0.92789847, -0.8320565, 0.05871968, 0.86450374, -0.6483301, -0.88645655, -0.5600048, -0.1268642, 0.32517383, 0.46403554, -0.6439271, -0.5670563, -0.09559056, 0.64690965, -0.5051102, 0.050832912, 0.4865862, -0.07322887, -0.06098644, -0.55725, 0.5072065, -0.97579587, 0.5616325, 0.6456262, -0.2456632, 0.260676, 0.4049099, 0.56894726, -0.4206786, 0.95387685, -0.46431372, 0.1426969, -0.22293995, 0.47033295, -0.06047529, -0.35741684, -0.06677388, -0.8346917, 0.752951, 0.029791234, 0.17431712, 0.8942585, -0.40859726, -0.8603054, -0.518814, -0.49127924, -0.15828677, 0.95941925, 0.96961635, 0.23019387, 0.44924444, 0.6451713, -0.35677078, 0.85091734, -0.35399684, -0.19993839, -0.6738358, 0.7556506, 0.2882041, 0.6112283, -0.78258514, -0.32270274, -0.75338197, 0.8026559, 0.17831033, 0.46731293, 0.9106367, 0.106203124, -0.4695998, 0.017454749, 0.82885337, -0.5527084, -0.9665225, 0.27148876, 0.10829861, 0.57595074, 0.887361, -0.5353073, -0.7487516, -0.286681, -0.3961916, 0.9676247, -0.530241, -0.9541543, 0.48361608, 0.3453224, -0.30019197, -0.7821567, -0.43890446, 0.032437246, 0.045313213, 0.46983555, 0.16655242, 0.5511094, 0.38733253, 0.93068916, -0.11221424, -0.3467105, -0.6971531, -0.5170888, -0.96818435, 0.23374237, -0.7542632, -0.09596332, 0.7288633, 0.09527234, 0.2317993, -0.64754325, -0.78480077, -0.626732, -0.09811057, -0.9055256, 0.018392567, 0.82588357, -0.5182675, 0.1940235, -0.8894508, 0.33617613, 0.14813623, 0.87963074, -0.35495222, 0.7027542, -0.3310296, 0.44986555, -0.40477666, 0.9297219, 0.74272746, 0.07110466, 0.83593184, -0.25174844, 0.29134628, 0.6405577, -0.588185, 0.47978717, -0.85204315, 0.51867354, 0.7904373, -0.8271668, -0.17685844, -0.8918305, 0.70665604, 0.16574623, 0.9323142, -0.7118219, 0.9599436, -0.36661395, 0.39782798, 0.22260517, -0.089499846, -0.006802141, -0.318679, -0.04147743, -0.53394336, -0.82582617, 0.67143947, -0.3496154, 0.43568918, 0.63916314, -0.69772714, 0.9365529, 0.5035617, -0.8488662, -0.5446243, 0.5921535, -0.35050353, -0.80243444, -0.53603446, 0.47037122, -0.1996592, 0.90464747, -0.13998355, 0.72103775, 0.07914197, -0.40079674, -0.8456439, 0.142951, -0.896187, 0.01234447, -0.87252146, 0.036796045, -0.61500305, -0.30048215, -0.49240315, 0.29289758, 0.45825714, 0.23127843, -0.23816185, 0.42632386]","[-7.0, 4.0, 4.0, -2.0, -1.0, 4.0, -1.0, 2.0, -2.0, -3.0, -2.0, -1.0, 4.0, -2.0, 4.0, -2.0, -2.0, -3.0, -7.0, -1.0, -8.0, -2.0, -2.0, -7.0, 5.0, 10.0, -7.0, -8.0, 3.0, -7.0, -14.0, 4.0, -2.0, 4.0, 5.0, 3.0, 4.0, -6.0, -7.0, -7.0, 0.0, 5.0, -1.0, -4.0, 1.0, 5.0, 3.0, -7.0, -3.0, -2.0, 5.0, 3.0, 5.0, -1.0, 1.0, 1.0, -1.0, -2.0, 0.0, 4.0, 3.0, 4.0, -2.0, 0.0, 3.0, 4.0, -7.0, -3.0, -2.0, 5.0, 5.0, 2.0, -1.0, 4.0, -6.0, 3.0, 4.0, -3.0, -1.0, 6.0, -2.0, -6.0, -1.0, -7.0, 6.0, 10.0, -1.0, -1.0, 0.0, 4.0, -1.0, 6.0, -1.0, 10.0, -2.0, 4.0, 4.0, -3.0, -6.0, -4.0, -1.0, -1.0, 1.0, -1.0, -8.0, 5.0, 1.0, 3.0, 5.0, -3.0, -2.0, -7.0, -7.0, -2.0, 4.0, -8.0, 5.0, -7.0, 5.0, -3.0, 5.0, 5.0, 0.0, 4.0, -2.0, 3.0, -1.0, 4.0, 3.0, -2.0, 5.0, -1.0, -4.0, -7.0, -2.0, -8.0, -1.0, -8.0, 3.0, 4.0, 4.0, 5.0, -2.0, 4.0, 5.0, 4.0, -8.0, 0.0, -7.0, 4.0, -10.0, 5.0, -3.0, 0.0, -2.0, -7.0, 4.0, 4.0, 4.0, -1.0, -3.0, 4.0, 5.0, 3.0, -13.0, -1.0, -7.0, 4.0, -9.0, -5.0, 3.0, -1.0, 5.0, 3.0, 1.0, -2.0, -2.0, -2.0, -3.0, 0.0, 3.0, -2.0, -2.0, -5.0, -2.0, -2.0, 5.0, -6.0, 2.0, 10.0, -3.0, -2.0, 4.0, -4.0, -2.0, 0.0, -2.0, -8.0, -2.0, -2.0, -8.0, -2.0, -2.0, 5.0, -1.0, 5.0, -1.0, -3.0, -1.0, -1.0, 5.0, 4.0, -2.0, 4.0, 1.0, -8.0, 4.0, 4.0, -2.0, -3.0, 4.0, -7.0, -3.0, -7.0, 8.0, 5.0, 4.0, -3.0, 0.0, 4.0, -7.0, 0.0, 5.0, -2.0, 0.0, 4.0, 4.0, 4.0, -1.0, 3.0, 1.0, -1.0, -6.0, 3.0, 2.0, 0.0, 4.0, -5.0, -2.0, 6.0, -2.0, -5.0, -2.0, -1.0, -2.0, -4.0, -1.0, -4.0, -2.0, -2.0, -2.0, 5.0, -7.0, -2.0, 4.0, -1.0, -7.0, 1.0, -7.0, 5.0, 4.0, -1.0, -1.0, -6.0, 6.0, -1.0, 5.0, -2.0, -4.0, -7.0, 4.0, -1.0, 0.0, -1.0, -1.0, 12.0, 0.0, -1.0, 4.0, 4.0, -1.0, -2.0, -8.0, -2.0, -2.0, -1.0, -7.0, -1.0, -3.0, -2.0, 4.0, 3.0, 4.0, -1.0, -1.0, 0.0, -3.0, 4.0, 0.0, -2.0, 3.0, 3.0, -6.0, -1.0, -2.0, 0.0, 1.0, -1.0, 5.0, 4.0, -1.0, -8.0, -1.0, 3.0, 6.0, 1.0, -7.0, 4.0, 5.0, 2.0, 0.0, 0.0, 4.0, 10.0, -2.0, -2.0, -8.0, -2.0, 4.0, 12.0, -1.0, 5.0, -4.0, -7.0, -7.0, 0.0, -1.0, -1.0, -2.0, -1.0, -3.0, -1.0, -1.0, 4.0, 5.0, 5.0, -2.0, -7.0, 3.0, -1.0, -7.0, -1.0, 4.0, -7.0, 6.0, -1.0, 4.0, 10.0, 4.0, -7.0, -1.0, 13.0, 4.0, 9.0, 0.0, 4.0, -3.0, 4.0, 5.0, 4.0, 4.0, 4.0, -2.0, 5.0, -1.0, 4.0, 3.0, 5.0, 5.0, 3.0, 0.0, 5.0, -2.0, 11.0, 5.0, 11.0, -2.0, -2.0, 5.0, 10.0, -3.0, 5.0, 10.0, -1.0, 3.0, -1.0, -7.0, 5.0, -2.0, 4.0, -2.0, 3.0, 3.0, 1.0, -8.0, -2.0, -10.0, 5.0, 0.0, -3.0, -8.0, 1.0, 8.0, -6.0, 6.0, 3.0, -7.0, -7.0, -2.0, -1.0, -1.0, -1.0, -2.0, -2.0, -2.0, -2.0, -14.0, -7.0, -1.0, -7.0, -1.0, -8.0, 4.0, -2.0, 5.0, -2.0, 5.0, -2.0, 5.0, 4.0, -1.0, -2.0, 4.0, 4.0, 5.0, 4.0, 3.0, -1.0, 4.0, 2.0, 4.0, -2.0, -2.0, -1.0, 9.0, -1.0, -1.0, -8.0, 0.0, 5.0, 2.0, 4.0, -1.0, 5.0, -1.0, 5.0, -8.0, -1.0, -2.0, -1.0, -2.0, -2.0, -10.0, 5.0, -5.0, -1.0, 5.0, 11.0, -1.0, 0.0, -5.0, -2.0, -2.0, 2.0, -2.0, -2.0, -2.0, -8.0, 0.0, -2.0, -7.0, 4.0, -7.0, -1.0, -3.0, -5.0, 4.0, 2.0, -1.0, -2.0, 4.0, 5.0, -4.0, 4.0, -1.0, -1.0, -1.0, 3.0, 9.0, -7.0, 4.0, -2.0, -3.0, -2.0, -2.0, 5.0, 4.0, 4.0, -5.0, -1.0, -1.0, 3.0, -3.0, -1.0, -7.0, 0.0, -1.0, 4.0, 3.0, -5.0, 5.0, 4.0, -1.0, -1.0, 4.0, -3.0, -1.0, -1.0, -2.0, -2.0, 5.0, 5.0, -2.0, 1.0, -7.0, 5.0, 4.0, -2.0, -1.0, 3.0, -1.0, -7.0, -5.0, -2.0, -1.0, -1.0, 5.0, -1.0, 0.0, 4.0, -3.0, -7.0, -2.0, -1.0, -1.0, -2.0, 3.0, -3.0, -2.0, 1.0, 1.0, -3.0, 0.0, -1.0, -8.0, 4.0, 3.0, 1.0, -1.0, -2.0, -7.0, -2.0, -1.0, 3.0, -1.0, -1.0, 5.0, -3.0, 4.0, 0.0, -2.0, -7.0, -7.0, 3.0, 5.0, -1.0, 11.0, 4.0, -1.0, 4.0, -2.0, 0.0, 10.0, 0.0, -7.0, -2.0, -8.0, -2.0, 7.0, -1.0, -1.0, 4.0, 6.0, 5.0, 4.0, 2.0, -1.0, -2.0, 10.0, -4.0, -1.0, -2.0, 4.0, -1.0, -1.0, 0.0, 5.0, -1.0, 2.0, -1.0, -2.0, -1.0, -6.0, 2.0, -1.0, -2.0, 1.0, -2.0, 3.0, -2.0, -2.0, 6.0, -2.0, -2.0, 1.0, -2.0, -2.0, -6.0, 4.0, 1.0, 5.0, -3.0, -3.0, 5.0, 4.0, -6.0, -2.0, -1.0, -1.0, 0.0, -1.0, -3.0, 3.0, 3.0, 1.0, 0.0, 5.0, 1.0, -1.0, -1.0, -2.0, -1.0, 5.0, -3.0, 5.0, -1.0, -12.0, -2.0, -1.0, -1.0, -5.0, -7.0, -1.0, -2.0, -3.0, 6.0, 8.0, -3.0, 0.0, 4.0, 3.0, 5.0, -1.0, 3.0, 4.0, -1.0, 4.0, -1.0, 5.0, -15.0, -7.0, -1.0, -2.0, 1.0, -7.0, 5.0, -1.0, 1.0, -2.0, 6.0, 0.0, -4.0, -1.0, -2.0, 2.0, -2.0, 0.0, -6.0, -8.0, -2.0, 4.0, 4.0, -2.0, 1.0, 1.0, -5.0, 4.0, -1.0, -3.0, 10.0, -2.0, 5.0, 3.0, -1.0, 3.0, 5.0, 4.0, -2.0, -3.0, 4.0, 4.0, -1.0, 3.0, 10.0, -1.0, 2.0, -2.0, 4.0, -2.0, 5.0, -6.0, 5.0, -1.0, -5.0, 4.0, 0.0, 5.0, 0.0, -2.0, -2.0, -8.0, -2.0, -1.0, 5.0, -1.0, 5.0, -2.0, -1.0, -2.0, -2.0, -2.0, -2.0, 10.0, 4.0, 3.0, 3.0, 4.0, 10.0, 4.0, 4.0, -2.0, 0.0, -2.0, -13.0, 4.0, -1.0, 9.0, -2.0, 4.0, 3.0, 4.0, -2.0, -2.0, 5.0, -3.0, -7.0, -2.0, -2.0, -2.0, -7.0, -1.0, -2.0, 0.0, 10.0, 9.0, -1.0, 4.0, -2.0, -2.0, -7.0, 5.0, 11.0, 4.0, 5.0, -1.0, -8.0, 4.0, -2.0, -5.0, 4.0, -1.0, -7.0, -1.0, 4.0, 0.0, -1.0, -1.0, -8.0, -2.0, -1.0, 5.0, 4.0, -9.0, -4.0, -1.0, -14.0, 2.0, -12.0, -2.0, -7.0, 6.0, -1.0, 5.0, -8.0, -7.0, -1.0, -2.0, -4.0, 3.0, -2.0, -7.0, 0.0, 4.0, 5.0, 5.0, 9.0, 5.0, 2.0, -2.0, -1.0, 7.0, -1.0, 3.0, -1.0, 4.0, 4.0, -1.0, -2.0, 5.0, 4.0, -2.0, -2.0, -1.0, 4.0, -1.0, 0.0, -4.0, 3.0, -8.0, 4.0, -5.0, -1.0, -7.0, -2.0, -7.0, -1.0, 3.0, 5.0, -2.0, 5.0, -9.0, 5.0, -2.0, 0.0, -1.0, -5.0, -1.0, -1.0, -14.0, 0.0, 5.0, 11.0, -2.0, 5.0, 5.0, 4.0, 4.0, -1.0, -1.0, 4.0, -2.0, -1.0, -5.0, 4.0, 5.0, 4.0, 2.0, -7.0, -2.0, -2.0, 5.0, 6.0, -1.0, 4.0, 0.0, 5.0, 5.0, -7.0, -6.0, 6.0, 3.0, -7.0, -7.0, -3.0, -7.0, -1.0, 5.0, -6.0, -13.0, 10.0, -1.0, 6.0, 10.0, -1.0, 3.0, -2.0, 0.0, 1.0, -2.0, -3.0, -2.0, 5.0, 5.0, -3.0, -2.0, -6.0, 15.0, 5.0, 3.0, -4.0, 5.0, 0.0, -1.0, 5.0, -2.0, 4.0, -1.0, 5.0, 4.0, -1.0, 4.0, -1.0, 11.0, -2.0, -8.0, -1.0, 8.0, 5.0, 9.0, 2.0, -6.0, 4.0, 3.0, -8.0, -1.0, 11.0, -2.0, -2.0, -20.0, -2.0]",8.192839107609505,0.0033166408538818,0.0,0.0,0
38,38,"[0.34883726, -0.87597376, -0.5565657, -0.05358915, 0.15583734, 0.38321912, 0.18851069, -0.082929686, 0.5713873, -0.0067796335, -0.28522852, -0.43067497, -0.8221773, -0.19868104, -0.09516607, 0.371316, -0.80332005, -0.6094699, 0.92028517, 0.39696503, -0.629477, -0.80096513, 0.69409996, 0.5249726, 0.39593548, 0.3555946, 0.060117, -0.1910257, 0.27357075, -0.5249343, -0.805697, 0.42669314, -0.45401725, -0.97820973, 0.063171186, 0.8904988, 0.32411507, 0.7922569, -0.20358683, 0.94443345, -0.7408359, -0.26688474, -0.99776, -0.576541, 0.055820957, 0.5386808, 0.9509853, 0.25897214, -0.6890356, -0.10787917, -0.48940405, 0.16497065, -0.75518554, -0.14030197, -0.18368576, -0.88202995, 0.9788777, 0.40582898, -0.5551939, 0.21138035, 0.82637924, 0.01429727, 0.30888575, 0.7837391, 0.7708099, 0.5023752, -0.20749477, 0.46316126, -0.30108604, -0.27831343, 0.61714166, 0.8048865, -0.7932924, -0.11050973, -0.026945401, 0.9004084, -0.4323155, 0.6021819, 0.8424709, -0.6337868, -0.6848134, 0.05469441, 0.56470764, -0.6159845, 0.630365, -0.6931644, -0.29727942, 0.97003806, 0.08089591, 0.27979955, -0.9013812, -0.6401174, 0.60661644, 0.7007735, 0.4158368, 0.8611744, -0.67701507, 0.40192634, -0.9472962, 0.8444491, -0.48346472, 0.70778614, 0.070599355, -0.5713283, -0.5531202, -0.79768854, -0.35645434, -0.09550828, 0.6977436, -0.42425784, -0.65730083, -0.74360275, 0.45795944, 0.6083722, -0.9938154, 0.3727093, 0.8065065, -0.5868787, 0.059329435, -0.009825873, 0.60002804, 0.9480552, 0.11363983, -0.92902815, -0.9109252, 0.6075744, 0.609647, 0.2657708, 0.9460044, -0.9596452, 0.23556441, 0.99662787, -0.07345771, 0.2623065, -0.024790598, -0.15061064, 0.28620788, 0.7074473, 0.6150488, -0.8886406, 0.9043002, -0.6644973, -0.21057297, 0.9340703, -0.80180734, -0.90559477, -0.515551, 0.08359005, -0.6154965, -0.82302225, 0.022786848, 0.3774286, 0.037067868, -0.96095175, 0.30149075, -0.61859196, -0.1619426, 0.36721742, 0.70051825, 0.4227658, 0.5840125, -0.7517227, -0.7936521, 0.2881548, 0.7485695, 0.82687443, 0.5479464, 0.18664768, 0.97825795, 0.042505108, 0.6481969, 0.89284885, 0.26242414, -0.62822837, -0.7978915, -0.50164545, 0.33883876, -0.17967393, 0.48631832, 0.31449848, 0.7316299, -0.542216, -0.9248279, -0.20525663, 0.48472086, -0.5525061, 0.36320648, 0.15871803, -0.4012192, -0.45968828, 0.6185143, -0.07734507, 0.58012176, 0.8953462, 0.8791167, 0.32984966, 0.17741239, 0.4424454, 0.3358522, -0.35268688, -0.7670635, -0.2335707, 0.8234921, 0.6572231, -0.8989519, -0.50812525, 0.375486, -0.30581528, 0.16198808, 0.9018103, -0.9592476, 0.061806377, 0.32183677, -0.65482664, -0.21764289, -0.5883434, -0.1961231, -0.78297794, -0.59311676, -0.115528464, -0.31148118, -0.049725365, 0.70803285, 0.19392544, -0.32967588, 0.07960065, -0.8110159, -0.6341249, -0.641247, 0.7215299, 0.036858704, -0.27295482, -0.09696571, -0.2962781, 0.5094589, -0.67299795, 0.7064196, 0.57262075, 0.66365194, 0.5318692, 0.6990552, -0.82334936, -0.9059006, 0.3508926, -0.8768946, -0.3705145, 0.329104, 0.94472593, 0.3227907, -0.85906094, 0.6422026, -0.61911607, 0.82569104, -0.11539594, 0.52541775, 0.30790886, -0.52583677, -0.42825657, 0.05791024, -0.8898928, -0.744558, -0.17024203, 0.83720493, 0.89116836, -0.5873038, 0.73413366, 0.6815368, 0.027800957, -0.9640156, 0.79130757, -0.4799002, 0.06148556, -0.07120659, 0.7846881, 0.54938173, -0.42639512, -0.07045282, 0.361327, -0.3531025, 0.27857056, -0.025361609, -0.7302204, -0.7508626, -0.8353317, 0.94964826, -0.03412974, -0.08691915, -0.8671291, -0.9367045, 0.5661064, -0.54801905, -0.8969748, 0.8176621, 0.19721417, -0.77667946, -0.69269145, -0.9354039, 0.15411495, 0.5054057, -0.093220524, -0.4551161, 0.23611428, 0.43470824, 0.74003637, 0.649107, 0.36822072, -0.9039038, -0.4515812, -0.8712144, 0.277101, -0.17487381, -0.5033173, -0.45315018, -0.8644377, 0.8697717, -0.8741925, 0.8156053, -0.69755745, -0.9397416, 0.9809199, -0.8743861, 0.23961338, -0.07142441, -0.6199967, -0.80596846, -0.5920637, 0.11903636, -0.42369145, -0.9792204, -0.4366135, 0.082216226, -0.3302956, 0.6558627, -0.18296954, 0.8991376, 0.86388844, -0.7397158, 0.1387432, -0.6565689, -0.59866166, -0.21425264, -0.5847398, -0.50569105, -0.584598, 0.08725623, -0.5429316, -0.41382056, -0.9093518, 0.36661568, -0.78262293, 0.63249445, 0.05846016, -0.36711767, -0.5259412, 0.41768342, -0.80613786, -0.54042965, 0.77418745, -0.14073302, -0.8372042, -0.37044096, 0.43641406, 0.482907, 0.30904993, 0.6999964, -0.8810585, 0.92945707, -0.9299475, -0.42724198, -0.91073483, -0.12775934, 0.92720175, -0.9408356, -0.9219516, -0.34076712, 0.81496125, 0.28546575, 0.49003252, 0.24608335, 0.75559324, -0.43651378, -0.78666514, 0.08218557, -0.41870084, 0.7900212, 0.0013770222, -0.5219633, -0.65996045, -0.62658626, -0.800271, -0.27488837, 0.090522334, 0.17160667, -0.35505113, -0.91009915, -0.0042959386, -0.4238586, -0.0063357386, 0.107323304, -0.67356825, 0.93424946, -0.91785806, 0.9106148, 0.13293344, -0.52561903, 0.20793656, 0.81568676, -0.12097466, -0.22748785, -0.49462286, 0.42287856, 0.030757273, -0.11650667, -0.8311704, -0.4876326, 0.38509843, -0.47311997, -0.78563845, 0.7203177, -0.3148228, 0.25123107, -0.20241486, -0.46580893, 0.017803244, -0.77685714, -0.7645645, -0.07961814, 0.42057064, -0.79951125, -0.580918, 0.5913848, -0.45999116, -0.72443306, -0.21193969, -0.28758773, -0.4546945, 0.85967743, -0.21532108, -0.3002904, 0.59971666, -0.44858167, -0.72656107, -0.52223784, 0.9181325, -0.64714915, -0.29229218, 0.5635802, 0.2019884, 0.18062243, 0.14091398, -0.17644936, -0.0046136617, 0.29695487, -0.52439326, -0.9983037, -0.30878726, 0.59281087, 0.45525944, 0.40894505, 0.21775788, 0.8565253, -0.66438633, -0.21612206, 0.5915135, 0.3881763, 0.7750087, 0.8573473, 0.24437317, 0.77174747, 0.7258177, -0.43335164, -0.23501717, 0.6844214, 0.39801407, -0.98292863, 0.66060346, -0.62859386, -0.7707539, -0.70662946, -0.05539498, -0.34817794, -0.40735933, 0.8012629, 0.64232993, -0.8018945, -0.16510046, -0.15452483, 0.28946033, -0.0362822, -0.3145371, 0.38977602, 0.8586641, 0.48689774, -0.5268167, 0.39471495, -0.1609396, 0.57077694, 0.10243147, -0.81247884, -0.6664903, -0.12580281, 0.17080006, -0.14237595, 0.8526722, -0.47518343, -0.67454445, -0.34568807, 0.113136515, 0.6623195, 0.10860225, -0.40777785, 0.44194892, -0.84771836, 0.22201845, -0.7176701, 0.16867529, -0.12384127, 0.15131436, -0.6180948, 0.06118723, -0.5773627, 0.23439543, 0.28749323, -0.6473985, 0.86503, -0.9638506, -0.5705039, 0.44817868, 0.07945248, -0.53450394, 0.03843323, 0.86390096, -0.9631407, 0.59592384, -0.23620269, -0.71457905, -0.31529832, 0.13988526, 0.15927659, -0.28255448, -0.48104453, 0.7447853, -0.3926865, 0.49004474, 0.14923689, -0.6146799, 0.8177292, 0.29499155, -0.8178045, -0.52071273, -0.3941735, 0.64016503, 0.17242977, 0.37816405, 0.9300664, -0.89362013, 0.92605865, 0.16589111, 0.42632288, 0.23482001, -0.46234053, -0.7214664, 0.32190186, 0.8204611, 0.7016813, 0.46413594, 0.43325907, -0.4669423, 0.009845568, 0.72601795, -0.09261246, -0.68312865, 0.54222983, 0.74626124, 0.16798006, 0.5582595, 0.9989922, -0.98978907, -0.1847866, -0.8582117, 0.6873723, 0.9896115, -0.6489222, -0.94746625, -0.5004768, 0.49332115, -0.4760899, 0.1804953, -0.043475553, 0.23544991, 0.6889174, 0.9972779, -0.24681981, -0.35461485, -0.8139749, -0.007851191, -0.62327516, 0.050286107, -0.57946885, -0.028658189, -0.16930631, -0.8650832, -0.77473384, -0.22911099, 0.8141428, -0.6823608, -0.010728061, -0.42601997, -0.523256, -0.24401529, -0.6820436, -0.016658613, -0.40128946, 0.15160622, -0.90184075, -0.68701005, -0.56393117, 0.99573976, 0.2433253, 0.6275765, 0.7717863, 0.5968764, 0.99490964, 0.7485304, 0.7549087, 0.21781251, -0.54226756, -0.79281247, 0.9368243, 0.67694855, 0.12323031, -0.11418575, -0.9041829, -0.83021593, 0.43599477, 0.9596149, -0.8317924, 0.2732558, -0.2915887, 0.6745624, -0.15727785, -0.6682241, 0.52410376, -0.54343235, -0.15546805, 0.27749005, -0.45231077, -0.35259464, 0.6099908, -0.6998607, -0.42865676, 0.7842658, -0.8437272, 0.21757582, 0.56812704, -0.20816933, -0.23324676, -0.49872923, 0.36378798, -0.9023066, -0.44093218, 0.03370164, 0.45320022, -0.4761256, 0.5765919, -0.40764555, -0.6769927, 0.9580713, 0.9441817, -0.43564132, -0.16771391, -0.3799799, -0.6706011, -0.5298074, 0.70993525, 0.91785926, 0.47868556, 0.3928179, -0.59780407, -0.8204005, 0.30765793, 0.42874533, -0.17109422, 0.00045947157, 0.7055038, -0.8300235, -0.31486753, -0.26116708, -0.08947449, -0.57906514, -0.33507666, -0.48128632, -0.4099861, 0.7939612, 0.9606763, 0.18193348, -0.5315514, 0.66138494, 0.80749255, 0.6010132, 0.6669745, -0.33138493, -0.6863077, 0.26762727, -0.5508582, 0.15857911, 0.24286647, -0.17970732, 0.44668764, -0.44614175, 0.59258413, 0.1536505, -0.021256566, -0.4693028, -0.010291866, 0.46147427, 0.53574824, 0.8734658, -0.5848566, -0.10855107, 0.7424508, -0.36305675, -0.53360194, -0.7799784, -0.6339268, 0.4857799, -0.21895313, -0.53907925, 0.34669632, -0.38843095, 0.99879676, -0.31086498, -0.32633474, -0.124179855, -0.6116694, -0.24253468, 0.59006304, 0.19858985, 0.35663262, -0.64386624, -0.04796114, -0.50980556, 0.15334886, 0.9577326, -0.081609674, -0.56607115, 0.31014395, -0.30226034, -0.21315312, -0.18999355, 0.8562708, -0.27199334, -0.93929935, 0.9874088, 0.36943242, -0.8475057, -0.31954825, 0.34115833, -0.9503932, 0.36087784, 0.12348433, 0.11991977, -0.7398385, -0.55155087, 0.12770599, -0.4196101, -0.3613313, -0.36698306, 0.117135726, 0.8906045, -0.6930779, 0.08885614, 0.8885448, -0.42142877, -0.7665319, 0.44259313, -0.13111162, -0.5965662, -0.10632374, 0.97166216, -0.73270434, 0.32398477, 0.539901, 0.28856528, -0.62145466, -0.4070537, 0.5599014, -0.43408722, -0.8246493, -0.26562586, -0.105767116, 0.90299237, 0.04765114, 0.59896445, -0.043019112, 0.41882545, 0.6161248, -0.8309353, 0.9101901, -0.8311793, 0.7027635, -0.4013661, -0.074715346, -0.21766533, -0.742288, 0.25099427, -0.7367291, -0.8307147, -0.42102975, -0.823411, 0.5611095, 0.79336244, -0.009668026, 0.60240346, -0.2176141, 0.4176411, 0.82778513, 0.18811968, 0.18471205, -0.7055924, -0.23295744, -0.20240942, -0.5353268, 0.24817912, -0.7445861, 0.62094355, 0.9731654, 0.6702972, 0.5990667, -0.07078604, -0.9356407, -0.27459735, 0.414396, 0.3785182, -0.77468956, -0.7882461, -0.16690253, -0.3605314, -0.6098341, 0.6249311, -0.6381315, 0.23930077, -0.99026155, -0.456123, 0.83711505, -0.536795, -0.5585665, 0.48888093, 0.8274351, -0.50242114, -0.33857593, -0.2605503, -0.6580999, 0.51695067, -0.75851804, -0.82059455, -0.3761946, 0.72194624, -0.22692578, -0.04263097, 0.09087369, 0.057070732, -0.97057295, 0.72133714, -0.19544482, -0.47368723, 0.5508144, -0.8632679, 0.06593928, -0.57218343, 0.93872094, 0.9573958, -0.6360177, 0.1659509, -0.89693093, -0.07942045, -0.506369, -0.38180548, 0.74050075, 0.85392314, 0.9880968, 0.5683154, -0.17356738, -0.374088, 0.9951977, 0.6076036, -0.5922907, 0.096930355, 0.92924, 0.6795217, -0.98808634, -0.4982636, -0.67947763, 0.29916397, 0.15486844, 0.40038642, -0.34711406, 0.18536265, -0.92723393, -0.5540191, -0.63489914, -0.01185907, 0.37400678, 0.37462398, -0.79162186, -0.19754718, 0.42477673, -0.4904329, -0.9048345, 0.06209761, -0.65760595, -0.1432928, -0.48924214, 0.31083456, 0.23303513, 0.107771724, 0.9135397, 0.74558085, 0.27788967, -0.7840128, -0.44989344, 0.15919292, -0.7393875, 0.31427282, 0.268895, -0.5381788, 0.937441, 0.4740534, 0.5258541, 0.09801655, 0.297148, -0.8754754, -0.97978526, 0.7997754, 0.46124002, 0.61039793, 0.2816377, 0.43413314, -0.35718793, -0.5865835, 0.54252994, -0.7093978, 0.91405874, -0.7573834, -0.46892098, -0.93720776, 0.4300446, -0.6288294, 0.312774, -0.94196916, -0.17563687, -5.197752e-05, -0.22606708, -0.04259161, 0.2601898, -0.058183946, -0.021800302, 0.06568134, -0.042529695, 0.028440388, -0.0733778, -0.3544723, 0.655653, -0.7029179, 0.6507098, 0.28634822, -0.9866828, -0.67693466, 0.9207782, 0.53235716, 0.75630176, 0.088903196, -0.34724477, 0.70343566, -0.11082046, -0.68253416, 0.31382072, -0.11044912, -0.41561046, 0.5602407, 0.073959894, 0.94521576, 0.9598626, 0.92650414, -0.49016905, -0.82489836, -0.68736565, -0.9571475, 0.52929896, -0.6745636, -0.6706356, -0.7935552, -0.85566825, 0.47129637, 0.8216767, -0.7370279, 0.8684319, -0.2562077, -0.91572106, -0.45068455]","[-7.0, 4.0, 4.0, -2.0, -1.0, 4.0, -1.0, 2.0, -2.0, -3.0, -2.0, -1.0, 4.0, -2.0, 4.0, -2.0, -2.0, -3.0, -7.0, -1.0, -8.0, -2.0, -2.0, -7.0, 5.0, 10.0, -7.0, -8.0, 3.0, -7.0, -14.0, 4.0, -2.0, 4.0, 5.0, 3.0, 4.0, -6.0, -7.0, -7.0, 0.0, 5.0, -1.0, -4.0, 1.0, 5.0, 3.0, -7.0, -3.0, -2.0, 5.0, 3.0, 5.0, -1.0, 1.0, 1.0, -1.0, -2.0, 0.0, 4.0, 3.0, 4.0, -2.0, 0.0, 3.0, 4.0, -7.0, -3.0, -2.0, 5.0, 5.0, 2.0, -1.0, 4.0, -6.0, 3.0, 4.0, -3.0, -1.0, 6.0, -2.0, -6.0, -1.0, -7.0, 6.0, 10.0, -1.0, -1.0, 0.0, 4.0, -1.0, 6.0, -1.0, 10.0, -2.0, 4.0, 4.0, -3.0, -6.0, -4.0, -1.0, -1.0, 1.0, -1.0, -8.0, 5.0, 1.0, 3.0, 5.0, -3.0, -2.0, -7.0, -7.0, -2.0, 4.0, -8.0, 5.0, -7.0, 5.0, -3.0, 5.0, 5.0, 0.0, 4.0, -2.0, 3.0, -1.0, 4.0, 3.0, -2.0, 5.0, -1.0, -4.0, -7.0, -2.0, -8.0, -1.0, -8.0, 3.0, 4.0, 4.0, 5.0, -2.0, 4.0, 5.0, 4.0, -8.0, 0.0, -7.0, 4.0, -10.0, 5.0, -3.0, 0.0, -2.0, -7.0, 4.0, 4.0, 4.0, -1.0, -3.0, 4.0, 5.0, 3.0, -13.0, -1.0, -7.0, 4.0, -9.0, -5.0, 3.0, -1.0, 5.0, 3.0, 1.0, -2.0, -2.0, -2.0, -3.0, 0.0, 3.0, -2.0, -2.0, -5.0, -2.0, -2.0, 5.0, -6.0, 2.0, 10.0, -3.0, -2.0, 4.0, -4.0, -2.0, 0.0, -2.0, -8.0, -2.0, -2.0, -8.0, -2.0, -2.0, 5.0, -1.0, 5.0, -1.0, -3.0, -1.0, -1.0, 5.0, 4.0, -2.0, 4.0, 1.0, -8.0, 4.0, 4.0, -2.0, -3.0, 4.0, -7.0, -3.0, -7.0, 8.0, 5.0, 4.0, -3.0, 0.0, 4.0, -7.0, 0.0, 5.0, -2.0, 0.0, 4.0, 4.0, 4.0, -1.0, 3.0, 1.0, -1.0, -6.0, 3.0, 2.0, 0.0, 4.0, -5.0, -2.0, 6.0, -2.0, -5.0, -2.0, -1.0, -2.0, -4.0, -1.0, -4.0, -2.0, -2.0, -2.0, 5.0, -7.0, -2.0, 4.0, -1.0, -7.0, 1.0, -7.0, 5.0, 4.0, -1.0, -1.0, -6.0, 6.0, -1.0, 5.0, -2.0, -4.0, -7.0, 4.0, -1.0, 0.0, -1.0, -1.0, 12.0, 0.0, -1.0, 4.0, 4.0, -1.0, -2.0, -8.0, -2.0, -2.0, -1.0, -7.0, -1.0, -3.0, -2.0, 4.0, 3.0, 4.0, -1.0, -1.0, 0.0, -3.0, 4.0, 0.0, -2.0, 3.0, 3.0, -6.0, -1.0, -2.0, 0.0, 1.0, -1.0, 5.0, 4.0, -1.0, -8.0, -1.0, 3.0, 6.0, 1.0, -7.0, 4.0, 5.0, 2.0, 0.0, 0.0, 4.0, 10.0, -2.0, -2.0, -8.0, -2.0, 4.0, 12.0, -1.0, 5.0, -4.0, -7.0, -7.0, 0.0, -1.0, -1.0, -2.0, -1.0, -3.0, -1.0, -1.0, 4.0, 5.0, 5.0, -2.0, -7.0, 3.0, -1.0, -7.0, -1.0, 4.0, -7.0, 6.0, -1.0, 4.0, 10.0, 4.0, -7.0, -1.0, 13.0, 4.0, 9.0, 0.0, 4.0, -3.0, 4.0, 5.0, 4.0, 4.0, 4.0, -2.0, 5.0, -1.0, 4.0, 3.0, 5.0, 5.0, 3.0, 0.0, 5.0, -2.0, 11.0, 5.0, 11.0, -2.0, -2.0, 5.0, 10.0, -3.0, 5.0, 10.0, -1.0, 3.0, -1.0, -7.0, 5.0, -2.0, 4.0, -2.0, 3.0, 3.0, 1.0, -8.0, -2.0, -10.0, 5.0, 0.0, -3.0, -8.0, 1.0, 8.0, -6.0, 6.0, 3.0, -7.0, -7.0, -2.0, -1.0, -1.0, -1.0, -2.0, -2.0, -2.0, -2.0, -14.0, -7.0, -1.0, -7.0, -1.0, -8.0, 4.0, -2.0, 5.0, -2.0, 5.0, -2.0, 5.0, 4.0, -1.0, -2.0, 4.0, 4.0, 5.0, 4.0, 3.0, -1.0, 4.0, 2.0, 4.0, -2.0, -2.0, -1.0, 9.0, -1.0, -1.0, -8.0, 0.0, 5.0, 2.0, 4.0, -1.0, 5.0, -1.0, 5.0, -8.0, -1.0, -2.0, -1.0, -2.0, -2.0, -10.0, 5.0, -5.0, -1.0, 5.0, 11.0, -1.0, 0.0, -5.0, -2.0, -2.0, 2.0, -2.0, -2.0, -2.0, -8.0, 0.0, -2.0, -7.0, 4.0, -7.0, -1.0, -3.0, -5.0, 4.0, 2.0, -1.0, -2.0, 4.0, 5.0, -4.0, 4.0, -1.0, -1.0, -1.0, 3.0, 9.0, -7.0, 4.0, -2.0, -3.0, -2.0, -2.0, 5.0, 4.0, 4.0, -5.0, -1.0, -1.0, 3.0, -3.0, -1.0, -7.0, 0.0, -1.0, 4.0, 3.0, -5.0, 5.0, 4.0, -1.0, -1.0, 4.0, -3.0, -1.0, -1.0, -2.0, -2.0, 5.0, 5.0, -2.0, 1.0, -7.0, 5.0, 4.0, -2.0, -1.0, 3.0, -1.0, -7.0, -5.0, -2.0, -1.0, -1.0, 5.0, -1.0, 0.0, 4.0, -3.0, -7.0, -2.0, -1.0, -1.0, -2.0, 3.0, -3.0, -2.0, 1.0, 1.0, -3.0, 0.0, -1.0, -8.0, 4.0, 3.0, 1.0, -1.0, -2.0, -7.0, -2.0, -1.0, 3.0, -1.0, -1.0, 5.0, -3.0, 4.0, 0.0, -2.0, -7.0, -7.0, 3.0, 5.0, -1.0, 11.0, 4.0, -1.0, 4.0, -2.0, 0.0, 10.0, 0.0, -7.0, -2.0, -8.0, -2.0, 7.0, -1.0, -1.0, 4.0, 6.0, 5.0, 4.0, 2.0, -1.0, -2.0, 10.0, -4.0, -1.0, -2.0, 4.0, -1.0, -1.0, 0.0, 5.0, -1.0, 2.0, -1.0, -2.0, -1.0, -6.0, 2.0, -1.0, -2.0, 1.0, -2.0, 3.0, -2.0, -2.0, 6.0, -2.0, -2.0, 1.0, -2.0, -2.0, -6.0, 4.0, 1.0, 5.0, -3.0, -3.0, 5.0, 4.0, -6.0, -2.0, -1.0, -1.0, 0.0, -1.0, -3.0, 3.0, 3.0, 1.0, 0.0, 5.0, 1.0, -1.0, -1.0, -2.0, -1.0, 5.0, -3.0, 5.0, -1.0, -12.0, -2.0, -1.0, -1.0, -5.0, -7.0, -1.0, -2.0, -3.0, 6.0, 8.0, -3.0, 0.0, 4.0, 3.0, 5.0, -1.0, 3.0, 4.0, -1.0, 4.0, -1.0, 5.0, -15.0, -7.0, -1.0, -2.0, 1.0, -7.0, 5.0, -1.0, 1.0, -2.0, 6.0, 0.0, -4.0, -1.0, -2.0, 2.0, -2.0, 0.0, -6.0, -8.0, -2.0, 4.0, 4.0, -2.0, 1.0, 1.0, -5.0, 4.0, -1.0, -3.0, 10.0, -2.0, 5.0, 3.0, -1.0, 3.0, 5.0, 4.0, -2.0, -3.0, 4.0, 4.0, -1.0, 3.0, 10.0, -1.0, 2.0, -2.0, 4.0, -2.0, 5.0, -6.0, 5.0, -1.0, -5.0, 4.0, 0.0, 5.0, 0.0, -2.0, -2.0, -8.0, -2.0, -1.0, 5.0, -1.0, 5.0, -2.0, -1.0, -2.0, -2.0, -2.0, -2.0, 10.0, 4.0, 3.0, 3.0, 4.0, 10.0, 4.0, 4.0, -2.0, 0.0, -2.0, -13.0, 4.0, -1.0, 9.0, -2.0, 4.0, 3.0, 4.0, -1.0, -2.0, 5.0, -3.0, -7.0, -2.0, -2.0, -2.0, -7.0, -1.0, -2.0, 0.0, 10.0, 9.0, -1.0, 4.0, -2.0, -2.0, -7.0, 5.0, 11.0, 4.0, 5.0, -1.0, -8.0, 4.0, -2.0, -5.0, 4.0, -1.0, -7.0, -1.0, 4.0, 0.0, -1.0, -1.0, -8.0, -2.0, -1.0, 5.0, 4.0, -9.0, -4.0, -1.0, -14.0, 2.0, -12.0, -2.0, -7.0, 6.0, -1.0, 5.0, -8.0, -7.0, -1.0, -2.0, -4.0, 3.0, -2.0, -7.0, 0.0, 4.0, 5.0, 5.0, 9.0, 5.0, 2.0, -2.0, -1.0, 7.0, -1.0, 3.0, -1.0, 4.0, 4.0, -1.0, -2.0, 5.0, 4.0, -2.0, -2.0, -1.0, 4.0, -1.0, 0.0, -4.0, 3.0, -8.0, 4.0, -5.0, -1.0, -7.0, -2.0, -7.0, -1.0, 3.0, 5.0, -2.0, 5.0, -9.0, 5.0, -2.0, 0.0, -1.0, -5.0, -1.0, -1.0, -14.0, 0.0, 5.0, 11.0, -2.0, 5.0, 5.0, 4.0, 4.0, -1.0, -1.0, 4.0, -2.0, -1.0, -5.0, 4.0, 5.0, 4.0, 2.0, -7.0, -2.0, -2.0, 5.0, 6.0, -1.0, 4.0, 0.0, 5.0, 5.0, -7.0, -6.0, 6.0, 3.0, -7.0, -7.0, -3.0, -7.0, -1.0, 5.0, -6.0, -13.0, 10.0, -1.0, 6.0, 10.0, -1.0, 3.0, -2.0, 0.0, 1.0, -2.0, -3.0, -2.0, 5.0, 5.0, -3.0, -2.0, -6.0, 15.0, 5.0, 3.0, -4.0, 5.0, 0.0, -1.0, 5.0, -2.0, 4.0, -1.0, 5.0, 4.0, -1.0, 4.0, -1.0, 11.0, -2.0, -8.0, -1.0, 8.0, 5.0, 9.0, 2.0, -6.0, 4.0, 3.0, -8.0, -1.0, 11.0, -2.0, -2.0, -20.0, -2.0]",8.191414266461646,0.0032641887664794,0.0,0.0,0
39,39,"[0.9662629, 0.051782697, 0.22018695, -0.88190347, -0.6422603, 0.7472814, -0.85953796, -0.69685, -0.20201959, -0.925334, 0.81855494, -0.9080113, -0.1288142, 0.6147574, 0.836037, 0.92460185, -0.6761004, -0.56222355, -0.18896416, -0.13780311, -0.3566482, 0.030359698, -0.7998939, 0.24609713, 0.9387201, -0.81949484, 0.32422528, -0.83239764, 0.13136373, -0.47436616, -0.24495472, -0.037914347, -0.6281514, -0.9294418, 0.18271318, 0.16332023, -0.4836862, 0.6392563, -0.74483377, 0.89206654, -0.61761993, -0.16680212, 0.6811559, -0.79228085, 0.27884576, -0.73685503, 0.88864416, 0.6080521, -0.26860884, 0.07869388, -0.762453, -0.2602493, -0.25117704, 0.27422467, 0.09034089, -0.5952216, 0.7990089, -0.43165287, -0.26151818, -0.029126031, 0.40714929, -0.10952432, 0.7795636, -0.6771634, -0.62857157, 0.1838447, -0.75890905, 0.8116135, -0.20343168, -0.32998887, -0.36453283, -0.0401144, 0.6263341, 0.8140472, -0.8410167, -0.689838, -0.4431857, -0.5021031, -0.7923032, -0.031592067, 0.18499213, 0.74661905, 0.30260637, -0.92184687, -0.9609174, 0.9646877, -0.17848763, -0.53657943, -0.69216317, 0.9108787, 0.2673181, -0.81156945, 0.4454122, -0.43463463, -0.67380416, 0.009207006, 0.847597, -0.95550454, 0.8160881, -0.82839364, -0.68361455, 0.3795839, -0.4085402, -0.79796886, 0.09052946, 0.46412474, -0.8594778, -0.6469835, -0.13176216, -0.2554106, 0.51991904, 0.50061786, 0.10894599, -0.15783393, 0.15877783, -0.5303333, 0.8645951, 0.30899748, -0.13777672, -0.8311623, -0.9917699, -0.94271374, 0.94569176, -0.26206967, -0.941614, 0.8033254, -0.4675422, -0.3260041, -0.61869204, -0.8060751, 0.7999227, -0.34387326, 0.16872461, 0.786091, 0.4078257, -0.00094502146, -0.47463915, 0.11513011, 0.16082771, 0.6533317, 0.13855194, -0.44213772, -0.77863514, -0.7803678, -0.163799, -0.09292851, 0.44398266, -0.8135261, -0.6919181, -0.9479751, 0.6426537, 0.14822748, -0.4310509, 0.9691352, 0.4132897, -0.077806614, -0.5542405, 0.9275442, -0.7090658, 0.3898918, 0.63689, 0.2147725, 0.9897695, 0.823488, -0.11319196, 0.05784525, -0.91328603, 0.014243129, 0.13829173, 0.30856606, -0.7742573, -0.6653671, -0.5299998, -0.4076235, -0.8042945, -0.26475382, -0.66120285, 0.21607721, 0.52897024, -0.113732636, -0.02621923, 0.47555906, 0.047694873, -0.69882524, 0.19810829, 0.8679467, -0.08294216, -0.14571309, 0.15188831, 0.4695142, -0.5614603, 0.5764967, -0.0054208036, 0.2699733, -0.3617325, 0.47548845, 0.9276627, 0.5689238, 0.6204189, -0.30141822, -0.46020812, 0.29419246, -0.8762924, -0.93557686, 0.5328969, 0.49354485, 0.6351044, 0.31179738, 0.07825797, -0.09681392, -0.46122667, -0.9651044, 0.91236717, -0.37991142, 0.6625526, -0.27583355, -0.4958341, 0.08919683, -0.1657944, -0.47678977, 0.09952679, 0.8597867, -0.22787158, -0.3169429, -0.27149272, -0.6126225, 0.45795313, -0.51248616, 0.97386503, 0.06189247, 0.88046145, -0.7577323, 0.7144135, -0.43752322, -0.4929002, -0.6145953, -0.852857, 0.205707, -0.88724655, 0.8268728, -0.70974195, -0.9478768, -0.17420723, -0.46041226, -0.5526408, -0.4525221, -0.4876002, 0.44049114, 0.8291041, -0.1365048, 0.40624136, -0.6443742, -0.0048989975, -0.7243803, 0.248199, -0.23684642, -0.29769868, 0.39297807, -0.38942856, -0.2418395, -0.36233765, 0.6303431, -0.15980478, 0.2572443, -0.007418452, 0.80346036, -0.267215, 0.68738556, 0.9216739, -0.03184784, 0.52288425, -0.46000037, -0.36535144, -0.05370158, 0.8195872, -0.5326833, -0.92517614, -0.35645908, 0.19074664, 0.96243817, 0.6507931, 0.17212805, 0.6121683, 0.18971388, 0.56282395, 0.6006283, 0.39488462, -0.53828204, 0.7172143, 0.4013683, 0.58748686, -0.7817066, -0.8779751, 0.789808, 0.65808076, -0.64085454, -0.9232873, 0.7368267, 0.8667518, -0.31558993, -0.17872477, 0.3804522, 0.86460346, -0.104322836, 0.8023184, 0.80999094, 0.8530835, -0.7371039, -0.536651, -0.86727554, 0.39624354, -0.5120901, -0.7531656, 0.2993566, 0.31686306, -0.41968408, 0.10681466, -0.7052358, 0.780689, -0.07958967, 0.8713939, 0.647209, -0.34109014, 0.7842885, -0.9914585, -0.71062005, 0.5988809, -0.7359892, -0.7954321, -0.3125259, 0.3678099, -0.59998053, 0.1402243, 0.35740808, -0.8625708, 0.19311476, 0.14286333, -0.82728326, 0.17965394, 0.41235238, 0.59803337, 0.11982384, -0.36093885, 0.62556225, 0.8561342, 0.7051951, 0.80282444, 0.54161733, 0.62946576, -0.42819664, 0.21736538, -0.15280078, -0.3053695, -0.72757536, 0.5917273, -0.68172973, 0.66849947, 0.7126951, 0.10652815, -0.7160905, -0.09084418, 0.8152212, -0.2810039, -0.059248425, 0.34096134, -0.33443996, -0.47709462, 0.25358784, 0.12364336, -0.45359865, -0.6902182, 0.9329031, -0.5849538, 0.006476231, 0.08660602, 0.78350806, -0.13017306, 0.434552, 0.003234828, 0.33366385, 0.71225005, 0.37144515, 0.84744763, -0.36755764, 0.5885014, 0.11337348, -0.27386102, 0.66457385, 0.5150518, -0.6194936, -0.62443715, -0.05178105, -0.7798822, 0.6416517, -0.047388673, -0.031895645, 0.14445095, 0.17430948, 0.33725318, 0.0042602615, -0.39377913, 0.67945, 0.0019769878, -0.015566587, 0.92266744, -0.8704968, -0.68752843, 0.8874588, 0.98556477, 0.8882161, -0.14205004, 0.038517717, 0.0054501407, -0.1466887, -0.34209833, -0.35835403, -0.1299187, 0.027459472, 0.39387715, 0.69836277, 0.7828495, -0.3929029, -0.8587089, -0.002717067, -0.59566826, 0.2786664, -0.59446245, -0.07180973, 0.10279699, -0.8136524, 0.3159547, -0.42940006, 0.4257396, -0.27532265, -0.047056835, -0.796092, 0.303767, -0.097341895, 0.47658613, -0.9831785, -0.0026246493, -0.21046257, -0.26225513, 0.37565154, 0.7906508, -0.6543778, -0.5489672, -0.94812715, 0.87480766, -0.47000113, -0.021951916, -0.08689501, -0.85691255, -0.13789396, 0.94732815, -0.12193792, 0.6227485, -0.3020764, -0.26313254, -0.3780887, -0.7813707, -0.33945572, -0.13715096, 0.2629713, -0.4378285, -0.35577655, 0.5187748, 0.4423297, 0.17783338, 0.0029574283, -0.18621947, -0.02747872, 0.20203367, -0.45296732, -0.2229195, 0.31712094, 0.5043225, -0.016074266, 0.5327951, -0.10141658, -0.3079729, 0.7048548, -0.727499, -0.20633765, -0.27851865, -0.88994914, 0.20316826, -0.33106866, -0.82129693, -0.90078455, -0.3074519, -0.014147191, -0.031204239, 0.70733887, -0.77941424, 0.9957911, 0.3442526, -0.50343055, 0.34187812, 0.5147832, -0.49471647, -0.21852261, 0.40798348, -0.28043085, -0.90511465, -0.6552849, -0.9664108, -0.80818367, -0.7171774, -0.5363693, -0.16205922, -0.22094318, 0.41221002, 0.8057847, -0.57865745, 0.6643008, -0.09187032, 0.7027502, -0.10409409, 0.9892572, -0.10423658, -0.37758756, 0.41275927, -0.6871469, -0.037410736, 0.41713825, 0.9486354, 0.45852077, -0.79753083, 0.80429083, -0.012625984, 0.53102845, 0.72187287, -0.6201832, 0.7329818, -0.96588475, -0.94870496, 0.84898996, -0.541763, 0.40533462, -0.08135337, -0.41025153, 0.7699029, 0.76493335, -0.644797, 0.6702829, 0.32408354, -0.1270392, -0.4720046, -0.83092403, 0.35102376, 0.84150594, -0.33827558, -0.87597555, 0.73768395, -0.52286667, 0.9812579, 0.2906964, 0.7690652, -0.71324384, 0.200036, -0.045043405, -0.0033559406, -0.9529993, 0.5703885, -0.5897549, 0.1991205, -0.1572391, -0.8176266, 0.9187193, 0.3456355, -0.6782096, -0.8976137, -0.94903135, -0.91561985, 0.97527766, -0.11676821, 0.8534141, 0.39162996, 0.17613904, 0.17427607, -0.98047173, 0.9307261, -0.44797787, -0.24135391, 0.8349429, -0.12668414, -0.7663671, 0.56461906, 0.5284659, 0.10306832, -0.5883116, -0.34980088, 0.240721, -0.5579063, 0.65001494, 0.45000222, -0.64890385, 0.3696012, 0.71564674, 0.06557928, -0.016182562, -0.59314847, 0.14008735, 0.7894386, 0.4839072, -0.37163475, 0.066564485, 0.17674549, -0.018898277, -0.6905545, 0.16379905, -0.089778006, -0.7485271, -0.62759036, -0.53897756, -0.6015677, 0.77484775, 0.015750889, 0.67048514, -0.19854979, -0.00039995258, -0.9435644, -0.6790662, 0.9801159, 0.26327613, 0.3090494, -0.56666183, -0.15869965, -0.20288809, -0.47032627, -0.9646516, -0.5793388, 0.50598884, -0.16087484, 0.89568996, 0.49421206, -0.14629765, -0.87569857, -0.5297774, 0.3232776, 0.9357663, 0.7984087, -0.022938153, -0.50016767, 0.0943317, -0.15321285, -0.5551716, 0.3916196, -0.7901199, -0.23264748, 0.13101949, -0.94204354, -0.17835344, -0.79456717, -0.2417708, 0.5571401, 0.9318302, 0.0454933, 0.22200125, -0.29277045, -0.39046475, -0.1888375, 0.8176407, -0.15819363, 0.36159632, -0.6390984, 0.6381009, 0.8681884, -0.73701817, 0.9711435, 0.14327352, 0.58281857, -0.009975839, 0.39358994, -0.7379445, -0.21071795, 0.544281, 0.5676149, 0.77744216, -0.13317508, 0.7035109, -0.8235877, 0.14439268, 0.66459274, 0.15411063, -0.883607, -0.42145675, -0.82484543, 0.068325736, -0.8865653, -0.3829631, -0.1754429, -0.028453412, -0.99265087, -0.45380443, 0.4738194, 0.43790185, -0.79752296, 0.7486062, -0.9825441, -0.51905924, -0.97465867, 0.1236879, 0.040386554, -0.3580429, -0.18467827, -0.056710195, 0.80037093, 0.35464123, -0.86602277, 0.17236842, 0.21227846, 0.860342, 0.12310675, 0.726321, 0.75200844, 0.5781157, 0.17610674, -0.38780382, 0.889286, 0.3549389, 0.6567178, -0.6174449, -0.9549171, 0.26158977, -0.25125018, -0.5538965, -0.16176929, 0.55927694, -0.7752339, -0.30800095, -0.009876048, 0.40264088, -0.99555296, -0.5745413, -0.7664882, -0.60453767, -0.24270079, -0.4954782, -0.38068032, 0.5772089, 0.2717463, 0.66169226, 0.6216625, -0.30359465, 0.8710436, 0.3602311, -0.3751791, -0.47672266, -0.9827779, 0.63866997, -0.20009403, -0.5068392, 0.93299705, -0.69960153, 0.48217505, 0.31820032, 0.17002666, -0.7664968, -0.47213265, -0.59536266, 0.23159078, -0.81276506, -0.68417746, -0.22411358, -0.4549387, -0.31898382, 0.5068253, 0.1499751, 0.6594874, -0.94936836, -0.4249878, -0.24701951, 0.27843556, 0.72180605, -0.8448499, -0.32608593, 0.44376886, 0.99470156, 0.20505129, 0.37092343, -0.3165494, -0.6436379, -0.6213199, 0.88205224, -0.57012963, -0.5734596, 0.5391588, -0.77472365, -0.6091546, -0.002838849, -0.56587994, 0.79596317, 0.3499874, 0.14182474, -0.48939228, 0.76493704, -0.6099064, 0.86555177, -0.63591117, 0.0068144132, 0.7139049, 0.6212075, -0.15097515, 0.48609224, 0.58036315, -0.55970323, 0.8238495, -0.21122192, -0.19248405, 0.78665775, -0.46001825, -0.8336618, -0.082187906, -0.8211494, -0.35865137, -0.7009263, 0.5052247, 0.41718248, -0.821385, 0.98423195, -0.70450574, -0.8668846, 0.65789235, 0.32049382, -0.43576077, -0.38074034, -0.38283592, 0.8225883, -0.09294359, 0.46464872, 0.9345581, -0.2569587, 0.20161386, -0.66720885, -0.71462387, -0.35871118, 0.5684302, 0.7281937, -0.47701347, 0.7795164, 0.379755, -0.19857784, -0.22489798, 0.7093853, 0.8344471, 0.11854498, 0.33037493, 0.7314441, 0.18976708, -0.62760335, -0.938851, 0.9893501, 0.8807337, 0.7072897, 0.2164224, 0.52089876, 0.96705043, 0.5094964, 0.045390483, -0.65605056, -0.986521, -0.38518587, 0.013473588, 0.8838975, 0.8039977, 0.28261498, -0.11283112, -0.36135873, -0.060139496, 0.69940794, 0.928392, -0.57803476, 0.23072962, 0.036677025, -0.17284654, -0.834979, -0.2762047, -0.21444382, -0.6227656, -0.8083472, -0.67261666, -0.64246815, 0.24407166, 0.09949709, 0.34056872, 0.6217102, -0.44997585, -0.43131992, 0.7704449, -0.64182174, -0.6508268, 0.81897765, -0.32182747, -0.9550971, -0.6785773, -0.40937763, -0.44725823, -0.8327636, -0.119861394, 0.8637749, -0.7288785, -0.18492994, -0.63308173, 0.94364583, 0.85048044, -0.410196, -0.6147449, -0.84829414, 0.077942185, 0.8274419, 0.6263947, -0.6268205, 0.46040565, -0.25016445, 0.23538856, 0.89698094, -0.3333656, -0.1259483, -0.9113719, -0.7895057, -0.81398755, -0.33961454, 0.9289122, -0.4852868, -0.030913193, 0.3434402, 0.22048612, 0.07568886, 0.562491, 0.7327845, -0.7006863, -0.811236, 0.5593698, -0.75738883, 0.052221183, 0.7267117, -0.47214797, 0.8027025, -0.5034294, -0.9091827, 0.2643158, 0.31220943, 0.85410595, -0.40826035, -0.6423771, 0.50657624, -0.25600216, 0.9106074, 0.41638848, 0.57196546, -0.010348698, 0.5447678, 0.08228041, -0.32452354, -0.7921861, 0.7936024, 0.027709354, 0.7891786, -0.5740903, 0.8535356, 0.92097914, 0.18539685, -0.075507954, -0.8250404, 0.78605664, 0.94610614, -0.8588506, -0.78571963, -0.037795123, 0.9412667, -0.047547743, -0.9811445, -0.83890676, 0.72135013, -0.41157573, -0.6814898, 0.40077636, -0.9112841, 0.610967, 0.14463831, -0.95959675, 0.9720154, 0.42479783, 0.04398316, -0.50717616, 0.68572, 0.8753691, -0.39916867, -0.83198076, -0.5146437, 0.12014978, -0.3548468, 0.15508984, 0.7293154, 0.24042366, -0.8326846, 0.35897344, 0.33819476]","[-7.0, 4.0, 4.0, -2.0, -1.0, 4.0, -1.0, 2.0, -2.0, -3.0, -2.0, -1.0, 4.0, -2.0, 4.0, -2.0, -2.0, -3.0, -7.0, -1.0, -8.0, -2.0, -2.0, -7.0, 5.0, 10.0, -7.0, -8.0, 3.0, -7.0, -14.0, 4.0, -2.0, 4.0, 5.0, 3.0, 4.0, -6.0, -7.0, -7.0, 0.0, 5.0, -1.0, -4.0, 1.0, 5.0, 3.0, -7.0, -3.0, -2.0, 5.0, 3.0, 5.0, -1.0, 1.0, 1.0, -1.0, -2.0, 0.0, 4.0, 3.0, 4.0, -2.0, 0.0, 3.0, 4.0, -7.0, -3.0, -2.0, 5.0, 5.0, 2.0, -1.0, 4.0, -6.0, 3.0, 4.0, -3.0, -1.0, 6.0, -2.0, -6.0, -1.0, -7.0, 6.0, 10.0, -1.0, -1.0, 0.0, 4.0, -1.0, 6.0, -1.0, 10.0, -2.0, 4.0, 4.0, -3.0, -6.0, -4.0, -1.0, -1.0, 1.0, -1.0, -8.0, 5.0, 1.0, 3.0, 5.0, -3.0, -2.0, -7.0, -7.0, -2.0, 4.0, -8.0, 5.0, -7.0, 5.0, -3.0, 5.0, 5.0, 0.0, 4.0, -2.0, 3.0, -1.0, 4.0, 3.0, -2.0, 5.0, -1.0, -4.0, -7.0, -2.0, -8.0, -1.0, -8.0, 3.0, 4.0, 4.0, 5.0, -2.0, 4.0, 5.0, 4.0, -8.0, 0.0, -7.0, 4.0, -10.0, 5.0, -3.0, 0.0, -2.0, -7.0, 4.0, 4.0, 4.0, -1.0, -3.0, 4.0, 5.0, 3.0, -13.0, -1.0, -7.0, 4.0, -9.0, -5.0, 3.0, -1.0, 5.0, 3.0, 1.0, -2.0, -2.0, -2.0, -3.0, 0.0, 3.0, -2.0, -2.0, -5.0, -2.0, -2.0, 5.0, -6.0, 2.0, 10.0, -3.0, -2.0, 4.0, -4.0, -2.0, 0.0, -2.0, -8.0, -2.0, -2.0, -8.0, -2.0, -2.0, 5.0, -1.0, 5.0, -1.0, -3.0, -1.0, -1.0, 5.0, 4.0, -2.0, 4.0, 1.0, -8.0, 4.0, 4.0, -2.0, -3.0, 4.0, -7.0, -3.0, -7.0, 8.0, 5.0, 4.0, -3.0, 0.0, 4.0, -7.0, 0.0, 5.0, -2.0, 0.0, 4.0, 4.0, 4.0, -1.0, 3.0, 1.0, -1.0, -6.0, 3.0, 2.0, 0.0, 4.0, -5.0, -2.0, 6.0, -2.0, -5.0, -2.0, -1.0, -2.0, -4.0, -1.0, -4.0, -2.0, -2.0, -2.0, 5.0, -7.0, -2.0, 4.0, -1.0, -7.0, 1.0, -7.0, 5.0, 4.0, -1.0, -1.0, -6.0, 6.0, -1.0, 5.0, -2.0, -4.0, -7.0, 4.0, -1.0, 0.0, -1.0, -1.0, 12.0, 0.0, -1.0, 4.0, 4.0, -1.0, -2.0, -8.0, -2.0, -2.0, -1.0, -7.0, -1.0, -3.0, -2.0, 4.0, 3.0, 4.0, -1.0, -1.0, 0.0, -3.0, 4.0, 0.0, -2.0, 3.0, 3.0, -6.0, -1.0, -2.0, 0.0, 1.0, -1.0, 5.0, 4.0, -1.0, -8.0, -1.0, 3.0, 6.0, 1.0, -7.0, 4.0, 5.0, 2.0, 0.0, 0.0, 4.0, 10.0, -2.0, -2.0, -8.0, -2.0, 4.0, 12.0, -1.0, 5.0, -4.0, -7.0, -7.0, 0.0, -1.0, -1.0, -2.0, -1.0, -3.0, -1.0, -1.0, 4.0, 5.0, 5.0, -2.0, -7.0, 3.0, -1.0, -7.0, -1.0, 4.0, -7.0, 6.0, -1.0, 4.0, 10.0, 4.0, -7.0, -1.0, 13.0, 4.0, 9.0, 0.0, 4.0, -3.0, 4.0, 5.0, 4.0, 4.0, 4.0, -2.0, 5.0, -1.0, 4.0, 3.0, 5.0, 5.0, 3.0, 0.0, 5.0, -2.0, 11.0, 5.0, 11.0, -2.0, -2.0, 5.0, 10.0, -3.0, 5.0, 10.0, -1.0, 3.0, -1.0, -7.0, 5.0, -2.0, 4.0, -2.0, 3.0, 3.0, 1.0, -8.0, -2.0, -10.0, 5.0, 0.0, -3.0, -8.0, 1.0, 8.0, -6.0, 6.0, 3.0, -7.0, -7.0, -2.0, -1.0, -1.0, -1.0, -2.0, -2.0, -2.0, -2.0, -14.0, -7.0, -1.0, -7.0, -1.0, -8.0, 4.0, -2.0, 5.0, -2.0, 5.0, -2.0, 5.0, 4.0, -1.0, -2.0, 4.0, 4.0, 5.0, 4.0, 3.0, -1.0, 4.0, 2.0, 4.0, -2.0, -2.0, -1.0, 9.0, -1.0, -1.0, -8.0, 0.0, 5.0, 2.0, 4.0, -1.0, 5.0, -1.0, 5.0, -8.0, -1.0, -2.0, -1.0, -2.0, -2.0, -10.0, 5.0, -5.0, -1.0, 5.0, 11.0, -1.0, 0.0, -5.0, -2.0, -2.0, 2.0, -2.0, -2.0, -2.0, -8.0, 0.0, -2.0, -7.0, 4.0, -7.0, -1.0, -3.0, -5.0, 4.0, 2.0, -1.0, -2.0, 4.0, 5.0, -4.0, 4.0, -1.0, -1.0, -1.0, 3.0, 9.0, -7.0, 4.0, -2.0, -3.0, -2.0, -2.0, 5.0, 4.0, 4.0, -5.0, -1.0, -1.0, 3.0, -3.0, -1.0, -7.0, 0.0, -1.0, 4.0, 3.0, -5.0, 5.0, 4.0, -1.0, -1.0, 4.0, -3.0, -1.0, -1.0, -2.0, -2.0, 5.0, 5.0, -2.0, 1.0, -7.0, 5.0, 4.0, -2.0, -1.0, 3.0, -1.0, -7.0, -5.0, -2.0, -1.0, -1.0, 5.0, -1.0, 0.0, 4.0, -3.0, -7.0, -2.0, -1.0, -1.0, -2.0, 3.0, -3.0, -2.0, 1.0, 1.0, -3.0, 0.0, -1.0, -8.0, 4.0, 3.0, 1.0, -1.0, -2.0, -7.0, -2.0, -1.0, 3.0, -1.0, -1.0, 5.0, -3.0, 4.0, 0.0, -2.0, -7.0, -7.0, 3.0, 5.0, -1.0, 11.0, 4.0, -1.0, 4.0, -2.0, 0.0, 10.0, 0.0, -7.0, -2.0, -8.0, -2.0, 7.0, -1.0, -1.0, 4.0, 6.0, 5.0, 4.0, 2.0, -1.0, -2.0, 10.0, -4.0, -1.0, -2.0, 4.0, -1.0, -1.0, 0.0, 5.0, -1.0, 2.0, -1.0, -2.0, -1.0, -6.0, 2.0, -1.0, -2.0, 1.0, -2.0, 3.0, -2.0, -2.0, 6.0, -2.0, -2.0, 1.0, -2.0, -2.0, -6.0, 4.0, 1.0, 5.0, -3.0, -3.0, 5.0, 4.0, -6.0, -2.0, -1.0, -1.0, 0.0, -1.0, -3.0, 3.0, 3.0, 1.0, 0.0, 5.0, 1.0, -1.0, -1.0, -2.0, -1.0, 5.0, -3.0, 5.0, -1.0, -12.0, -2.0, -1.0, -1.0, -5.0, -7.0, -1.0, -2.0, -3.0, 6.0, 8.0, -3.0, 0.0, 4.0, 3.0, 5.0, -1.0, 3.0, 4.0, -1.0, 4.0, -1.0, 5.0, -15.0, -7.0, -1.0, -2.0, 1.0, -7.0, 5.0, -1.0, 1.0, -2.0, 6.0, 0.0, -4.0, -1.0, -2.0, 2.0, -2.0, 0.0, -6.0, -8.0, -2.0, 4.0, 4.0, -2.0, 1.0, 1.0, -5.0, 4.0, -1.0, -3.0, 10.0, -2.0, 5.0, 3.0, -1.0, 3.0, 5.0, 4.0, -2.0, -3.0, 4.0, 4.0, -1.0, 3.0, 10.0, -1.0, 2.0, -2.0, 4.0, -2.0, 5.0, -6.0, 5.0, -1.0, -5.0, 4.0, 0.0, 5.0, 0.0, -2.0, -2.0, -8.0, -2.0, -1.0, 5.0, -1.0, 5.0, -2.0, -1.0, -2.0, -2.0, -2.0, -2.0, 10.0, 4.0, 3.0, 3.0, 4.0, 10.0, 4.0, 4.0, -2.0, 0.0, -2.0, -13.0, 4.0, -1.0, 9.0, -2.0, 4.0, 3.0, 4.0, -2.0, -2.0, 5.0, -3.0, -7.0, -2.0, -2.0, -2.0, -7.0, -1.0, -2.0, 0.0, 10.0, 9.0, -1.0, 4.0, -2.0, -2.0, -7.0, 5.0, 11.0, 4.0, 5.0, -1.0, -8.0, 4.0, -2.0, -5.0, 4.0, -1.0, -7.0, -1.0, 4.0, 0.0, -1.0, -1.0, -8.0, -2.0, -1.0, 5.0, 4.0, -9.0, -4.0, -1.0, -14.0, 2.0, -12.0, -2.0, -7.0, 6.0, -1.0, 5.0, -8.0, -7.0, -1.0, -2.0, -4.0, 3.0, -2.0, -7.0, 0.0, 4.0, 5.0, 5.0, 9.0, 5.0, 2.0, -2.0, -1.0, 7.0, -1.0, 3.0, -1.0, 4.0, 4.0, -1.0, -2.0, 5.0, 4.0, -2.0, -2.0, -1.0, 4.0, -1.0, 0.0, -4.0, 3.0, -8.0, 4.0, -5.0, -1.0, -7.0, -2.0, -7.0, -1.0, 3.0, 5.0, -2.0, 5.0, -9.0, 5.0, -2.0, 0.0, -1.0, -5.0, -1.0, -1.0, -14.0, 0.0, 5.0, 11.0, -2.0, 5.0, 5.0, 4.0, 4.0, -1.0, -1.0, 4.0, -2.0, -1.0, -5.0, 4.0, 5.0, 4.0, 2.0, -7.0, -2.0, -2.0, 5.0, 6.0, -1.0, 4.0, 0.0, 5.0, 5.0, -7.0, -6.0, 6.0, 3.0, -7.0, -7.0, -3.0, -7.0, -1.0, 5.0, -6.0, -13.0, 10.0, -1.0, 6.0, 10.0, -1.0, 3.0, -2.0, 0.0, 1.0, -2.0, -3.0, -2.0, 5.0, 5.0, -3.0, -2.0, -6.0, 15.0, 5.0, 3.0, -4.0, 5.0, 0.0, -1.0, 5.0, -2.0, 4.0, -1.0, 5.0, 4.0, -1.0, 4.0, -1.0, 11.0, -2.0, -8.0, -1.0, 8.0, 5.0, 9.0, 2.0, -6.0, 4.0, 3.0, -8.0, -1.0, 11.0, -2.0, -2.0, -20.0, -2.0]",8.192839107609505,0.0033965110778808,0.0,0.0,0
40,40,"[-0.989293, 0.48761836, 0.4915233, 0.8097193, -0.5313992, 0.6848747, 0.40350658, 0.016646653, -0.4417754, 0.92378575, -0.014918459, -0.109986864, 0.15398076, 0.35529065, 0.85214126, 0.36896518, -0.9492946, -0.6776029, 0.15227598, -0.022604587, 0.63518316, -0.5820172, -0.39065334, 0.8106963, -0.7651377, -0.82786745, 0.7782354, 0.7292504, -0.8917612, -0.16767375, 0.5565445, -0.7847965, 0.4216244, 0.63988954, -0.27666432, 0.6652116, -0.45483074, 0.07852638, -0.57717997, -0.0068305423, 0.7258576, 0.45030972, 0.39667094, -0.66021293, -0.46311387, -0.8521328, 0.4600938, -0.05377968, 0.95187044, 0.24104881, -0.5437805, 0.9721223, 0.59765434, -0.68338245, 0.97395116, -0.42926422, -0.58898425, 0.9663619, 0.77537477, 0.43376598, -0.7845519, 0.5387362, 0.40705323, -0.21563977, 0.29362667, -0.1741031, -0.38266614, 0.9292586, -0.75846004, -0.7267727, 0.23346707, 0.40970036, 0.4112344, -0.16291766, 0.17366925, -0.31955895, -0.97035205, 0.5063538, -0.4856797, 0.92785007, -0.57245934, 0.79590243, -0.30820566, 0.8642485, 0.8046321, 0.55725855, 0.62039363, 0.6235163, -0.99789983, 0.6840706, 0.22450514, 0.2205314, 0.1863942, -0.9744314, 0.6299938, 0.9342293, -0.5717447, 0.8166167, 0.2567841, 0.30198455, -0.9395588, -0.4227909, 0.5452687, 0.41297418, 0.53304875, 0.15903188, -0.15054192, -0.83427066, 0.034969006, -0.82293856, -0.88483727, -0.8959791, 0.39103845, 0.1099022, 0.979309, 0.27613792, -0.013210843, 0.85779077, 0.40483993, 0.19849586, -0.0068066083, -0.46997267, 0.3415418, -0.79506695, -0.9467065, -0.9629689, -0.5335366, 0.44164994, -0.7397388, 0.3349518, -0.18320584, -0.40922764, 0.78676176, -0.0021870849, 0.73182523, -0.045621324, -0.08812743, 0.08280447, 0.63659227, 0.19231763, -0.68372244, 0.82075024, 0.55840415, -0.7512542, 0.53219783, -0.918179, -0.40725064, 0.46638414, -0.84249306, -0.053258125, 0.042223644, 0.8791537, -0.93867993, 0.02692557, 0.29307282, 0.6209436, 0.037945136, 0.145173, 0.89800185, 0.11867155, 0.6673889, -0.4420876, -0.9618693, -0.05334727, 0.6583845, 0.7122311, 0.56870586, 0.85907316, -0.15767041, 0.13790387, 0.43544674, -0.67460203, 0.7057042, -0.19240132, -0.8672912, -0.57553726, 0.21395554, -0.84588325, 0.96515495, -0.31673926, -0.0049322466, 0.39805156, -0.036076553, 0.25377867, 0.51043063, 0.9634007, -0.8667169, 0.881943, -0.9485881, -0.40088642, -0.4914988, 0.5218968, 0.32883024, 0.8158358, 0.8963302, -0.50663304, 0.32764173, -0.38625115, 0.7929276, 0.32158682, -0.61614084, 0.099825114, -0.4493702, 0.10531979, -0.6610026, -0.45268854, -0.7217009, -0.8026242, -0.7678831, 0.1538431, -0.72203696, 0.29180673, -0.9016821, 0.9710236, -0.4928293, 0.098769814, -0.6920048, 0.03472404, 0.7207248, -0.33457282, -0.7635853, 0.23514926, 0.75808716, -0.24319269, 0.84334755, 0.07725826, -0.6490019, 0.91601175, 0.8746838, -0.85781497, -0.5065184, 0.6651038, -0.55215335, -0.6650051, -0.6669986, -0.6043633, 0.30865914, 0.5256962, 0.97686654, -0.94832027, -0.23457225, 0.4782864, 0.27879977, -0.07769074, -0.4719326, 0.9749409, 0.49189326, 0.4668132, 0.14589235, -0.85598415, -0.53477234, 0.6157892, -0.9738505, 0.48600656, 0.8780528, -0.3089189, -0.79763055, -0.6712023, 0.4255743, 0.47463068, -0.7787758, -0.4890027, 0.16181481, 0.07124864, 0.15721625, -0.9373867, 0.83829474, 0.05733656, -0.24977301, 0.75863814, 0.6300619, -0.29069453, -0.24547161, -0.57774913, 0.5314878, 0.16858974, -0.32417586, -0.38282922, 0.10841933, 0.817097, 0.042184427, -0.7982117, -0.45247436, -0.5852726, 0.31605226, -0.0742055, -0.915301, -0.7761203, -0.5178209, -0.033690017, -0.47127864, -0.581674, 0.67160314, -0.33602005, 0.97582895, -0.85648495, 0.26403534, -0.6814571, -0.16720684, -0.2034393, 0.7044724, -0.5271524, -0.51592624, 0.18812154, -0.84811395, 0.9322486, 0.37323406, -0.7412955, 0.5272263, 0.30674073, -0.16673937, 0.6482032, -0.19934829, 0.13422878, -0.5433203, 0.004066114, 0.4102393, -0.53047454, -0.23842995, 0.9465848, -0.38606054, 0.11373811, -0.7727917, -0.15407056, -0.2861533, 0.725809, -0.5058086, -0.83580357, 0.9697207, -0.11204496, 0.96720123, 0.35083237, -0.17347917, -0.7444487, -0.9371043, -0.47999784, 0.5919885, -0.70436317, 0.18565905, -0.28826174, 0.40050337, 0.039536364, 0.82046455, 0.30988455, -0.923719, 0.7094433, -0.64806724, 0.44768065, -0.961745, -0.20277902, 0.13152215, 0.9585786, 0.26869455, 0.33871213, 0.32107687, -0.41899863, -0.012837649, -0.9362674, 0.62003005, -0.64759064, 0.1785088, -0.64023256, 0.74402714, 0.13941751, 0.47885647, 0.727477, -0.7364148, 0.95705366, -0.41829178, -0.9540305, 0.3996021, 0.2094255, -0.43359867, 0.7485607, 0.8480249, -0.48073965, 0.6323432, -0.14927304, 0.2010989, -0.71218985, -0.29681736, 0.8326545, -0.20989853, -0.08281554, -0.8742381, 0.83580345, -0.6591558, -0.8451613, -0.91122824, 0.01134853, -0.6071192, 0.17183155, -0.9715758, 0.8654938, -0.10071616, 0.16011187, -0.32583225, -0.18071753, -0.7414211, -0.7370921, -0.6744735, -0.7810419, 0.8593198, 0.17722185, 0.80851555, 0.5870655, 0.88983154, 0.70513994, -0.083830036, 0.15346967, -0.0027311423, -0.80925304, -0.45228282, -0.63816756, -0.45960698, 0.16199252, 0.29318058, -0.509213, -0.19162604, -0.61882514, 0.20140629, -0.0035738626, -0.7728212, -0.58769655, -0.61568767, -0.28919995, -0.6930787, -0.11287736, 0.63030213, 0.39235157, -0.6182116, 0.18794344, -0.7834203, 0.9077258, 0.9453699, 0.42046314, 0.31590098, 0.36847553, 0.037147403, 0.8599284, 0.9969422, 0.8202816, 0.5800766, -0.26175386, 0.7241658, 0.8554257, -0.7770574, 0.80599666, 0.093050286, -0.33399814, 0.06281817, -0.09804114, -0.9834482, -0.5600875, -0.1142091, 0.09919366, 0.9261678, 0.6468675, 0.6681401, -0.13182616, 0.6699486, -0.4209039, 0.17716558, -0.115159705, 0.6216247, 0.17909768, 0.6164874, -0.33724228, 0.86270136, -0.03265005, 0.6255368, 0.6918326, -0.4214387, 0.06766644, 0.27110407, 0.773666, -0.82932365, 0.060886636, -0.7353266, -0.15527414, 0.9138714, -0.50401634, -0.2050214, 0.7631943, -0.07795534, -0.0750246, 0.79278153, -0.20016575, -0.7803339, -0.8334632, -0.09361886, 0.96734124, -0.73759544, 0.8973512, -0.9567432, 0.617122, -0.18607998, -0.10521212, -0.8546726, -0.15469207, -0.49282, 0.08304151, -0.6733262, 0.2762869, -0.423662, -0.00015746529, -0.11541823, -0.36434987, 0.4928505, -0.7170154, 0.6021207, 0.28438944, -0.4828054, 0.5898063, -0.015242329, 0.32682908, 0.90808135, -0.17992167, 0.21255355, 0.8969215, 0.19266756, -0.40447214, 0.009678622, 0.61143476, -0.98977876, -0.7487055, -0.8424287, 0.66929287, -0.93418753, -0.29011384, 0.013920377, -0.19197631, -0.2997287, 0.81782806, 0.543323, -0.9604666, -0.062511615, -0.021463942, -0.38689008, -0.15216075, -0.307429, 0.5951108, 0.47355893, -0.3704011, 0.8200051, -0.9845526, 0.3277688, -0.02207552, 0.42290804, -0.39457923, -0.9166852, 0.15967302, 0.2900362, -0.4646558, 0.0320704, 0.45151526, -0.19134992, 0.030491732, -0.3161495, -0.4991546, 0.75765544, -0.5882824, 0.7722872, 0.42903802, 0.074758, -0.47783202, 0.1257502, 0.36119497, -0.6670061, -0.46670702, 0.11787304, -0.083784744, -0.9658975, 0.56868285, -0.45556512, -0.988217, 0.15240476, -0.82174265, -0.04127227, -0.115856916, -0.6546923, 0.7246146, -0.067604944, -0.1368206, 0.8533037, 0.34401134, 0.462401, 0.060608402, -0.30774498, 0.74226207, 0.61078554, -0.13341042, 0.48287514, 0.06293132, 0.4669451, -0.16777839, 0.3553398, 0.83514893, 0.0669372, -0.16265135, -0.34331572, -0.04468236, -0.8046429, -0.87904125, -0.683006, 0.109375365, -0.4270332, -0.90029055, 0.9947789, -0.7167328, 0.5767034, 0.09923773, 0.9877094, -0.21483159, -0.28966004, 0.023541305, 0.5666418, 0.50043494, 0.916086, -0.3896681, -0.103404924, 0.3406734, 0.89497745, -0.018797936, 0.72757024, 0.8629974, -0.7694381, 0.19315934, 0.07264782, 0.16371824, -0.24603903, -0.042606194, -0.44986132, -0.69658554, -0.7430317, 0.043412067, 0.03307973, -0.92717344, 0.15155242, -0.3684036, 0.21294172, 0.5799333, -0.17031594, -0.7184013, -0.4296706, 0.7946895, 0.7357345, -0.5892957, -0.72101057, 0.6275501, -0.45506114, 0.033141267, 0.50053936, -0.23608829, 0.5197747, 0.7537651, 0.4424725, -0.88766515, 0.023983983, 0.17303762, -0.33512157, -0.22162978, 0.8069199, -0.6500031, -0.058047526, -0.4158387, -0.6706084, -0.59440523, 0.23194785, -0.171537, 0.70144254, -0.16953652, 0.5225349, 0.95795757, 0.4746435, -0.6444697, 0.35327226, -0.5150119, 0.94159526, 0.5922901, -0.97737217, 0.8499947, 0.37118903, -0.37203535, -0.78270936, -0.18536468, 0.17295304, 0.05156004, 0.055301055, -0.11403425, 0.059509143, 0.059868988, 0.5698242, 0.7003809, 0.044039488, -0.06183409, -0.24035186, -0.1259733, -0.39328855, 0.77222466, -0.9541198, 0.7691687, -0.1232012, -0.34345078, 0.09310592, -0.22242922, -0.8129326, 0.03563547, -0.34726864, 0.68669075, 0.36173302, -0.43502888, -0.7175551, 0.9334787, 0.080804, 0.9270284, 0.5830344, 0.37838277, -0.24558021, 0.088678166, -0.98432994, 0.8090841, -0.93050605, -0.8071602, 0.7910907, 0.6776628, 0.26645595, 0.7640927, -0.15896726, 0.80858076, 0.5007698, 0.60067695, -0.669159, -0.75169027, -0.120345086, 0.82946104, -0.29839984, 0.4584106, -0.5309639, 0.79833317, -0.13667543, 0.60054857, -0.2640479, -0.94135237, 0.96944773, 0.9544464, -0.90853953, -0.7376439, 0.4930495, -0.80277944, -0.54613835, 0.6786285, 0.94073147, -0.41568872, 0.49117768, 0.6911392, -0.5057871, -0.20873693, -0.5544579, -0.24207544, -0.16848765, 0.54246294, 0.61966467, 0.23131573, -0.4763264, -0.7145076, 0.6384641, 0.90220815, -0.5626259, 0.05224217, -0.019623851, -0.7845822, -0.9101681, 0.29800245, -0.36122474, 0.60605, -0.6109195, -0.64263874, -0.3063112, 0.22672194, -0.4074486, -0.8737351, -0.20906687, -0.416503, 0.8144082, 0.6593352, -0.9794808, 0.14731996, 0.6503867, 0.20638359, -0.982893, -0.5636202, 0.39430985, -0.22711669, -0.75769967, -0.41807854, 0.30256814, 0.514026, -0.83625996, 0.30455402, 0.44540653, 0.015799813, -0.59064925, -0.63536555, 0.9220375, -0.6440608, -0.76255816, 0.73008806, -0.02832341, 0.38083985, 0.24235171, 0.0070624147, -0.46582693, 0.15591648, -0.12893452, -0.030859299, 0.75131625, -0.6110852, 0.09154307, 0.88015205, 0.24040748, -0.68912345, -0.31821084, -0.2857743, -0.26742345, -0.07018973, -0.31776738, -0.7178533, -0.2317339, -0.34173962, 0.6504763, 0.97063315, -0.40032443, -0.40408626, -0.8346944, -0.04793758, 0.5153459, -0.87185234, -0.45797786, -0.8524818, -0.91797334, -0.2847786, 0.41935128, -0.13651286, 0.6416871, 0.06548657, 0.41775176, -0.87014604, -0.1645308, 0.16484514, 0.043794446, -0.21544503, -0.20681506, -0.9539833, 0.85538924, 0.8752093, 0.1970416, 0.23941922, -0.72344303, -0.7259842, 0.15986598, 0.936082, 0.22160548, -0.19423823, 0.9494423, 0.32852885, -0.7999681, -0.898197, -0.30434066, 0.032093953, 0.2072118, 0.021988677, 0.48445567, 0.5511771, -0.0122394785, 0.81662506, 0.2559137, 0.9827172, -0.30547267, 0.787076, 0.588142, -0.8123312, 0.7582461, 0.106467254, -0.59206617, -0.8362937, 0.882018, -0.6278225, 0.4421915, 0.47118896, -0.06567764, -0.4923341, -0.8248106, 0.53293866, 0.37906188, -0.79684305, -0.92789346, 0.5620252, -0.9769379, -0.30876148, -0.32420602, 0.40597522, -0.12910755, 0.95086133, 0.15856136, 0.6747409, -0.08427571, 0.9207104, 0.35636768, -0.068377174, 0.71147466, -0.6144589, -0.887187, 0.0029848274, 0.5732181, -0.43065724, -0.24184999, 0.06706506, 0.54630816, -0.743731, -0.79049724, 0.20455895, -0.4129203, 0.66482097, -0.073055774, 0.25334278, -0.7405023, 0.61844116, -0.28252205, 0.7854263, 0.6803734, 0.82721335, 0.45220312, -0.8070031, 0.09260408, -0.19572096, -0.25129467, 0.3838216, -0.6040127, 0.5815258, -0.45496073, -0.07833148, 0.16387165, -0.7460992, -0.66114616, -0.71503323, 0.8518688, 0.5776613, -0.83990633, -0.5170281, 0.222751, -0.10091736, -0.72166747, -0.8375837, 0.3156437, -0.97352624, 0.62258714, -0.12224134, -0.5376416, 0.5578259, -0.9908188, 0.6423822, 0.77242464, -0.520631, -0.8295702, 0.3739374, -0.0194709, 0.33029017, 0.7920024, -0.46403855, 0.4867879, -0.7011528, 0.014712083, 0.6883825, 0.088673495, 0.8980943, 0.6705558, 0.923671, 0.9098165, 0.32292607, 0.6204634, 0.5876446, -0.8126809, -0.77314407, -0.4719243, 0.82072246, -0.9261416, -0.07301432, -0.175012, 0.94187677, 0.16692923, -0.3445694, 0.58169514, 0.036376733, -0.46201444, 0.60670877, 0.120907426, -0.619454, 0.40833727, -0.690317]","[-7.0, 4.0, 4.0, -2.0, -1.0, 4.0, -1.0, 2.0, -2.0, -3.0, -2.0, -1.0, 4.0, -2.0, 4.0, -2.0, -2.0, -3.0, -7.0, -1.0, -8.0, -2.0, -2.0, -7.0, 5.0, 10.0, -7.0, -8.0, 3.0, -7.0, -14.0, 4.0, -2.0, 4.0, 5.0, 3.0, 4.0, -6.0, -7.0, -7.0, 0.0, 5.0, -1.0, -4.0, 1.0, 5.0, 3.0, -7.0, -3.0, -2.0, 5.0, 3.0, 5.0, -1.0, 1.0, 1.0, -1.0, -2.0, 0.0, 4.0, 3.0, 4.0, -2.0, 0.0, 3.0, 4.0, -7.0, -3.0, -2.0, 5.0, 5.0, 2.0, -1.0, 4.0, -6.0, 3.0, 4.0, -3.0, -1.0, 6.0, -2.0, -6.0, -1.0, -7.0, 6.0, 10.0, -1.0, -1.0, 0.0, 4.0, -1.0, 6.0, -1.0, 10.0, -2.0, 4.0, 4.0, -3.0, -6.0, -4.0, -1.0, -1.0, 1.0, -1.0, -8.0, 5.0, 1.0, 3.0, 5.0, -3.0, -2.0, -7.0, -7.0, -2.0, 4.0, -8.0, 5.0, -7.0, 5.0, -3.0, 5.0, 5.0, 0.0, 4.0, -2.0, 3.0, -1.0, 4.0, 3.0, -2.0, 5.0, -1.0, -4.0, -7.0, -2.0, -8.0, -1.0, -8.0, 3.0, 4.0, 4.0, 5.0, -2.0, 4.0, 5.0, 4.0, -8.0, 0.0, -7.0, 4.0, -10.0, 5.0, -3.0, 0.0, -2.0, -7.0, 4.0, 4.0, 4.0, -1.0, -3.0, 4.0, 5.0, 3.0, -13.0, -1.0, -7.0, 4.0, -9.0, -5.0, 3.0, -1.0, 5.0, 3.0, 1.0, -2.0, -2.0, -2.0, -3.0, 0.0, 3.0, -2.0, -2.0, -5.0, -2.0, -2.0, 5.0, -6.0, 2.0, 10.0, -3.0, -2.0, 4.0, -4.0, -2.0, 0.0, -2.0, -8.0, -2.0, -2.0, -8.0, -2.0, -2.0, 5.0, -1.0, 5.0, -1.0, -3.0, -1.0, -1.0, 5.0, 4.0, -2.0, 4.0, 1.0, -8.0, 4.0, 4.0, -2.0, -3.0, 4.0, -7.0, -3.0, -7.0, 8.0, 5.0, 4.0, -3.0, 0.0, 4.0, -7.0, 0.0, 5.0, -2.0, 0.0, 4.0, 4.0, 4.0, -1.0, 3.0, 1.0, -1.0, -6.0, 3.0, 2.0, 0.0, 4.0, -5.0, -2.0, 6.0, -2.0, -5.0, -2.0, -1.0, -2.0, -4.0, -1.0, -4.0, -2.0, -2.0, -2.0, 5.0, -7.0, -2.0, 4.0, -1.0, -7.0, 1.0, -7.0, 5.0, 4.0, -1.0, -1.0, -6.0, 6.0, -1.0, 5.0, -2.0, -4.0, -7.0, 4.0, -1.0, 0.0, -1.0, -1.0, 12.0, 0.0, -1.0, 4.0, 4.0, -1.0, -2.0, -8.0, -2.0, -2.0, -1.0, -7.0, -1.0, -3.0, -2.0, 4.0, 3.0, 4.0, -1.0, -1.0, 0.0, -3.0, 4.0, 0.0, -2.0, 3.0, 3.0, -6.0, -1.0, -2.0, 0.0, 1.0, -1.0, 5.0, 4.0, -1.0, -8.0, -1.0, 3.0, 6.0, 1.0, -7.0, 4.0, 5.0, 2.0, 0.0, 0.0, 4.0, 10.0, -2.0, -2.0, -8.0, -2.0, 4.0, 12.0, -1.0, 5.0, -4.0, -7.0, -7.0, 0.0, -1.0, -1.0, -2.0, -1.0, -3.0, -1.0, -1.0, 4.0, 5.0, 5.0, -2.0, -7.0, 3.0, -1.0, -7.0, -1.0, 4.0, -7.0, 6.0, -1.0, 4.0, 10.0, 4.0, -7.0, -1.0, 13.0, 4.0, 9.0, 0.0, 4.0, -3.0, 4.0, 5.0, 4.0, 4.0, 4.0, -2.0, 5.0, -1.0, 4.0, 3.0, 5.0, 5.0, 3.0, 0.0, 5.0, -2.0, 11.0, 5.0, 11.0, -2.0, -2.0, 5.0, 10.0, -3.0, 5.0, 10.0, -1.0, 3.0, -1.0, -7.0, 5.0, -2.0, 4.0, -2.0, 3.0, 3.0, 1.0, -8.0, -2.0, -10.0, 5.0, 0.0, -3.0, -8.0, 1.0, 8.0, -6.0, 6.0, 3.0, -7.0, -7.0, -2.0, -1.0, -1.0, -1.0, -2.0, -2.0, -2.0, -2.0, -14.0, -7.0, -1.0, -7.0, -1.0, -8.0, 4.0, -2.0, 5.0, -2.0, 5.0, -2.0, 5.0, 4.0, -1.0, -2.0, 4.0, 4.0, 5.0, 4.0, 3.0, -1.0, 4.0, 2.0, 4.0, -2.0, -2.0, -1.0, 9.0, -1.0, -1.0, -8.0, 0.0, 5.0, 2.0, 4.0, -1.0, 5.0, -1.0, 5.0, -8.0, -1.0, -2.0, -1.0, -2.0, -2.0, -10.0, 5.0, -5.0, -1.0, 5.0, 11.0, -1.0, 0.0, -5.0, -2.0, -2.0, 2.0, -2.0, -2.0, -2.0, -8.0, 0.0, -2.0, -7.0, 4.0, -7.0, -1.0, -3.0, -5.0, 4.0, 2.0, -1.0, -2.0, 4.0, 5.0, -4.0, 4.0, -1.0, -1.0, -1.0, 3.0, 9.0, -7.0, 4.0, -2.0, -3.0, -2.0, -2.0, 5.0, 4.0, 4.0, -5.0, -1.0, -1.0, 3.0, -3.0, -1.0, -7.0, 0.0, -1.0, 4.0, 3.0, -5.0, 5.0, 4.0, -1.0, -1.0, 4.0, -3.0, -1.0, -1.0, -2.0, -2.0, 5.0, 5.0, -2.0, 1.0, -7.0, 5.0, 4.0, -2.0, -1.0, 3.0, -1.0, -7.0, -5.0, -2.0, -1.0, -1.0, 5.0, -1.0, 0.0, 4.0, -3.0, -7.0, -2.0, -1.0, -1.0, -2.0, 3.0, -3.0, -2.0, 1.0, 1.0, -3.0, 0.0, -1.0, -8.0, 4.0, 3.0, 1.0, -1.0, -2.0, -7.0, -2.0, -1.0, 3.0, -1.0, -1.0, 5.0, -3.0, 4.0, 0.0, -2.0, -7.0, -7.0, 3.0, 5.0, -1.0, 11.0, 4.0, -1.0, 4.0, -2.0, 0.0, 10.0, 0.0, -7.0, -2.0, -8.0, -2.0, 7.0, -1.0, -1.0, 4.0, 6.0, 5.0, 4.0, 2.0, -1.0, -2.0, 10.0, -4.0, -1.0, -2.0, 4.0, -1.0, -1.0, 0.0, 5.0, -1.0, 2.0, -1.0, -2.0, -1.0, -6.0, 2.0, -1.0, -2.0, 1.0, -2.0, 3.0, -2.0, -2.0, 6.0, -2.0, -2.0, 1.0, -2.0, -2.0, -6.0, 4.0, 1.0, 5.0, -3.0, -3.0, 5.0, 4.0, -6.0, -2.0, -1.0, -1.0, 0.0, -1.0, -3.0, 3.0, 3.0, 1.0, 0.0, 5.0, 1.0, -1.0, -1.0, -2.0, -1.0, 5.0, -3.0, 5.0, -1.0, -12.0, -2.0, -1.0, -1.0, -5.0, -7.0, -1.0, -2.0, -3.0, 6.0, 8.0, -3.0, 0.0, 4.0, 3.0, 5.0, -1.0, 3.0, 4.0, -1.0, 4.0, -1.0, 5.0, -15.0, -7.0, -1.0, -2.0, 1.0, -7.0, 5.0, -1.0, 1.0, -2.0, 6.0, 0.0, -4.0, -1.0, -2.0, 2.0, -2.0, 0.0, -6.0, -8.0, -2.0, 4.0, 4.0, -2.0, 1.0, 1.0, -5.0, 4.0, -1.0, -3.0, 10.0, -2.0, 5.0, 3.0, -1.0, 3.0, 5.0, 4.0, -2.0, -3.0, 4.0, 4.0, -1.0, 3.0, 10.0, -1.0, 2.0, -2.0, 4.0, -2.0, 5.0, -6.0, 5.0, -1.0, -5.0, 4.0, 0.0, 5.0, 0.0, -2.0, -2.0, -8.0, -2.0, -1.0, 5.0, -1.0, 5.0, -2.0, -1.0, -2.0, -2.0, -2.0, -2.0, 10.0, 4.0, 3.0, 3.0, 4.0, 10.0, 4.0, 4.0, -2.0, 0.0, -2.0, -13.0, 4.0, -1.0, 9.0, -2.0, 4.0, 3.0, 4.0, -1.0, -2.0, 5.0, -3.0, -7.0, -2.0, -2.0, -2.0, -7.0, -1.0, -2.0, 0.0, 10.0, 9.0, -1.0, 4.0, -2.0, -2.0, -7.0, 5.0, 11.0, 4.0, 5.0, -1.0, -8.0, 4.0, -2.0, -5.0, 4.0, -1.0, -7.0, -1.0, 4.0, 0.0, -1.0, -1.0, -8.0, -2.0, -1.0, 5.0, 4.0, -9.0, -4.0, -1.0, -14.0, 2.0, -12.0, -2.0, -7.0, 6.0, -1.0, 5.0, -8.0, -7.0, -1.0, -2.0, -4.0, 3.0, -2.0, -7.0, 0.0, 4.0, 5.0, 5.0, 9.0, 5.0, 2.0, -2.0, -1.0, 7.0, -1.0, 3.0, -1.0, 4.0, 4.0, -1.0, -2.0, 5.0, 4.0, -2.0, -2.0, -1.0, 4.0, -1.0, 0.0, -4.0, 3.0, -8.0, 4.0, -5.0, -1.0, -7.0, -2.0, -7.0, -1.0, 3.0, 5.0, -2.0, 5.0, -9.0, 5.0, -2.0, 0.0, -1.0, -5.0, -1.0, -1.0, -14.0, 0.0, 5.0, 11.0, -2.0, 5.0, 5.0, 4.0, 4.0, -1.0, -1.0, 4.0, -2.0, -1.0, -5.0, 4.0, 5.0, 4.0, 2.0, -7.0, -2.0, -2.0, 5.0, 6.0, -1.0, 4.0, 0.0, 5.0, 5.0, -7.0, -6.0, 6.0, 3.0, -7.0, -7.0, -3.0, -7.0, -1.0, 5.0, -6.0, -13.0, 10.0, -1.0, 6.0, 10.0, -1.0, 3.0, -2.0, 0.0, 1.0, -2.0, -3.0, -2.0, 5.0, 5.0, -3.0, -2.0, -6.0, 15.0, 5.0, 3.0, -4.0, 5.0, 0.0, -1.0, 5.0, -2.0, 4.0, -1.0, 5.0, 4.0, -1.0, 4.0, -1.0, 11.0, -2.0, -8.0, -1.0, 8.0, 5.0, 9.0, 2.0, -6.0, 4.0, 3.0, -8.0, -1.0, 11.0, -2.0, -2.0, -20.0, -2.0]",8.191414266461646,0.0033247470855712,0.0,0.0,0
41,41,"[0.21878526, -0.92219305, 0.22452068, -0.8206628, 0.42068848, -0.21984471, 0.675393, 0.88505846, -0.16577932, -0.07888941, 0.18029517, -0.6057345, 0.8546657, -0.13400015, -0.6663593, 0.52546364, -0.56169724, -0.71294147, 0.12574415, 0.34299052, 0.13912548, 0.3130213, -0.76895195, -0.047963925, -0.2859627, 0.94673723, -0.9007521, -0.4034116, 0.8837244, 0.9669924, 0.6498032, -0.8480035, 0.12271006, -0.19975401, 0.61290514, -0.8899515, -0.6057425, -0.021609867, -0.68470466, 0.38543028, 0.64153445, 0.4090398, -0.119432576, 0.7567753, -0.72462773, -0.47932282, -0.020920629, -0.8773228, -0.80862844, -0.20511326, 0.8877726, 0.81682736, -0.06805028, -0.7156829, -0.6437847, -0.24490789, -0.5798516, -0.8340488, 0.34755498, 0.16289727, -0.41740647, 0.5578968, 0.55189776, -0.01799606, -0.8069349, 0.8369388, 0.33732104, -0.50589836, 0.22090909, -0.18995701, 0.2706993, -0.05225821, -0.0290557, 0.47176418, 0.22745149, -0.8400946, -0.86925286, -0.38998154, -0.13950801, -0.4495549, 0.30291972, -0.6097841, 0.4082822, 0.5463015, -0.75136137, 0.3016125, 0.92287195, -0.61435235, 0.81860566, 0.2120959, 0.18188973, -0.89615464, 0.49660057, -0.043453895, 0.44234878, 0.6183622, 0.047592748, -0.47271138, -0.716855, -0.67899376, 0.7338693, -0.7528438, -0.23061186, -0.3314507, 0.7309113, -0.044613, 0.99289286, 0.4741095, 0.70184714, -0.80265546, -0.49379548, -0.7291076, -0.07275605, 0.43657497, -0.66187286, -0.7396629, 0.2292175, -0.5393745, -0.041349858, -0.89776456, 0.36122563, 0.082632765, 0.2948458, -0.44918725, -0.44279405, 0.6027211, 0.43712464, 0.1594573, 0.25628695, -0.81191164, 0.7123426, 0.53981405, 0.18098307, 0.8371903, -0.6627242, 0.37331477, 0.9259636, -0.37998208, -0.96941537, 0.46973494, -0.98603934, 0.7450673, -0.88739747, 0.30552945, -0.24563171, -0.5933187, 0.7965168, 0.4924917, -0.31911886, -0.43169382, 0.4720246, 0.67314154, 0.43170092, 0.27997845, -0.54415053, 0.70560795, 0.49932396, 0.03454858, 0.023175525, 0.13834606, 0.6565528, 0.4845191, 0.71248996, 0.014565543, 0.24929811, 0.70914364, -0.53535986, -0.11195864, 0.24130447, 0.8302925, -0.968328, -0.57485366, -0.53109896, -0.34677464, -0.43642676, 0.18027757, 0.77124053, 0.27395567, -0.5169469, 0.7275057, 0.26409158, -0.56207573, -0.27666694, 0.5799296, 0.47786236, 0.15316474, -0.710465, 0.6065786, -0.38491493, 0.5431959, 0.29513273, -0.47165942, -0.57526153, -0.73818016, -0.5161075, -0.68434197, 0.2341025, 0.19756624, 0.17234412, 0.28377962, 0.62956905, 0.8271054, -0.53924894, 0.17554899, -0.8433276, -0.75971514, 0.30867863, -0.026838876, 0.51666415, -0.14864504, -0.7448032, 0.7441073, -0.83422303, -0.6220707, -0.44604626, 0.9905612, -0.16628036, 0.003417061, 0.5393935, 0.27283117, 0.68284136, -0.027133083, 0.94435537, 0.5936247, -0.19726922, -0.23745635, 0.8589824, 0.36883128, 0.24286728, 0.5156613, 0.12166765, -0.68166643, -0.36156908, 0.11588973, -0.96366435, -0.12529859, 0.51160574, -0.671532, -0.8708821, 0.6720583, 0.23454773, -0.64684206, 0.61261, 0.31625894, -0.33176145, -0.24760745, -0.68822366, 0.6705112, 0.018013304, 0.114038154, 0.7669838, -0.9683388, -0.8661539, -0.67684203, -0.93992436, 0.3163123, 0.26775894, -0.5783962, -0.70118713, -0.7086306, 0.9064828, 0.38700905, 0.17085765, -0.35502625, -0.1339136, -0.8211882, 0.9963038, 0.51017094, 0.24290632, 0.1755344, 0.008628744, -0.48514515, -0.5472192, 0.09906492, -0.8595984, -0.8510584, 0.121627204, 0.8396241, 0.8285437, -0.9783434, -0.78521156, 0.16615538, 0.69695145, 0.9088982, 0.72116446, 0.35522628, -0.59894985, -0.8547571, -0.90496844, 0.22415356, -0.9276228, 0.47847992, 0.42494148, -0.84077835, 0.8132447, 0.043858577, 0.8088771, 0.8032201, -0.6059319, -0.23884474, -0.73074734, 0.549956, 0.008249831, 0.8576152, -0.5835696, 0.37673533, 0.97847366, 0.33076254, -0.86245215, 0.1768487, -0.6403145, -0.93899447, -0.3300786, -0.46779183, 0.57754177, -0.2526389, 0.46591756, -0.967522, -0.9703757, -0.9413731, -0.5612831, -0.25202444, 0.21569161, 0.97182775, -0.29118088, -0.8886822, -0.6101997, 0.79570365, 0.39875838, 0.58040166, -0.75166357, -0.730026, -0.775508, 0.7143383, -0.5800648, 0.2863035, 0.032332733, 0.08877982, -0.6091293, 0.2704922, -0.9137989, 0.98694456, -0.9464822, -0.89968693, -0.35070515, 0.6632507, -0.48562157, -0.056129973, -0.96404535, -0.84224135, 0.2159321, -0.61128306, 0.38850912, 0.57078236, 0.7006684, -0.7324013, -0.0889829, 0.8941629, 0.5441671, -0.76607925, 0.00500049, 0.8447612, -0.11992239, 0.6748352, -0.008312558, -0.78637666, -0.70429015, -0.9066485, -0.6093705, 0.7872282, 0.30039608, 0.47771388, 0.24332292, -0.22692141, -0.56627774, 0.8512292, 0.029659564, -0.037800238, 0.9922082, -0.23214002, 0.70825064, 0.7246881, -0.53465956, -0.8103206, 0.95124024, -0.14820628, -0.99555933, -0.0019643323, 0.23860073, 0.5521765, 0.8858842, 0.8303413, 0.8802716, -0.9357497, 0.42354828, -0.54828405, -0.6248946, 0.60063714, -0.16574062, 0.83320016, -0.91512984, 0.60436165, -0.7263312, -0.6468456, -0.04529657, -0.20882012, -0.027655387, 0.88005304, 0.31477788, -0.41938123, -0.65418255, -0.15990745, -0.096717946, 0.20258883, -0.4679946, 0.5350185, -0.8030795, 0.120906726, 0.24706331, -0.58633685, 0.6520227, 0.23086426, 0.29144442, -0.0045129885, 0.8191884, 0.38785517, -0.23632887, -0.5227882, -0.85787666, -0.6692783, 0.9853659, -0.1864662, 0.7973744, -0.6588613, -0.14927825, 0.92103696, -0.8177355, 0.18796857, 0.8383438, 0.89936674, 0.69201493, 0.7118689, 0.3043659, -0.5591538, 0.4613571, 0.95676893, 0.05186703, -0.47860527, 0.14694214, 0.3812207, -0.5834394, 0.4383787, 0.17486572, 0.22469983, -0.38802415, -0.68946636, 0.24689978, 0.17246598, -0.32397562, -0.40821266, -0.3055111, -0.020233324, 0.9496395, 0.52712923, 0.70347947, 0.011299138, 0.052247223, -0.5913507, 0.44209167, -0.156832, 0.4848937, -0.18188924, -0.7829656, -0.65389264, 0.62314016, -0.48276702, -0.47129115, 0.85873616, 0.31527126, -0.7713849, -0.7128295, -0.45526513, 0.18799138, 0.50565094, -0.45100713, 0.7412841, -0.78163964, -0.5848017, 0.94092983, -0.7305103, 0.7762226, 0.40787014, -0.8538258, -0.032586344, 0.037958708, 0.86427927, -0.15779081, -0.10647277, -0.77503246, 0.27834514, -0.57820606, -0.8449335, 0.993838, -0.46074075, -0.71789366, 0.39898074, 0.6433643, -0.871845, -0.78921336, -0.8196524, -0.9060814, 0.31891295, 0.17662638, 0.32561332, 0.011334326, 0.63501537, 0.093336605, 0.8374939, -0.028702935, 0.5813173, -0.1852793, -0.12955222, 0.6979841, -0.7846803, 0.12983552, 0.45267293, 0.50084126, 0.18298705, -0.10387103, -0.4784351, 0.8188525, -0.2604241, 0.5979842, -0.93666875, -0.5356616, -0.3088304, 0.3431481, -0.36133838, -0.9172724, -0.65226495, -0.4816693, -0.64790505, -0.5925509, 0.53791386, -0.1759327, -0.1896415, 0.9332127, -0.10659632, 0.8553163, -0.4018738, -0.19874749, -0.20743328, 0.09215766, 0.16849458, -0.50374997, 0.5871685, -0.0069480906, -0.9859129, 0.18268126, 0.59611887, -0.49906653, -0.924258, 0.6143573, 0.95255345, -0.84687275, 0.8760736, -0.28145117, 0.8828792, 0.29767865, 0.7804886, 0.57166606, -0.94400454, -0.869115, 0.05148921, -0.74076194, -0.07793152, 0.9092606, -0.41048542, -0.022174573, -0.23148073, 0.25965393, -0.6123101, -0.48012143, 0.7175357, 0.62267244, 0.5783794, 0.54183924, -0.08112501, 0.45778155, -0.22559036, -0.7985808, -0.21325071, -0.68267393, -0.21829663, -0.40514958, 0.19832133, -0.27691916, 0.41117933, 0.024293361, 0.83898455, -0.8179491, 0.37541837, 0.34479377, 0.9012531, -0.25689626, -0.38912407, -0.6552131, -0.46942297, 0.0037815454, 0.67542595, -0.4314268, -0.6845158, -0.45574304, -0.79814607, 0.8533908, 0.7452483, -0.38301656, -0.50602436, 0.81079465, -0.9964561, 0.20115505, 0.8320075, 0.017114978, -0.99406606, -0.5622572, 0.8448832, -0.96595514, -0.21044047, 0.57948947, 0.676182, -0.044784136, -0.5350325, 0.19940944, -0.47244394, -0.4894715, 0.6151995, -0.69146836, -0.98895705, -0.32644957, -0.01805209, 0.41016078, 0.5622305, 0.32703844, 0.25301775, 0.33149743, -0.45694697, -0.23527735, 0.23287301, -0.8688587, -0.4093493, -0.18716212, 0.066881366, -0.027035786, 0.43626377, -0.05314665, 0.80825996, -0.23936331, 0.050743412, -0.9935792, -0.3790441, 0.73314595, -0.3328472, -0.49362734, 0.08707392, -0.8425398, 0.063210264, -0.3926684, -0.23379423, 0.58273, 0.32392803, -0.10778781, 0.15503262, 0.5337175, 0.4915675, -0.62935656, -0.39816156, -0.30352613, -0.6249154, -0.9756771, -0.65206546, 0.61648864, 0.0918409, -0.31668395, 0.21668889, 0.47966826, -0.29114443, -0.067850314, -0.87157357, 0.19418107, -0.28718582, -0.1329527, -0.15479876, 0.26481858, 0.14493069, -0.1557879, -0.96608996, 0.24192522, 0.759155, 0.53910315, 0.96323127, -0.7218493, -0.5549599, 0.07853493, -0.52823657, -0.93090045, -0.19542345, -0.42471054, -0.4724783, 0.9063456, -0.5230918, -0.7411349, -0.74936146, 0.6126481, 0.42969614, -0.7410276, -0.56049377, 0.494686, -0.45076722, 0.96308416, 0.08114013, -0.6159841, 0.7176169, -0.3610489, -0.42238528, -0.34511754, 0.5363945, -0.6535741, -0.23642844, -0.93833447, 0.65325326, -0.31856248, -0.5036542, 0.15978648, 0.40998375, 0.6257921, -0.3044301, 0.6246017, -0.070238, -0.7977155, 0.692615, 0.09526956, 0.20493914, 0.87498254, 0.11830297, -0.98883295, 0.7412317, -0.43049783, 0.0035338416, -0.59022677, -0.40603286, 0.3732977, -0.1408533, 0.25426126, 0.6471514, -0.31835595, 0.13668008, 0.5551758, 0.43024638, 0.07968687, -0.23323298, -0.18499604, -0.13372958, -0.30230895, 0.39815128, -0.74916947, 0.9349083, 0.557971, -0.4036739, -0.91490483, 0.42260635, 0.46871808, 0.9272452, -0.49258888, -0.83454984, 0.8302695, -0.48270193, 0.4430629, -0.8786807, 0.5211696, -0.7459482, 0.3911727, 0.0646861, 0.9109763, -0.9261647, -0.4159025, -0.8609822, 0.75839525, 0.18780231, 0.069939226, -0.7370842, -0.021935485, -0.20259269, -0.36849627, 0.5443779, -0.8774479, 0.29337147, 0.6459861, 0.8146146, 0.49183318, -0.43508863, 0.20101492, -0.71719277, -0.76587874, 0.2772483, 0.7022153, -0.8655037, -0.78799254, 0.13121462, -0.5635763, 0.22363624, -0.57091236, -0.7670361, 0.09114996, 0.72439027, 0.37024394, 0.6374503, -0.46732965, 0.7719573, -0.24592166, 0.7048953, -0.05764882, -0.46428472, -0.47948235, 0.13533577, -0.84197944, 0.86011237, -0.457073, -0.32875037, -0.5333969, -0.9939841, 0.38510048, 0.1811058, 0.6192891, -0.91797847, 0.8573113, -0.3382261, 0.82613975, -0.78573704, 0.48784116, 0.15871647, -0.28361756, -0.8417152, 0.20947301, -0.94712025, 0.0025641983, 0.20841715, 0.4650475, 0.9826693, -0.47981256, -0.35522035, -0.3177093, 0.46316543, 0.8636385, 0.9486475, 0.8916227, 0.758766, 0.98195475, -0.24810855, 0.8966426, 0.52203995, -0.6630803, -0.9090696, -0.5710321, 0.55750227, 0.26339376, -0.5512875, 0.4838429, -0.71735555, 0.6436828, 0.5883219, 0.9451519, -0.6994409, 0.813226, -0.31779468, -0.16788027, -0.063109875, 0.2538081, 0.98952675, 0.1999176, 0.8534317, -0.4899436, -0.20317668, 0.008999059, -0.354196, 0.9537342, 0.4513671, -0.042237297, 0.50260943, -0.065115005, -0.96554935, 0.086386815, 0.25037044, 0.96241486, -0.9184143, 0.024193915, -0.8036905, -0.7020082, 0.22092667, -0.5368646, 0.49834824, 0.028397385, -0.56357425, -0.012416645, -0.99823654, 0.7254801, -0.97464323, -0.9859802, 0.22300789, 0.94704187, 0.711867, -0.49596217, -0.6066664, 0.25222436, 0.6452755, -0.27584267, -0.13529082, -0.769021, -0.69434714, 0.1367032, -0.7946877, -0.59590775, -0.53064597, -0.11215093, -0.90877604, -0.0004580566, 0.8573488, -0.9510727, 0.26196975, 0.67168474, -0.37507832, -0.7369629, -0.9133204, 0.28780612, 0.10446876, -0.54141, 0.6632346, 0.4710127, -0.44714242, 0.506726, -0.51001155, 0.35053492, -0.7629099, 0.38447893, -0.52245116, 0.1449387, -0.6550723, 0.4519339, -0.8782408, -0.6691644, -0.63172704, -0.9173128, 0.49002504, 0.961905, 0.5567956, 0.72126395, -0.98798466, -0.76426005, 0.11804068, 0.95573777, 0.32142586, -0.25172663, -0.7077014, -0.6943286, -0.2744936, 0.42762038, -0.93636143, 0.7043552, 0.8831029, 0.7776329, 0.8260538, -0.9693214, 0.95558465, -0.26728576, 0.7385622, -0.62638223, -0.10694852, -0.9116712, -0.919848, 0.8865522, 0.6212132, 0.05965209, 0.050916348, 0.49750924, -0.31666243, 0.52373856, -0.02998324, 0.2758348, 0.9296589, -0.057368886, -0.16319068, 0.81149834, 0.805161, 0.9848374, 0.101725996, -0.31147692, -0.5192199, -0.9318073, 0.45345724, -0.5330477, 0.21328177]","[-7.0, 4.0, 4.0, -2.0, -1.0, 4.0, -1.0, 2.0, -2.0, -3.0, -2.0, -1.0, 4.0, -2.0, 4.0, -2.0, -2.0, -3.0, -7.0, -1.0, -8.0, -2.0, -2.0, -7.0, 5.0, 10.0, -7.0, -8.0, 3.0, -7.0, -14.0, 4.0, -2.0, 4.0, 5.0, 3.0, 4.0, -6.0, -7.0, -7.0, 0.0, 5.0, -1.0, -4.0, 1.0, 5.0, 3.0, -7.0, -3.0, -2.0, 5.0, 3.0, 5.0, -1.0, 1.0, 1.0, -1.0, -2.0, 0.0, 4.0, 3.0, 4.0, -2.0, 0.0, 3.0, 4.0, -7.0, -3.0, -2.0, 5.0, 5.0, 2.0, -1.0, 4.0, -6.0, 3.0, 4.0, -3.0, -1.0, 6.0, -2.0, -6.0, -1.0, -7.0, 6.0, 10.0, -1.0, -1.0, 0.0, 4.0, -1.0, 6.0, -1.0, 10.0, -2.0, 4.0, 4.0, -3.0, -6.0, -4.0, -1.0, -1.0, 1.0, -1.0, -8.0, 5.0, 1.0, 3.0, 5.0, -3.0, -2.0, -7.0, -7.0, -2.0, 4.0, -8.0, 5.0, -7.0, 5.0, -3.0, 5.0, 5.0, 0.0, 4.0, -2.0, 3.0, -1.0, 4.0, 3.0, -2.0, 5.0, -1.0, -4.0, -7.0, -2.0, -8.0, -1.0, -8.0, 3.0, 4.0, 4.0, 5.0, -2.0, 4.0, 5.0, 4.0, -8.0, 0.0, -7.0, 4.0, -10.0, 5.0, -3.0, 0.0, -2.0, -7.0, 4.0, 4.0, 4.0, -1.0, -3.0, 4.0, 5.0, 3.0, -13.0, -1.0, -7.0, 4.0, -9.0, -5.0, 3.0, -1.0, 5.0, 3.0, 1.0, -2.0, -2.0, -2.0, -3.0, 0.0, 3.0, -2.0, -2.0, -5.0, -2.0, -2.0, 5.0, -6.0, 2.0, 10.0, -3.0, -2.0, 4.0, -4.0, -2.0, 0.0, -2.0, -8.0, -2.0, -2.0, -8.0, -2.0, -2.0, 5.0, -1.0, 5.0, -1.0, -3.0, -1.0, -1.0, 5.0, 4.0, -2.0, 4.0, 1.0, -8.0, 4.0, 4.0, -2.0, -3.0, 4.0, -7.0, -3.0, -7.0, 8.0, 5.0, 4.0, -3.0, 0.0, 4.0, -7.0, 0.0, 5.0, -2.0, 0.0, 4.0, 4.0, 4.0, -1.0, 3.0, 1.0, -1.0, -6.0, 3.0, 2.0, 0.0, 4.0, -5.0, -2.0, 6.0, -2.0, -5.0, -2.0, -1.0, -2.0, -4.0, -1.0, -4.0, -2.0, -2.0, -2.0, 5.0, -7.0, -2.0, 4.0, -1.0, -7.0, 1.0, -7.0, 5.0, 4.0, -1.0, -1.0, -6.0, 6.0, -1.0, 5.0, -2.0, -4.0, -7.0, 4.0, -1.0, 0.0, -1.0, -1.0, 12.0, 0.0, -1.0, 4.0, 4.0, -1.0, -2.0, -8.0, -2.0, -2.0, -1.0, -7.0, -1.0, -3.0, -2.0, 4.0, 3.0, 4.0, -1.0, -1.0, 0.0, -3.0, 4.0, 0.0, -2.0, 3.0, 3.0, -6.0, -1.0, -2.0, 0.0, 1.0, -1.0, 5.0, 4.0, -1.0, -8.0, -1.0, 3.0, 6.0, 1.0, -7.0, 4.0, 5.0, 2.0, 0.0, 0.0, 4.0, 10.0, -2.0, -2.0, -8.0, -2.0, 4.0, 12.0, -1.0, 5.0, -4.0, -7.0, -7.0, 0.0, -1.0, -1.0, -2.0, -1.0, -3.0, -1.0, -1.0, 4.0, 5.0, 5.0, -2.0, -7.0, 3.0, -1.0, -7.0, -1.0, 4.0, -7.0, 6.0, -1.0, 4.0, 10.0, 4.0, -7.0, -1.0, 13.0, 4.0, 9.0, 0.0, 4.0, -3.0, 4.0, 5.0, 4.0, 4.0, 4.0, -2.0, 5.0, -1.0, 4.0, 3.0, 5.0, 5.0, 3.0, 0.0, 5.0, -2.0, 11.0, 5.0, 11.0, -2.0, -2.0, 5.0, 10.0, -3.0, 5.0, 10.0, -1.0, 3.0, -1.0, -7.0, 5.0, -2.0, 4.0, -2.0, 3.0, 3.0, 1.0, -8.0, -2.0, -10.0, 5.0, 0.0, -3.0, -8.0, 1.0, 8.0, -6.0, 6.0, 3.0, -7.0, -7.0, -2.0, -1.0, -1.0, -1.0, -2.0, -2.0, -2.0, -2.0, -14.0, -7.0, -1.0, -7.0, -1.0, -8.0, 4.0, -2.0, 5.0, -2.0, 5.0, -2.0, 5.0, 4.0, -1.0, -2.0, 4.0, 4.0, 5.0, 4.0, 3.0, -1.0, 4.0, 2.0, 4.0, -2.0, -2.0, -1.0, 9.0, -1.0, -1.0, -8.0, 0.0, 5.0, 2.0, 4.0, -1.0, 5.0, -1.0, 5.0, -8.0, -1.0, -2.0, -1.0, -2.0, -2.0, -10.0, 5.0, -5.0, -1.0, 5.0, 11.0, -1.0, 0.0, -5.0, -2.0, -2.0, 2.0, -2.0, -2.0, -2.0, -8.0, 0.0, -2.0, -7.0, 4.0, -7.0, -1.0, -3.0, -5.0, 4.0, 2.0, -1.0, -2.0, 4.0, 5.0, -4.0, 4.0, -1.0, -1.0, -1.0, 3.0, 9.0, -7.0, 4.0, -2.0, -3.0, -2.0, -2.0, 5.0, 4.0, 4.0, -5.0, -1.0, -1.0, 3.0, -3.0, -1.0, -7.0, 0.0, -1.0, 4.0, 3.0, -5.0, 5.0, 4.0, -1.0, -1.0, 4.0, -3.0, -1.0, -1.0, -2.0, -2.0, 5.0, 5.0, -2.0, 1.0, -7.0, 5.0, 4.0, -2.0, -1.0, 3.0, -1.0, -7.0, -5.0, -2.0, -1.0, -1.0, 5.0, -1.0, 0.0, 4.0, -3.0, -7.0, -2.0, -1.0, -1.0, -2.0, 3.0, -3.0, -2.0, 1.0, 1.0, -3.0, 0.0, -1.0, -8.0, 4.0, 3.0, 1.0, -1.0, -2.0, -7.0, -2.0, -1.0, 3.0, -1.0, -1.0, 5.0, -3.0, 4.0, 0.0, -2.0, -7.0, -7.0, 3.0, 5.0, -1.0, 11.0, 4.0, -1.0, 4.0, -2.0, 0.0, 10.0, 0.0, -7.0, -2.0, -8.0, -2.0, 7.0, -1.0, -1.0, 4.0, 6.0, 5.0, 4.0, 2.0, -1.0, -2.0, 10.0, -4.0, -1.0, -2.0, 4.0, -1.0, -1.0, 0.0, 5.0, -1.0, 2.0, -1.0, -2.0, -1.0, -6.0, 2.0, -1.0, -2.0, 1.0, -2.0, 3.0, -2.0, -2.0, 6.0, -2.0, -2.0, 1.0, -2.0, -2.0, -6.0, 4.0, 1.0, 5.0, -3.0, -3.0, 5.0, 4.0, -6.0, -2.0, -1.0, -1.0, 0.0, -1.0, -3.0, 3.0, 3.0, 1.0, 0.0, 5.0, 1.0, -1.0, -1.0, -2.0, -1.0, 5.0, -3.0, 5.0, -1.0, -12.0, -2.0, -1.0, -1.0, -5.0, -7.0, -1.0, -2.0, -3.0, 6.0, 8.0, -3.0, 0.0, 4.0, 3.0, 5.0, -1.0, 3.0, 4.0, -1.0, 4.0, -1.0, 5.0, -15.0, -7.0, -1.0, -2.0, 1.0, -7.0, 5.0, -1.0, 1.0, -2.0, 6.0, 0.0, -4.0, -1.0, -2.0, 2.0, -2.0, 0.0, -6.0, -8.0, -2.0, 4.0, 4.0, -2.0, 1.0, 1.0, -5.0, 4.0, -1.0, -3.0, 10.0, -2.0, 5.0, 3.0, -1.0, 3.0, 5.0, 4.0, -2.0, -3.0, 4.0, 4.0, -1.0, 3.0, 10.0, -1.0, 2.0, -2.0, 4.0, -2.0, 5.0, -6.0, 5.0, -1.0, -5.0, 4.0, 0.0, 5.0, 0.0, -2.0, -2.0, -8.0, -2.0, -1.0, 5.0, -1.0, 5.0, -2.0, -1.0, -2.0, -2.0, -2.0, -2.0, 10.0, 4.0, 3.0, 3.0, 4.0, 10.0, 4.0, 4.0, -2.0, 0.0, -2.0, -13.0, 4.0, -1.0, 9.0, -2.0, 4.0, 3.0, 4.0, -1.0, -2.0, 5.0, -3.0, -7.0, -2.0, -2.0, -2.0, -7.0, -1.0, -2.0, 0.0, 10.0, 9.0, -1.0, 4.0, -2.0, -2.0, -7.0, 5.0, 11.0, 4.0, 5.0, -1.0, -8.0, 4.0, -2.0, -5.0, 4.0, -1.0, -7.0, -1.0, 4.0, 0.0, -1.0, -1.0, -8.0, -2.0, -1.0, 5.0, 4.0, -9.0, -4.0, -1.0, -14.0, 2.0, -12.0, -2.0, -7.0, 6.0, -1.0, 5.0, -8.0, -7.0, -1.0, -2.0, -4.0, 3.0, -2.0, -7.0, 0.0, 4.0, 5.0, 5.0, 9.0, 5.0, 2.0, -2.0, -1.0, 7.0, -1.0, 3.0, -1.0, 4.0, 4.0, -1.0, -2.0, 5.0, 4.0, -2.0, -2.0, -1.0, 4.0, -1.0, 0.0, -4.0, 3.0, -8.0, 4.0, -5.0, -1.0, -7.0, -2.0, -7.0, -1.0, 3.0, 5.0, -2.0, 5.0, -9.0, 5.0, -2.0, 0.0, -1.0, -5.0, -1.0, -1.0, -14.0, 0.0, 5.0, 11.0, -2.0, 5.0, 5.0, 4.0, 4.0, -1.0, -1.0, 4.0, -2.0, -1.0, -5.0, 4.0, 5.0, 4.0, 2.0, -7.0, -2.0, -2.0, 5.0, 6.0, -1.0, 4.0, 0.0, 5.0, 5.0, -7.0, -6.0, 6.0, 3.0, -7.0, -7.0, -3.0, -7.0, -1.0, 5.0, -6.0, -13.0, 10.0, -1.0, 6.0, 10.0, -1.0, 3.0, -2.0, 0.0, 1.0, -2.0, -3.0, -2.0, 5.0, 5.0, -3.0, -2.0, -6.0, 15.0, 5.0, 3.0, -4.0, 5.0, 0.0, -1.0, 5.0, -2.0, 4.0, -1.0, 5.0, 4.0, -1.0, 4.0, -1.0, 11.0, -2.0, -8.0, -1.0, 8.0, 5.0, 9.0, 2.0, -6.0, 4.0, 3.0, -8.0, -1.0, 11.0, -2.0, -2.0, -20.0, -2.0]",8.191414266461646,0.0033397674560546,0.0,0.0,0
42,42,"[0.36974344, -0.82191014, -0.08601946, 0.28602242, -0.28743252, 0.5051067, 0.53962505, -0.30508864, 0.78337276, -0.7224395, 0.18700235, 0.87358475, -0.371087, -0.93266284, -0.9997965, 0.3090257, -0.30755204, 0.30297947, -0.37758982, 0.05092741, 0.08933978, -0.18816443, -0.95942706, -0.5886922, -0.73013645, 0.9520205, 0.7108609, 0.54682857, 0.17231303, -0.5660101, 0.7452005, -0.89928555, -0.10558951, -0.5857863, -0.7462085, -0.4592743, -0.2649168, -0.41202617, 0.09100958, -0.9308783, -0.6301129, 0.5646851, 0.40547392, 0.15744473, 0.94166625, -0.30788374, -0.3964483, -0.61584723, -0.5562119, -0.008595667, 0.2942263, 0.20733073, 0.05483926, 0.8551573, 0.5034452, -0.54892796, -0.8896998, -0.39861792, 0.31776947, -0.42423072, -0.44960433, -0.46066722, -0.96973246, 0.8513719, 0.7563753, -0.82851934, 0.16683072, -0.18953212, 0.04040242, 0.27743432, -0.1786378, 0.484671, 0.42870203, -0.9427253, -0.48267695, 0.5738752, -0.5469633, -0.0003992585, -0.78274715, 0.1771383, -0.95389706, 0.8749745, 0.55695134, -0.0875617, -0.6230407, -0.66326475, -0.053338423, 0.8966934, -0.5262032, 0.0012416987, -0.6874299, 0.018238656, 0.8571582, -0.49994236, -0.48997992, 0.33864906, -0.90277666, 0.9505882, 0.4020991, 0.09789884, 0.7831016, -0.41878143, -0.8730658, -0.2753097, 0.9200737, -0.6428464, 0.87633353, -0.23331265, 0.14966398, -0.82113487, -0.07096336, 0.37440148, -0.4689681, 0.5460606, -0.79181474, -0.7553626, 0.88853556, -0.6470076, 0.08947208, -0.5182721, -0.55648327, -0.88796484, 0.8157532, 0.7624434, 0.6286521, -0.95718336, -0.7261, 0.83426005, -0.98939675, -0.113038406, 0.76616716, 0.51458293, 0.5916608, -0.15977518, -0.96854496, 0.80695766, -0.24416761, 0.9130831, -0.024806783, 0.6598738, 0.65244734, 0.22319053, 0.3920004, -0.6393077, -0.8084013, 0.96033686, 0.1574908, 0.005984585, -0.6252051, -0.265291, 0.35621122, -0.47684354, -0.32442063, 0.8366918, -0.20748569, 0.7724602, 0.7997321, -0.12833336, -0.9053668, 0.713373, -0.08657452, 0.5641542, 0.14174668, 0.66330206, 0.48038316, 0.8154062, 0.13823439, 0.95740265, 0.82854205, -0.88015586, 0.7000795, 0.3716906, 0.79524785, -0.049414106, -0.40971678, 0.9212953, 0.49171445, -0.3617101, 0.77554667, 0.6329278, -0.18245558, -0.9924951, -0.77349055, -0.49571753, -0.81689286, 0.24501868, -0.5217931, -0.9580511, -0.48404327, 0.057679255, -0.3971984, 0.7674618, -0.082643524, 0.0760692, -0.37073547, 0.7439006, 0.70970875, 0.9905459, 0.7383974, 0.017971138, 0.46445477, -0.051791113, 0.33460182, -0.90564084, 0.10368897, 0.2381908, 0.32778943, -0.8438647, 0.8939253, -0.24155395, 0.4440427, -0.1231829, -0.37867987, 0.20300296, -0.4432194, 0.08245991, -0.025618957, 0.37621468, -0.7449981, 0.37248114, 0.5604768, 0.030711064, 0.6021105, 0.5227675, -0.6622833, -0.3348669, -0.019979503, 0.24528249, 0.41309166, -0.38186234, 0.3654346, -0.074930266, -0.62079036, 0.07340358, 0.0567371, -0.43257555, 0.98980683, 0.02923102, -0.60601085, 0.97527504, -0.2418714, -0.7170355, -0.16883053, 0.09329744, -0.80223954, 0.9831249, 0.70745575, -0.5502945, -0.6645086, -0.27200574, -0.40068406, 0.2972175, 0.4627116, 0.6761006, -0.12225813, 0.05636152, -0.25016955, 0.24956553, -0.7574444, 0.92413086, 0.903188, 0.6375861, -0.10638418, -0.9476515, -0.045654397, 0.6451472, 0.27180454, 0.856943, -0.14271125, -0.7030547, -0.59487915, -0.94544274, -0.07475136, 0.3049283, -0.34690204, -0.20845784, -0.577718, 0.5035477, -0.2587435, -0.5105262, -0.13473774, 0.57625717, 0.39082378, -0.78386724, -0.55026513, 0.3611217, 0.05155639, -0.43355998, -0.74965787, -0.0968678, -0.6398801, -0.18450852, 0.51596284, -0.08569018, 0.62466943, 0.94994926, -0.07164987, -0.53611755, 0.17119871, -0.6232103, 0.07675069, -0.82530135, -0.41348755, 0.20260729, 0.55091757, -0.34812468, 0.7105506, -0.68028903, -0.57737845, -0.4054867, 0.782927, 0.92841035, -0.3678226, -0.16147317, 0.76001656, 0.7599948, -0.05210305, 0.6932079, -0.9589812, 0.4999779, 0.71963346, -0.861068, -0.7032847, -0.8015888, 0.006382077, -0.51104105, 0.46785873, -0.8683051, -0.6938489, -0.30544457, 0.021493578, 0.9683183, 0.6481257, 0.43371403, 0.2639666, 0.28303388, 0.8735747, -0.41931245, 0.47694108, -0.7560522, 0.6351012, 0.28387058, 0.0027777508, -0.99426115, 0.5069727, 0.20592101, 0.0024580657, 0.68271434, -0.58836824, 0.68713236, -0.1951159, 0.7501232, -0.3471365, 0.8171948, -0.47132134, -0.40528783, -0.7718421, 0.11196159, 0.7317691, 0.90027535, 0.16563495, -0.63734144, 0.28208226, -0.93097967, -0.82840574, -0.99963087, 0.45279035, 0.7072123, -0.8017396, -0.537518, 0.22610435, 0.47820017, -0.8289893, 0.29394156, -0.25564468, 0.58840764, 0.8653744, 0.78654397, 0.09360271, -0.7072149, 0.6083505, 0.6360751, -0.39935642, 0.2830806, -0.8886603, -0.85326856, 0.40587965, -0.8421793, 0.5114858, -0.27434745, -0.8158635, -0.41299352, -0.6156944, 0.09066288, -0.86265063, 0.13650791, 0.68369997, 0.7629276, 0.92457163, -0.50173324, -0.6703672, -0.49445692, -0.24508649, 0.20576252, 0.106187165, -0.6573049, -0.22661765, 0.94456017, -0.4845659, -0.48642945, 0.20121537, 0.091977686, -0.96028864, -0.37716427, -0.31705508, -0.25306663, -0.92698956, 0.051165637, 0.18601567, -0.80705255, 0.10691262, 0.6734857, -0.4343623, -0.7241951, -0.9209871, -0.6841829, 0.5457328, 0.59241414, 0.23435068, -0.32479328, -0.7340383, 0.103538245, 0.9014492, -0.8434075, 0.87023026, 0.2358904, -0.78888303, 0.66688687, -0.4313374, 0.94250816, -0.96702874, 0.16149531, -0.2174066, -0.20593648, -0.041436344, 0.18909074, 0.73254716, 0.5529355, 0.88761425, -0.0463691, -0.8171723, -0.00037381463, 0.72635996, 0.3709913, -0.24744055, -0.18410096, -0.54501736, -0.90418994, -0.7895083, 0.70439595, 0.7792735, -0.85691816, -0.98491025, 0.4762749, -0.0003866499, 0.15257002, 0.24513946, 0.43801263, 0.41665557, -0.32240942, 0.39191592, 0.8300002, 0.76911443, -0.96895957, -0.2878773, -0.34965664, 0.21199025, -0.17184499, -0.55479, 0.0024022716, -0.22510582, 0.86088234, -0.28095293, -0.8646049, -0.10223558, -0.5021798, -0.46403593, -0.34046674, 0.5315406, 0.83050233, 0.9358189, -0.6339403, -0.8235668, 0.5284607, -0.10782163, 0.8760108, -0.64538455, -0.14737707, -0.7123401, 0.49912196, 0.96540457, -0.93290955, -0.17179424, 0.04755834, -0.46806946, 0.70845246, -0.5848956, 0.101333834, 0.33257657, -0.8505949, -0.3766421, 0.20873837, -0.6106282, -0.28650615, 0.94797665, -0.9384441, 0.9621409, 0.6572598, 0.9115751, 0.10970362, 0.7941412, 0.016157636, 0.16697894, -0.8586731, -0.47116753, 0.7136919, -0.039727822, -0.14167577, 0.5337863, -0.2689834, -0.3719869, 0.58149433, 0.66133237, 0.9906447, 0.090346694, -0.123529285, 0.5145229, -0.12165362, -0.009006894, 0.36481225, 0.7540935, 0.52143794, -0.20548195, 0.5289741, -0.462627, -0.31940177, -0.9492181, 0.3635577, -0.71925956, -0.5032847, 0.3081355, -0.1518636, -0.33651572, 0.8135388, -0.239295, -0.8600684, 0.39794916, 0.12425665, 0.85399914, -0.7814771, -0.20911382, -0.26314145, 0.50787455, -0.13961294, 0.60066384, 0.9467872, -0.87897027, -0.4044131, 0.6411215, -0.004636738, 0.9104903, 0.9926269, -0.056574088, -0.6715336, -0.49090317, -0.049257856, -0.54683596, 0.6420197, 0.43922007, -0.16828124, -0.59120154, 0.31308052, -0.83739185, 0.9370216, -0.46862495, -0.5554693, -0.80490947, 0.16279584, 0.6839185, 0.7047227, 0.91474205, 0.0124235125, 0.8910781, 0.9598087, 0.9510471, -0.28620994, -0.6202862, -0.6318173, 0.61653334, 0.0031021293, 0.57989454, 0.073803805, -0.46687615, 0.8920918, -0.7258008, 0.35371065, -0.34900802, 0.6178137, 0.82485855, 0.60421795, 0.07848812, -0.36558998, 0.4625569, 0.8139969, -0.49501958, 0.6826908, -0.4290641, 0.8050144, 0.4823085, 0.2084104, 0.011108157, -0.7676038, 0.99908626, -0.17643356, 0.15655252, -0.74099797, -0.850579, 0.20280614, -0.99945974, 0.9262286, -0.16545168, 0.36636004, 0.30436838, -0.6965752, 0.3770351, -0.18512765, -0.38840482, -0.20232494, -0.57104474, 0.88863844, 0.46721283, 0.5118588, 0.4487781, 0.8612372, 0.9993236, 0.17495912, 0.9446821, -0.8752023, 0.60049915, -0.62791187, -0.97924745, 0.6469009, -0.41449726, -0.19259319, 0.21771131, -0.1860956, -0.06844289, -0.8313805, 0.25759217, 0.31331605, -0.6516027, -0.60060745, -0.9804104, -0.46933234, 0.045753345, 0.7225719, 0.099971466, -0.1367851, 0.58074754, 0.9735759, -0.37443826, 0.1786224, -0.18766621, -0.55708635, -0.07101298, -0.18410894, -0.2555619, -0.812003, -0.74904853, 0.38587412, 0.06300751, 0.64399856, 0.6265986, 0.28757197, 0.932521, -0.77365595, -0.5915241, 0.82972777, 0.2974901, -0.45409888, 0.95941985, -0.48509225, 0.13163882, 0.6942282, -0.8685972, 0.50030017, -0.30738437, 0.72139674, 0.4988412, -0.8761317, 0.057125755, 0.42844763, -0.28079396, -0.24326417, -0.6631338, 0.23298022, -0.122378476, 0.5457087, -0.14020263, 0.6712144, -0.9811912, -0.5360905, 0.36107075, -0.8475219, -0.41735262, 0.028122185, 0.49264693, -0.5169489, -0.10166255, -0.9312904, 0.5532906, -0.1332016, -0.88976777, 0.46148023, -0.39729583, -0.11817792, -0.27225718, -0.16657387, -0.3779153, 0.835637, -0.5365634, 0.81970924, -0.05554393, -0.7807888, 0.65417063, -0.6177507, 0.48385814, -0.04353242, 0.39478883, 0.19596075, 0.774911, 0.67687, 0.7615319, 0.1516849, 0.9026977, -0.3883141, -0.9536585, -0.6840466, -0.27428913, 0.4291263, 0.7250978, -0.9961587, 0.10686442, 0.80681574, -0.9053836, 0.16083218, 0.57269317, 0.56332916, -0.2872205, 0.30072203, 0.2620183, -0.20134462, -0.2771054, -0.50083876, -0.059636205, 0.8072118, 0.9688239, -0.73819554, -0.9140922, -0.07129008, -0.7518971, 0.86469513, 0.6402383, 0.63464785, 0.34290105, 0.10332407, -0.6205387, 0.7264859, -0.5788714, -0.055420775, 0.3417779, -0.3797837, 0.46183252, -0.9511939, -0.7554368, -0.9933927, 0.40633318, 0.3668331, -0.99354124, -0.5558239, 0.8106767, -0.3070526, 0.8047793, -0.15742497, 0.08609734, 0.57812256, -0.034219638, -0.24690646, 0.45183438, -0.6476833, -0.40987432, 0.14430992, -0.34924105, -0.077864006, -0.5413742, 0.309841, -0.6536848, 0.44148058, -0.15838623, -0.23827638, 0.06294072, 0.49998042, -0.21594253, 0.8611144, 0.29119024, 0.9941874, 0.8525201, 0.7769011, 0.3459854, -0.84070414, -0.66473734, 0.49760774, -0.72122777, -0.08666257, 0.55865526, 0.87380296, -0.99855113, -0.7497184, 0.17331408, -0.51202404, 0.5396595, -0.38317364, -0.4161541, 0.47056717, -0.6551252, 0.23996612, 0.86497754, 0.70346177, 0.40036523, 0.032735582, -0.67630684, -0.27297053, -0.8409482, 0.016011093, -0.02274798, -0.81091964, -0.19285259, 0.41773915, -0.87285, -0.19226383, 0.827294, 0.32521522, -0.18381055, -0.6323686, 0.11360655, -0.46448174, -0.70752376, 0.5875035, 0.68966454, -0.67702985, 0.11568508, -0.7812488, 0.9339271, -0.9163894, 0.94198656, -0.16204947, -0.54974186, -0.5200622, -0.7416343, -0.17311572, 0.3452123, -0.7578222, -0.21551998, -0.10387428, -0.8174736, -0.066832244, 0.22078677, 0.40606976, 0.16715372, 0.8028622, -0.43990493, -0.7852014, -0.9909835, -0.46860683, 0.33795685, 0.33266625, 0.6612896, -0.2558081, 0.17336018, -0.56105804, -0.8535495, -0.27937335, 0.55031544, 0.06809473, 0.6468541, -0.39638823, -0.5145122, -0.9748584, -0.26682308, 0.34061188, 0.87386596, 0.50906056, -0.88218683, -0.57101274, -0.71546316, 0.59837013, 0.7186745, -0.7267, 0.11174813, 0.20617583, -0.82583255, -0.25341362, 0.42453954, 0.9246532, -0.028224185, 0.44961527, 0.75549793, 0.69557285, -0.5085722, 0.7913235, -0.88244563, 0.78673714, 0.57153916, -0.49742, 0.5770667, 0.035329778, 0.20968002, -0.08570027, 0.8624697, -0.35948372, 0.16607702, 0.15981655, 0.3462938, -0.3232337, 0.9860031, -0.9467157, 0.61336166, -0.54251033, -0.06430456, -0.82462186, 0.9193655, 0.49604157, 0.4491352, -0.030807259, -0.1230021, -0.74410194, -0.3950771, 0.83313745, -0.29166108, -0.052324135, -0.57126665, 0.6901993, 0.584067, -0.69088304, -0.56419355, -0.7258128, 0.8233448, -0.45937845, -0.15460163, -0.523792, 0.5604409, -0.91808534, 0.6139927, 0.7905708, 0.38206622, 0.85146993, 0.7467096, 0.55430716, -0.16505659, 0.80074507, 0.23990399, 0.008691109, 0.41107038, 0.3757527, 0.18748523, -0.6649292, -0.22869653, 0.7513806, 0.7160494, 0.06851045, 0.7902692, 0.14098206, 0.65856594, -0.80617386, -0.77612424, -0.803557, -0.017284648, -0.38226274, -0.1697757, -0.004295316, -0.58790845, 0.3515492, -0.88614804, -0.67724806, -0.35980397, 0.08252991, 0.28346008, 0.34616557, -0.97683346, -0.73612046]","[-7.0, 4.0, 4.0, -2.0, -1.0, 4.0, -1.0, 2.0, -2.0, -3.0, -2.0, -1.0, 4.0, -2.0, 4.0, -2.0, -2.0, -3.0, -7.0, -1.0, -8.0, -2.0, -2.0, -7.0, 5.0, 10.0, -7.0, -8.0, 3.0, -7.0, -14.0, 4.0, -2.0, 4.0, 5.0, 3.0, 4.0, -6.0, -7.0, -7.0, 0.0, 5.0, -1.0, -4.0, 1.0, 5.0, 3.0, -7.0, -3.0, -2.0, 5.0, 3.0, 5.0, -1.0, 1.0, 1.0, -1.0, -2.0, 0.0, 4.0, 3.0, 4.0, -2.0, 0.0, 3.0, 4.0, -7.0, -3.0, -2.0, 5.0, 5.0, 2.0, -1.0, 4.0, -6.0, 3.0, 4.0, -3.0, -1.0, 6.0, -2.0, -6.0, -1.0, -7.0, 6.0, 10.0, -1.0, -1.0, 0.0, 4.0, -1.0, 6.0, -1.0, 10.0, -2.0, 4.0, 4.0, -3.0, -6.0, -4.0, -1.0, -1.0, 1.0, -1.0, -8.0, 5.0, 1.0, 3.0, 5.0, -3.0, -2.0, -7.0, -7.0, -2.0, 4.0, -8.0, 5.0, -7.0, 5.0, -3.0, 5.0, 5.0, 0.0, 4.0, -2.0, 3.0, -1.0, 4.0, 3.0, -2.0, 5.0, -1.0, -4.0, -7.0, -2.0, -8.0, -1.0, -8.0, 3.0, 4.0, 4.0, 5.0, -2.0, 4.0, 5.0, 4.0, -8.0, 0.0, -7.0, 4.0, -10.0, 5.0, -3.0, 0.0, -2.0, -7.0, 4.0, 4.0, 4.0, -1.0, -3.0, 4.0, 5.0, 3.0, -13.0, -1.0, -7.0, 4.0, -9.0, -5.0, 3.0, -1.0, 5.0, 3.0, 1.0, -2.0, -2.0, -2.0, -3.0, 0.0, 3.0, -2.0, -2.0, -5.0, -2.0, -2.0, 5.0, -6.0, 2.0, 10.0, -3.0, -2.0, 4.0, -4.0, -2.0, 0.0, -2.0, -8.0, -2.0, -2.0, -8.0, -2.0, -2.0, 5.0, -1.0, 5.0, -1.0, -3.0, -1.0, -1.0, 5.0, 4.0, -2.0, 4.0, 1.0, -8.0, 4.0, 4.0, -2.0, -3.0, 4.0, -7.0, -3.0, -7.0, 8.0, 5.0, 4.0, -3.0, 0.0, 4.0, -7.0, 0.0, 5.0, -2.0, 0.0, 4.0, 4.0, 4.0, -1.0, 3.0, 1.0, -1.0, -6.0, 3.0, 2.0, 0.0, 4.0, -5.0, -2.0, 6.0, -2.0, -5.0, -2.0, -1.0, -2.0, -4.0, -1.0, -4.0, -2.0, -2.0, -2.0, 5.0, -7.0, -2.0, 4.0, -1.0, -7.0, 1.0, -7.0, 5.0, 4.0, -1.0, -1.0, -6.0, 6.0, -1.0, 5.0, -2.0, -4.0, -7.0, 4.0, -1.0, 0.0, -1.0, -1.0, 12.0, 0.0, -1.0, 4.0, 4.0, -1.0, -2.0, -8.0, -2.0, -2.0, -1.0, -7.0, -1.0, -3.0, -2.0, 4.0, 3.0, 4.0, -1.0, -1.0, 0.0, -3.0, 4.0, 0.0, -2.0, 3.0, 3.0, -6.0, -1.0, -2.0, 0.0, 1.0, -1.0, 5.0, 4.0, -1.0, -8.0, -1.0, 3.0, 6.0, 1.0, -7.0, 4.0, 5.0, 2.0, 0.0, 0.0, 4.0, 10.0, -2.0, -2.0, -8.0, -2.0, 4.0, 12.0, -1.0, 5.0, -4.0, -7.0, -7.0, 0.0, -1.0, -1.0, -2.0, -1.0, -3.0, -1.0, -1.0, 4.0, 5.0, 5.0, -2.0, -7.0, 3.0, -1.0, -7.0, -1.0, 4.0, -7.0, 6.0, -1.0, 4.0, 10.0, 4.0, -7.0, -1.0, 13.0, 4.0, 9.0, 0.0, 4.0, -3.0, 4.0, 5.0, 4.0, 4.0, 4.0, -2.0, 5.0, -1.0, 4.0, 3.0, 5.0, 5.0, 3.0, 0.0, 5.0, -2.0, 11.0, 5.0, 11.0, -2.0, -2.0, 5.0, 10.0, -3.0, 5.0, 10.0, -1.0, 3.0, -1.0, -7.0, 5.0, -2.0, 4.0, -2.0, 3.0, 3.0, 1.0, -8.0, -2.0, -10.0, 5.0, 0.0, -3.0, -8.0, 1.0, 8.0, -6.0, 6.0, 3.0, -7.0, -7.0, -2.0, -1.0, -1.0, -1.0, -2.0, -2.0, -2.0, -2.0, -14.0, -7.0, -1.0, -7.0, -1.0, -8.0, 4.0, -2.0, 5.0, -2.0, 5.0, -2.0, 5.0, 4.0, -1.0, -2.0, 4.0, 4.0, 5.0, 4.0, 3.0, -1.0, 4.0, 2.0, 4.0, -2.0, -2.0, -1.0, 9.0, -1.0, -1.0, -8.0, 0.0, 5.0, 2.0, 4.0, -1.0, 5.0, -1.0, 5.0, -8.0, -1.0, -2.0, -1.0, -2.0, -2.0, -10.0, 5.0, -5.0, -1.0, 5.0, 11.0, -1.0, 0.0, -5.0, -2.0, -2.0, 2.0, -2.0, -2.0, -2.0, -8.0, 0.0, -2.0, -7.0, 4.0, -7.0, -1.0, -3.0, -5.0, 4.0, 2.0, -1.0, -2.0, 4.0, 5.0, -4.0, 4.0, -1.0, -1.0, -1.0, 3.0, 9.0, -7.0, 4.0, -2.0, -3.0, -2.0, -2.0, 5.0, 4.0, 4.0, -5.0, -1.0, -1.0, 3.0, -3.0, -1.0, -7.0, 0.0, -1.0, 4.0, 3.0, -5.0, 5.0, 4.0, -1.0, -1.0, 4.0, -3.0, -1.0, -1.0, -2.0, -2.0, 5.0, 5.0, -2.0, 1.0, -7.0, 5.0, 4.0, -2.0, -1.0, 3.0, -1.0, -7.0, -5.0, -2.0, -1.0, -1.0, 5.0, -1.0, 0.0, 4.0, -3.0, -7.0, -2.0, -1.0, -1.0, -2.0, 3.0, -3.0, -2.0, 1.0, 1.0, -3.0, 0.0, -1.0, -8.0, 4.0, 3.0, 1.0, -1.0, -2.0, -7.0, -2.0, -1.0, 3.0, -1.0, -1.0, 5.0, -3.0, 4.0, 0.0, -2.0, -7.0, -7.0, 3.0, 5.0, -1.0, 11.0, 4.0, -1.0, 4.0, -2.0, 0.0, 10.0, 0.0, -7.0, -2.0, -8.0, -2.0, 7.0, -1.0, -1.0, 4.0, 6.0, 5.0, 4.0, 2.0, -1.0, -2.0, 10.0, -4.0, -1.0, -2.0, 4.0, -1.0, -1.0, 0.0, 5.0, -1.0, 2.0, -1.0, -2.0, -1.0, -6.0, 2.0, -1.0, -2.0, 1.0, -2.0, 3.0, -2.0, -2.0, 6.0, -2.0, -2.0, 1.0, -2.0, -2.0, -6.0, 4.0, 1.0, 5.0, -3.0, -3.0, 5.0, 4.0, -6.0, -2.0, -1.0, -1.0, 0.0, -1.0, -3.0, 3.0, 3.0, 1.0, 0.0, 5.0, 1.0, -1.0, -1.0, -2.0, -1.0, 5.0, -3.0, 5.0, -1.0, -12.0, -2.0, -1.0, -1.0, -5.0, -7.0, -1.0, -2.0, -3.0, 6.0, 8.0, -3.0, 0.0, 4.0, 3.0, 5.0, -1.0, 3.0, 4.0, -1.0, 4.0, -1.0, 5.0, -15.0, -7.0, -1.0, -2.0, 1.0, -7.0, 5.0, -1.0, 1.0, -2.0, 6.0, 0.0, -4.0, -1.0, -2.0, 2.0, -2.0, 0.0, -6.0, -8.0, -2.0, 4.0, 4.0, -2.0, 1.0, 1.0, -5.0, 4.0, -1.0, -3.0, 10.0, -2.0, 5.0, 3.0, -1.0, 3.0, 5.0, 4.0, -2.0, -3.0, 4.0, 4.0, -1.0, 3.0, 10.0, -1.0, 2.0, -2.0, 4.0, -2.0, 5.0, -6.0, 5.0, -1.0, -5.0, 4.0, 0.0, 5.0, 0.0, -2.0, -2.0, -8.0, -2.0, -1.0, 5.0, -1.0, 5.0, -2.0, -1.0, -2.0, -2.0, -2.0, -2.0, 10.0, 4.0, 3.0, 3.0, 4.0, 10.0, 4.0, 4.0, -2.0, 0.0, -2.0, -13.0, 4.0, -1.0, 9.0, -2.0, 4.0, 3.0, 4.0, -1.0, -2.0, 5.0, -3.0, -7.0, -2.0, -2.0, -2.0, -7.0, -1.0, -2.0, 0.0, 10.0, 9.0, -1.0, 4.0, -2.0, -2.0, -7.0, 5.0, 11.0, 4.0, 5.0, -1.0, -8.0, 4.0, -2.0, -5.0, 4.0, -1.0, -7.0, -1.0, 4.0, 0.0, -1.0, -1.0, -8.0, -2.0, -1.0, 5.0, 4.0, -9.0, -4.0, -1.0, -14.0, 2.0, -12.0, -2.0, -7.0, 6.0, -1.0, 5.0, -8.0, -7.0, -1.0, -2.0, -4.0, 3.0, -2.0, -7.0, 0.0, 4.0, 5.0, 5.0, 9.0, 5.0, 2.0, -2.0, -1.0, 7.0, -1.0, 3.0, -1.0, 4.0, 4.0, -1.0, -2.0, 5.0, 4.0, -2.0, -2.0, -1.0, 4.0, -1.0, 0.0, -4.0, 3.0, -8.0, 4.0, -5.0, -1.0, -7.0, -2.0, -7.0, -1.0, 3.0, 5.0, -2.0, 5.0, -9.0, 5.0, -2.0, 0.0, -1.0, -5.0, -1.0, -1.0, -14.0, 0.0, 5.0, 11.0, -2.0, 5.0, 5.0, 4.0, 4.0, -1.0, -1.0, 4.0, -2.0, -1.0, -5.0, 4.0, 5.0, 4.0, 2.0, -7.0, -2.0, -2.0, 5.0, 6.0, -1.0, 4.0, 0.0, 5.0, 5.0, -7.0, -6.0, 6.0, 3.0, -7.0, -7.0, -3.0, -7.0, -1.0, 5.0, -6.0, -13.0, 10.0, -1.0, 6.0, 10.0, -1.0, 3.0, -2.0, 0.0, 1.0, -2.0, -3.0, -2.0, 5.0, 5.0, -3.0, -2.0, -6.0, 15.0, 5.0, 3.0, -4.0, 5.0, 0.0, -1.0, 5.0, -2.0, 4.0, -1.0, 5.0, 4.0, -1.0, 4.0, -1.0, 11.0, -2.0, -8.0, -1.0, 8.0, 5.0, 9.0, 2.0, -6.0, 4.0, 3.0, -8.0, -1.0, 11.0, -2.0, -2.0, -20.0, -2.0]",8.191414266461646,0.0036938190460205,0.0,0.0,0
43,43,"[-0.97635543, -0.3281376, 0.83027244, -0.33340544, -0.25547472, 0.6328599, -0.51801175, 0.71418625, 0.6162961, -0.90206283, 0.118664145, 0.66716594, -0.29380998, 0.87158126, 0.7539709, -0.721883, 0.83743465, -0.39271915, -0.010935553, 0.4757548, -0.015152261, -0.9011799, -0.87824243, 0.46160737, 0.9440272, 0.25918388, 0.29949978, 0.1993824, -0.2084274, -0.16235714, -0.9238648, 0.88702786, 0.11624528, -0.10748275, 0.063991524, -0.0089923665, 0.7300562, 0.12786555, -0.549857, -0.88326216, -0.39461496, 0.77644694, 0.06636471, 0.5547611, -0.56992716, 0.3820178, -0.19515641, 0.23356844, -0.44735453, -0.02481852, -0.5493031, -0.47771794, -0.43625557, -0.3070053, -0.096653484, 0.115313016, -0.33168015, 0.5727827, -0.85284954, 0.9298765, 0.82442915, 0.7105315, -0.2834418, -0.058492538, -0.5878932, -0.34198284, 0.25306636, -0.8696011, -0.6030597, 0.86169684, 0.98271406, 0.3846064, -0.24397156, -0.22850029, 0.8923333, -0.18880731, 0.11474671, 0.39546263, -0.4571249, -0.10993357, -0.11396422, -0.88079643, -0.3811405, 0.048377063, 0.75887966, 0.54094934, -0.33047765, -0.712794, 0.77322394, 0.9722975, -0.72300625, -3.4423251e-06, -0.670184, -0.7179248, -0.36949998, -0.6397141, 0.34295598, -0.20832549, 0.17543226, -0.5319185, 0.04199746, -0.57215524, -0.6087399, -0.37616813, 0.9510216, 0.86310124, -0.41448405, 0.9084212, 0.5327702, -0.53614485, 0.09946353, 0.08420016, 0.8134942, -0.100612246, 0.15480779, -0.2176649, 0.5595756, 0.21844266, -0.15361515, -0.7261688, -0.3613539, -0.4825594, 0.6706061, 0.21790771, 0.59345615, -0.45456612, -0.48157993, 0.31816646, 0.13228713, -0.97911793, 0.51329666, 0.4386144, -0.1921601, -0.1331672, 0.34653357, -0.19912058, -0.11278924, 0.15575723, -0.58629286, 0.7916956, 0.19772781, -0.8244788, 0.3939744, -0.91817236, -0.55207396, 0.7021296, 0.7396903, 0.77275866, -0.06831361, -0.218732, 0.44328803, -0.5790892, -0.13281572, 0.16279075, 0.4087502, -0.6581447, 0.7842496, -0.7033951, 0.38172156, 0.29769266, -0.06736647, -0.57227904, -0.3205017, 0.6400819, -0.36025235, 0.60651326, 0.6125056, 0.5859381, 0.15802002, -0.46643567, 0.9962615, -0.5059056, 0.34299797, 0.030832756, -0.30962914, -0.10797871, -0.3366155, 0.38803676, 0.3216578, -0.7244203, -0.7032126, -0.8497972, -0.09391212, 0.9742393, 0.43527874, -0.9029094, 0.9693725, 0.43208408, 0.47728458, -0.9065353, -0.73538566, -0.20655283, 0.37027854, 0.65883905, -0.21249934, 0.3702651, 0.4570326, 0.18329324, -0.030984912, 0.14100984, 0.5536213, -0.8894323, 0.5298902, -0.5482152, 0.8967184, -0.43005928, 0.583366, 0.49301532, -0.4371429, -0.5703402, 0.07380241, 0.4088459, 0.9402747, 0.22658591, -0.93655235, -0.9058244, 0.46259856, -0.87821776, 0.75458175, -0.0866319, 0.4561177, 0.78281, -0.81028223, -0.59196603, 0.849616, -0.30306014, 0.79692817, -0.39208004, 0.47572416, 0.30338016, 0.40316188, -0.15453973, 0.48634, -0.3382217, 0.28676394, 0.79049605, 0.37558416, -0.5913416, 0.49074507, -0.17962971, 0.004736641, -0.46657944, 0.90851307, -0.3837371, -0.88488334, 0.7912832, 0.8356622, -0.9511154, -0.1849678, 0.44376925, -0.5236051, 0.926373, -0.15985967, 0.37407163, 0.52902645, -0.78001976, -0.02495148, -0.20684429, 0.86657745, 0.4633823, 0.5045559, -0.16847517, 0.8102465, 0.8539009, -0.14205053, -0.059418682, -0.46099347, 0.7813558, 0.7730361, 0.30110115, 0.9130852, -0.584844, 0.22384734, 0.21741226, 0.5367788, -0.54563993, -0.74964863, -0.48556626, -0.35105318, -0.056961697, -0.6000702, -0.5409056, 0.13811545, 0.7933473, -0.25727507, 0.8936924, -0.32772538, -0.4655526, -0.71598965, -0.22857438, -0.4241476, 0.37098783, 0.6507351, -0.23917972, -0.67082727, -0.30207232, 0.4927201, 0.28437206, 0.70373416, 0.827848, -0.6961848, -0.89344907, 0.055337574, -0.7308652, 0.54307663, -0.60297555, 0.30769834, 0.90464246, -0.6711421, -0.34141436, 0.17320085, -0.05224442, 0.12174942, 0.70715404, -0.037110467, 0.22505859, -0.14455773, -0.19159603, -0.49516118, 0.865832, -0.46333233, -0.19684796, 0.6772568, -0.3486372, -0.64838594, 0.8551555, 0.83675164, 0.69357115, -0.5004679, 0.2632597, 0.40926933, -0.09180539, 0.023667097, -0.37162405, -0.9777889, -0.8539883, 0.44980532, 0.8302103, 0.51358825, 0.97585195, -0.89889, 0.017696664, 0.52353495, -0.37259987, -0.096821055, 0.85678685, -0.9679828, -0.842482, 0.8343241, 0.9973019, 0.09125986, -0.30396405, 0.39911675, -0.61547583, 0.5055024, -0.08393366, 0.14366458, -0.6199002, 0.95038533, 0.39404142, -0.9258052, 0.5619503, 0.8031491, 0.09860355, 0.9970648, 0.79701835, -0.24211466, -0.834194, -0.4570312, -0.6841468, 0.19213492, -0.22744994, 0.060173944, -0.13879569, 0.97129977, 0.41332048, 0.18699019, -0.06380429, 0.27825743, -0.094315395, -0.45375767, -0.7709995, -0.7600351, 0.8780961, 0.9746611, -0.868166, -0.001363773, -0.31209746, 0.086499885, -0.48914886, -0.5344871, 0.8593107, -0.9239169, -0.075910956, 0.7321339, -0.9445252, 0.000535023, 0.08840321, -0.8990619, 0.060390934, -0.99582595, -0.45133355, -0.67153394, 0.7014693, -0.32071212, -0.2485075, -0.3258856, 0.73608136, 0.49261588, -0.19679849, 0.47558302, -0.99558586, 0.7240456, 0.2794301, -0.6508043, -0.019062085, 0.7549606, -0.83456975, -0.29962394, 0.5245781, 0.045148674, -0.5217011, 0.55265594, -0.55042154, -0.01754995, 0.051175527, -0.78960794, -0.121890664, -0.2757662, 0.10648349, -0.20743309, 0.34790948, -0.8067679, 0.4994423, -0.9411189, 0.4149984, 0.8979762, 0.19955611, 0.19739537, 0.65339446, 0.13638134, -0.65977997, 0.75045466, 0.5353686, 0.97621554, 0.022142107, 0.22541147, -0.28388038, -0.47612005, 0.19151583, 0.059035517, -0.7469459, -0.84435296, 0.29047653, -0.15427014, 0.5940619, -0.8598507, -0.6643392, 0.21250997, -0.40938547, -0.869267, 0.34372935, -0.43656486, -0.3541265, -0.41504014, -0.9664661, 0.574723, -0.6469903, -0.85671335, 0.050451607, -0.84139425, 0.6229467, -0.49445906, -0.78004265, 0.25389323, -0.32492018, -0.40006277, -0.7117395, -0.66298735, -0.64350224, -0.65748906, 0.638243, -0.330506, 0.9120127, -0.5687737, -0.0029843333, 0.17731251, 0.54028255, 0.98859066, -0.8725574, 0.013783479, -0.9839679, -0.43522304, -0.4209846, 0.68253714, 0.13097511, 0.37161386, 0.49792442, -0.6789092, -0.16595452, 0.5805737, -0.71421874, 0.1531082, -0.5568234, 0.20511852, -0.93378407, -0.9181927, 0.057437025, 0.075736664, -0.8703383, -0.6881926, 0.7063487, 0.0054289056, 0.2589894, -0.7096647, 0.17966133, -0.54340196, -0.778443, 0.6535495, -0.1662889, -0.260562, 0.55605716, 0.998184, 0.49748325, -0.29862654, 0.6676635, -0.90270156, -0.60449, -0.89352846, -0.38380736, 0.6100754, -0.04013146, -0.5936703, 0.730216, 0.8767946, 0.22395548, -0.21140589, 0.36028937, -0.55463886, 0.7646761, 0.5843973, 0.93784446, 0.7002202, -0.76669466, 0.80067086, -0.4690717, -0.14388782, -0.5242783, 0.8725817, -0.9317434, -0.03313017, 0.21995309, -0.61214674, 0.93067133, 0.2208235, 0.8386524, -0.004141184, -0.53070295, 0.7564266, 0.8746483, -0.3828632, -0.9005525, -0.33368462, 0.992077, 0.7003916, 0.8508745, 0.5185052, -0.88053423, 0.68936163, -0.7015581, 0.021352466, -0.63927525, -0.6893878, 0.07082553, 0.8665451, -0.180567, 0.084925346, 0.28148848, -0.64731646, 0.9657875, -0.41434073, 0.74279433, 0.99889064, 0.8165761, 0.50695187, 0.29129225, -0.5493548, 0.74526775, -0.15057418, 0.22099742, 0.4067693, -0.518407, 0.87004596, 0.5026345, -0.3882426, -0.87358207, 0.5044843, -0.28486928, -0.57835174, 0.689773, -0.547731, -0.28468415, 0.17750031, 0.4407988, -0.13016118, -0.54326415, 0.61765146, 0.19275178, -0.9967597, 0.33684182, 0.10029175, 0.0008166087, -0.8741642, -0.33331233, 0.71747214, 0.045308534, 0.51936436, -0.9315455, 0.5526101, 0.21072042, -0.30669248, 0.10065876, 0.5851601, 0.10684909, -0.54413474, 0.3769656, 0.23289825, -0.9908769, 0.5046597, 0.45488673, 0.977034, -0.828536, 0.58813655, 0.24193865, 0.49569064, -0.5272088, 0.7692967, 0.9757079, -0.2500918, -0.692287, -0.5519047, 0.86262435, -0.3098388, 0.4926685, -0.9832223, 0.8233847, 0.8033898, -0.8196352, -0.7849246, 0.72610384, -0.9446381, -0.2861889, 0.29061353, 0.8149179, -0.5625111, -0.46083412, -0.58253807, 0.9010958, 0.6942932, -0.46871823, 0.5172655, -0.09586632, -0.38056052, 0.2694235, -0.4966029, 0.72074634, 0.3296478, 0.37511677, -0.7891564, 0.58518934, -0.24869843, 0.7000957, -0.3209283, -0.72783136, -0.34766147, -0.85226244, -0.90197885, 0.37139165, -0.8374438, -0.55874544, -0.8405053, 0.50366735, 0.4209667, 0.21533656, -0.4967011, -0.8899699, 0.11627832, 0.40941685, 0.2864366, -0.67382294, 0.54536426, -0.030768372, 0.9494304, 0.027996546, 0.9297406, 0.77455765, 0.3218786, -0.9351869, 0.3137553, 0.54739934, 0.09256795, -0.3457478, 0.1914243, -0.038295995, 0.13982436, -0.42062888, -0.84511054, -0.5289301, -0.6944832, 0.072608486, 0.8030566, -0.61971647, 0.2606903, -0.37297064, 0.97994334, -0.5857049, 0.08451644, -0.06323922, -0.36360985, -0.431786, 0.90486676, 0.8408304, 0.4157429, 0.6848399, 0.49030304, -0.13044818, 0.9553771, 0.5713464, 0.6848711, 0.87026274, -0.39606175, -0.3517277, -0.78287727, -0.9528448, -0.1590154, -0.47602117, -0.892768, -0.80684227, 0.201012, -0.4748908, -0.97227114, 0.40232995, 0.8097001, 0.5111737, 0.19907658, 0.5195776, 0.22732213, 0.9060304, 0.30876485, -0.12412551, 0.62907165, -0.8005247, 0.4484164, 0.4644938, 0.06382268, -0.45950013, -0.75551844, 0.28805462, -0.8262573, -0.3624932, 0.19599932, -0.4743205, -0.74312043, 0.79644203, 0.12830314, -0.9357018, 0.77656275, 0.30186862, 0.658946, -0.2732399, 0.7219771, 0.07607804, 0.9015313, -0.5514564, 0.68275046, -0.87781155, -0.28920925, -0.34667867, 0.14767739, -0.5555522, -0.3984219, 0.48432034, -0.29165778, 0.6489594, 0.24515507, -0.06369696, -0.50726074, -0.72449464, -0.7290305, 0.29510704, -0.5659922, 0.5912619, -0.90186316, -0.46838158, -0.01975529, 0.4564624, 0.68730724, 0.46293557, 0.69035023, -0.7973159, 0.6211181, 0.8745407, -0.541477, -0.9521662, 0.07291062, -0.57190466, 0.117486306, 0.54092014, -0.6730574, -0.33790347, 0.71971005, 0.7691016, 0.84949994, 0.5313011, -0.7680621, -0.018503645, -0.6334243, 0.90843636, -0.29107153, 0.92535913, -0.019297563, 0.15574731, -0.095579155, -0.6075585, -0.6404207, 0.44365576, 0.31064484, 0.68407834, -0.9264515, -0.10871846, 0.90373576, -0.021657236, 0.8479837, 0.46502492, -0.8622839, 0.9681378, 0.82217544, 0.057000455, -0.54372954, 0.14957497, 0.8713617, 0.13821276, -0.7258372, 0.10917969, -0.21480519, -0.21408288, 0.34220088, -0.50289726, 0.06281784, 0.54399693, -0.08119027, 0.37761232, 0.08894332, -0.56989, -0.49244723, -0.13584767, 0.2549413, 0.5556726, 0.65851796, -0.5112153, 0.37423486, -0.709426, -0.21665083, -0.60790485, -0.61181617, -0.25661832, -0.5031402, 0.27057108, -0.26313302, 0.008787046, 0.36464518, 0.21808645, 0.45684594, -0.898539, -0.0559772, 0.4170177, 0.47007, -0.38957682, -0.078966826, 0.8791292, 0.6575051, -0.46249658, -0.8527855, 0.1653251, 0.88301915, -0.8823881, 0.36667672, 0.37633896, -0.18302625, -0.8807065, 0.53466004, 0.41111282, 0.25614107, -0.070497744, -0.8457079, -0.2124137, -0.21304703, -0.26292646, 0.14811435, -0.92733264, -0.14921279, 0.2720202, 0.06966348, -0.40537906, 0.18582122, -0.6280207, 0.13861494, -0.15563338, 0.77974254, -0.8089498, 0.49177554, -0.1718265, -0.56040263, -0.51042944, 0.7051005, 0.7824778, 0.95297176, -0.9049896, -0.8197959, 0.11907049, 0.3900297, 0.6894007, 0.23735876, 0.82541686, -0.8428537, -0.056164373, 0.747581, 0.44421905, -0.15861541, 0.054954212, -0.43992507, 0.10580538, -0.28199974, 0.6577533, 0.32117176, 0.082078196, -0.714041, 0.830328, -0.9192941, 0.9384248, -0.06294238, 0.040737767, 0.8558579, -0.20891836, 0.27787083, 0.5694136, 0.032269508, 0.9520037, -0.4902094, -0.2943467, 0.68294245, 0.85905176, 0.63512737, 0.2758764, 0.28544232, -0.41911033, 0.5113642, 0.17672822, 0.1355826, 0.48114273, 0.56962657, -0.7436457, 0.61866516, -0.5092519, -0.5757127, 0.5492662, 0.3971658, 0.4652087, 0.2618953, 0.6457759, -0.6225745, 0.31953567, 0.7356489, -0.10716082, 0.23833421, -0.9464599, -0.34629974, -0.7225559, 0.19422872, -0.07950018, 0.25478697, -0.4519429, -0.1075835, -0.22687854, 0.093898244, -0.89464355, -0.94556123, 0.19454128, -0.65391505, -0.3509603, -0.110544875, 0.60612386, 0.10285856, -0.329751, -0.69966155, 0.816863, -0.52572304, 0.7626988, 0.24348052, -0.5550197]","[-7.0, 4.0, 4.0, -2.0, -1.0, 4.0, -1.0, 2.0, -2.0, -3.0, -2.0, -1.0, 4.0, -2.0, 4.0, -2.0, -2.0, -3.0, -7.0, -1.0, -8.0, -2.0, -2.0, -7.0, 5.0, 10.0, -7.0, -8.0, 3.0, -7.0, -14.0, 4.0, -2.0, 4.0, 5.0, 3.0, 4.0, -6.0, -7.0, -7.0, 0.0, 5.0, -1.0, -4.0, 1.0, 5.0, 3.0, -7.0, -3.0, -2.0, 5.0, 3.0, 5.0, -1.0, 1.0, 1.0, -1.0, -2.0, 0.0, 4.0, 3.0, 4.0, -2.0, 0.0, 3.0, 4.0, -7.0, -3.0, -2.0, 5.0, 5.0, 2.0, -1.0, 4.0, -6.0, 3.0, 4.0, -3.0, -1.0, 6.0, -2.0, -6.0, -1.0, -7.0, 6.0, 10.0, -1.0, -1.0, 0.0, 4.0, -1.0, 6.0, -1.0, 10.0, -2.0, 4.0, 4.0, -3.0, -6.0, -4.0, -1.0, -1.0, 1.0, -1.0, -8.0, 5.0, 1.0, 3.0, 5.0, -3.0, -2.0, -7.0, -7.0, -2.0, 4.0, -8.0, 5.0, -7.0, 5.0, -3.0, 5.0, 5.0, 0.0, 4.0, -2.0, 3.0, -1.0, 4.0, 3.0, -2.0, 5.0, -1.0, -4.0, -7.0, -2.0, -8.0, -1.0, -8.0, 3.0, 4.0, 4.0, 5.0, -2.0, 4.0, 5.0, 4.0, -8.0, 0.0, -7.0, 4.0, -10.0, 5.0, -3.0, 0.0, -2.0, -7.0, 4.0, 4.0, 4.0, -1.0, -3.0, 4.0, 5.0, 3.0, -13.0, -1.0, -7.0, 4.0, -9.0, -5.0, 3.0, -1.0, 5.0, 3.0, 1.0, -2.0, -2.0, -2.0, -3.0, 0.0, 3.0, -2.0, -2.0, -5.0, -2.0, -2.0, 5.0, -6.0, 2.0, 10.0, -3.0, -2.0, 4.0, -4.0, -2.0, 0.0, -2.0, -8.0, -2.0, -2.0, -8.0, -2.0, -2.0, 5.0, -1.0, 5.0, -1.0, -3.0, -1.0, -1.0, 5.0, 4.0, -2.0, 4.0, 1.0, -8.0, 4.0, 4.0, -2.0, -3.0, 4.0, -7.0, -3.0, -7.0, 8.0, 5.0, 4.0, -3.0, 0.0, 4.0, -7.0, 0.0, 5.0, -2.0, 0.0, 4.0, 4.0, 4.0, -1.0, 3.0, 1.0, -1.0, -6.0, 3.0, 2.0, 0.0, 4.0, -5.0, -2.0, 6.0, -2.0, -5.0, -2.0, -1.0, -2.0, -4.0, -1.0, -4.0, -2.0, -2.0, -2.0, 5.0, -7.0, -2.0, 4.0, -1.0, -7.0, 1.0, -7.0, 5.0, 4.0, -1.0, -1.0, -6.0, 6.0, -1.0, 5.0, -2.0, -4.0, -7.0, 4.0, -1.0, 0.0, -1.0, -1.0, 12.0, 0.0, -1.0, 4.0, 4.0, -1.0, -2.0, -8.0, -2.0, -2.0, -1.0, -7.0, -1.0, -3.0, -2.0, 4.0, 3.0, 4.0, -1.0, -1.0, 0.0, -3.0, 4.0, 0.0, -2.0, 3.0, 3.0, -6.0, -1.0, -2.0, 0.0, 1.0, -1.0, 5.0, 4.0, -1.0, -8.0, -1.0, 3.0, 6.0, 1.0, -7.0, 4.0, 5.0, 2.0, 0.0, 0.0, 4.0, 10.0, -2.0, -2.0, -8.0, -2.0, 4.0, 12.0, -1.0, 5.0, -4.0, -7.0, -7.0, 0.0, -1.0, -1.0, -2.0, -1.0, -3.0, -1.0, -1.0, 4.0, 5.0, 5.0, -2.0, -7.0, 3.0, -1.0, -7.0, -1.0, 4.0, -7.0, 6.0, -1.0, 4.0, 10.0, 4.0, -7.0, -1.0, 13.0, 4.0, 9.0, 0.0, 4.0, -3.0, 4.0, 5.0, 4.0, 4.0, 4.0, -2.0, 5.0, -1.0, 4.0, 3.0, 5.0, 5.0, 3.0, 0.0, 5.0, -2.0, 11.0, 5.0, 11.0, -2.0, -2.0, 5.0, 10.0, -3.0, 5.0, 10.0, -1.0, 3.0, -1.0, -7.0, 5.0, -2.0, 4.0, -2.0, 3.0, 3.0, 1.0, -8.0, -2.0, -10.0, 5.0, 0.0, -3.0, -8.0, 1.0, 8.0, -6.0, 6.0, 3.0, -7.0, -7.0, -2.0, -1.0, -1.0, -1.0, -2.0, -2.0, -2.0, -2.0, -14.0, -7.0, -1.0, -7.0, -1.0, -8.0, 4.0, -2.0, 5.0, -2.0, 5.0, -2.0, 5.0, 4.0, -1.0, -2.0, 4.0, 4.0, 5.0, 4.0, 3.0, -1.0, 4.0, 2.0, 4.0, -2.0, -2.0, -1.0, 9.0, -1.0, -1.0, -8.0, 0.0, 5.0, 2.0, 4.0, -1.0, 5.0, -1.0, 5.0, -8.0, -1.0, -2.0, -1.0, -2.0, -2.0, -10.0, 5.0, -5.0, -1.0, 5.0, 11.0, -1.0, 0.0, -5.0, -2.0, -2.0, 2.0, -2.0, -2.0, -2.0, -8.0, 0.0, -2.0, -7.0, 4.0, -7.0, -1.0, -3.0, -5.0, 4.0, 2.0, -1.0, -2.0, 4.0, 5.0, -4.0, 4.0, -1.0, -1.0, -1.0, 3.0, 9.0, -7.0, 4.0, -2.0, -3.0, -2.0, -2.0, 5.0, 4.0, 4.0, -5.0, -1.0, -1.0, 3.0, -3.0, -1.0, -7.0, 0.0, -1.0, 4.0, 3.0, -5.0, 5.0, 4.0, -1.0, -1.0, 4.0, -3.0, -1.0, -1.0, -2.0, -2.0, 5.0, 5.0, -2.0, 1.0, -7.0, 5.0, 4.0, -2.0, -1.0, 3.0, -1.0, -7.0, -5.0, -2.0, -1.0, -1.0, 5.0, -1.0, 0.0, 4.0, -3.0, -7.0, -2.0, -1.0, -1.0, -2.0, 3.0, -3.0, -2.0, 1.0, 1.0, -3.0, 0.0, -1.0, -8.0, 4.0, 3.0, 1.0, -1.0, -2.0, -7.0, -2.0, -1.0, 3.0, -1.0, -1.0, 5.0, -3.0, 4.0, 0.0, -2.0, -7.0, -7.0, 3.0, 5.0, -1.0, 11.0, 4.0, -1.0, 4.0, -2.0, 0.0, 10.0, 0.0, -7.0, -2.0, -8.0, -2.0, 7.0, -1.0, -1.0, 4.0, 6.0, 5.0, 4.0, 2.0, -1.0, -2.0, 10.0, -4.0, -1.0, -2.0, 4.0, -1.0, -1.0, 0.0, 5.0, -1.0, 2.0, -1.0, -2.0, -1.0, -6.0, 2.0, -1.0, -2.0, 1.0, -2.0, 3.0, -2.0, -2.0, 6.0, -2.0, -2.0, 1.0, -2.0, -2.0, -6.0, 4.0, 1.0, 5.0, -3.0, -3.0, 5.0, 4.0, -6.0, -2.0, -1.0, -1.0, 0.0, -1.0, -3.0, 3.0, 3.0, 1.0, 0.0, 5.0, 1.0, -1.0, -1.0, -2.0, -1.0, 5.0, -3.0, 5.0, -1.0, -12.0, -2.0, -1.0, -1.0, -5.0, -7.0, -1.0, -2.0, -3.0, 6.0, 8.0, -3.0, 0.0, 4.0, 3.0, 5.0, -1.0, 3.0, 4.0, -1.0, 4.0, -1.0, 5.0, -15.0, -7.0, -1.0, -2.0, 1.0, -7.0, 5.0, -1.0, 1.0, -2.0, 6.0, 0.0, -4.0, -1.0, -2.0, 2.0, -2.0, 0.0, -6.0, -8.0, -2.0, 4.0, 4.0, -2.0, 1.0, 1.0, -5.0, 4.0, -1.0, -3.0, 10.0, -2.0, 5.0, 3.0, -1.0, 3.0, 5.0, 4.0, -2.0, -3.0, 4.0, 4.0, -1.0, 3.0, 10.0, -1.0, 2.0, -2.0, 4.0, -2.0, 5.0, -6.0, 5.0, -1.0, -5.0, 4.0, 0.0, 5.0, 0.0, -2.0, -2.0, -8.0, -2.0, -1.0, 5.0, -1.0, 5.0, -2.0, -1.0, -2.0, -2.0, -2.0, -2.0, 10.0, 4.0, 3.0, 3.0, 4.0, 10.0, 4.0, 4.0, -2.0, 0.0, -2.0, -13.0, 4.0, -1.0, 9.0, -2.0, 4.0, 3.0, 4.0, -2.0, -2.0, 5.0, -3.0, -7.0, -2.0, -2.0, -2.0, -7.0, -1.0, -2.0, 0.0, 10.0, 9.0, -1.0, 4.0, -2.0, -2.0, -7.0, 5.0, 11.0, 4.0, 5.0, -1.0, -8.0, 4.0, -2.0, -5.0, 4.0, -1.0, -7.0, -1.0, 4.0, 0.0, -1.0, -1.0, -8.0, -2.0, -1.0, 5.0, 4.0, -9.0, -4.0, -1.0, -14.0, 2.0, -12.0, -2.0, -7.0, 6.0, -1.0, 5.0, -8.0, -7.0, -1.0, -2.0, -4.0, 3.0, -2.0, -7.0, 0.0, 4.0, 5.0, 5.0, 9.0, 5.0, 2.0, -2.0, -1.0, 7.0, -1.0, 3.0, -1.0, 4.0, 4.0, -1.0, -2.0, 5.0, 4.0, -2.0, -2.0, -1.0, 4.0, -1.0, 0.0, -4.0, 3.0, -8.0, 4.0, -5.0, -1.0, -7.0, -2.0, -7.0, -1.0, 3.0, 5.0, -2.0, 5.0, -9.0, 5.0, -2.0, 0.0, -1.0, -5.0, -1.0, -1.0, -14.0, 0.0, 5.0, 11.0, -2.0, 5.0, 5.0, 4.0, 4.0, -1.0, -1.0, 4.0, -2.0, -1.0, -5.0, 4.0, 5.0, 4.0, 2.0, -7.0, -2.0, -2.0, 5.0, 6.0, -1.0, 4.0, 0.0, 5.0, 5.0, -7.0, -6.0, 6.0, 3.0, -7.0, -7.0, -3.0, -7.0, -1.0, 5.0, -6.0, -13.0, 10.0, -1.0, 6.0, 10.0, -1.0, 3.0, -2.0, 0.0, 1.0, -2.0, -3.0, -2.0, 5.0, 5.0, -3.0, -2.0, -6.0, 15.0, 5.0, 3.0, -4.0, 5.0, 0.0, -1.0, 5.0, -2.0, 4.0, -1.0, 5.0, 4.0, -1.0, 4.0, -1.0, 11.0, -2.0, -8.0, -1.0, 8.0, 5.0, 9.0, 2.0, -6.0, 4.0, 3.0, -8.0, -1.0, 11.0, -2.0, -2.0, -20.0, -2.0]",8.192839107609505,0.0032761096954345,0.0,0.0,0
44,44,"[0.6177204, 0.25505203, 0.4535717, -0.18658257, 0.56636703, -0.057552595, 0.43488657, 0.87261266, -0.2986302, -0.68501246, 0.26405334, 0.5382055, 0.81189567, -0.17602721, -0.98421574, 0.5961401, 0.4158213, 0.40148807, 0.65100175, -0.028629662, -0.8045636, -0.13513306, -0.3327303, -0.53237516, -0.63331854, -0.95610285, -0.59810346, -0.07808305, 0.8350035, 0.73971057, 0.13357687, -0.756824, 0.87934655, -0.63615406, 0.4593326, 0.13635051, -0.55522853, 0.41557527, 0.6905612, -0.7498812, 0.5878641, -0.059390236, 0.060606733, 0.01752538, 0.7168606, 0.5491035, 0.065550506, -0.3674704, -0.6994383, -0.32666856, -0.09819212, 0.1626129, -0.27790278, 0.29048032, -0.9282766, 0.88699454, -0.24121535, 0.032508705, 0.53555864, 0.44355354, -0.2097822, 0.6265006, 0.5974181, -0.34547916, -0.8926079, 0.78634036, 0.41756618, -0.35288042, -0.90147775, 0.103355564, -0.9158987, -0.19761011, 0.48178175, -0.47278234, -0.9316954, 0.57432115, -0.7513288, 0.40057442, 0.28174528, 0.82833785, -0.36748874, -0.28983164, 0.19537687, -0.8483807, -0.26795405, -0.7398776, 0.19372219, -0.39420506, -0.013692785, -0.00338107, 0.40165552, 0.49177495, -0.4577002, -0.6270323, 0.8680107, -0.4782079, 0.2116654, -0.01197458, -0.7633837, -0.004694673, 0.9715612, 0.53142184, -0.5339573, 0.9827191, -0.8432196, -0.3139661, -0.67834115, -0.18243514, -0.2633651, -0.73268825, 0.92123616, -0.0042730053, -0.9996814, -0.4477085, 0.37497362, 0.7608126, -0.5502072, 0.17154305, -0.675552, 0.07970893, -0.20901662, 0.766693, -0.027033335, 0.9342426, -0.48627773, 0.35399947, -0.75345993, 0.3533272, 0.4845791, -0.19569309, -0.05330987, 0.44459814, -0.048555724, 0.49842155, 0.06873844, 0.2496392, 0.10842143, -0.579109, -0.53522974, 0.3544414, 0.75426304, 0.12475081, -0.575063, 0.032692783, 0.75512403, 0.68252134, 0.2314645, -0.5265528, 0.47382972, 0.43283162, 0.5254856, -0.53998524, 0.030518636, 0.9195031, 0.76379305, -0.90018064, -0.065926224, -0.48648658, -0.28283355, 0.020494588, 0.249119, -0.9034559, 0.044794656, -0.011192345, -0.4062873, 0.89921945, 0.9579787, -0.4619471, -0.06611067, 0.80903184, -0.09026308, 0.85390866, 0.7330064, 0.8272664, 0.24036954, 0.93128014, -0.3690599, -0.8873507, -0.57933015, 0.0019234419, 0.5016001, -0.5365585, 0.2637172, -0.6191512, -0.082213216, 0.09498767, 0.6515913, -0.20954396, 0.740877, 0.45419475, 0.11218315, 0.9194658, -0.7662012, 0.304825, 0.72413146, -0.0063804872, -0.2734424, 0.32250842, 0.33958015, -0.16895753, 0.42219716, -0.25182676, 0.83183324, -0.6890916, 0.0068456964, -0.02982733, 0.5949469, 0.00025911033, 0.08727755, 0.20409809, -0.8838866, 0.5962804, 0.10039725, 0.13928254, -0.11890139, -0.41030073, -0.0970093, -0.8699244, 0.05133806, -0.71594864, 0.40931532, 0.15017068, -0.7790058, -0.14782509, 0.28168592, -0.8189701, -0.43688428, -0.37007546, -0.17662303, 0.60604215, -0.22978829, 0.65797526, 0.28185883, -0.50933874, -0.6212519, 0.6216973, 0.06743081, -0.8187102, 0.9143897, 0.8403424, 0.17561191, 0.73413175, 0.5926463, -0.87956506, -0.73396194, -0.93708766, -0.018798409, -0.6916729, 0.17005509, 0.54154754, -0.3316381, -0.95482945, -0.30708617, -0.8883866, 0.27597153, 0.36043316, 0.9764382, -0.53156304, 0.8934544, 0.4384214, -0.77136743, -0.9230478, 0.23302582, 0.8763827, 0.028302774, 0.3644715, 0.8416994, -0.052849613, -0.68577784, -0.06726709, 0.1924056, -0.95149803, 0.9496163, 0.40112314, -0.78666735, 0.06092956, 0.15818115, 0.83887994, -0.67330873, -0.07464776, 0.6147412, -0.24531664, -0.844909, -0.5699165, 0.005269302, -0.9778029, -0.4593376, 0.17080922, 0.053939916, -0.44306934, 0.78623515, 0.32264048, 0.521255, 0.1455548, 0.7952977, 0.9424242, -0.26090634, 0.7298537, 0.09010769, 0.5155451, -0.52120286, 0.2876548, -0.20894426, 0.68712133, 0.41602647, -0.43236956, -0.33822474, -0.28429338, -0.978627, -0.15936081, 0.49191254, 0.12968941, -0.27074918, 0.7992198, 0.7439678, 0.87387985, 0.17762053, -0.8803717, 0.12057952, -0.41995052, 0.12553507, -0.47850716, -0.8947206, 0.96497923, 0.76771677, 0.7079925, -0.716819, 0.65189713, -0.7871172, -0.31757414, -0.44741938, 0.11610744, -0.99727595, 0.12731653, -0.3115371, -0.26300898, 0.55915487, 0.40041652, 0.1323497, -0.4517053, 0.7094143, -0.16632771, -0.13829169, 0.12924233, 0.7974138, 0.7178394, 0.27639088, -0.98200816, -0.41808343, 0.96428126, -0.24157126, 0.020624092, -0.21747817, 0.98809016, 0.8341019, 0.66492224, -0.8296624, 0.080733776, 0.24076211, -0.7877029, -0.6435022, 0.24794538, 0.8264162, -0.12800565, -0.23434606, -0.090803266, -0.73656875, -0.9062959, -0.97406256, 0.6349272, -0.9264841, -0.50392735, 0.6363394, 0.7931571, -0.54288757, 0.82698745, 0.9828226, 0.8014468, -0.2945757, 0.94728184, -0.5067346, -0.6638468, -0.32626882, -0.30103818, 0.8607515, -0.8871981, -0.41649967, 0.71755815, -0.3285729, 0.8211783, -0.6291125, -0.9717155, -0.46604207, 0.11164404, -0.784069, -0.16134308, 0.9272264, 0.86001945, -0.3842168, 0.79334635, -0.016615512, 0.17501333, -0.9128686, 0.09514816, 0.09652758, -0.98535144, 0.96545196, 0.44619808, -0.06624751, 0.06738904, -0.9197678, -0.6891533, 0.15187398, -0.48664325, -0.63424253, -0.4440265, -0.810173, 0.9240908, 0.4989366, 0.52566993, -0.1875465, -0.22963239, 0.30968413, 0.56576073, 0.7168519, -0.91213655, 0.7631358, 0.9456318, -0.35978648, 0.5262211, 0.773465, 0.26216635, 0.9037797, -0.9483679, -0.75096494, -0.4569742, -0.5771367, -0.47116882, -0.4066347, 0.026331652, -0.8729201, 0.9392967, -0.9592443, -0.976538, 0.67399025, -0.061323162, -0.5267335, -0.31918225, 0.18791136, -0.103549264, -0.96825653, -0.24534258, -0.3348002, 0.15993103, 0.055014905, -0.4300481, -0.6774069, -0.7447538, 0.44051135, -0.6309339, -0.5788967, 0.9233879, 0.625255, 0.016204659, 0.15593219, 0.7603557, -0.36801952, 0.18567419, 0.11008281, 0.07895077, 0.93024945, 0.2486413, -0.9375223, -0.6129885, -0.071843445, 0.6238788, 0.31819737, 0.33643392, 0.39811683, -0.99198914, 0.37458062, 0.30797082, 0.7782891, 0.28216055, 0.27894428, 0.56302804, 0.7109727, -0.62225956, -0.322522, -0.3404892, 0.39882663, -0.81562746, 0.018303629, 0.58733183, 0.33860797, -0.8587899, -0.65339315, 0.64658093, 0.32046652, 0.8872032, -0.83670706, 0.94470966, 0.93218964, -0.54786444, 0.49366626, 0.7346268, -0.018249135, 0.09741194, -0.28681293, -0.8129071, 0.292032, 0.33423242, 0.25867414, -0.0665832, -0.3149822, 0.45379245, -0.1693914, -0.23893449, 0.6195519, 0.015077717, -0.730261, 0.3000744, 0.47332588, -0.98788345, 0.058587134, -0.7773273, 0.36853564, 0.54428834, -0.36697388, -0.34292734, 0.7910502, 0.71111476, -0.10071598, -0.350927, -0.24119852, 0.55794674, -0.22559005, -0.16346951, -0.21282132, 0.47038868, -0.98797673, 0.15719825, -0.098553814, -0.5272981, -0.08212083, 0.44559857, 0.15437947, 0.09760643, -0.6227387, -0.77758056, 0.41561812, 0.7772363, -0.9541374, -0.13309786, -0.7877506, -0.5309748, -0.9351574, -0.9792, -0.01025748, -0.46005088, -0.63181317, 0.42186216, -0.7118917, -0.63827413, -0.68925786, 0.8877512, -0.47026613, -0.80871356, -0.3156137, 0.16656362, -0.067797124, 0.31575596, -0.38831842, -0.22289127, -0.21250696, 0.38405448, 0.008631162, 0.9928616, -0.44081396, 0.30891705, -0.6045217, -0.2397291, -0.023276677, -0.36086485, -0.96577877, -0.15811022, 0.1780158, 0.92516756, -0.65630794, 0.19677341, -0.77212745, 0.5102993, 0.85527253, -0.8286209, 0.6349826, 0.17849013, 0.3996811, 0.77391624, 0.83322334, 0.35524398, 0.5376782, -0.70626086, -0.24762934, -0.051748384, -0.45413896, -0.08485825, 0.64880824, -0.4920397, -0.2841784, -0.42339298, 0.69600284, -0.16125706, 0.73660773, -0.9146185, -0.21548884, -0.09734688, 0.18602113, 0.55874306, 0.8984277, -0.27368996, 0.79933816, -0.7655417, 0.83303803, -0.849383, 0.9534428, 0.65226537, -0.9659204, -0.20407324, 0.2576249, 0.48599133, 0.54887235, -0.5297271, 0.77048653, -0.32335442, 0.9675739, 0.3826537, -0.486252, 0.2219451, -0.13397054, 0.9802667, 0.972555, 0.55411124, 0.23538655, 0.38162667, 0.420445, -0.61963457, -0.9408562, -0.21445842, 0.22689371, -0.4943756, -0.62292606, -0.22737192, 0.7757275, -0.46733537, 0.0008970048, -0.06313924, 0.99382037, -0.6087325, -0.4309867, -0.15803659, -0.8141443, 0.6028912, 0.660004, 0.49100846, -0.65086323, 0.74886215, -0.63743776, -0.7618506, -0.22314854, 0.87448, -0.12806877, 0.57850546, -0.90805966, 0.6067508, 0.04337788, 0.27100378, 0.6811326, -0.84475005, 0.05789934, 0.6745022, -0.42634028, -0.11984102, -0.32336548, 0.49184355, 0.07003131, 0.7296424, -0.97431797, 0.33980918, -0.9262459, -0.48077044, 0.6588825, 0.10864602, 0.5881788, 0.9673989, -0.8303229, -0.76261026, 0.6488386, 0.94161737, -0.5712781, 0.8951156, 0.9906732, 0.24221508, -0.31150562, -0.43073916, -0.7972223, -0.82932264, -0.90248203, -0.13004693, 0.46138757, 0.63244706, -0.2246906, -0.91837174, -0.21784411, -0.74664766, -0.6827082, 0.76263064, -0.6736444, 0.3974286, 0.41864702, 0.7858714, -0.15734169, -0.1524453, -0.97842634, 0.08330386, -0.0661319, 0.9142769, 0.52005154, -0.51313496, -0.8567064, -0.55805105, 0.57330394, -0.0032408342, 0.5770441, -0.22637163, 0.49631107, -0.95936006, -0.4836527, -0.7052855, 0.072971664, -0.3850945, -0.6424654, -0.4213941, -0.6670053, -0.073645554, 0.9079922, -0.8482105, 0.26751783, -0.15527664, 0.8197091, -0.21276283, -0.22787812, -0.00020239735, -0.44990882, 0.08655537, 0.45443904, -0.6831806, -0.1329076, -0.44222227, 0.13168561, -0.005582742, -0.9076194, -0.7139734, 0.35187903, 0.56809556, 0.9800941, -0.7704451, -0.2599787, 0.73444223, 0.22871862, -0.591426, 0.6495639, 0.80104476, 0.15471768, -0.12496845, 0.044658743, 0.8472563, 0.88451535, -0.040299866, 0.99025154, -0.64358777, -0.58657473, 0.5513496, -0.72081983, 0.32330033, -0.026424201, 0.7909052, 0.4249331, 0.9354675, 0.7301544, 0.49157774, -0.57637024, -0.96006495, 0.11745505, -0.046752382, 0.5562148, 0.9022388, 0.24970421, 0.90233713, 0.3639128, 0.7207957, -0.96108645, -0.6441279, 0.5452561, -0.14745493, -0.19446841, -0.4319017, -0.5814666, 0.18694799, -0.9729691, -0.84879196, -0.6716366, 0.0569734, 0.61124104, -0.38707674, -0.33139423, 0.3520964, 0.004010499, -0.50258887, 0.51283544, -0.6782213, 0.66381174, -0.62965626, 0.09052747, -0.76259285, -0.8667874, -0.8330057, 0.023218209, 0.254712, -0.23509674, 0.5845573, 0.26333505, 0.9159876, 0.9665759, 0.94294953, 0.22753303, -0.32747105, 0.23541988, -0.50159436, -0.9744832, 0.8858247, -0.9257044, 0.23211494, 0.21686246, -0.24137217, -0.5806814, 0.17259216, -0.2180581, 0.9261608, 0.25973222, -0.18046498, 0.88994855, 0.50423366, -0.8730796, -0.7216446, 0.06531297, -0.037139554, -0.312691, -0.75842583, 0.031507384, -0.9031216, 0.16400914, 0.08988421, -0.5323874, 0.052055616, 0.7790276, 0.3086277, 0.24412158, 0.7546093, -0.71838784, 0.75806165, 0.30398285, 0.8546428, 0.5527564, -0.23560539, -0.3309816, -0.8303227, -0.19559368, 0.89531183, -0.99909955, 0.8964503, -0.3499102, 0.45199946, -0.913732, 0.4832381, -0.8062535, -0.12547931, -0.99996233, 0.71182, 0.6960471, 0.1556513, -0.31683567, 0.17958458, 0.87055457, 0.9424022, 0.0618617, 0.029868763, 0.9229487, -0.8650693, 0.50181025, 0.24343413, 0.5011601, -0.4936522, 0.14849517, 0.4298693, -0.15635075, -0.179885, 0.5848978, 0.8528285, 0.65369135, -0.76623625, -0.5661287, 0.8637981, -0.21813977, -0.9660233, -0.17944527, -0.95654756, 0.8422631, 0.24767384, -0.40450343, 0.40098086, -0.24085253, 0.24123041, 0.32230973, -0.29760644, 0.9975757, 0.99920607, 0.31285405, -0.55667555, -0.6728494, -0.2829805, 0.21179658, -0.009039521, -0.95211583, 0.49616954, -0.16145507, 0.43794766, -0.07991636, -0.8325007, 0.54942304, 0.21123697, -0.09060985, 0.79104257, 0.29385266, -0.3213754, -0.457266, 0.51037747, -0.8367057, -0.9351881, -0.4153934, -0.70222086, -0.34589288, 0.9458844, 0.62065053, -0.14705566, 0.15550584, -0.85553175, -0.2048808, -0.79842997, 0.71963817, 0.46872026, -0.3891692, -0.6728021, -0.6815711, 0.21035011, -0.86772, 0.39248458, -0.88410556, -0.7154738, -0.17066939, -0.49644485, -0.61571735, -0.7760851, -0.7444473, 0.18166628, 0.87609017, -0.44687033, 0.8379813, 0.236105, -0.5519854, 0.30183393, 0.36697054, -0.8547215, 0.7984957, 0.5794498, 0.8505029, -0.13290457, 0.3251892, 0.53025544, -0.23613916, -0.084529646, 0.9164745, 0.013940886, -0.33237457, 0.7388944, -0.902503, 0.58699846, 0.6782318, -0.7906879, 0.09187649, 0.8614736]","[-7.0, 4.0, 4.0, -2.0, -1.0, 4.0, -1.0, 2.0, -2.0, -3.0, -2.0, -1.0, 4.0, -2.0, 4.0, -2.0, -2.0, -3.0, -7.0, -1.0, -8.0, -2.0, -2.0, -7.0, 5.0, 10.0, -7.0, -8.0, 3.0, -7.0, -14.0, 4.0, -2.0, 4.0, 5.0, 3.0, 4.0, -6.0, -7.0, -7.0, 0.0, 5.0, -1.0, -4.0, 1.0, 4.0, 3.0, -7.0, -3.0, -2.0, 5.0, 3.0, 5.0, -1.0, 1.0, 1.0, -1.0, -2.0, 0.0, 4.0, 3.0, 4.0, -2.0, 0.0, 3.0, 4.0, -7.0, -3.0, -2.0, 5.0, 5.0, 2.0, -1.0, 4.0, -6.0, 3.0, 4.0, -3.0, -1.0, 6.0, -2.0, -6.0, -1.0, -7.0, 6.0, 10.0, -1.0, -1.0, 0.0, 4.0, -1.0, 6.0, -1.0, 10.0, -2.0, 4.0, 4.0, -3.0, -6.0, -4.0, -1.0, -1.0, 1.0, -1.0, -8.0, 5.0, 1.0, 3.0, 5.0, -3.0, -2.0, -7.0, -7.0, -2.0, 4.0, -8.0, 5.0, -7.0, 5.0, -3.0, 5.0, 5.0, 0.0, 4.0, -2.0, 3.0, -1.0, 4.0, 3.0, -2.0, 5.0, -1.0, -4.0, -7.0, -2.0, -8.0, -1.0, -8.0, 3.0, 4.0, 4.0, 5.0, -2.0, 4.0, 5.0, 4.0, -8.0, 0.0, -7.0, 4.0, -10.0, 5.0, -3.0, 0.0, -2.0, -7.0, 4.0, 4.0, 4.0, -1.0, -3.0, 4.0, 5.0, 3.0, -13.0, -1.0, -7.0, 4.0, -9.0, -5.0, 3.0, -1.0, 5.0, 3.0, 1.0, -2.0, -2.0, -2.0, -3.0, 0.0, 3.0, -2.0, -2.0, -5.0, -2.0, -2.0, 5.0, -6.0, 2.0, 10.0, -3.0, -2.0, 4.0, -4.0, -2.0, 0.0, -2.0, -8.0, -2.0, -2.0, -8.0, -2.0, -2.0, 5.0, -1.0, 5.0, -1.0, -3.0, -1.0, -1.0, 5.0, 4.0, -2.0, 4.0, 1.0, -8.0, 4.0, 4.0, -2.0, -3.0, 4.0, -7.0, -3.0, -7.0, 8.0, 5.0, 4.0, -3.0, 0.0, 4.0, -7.0, 0.0, 5.0, -2.0, 0.0, 4.0, 4.0, 4.0, -1.0, 3.0, 1.0, -1.0, -6.0, 3.0, 2.0, 0.0, 4.0, -5.0, -2.0, 6.0, -2.0, -5.0, -2.0, -1.0, -2.0, -4.0, -1.0, -4.0, -2.0, -2.0, -2.0, 5.0, -7.0, -2.0, 4.0, -1.0, -7.0, 1.0, -7.0, 5.0, 4.0, -1.0, -1.0, -6.0, 6.0, -1.0, 5.0, -2.0, -4.0, -7.0, 4.0, -1.0, 0.0, -1.0, -1.0, 12.0, 0.0, -1.0, 4.0, 4.0, -1.0, -2.0, -8.0, -2.0, -2.0, -1.0, -7.0, -1.0, -3.0, -2.0, 4.0, 4.0, 4.0, -1.0, -1.0, 0.0, -3.0, 4.0, 0.0, -2.0, 3.0, 3.0, -6.0, -1.0, -2.0, 0.0, 1.0, -1.0, 5.0, 4.0, -1.0, -8.0, -1.0, 3.0, 6.0, 1.0, -7.0, 4.0, 5.0, 2.0, 0.0, 0.0, 4.0, 10.0, -2.0, -2.0, -8.0, -2.0, 4.0, 12.0, -1.0, 5.0, -4.0, -7.0, -7.0, 0.0, -1.0, -1.0, -2.0, -1.0, -3.0, -1.0, -1.0, 4.0, 5.0, 5.0, -2.0, -7.0, 3.0, -1.0, -7.0, -1.0, 4.0, -7.0, 6.0, -1.0, 4.0, 10.0, 4.0, -7.0, -1.0, 13.0, 4.0, 9.0, 0.0, 4.0, -3.0, 4.0, 5.0, 4.0, 4.0, 4.0, -2.0, 5.0, -1.0, 4.0, 3.0, 5.0, 5.0, 3.0, 0.0, 5.0, -2.0, 11.0, 5.0, 11.0, -2.0, -2.0, 5.0, 10.0, -3.0, 5.0, 10.0, -1.0, 3.0, -1.0, -7.0, 5.0, -2.0, 4.0, -2.0, 3.0, 3.0, 1.0, -8.0, -2.0, -10.0, 5.0, 0.0, -3.0, -8.0, 1.0, 8.0, -6.0, 6.0, 3.0, -7.0, -7.0, -2.0, -1.0, -1.0, -1.0, -2.0, -2.0, -2.0, -2.0, -14.0, -7.0, -1.0, -7.0, -1.0, -8.0, 4.0, -2.0, 5.0, -2.0, 5.0, -2.0, 5.0, 4.0, -1.0, -2.0, 4.0, 4.0, 5.0, 4.0, 3.0, -1.0, 4.0, 2.0, 4.0, -2.0, -2.0, -1.0, 9.0, -1.0, -1.0, -8.0, 0.0, 5.0, 2.0, 4.0, -1.0, 5.0, -1.0, 5.0, -8.0, -1.0, -2.0, -1.0, -2.0, -2.0, -10.0, 5.0, -5.0, -1.0, 5.0, 11.0, -1.0, 0.0, -5.0, -2.0, -2.0, 2.0, -2.0, -2.0, -2.0, -8.0, 0.0, -2.0, -7.0, 4.0, -7.0, -1.0, -3.0, -5.0, 4.0, 2.0, -1.0, -2.0, 4.0, 5.0, -4.0, 4.0, -1.0, -1.0, -1.0, 3.0, 9.0, -7.0, 4.0, -2.0, -3.0, -2.0, -2.0, 5.0, 4.0, 4.0, -5.0, -1.0, -1.0, 3.0, -3.0, -1.0, -7.0, 0.0, -1.0, 4.0, 3.0, -5.0, 5.0, 4.0, -1.0, -1.0, 4.0, -3.0, -1.0, -1.0, -2.0, -2.0, 5.0, 5.0, -2.0, 1.0, -7.0, 5.0, 4.0, -2.0, -1.0, 3.0, -1.0, -7.0, -5.0, -2.0, -1.0, -1.0, 5.0, -1.0, 0.0, 4.0, -3.0, -7.0, -2.0, -1.0, -1.0, -2.0, 3.0, -3.0, -2.0, 1.0, 1.0, -3.0, 0.0, -1.0, -8.0, 4.0, 3.0, 1.0, -1.0, -2.0, -7.0, -2.0, -1.0, 3.0, -1.0, -1.0, 5.0, -3.0, 4.0, 0.0, -2.0, -7.0, -7.0, 3.0, 5.0, -1.0, 11.0, 4.0, -1.0, 4.0, -2.0, 0.0, 10.0, 0.0, -7.0, -2.0, -8.0, -2.0, 7.0, -1.0, -1.0, 4.0, 6.0, 5.0, 4.0, 2.0, -1.0, -2.0, 10.0, -4.0, -1.0, -2.0, 4.0, -1.0, -1.0, 0.0, 5.0, -1.0, 2.0, -1.0, -2.0, -1.0, -6.0, 2.0, -1.0, -2.0, 1.0, -2.0, 3.0, -2.0, -2.0, 6.0, -2.0, -2.0, 1.0, -2.0, -2.0, -6.0, 4.0, 1.0, 5.0, -3.0, -3.0, 5.0, 4.0, -6.0, -2.0, -1.0, -1.0, 0.0, -1.0, -3.0, 3.0, 3.0, 1.0, 0.0, 5.0, 1.0, -1.0, -1.0, -2.0, -1.0, 5.0, -3.0, 5.0, -1.0, -12.0, -2.0, -1.0, -1.0, -5.0, -7.0, -1.0, -2.0, -3.0, 6.0, 8.0, -3.0, 0.0, 4.0, 3.0, 5.0, -1.0, 3.0, 4.0, -1.0, 4.0, -1.0, 5.0, -15.0, -7.0, -1.0, -2.0, 1.0, -7.0, 5.0, -1.0, 1.0, -2.0, 6.0, 0.0, -4.0, -1.0, -2.0, 2.0, -2.0, 0.0, -6.0, -8.0, -2.0, 4.0, 4.0, -2.0, 1.0, 1.0, -5.0, 4.0, -1.0, -3.0, 10.0, -2.0, 5.0, 3.0, -1.0, 3.0, 5.0, 4.0, -2.0, -3.0, 4.0, 4.0, -1.0, 3.0, 10.0, -1.0, 2.0, -2.0, 4.0, -2.0, 5.0, -6.0, 5.0, -1.0, -5.0, 4.0, 0.0, 5.0, 0.0, -2.0, -2.0, -8.0, -2.0, -1.0, 5.0, -1.0, 5.0, -2.0, -1.0, -2.0, -2.0, -2.0, -2.0, 10.0, 4.0, 3.0, 3.0, 4.0, 10.0, 4.0, 4.0, -2.0, 0.0, -2.0, -13.0, 4.0, -1.0, 9.0, -2.0, 4.0, 3.0, 4.0, -1.0, -2.0, 5.0, -3.0, -7.0, -2.0, -2.0, -2.0, -7.0, -1.0, -2.0, 0.0, 10.0, 9.0, -1.0, 4.0, -2.0, -2.0, -7.0, 5.0, 11.0, 4.0, 5.0, -1.0, -8.0, 4.0, -2.0, -5.0, 4.0, -1.0, -7.0, -1.0, 4.0, 0.0, -1.0, -1.0, -8.0, -2.0, -1.0, 5.0, 4.0, -9.0, -4.0, -1.0, -14.0, 2.0, -12.0, -2.0, -7.0, 6.0, -1.0, 5.0, -8.0, -7.0, -1.0, -2.0, -4.0, 3.0, -2.0, -7.0, 0.0, 4.0, 5.0, 5.0, 9.0, 5.0, 2.0, -2.0, -1.0, 7.0, -1.0, 3.0, -1.0, 4.0, 4.0, -1.0, -2.0, 5.0, 4.0, -2.0, -2.0, -1.0, 4.0, -1.0, 0.0, -4.0, 3.0, -8.0, 4.0, -5.0, -1.0, -7.0, -2.0, -7.0, -1.0, 3.0, 5.0, -2.0, 5.0, -9.0, 5.0, -2.0, 0.0, -1.0, -5.0, -1.0, -1.0, -14.0, 0.0, 5.0, 11.0, -2.0, 5.0, 5.0, 4.0, 4.0, -1.0, -1.0, 4.0, -2.0, -1.0, -5.0, 4.0, 5.0, 4.0, 2.0, -7.0, -2.0, -2.0, 5.0, 6.0, -1.0, 4.0, 0.0, 5.0, 5.0, -7.0, -6.0, 6.0, 3.0, -7.0, -7.0, -3.0, -7.0, -1.0, 5.0, -6.0, -13.0, 10.0, -1.0, 6.0, 10.0, -1.0, 3.0, -2.0, 0.0, 1.0, -2.0, -3.0, -2.0, 5.0, 5.0, -3.0, -2.0, -6.0, 15.0, 5.0, 3.0, -4.0, 5.0, 0.0, -1.0, 5.0, -2.0, 4.0, -1.0, 5.0, 4.0, -1.0, 4.0, -1.0, 11.0, -2.0, -8.0, -1.0, 8.0, 5.0, 9.0, 2.0, -6.0, 4.0, 3.0, -8.0, -1.0, 11.0, -2.0, -2.0, -20.0, -2.0]",8.14908898382278,0.0032429695129394,0.0,0.0,0
45,45,"[-0.73359567, -0.738035, 0.8598744, -0.810439, -0.9918408, -0.22193901, -0.7922981, 0.72607297, 0.84538704, -0.035147272, -0.14905694, 0.07807855, -0.54761076, -0.4040683, -0.79804564, -0.107099816, 0.22338325, 0.86044747, 0.47814634, 0.44612747, -0.3840021, 0.7765866, 0.8939114, 0.86452585, -0.9223939, 0.20870127, 0.2864502, -0.40986967, 0.98482436, -0.41762507, -0.5667767, -0.0317087, -0.35370523, 0.84805894, -0.11984654, -0.1797009, 0.25172427, -0.83777064, 0.5134659, 0.53679764, -0.05194833, 0.9113959, 0.15867822, 0.39047292, 0.8486899, 0.3326907, -0.13634798, -0.95045763, 0.45659864, 0.929732, -0.05952975, -0.32046273, 0.038518853, 0.4568744, -0.9986191, 0.7744234, 0.7727257, 0.08259587, -0.75524247, 0.3436116, -0.72430867, 0.015094303, -0.81274, 0.17813067, -0.36386135, 0.66198283, 0.59989226, 0.99694777, -0.48499364, -0.8763978, -0.11399347, -0.8331933, -0.64300054, 0.19460028, 0.18426171, -0.91334504, -0.1141905, 0.060437385, -0.46395153, 0.7440864, -0.6778027, -0.49219638, -0.6860112, -0.76690674, 0.75795835, -0.44428167, 0.44504803, -0.14403528, 0.27174696, 0.8563524, 0.6892157, -0.8620272, 0.6904051, -0.09635297, -0.29970855, 0.34477586, 0.9004157, -0.811729, 0.53615403, -0.59298396, -0.23972775, 0.74764603, 0.09159837, -0.8650867, 0.0160971, 0.5792838, 0.057761174, -0.6662215, -0.10991785, 0.84869075, 0.31640798, 0.459773, 0.571873, -0.8186132, 0.16307312, -0.24816962, -0.72168165, -0.5945809, 0.56232095, -0.6770218, -0.37516278, -0.43025333, -0.9027393, -0.0756831, 0.5318597, -0.95569474, -0.7748971, 0.44037336, 0.18716198, 0.43049523, -0.53979206, 0.60753757, -0.04025788, 0.22060394, -0.81569314, -0.58993685, 0.54671574, -0.5521831, -0.81494033, 0.19440657, 0.095873035, 0.21578786, 0.236611, 0.00039469174, -0.012452159, 0.84833115, 0.06776345, 0.23460041, -0.4660612, 0.7421864, -0.9512638, 0.114453524, -0.2322994, 0.20780839, -0.2796559, 0.4353758, -0.9593371, -0.18822113, 0.6625272, -0.49959856, -0.8944982, -0.006951851, 0.95306695, -0.8716829, -0.859887, 0.19023313, -0.49986458, -0.17953753, 0.6610143, -0.6023026, 0.43859988, 0.008971026, 0.80991536, 0.945924, -0.030078428, 0.16929412, 0.4916851, -0.3626517, -0.5465193, 0.92937034, -0.13476922, -0.99681836, 0.6754366, 0.19932832, -0.66288286, -0.93972063, -0.41703513, 0.85577416, 0.86698234, -0.37799302, 0.671862, -0.11630935, 0.3086895, -0.33111224, 0.03194519, -0.4124411, -0.87777126, -0.7212436, -0.418651, 0.95250756, 0.9313443, 0.65532666, -0.5349879, -0.11679572, -0.12043432, -0.2260535, -0.9102394, 0.069054745, -0.854376, 0.6038374, 0.38261428, -0.29452598, 0.29427275, -0.533926, -0.46949986, -0.37173298, 0.5940232, -0.57861733, 0.12556246, -0.5990658, -0.42992514, -0.5290374, 0.29000935, 0.05345789, 0.44259828, -0.56011313, -0.9817029, 0.36101913, -0.7702921, -0.50738955, -0.3886277, 0.49360418, 0.2517836, -0.63146913, 0.19577563, 0.41629598, -0.2222056, -0.5080942, 0.35796556, 0.2217824, -0.8441757, 0.33335927, -0.022964135, 0.5067379, -0.6185649, -0.48356718, 0.08662548, -0.036532946, -0.22726926, 0.49206662, 0.12950313, 0.4205437, -0.6934901, 0.45797658, -0.076943785, -0.9324641, -0.5310169, -0.9484872, -0.08625095, -0.34824046, 0.9748991, 0.7370082, 0.65134174, 0.002233098, 0.614175, -0.4662607, 0.12129894, -0.21416388, -0.65731615, -0.85477316, 0.116436765, -0.8047217, 0.4360062, 0.84293693, -0.6757878, -0.058122844, 0.4775492, -0.42632067, 0.841529, 0.7769311, -0.7924913, -0.94520044, 0.952917, 0.91295004, -0.1554288, -0.8988733, 0.23775111, -0.41317979, 0.873446, 0.5893239, 0.29918757, -0.4309923, 0.40253717, -0.42166346, -0.92473805, 0.016869174, -0.022630911, 0.52601194, 0.73134774, -0.291063, -0.10105398, -0.05919916, -0.35155183, 0.48677385, 0.04420237, 0.82791156, 0.30062154, -0.57620686, -0.6703827, -0.25523132, -0.30614692, -0.18573634, -0.63281786, 0.95644534, -0.70858043, 0.30529755, -0.9738615, -0.18607792, -0.3816332, -0.23595072, -0.0038453105, 0.20075001, 0.16702269, 0.26142734, 0.6890954, 0.77343434, 0.4745006, -0.8421155, 0.9225848, 0.8947962, 0.42340758, 0.034878142, -0.4987633, 0.5127023, 0.7557204, 0.3303752, 0.25814527, -0.6139906, -0.28440696, 0.44627243, -0.9662025, 0.28252855, 0.5333406, -0.33059102, -0.8476645, 0.6382387, -0.71632636, -0.2583978, 0.41450822, 0.633972, 0.7247638, 0.06083438, -0.048256606, 0.69663453, 0.12615418, 0.15730146, -0.13205327, -0.25437206, -0.038918287, -0.270305, -0.3129071, 0.9873287, -0.327573, -0.4872325, -0.2921518, 0.18156268, 0.82198095, 0.5757285, 0.6844823, 0.7180172, 0.84105676, -0.5298575, -0.083267935, -0.22960466, -0.236246, 0.3045673, -0.19639388, 0.2326606, -0.23544127, -0.37774363, -0.29384565, 0.6075141, 0.20210207, 0.9479955, 0.66531247, -0.028438784, -0.51524734, 0.34781823, 0.45329204, -0.07164804, -0.5401557, 0.114476636, -0.4923415, 0.87999666, 0.25776848, -0.41613808, -0.5685386, 0.43344656, 0.41558656, 0.19426446, 0.22860205, 0.20773801, -0.2797931, 0.8748288, -0.041443072, -0.9593442, -0.3032773, -0.73943484, -0.27323243, 0.21652497, -0.954671, 0.7404011, 0.22061823, -0.40925625, -0.37758964, -0.06866365, -0.50381637, -0.99131614, -0.9468851, -0.28451866, -0.75155663, -0.9552727, 0.7185385, -0.45172536, 0.0062451544, -0.6411818, -0.90655005, 0.4897326, -0.7500863, -0.9485662, 0.17446065, -0.97306484, -0.12742811, -0.4223279, -0.36116403, -0.9922019, 0.92869216, 0.033926204, 0.14502427, 0.33224496, 0.5950436, 0.21581823, 0.52439624, -0.102529414, -0.25744972, 0.64626783, 0.73062104, -0.72438663, 0.085320376, 0.36728486, -0.83280253, 0.8591936, 0.040219545, 0.29091483, -0.6435145, -0.4711306, -0.7579976, -0.47200257, -0.015206469, 0.6672592, 0.06744683, -0.5110728, -0.91075784, 0.24393967, -0.1596802, 0.96870774, 0.55951977, 0.6167256, -0.97552997, 0.5555907, -0.6107734, 0.17159174, -0.105156854, 0.1432077, -0.73311293, -0.086216636, -0.9261106, -0.9180013, 0.31547627, 0.9033967, 0.55478585, -0.061688438, -0.8882585, -0.9099597, -0.6842155, 0.951621, -0.20267786, 0.6868146, 0.41028488, 0.21085732, 0.89565223, -0.5391769, -0.090220675, 0.72944593, 0.10352261, -0.5071097, -0.58216715, 0.505762, -0.9744222, 0.82838416, -0.96316403, 0.2619781, 0.20949592, 0.15682231, -0.0513139, 0.7048607, 0.31866574, 0.5637246, -0.76895636, -0.90020275, -0.942943, -0.70558804, 0.3340158, -0.011956489, 0.5045045, -0.6165393, -0.2660739, 0.7769951, 0.8714291, 0.8434583, 0.6366101, 0.37647176, 0.8273558, 0.42836317, 0.9078725, -0.95042336, 0.8432842, 0.11148107, -0.7764045, -0.57017744, 0.7043186, 0.01223391, 0.9656354, -0.76493776, -0.17499307, -0.3362511, 0.03227087, 0.26687562, 0.32325894, -0.9974082, -0.8220791, -0.92987233, 0.7291983, -0.3734155, -0.2658731, -0.0992575, 0.6986088, -0.97166747, -0.76276344, 0.37032625, 0.92778504, 0.28557286, -0.47775307, 0.039728858, 0.94996095, 0.056153093, -0.25298473, -0.23314889, 0.934067, 0.43783304, 0.37434572, -0.53589135, 0.11896928, -0.2865096, -0.51959693, 0.79110456, -0.23368838, -0.43442568, 0.8634408, -0.6053072, 0.49100956, 0.30549428, 0.84096885, 0.66409427, 0.41059044, -0.37085667, -0.008861978, 0.88899153, -0.95359474, 0.58866364, -0.4963793, -0.62996614, -0.5355508, -0.880498, 0.9839597, 0.7397383, 0.042111937, 0.43020636, 0.113190725, 0.6231579, 0.6895304, -0.5344191, -0.08050446, 0.26969546, 0.95688164, 0.36537877, 0.79527, 0.6922241, 0.16412613, 0.7873107, -0.24515654, -0.24143293, 0.5619313, -0.7309127, -0.38834956, 0.2171449, -0.1598688, 0.88144743, 0.91701216, 0.0051626177, 0.07812378, 0.44925418, -0.08547015, -0.6198031, 0.49393833, 0.47557178, -0.5100378, 0.66583306, 0.2272984, -0.5273968, 0.30407828, -0.53278095, -0.4695341, 0.69601864, 0.85898316, -0.4862347, 0.85610205, -0.5224023, -0.76546526, -0.88355225, -0.51577353, -0.22950692, 0.85509676, -0.515684, -0.2690693, 0.46831176, -0.39585182, 0.3687363, -0.13584436, -0.6071101, 0.4681178, -0.9459223, -0.41533035, -0.28763694, -0.08356349, 0.35973847, -0.08119001, 0.18864822, 0.19155815, -0.2534567, 0.8679425, 0.91170764, 0.16370177, -0.8566182, -0.01774487, -0.63116133, -0.033570956, -0.6230337, 0.4077105, -0.8391418, 0.90660816, -0.6092482, 0.32131267, 0.8339247, -0.5042274, 0.8685938, -0.22265066, 0.92106164, 0.94272774, -0.6238402, 0.6621747, -0.613158, -0.5471188, -0.831747, -0.6869261, 0.26443794, -0.10149454, 0.5818885, -0.33600637, 0.9372491, -0.9002549, -0.8741281, 0.4027498, 0.77507776, 0.5910004, -0.020365825, -0.4607173, -0.97309697, 0.018902907, -0.048727605, -0.3115082, 0.15614557, 0.45762938, 0.40177646, -0.47349432, 0.17060737, -0.70245105, -0.7567963, 0.57171166, 0.3874918, 0.5358578, -0.69507545, 0.82923716, -0.73377675, 0.7400739, -0.29524142, -0.7891318, -0.42646208, -0.637104, -0.018660562, 0.8994907, -0.34425768, 0.22419797, 0.7834417, 0.26014787, -0.2756017, 0.98167825, -0.6251728, 0.04651203, 0.59341097, -0.9987023, 0.4040865, -0.4670022, -0.66054654, -0.45161107, 0.93363285, 0.7838705, -0.5724911, -0.76594645, -0.27169478, 0.18467297, 0.7342892, 0.9321802, 0.50230676, 0.19801442, -0.71533597, -0.85194325, 0.19205375, 0.07812821, 0.6921762, -0.3547883, -0.9206183, -0.15258346, 0.9383646, 0.5911498, -0.93245566, 0.7493578, -0.056621023, -0.27046394, -0.3065209, 0.1902885, 0.061198838, 0.31325448, 0.14728293, -0.7121109, -0.485528, 0.68205917, 0.32651702, -0.10319875, -0.63479716, -0.98461795, -0.3762252, -0.8903061, -0.035431735, 0.6436029, -0.42920268, 0.6955083, 0.4091288, -0.74947536, 0.28912377, -0.6966404, 0.30958185, -0.71457106, -0.21497726, 0.13318855, -0.89925164, -0.69338334, -0.35918236, -0.07535983, 0.7169746, -0.6254538, -0.3050581, -0.048447527, -0.40844288, 0.25149557, -0.48679513, 0.54470086, 0.010308189, -0.82739025, 0.2539978, 0.13848701, -0.3228053, -0.97768587, -0.59859693, -0.18858095, -0.6001719, 0.15498224, 0.42464978, 0.7120353, 0.29396525, 0.37801844, 0.21688373, 0.9709721, -0.47799885, -0.46748263, -0.7473327, -0.028631348, -0.8076766, -0.4597068, -0.034638144, 0.91519123, 0.927626, 0.48748046, -0.22149968, 0.73032254, 0.7509116, 0.82039475, 0.2800501, -0.5964144, -0.81783843, 0.829551, -0.8889078, -0.40821987, -0.026076466, -0.95604664, 0.81382453, -0.425758, -0.9429904, 0.98718, -0.37721363, 0.7535298, -0.09305109, 0.3262518, -0.5178197, 0.005750654, -0.4846976, 0.90216774, -0.87810916, -0.45065215, 0.78621775, -0.039928086, 0.20016822, 0.30338675, -0.858145, -0.96452254, 0.8756821, -0.4569943, -0.23937377, 0.36418635, -0.52739227, 0.46614274, -0.08351564, 0.7132196, -0.44291872, -0.592355, 0.6633767, -0.34734786, -0.1762627, 0.58741564, 0.27115306, -0.11654822, -0.500219, 0.5284019, -0.6391379, 0.8565592, -0.6993679, 0.6098674, -0.15150227, -0.62798756, -0.19524212, -0.5568964, -0.7280127, -0.5216892, 0.73479694, -0.7881152, 0.94507915, -0.9900031, 0.31647632, 0.71302396, 0.8679153, -0.7120288, 0.396417, -0.78530157, -0.294777, 0.4638527, -0.30805355, -0.37325054, -0.76789075, -0.8671238, -0.769444, 0.75094956, -0.97760296, 0.38573173, 0.53724843, 0.13577661, 0.4615507, 0.30453935, -0.08888302, -0.23457915, 0.88266397, 0.94387597, 0.3025428, -0.6054023, -0.104201674, -0.00692502, 0.5159401, 0.33555427, 0.029628858, 0.36072913, -0.9518863, 0.55327064, -0.57673556, 0.3128183, -0.7720535, -0.77107835, -0.9286847, 0.8204656, 0.20911752, -0.27607614, 0.5755555, 0.2521644, 0.24016103, -0.025914412, -0.9841464, -0.483075, -0.7818466, 0.3248197, -0.5027584, -0.09966667, -0.2931394, -0.71360254, 0.9167405, 0.86683863, -0.8307836, 0.6547307, -0.023252634, 0.54747176, -0.6976857, -0.7354517, 0.781515, 0.795639, -0.06817567, 0.7403156, 0.3349179, -0.6299805, -0.34209147, -0.7278787, 0.54789734, 0.9705014, 0.09275665, 0.31172884, 0.49218515, -0.5514818, -0.3279975, -0.17535758, 0.18917662, 0.70098513, -0.4915929, -0.0582224, 0.50306785, -0.82523, 0.025786916, -0.7112406, 0.078297794, 0.53564554, -0.52610517, 0.6989569, -0.3303918, -0.61843026, -0.06935321, 0.7521502, -0.86213386, -0.34485707, 0.30632633, -0.28483826, -0.858352, -0.33600205, 0.6419188, 0.93607503, -0.9204416, 0.13856764, -0.7893931, 0.36079305, -0.98421556, -0.97051674, 0.55375963, -0.85112935, -0.38963667, 0.91608083, 0.9704942, -0.6771943, 0.12180384, 0.11829766, -0.09523862, 0.84940034, 0.50806785, 0.52905387, -0.46086115, -0.13136046, -0.025152603]","[-7.0, 4.0, 4.0, -2.0, -1.0, 4.0, -1.0, 2.0, -2.0, -3.0, -2.0, -1.0, 4.0, -2.0, 4.0, -2.0, -2.0, -3.0, -7.0, -1.0, -8.0, -2.0, -2.0, -7.0, 5.0, 10.0, -7.0, -8.0, 3.0, -7.0, -14.0, 4.0, -2.0, 4.0, 5.0, 3.0, 4.0, -6.0, -7.0, -7.0, 0.0, 5.0, -1.0, -4.0, 1.0, 5.0, 3.0, -7.0, -3.0, -2.0, 5.0, 3.0, 5.0, -1.0, 1.0, 1.0, -1.0, -2.0, 0.0, 4.0, 3.0, 4.0, -2.0, 0.0, 3.0, 4.0, -7.0, -3.0, -2.0, 5.0, 5.0, 2.0, -1.0, 4.0, -6.0, 3.0, 4.0, -3.0, -1.0, 6.0, -2.0, -6.0, -1.0, -7.0, 6.0, 10.0, -1.0, -1.0, 0.0, 4.0, -1.0, 6.0, -1.0, 10.0, -2.0, 4.0, 4.0, -3.0, -6.0, -4.0, -1.0, -1.0, 1.0, -1.0, -8.0, 5.0, 1.0, 3.0, 5.0, -3.0, -2.0, -7.0, -7.0, -2.0, 4.0, -8.0, 5.0, -7.0, 5.0, -3.0, 5.0, 5.0, 0.0, 4.0, -2.0, 3.0, -1.0, 4.0, 3.0, -2.0, 5.0, -1.0, -4.0, -7.0, -2.0, -8.0, -1.0, -8.0, 3.0, 4.0, 4.0, 5.0, -2.0, 4.0, 5.0, 4.0, -8.0, 0.0, -7.0, 4.0, -10.0, 5.0, -3.0, 0.0, -2.0, -7.0, 4.0, 4.0, 4.0, -1.0, -3.0, 4.0, 5.0, 3.0, -13.0, -1.0, -7.0, 4.0, -9.0, -5.0, 3.0, -1.0, 5.0, 3.0, 1.0, -2.0, -2.0, -2.0, -3.0, 0.0, 3.0, -2.0, -2.0, -5.0, -2.0, -2.0, 5.0, -6.0, 2.0, 10.0, -3.0, -2.0, 4.0, -4.0, -2.0, 0.0, -2.0, -8.0, -2.0, -2.0, -8.0, -2.0, -2.0, 5.0, -1.0, 5.0, -1.0, -3.0, -1.0, -1.0, 5.0, 4.0, -2.0, 4.0, 1.0, -8.0, 4.0, 4.0, -2.0, -3.0, 4.0, -7.0, -3.0, -7.0, 8.0, 5.0, 4.0, -3.0, 0.0, 4.0, -7.0, 0.0, 5.0, -2.0, 0.0, 4.0, 4.0, 4.0, -1.0, 3.0, 1.0, -1.0, -6.0, 3.0, 2.0, 0.0, 4.0, -5.0, -2.0, 6.0, -2.0, -5.0, -2.0, -1.0, -2.0, -4.0, -1.0, -4.0, -2.0, -2.0, -2.0, 5.0, -7.0, -2.0, 4.0, -1.0, -7.0, 1.0, -7.0, 5.0, 4.0, -1.0, -1.0, -6.0, 6.0, -1.0, 5.0, -2.0, -4.0, -7.0, 4.0, -1.0, 0.0, -1.0, -1.0, 12.0, 0.0, -1.0, 4.0, 4.0, -1.0, -2.0, -8.0, -2.0, -2.0, -1.0, -7.0, -1.0, -3.0, -2.0, 4.0, 3.0, 4.0, -1.0, -1.0, 0.0, -3.0, 4.0, 0.0, -2.0, 3.0, 3.0, -6.0, -1.0, -2.0, 0.0, 1.0, -1.0, 5.0, 4.0, -1.0, -8.0, -1.0, 3.0, 6.0, 1.0, -7.0, 4.0, 5.0, 2.0, 0.0, 0.0, 4.0, 10.0, -2.0, -2.0, -8.0, -2.0, 4.0, 12.0, -1.0, 5.0, -4.0, -7.0, -7.0, 0.0, -1.0, -1.0, -2.0, -1.0, -3.0, -1.0, -1.0, 4.0, 5.0, 5.0, -2.0, -7.0, 3.0, -1.0, -7.0, -1.0, 4.0, -7.0, 6.0, -1.0, 4.0, 10.0, 4.0, -7.0, -1.0, 13.0, 4.0, 9.0, 0.0, 4.0, -3.0, 4.0, 5.0, 4.0, 4.0, 4.0, -2.0, 5.0, -1.0, 4.0, 3.0, 5.0, 5.0, 3.0, 0.0, 5.0, -2.0, 11.0, 5.0, 11.0, -2.0, -2.0, 5.0, 10.0, -3.0, 5.0, 10.0, -1.0, 3.0, -1.0, -7.0, 5.0, -2.0, 4.0, -2.0, 3.0, 3.0, 1.0, -8.0, -2.0, -10.0, 5.0, 0.0, -3.0, -8.0, 1.0, 8.0, -6.0, 6.0, 3.0, -7.0, -7.0, -2.0, -1.0, -1.0, -1.0, -2.0, -2.0, -2.0, -2.0, -14.0, -7.0, -1.0, -7.0, -1.0, -8.0, 4.0, -2.0, 5.0, -2.0, 5.0, -2.0, 5.0, 4.0, -1.0, -2.0, 4.0, 4.0, 5.0, 4.0, 3.0, -1.0, 4.0, 2.0, 4.0, -2.0, -2.0, -1.0, 9.0, -1.0, -1.0, -8.0, 0.0, 5.0, 2.0, 4.0, -1.0, 5.0, -1.0, 5.0, -8.0, -1.0, -2.0, -1.0, -2.0, -2.0, -10.0, 5.0, -5.0, -1.0, 5.0, 11.0, -1.0, 0.0, -5.0, -2.0, -2.0, 2.0, -2.0, -2.0, -2.0, -8.0, 0.0, -2.0, -7.0, 4.0, -7.0, -1.0, -3.0, -5.0, 4.0, 2.0, -1.0, -2.0, 4.0, 5.0, -4.0, 4.0, -1.0, -1.0, -1.0, 3.0, 9.0, -7.0, 4.0, -2.0, -3.0, -2.0, -2.0, 5.0, 4.0, 4.0, -5.0, -1.0, -1.0, 3.0, -3.0, -1.0, -7.0, 0.0, -1.0, 4.0, 3.0, -5.0, 5.0, 4.0, -1.0, -1.0, 4.0, -3.0, -1.0, -1.0, -2.0, -2.0, 5.0, 5.0, -2.0, 1.0, -7.0, 5.0, 4.0, -2.0, -1.0, 3.0, -1.0, -7.0, -5.0, -2.0, -1.0, -1.0, 5.0, -1.0, 0.0, 4.0, -3.0, -7.0, -2.0, -1.0, -1.0, -2.0, 3.0, -3.0, -2.0, 1.0, 1.0, -3.0, 0.0, -1.0, -8.0, 4.0, 3.0, 1.0, -1.0, -2.0, -7.0, -2.0, -1.0, 3.0, -1.0, -1.0, 5.0, -3.0, 4.0, 0.0, -2.0, -7.0, -7.0, 3.0, 5.0, -1.0, 11.0, 4.0, -1.0, 4.0, -2.0, 0.0, 10.0, 0.0, -7.0, -2.0, -8.0, -2.0, 7.0, -1.0, -1.0, 4.0, 6.0, 5.0, 4.0, 2.0, -1.0, -2.0, 10.0, -4.0, -1.0, -2.0, 4.0, -1.0, -1.0, 0.0, 5.0, -1.0, 2.0, -1.0, -2.0, -1.0, -6.0, 2.0, -1.0, -2.0, 1.0, -2.0, 3.0, -2.0, -2.0, 6.0, -2.0, -2.0, 1.0, -2.0, -2.0, -6.0, 4.0, 1.0, 5.0, -3.0, -3.0, 5.0, 4.0, -6.0, -2.0, -1.0, -1.0, 0.0, -1.0, -3.0, 3.0, 3.0, 1.0, 0.0, 5.0, 1.0, -1.0, -1.0, -2.0, -1.0, 5.0, -3.0, 5.0, -1.0, -12.0, -2.0, -1.0, -1.0, -5.0, -7.0, -1.0, -2.0, -3.0, 6.0, 8.0, -3.0, 0.0, 4.0, 3.0, 5.0, -1.0, 3.0, 4.0, -1.0, 4.0, -1.0, 5.0, -15.0, -7.0, -1.0, -2.0, 1.0, -7.0, 5.0, -1.0, 1.0, -2.0, 6.0, 0.0, -4.0, -1.0, -2.0, 2.0, -2.0, 0.0, -6.0, -8.0, -2.0, 4.0, 4.0, -2.0, 1.0, 1.0, -5.0, 4.0, -1.0, -3.0, 10.0, -2.0, 5.0, 3.0, -1.0, 3.0, 5.0, 4.0, -2.0, -3.0, 4.0, 4.0, -1.0, 3.0, 10.0, -1.0, 2.0, -2.0, 4.0, -2.0, 5.0, -6.0, 5.0, -1.0, -5.0, 4.0, 0.0, 5.0, 0.0, -2.0, -2.0, -8.0, -2.0, -1.0, 5.0, -1.0, 5.0, -2.0, -1.0, -2.0, -2.0, -2.0, -2.0, 10.0, 4.0, 3.0, 3.0, 4.0, 10.0, 4.0, 4.0, -2.0, 0.0, -2.0, -13.0, 4.0, -1.0, 9.0, -2.0, 4.0, 3.0, 4.0, -1.0, -2.0, 5.0, -3.0, -7.0, -2.0, -2.0, -2.0, -7.0, -1.0, -2.0, 0.0, 10.0, 9.0, -1.0, 4.0, -2.0, -2.0, -7.0, 5.0, 11.0, 4.0, 5.0, -1.0, -8.0, 4.0, -2.0, -5.0, 4.0, -1.0, -7.0, -1.0, 4.0, 0.0, -1.0, -1.0, -8.0, -2.0, -1.0, 5.0, 4.0, -9.0, -4.0, -1.0, -14.0, 2.0, -12.0, -2.0, -7.0, 6.0, -1.0, 5.0, -8.0, -7.0, -1.0, -2.0, -4.0, 3.0, -2.0, -7.0, 0.0, 4.0, 5.0, 5.0, 9.0, 5.0, 2.0, -2.0, -1.0, 7.0, -1.0, 3.0, -1.0, 4.0, 4.0, -1.0, -2.0, 5.0, 4.0, -2.0, -2.0, -1.0, 4.0, -1.0, 0.0, -4.0, 3.0, -8.0, 4.0, -5.0, -1.0, -7.0, -2.0, -7.0, -1.0, 3.0, 5.0, -2.0, 5.0, -9.0, 5.0, -2.0, 0.0, -1.0, -5.0, -1.0, -1.0, -14.0, 0.0, 5.0, 11.0, -2.0, 5.0, 5.0, 4.0, 4.0, -1.0, -1.0, 4.0, -2.0, -1.0, -5.0, 4.0, 5.0, 4.0, 2.0, -7.0, -2.0, -2.0, 5.0, 6.0, -1.0, 4.0, 0.0, 5.0, 5.0, -7.0, -6.0, 6.0, 3.0, -7.0, -7.0, -3.0, -7.0, -1.0, 5.0, -6.0, -13.0, 10.0, -1.0, 6.0, 10.0, -1.0, 3.0, -2.0, 0.0, 1.0, -2.0, -3.0, -2.0, 5.0, 5.0, -3.0, -2.0, -6.0, 15.0, 5.0, 3.0, -4.0, 5.0, 0.0, -1.0, 5.0, -2.0, 4.0, -1.0, 5.0, 4.0, -1.0, 4.0, -1.0, 11.0, -2.0, -8.0, -1.0, 8.0, 5.0, 9.0, 2.0, -6.0, 4.0, 3.0, -8.0, -1.0, 11.0, -2.0, -2.0, -20.0, -2.0]",8.191414266461646,0.0034434795379638,0.0,0.0,0
46,46,"[0.3058863, -0.18113434, -0.7180581, -0.1508446, -0.90571666, 0.173265, 0.3432441, -0.10563052, -0.25561813, -0.07369533, 0.5215915, 0.8459944, -0.34398603, -0.5494519, -0.79932785, -0.64920646, 0.354537, 0.5814079, -0.370254, -0.26098886, -0.6179806, -0.55787134, -0.12556855, 0.550569, 0.97616714, 0.6313882, -0.26317674, -0.083467856, 0.324888, 0.0008738557, 0.62039083, -0.037022702, -0.036437936, -0.7550872, 0.5323317, -0.6521707, 0.16669321, -0.7898859, -0.6622196, -0.25607672, -0.48413938, -0.24822354, 0.58612746, 0.8492444, -0.7028664, -0.6715854, 0.44766894, -0.15934026, -0.6261875, -0.9608629, -0.6711748, 0.30647427, -0.18149555, 0.54699904, 0.33431894, 0.7849829, -0.55824727, -0.9951249, 0.91265917, 0.93002176, 0.999699, 0.2222415, -0.44343287, 0.5389327, -0.18953902, -0.44370118, -0.47259378, 0.7216786, -0.8411141, 0.7618244, 0.8670864, -0.42761913, 0.45395422, 0.15205012, 0.6619905, 0.54009545, 0.8254687, 0.8202514, 0.9217772, -0.51073766, 0.8309307, -0.34458023, 0.80173475, -0.14863484, -0.4702788, 0.2393272, 0.7569788, 0.8947584, -0.22856991, -0.17777844, 0.47774538, -0.30687967, 0.37099823, -0.67889464, -0.55585593, -0.8157308, -0.14050375, -0.11872948, -0.75354314, -0.93620807, 0.64985365, 0.64529383, 0.5605542, 0.6868771, -0.052550502, 0.52320397, 0.2960731, 0.84713554, -0.567764, -0.9648566, -0.5348414, 0.97558993, 0.28309128, -0.60438186, 0.6266515, 0.59116507, 0.09400239, 0.5517726, -0.59838957, -0.05152953, -0.96548283, 0.46923432, -0.55910987, -0.41024715, 0.088434376, -0.68821406, 0.3028719, -0.72374845, 0.39713416, -0.25815523, -0.13004227, 0.994603, 0.7310212, -0.81991196, 0.8305986, 0.30702993, -0.40964234, -0.8496141, 0.42575723, 0.4402673, 0.28533116, -0.15420529, -0.96381754, -0.51548254, -0.337756, -0.569649, 0.90109676, -0.059278652, 0.1214008, -0.64923465, -0.34488952, -0.35659173, 0.07518931, -0.6608978, 0.8066631, -0.18749554, 0.6053345, -0.9608006, 0.62217754, -0.027820928, -0.15570499, -0.9924201, 0.28619713, -0.053271145, 0.30286154, -0.16457216, 0.65297365, -0.5255204, -0.46441722, 0.2780183, 0.2319291, -0.7061557, -0.25747162, -0.02099641, 0.12379799, -0.36064482, -0.27845475, 0.7360199, 0.71959966, 0.958907, 0.26101908, -0.24913481, -0.04400601, 0.93035436, 0.4397228, 0.17645782, 0.74714166, 0.5766405, -0.30146748, -0.2834351, 0.8259132, 0.538457, -0.34052515, 0.82564944, -0.7094679, 0.2136159, 0.44189647, -0.71583253, 0.07101271, -0.1057639, -0.94375974, 0.66449195, -0.087589614, 0.29489192, -0.11720659, -0.21180381, 0.18197113, 0.05915836, 0.23999949, -0.32127357, -0.33624402, -0.4670321, -0.42660403, -0.33430937, 0.61642, 0.3827586, -0.4415275, 0.9131349, -0.2692154, -0.77225286, -0.79884046, 0.011952411, -0.55620694, 0.89016634, 0.26548737, 0.30355874, -0.3458163, -0.024502924, 0.7575147, -0.91602486, -0.5463908, 0.3089024, -0.36925983, -0.124474585, -0.72838163, -0.76240504, 0.31753194, 0.39432207, -0.5766314, 0.6115085, -0.7086191, 0.8971707, 0.38191584, -0.69941634, 0.56351787, 0.72547585, -0.10294364, -0.59387094, 0.83999175, -0.3205137, 0.99777126, 0.6717789, -0.99099386, 0.021424266, -0.99318576, -0.29193425, 0.27152628, -0.6870784, -0.19474971, 0.027093837, 0.40950286, -0.13101697, -0.4594269, -0.038272794, -0.038653374, -0.22607744, -0.529153, 0.87357223, -0.38869807, -0.83985406, -0.20859216, -0.3059853, 0.91455543, -0.8443536, -0.33662453, 0.10043643, -0.50358397, 0.57875735, 0.6374036, -0.51402354, -0.56376725, 0.5810061, -0.9571951, 0.50755596, -0.81451344, -0.5396574, -0.2912587, -0.36209595, -0.7981925, 0.119396195, 0.48595613, 0.1530941, -0.5022335, 0.71627885, 0.73303086, -0.5296453, -0.5882571, 0.5002025, -0.81117284, -0.6683104, -0.57985806, -0.93743765, -0.6564854, 0.7392703, 0.41630894, -0.5259699, 0.22394662, 0.8459502, -0.17834474, 0.22238107, 0.42026553, -0.12168587, 0.9511817, -0.57327837, -0.6170111, -0.75381845, -0.53799295, 0.19175589, -0.8686601, -0.35045883, 0.5394191, -0.62569493, -0.84472346, -0.9290648, 0.14316387, 0.72482395, -0.13661845, -0.72133267, -0.98884994, -0.13536377, 0.8534403, 0.31660825, 0.58385354, -0.36394587, -0.18422444, 0.8661076, 0.5200121, -0.95658857, -0.4689719, 0.8731697, -0.21317136, 0.8581446, 0.68754244, 0.1859435, 0.60615295, -0.2475237, 0.8233539, -0.26008174, 0.585187, -0.18059234, -0.69246817, 0.79131895, -0.45365778, 0.33885068, -0.93651617, -0.8215156, 0.0109817395, -0.3780937, -0.9649236, 0.41278046, 0.8289548, -0.518355, 0.58420104, 0.1264609, -0.3481235, 0.4722413, 0.2734072, 0.46466374, 0.92228884, 0.93474126, 0.8152612, 0.44175956, 0.68553233, -0.5136518, -0.2353027, 0.6486875, -0.87602115, -0.25915095, -0.3690836, -0.9874921, 0.8599462, -0.6950155, -0.6086265, -0.53136516, -0.75909084, 0.3656378, 0.47048327, -0.6826627, 0.57979447, -0.9431366, -0.5884706, -0.23185359, -0.6946157, -0.6305956, -0.24088368, 0.6860542, 0.65509504, 0.3186769, 0.67656726, 0.21447928, 0.19618182, 0.8222085, 0.16233227, 0.16537096, -0.9984889, -0.7908129, 0.94477934, 0.09267137, -0.20146757, -0.13441469, 0.69332737, -0.8831211, 0.3584719, 0.711607, -0.49240306, 0.10957216, -0.60936886, 0.3486611, -0.39580688, 0.04850637, 0.42063317, 0.13153696, 0.3207548, -0.71863806, 0.50768447, -0.9677655, -0.046395786, -0.13584386, -0.6421406, 0.46371442, -0.3984271, 0.87843066, -0.45033863, -0.56699014, 0.14629593, 0.88192964, 0.18226041, -0.6076294, 0.53060585, 0.75916, -0.3532079, -0.4035046, -0.4551988, -0.79384923, 0.0026562484, 0.63070446, 0.8488879, -0.34179577, -0.5452066, -0.48117357, 0.46836036, 0.06677179, -0.022434464, 0.5091306, 0.631219, -0.78023076, -0.6878859, 0.087787375, -0.4716256, 0.11318054, 0.5111806, -0.109961726, 0.3125491, -0.57594806, 0.12146888, -0.97189146, 0.27839893, -0.8008111, -0.57313025, 0.82545745, 0.97051483, -0.1345782, 0.58815163, 0.699463, -0.3989837, 0.340925, -0.87858254, 0.4699975, -0.29703248, -0.44702452, -0.93577856, -0.26763588, 0.17351751, 0.86976475, 0.79533887, 0.19684908, -0.8133467, 0.9541627, -0.85788935, 0.15924662, -0.12347722, -0.76571167, 0.029845992, -0.6377632, -0.27355182, -0.77762705, -0.40070912, 0.7332803, 0.8898792, 0.18278076, 0.009521898, -0.08599955, 0.04008041, -0.16237094, 0.9264054, 0.007954628, 0.414295, 0.10422754, 0.61431634, -0.913998, 0.71694994, -0.87324196, 0.9162297, 0.05684409, 0.30145445, -0.53502053, -0.10749607, -0.5693729, 0.8354775, -0.39123514, 0.7803473, -0.58771205, -0.39679193, 0.82646155, 0.4351968, 0.6773584, 0.67823815, -0.27143866, 0.5574548, -0.5413777, -0.058556974, -0.1871132, 0.64597636, 0.89154184, 0.45681405, 0.17893906, 0.92178905, 0.83010614, 0.30163777, -0.26377612, 0.67545646, 0.25274873, -0.5907361, -0.5147812, 0.6584562, 0.664516, -0.48321092, -0.5790778, 0.18983263, -0.7023337, 0.6131341, 0.03622147, -0.3665469, -0.41655806, 0.45280766, 0.6857545, 0.009362429, -0.4426331, 0.5899788, -0.8443077, 0.423073, 0.66669846, -0.1296057, -0.037030574, -0.5610084, 0.9680824, -0.62010854, 0.06827012, 0.3592305, 0.34321493, 0.16696538, 0.8419188, -0.32560343, 0.87303466, 0.6503637, -0.017939506, 0.78976476, 0.92322344, -0.7803533, 0.759569, -0.06256735, -0.8038387, 0.91623867, 0.37893513, 0.91930395, 0.946223, 0.5522006, -0.1090975, -0.32550675, -0.29686534, 0.9429094, -0.26786986, -0.6669755, -0.8645846, -0.22639677, 0.6460832, -0.69330907, 0.819923, 0.1309366, -0.8220821, 0.88424367, -0.11104322, 0.07866026, -0.42495444, -0.80001944, 0.7545951, 0.9861443, 0.99420327, -0.39461634, 0.84837645, -0.5106781, 0.60363984, 0.877511, -0.876044, 0.5907126, 0.910797, 0.47308552, 0.74406254, -0.84413856, 0.15723945, -0.4346179, 0.11619343, 0.46078238, -0.95002514, 0.33464926, 0.4940643, -0.21585108, 0.39286003, -0.74399173, 0.16082111, 0.11830397, 0.13656892, -0.76017034, -0.4285272, 0.4864285, 0.03773154, -0.6691282, 0.95082307, -0.21011235, 0.45949945, 0.9192452, -0.6434089, 0.6305708, -0.07942398, -0.1930273, 0.25075787, 0.76920104, 0.3618336, 0.70809644, 0.07815268, -0.015408265, -0.64674324, 0.6828561, 0.8314257, -0.8333859, -0.13477136, -0.510755, 0.33633247, -0.004298962, 0.45908743, 0.17681544, 0.27088523, 0.25624764, 0.07275179, -0.92981064, 0.9537428, -0.30231878, -0.598997, -0.57547134, -0.6741864, 0.22351007, -0.24314222, 0.22788656, 0.46732804, 0.5341504, 0.4652455, -0.44980764, 0.803392, 0.8298944, -0.12515083, -0.8219402, 0.49818486, 0.64884007, -0.39004424, 0.21759905, -0.31894892, -0.58294696, -0.47287902, 0.97618467, 0.93857026, -0.9440021, 0.009674692, 0.5490549, 0.06363502, 0.498744, -0.57140595, 0.022415902, 0.49182382, -0.4325609, 0.67782384, 0.76686597, 0.104378074, -0.15182337, -0.80576676, -0.5307866, -0.19084617, -0.120315485, -0.20673981, -0.095281295, 0.2677759, 0.7538362, -0.08051102, 0.8733117, -0.1337154, 0.8125571, 0.3945762, 0.24433444, 0.67136794, -0.11280293, 0.041194517, 0.4495751, -0.7088495, -0.08973147, -0.45693138, -0.3570191, -0.9063114, 0.18098237, 0.4368069, -0.25651595, -0.45508412, -0.7949132, 0.11290001, 0.5947058, -0.8518377, 0.55344754, -0.39586475, 0.5131491, 0.41749057, -0.2808376, 0.6553973, 0.21240668, -0.39391252, 0.95379895, 0.9877447, 0.8290737, -0.7819718, -0.5350774, -0.3099301, 0.8334385, 0.31446055, 0.94520515, -0.7068211, -0.7760193, 0.37522516, -0.81496614, -0.14736131, 0.026467053, -0.23593453, -0.9819532, 0.71964985, -0.71710867, -0.28984722, 0.74070114, -0.02839842, 0.89305085, 0.9049976, 0.83046037, 0.25654775, 0.0088695325, -0.8914607, 0.36156222, 0.44503945, 0.8922941, -0.19820984, 0.7427423, -0.29168874, 0.07787176, -0.4555164, -0.5823123, -0.60653365, 0.7926485, 0.231085, -0.9416518, -0.7449406, -0.84599143, -0.53460616, -0.9835978, 0.6038612, -0.8160471, 0.6308065, 0.21167792, -0.50203526, -0.4899905, -0.69040155, 0.82763493, 0.28532743, 0.5741746, 0.4039601, 0.77125347, 0.8311071, 0.45563906, 0.59986013, 0.386491, -0.17989586, 0.8382318, 0.39610302, 0.14588684, 0.54229265, -0.27374756, -0.3048876, 0.18273105, -0.30876616, -0.4074274, -0.8121396, 0.37827855, -0.35874954, -0.9380493, -0.046823446, 0.8325246, -0.14677867, 0.30507958, 0.8900656, 0.14203797, -0.69987285, -0.2960264, 0.21111682, -0.36728343, 0.37662253, -0.19371338, 0.16814376, -0.6758451, 0.3210405, -0.01556319, 0.5560915, 0.13239309, -0.91703844, 0.32586092, 0.8566685, 0.9449644, 0.7044081, 0.37315568, 0.35722932, -0.19481866, 0.13232855, 0.9880783, 0.23132142, -0.8606669, 0.08519221, -0.37012252, -0.94790286, 0.45907557, 0.36748108, 0.004236655, 0.64284474, 0.45255744, 0.192215, -0.042023618, 0.16230847, 0.46630085, -0.24448952, -0.8948284, -0.41422677, -0.51624507, 0.07660222, 0.04935531, 0.5323199, 0.41944414, 0.8660371, 0.19637252, 0.6340995, 0.53357935, 0.9296859, -0.42237413, -0.27283484, 0.022940546, -0.41458845, -0.1046434, 0.48262435, 0.15046118, 0.0018485317, -0.20269278, 0.4831231, 0.95584446, -0.9195113, -0.9676289, 0.23513293, -0.3151427, 0.7769611, -0.07639794, -0.8636647, -0.27271238, 0.20872603, 0.6740819, 0.60498166, 0.0920253, 0.07895115, 0.7252641, 0.8212859, -0.87713736, 0.2608189, 0.6524923, -0.0668663, -0.85930276, -0.12156696, 0.81746924, 0.27640787, 0.8524636, 0.7243883, 0.24016194, 0.5984191, 0.8887272, -0.6682497, 0.5225602, -0.96107244, -0.40032598, 0.11466939, -0.17374538, -0.86025864, 0.5459261, -0.062449582, -0.40502492, 0.5728944, 0.35430765, 0.5020008, -0.16159289, 0.3181288, 0.24606785, -0.16073895, 0.16455194, 0.9064912, -0.7490946, -0.88487214, 0.5705511, 0.6951584, 0.68611395, -0.632406, -0.12215494, 0.72731876, -0.5919822, 0.09942517, 0.43714964, 0.38135517, -0.082594775, 0.17349958, -0.3549787, 0.69714653, -0.33844155, -0.9740821, 0.019792471, -0.31879708, -0.7945699, -0.11191135, 0.6899279, -0.32432833, 0.20148268, 0.471166, -0.36236262, 0.19815731, 0.18439272, -0.577763, 0.46212497, -0.977866, 0.7080763, -0.55627906, 0.51672006, 0.11724758, 0.10438461, -0.39868793, -0.15325665, 0.5776109, -0.8274919, 0.18364063, 0.2865186, 0.4800635, 0.07735932, 0.6394263, 0.37910268, -0.57011056, 0.8641946, -0.8056228, 0.69903743, -0.16417757, 0.119081154, 0.8006321, 0.32044625, -0.5913614, 0.24975654, 0.70248514, -0.7560183, -0.47424582, 0.8566088, -0.5135125, -0.8152802, -0.74900323, 0.5720421, 0.6662614, -0.769577, 0.02149491, 0.8296381, -0.5428958]","[-6.0, 3.0, 4.0, -2.0, -2.0, 3.0, -2.0, 1.0, -1.0, -3.0, -3.0, -2.0, 5.0, -1.0, 5.0, -1.0, -1.0, -2.0, -8.0, -2.0, -8.0, -1.0, -3.0, -6.0, 4.0, 9.0, -7.0, -7.0, 3.0, -8.0, -13.0, 3.0, -1.0, 4.0, 6.0, 4.0, 5.0, -7.0, -6.0, -6.0, -1.0, 4.0, -2.0, -3.0, 2.0, 4.0, 2.0, -8.0, -4.0, -1.0, 4.0, 4.0, 5.0, -2.0, 1.0, 0.0, 0.0, -2.0, 1.0, 3.0, 2.0, 5.0, -1.0, 0.0, 2.0, 4.0, -6.0, -4.0, -1.0, 4.0, 4.0, 1.0, -1.0, 5.0, -5.0, 4.0, 5.0, -4.0, -1.0, 6.0, -1.0, -7.0, 0.0, -7.0, 7.0, 10.0, -2.0, -2.0, 1.0, 5.0, 0.0, 5.0, -2.0, 9.0, -1.0, 3.0, 4.0, -4.0, -7.0, -5.0, -2.0, 0.0, 2.0, -2.0, -7.0, 6.0, 2.0, 4.0, 5.0, -4.0, -2.0, -7.0, -8.0, -2.0, 3.0, -7.0, 4.0, -6.0, 5.0, -2.0, 4.0, 4.0, 1.0, 3.0, -2.0, 2.0, -2.0, 5.0, 4.0, -2.0, 6.0, -1.0, -3.0, -6.0, -3.0, -7.0, 0.0, -9.0, 3.0, 3.0, 3.0, 4.0, -3.0, 3.0, 4.0, 5.0, -8.0, 1.0, -7.0, 3.0, -9.0, 4.0, -2.0, 0.0, -1.0, -6.0, 3.0, 3.0, 3.0, 0.0, -2.0, 4.0, 4.0, 2.0, -12.0, -2.0, -7.0, 4.0, -8.0, -4.0, 2.0, 0.0, 5.0, 4.0, 0.0, -2.0, -1.0, -3.0, -3.0, -1.0, 4.0, -1.0, -1.0, -6.0, -3.0, -3.0, 6.0, -5.0, 2.0, 10.0, -3.0, -1.0, 3.0, -5.0, -3.0, 1.0, -1.0, -9.0, -2.0, -3.0, -7.0, -1.0, -1.0, 4.0, -2.0, 5.0, 0.0, -4.0, -1.0, 0.0, 4.0, 3.0, -3.0, 5.0, 1.0, -8.0, 3.0, 5.0, -1.0, -2.0, 3.0, -6.0, -2.0, -8.0, 9.0, 6.0, 3.0, -4.0, 1.0, 5.0, -8.0, 1.0, 6.0, -1.0, 1.0, 5.0, 5.0, 3.0, -2.0, 3.0, 1.0, -1.0, -7.0, 3.0, 1.0, -1.0, 3.0, -4.0, -1.0, 7.0, -3.0, -5.0, -2.0, 0.0, -1.0, -5.0, -2.0, -4.0, -2.0, -1.0, -1.0, 4.0, -8.0, -3.0, 4.0, 0.0, -8.0, 0.0, -8.0, 4.0, 3.0, 0.0, 0.0, -7.0, 7.0, 0.0, 4.0, -1.0, -3.0, -6.0, 3.0, 0.0, -1.0, -2.0, -2.0, 13.0, 1.0, -2.0, 4.0, 3.0, -2.0, -3.0, -7.0, -1.0, -2.0, 0.0, -8.0, -2.0, -4.0, -2.0, 3.0, 4.0, 3.0, -2.0, -2.0, 1.0, -4.0, 3.0, 1.0, -1.0, 3.0, 4.0, -5.0, -2.0, -2.0, -1.0, 0.0, 0.0, 6.0, 4.0, 0.0, -8.0, -2.0, 2.0, 5.0, 0.0, -8.0, 5.0, 6.0, 3.0, 1.0, 0.0, 3.0, 9.0, -1.0, -1.0, -8.0, -3.0, 3.0, 11.0, -2.0, 4.0, -3.0, -7.0, -6.0, -1.0, -2.0, -2.0, -3.0, -1.0, -2.0, 0.0, 0.0, 4.0, 4.0, 4.0, -1.0, -7.0, 2.0, -2.0, -8.0, 0.0, 4.0, -7.0, 6.0, 0.0, 3.0, 9.0, 5.0, -8.0, -1.0, 12.0, 4.0, 8.0, 1.0, 5.0, -4.0, 3.0, 4.0, 5.0, 3.0, 5.0, -1.0, 6.0, 0.0, 3.0, 4.0, 6.0, 6.0, 4.0, -1.0, 4.0, -1.0, 10.0, 5.0, 10.0, -1.0, -3.0, 4.0, 11.0, -2.0, 5.0, 11.0, -2.0, 4.0, 0.0, -6.0, 6.0, -1.0, 5.0, -1.0, 2.0, 2.0, 0.0, -8.0, -2.0, -9.0, 4.0, 1.0, -3.0, -7.0, 2.0, 8.0, -5.0, 5.0, 4.0, -8.0, -7.0, -2.0, -1.0, 0.0, -1.0, -1.0, -2.0, -3.0, -3.0, -14.0, -7.0, -2.0, -6.0, -2.0, -7.0, 5.0, -1.0, 6.0, -2.0, 6.0, -1.0, 5.0, 5.0, -2.0, -3.0, 5.0, 4.0, 4.0, 4.0, 4.0, 0.0, 5.0, 1.0, 3.0, -1.0, -1.0, -2.0, 10.0, 0.0, -2.0, -8.0, -1.0, 6.0, 3.0, 5.0, -2.0, 4.0, -2.0, 6.0, -7.0, -2.0, -3.0, -1.0, -3.0, -1.0, -11.0, 4.0, -4.0, 0.0, 5.0, 10.0, -2.0, -1.0, -5.0, -2.0, -2.0, 3.0, -1.0, -1.0, -1.0, -7.0, -1.0, -1.0, -8.0, 5.0, -7.0, -1.0, -2.0, -4.0, 5.0, 1.0, -2.0, -2.0, 3.0, 4.0, -3.0, 3.0, 0.0, 0.0, 0.0, 4.0, 8.0, -6.0, 3.0, -2.0, -2.0, -1.0, -3.0, 4.0, 5.0, 5.0, -6.0, 0.0, -2.0, 4.0, -4.0, 0.0, -6.0, -1.0, -2.0, 3.0, 2.0, -6.0, 4.0, 5.0, 0.0, -1.0, 4.0, -2.0, -2.0, -2.0, -2.0, -1.0, 4.0, 4.0, -1.0, 1.0, -8.0, 6.0, 3.0, -1.0, -2.0, 4.0, -1.0, -6.0, -4.0, -3.0, -1.0, 0.0, 4.0, -1.0, -1.0, 5.0, -2.0, -8.0, -1.0, -1.0, -2.0, -1.0, 3.0, -2.0, -2.0, 1.0, 2.0, -2.0, 1.0, -2.0, -7.0, 3.0, 2.0, 0.0, 0.0, -2.0, -8.0, -2.0, 0.0, 4.0, 0.0, -2.0, 4.0, -4.0, 3.0, 0.0, -3.0, -6.0, -7.0, 4.0, 4.0, -1.0, 12.0, 5.0, -1.0, 5.0, -3.0, 1.0, 9.0, -1.0, -6.0, -1.0, -7.0, -1.0, 6.0, -1.0, -2.0, 3.0, 7.0, 6.0, 5.0, 3.0, -2.0, -2.0, 11.0, -4.0, 0.0, -3.0, 3.0, 0.0, -2.0, 1.0, 4.0, 0.0, 3.0, -2.0, -1.0, -2.0, -5.0, 3.0, -2.0, -1.0, 1.0, -1.0, 3.0, -3.0, -3.0, 5.0, -3.0, -2.0, 0.0, -1.0, -3.0, -5.0, 3.0, 2.0, 4.0, -2.0, -3.0, 6.0, 3.0, -6.0, -1.0, -2.0, 0.0, -1.0, 0.0, -2.0, 3.0, 3.0, 0.0, 1.0, 6.0, 1.0, -2.0, -1.0, -3.0, -1.0, 5.0, -4.0, 4.0, -2.0, -13.0, -2.0, -1.0, -1.0, -6.0, -6.0, -2.0, -1.0, -2.0, 6.0, 9.0, -2.0, 1.0, 3.0, 2.0, 6.0, 0.0, 4.0, 5.0, -2.0, 5.0, -2.0, 4.0, -16.0, -6.0, 0.0, -2.0, 1.0, -8.0, 4.0, 0.0, 2.0, -1.0, 6.0, -1.0, -3.0, -2.0, -1.0, 3.0, -1.0, -1.0, -5.0, -8.0, -1.0, 5.0, 3.0, -2.0, 2.0, 2.0, -4.0, 4.0, -2.0, -2.0, 11.0, -1.0, 6.0, 4.0, 0.0, 2.0, 4.0, 5.0, -3.0, -4.0, 4.0, 3.0, 0.0, 2.0, 9.0, -2.0, 2.0, -3.0, 5.0, -1.0, 4.0, -5.0, 4.0, -1.0, -6.0, 5.0, 1.0, 4.0, -1.0, -3.0, -1.0, -9.0, -1.0, -2.0, 4.0, -2.0, 4.0, -3.0, -2.0, -1.0, -1.0, -1.0, -2.0, 9.0, 5.0, 2.0, 3.0, 3.0, 9.0, 5.0, 4.0, -2.0, -1.0, -1.0, -12.0, 5.0, 0.0, 10.0, -2.0, 5.0, 4.0, 5.0, -2.0, -3.0, 5.0, -2.0, -6.0, -1.0, -1.0, -2.0, -6.0, -1.0, -1.0, -1.0, 10.0, 8.0, -1.0, 3.0, -3.0, -1.0, -6.0, 4.0, 11.0, 3.0, 6.0, 0.0, -7.0, 4.0, -3.0, -6.0, 5.0, -2.0, -6.0, 0.0, 5.0, -1.0, 0.0, -1.0, -8.0, -1.0, -2.0, 4.0, 5.0, -8.0, -3.0, 0.0, -13.0, 1.0, -11.0, -1.0, -6.0, 5.0, -2.0, 4.0, -7.0, -6.0, -1.0, -1.0, -3.0, 3.0, -3.0, -6.0, 0.0, 3.0, 5.0, 4.0, 8.0, 4.0, 3.0, -2.0, 0.0, 6.0, -2.0, 2.0, 0.0, 3.0, 4.0, 0.0, -3.0, 6.0, 3.0, -3.0, -1.0, 0.0, 5.0, -2.0, -1.0, -3.0, 2.0, -7.0, 3.0, -6.0, -2.0, -7.0, -2.0, -6.0, 0.0, 2.0, 6.0, -3.0, 5.0, -8.0, 5.0, -1.0, 1.0, -2.0, -5.0, -2.0, -2.0, -13.0, 1.0, 4.0, 10.0, -3.0, 4.0, 4.0, 3.0, 4.0, 0.0, 0.0, 3.0, -3.0, -2.0, -6.0, 5.0, 6.0, 4.0, 3.0, -7.0, -3.0, -2.0, 6.0, 7.0, -2.0, 3.0, -1.0, 5.0, 5.0, -6.0, -5.0, 5.0, 4.0, -8.0, -8.0, -4.0, -8.0, -2.0, 6.0, -5.0, -13.0, 9.0, 0.0, 6.0, 9.0, -2.0, 4.0, -3.0, -1.0, 2.0, -1.0, -2.0, -3.0, 6.0, 4.0, -2.0, -2.0, -5.0, 14.0, 4.0, 2.0, -3.0, 6.0, 1.0, 0.0, 4.0, -1.0, 5.0, -2.0, 6.0, 5.0, 0.0, 5.0, -2.0, 10.0, -3.0, -9.0, -2.0, 9.0, 4.0, 9.0, 2.0, -5.0, 4.0, 2.0, -9.0, 0.0, 12.0, -1.0, -3.0, -19.0, -1.0]",18.424110694261024,0.0032899379730224,0.0,0.0,0
47,47,"[0.013341225, -0.23068963, 0.8592789, 0.27154908, -0.63519114, 0.44190308, -0.10470889, -0.59722686, 0.594051, 0.9028783, -0.7485875, 0.7116146, 0.9512488, -0.22808585, 0.56213623, 0.07401849, 0.2707654, -0.44079322, -0.3472574, 0.7709869, -0.9636261, -0.828794, 0.08928436, -0.34558493, 0.015695278, -0.7985178, -0.9589473, -0.45368397, 0.46942836, 0.37278885, -0.51968867, -0.4931956, 0.047145214, -0.9042269, -0.7968868, -0.83540875, 0.269799, -0.31343585, 0.15447558, -0.56459767, -0.22672455, -0.995269, 0.30023727, 0.43860903, -0.15342875, -0.7168203, -0.14656776, -0.3860073, 0.58695537, -0.75049514, 0.17368956, -0.282421, -0.61035264, -0.65492046, -0.7121239, 0.25910646, 0.24984239, 0.48821458, 0.93316793, 0.94238734, -0.4710345, 0.46911848, -0.43322307, -0.8027468, -0.2143229, 0.36958766, -0.26863003, -0.16036971, -0.87774915, 0.17757642, -0.7658572, 0.46832958, 0.0745671, -0.55161613, 0.6634872, -0.8495968, 0.8411265, -0.8170383, 0.4558587, -0.31290698, 0.28322574, 0.90252143, -0.17344229, 0.04529502, -0.9248922, -0.26931527, 0.25307626, -0.24130762, -0.4307063, -0.31944683, -0.62474763, -0.8706576, 0.7910081, -0.81458807, 0.32780552, -0.55908585, 0.13740407, -0.15350825, 0.45861143, -0.79855186, 0.2619502, 0.38324782, -0.90890634, -0.5272848, -0.14867222, -0.726002, -0.8523324, -0.20331687, -0.6709464, -0.917366, 0.5710816, 0.46677834, -0.6653393, 0.2606981, -0.3077408, -0.5645072, 0.057602163, -0.061559558, 0.14607283, 0.6011737, 0.6528324, -0.70533735, -0.124877386, 0.733497, 0.22626576, -0.9975575, 0.9035832, -0.9419831, -0.92661685, -0.08636132, -0.6264696, -0.80582494, -0.8606939, 0.63945806, -0.3534452, 0.8970521, 0.26171282, -0.8922633, 0.10139413, -0.41375455, -0.17578995, 0.66449374, 0.5962175, 0.21601908, 0.25314853, 0.4223734, -0.21012951, 0.93254817, -0.86299664, 0.95396906, 0.6776637, -0.15809567, -0.7848385, 0.9096366, 0.5456012, 0.1769425, -0.23532736, -0.29691416, -0.27685967, 0.2633993, 0.8533236, -0.064362355, 0.232242, -0.13335662, -0.07176664, -0.5966694, -0.30941996, 0.9936682, -0.16033266, -0.8814945, -0.94806993, -0.7799641, 0.9190442, -0.06518827, -0.1133415, -0.62842757, -0.6065298, -0.84040606, -0.85360545, -0.14626704, -0.2514584, -0.27356336, 0.1434507, -0.46029505, -0.7188009, -0.57277876, 0.15991656, -0.09458249, 0.20547955, -0.5374642, -0.9167558, -0.9190116, 0.39487475, -0.026120307, 0.8105891, -0.65613425, -0.7468048, 0.63623434, -0.5665225, 0.64497906, 0.43756068, -0.5388133, -0.36553377, 0.16678044, -0.79841894, -0.19387625, -0.9293715, -0.42897412, 0.97299, 0.005064412, 0.7148192, -0.069839336, -0.54112047, 0.7773085, 0.34305108, 0.7815316, -0.13481565, -0.5111084, 0.19935219, -0.5536669, 0.04239737, 0.9179978, 0.54050565, -0.25765213, -0.055473816, -0.92645943, -0.41596994, 0.49986032, 0.61198086, 0.3598109, 0.48805293, -0.857809, -0.74641496, 0.2846105, -0.683329, -0.5526439, 0.85694337, -0.6107161, 0.96366936, -0.29578593, 0.33537638, -0.50016975, 0.688188, -0.36190012, -0.831417, 0.10808253, -0.82924795, 0.9216944, -0.5580767, -0.18393105, 0.69411606, 0.32501107, -0.7971596, -0.8144008, 0.48127925, 0.93594587, 0.81792134, -0.37006068, 0.30066252, 0.51533115, -0.12070619, 0.364068, 0.96358097, 0.91448814, 0.74251556, 0.9682953, 0.5713384, -0.9264808, 0.69325507, -0.35470104, 0.62224627, 0.2744606, 0.932733, -0.11013688, -0.8885068, -0.21466693, 0.092582084, 0.28466776, -0.023227585, -0.7988688, -0.5368398, -0.8904238, 0.021139067, -0.63099176, 0.23822336, -0.10151998, -0.6587288, 0.22251005, -0.5979663, -0.36841255, 0.018260563, -0.25557566, 0.89509565, 0.07914569, 0.16087137, -0.6472366, -0.81223065, -0.27973524, 0.8069555, -0.27780622, 0.27157772, 0.5372945, -0.83886176, -0.96923214, -0.6348685, 0.44461206, 0.38960242, -0.56763184, 0.9335511, -0.2776485, 0.7231047, -0.6662677, 0.32005754, -0.0020598832, 0.20170346, -0.88892287, 0.71438104, -0.319093, 0.32999888, -0.43791437, 0.6172365, 0.70515585, -0.7300185, 0.08517993, 0.48530063, 0.47206792, -0.9082865, -0.84045476, 0.13516651, -0.757382, 0.0995073, -0.59673977, -0.26339874, -0.5540038, 0.73915243, 0.8098096, -0.6077903, -0.9324277, -0.30659708, -0.62922513, 0.3384985, 0.4560506, -0.6442509, -0.7071144, -0.7381265, -0.8731231, 0.7664382, -0.049840696, -0.9023969, 0.0423514, 0.5729404, -0.8052826, 0.7831936, -0.7118312, -0.19129781, -0.41824508, -0.5261842, 0.699417, 0.09956497, 0.8691676, -0.6305328, 0.8385171, -0.8177148, -0.82616156, 0.3418475, 0.9343967, 0.2475925, -0.18761705, -0.26911113, 0.67415124, -0.8557909, -0.94813085, -0.6818249, 0.5203599, -0.59374, -0.77265584, -0.853443, 0.65140927, 0.29775092, 0.8731265, 0.4754952, 0.3533852, -0.64436316, -0.0054811738, 0.8829445, -0.060903322, -0.06508023, -0.5902742, 0.42578167, -0.48605648, 0.25937533, 0.3662497, -0.3395788, 0.39994687, -0.1756154, -0.3485514, 0.1794544, 0.04768809, -0.49425787, 0.39823478, 0.30837005, 0.021377997, 0.6886568, -0.51412374, 0.19956344, 0.45387524, 0.26971835, -0.75932235, 0.88681114, -0.23398979, 0.40182352, 0.5127009, 0.05567775, -0.99506974, -0.62161386, 0.45407638, -0.42198315, 0.8558931, 0.5246641, -0.21329142, -0.56621754, -0.43538713, -0.9496426, -0.8003209, -0.76658434, -0.95541227, -0.49082687, -0.8943024, -0.13254657, 0.21411373, -0.25988254, 0.92568415, 0.8249477, -0.40282714, -0.31423736, -0.63353336, 0.69131154, -0.5117566, 0.98198646, -0.49827325, -0.95871866, -0.19633876, -0.6916696, -0.25330234, -0.019897237, -0.44340777, -0.84175766, 0.030507002, 0.355263, 0.072630145, 0.97953385, 0.48352918, -0.9375377, 0.6340571, 0.92566097, -0.087760724, 0.2347731, 0.21358764, -0.30937836, 0.5386448, 0.40027073, -0.43030056, 0.5531571, -0.24913286, 0.43808165, -0.40468913, 0.7645968, 0.83201766, 0.47408158, -0.78504014, 0.3290071, -0.9638328, -0.39530364, 0.54518753, 0.33762416, 0.8682732, -0.5004012, 0.30771047, 0.70073867, -0.06964435, 0.9624348, -0.78687304, -0.8958839, 0.4952495, -0.2651602, -0.88696307, -0.25307703, -0.43904227, 0.23199722, 0.35893336, 0.55827296, -0.65869606, 0.13237105, 0.22737607, -0.5659829, 0.9088083, 0.24973656, 0.62304777, 0.7308029, 0.27081752, -0.9120223, 0.4438096, 0.8384546, -0.8092455, -0.8652939, 0.638052, 0.92149746, -0.7369911, -0.79594773, 0.585175, -0.76068115, -0.0502159, 0.68863755, 0.1505489, -0.107192986, 0.74674857, -0.7635399, -0.6075915, -0.3207138, -0.15416189, 0.68346685, 0.8934523, -0.56401205, -0.09638867, -0.15915097, -0.31255582, -0.33646843, -0.37728855, 0.50204045, -0.9907016, 0.34952286, 0.86382747, -0.2034732, -0.82236534, 0.24806428, -0.80987096, -0.2566956, -0.09030806, -0.18164249, -0.15747029, -0.4112728, 0.38391876, 0.014341556, 0.9344247, -0.9607549, -0.3519869, -0.6710058, 0.62346995, -0.018842304, -0.7089493, -0.8397167, 0.5635482, 0.8507963, -0.026350375, 0.11361415, 0.7829215, 0.82007116, 0.54269534, -0.2714802, -0.24512884, -0.2120117, -0.047106292, -0.69426167, 0.80663073, -0.19892882, 0.71895444, 0.3474032, -0.7973345, -0.59080213, -0.44455317, 0.30787396, 0.15289605, 0.24284984, 0.1790594, 0.11456327, 0.6030651, -0.45736274, 0.4661394, 0.38196167, -0.64873594, 0.83907825, -0.91618663, 0.6185932, -0.09103137, -0.98043686, -0.8614152, -0.40508732, 0.96487075, 0.6127585, 0.43915415, -0.7106295, -0.6105133, -0.58409536, -0.19474593, 0.25058463, 0.5355397, 0.35841206, 0.05419837, -0.13788767, 0.8807746, 0.015828924, -0.20455268, 0.89430153, 0.60330546, -0.10981874, -0.9289992, 0.050715797, 0.8328271, -0.7025704, 0.075168364, -0.5687055, 0.7562129, -0.97770643, -0.4485577, 0.103004344, 0.3855685, 0.011492057, -0.38533702, -0.30394125, -0.29032862, 0.14301035, -0.0522175, -0.43700373, -0.28797218, -0.26989272, -0.44697487, 0.3079539, 0.6948282, 0.95183665, 0.37288865, -0.4283299, 0.7739693, -0.32941118, -0.50577396, -0.68895596, -0.3273388, -0.78578657, -0.25880295, -0.39680475, -0.29668227, -0.09755611, -0.46248144, -0.7443318, 0.6248669, -0.4678258, 0.25108433, -0.8469041, -0.8115251, 0.54963934, 0.58119893, 0.5366693, -0.42808974, -0.46581405, -0.9701998, -0.94546896, 0.6264709, -0.17177679, -0.8029458, -0.5552543, -0.68232226, -0.10144095, -0.93826354, -0.41514912, 0.1621038, 0.20794372, -0.6007652, -0.034560382, 0.9993065, -0.54213583, 0.059826158, -0.78433836, 0.36490497, -0.11370674, 0.93281233, -0.45604154, 0.9611561, -0.81606555, 0.51980007, 0.27662015, 0.87025046, 0.83737737, 0.7144504, -0.035880156, -0.11652389, 0.9090197, 0.91698116, 0.8399937, -0.054729037, -0.4800248, -0.19613409, -0.1061739, 0.5263799, 0.4461347, 0.3272283, -0.48149952, 0.36947542, 0.7371904, -0.66018355, 0.86109304, -0.63522345, -0.13316321, -0.109434955, 0.37112364, -0.022095637, 0.29092038, 0.9455184, -0.9679057, -0.5702844, -0.34111252, -0.35086638, -0.5219644, 0.045538966, -0.2982368, 0.47685364, 0.24567638, 0.322447, 0.6758037, 0.55672616, 0.94788635, 0.37755606, 0.118317775, 0.98289824, -0.31258422, -0.69937825, 0.008041775, 0.3123104, -0.77906215, -0.36618623, -0.20656712, -0.034425892, -0.3143809, -0.31435958, -0.4940977, -0.23185588, -0.44741505, -0.9844624, -0.47838527, 0.50154084, -0.7376543, 0.7713312, 0.656016, -0.5463049, 0.050999515, 0.52902204, -0.61031115, 0.94137967, 0.2055599, 0.90317106, 0.3767452, 0.78903604, -0.07772656, 0.19566198, -0.42327213, -0.34794846, -0.40646482, -0.13218313, 0.38175848, 0.53912795, 0.4707414, -0.8936423, 0.5813998, -0.38933736, -0.15467273, -0.8403789, -0.43247983, 0.22645342, 0.08478608, -0.6087964, -0.12844607, 0.06502516, -0.21961488, -0.51016337, 0.750192, 0.3191193, 0.0050558792, 0.14773293, -0.48382533, 0.6369958, 0.11754891, -0.8709507, 0.9838799, 0.9856359, 0.9440033, -0.4660382, 0.22902372, -0.3235202, 0.060652144, 0.484291, 0.32175642, 0.70072836, -0.288233, -0.98636246, -0.71594125, 0.30886206, 0.44894773, -0.72508895, 0.6857294, 0.27044302, 0.97317255, -0.5979654, 0.6332791, -0.13162436, 0.7544293, 0.31681257, -0.095063075, -0.49178022, -0.5139426, 0.23532653, -0.9980476, 0.24331121, -0.9628075, -0.8599905, 0.45472196, -0.3282425, 0.14046773, -0.8849662, -0.61040205, -0.44475275, 0.93175316, -0.22328448, 0.4176322, 0.421958, -0.31064397, -0.68998283, -0.75286853, -0.52861977, 0.8195412, 0.5577445, -0.95765036, 0.23952398, 0.5471903, -0.9451028, 0.26571992, -0.38547787, 0.33517838, -0.6672343, 0.7308776, 0.28909594, -0.9294301, 0.6050772, 0.11670656, 0.41673696, 0.44621363, -0.6285345, -0.06928591, 0.49698222, 0.25417933, -0.5697212, 0.06502397, 0.04624135, 0.8996079, -0.06305043, -0.5174606, -0.97178537, 0.04404989, -0.86349076, -0.7880656, -0.42680836, -0.2941071, -0.3761357, 0.8638972, -0.97418356, -0.2948614, 0.5510881, 0.8776769, -0.05572111, 0.27985778, -0.26878253, -0.4528952, -0.5775625, 0.5851741, -0.2676263, 0.99432117, -0.21407111, 0.72084713, 0.19931498, 0.85374564, 0.6249135, -0.75955856, 0.99129313, -0.081318066, 0.05099171, -0.08249402, -0.27477205, 0.11336539, -0.9715009, 0.8726116, 0.5864755, -0.20434582, 0.10808253, -0.19869421, -0.769906, 0.52201784, 0.17971325, 0.58365566, -0.8520432, -0.881515, -0.009037729, 0.06848983, 0.059321508, 0.34391144, 0.35294026, 0.81559956, -0.2665616, -0.67971605, 0.94990987, 0.10247722, 0.2090985, 0.69185114, -0.38716227, 0.8863249, 0.030461725, -0.59594345, 0.51457196, 0.48311812, 0.96037674, 0.92793864, -0.55985564, 0.45253414, 0.81730264, -0.5814114, 0.7531744, -0.8450014, 0.13044249, 0.69900155, -0.8917108, -0.321, -0.42378446, 0.45014933, -0.694188, -0.7552856, 0.55481094, -0.7837434, 0.9592646, -0.12769885, -0.042075112, -0.67302316, -0.15843776, 0.78991175, 0.47806457, -0.54566574, -0.58227557, 0.2615321, 0.53940034, -0.48331967, -0.37883702, 0.9362727, -0.31717739, 0.646688, 0.44926775, 0.20027168, 0.50712794, 0.5696512, -0.12879175, 0.98736256, 0.80890465, 0.16767433, 0.76989067, -0.830171, 0.53022724, -0.43733826, 0.22597265, 0.5139055, 0.16462973, -0.034191106, 0.992835, 0.72067696, 0.117709845, -0.04125846, -0.41003463, 0.22438958, 0.106107526, -0.2905226, -0.47098753, 0.5862075, 0.14166562, 0.5405158, 0.3597677, 0.5497755, -0.7556757, -0.7162255, -0.12483162, -0.8901675, -0.015948351, 0.88154185, 0.5028713, -0.05969422, -0.68460655, 0.95881075, 0.5079741, -0.6383459, -0.86860794, -0.03906405, 0.61968607, 0.8330279, 0.2184094, 0.9161743, -0.9697651, 0.58741623, 0.69293565]","[-7.0, 4.0, 4.0, -2.0, -1.0, 4.0, -1.0, 2.0, -2.0, -3.0, -2.0, -1.0, 4.0, -2.0, 4.0, -2.0, -2.0, -3.0, -7.0, -1.0, -8.0, -2.0, -2.0, -7.0, 5.0, 10.0, -7.0, -8.0, 3.0, -7.0, -14.0, 4.0, -2.0, 4.0, 5.0, 3.0, 4.0, -6.0, -7.0, -7.0, 0.0, 5.0, -1.0, -4.0, 1.0, 5.0, 3.0, -7.0, -3.0, -2.0, 5.0, 3.0, 5.0, -1.0, 1.0, 1.0, -1.0, -2.0, 0.0, 4.0, 3.0, 4.0, -2.0, 0.0, 3.0, 4.0, -7.0, -3.0, -2.0, 5.0, 5.0, 2.0, -1.0, 4.0, -6.0, 3.0, 4.0, -3.0, -1.0, 6.0, -2.0, -6.0, -1.0, -7.0, 6.0, 10.0, -1.0, -1.0, 0.0, 4.0, -1.0, 6.0, -1.0, 10.0, -2.0, 4.0, 4.0, -3.0, -6.0, -4.0, -1.0, -1.0, 1.0, -1.0, -8.0, 5.0, 1.0, 3.0, 5.0, -3.0, -2.0, -7.0, -7.0, -2.0, 4.0, -8.0, 5.0, -7.0, 5.0, -3.0, 5.0, 5.0, 0.0, 4.0, -2.0, 3.0, -1.0, 4.0, 3.0, -2.0, 5.0, -1.0, -4.0, -7.0, -2.0, -8.0, -1.0, -8.0, 3.0, 4.0, 4.0, 5.0, -2.0, 4.0, 5.0, 4.0, -8.0, 0.0, -7.0, 4.0, -10.0, 5.0, -3.0, 0.0, -2.0, -7.0, 4.0, 4.0, 4.0, -1.0, -3.0, 4.0, 5.0, 3.0, -13.0, -1.0, -7.0, 4.0, -9.0, -5.0, 3.0, -1.0, 5.0, 3.0, 1.0, -2.0, -2.0, -2.0, -3.0, 0.0, 3.0, -2.0, -2.0, -5.0, -2.0, -2.0, 5.0, -6.0, 2.0, 10.0, -3.0, -2.0, 4.0, -4.0, -2.0, 0.0, -2.0, -8.0, -2.0, -2.0, -8.0, -2.0, -2.0, 5.0, -1.0, 5.0, -1.0, -3.0, -1.0, -1.0, 5.0, 4.0, -2.0, 4.0, 1.0, -8.0, 4.0, 4.0, -2.0, -3.0, 4.0, -7.0, -3.0, -7.0, 8.0, 5.0, 4.0, -3.0, 0.0, 4.0, -7.0, 0.0, 5.0, -2.0, 0.0, 4.0, 4.0, 4.0, -1.0, 3.0, 1.0, -1.0, -6.0, 3.0, 2.0, 0.0, 4.0, -5.0, -2.0, 6.0, -2.0, -5.0, -2.0, -1.0, -2.0, -4.0, -1.0, -4.0, -2.0, -2.0, -2.0, 5.0, -7.0, -2.0, 4.0, -1.0, -7.0, 1.0, -7.0, 5.0, 4.0, -1.0, -1.0, -6.0, 6.0, -1.0, 5.0, -2.0, -4.0, -7.0, 4.0, -1.0, 0.0, -1.0, -1.0, 12.0, 0.0, -1.0, 4.0, 4.0, -1.0, -2.0, -8.0, -2.0, -2.0, -1.0, -7.0, -1.0, -3.0, -2.0, 4.0, 3.0, 4.0, -1.0, -1.0, 0.0, -3.0, 4.0, 0.0, -2.0, 3.0, 3.0, -6.0, -1.0, -2.0, 0.0, 1.0, -1.0, 5.0, 4.0, -1.0, -8.0, -1.0, 3.0, 6.0, 1.0, -7.0, 4.0, 5.0, 2.0, 0.0, 0.0, 4.0, 10.0, -2.0, -2.0, -8.0, -2.0, 4.0, 12.0, -1.0, 5.0, -4.0, -7.0, -7.0, 0.0, -1.0, -1.0, -2.0, -1.0, -3.0, -1.0, -1.0, 4.0, 5.0, 5.0, -2.0, -7.0, 3.0, -1.0, -7.0, -1.0, 4.0, -7.0, 6.0, -1.0, 4.0, 10.0, 4.0, -7.0, -1.0, 13.0, 4.0, 9.0, 0.0, 4.0, -3.0, 4.0, 5.0, 4.0, 4.0, 4.0, -2.0, 5.0, -1.0, 4.0, 3.0, 5.0, 5.0, 3.0, 0.0, 5.0, -2.0, 11.0, 5.0, 11.0, -2.0, -2.0, 5.0, 10.0, -3.0, 5.0, 10.0, -1.0, 3.0, -1.0, -7.0, 5.0, -2.0, 4.0, -2.0, 3.0, 3.0, 1.0, -8.0, -2.0, -10.0, 5.0, 0.0, -3.0, -8.0, 1.0, 8.0, -6.0, 6.0, 3.0, -7.0, -7.0, -2.0, -1.0, -1.0, -1.0, -2.0, -2.0, -2.0, -2.0, -14.0, -7.0, -1.0, -7.0, -1.0, -8.0, 4.0, -2.0, 5.0, -2.0, 5.0, -2.0, 5.0, 4.0, -1.0, -2.0, 4.0, 4.0, 5.0, 4.0, 3.0, -1.0, 4.0, 2.0, 4.0, -2.0, -2.0, -1.0, 9.0, -1.0, -1.0, -8.0, 0.0, 5.0, 2.0, 4.0, -1.0, 5.0, -1.0, 5.0, -8.0, -1.0, -2.0, -1.0, -2.0, -2.0, -10.0, 5.0, -5.0, -1.0, 5.0, 11.0, -1.0, 0.0, -5.0, -2.0, -2.0, 2.0, -2.0, -2.0, -2.0, -8.0, 0.0, -2.0, -7.0, 4.0, -7.0, -1.0, -3.0, -5.0, 4.0, 2.0, -1.0, -2.0, 4.0, 5.0, -4.0, 4.0, -1.0, -1.0, -1.0, 3.0, 9.0, -7.0, 4.0, -2.0, -3.0, -2.0, -2.0, 5.0, 4.0, 4.0, -5.0, -1.0, -1.0, 3.0, -3.0, -1.0, -7.0, 0.0, -1.0, 4.0, 3.0, -5.0, 5.0, 4.0, -1.0, -1.0, 4.0, -3.0, -1.0, -1.0, -2.0, -2.0, 5.0, 5.0, -2.0, 1.0, -7.0, 5.0, 4.0, -2.0, -1.0, 3.0, -1.0, -7.0, -5.0, -2.0, -1.0, -1.0, 5.0, -1.0, 0.0, 4.0, -3.0, -7.0, -2.0, -1.0, -1.0, -2.0, 3.0, -3.0, -2.0, 1.0, 1.0, -3.0, 0.0, -1.0, -8.0, 4.0, 3.0, 1.0, -1.0, -2.0, -7.0, -2.0, -1.0, 3.0, -1.0, -1.0, 5.0, -3.0, 4.0, 0.0, -2.0, -7.0, -7.0, 3.0, 5.0, -1.0, 11.0, 4.0, -1.0, 4.0, -2.0, 0.0, 10.0, 0.0, -7.0, -2.0, -8.0, -2.0, 7.0, -1.0, -1.0, 4.0, 6.0, 5.0, 4.0, 2.0, -1.0, -2.0, 10.0, -4.0, -1.0, -2.0, 4.0, -1.0, -1.0, 0.0, 5.0, -1.0, 2.0, -1.0, -2.0, -1.0, -6.0, 2.0, -1.0, -2.0, 1.0, -2.0, 3.0, -2.0, -2.0, 6.0, -2.0, -2.0, 1.0, -2.0, -2.0, -6.0, 4.0, 1.0, 5.0, -3.0, -3.0, 5.0, 4.0, -6.0, -2.0, -1.0, -1.0, 0.0, -1.0, -3.0, 3.0, 3.0, 1.0, 0.0, 5.0, 1.0, -1.0, -1.0, -2.0, -1.0, 5.0, -3.0, 5.0, -1.0, -12.0, -2.0, -1.0, -1.0, -5.0, -7.0, -1.0, -2.0, -3.0, 6.0, 8.0, -3.0, 0.0, 4.0, 3.0, 5.0, -1.0, 3.0, 4.0, -1.0, 4.0, -1.0, 5.0, -15.0, -7.0, -1.0, -2.0, 1.0, -7.0, 5.0, -1.0, 1.0, -2.0, 6.0, 0.0, -4.0, -1.0, -2.0, 2.0, -2.0, 0.0, -6.0, -8.0, -2.0, 4.0, 4.0, -2.0, 1.0, 1.0, -5.0, 4.0, -1.0, -3.0, 10.0, -2.0, 5.0, 3.0, -1.0, 3.0, 5.0, 4.0, -2.0, -3.0, 4.0, 4.0, -1.0, 3.0, 10.0, -1.0, 2.0, -2.0, 4.0, -2.0, 5.0, -6.0, 5.0, -1.0, -5.0, 4.0, 0.0, 5.0, 0.0, -2.0, -2.0, -8.0, -2.0, -1.0, 5.0, -1.0, 5.0, -2.0, -1.0, -2.0, -2.0, -2.0, -2.0, 10.0, 4.0, 3.0, 3.0, 4.0, 10.0, 4.0, 4.0, -2.0, 0.0, -2.0, -13.0, 4.0, -1.0, 9.0, -2.0, 4.0, 3.0, 4.0, -2.0, -2.0, 5.0, -3.0, -7.0, -2.0, -2.0, -2.0, -7.0, -1.0, -2.0, 0.0, 10.0, 9.0, -1.0, 4.0, -2.0, -2.0, -7.0, 5.0, 11.0, 4.0, 5.0, -1.0, -8.0, 4.0, -2.0, -5.0, 4.0, -1.0, -7.0, -1.0, 4.0, 0.0, -1.0, -1.0, -8.0, -2.0, -1.0, 5.0, 4.0, -9.0, -4.0, -1.0, -14.0, 2.0, -12.0, -2.0, -7.0, 6.0, -1.0, 5.0, -8.0, -7.0, -1.0, -2.0, -4.0, 3.0, -2.0, -7.0, 0.0, 4.0, 5.0, 5.0, 9.0, 5.0, 2.0, -2.0, -1.0, 7.0, -1.0, 3.0, -1.0, 4.0, 4.0, -1.0, -2.0, 5.0, 4.0, -2.0, -2.0, -1.0, 4.0, -1.0, 0.0, -4.0, 3.0, -8.0, 4.0, -5.0, -1.0, -7.0, -2.0, -7.0, -1.0, 3.0, 5.0, -2.0, 5.0, -9.0, 5.0, -2.0, 0.0, -1.0, -5.0, -1.0, -1.0, -14.0, 0.0, 5.0, 11.0, -2.0, 5.0, 5.0, 4.0, 4.0, -1.0, -1.0, 4.0, -2.0, -1.0, -5.0, 4.0, 5.0, 4.0, 2.0, -7.0, -2.0, -2.0, 5.0, 6.0, -1.0, 4.0, 0.0, 5.0, 5.0, -7.0, -6.0, 6.0, 3.0, -7.0, -7.0, -3.0, -7.0, -1.0, 5.0, -6.0, -13.0, 10.0, -1.0, 6.0, 10.0, -1.0, 3.0, -2.0, 0.0, 1.0, -2.0, -3.0, -2.0, 5.0, 5.0, -3.0, -2.0, -6.0, 15.0, 5.0, 3.0, -4.0, 5.0, 0.0, -1.0, 5.0, -2.0, 4.0, -1.0, 5.0, 4.0, -1.0, 4.0, -1.0, 11.0, -2.0, -8.0, -1.0, 8.0, 5.0, 9.0, 2.0, -6.0, 4.0, 3.0, -8.0, -1.0, 11.0, -2.0, -2.0, -20.0, -2.0]",8.192839107609505,0.0032737255096435,0.0,0.0,0
48,48,"[-0.23419082, 0.17362897, -0.73620087, 0.083834484, 0.22821185, 0.314557, -0.48048514, 0.0033432245, 0.21949919, -0.1090592, 0.97975415, -0.28010568, -0.671979, 0.31783238, 0.15368913, 0.58328074, 0.6790856, -0.721441, -0.56426734, -0.47464758, -0.6645282, 0.20909695, -0.16490982, -0.9025546, 0.06501358, -0.94282365, 0.6676126, 0.41445568, -0.5029383, 0.59886426, -0.9951491, -0.70205617, 0.59441906, 0.045317635, 0.8291915, -0.27990007, -0.48674968, 0.30625942, 0.8958908, 0.822417, -0.36632827, -0.60384506, 0.6750591, 0.76806164, 0.47428623, -0.7692504, 0.15443179, -0.5445551, 0.46720648, 0.20789231, -0.20334083, -0.41477343, 0.24029091, 0.5669509, -0.40013653, -0.19289425, -0.46304804, 0.60292715, -0.8688004, -0.8539282, -0.99001485, 0.49420574, 0.100698546, 0.49171522, 0.84079134, 0.018847944, -0.90463525, 0.5669843, 0.13735555, 0.16642639, -0.23498774, 0.16555226, -0.007712138, 0.8400976, -0.83216465, 0.27069023, -0.28113943, -0.68705225, -0.21674946, 0.06875754, -0.13643612, -0.33601972, -0.633041, 0.18291351, 0.53508425, 0.87133396, -0.8565854, -0.15535897, -0.62497526, 0.34495693, 0.4616173, -0.19326413, -0.5529951, 0.624151, -0.67179435, 0.4829132, -0.123452194, 0.21205416, -0.389136, 0.38535514, 0.09780944, -0.7102958, -0.67978865, -0.40388212, 0.5471074, 0.92203224, -0.5536976, 0.16989534, 0.8602422, 0.8101377, 0.9628314, 0.2879212, 0.7814066, -0.85537124, -0.7312392, 0.8564291, 0.9696683, 0.78395414, 0.24930772, 0.2666834, -0.7210864, 0.18844163, 0.97623837, -0.18032734, 0.8791751, 0.62936676, -0.0129826935, 0.78289366, 0.19088584, -0.6676916, 0.42998397, 0.10700874, 0.13030213, 0.4286727, -0.34202707, -0.5269693, 0.61532557, 0.5104499, -0.2850027, -0.19404678, 0.9438337, -0.5832622, 0.34007865, -0.9167885, 0.70290637, -0.9609984, 0.332609, 0.90127784, 0.044895574, 0.5758583, 0.48899817, -0.4043486, 0.90069836, -0.3812872, -0.0015983265, -0.5246025, -0.6666646, 0.51315564, 0.32547963, 0.19636267, 0.55740815, 0.06857355, 0.46921518, 0.18169104, -0.29852647, 0.98267955, -0.04577441, -0.00948915, 0.22872815, -0.4921779, 0.2658126, 0.7427421, -0.86395764, 0.7740179, -0.44746122, -0.7635876, 0.36185893, 0.68105596, 0.031725727, -0.588657, -0.6355571, 0.026669651, -0.69004893, 0.2098996, -0.7695962, 0.39241606, -0.58661133, 0.9949328, -0.9041018, -0.6931618, 0.9077733, -0.76316535, 0.19721587, -0.5405688, -0.059589513, -0.57037157, -0.16750786, -0.35874352, 0.4581945, -0.4976312, -0.8958905, 0.7163079, -0.74757415, 0.49010277, 0.18781815, -0.14411244, -0.78291506, -0.7413928, 0.46343362, 0.6034814, -0.59840775, 0.21794452, -0.4744983, 0.802993, 0.13477074, 0.8733392, -0.6879165, -0.98674333, -0.7853084, 0.49874982, -0.9592935, 0.29826906, -0.58471185, -0.37286493, 0.65278196, 0.81473595, -0.49927804, -0.457636, 0.6369611, -0.14926746, -0.5099777, 0.36923563, -0.076346114, 0.36439508, -0.4021858, -0.7672723, -0.36277774, 0.76557815, -0.456831, 0.75547796, 0.7379292, -0.51732665, 0.07192407, -0.07534106, -0.5556071, -0.6408221, -0.55435115, 0.05993352, -0.19888176, 0.88419837, -0.81011295, 0.86752003, -0.13116233, -0.37126118, -0.6463006, 0.90772307, 0.59961647, -0.47172594, 0.28838438, 0.12101485, 0.7694672, -0.40002966, -0.986989, -0.2403415, 0.9768295, -0.3836464, -0.41229388, 0.2830981, 0.9951856, 0.6680993, 0.7735513, 0.9135451, 0.9812884, 0.86133915, -0.9673275, -0.72731286, -0.9172581, 0.80133134, 0.05542491, -0.30847654, 0.2545323, -0.9029799, -0.17902845, 0.77289784, 0.19753185, -0.77741337, -0.20045634, -0.9749111, -0.22161879, 0.66437924, -0.083710514, -0.06399042, 0.8608358, -0.053904977, -0.6342702, -0.3710593, -0.4623416, -0.986177, 0.9802391, 0.7982183, -0.11648778, -0.08759305, -0.08224506, 0.23571265, 0.8811258, 0.6243086, -0.95010203, -0.51548964, 0.8771765, 0.5582582, 0.30140352, -0.9114568, 0.3954799, -0.84078145, -0.2651471, 0.45058322, -0.103576146, 0.810032, -0.94857645, 0.22700885, 0.16817385, -0.2510281, 0.6846844, 0.011075857, 0.33463925, 0.36941725, -0.10715523, 0.45810008, -0.2198921, 0.23820777, 0.25217566, -0.5187271, -0.049114794, 0.43351436, 0.73333526, 0.2166386, -0.4391949, 0.39822727, -0.24587911, -0.8410608, 0.66624975, -0.5033558, -0.13797031, -0.022616139, 0.38641354, 0.8441313, -0.89259684, 0.7858988, 0.42228362, -0.56882775, -0.8279984, -0.90692973, -0.20426339, 0.86068255, -0.7059588, 0.7482999, 0.550353, 0.31224883, 0.10292478, -0.58731204, 0.041051507, -0.6620803, 0.47786838, -0.56523794, 0.08444148, 0.89598536, 0.1896143, 0.082512945, -0.31253278, -0.09449036, -0.4578801, -0.5633724, -0.045847815, 0.51937157, -0.29946682, -0.29031524, -0.8763761, -0.83294886, -0.28966, -0.7466937, 0.8221932, 0.3755019, -0.8687845, 0.09696457, 0.96007687, 0.7983151, -0.33197412, -0.70841026, 0.9464988, -0.36532277, -0.27557746, 0.7350353, 0.20365168, 0.62548864, -0.8220225, -0.5975781, -0.2061329, 0.76667976, -0.7038453, 0.135232, -0.17832474, -0.12614717, -0.88777477, 0.6392532, 0.51788807, -0.06956458, -0.92155904, 0.39369446, 0.7361635, -0.2750132, -0.1728206, -0.80385154, -0.99732333, -0.11759412, -0.05937918, -0.65267015, -0.5956953, 0.43401137, 0.12457689, -0.95235914, 0.97392756, -0.6815732, -0.8513336, -0.5463129, -0.551924, 0.7800348, -0.45535186, -0.6547734, -0.5389154, 0.24111599, -0.9598568, 0.46980578, -0.47289535, 0.9371667, 0.9790693, -0.23482254, 0.4045716, -0.003659839, 0.9966045, 0.9543224, -0.2768186, 0.67913574, 0.30234748, -0.29383802, -0.13024995, 0.22048262, 0.9974446, 0.27220184, -0.26788116, 0.16501139, -0.36243084, -0.09367773, -0.16754836, 0.06290299, 0.7043152, -0.2030887, 0.058060747, 0.97761124, 0.5586777, -0.77338684, 0.29247245, -0.25508937, 0.29165715, -0.99631876, 0.031237332, 0.17218278, -0.39655226, -0.6464013, -0.72807175, -0.41763866, -0.99392885, 0.9152448, -0.5695886, 0.026105087, 0.8409231, -0.24155465, -0.18099612, -0.023563469, 0.42146847, -0.14448474, 0.78478366, 0.99656844, -0.1357876, -0.24252471, -0.5128234, -0.1504517, -0.22149192, 0.37645066, 0.15682131, 0.08879358, -0.17922385, -0.97059524, -0.70323884, 0.058899246, 0.8979807, 0.26252294, -0.32195678, 0.31928056, 0.62943935, -0.31149876, -0.29877076, -0.7492808, 0.40734747, -0.35312527, 0.9887143, -0.3016251, 0.37313873, -0.090485394, 0.54469234, -0.85862714, -0.85816765, -0.6795239, 0.7989149, -0.08831555, -0.98648685, 0.0760883, 0.7770314, -0.5756772, -0.15096682, -0.12943685, -0.58112437, -0.89805114, -0.156024, 0.6643941, -0.9809132, 0.61364186, 0.70075613, 0.5923455, 0.8023183, -0.4881346, 0.82475, 0.89739436, -0.6608447, -0.8066282, -0.4080838, -0.9614022, 0.90663403, 0.14768723, 0.697371, -0.31634685, 0.32814297, -0.13953169, 0.9585192, 0.4297331, -0.36097082, -0.61757183, -0.94780856, 0.84189063, 0.93356425, -0.6091426, -0.5556655, 0.52077705, -0.54460233, -0.53613573, -0.71542776, 0.24036689, 0.3460378, -0.8895434, 0.1460762, 0.16231623, -0.16291013, 0.34849682, -0.47446975, -0.9763899, -0.4187414, -0.98360276, 0.5654517, -0.6640587, -0.21116059, -0.8727324, -0.718988, 0.34475526, 0.9121462, 0.5580368, 0.11560039, 0.9596953, -0.6729475, 0.005482862, -0.2918623, 0.35180485, -0.327101, -0.24720006, 0.547016, 0.009849427, 0.25161368, 0.79557514, 0.3151203, 0.10441042, 0.03725352, -0.8723161, 0.95470417, 0.7991063, -0.56736356, -0.84074336, 0.9851843, -0.06595561, -0.7290709, 0.83301663, -0.2865683, 0.76395214, 0.47177595, -0.2485575, -0.1524709, -0.2227136, 0.772855, 0.30855864, 0.8409756, -0.61216265, 0.5313211, 0.77847135, 0.88880205, 0.12377068, -0.5055383, 0.9708035, -0.06485088, -0.49908167, 0.2881092, -0.35521835, 0.046511028, 0.5948045, -0.6222195, -0.3807939, 0.8493847, 0.79428226, -0.6486377, -0.03606611, 0.49980962, -0.010559557, -0.5565972, -0.05408526, 0.71130866, 0.3367235, -0.67227703, 0.4607108, 0.74979705, -0.69469905, 0.9419869, -0.60286427, -0.7874664, 0.6967554, -0.5256414, 0.80596054, -0.7124805, -0.22301084, -0.8289649, -0.7131697, 0.61932254, -0.03890216, 0.31776834, -0.38778716, 0.10396497, -0.8548159, 0.8734611, 0.8331312, 0.79680765, 0.61466986, -0.96862054, -0.5552365, 0.1986254, -0.047396373, -0.12914102, 0.4682557, -0.55980706, 0.27833903, -0.7540273, -0.01475179, -0.85011613, -0.2152805, -0.08851374, 0.16864824, 0.2192507, -0.3410295, -0.36788353, -0.741033, -0.16182445, -0.63407284, 0.17462872, 0.6464821, 0.03406355, -0.29968312, 0.6928501, -0.28788614, -0.13516316, 0.24564394, -0.19497733, 0.37609008, 0.987975, 0.86365384, 0.3298238, 0.73255575, -0.98929465, -0.55817044, -0.8278816, -0.48871222, -0.76943886, -0.9485062, -0.63209474, 0.48033842, 0.129632, 0.66094905, -0.5537512, 0.45292282, -0.26148275, 0.8564906, -0.30968952, 0.43912, -0.37121806, 0.46395028, 0.6220081, -0.19411989, 0.89855397, 0.09411198, 0.30263218, -0.8112653, -0.31368577, -0.14770195, 0.30296504, 0.013143239, 0.79356223, -0.89474756, -0.64983, -0.5546235, 0.89205307, -0.46757397, -0.80746955, -0.924126, -0.35865226, -0.55139726, 0.13507497, 0.49053806, -0.7039395, -0.5088941, -0.19390395, -0.5935393, -0.23050465, -0.721358, 0.6649526, 0.2993269, -0.37635478, 0.9293152, 0.0295038, 0.13267441, -0.33117524, 0.7235887, 0.39925966, 0.8170608, -0.98880744, -0.4422422, -0.95911473, 0.50788677, 0.8467406, -0.11848844, -0.38121113, 0.61956173, -0.61503536, 0.0075205704, 0.6401627, -0.6911897, 0.86673117, 0.23067246, 0.033724472, 0.76071215, -0.2234867, 0.9116883, -0.4184834, 0.682947, 0.46947393, 0.6192309, 0.17543738, -0.75355417, -0.031995486, -0.22631902, 0.7809828, -0.29068232, -0.83303976, 0.8964998, 0.7184713, 0.42844072, 0.058485735, -0.76598, -0.37526867, 0.15401998, 0.17566907, 0.4515042, 0.47600803, -0.9057342, 0.45079663, -0.94658923, -0.859859, 0.40812588, 0.3477106, 0.4028379, -0.53676385, -0.5786553, 0.9394724, 0.7413633, -0.12556086, 0.04852864, 0.48777086, -0.7603966, 0.84260076, -0.5565061, 0.38434398, -0.58833027, -0.013232006, 0.44042057, -0.63077784, 0.15356587, 0.64490366, -0.9720584, -0.4245076, -0.9963496, 0.45975417, -0.8962683, -0.9695862, 0.3150994, -0.5059795, -0.28002802, 0.54387116, -0.0891978, -0.08075, -0.8742463, 0.33757114, 0.80210036, -0.34683216, -0.33614603, -0.87745976, -0.32433894, 0.96496034, -0.3268805, -0.008024417, -0.41669524, -0.54058695, 0.04416807, -0.22625391, -0.94324124, 0.6297373, 0.33742073, -0.19475725, -0.1713465, -0.22869232, 0.8814499, -0.24275729, 0.58260214, -0.43623012, -0.4575833, -0.9980511, -0.7035034, 0.52586603, 0.13186263, -0.75141364, -0.41933957, 0.53523886, -0.9225348, 0.4238601, -0.50490934, -0.7769706, -0.55855954, 0.05280378, -0.069072835, 0.3164936, 0.7192587, -0.8799084, 0.09167086, 0.85333794, -0.7293784, 0.5567792, 0.21132843, -0.1491555, -0.26552805, -0.18726262, 0.8236802, 0.39762872, -0.05032169, -0.6131394, -0.04496471, -0.875393, -0.47150186, 0.1417184, 0.46316662, 0.7741201, -0.4231413, 0.49725527, -0.91593695, 0.6782316, 0.6688176, 0.4357606, 0.5637292, 0.8825895, 0.3602198, 0.015362561, 0.35097942, -0.71857923, -0.32076088, 0.39289182, -0.14990497, 0.5400649, -0.58549535, -0.59041923, -0.34252986, -0.4285556, 0.102576174, -0.3541097, -0.24567631, -0.38139915, 0.84765, -0.026468804, 0.6076349, 0.3420447, 0.26025507, 0.054765593, 0.74634314, -0.010969152, 0.2929016, 0.27641132, -0.49060988, -0.1693059, -0.59641194, 0.8826666, 0.6730421, -0.26935533, -0.9927664, -0.6622508, -0.026331112, -0.80633855, 0.51599866, 0.104793265, -0.2070893, 0.3276418, 0.12579697, 0.58968157, 0.6318111, 0.8681504, 0.112818085, 0.7753514, 0.71416986, -0.29923186, 0.8037624, -0.25409442, 0.24484167, -0.19995935, 0.022426398, -0.1603021, -0.6043826, -0.5642393, -0.47004145, 0.010230253, -0.20939334, 0.48024675, 0.9243615, 0.36274362, 0.07406693, -0.37170798, -0.9663489, -0.25925332, 0.55844444, 0.7559879, 0.108209826, 0.098604605, -0.17615761, 0.6258936, -0.76580447, -0.42114216, -0.8244112, 0.005326461, 0.053697795, 0.38379443, 0.56264913, 0.28250638, 0.4502542, -0.6617306, -0.48705935, 0.78592086, 0.03532249, -0.9899143, 0.9421353, -0.8461798, -0.67988974, -0.7201666, -0.95383435, -0.060886953, -0.66229343, 0.55405754, 0.74138033, 0.5581916, -0.9294955, 0.16422242, 0.83531106, 0.81725264, -0.15139547, 0.14309105, -0.22563128, 0.5113735, 0.21735142, 0.1931893, -0.19427823, -0.6164551, 0.94831693, -0.55195606, 0.5693697]","[-7.0, 4.0, 4.0, -2.0, -1.0, 4.0, -1.0, 2.0, -2.0, -3.0, -2.0, -1.0, 4.0, -2.0, 4.0, -2.0, -2.0, -3.0, -7.0, -1.0, -8.0, -2.0, -2.0, -7.0, 5.0, 10.0, -7.0, -8.0, 3.0, -7.0, -14.0, 4.0, -2.0, 4.0, 5.0, 3.0, 4.0, -6.0, -7.0, -7.0, 0.0, 5.0, -1.0, -4.0, 1.0, 5.0, 3.0, -7.0, -3.0, -2.0, 5.0, 3.0, 5.0, -1.0, 1.0, 1.0, -1.0, -2.0, 0.0, 4.0, 3.0, 4.0, -2.0, 0.0, 3.0, 4.0, -7.0, -3.0, -2.0, 5.0, 5.0, 2.0, -1.0, 4.0, -6.0, 3.0, 4.0, -3.0, -1.0, 6.0, -2.0, -6.0, -1.0, -7.0, 6.0, 10.0, -1.0, -1.0, 0.0, 4.0, -1.0, 6.0, -1.0, 10.0, -2.0, 4.0, 4.0, -3.0, -6.0, -4.0, -1.0, -1.0, 1.0, -1.0, -8.0, 5.0, 1.0, 3.0, 5.0, -3.0, -2.0, -7.0, -7.0, -2.0, 4.0, -8.0, 5.0, -7.0, 5.0, -3.0, 5.0, 5.0, 0.0, 4.0, -2.0, 3.0, -1.0, 4.0, 3.0, -2.0, 5.0, -1.0, -4.0, -7.0, -2.0, -8.0, -1.0, -8.0, 3.0, 4.0, 4.0, 5.0, -2.0, 4.0, 5.0, 4.0, -8.0, 0.0, -7.0, 4.0, -10.0, 5.0, -3.0, 0.0, -2.0, -7.0, 4.0, 4.0, 4.0, -1.0, -3.0, 4.0, 5.0, 3.0, -13.0, -1.0, -7.0, 4.0, -9.0, -5.0, 3.0, -1.0, 5.0, 3.0, 1.0, -2.0, -2.0, -2.0, -3.0, 0.0, 3.0, -2.0, -2.0, -5.0, -2.0, -2.0, 5.0, -6.0, 2.0, 10.0, -3.0, -2.0, 4.0, -4.0, -2.0, 0.0, -2.0, -8.0, -2.0, -2.0, -8.0, -2.0, -2.0, 5.0, -1.0, 5.0, -1.0, -3.0, -1.0, -1.0, 5.0, 4.0, -2.0, 4.0, 1.0, -8.0, 4.0, 4.0, -2.0, -3.0, 4.0, -7.0, -3.0, -7.0, 8.0, 5.0, 4.0, -3.0, 0.0, 4.0, -7.0, 0.0, 5.0, -2.0, 0.0, 4.0, 4.0, 4.0, -1.0, 3.0, 1.0, -1.0, -6.0, 3.0, 2.0, 0.0, 4.0, -5.0, -2.0, 6.0, -2.0, -5.0, -2.0, -1.0, -2.0, -4.0, -1.0, -4.0, -2.0, -2.0, -2.0, 5.0, -7.0, -2.0, 4.0, -1.0, -7.0, 1.0, -7.0, 5.0, 4.0, -1.0, -1.0, -6.0, 6.0, -1.0, 5.0, -2.0, -4.0, -7.0, 4.0, -1.0, 0.0, -1.0, -1.0, 12.0, 0.0, -1.0, 4.0, 4.0, -1.0, -2.0, -8.0, -2.0, -2.0, -1.0, -7.0, -1.0, -3.0, -2.0, 4.0, 3.0, 4.0, -1.0, -1.0, 0.0, -3.0, 4.0, 0.0, -2.0, 3.0, 3.0, -6.0, -1.0, -2.0, 0.0, 1.0, -1.0, 5.0, 4.0, -1.0, -8.0, -1.0, 3.0, 6.0, 1.0, -7.0, 4.0, 5.0, 2.0, 0.0, 0.0, 4.0, 10.0, -2.0, -2.0, -8.0, -2.0, 4.0, 12.0, -1.0, 5.0, -4.0, -7.0, -7.0, 0.0, -1.0, -1.0, -2.0, -1.0, -3.0, -1.0, -1.0, 4.0, 5.0, 5.0, -2.0, -7.0, 3.0, -1.0, -7.0, -1.0, 4.0, -7.0, 6.0, -1.0, 4.0, 10.0, 4.0, -7.0, -1.0, 13.0, 4.0, 9.0, 0.0, 4.0, -3.0, 4.0, 5.0, 4.0, 4.0, 4.0, -2.0, 5.0, -1.0, 4.0, 3.0, 5.0, 5.0, 3.0, 0.0, 5.0, -2.0, 11.0, 5.0, 11.0, -2.0, -2.0, 5.0, 10.0, -3.0, 5.0, 10.0, -1.0, 3.0, -1.0, -7.0, 5.0, -2.0, 4.0, -2.0, 3.0, 3.0, 1.0, -8.0, -2.0, -10.0, 5.0, 0.0, -3.0, -8.0, 1.0, 8.0, -6.0, 6.0, 3.0, -7.0, -7.0, -2.0, -1.0, -1.0, -1.0, -2.0, -2.0, -2.0, -2.0, -14.0, -7.0, -1.0, -7.0, -1.0, -8.0, 4.0, -2.0, 5.0, -2.0, 5.0, -2.0, 5.0, 4.0, -1.0, -2.0, 4.0, 4.0, 5.0, 4.0, 3.0, -1.0, 4.0, 2.0, 4.0, -2.0, -2.0, -1.0, 9.0, -1.0, -1.0, -8.0, 0.0, 5.0, 2.0, 4.0, -1.0, 5.0, -1.0, 5.0, -8.0, -1.0, -2.0, -1.0, -2.0, -2.0, -10.0, 5.0, -5.0, -1.0, 5.0, 11.0, -1.0, 0.0, -5.0, -2.0, -2.0, 2.0, -2.0, -2.0, -2.0, -8.0, 0.0, -2.0, -7.0, 4.0, -7.0, -1.0, -3.0, -5.0, 4.0, 2.0, -1.0, -2.0, 4.0, 5.0, -4.0, 4.0, -1.0, -1.0, -1.0, 3.0, 9.0, -7.0, 4.0, -2.0, -3.0, -2.0, -2.0, 5.0, 4.0, 4.0, -5.0, -1.0, -1.0, 3.0, -3.0, -1.0, -7.0, 0.0, -1.0, 4.0, 3.0, -5.0, 5.0, 4.0, -1.0, -1.0, 4.0, -3.0, -1.0, -1.0, -2.0, -2.0, 5.0, 5.0, -2.0, 1.0, -7.0, 5.0, 4.0, -2.0, -1.0, 3.0, -1.0, -7.0, -5.0, -2.0, -1.0, -1.0, 5.0, -1.0, 0.0, 4.0, -3.0, -7.0, -2.0, -1.0, -1.0, -2.0, 3.0, -3.0, -2.0, 1.0, 1.0, -3.0, 0.0, -1.0, -8.0, 4.0, 3.0, 1.0, -1.0, -2.0, -7.0, -2.0, -1.0, 3.0, -1.0, -1.0, 5.0, -3.0, 4.0, 0.0, -2.0, -7.0, -7.0, 3.0, 5.0, -1.0, 11.0, 4.0, -1.0, 4.0, -2.0, 0.0, 10.0, 0.0, -7.0, -2.0, -8.0, -2.0, 7.0, -1.0, -1.0, 4.0, 6.0, 5.0, 4.0, 2.0, -1.0, -2.0, 10.0, -4.0, -1.0, -2.0, 4.0, -1.0, -1.0, 0.0, 5.0, -1.0, 2.0, -1.0, -2.0, -1.0, -6.0, 2.0, -1.0, -2.0, 1.0, -2.0, 3.0, -2.0, -2.0, 6.0, -2.0, -2.0, 1.0, -2.0, -2.0, -6.0, 4.0, 1.0, 5.0, -3.0, -3.0, 5.0, 4.0, -6.0, -2.0, -1.0, -1.0, 0.0, -1.0, -3.0, 3.0, 3.0, 1.0, 0.0, 5.0, 1.0, -1.0, -1.0, -2.0, -1.0, 5.0, -3.0, 5.0, -1.0, -12.0, -2.0, -1.0, -1.0, -5.0, -7.0, -1.0, -2.0, -3.0, 6.0, 8.0, -3.0, 0.0, 4.0, 3.0, 5.0, -1.0, 3.0, 4.0, -1.0, 4.0, -1.0, 5.0, -15.0, -7.0, -1.0, -2.0, 1.0, -7.0, 5.0, -1.0, 1.0, -2.0, 6.0, 0.0, -4.0, -1.0, -2.0, 2.0, -2.0, 0.0, -6.0, -8.0, -2.0, 4.0, 4.0, -2.0, 1.0, 1.0, -5.0, 4.0, -1.0, -3.0, 10.0, -2.0, 5.0, 3.0, -1.0, 3.0, 5.0, 4.0, -2.0, -3.0, 4.0, 4.0, -1.0, 3.0, 10.0, -1.0, 2.0, -2.0, 4.0, -2.0, 5.0, -6.0, 5.0, -1.0, -5.0, 4.0, 0.0, 5.0, 0.0, -2.0, -2.0, -8.0, -2.0, -1.0, 5.0, -1.0, 5.0, -2.0, -1.0, -2.0, -2.0, -2.0, -2.0, 10.0, 4.0, 3.0, 3.0, 4.0, 10.0, 4.0, 4.0, -2.0, 0.0, -2.0, -13.0, 4.0, -1.0, 9.0, -2.0, 4.0, 3.0, 4.0, -1.0, -2.0, 5.0, -3.0, -7.0, -2.0, -2.0, -2.0, -7.0, -1.0, -2.0, 0.0, 10.0, 9.0, -1.0, 4.0, -2.0, -2.0, -7.0, 5.0, 11.0, 4.0, 5.0, -1.0, -8.0, 4.0, -2.0, -5.0, 4.0, -1.0, -7.0, -1.0, 4.0, 0.0, -1.0, -1.0, -8.0, -2.0, -1.0, 5.0, 4.0, -9.0, -4.0, -1.0, -14.0, 2.0, -12.0, -2.0, -7.0, 6.0, -1.0, 5.0, -8.0, -7.0, -1.0, -2.0, -4.0, 3.0, -2.0, -7.0, 0.0, 4.0, 5.0, 5.0, 9.0, 5.0, 2.0, -2.0, -1.0, 7.0, -1.0, 3.0, -1.0, 4.0, 4.0, -1.0, -2.0, 5.0, 4.0, -2.0, -2.0, -1.0, 4.0, -1.0, 0.0, -4.0, 3.0, -8.0, 4.0, -5.0, -1.0, -7.0, -2.0, -7.0, -1.0, 3.0, 5.0, -2.0, 5.0, -9.0, 5.0, -2.0, 0.0, -1.0, -5.0, -1.0, -1.0, -14.0, 0.0, 5.0, 11.0, -2.0, 5.0, 5.0, 4.0, 4.0, -1.0, -1.0, 4.0, -2.0, -1.0, -5.0, 4.0, 5.0, 4.0, 2.0, -7.0, -2.0, -2.0, 5.0, 6.0, -1.0, 4.0, 0.0, 5.0, 5.0, -7.0, -6.0, 6.0, 3.0, -7.0, -7.0, -3.0, -7.0, -1.0, 5.0, -6.0, -13.0, 10.0, -1.0, 6.0, 10.0, -1.0, 3.0, -2.0, 0.0, 1.0, -2.0, -3.0, -2.0, 5.0, 5.0, -3.0, -2.0, -6.0, 15.0, 5.0, 3.0, -4.0, 5.0, 0.0, -1.0, 5.0, -2.0, 4.0, -1.0, 5.0, 4.0, -1.0, 4.0, -1.0, 11.0, -2.0, -8.0, -1.0, 8.0, 5.0, 9.0, 2.0, -6.0, 4.0, 3.0, -8.0, -1.0, 11.0, -2.0, -2.0, -20.0, -2.0]",8.191414266461646,0.0034618377685546,0.0,0.0,0
49,49,"[0.6337332, 0.41342637, -0.2704855, -0.47231597, -0.092008345, -0.27989286, -0.66491026, -0.5146322, -0.56208825, 0.06695649, 0.6970134, -0.016387964, 0.4800722, 0.705694, 0.39798576, -0.6068945, -0.73802197, -0.7844955, -0.2976327, -0.37315956, 0.72670615, -0.6053746, 0.41171324, -0.3819956, 0.6056039, 0.8216773, -0.56268966, 0.82271636, -0.46505603, -0.41026622, 0.93262297, -0.10923502, 0.50906795, -0.13588257, 0.3687268, -0.18084031, 0.7868477, -0.18879752, 0.20578583, 0.3530491, -0.14962077, 0.062473327, 0.7851256, -0.56318194, -0.570714, -0.08351201, 0.29481998, 0.5764259, -0.72157663, -0.37759763, -0.8927858, -0.5628066, -0.15658888, 0.7270309, -0.2952835, -0.6887146, 0.92426836, -0.6049592, 0.9834175, 0.25232902, -0.111117475, 0.072434574, 0.35655284, -0.872525, 0.30213296, -0.37818396, 0.99990445, -0.96808594, 0.6742476, 0.11880692, 0.46115473, -0.55354273, 0.74374676, 0.31983933, 0.8959362, -0.33856207, 0.055538874, 0.586559, 0.6260785, 0.86382735, 0.96139413, 0.15371166, -0.6984805, 0.35665762, -0.8845864, -0.97711605, -0.0985723, 0.38486135, -0.24458137, 0.05117888, 0.8231744, -0.16668785, -0.93491083, 0.8353789, -0.22601311, 0.6484525, -0.8590639, -0.80756134, 0.9077691, 0.89085406, -0.2702056, -0.2535457, 0.1309618, -0.24715129, -0.67496425, -0.75055945, 0.061247, -0.90269923, 0.117838316, -0.82603735, -0.04708132, 0.09149576, 0.4231615, -0.5501325, -0.04844228, 0.47153556, 0.4447236, -0.5664997, -0.819149, -0.6334016, 0.77067786, 0.5617362, -0.11586959, -0.25012097, 0.924346, 0.24125774, 0.14943282, 0.9144504, 0.31282905, 0.8010705, 0.5776886, -0.22323526, -0.56719637, 0.6419297, -0.19096456, 0.58183175, -0.7518961, -0.62853116, 0.8616668, -0.5094362, -0.111274555, -0.2429955, -0.78578335, 0.036349677, 0.51434785, 0.16030823, 0.6244339, 0.18488975, 0.46269578, -0.29679433, 0.21435085, 0.69698364, -0.32987258, -0.8169529, 0.68759406, -0.4539135, -0.20028456, -0.9924798, -0.9422205, 0.29081917, -0.33999917, -0.5039726, 0.008269387, -0.5826965, 0.43213406, -0.8662934, -0.3458348, 0.44735664, 0.74792683, 0.5198176, -0.5586625, 0.56381273, 0.47281823, 0.15151154, 0.692206, 0.5264778, 0.98630756, -0.61723536, 0.78826183, 0.30424052, 0.1492607, 0.17266075, 0.93840015, -0.08246526, 0.3660398, -0.13647436, 0.8565404, -0.23991683, -0.86769503, -0.060150415, -0.70562065, -0.15997103, -0.11471047, -0.37824586, 0.8099322, 0.55522645, 0.36084762, -0.60629755, -0.9642062, 0.20746867, 0.6421561, -0.14092848, 0.7109581, 0.8578904, -0.92944396, -0.28392455, 0.0006091331, 0.949836, 0.28495324, -0.5341745, -0.5912834, -0.8857356, 0.8409922, -0.9723064, -0.039487932, -0.13683176, 0.671423, -0.4732907, 0.040596556, 0.24306561, -0.43896103, -0.8147144, -0.47423688, -0.41766652, -0.10348487, 0.44172734, -0.30892202, 0.5649186, 0.4535925, -0.9208537, 0.8375571, -0.2943162, 0.86210984, 0.30166796, 0.40724507, -0.435556, -0.49955842, 0.6044019, -0.68495524, -0.14244655, -0.76634693, 0.6201153, -0.48898757, -0.3410937, 0.87845576, 0.24607676, -0.5712693, -0.60935014, 0.7824459, 0.9131922, 0.63286024, 0.15233245, -0.9988576, -0.34571534, 0.12328127, -0.8781455, -0.40313277, -0.22156787, 0.9157127, -0.68267393, -0.5755779, 0.94642264, 0.36756623, 0.07267054, 0.6868822, 0.41828072, -0.07764006, 0.18181874, 0.86368316, -0.49916768, -0.4634403, -0.4373872, 0.09052914, -0.5202313, -0.65559417, -0.26968524, 0.61800575, -0.84203255, 0.16171044, -0.1610013, 0.77018064, 0.98002, -0.685795, -0.9881797, 0.113596365, 0.85278004, -0.018890414, 0.47309518, -0.6475335, -0.3253067, -0.29976428, -0.5729013, -0.04374876, -0.6077151, 0.91387594, 0.91662526, 0.45904377, -0.69860643, 0.34475327, 0.31597775, -0.34670374, 0.21319862, -0.5369403, -0.8068068, 0.83712393, -0.25397032, -0.55063206, -0.3891214, -0.9821398, 0.09724962, -0.5586223, 0.415025, 0.78528064, 0.8286352, -0.6216843, 0.20004997, -0.10461931, 0.5564407, 0.100791186, -0.51536083, 0.04005978, 0.45853212, 0.55537397, -0.22791088, 0.15907584, -0.6673488, -0.504492, 0.3519505, 0.16871, 0.689091, 0.93023586, 0.526257, -0.022806851, 0.3992063, -0.16518223, -0.08745752, -0.6871748, 0.39251179, 0.78432405, 0.38272083, -0.11602049, -0.72183836, 0.06506081, 0.9948545, 0.26204103, -0.41670045, 0.018661492, 0.97650635, -0.57078165, -0.2282855, -0.059591707, 0.245929, 0.5324035, -0.30185142, -0.67971206, -0.6191246, 0.9058743, 0.016464142, 0.12360288, -0.7985113, -0.24599202, -0.40713388, -0.01087437, -0.43992653, 0.0017673644, 0.53463244, 0.4332105, -0.5702553, -0.28081557, -0.08030015, -0.7392033, 0.4103637, 0.9999463, 0.7742713, -0.6186192, -0.09156121, -0.21663977, -0.5255233, 0.056108892, -0.0397284, 0.15307572, 0.7772406, -0.7778046, 0.30919033, 0.42332798, -0.6088946, -0.42036715, 0.7393165, -0.6626347, 0.92852247, -0.5461055, 0.30057144, 0.68934023, -0.7406404, 0.9182686, -0.3108523, -0.22007982, 0.1796417, -0.9321655, 0.035095748, 0.8200338, -0.9736081, 0.2217513, -0.3998137, -0.25944248, 0.7741927, -0.32223704, 0.5445743, -0.86540097, -0.50706625, -0.59565955, 0.8866133, -0.57079, -0.19896531, 0.47842267, 0.70533216, 0.63244075, 0.97786856, 0.35611975, -0.5870745, -0.24590087, 0.762121, 0.89961845, 0.0014678304, -0.41413385, 0.46731156, 0.4039825, 0.29146954, -0.3985828, -0.6286976, -0.20951243, -0.82825005, -0.9136677, 0.31974685, -0.12151463, -0.042828478, -0.6495547, 0.88245815, 0.42916197, -0.7170784, 0.71250564, -0.12938984, -0.5004726, -0.07492679, 0.073351905, 0.29220796, 0.9546396, -0.14451727, 0.6464122, 0.29456854, 0.061733775, 0.793045, 0.2566619, -0.3715444, 0.78832346, 0.013782959, 0.10032068, 0.93346393, -0.57021403, -0.99576056, 0.82217526, 0.24921697, -0.564244, 0.4382909, -0.31926388, -0.6644813, 0.43238217, 0.3541638, -0.60096085, -0.22064972, 0.82608956, 0.8790666, 0.4892843, 0.07613471, -0.63730615, 0.5721645, -0.09663815, 0.9544759, -0.8153788, 0.15838078, 0.9881682, 0.32917973, 0.93964326, -0.41048852, 0.6023098, -0.6235824, -0.69080883, 0.23708543, -0.4626653, 0.31228703, -0.72787285, 0.67359036, -0.6371289, -0.10309726, -0.017440991, 0.779795, -0.9513744, 0.9281783, 0.5176676, -0.21023862, -0.5266628, -0.56857073, 0.40279752, 0.8715655, -0.6248168, -0.025033867, -0.14231244, -0.21553183, 0.718475, -0.11305636, 0.7678313, -0.6500468, 0.7398738, -0.26046196, -0.6091187, 0.9612334, 0.82793754, 0.75414544, -0.8978188, 0.09677238, 0.29812932, -0.402274, 0.6543883, -0.24707864, -0.87848955, -0.75397515, -0.59482723, 0.5639626, -0.42351007, -0.34329888, -0.17400159, -0.512125, -0.1716814, -0.3465421, 0.39877507, 0.86684334, -0.43565893, 0.6415225, 0.76035416, -0.14065708, -0.5385258, -0.42031464, 0.9407261, -0.28921074, 0.3623259, -0.6938627, -0.48208648, -0.8611701, -0.69515526, -0.36003935, -0.9154038, -0.0049571036, 0.3973355, 0.13817257, -0.254221, -0.6972345, -0.40020946, -0.7223078, 0.3134446, 0.7919379, -0.5029493, 0.7276954, 0.30161592, 0.69905406, -0.82932216, -0.21828203, 0.22758158, -0.5073286, -0.1710774, -0.5869116, -0.048386645, -0.6745107, -0.59263533, 0.939708, 0.44649744, 0.320345, -0.92809105, -0.04115922, 0.5748811, -0.23916748, 0.9774448, 0.04065542, -0.86041623, -0.28077877, 0.50074464, -0.25362825, -0.24455395, -0.3657872, 0.0091396915, 0.7886607, 0.8325808, 0.20047662, -0.047292627, 0.7269003, 0.8888286, 0.46874323, -0.1235061, -0.33596835, -0.7613977, -0.61666864, 0.2650485, 0.70598173, 0.904297, -0.39559916, -0.9322884, -0.21167156, -0.40423757, -0.15311298, -0.35064337, 0.1685715, 0.2607945, -0.62836343, 0.37910354, -0.4528435, 0.42710403, -0.6031108, -0.2527135, 0.07758415, -0.37783882, -0.7138952, 0.5990228, -0.6594389, 0.414971, -0.82134324, 0.8747906, -0.050301567, -0.46422958, -0.7023173, -0.89291215, -0.11718081, -0.61661285, -0.64011836, 0.9186143, -0.8782701, -0.2448272, -0.08253432, -0.9210363, -0.0076163434, -0.005066861, 0.2842777, -0.7283871, 0.57675683, 0.0037321094, -0.08910194, -0.82295585, -0.56953484, 0.036132667, -0.022726258, -0.20647787, 0.7673896, 0.3464653, 0.0837651, 0.6001228, -0.57480514, -0.7171927, 0.2921372, -0.2107748, -0.7200504, -0.10425181, -0.7513743, -0.37604347, -0.054422192, 0.23793101, -0.042924967, 0.3450312, -0.56750447, -0.4044126, 0.9972468, 0.55520815, 0.4111177, 0.4270994, -0.5846047, -0.5081919, -0.9598504, -0.15949912, -0.24594909, 0.5990724, 0.65155, -0.7792402, 0.057788335, -0.9316998, -0.20651, 0.5920146, 0.07363649, -0.94355816, 0.40682048, 0.92801857, 0.8093423, 0.757665, -0.7831371, 0.9676222, -0.91137844, 0.5449292, 0.11873195, -0.0037171722, -0.44962662, 0.28891912, 0.91793144, 0.46051487, 0.81472695, 0.7067881, 0.35395604, 0.31040445, 0.7749975, 0.45315275, 0.22507088, -0.2782106, 0.9725723, 0.97788167, 0.8946786, 0.20737286, -0.78389883, -0.7352373, -0.48694703, 0.7337335, -0.3513455, -0.9550154, -0.52055216, -0.8507436, -0.6858045, -0.42038688, 0.36517116, -0.8581893, -0.06954466, -0.34166542, 0.16709745, 0.5069743, 0.5734896, 0.436388, -0.5810461, -0.31883827, -0.51601046, 0.9361579, 0.20003808, 0.7982664, 0.08907918, -0.40429667, 0.02316856, 0.063230254, 0.22285001, -0.8532777, 0.11116799, -0.6827497, 0.88377166, -0.068853766, -0.46393257, 0.5775078, 0.6288662, 0.32551757, -0.75616795, 0.22929363, -0.38982096, 0.7238713, -0.94155043, 0.8018699, 0.8680895, 0.054162506, 0.42627457, 0.8728731, -0.8313704, -0.11747412, 0.8833109, -0.035693996, 0.562615, -0.008949718, -0.28874254, -0.30987814, 0.5830042, -0.18385981, 0.7965991, -0.83364207, -0.36985907, -0.79004115, 0.9956631, 0.5511688, 0.8426053, 0.31732193, 0.37809506, -0.53639746, -0.60344505, -0.1416689, -0.28252497, 0.07556445, -0.926412, -0.072607785, 0.11116812, -0.5749113, -0.38831115, -0.18131356, 0.25481206, -0.2909836, -0.7810717, -0.13895153, -0.02737585, 0.41284838, -0.9262807, 0.17813386, -0.40285873, -0.43261665, -0.6853836, 0.1933074, 0.67882967, 0.86207646, -0.97525823, -0.01013538, 0.7856728, 0.5564481, -0.6887862, 0.35643598, -0.3917339, -0.3640005, -0.9749585, 0.98497796, 0.22737963, 0.08722209, 0.5389689, -0.33703429, 0.4847009, 0.36818296, 0.7297708, -0.52934694, -0.53148144, 0.08469691, -0.40113938, 0.29605913, -0.6895557, -0.4402534, 0.04012007, -0.11488359, -0.21934173, 0.9571423, -0.09144374, 0.192629, 0.1406998, 0.8519272, 0.48431432, 0.9652885, -0.19862215, -0.25155613, 0.61028135, 0.8432999, 0.32293797, -0.5121234, 0.8767973, 0.37053797, -0.68326896, -0.6244544, 0.47322437, 0.7762923, 0.42663592, 0.3198026, 0.38535154, -0.8399736, -0.38201436, -0.6346551, -0.4354261, 0.65230876, -0.3534636, 0.32489836, -0.95516676, -0.7979654, -0.8705789, 0.9887606, 0.51117796, 0.6639322, -0.79594207, 0.051235676, 0.21122131, -0.5332158, -0.295163, 0.82108647, -0.9407921, -0.6044784, -0.26462695, 0.4656561, -0.06267816, -0.4952057, -0.7637952, -0.37797982, -0.4005221, 0.20820898, -0.7226319, 0.29483935, 0.6735685, 0.8328191, 0.0793639, 0.80197227, -0.57595277, -0.4723533, 0.17437689, -0.9661681, -0.5227328, -0.019172037, 0.022870421, 0.277122, -0.17144932, -0.43176553, 0.5989605, 0.14953454, -0.7167769, -0.24302356, 0.23686357, -0.8330313, 0.79624134, -0.8094522, 0.70975727, 0.6247031, 0.18000655, 0.7339968, -0.4987205, 0.2657523, 0.29510197, -0.8295099, 0.47354358, -0.924088, -0.06903574, -0.3618171, 0.14044629, 0.990683, -0.62954223, 0.39712134, 0.3974745, 0.62096274, -0.84225494, 0.91180474, 0.011713348, -0.92252713, -0.9524682, -0.6904938, 0.29891595, 0.04755526, 0.95035464, -0.9423953, 0.18832956, -0.35678408, -0.84371054, 0.6258376, -0.649735, 0.18875946, -0.8409929, 0.5322805, 0.73735094, -0.86859167, 0.2728664, 0.5665955, 0.20162198, -0.010294839, 0.069065064, -0.752539, -0.9378239, -0.9142832, -0.8670109, -0.5060948, 0.07141875, -0.049684655, -0.66540194, -0.061125465, -0.9131072, -0.45122442, 0.61866635, -0.15520215, 0.9768815, -0.9988632, 0.603498, -0.84052336, -0.8502132, 0.52466846, -0.77706265, 0.5381828, 0.660515, 0.31730613, 0.32066473, 0.5267584, -0.3754809, -0.31765974, 0.7208698, -0.21839753, 0.07333907, -0.44282106, 0.31078237, 0.053245388, 0.44505057, 0.006983583, 0.7090998, -0.102575175, -0.9663061, -0.45048046, -0.5009165, 0.3165936, -0.6527516, 0.13509353, -0.55121917, -0.35321474, 0.3094617, 0.8500527, 0.70554966, 0.0740349, -0.9974675, -0.8184632, -0.27334642]","[-7.0, 4.0, 4.0, -2.0, -1.0, 4.0, -1.0, 2.0, -2.0, -3.0, -2.0, -1.0, 4.0, -2.0, 4.0, -2.0, -2.0, -3.0, -7.0, -1.0, -8.0, -2.0, -2.0, -7.0, 5.0, 10.0, -7.0, -8.0, 3.0, -7.0, -14.0, 4.0, -2.0, 4.0, 5.0, 3.0, 4.0, -6.0, -7.0, -7.0, 0.0, 5.0, -1.0, -4.0, 1.0, 5.0, 3.0, -7.0, -3.0, -2.0, 5.0, 3.0, 5.0, -1.0, 1.0, 1.0, -1.0, -2.0, 0.0, 4.0, 3.0, 4.0, -2.0, 0.0, 3.0, 4.0, -7.0, -3.0, -2.0, 5.0, 5.0, 2.0, -1.0, 4.0, -6.0, 3.0, 4.0, -3.0, -1.0, 6.0, -2.0, -6.0, -1.0, -7.0, 6.0, 10.0, -1.0, -1.0, 0.0, 4.0, -1.0, 6.0, -1.0, 10.0, -2.0, 4.0, 4.0, -3.0, -6.0, -4.0, -1.0, -1.0, 1.0, -1.0, -8.0, 5.0, 1.0, 3.0, 5.0, -3.0, -2.0, -7.0, -7.0, -2.0, 4.0, -8.0, 5.0, -7.0, 5.0, -3.0, 5.0, 5.0, 0.0, 4.0, -2.0, 3.0, -1.0, 4.0, 3.0, -2.0, 5.0, -1.0, -4.0, -7.0, -2.0, -8.0, -1.0, -8.0, 3.0, 4.0, 4.0, 5.0, -2.0, 4.0, 5.0, 4.0, -8.0, 0.0, -7.0, 4.0, -10.0, 5.0, -3.0, 0.0, -2.0, -7.0, 4.0, 4.0, 4.0, -1.0, -3.0, 4.0, 5.0, 3.0, -13.0, -1.0, -7.0, 4.0, -9.0, -5.0, 3.0, -1.0, 5.0, 3.0, 1.0, -2.0, -2.0, -2.0, -3.0, 0.0, 3.0, -2.0, -2.0, -5.0, -2.0, -2.0, 5.0, -6.0, 2.0, 10.0, -3.0, -2.0, 4.0, -4.0, -2.0, 0.0, -2.0, -8.0, -2.0, -2.0, -8.0, -2.0, -2.0, 5.0, -1.0, 5.0, -1.0, -3.0, -1.0, -1.0, 5.0, 4.0, -2.0, 4.0, 1.0, -8.0, 4.0, 4.0, -2.0, -3.0, 4.0, -7.0, -3.0, -7.0, 8.0, 5.0, 4.0, -3.0, 0.0, 4.0, -7.0, 0.0, 5.0, -2.0, 0.0, 4.0, 4.0, 4.0, -1.0, 3.0, 1.0, -1.0, -6.0, 3.0, 2.0, 0.0, 4.0, -5.0, -2.0, 6.0, -2.0, -5.0, -2.0, -1.0, -2.0, -4.0, -1.0, -4.0, -2.0, -2.0, -2.0, 5.0, -7.0, -2.0, 4.0, -1.0, -7.0, 1.0, -7.0, 5.0, 4.0, -1.0, -1.0, -6.0, 6.0, -1.0, 5.0, -2.0, -4.0, -7.0, 4.0, -1.0, 0.0, -1.0, -1.0, 12.0, 0.0, -1.0, 4.0, 4.0, -1.0, -2.0, -8.0, -2.0, -2.0, -1.0, -7.0, -1.0, -3.0, -2.0, 4.0, 3.0, 4.0, -1.0, -1.0, 0.0, -3.0, 4.0, 0.0, -2.0, 3.0, 3.0, -6.0, -1.0, -2.0, 0.0, 1.0, -1.0, 5.0, 4.0, -1.0, -8.0, -1.0, 3.0, 6.0, 1.0, -7.0, 4.0, 5.0, 2.0, 0.0, 0.0, 4.0, 10.0, -2.0, -2.0, -8.0, -2.0, 4.0, 12.0, -1.0, 5.0, -4.0, -7.0, -7.0, 0.0, -1.0, -1.0, -2.0, -1.0, -3.0, -1.0, -1.0, 4.0, 5.0, 5.0, -2.0, -7.0, 3.0, -1.0, -7.0, -1.0, 4.0, -7.0, 6.0, -1.0, 4.0, 10.0, 4.0, -7.0, -1.0, 13.0, 4.0, 9.0, 0.0, 4.0, -3.0, 4.0, 5.0, 4.0, 4.0, 4.0, -2.0, 5.0, -1.0, 4.0, 3.0, 5.0, 5.0, 3.0, 0.0, 5.0, -2.0, 11.0, 5.0, 11.0, -2.0, -2.0, 5.0, 10.0, -3.0, 5.0, 10.0, -1.0, 3.0, -1.0, -7.0, 5.0, -2.0, 4.0, -2.0, 3.0, 3.0, 1.0, -8.0, -2.0, -10.0, 5.0, 0.0, -3.0, -8.0, 1.0, 8.0, -6.0, 6.0, 3.0, -7.0, -7.0, -2.0, -1.0, -1.0, -1.0, -2.0, -2.0, -2.0, -2.0, -14.0, -7.0, -1.0, -7.0, -1.0, -8.0, 4.0, -2.0, 5.0, -2.0, 5.0, -2.0, 5.0, 4.0, -1.0, -2.0, 4.0, 4.0, 5.0, 4.0, 3.0, -1.0, 4.0, 2.0, 4.0, -2.0, -2.0, -1.0, 9.0, -1.0, -1.0, -8.0, 0.0, 5.0, 2.0, 4.0, -1.0, 5.0, -1.0, 5.0, -8.0, -1.0, -2.0, -1.0, -2.0, -2.0, -10.0, 5.0, -5.0, -1.0, 5.0, 11.0, -1.0, 0.0, -5.0, -2.0, -2.0, 2.0, -2.0, -2.0, -2.0, -8.0, 0.0, -2.0, -7.0, 4.0, -7.0, -1.0, -3.0, -5.0, 4.0, 2.0, -1.0, -2.0, 4.0, 5.0, -4.0, 4.0, -1.0, -1.0, -1.0, 3.0, 9.0, -7.0, 4.0, -2.0, -3.0, -2.0, -2.0, 5.0, 4.0, 4.0, -5.0, -1.0, -1.0, 3.0, -3.0, -1.0, -7.0, 0.0, -1.0, 4.0, 3.0, -5.0, 5.0, 4.0, -1.0, -1.0, 4.0, -3.0, -1.0, -1.0, -2.0, -2.0, 5.0, 5.0, -2.0, 1.0, -7.0, 5.0, 4.0, -2.0, -1.0, 3.0, -1.0, -7.0, -5.0, -2.0, -1.0, -1.0, 5.0, -1.0, 0.0, 4.0, -3.0, -7.0, -2.0, -1.0, -1.0, -2.0, 3.0, -3.0, -2.0, 1.0, 1.0, -3.0, 0.0, -1.0, -8.0, 4.0, 3.0, 1.0, -1.0, -2.0, -7.0, -2.0, -1.0, 3.0, -1.0, -1.0, 5.0, -3.0, 4.0, 0.0, -2.0, -7.0, -7.0, 3.0, 5.0, -1.0, 11.0, 4.0, -1.0, 4.0, -2.0, 0.0, 10.0, 0.0, -7.0, -2.0, -8.0, -2.0, 7.0, -1.0, -1.0, 4.0, 6.0, 5.0, 4.0, 2.0, -1.0, -2.0, 10.0, -4.0, -1.0, -2.0, 4.0, -1.0, -1.0, 0.0, 5.0, -1.0, 2.0, -1.0, -2.0, -1.0, -6.0, 2.0, -1.0, -2.0, 1.0, -2.0, 3.0, -2.0, -2.0, 6.0, -2.0, -2.0, 1.0, -2.0, -2.0, -6.0, 4.0, 1.0, 5.0, -3.0, -3.0, 5.0, 4.0, -6.0, -2.0, -1.0, -1.0, 0.0, -1.0, -3.0, 3.0, 3.0, 1.0, 0.0, 5.0, 1.0, -1.0, -1.0, -2.0, -1.0, 5.0, -3.0, 5.0, -1.0, -12.0, -2.0, -1.0, -1.0, -5.0, -7.0, -1.0, -2.0, -3.0, 6.0, 8.0, -3.0, 0.0, 4.0, 3.0, 5.0, -1.0, 3.0, 4.0, -1.0, 4.0, -1.0, 5.0, -15.0, -7.0, -1.0, -2.0, 1.0, -7.0, 5.0, -1.0, 1.0, -2.0, 6.0, 0.0, -4.0, -1.0, -2.0, 2.0, -2.0, 0.0, -6.0, -8.0, -2.0, 4.0, 4.0, -2.0, 1.0, 1.0, -5.0, 4.0, -1.0, -3.0, 10.0, -2.0, 5.0, 3.0, -1.0, 3.0, 5.0, 4.0, -2.0, -3.0, 4.0, 4.0, -1.0, 3.0, 10.0, -1.0, 2.0, -2.0, 4.0, -2.0, 5.0, -6.0, 5.0, -1.0, -5.0, 4.0, 0.0, 5.0, 0.0, -2.0, -2.0, -8.0, -2.0, -1.0, 5.0, -1.0, 5.0, -2.0, -1.0, -2.0, -2.0, -2.0, -2.0, 10.0, 4.0, 3.0, 3.0, 4.0, 10.0, 4.0, 4.0, -2.0, 0.0, -2.0, -13.0, 4.0, -1.0, 9.0, -2.0, 4.0, 3.0, 4.0, -1.0, -2.0, 5.0, -3.0, -7.0, -2.0, -2.0, -2.0, -7.0, -1.0, -2.0, 0.0, 10.0, 9.0, -1.0, 4.0, -2.0, -2.0, -7.0, 5.0, 11.0, 4.0, 5.0, -1.0, -8.0, 4.0, -2.0, -5.0, 4.0, -1.0, -7.0, -1.0, 4.0, 0.0, -1.0, -1.0, -8.0, -2.0, -1.0, 5.0, 4.0, -9.0, -4.0, -1.0, -14.0, 2.0, -12.0, -2.0, -7.0, 6.0, -1.0, 5.0, -8.0, -7.0, -1.0, -2.0, -4.0, 3.0, -2.0, -7.0, 0.0, 4.0, 5.0, 5.0, 9.0, 5.0, 2.0, -2.0, -1.0, 7.0, -1.0, 3.0, -1.0, 4.0, 4.0, -1.0, -2.0, 5.0, 4.0, -2.0, -2.0, -1.0, 4.0, -1.0, 0.0, -4.0, 3.0, -8.0, 4.0, -5.0, -1.0, -7.0, -2.0, -7.0, -1.0, 3.0, 5.0, -2.0, 5.0, -9.0, 5.0, -2.0, 0.0, -1.0, -5.0, -1.0, -1.0, -14.0, 0.0, 5.0, 11.0, -2.0, 5.0, 5.0, 4.0, 4.0, -1.0, -1.0, 4.0, -2.0, -1.0, -5.0, 4.0, 5.0, 4.0, 2.0, -7.0, -2.0, -2.0, 5.0, 6.0, -1.0, 4.0, 0.0, 5.0, 5.0, -7.0, -6.0, 6.0, 3.0, -7.0, -7.0, -3.0, -7.0, -1.0, 5.0, -6.0, -13.0, 10.0, -1.0, 6.0, 10.0, -1.0, 3.0, -2.0, 0.0, 1.0, -2.0, -3.0, -2.0, 5.0, 5.0, -3.0, -2.0, -6.0, 15.0, 5.0, 3.0, -4.0, 5.0, 0.0, -1.0, 5.0, -2.0, 4.0, -1.0, 5.0, 4.0, -1.0, 4.0, -1.0, 11.0, -2.0, -8.0, -1.0, 8.0, 5.0, 9.0, 2.0, -6.0, 4.0, 3.0, -8.0, -1.0, 11.0, -2.0, -2.0, -20.0, -2.0]",8.191414266461646,0.0033843517303466,0.0,0.0,0
50,50,"[0.8374071, -0.0046406523, -0.31384212, 0.8039444, -0.6362432, -0.7961494, 0.5105316, 0.10803418, 0.8851999, -0.40230465, 0.6561785, 0.37410522, 0.9975345, 0.99561244, -0.21361995, -0.90035, -0.573198, -0.19786313, -0.49333888, -0.4011677, -0.08000736, -0.31266326, -0.20118806, 0.53586596, 0.7888923, -0.5843953, -0.6480033, -0.34622493, 0.50651103, 0.5561079, 0.25476605, -0.22589612, 0.5797032, -0.33147576, 0.8286542, 0.7397957, 0.8206304, 0.11862316, -0.014963309, 0.34005126, 0.60097617, 0.85324675, -0.38356048, 0.08330549, -0.7103699, -0.21097806, -0.87198645, 0.4728726, 0.046552245, -0.44671607, 0.89703864, 0.100890234, -0.48123372, 0.018714482, -0.7330546, 0.2819376, 0.2822201, -0.46184117, -0.8095217, 0.51233226, -0.34095186, 0.8157545, 0.24124038, 0.8442968, -0.9095416, 0.8785454, 0.11492975, 0.3135631, -0.12990382, 0.19017045, -0.8339593, 0.09068004, 0.3216188, -0.07395035, 0.19717537, -0.51711214, -0.3216211, 0.01231108, -0.5740542, 0.7663398, -0.47774932, 0.33533534, 0.37284264, -0.13035399, 0.23382093, 0.90715885, 0.6901087, -0.96923995, -0.9653083, -0.66609514, -0.68091065, -0.72397935, -0.2861032, -0.42435402, 0.77459705, 0.41725174, -0.6248663, -0.26703364, 0.09180712, 0.39661884, -0.8254112, -0.5485286, 0.60835314, 0.981832, -0.39482766, 0.5486404, 0.2444263, -0.19225562, -0.12395927, 0.9370673, 0.81986254, -0.24682243, -0.75672734, 0.19848967, -0.92371774, -0.20860672, -0.18630928, -0.6868091, 0.37336582, -0.546114, -0.1979097, 0.3310075, 0.14418495, 0.08281233, 0.1499753, 0.6954534, -0.8346106, -0.63554883, -0.8495822, 0.30519426, 0.8958229, 0.5639316, 0.070034824, -0.59647065, 0.5948871, -0.9646053, -0.6027766, -0.022669522, -0.8923613, 0.5790059, 0.16732325, -0.20863295, 0.312533, -0.27816126, -0.42625254, 0.06552591, -0.9812565, 0.43889517, -0.7866107, -0.43454528, -0.82943004, -0.7211851, 0.64544064, -0.7845418, -0.46426964, -0.97568095, 0.7382656, -0.34029585, -0.121469334, -0.17198183, 0.9433998, 0.36392993, 0.6935008, -0.96405834, 0.42592788, 0.026174437, -0.8840958, -0.29262444, -0.9342006, -0.62017393, -0.45939744, 0.7145622, -0.2564201, 0.31261358, 0.7558384, 0.63019675, -0.9107502, -0.3239174, 0.55934185, 0.36038154, -0.36966518, 0.38893735, 0.7951897, 0.7071627, 0.09256178, -0.9662472, 0.9511989, -0.82540226, -0.28091824, 0.7049466, -0.17425263, -0.25609148, -0.7779652, 0.034442455, -0.04244808, 0.5012616, -0.1706575, -0.3605229, 0.0339382, 0.91811, 0.73606306, -0.29824916, -0.23169416, -0.13719112, -0.9059464, 0.81830496, 0.21250667, -0.5846129, -0.28554004, -0.560259, 0.3039543, 0.13984688, 0.07137752, -0.30347043, 0.58426404, 0.51102334, 0.16807017, -0.31548992, 0.98154706, 0.29673892, 0.1268065, 0.69128454, 0.5748063, 0.42136854, -0.15185413, 0.49259207, -0.0029973588, 0.3516341, 0.3126918, -0.14570951, 0.25960523, 0.8222395, -0.5242372, 0.20592873, 0.5445526, -0.36672333, 0.08966513, 0.41764823, -0.22566715, -0.8153228, 0.76286334, -0.9204782, -0.034704823, -0.16265911, -0.5407374, -0.013821907, 0.21969448, 0.43004605, 0.59716904, 0.3067037, 0.8544368, 0.5366491, -0.18455349, -0.40955305, -0.55154055, -0.72940457, -0.014958038, -0.44182923, 0.9014879, -0.78521687, 0.53366095, 0.14242882, 0.47587827, 0.79992956, 0.29858983, 0.34401667, -0.4217497, 0.19976647, -0.62989026, -0.5813853, -0.404867, 0.9927302, 0.53156114, 0.37816048, -0.3315967, 0.34604293, 0.75557345, 0.025190582, 0.7589736, -0.3916518, -0.85649204, 0.9023128, -0.32099518, 0.3023957, 0.20307337, -0.4702521, -0.5722164, -0.82402354, -0.2953001, -0.41409272, -0.81810915, -0.102505095, -0.40635383, 0.20634428, -0.54969424, 0.34529132, 0.045557104, 0.2263148, 0.38055974, -0.9397893, 0.2708237, -0.2409272, -0.3079728, 0.04796583, -0.025388893, 0.707813, 0.80341965, -0.44993412, 0.9873089, 0.12626822, -0.7777468, 0.81906295, 0.19405279, -0.06564918, 0.82729053, -0.93284005, -0.7793309, -0.51671267, -0.9097777, 0.11688754, -0.65539235, 0.15273851, -0.0041802637, -0.51173, 0.40441188, -0.008120591, -0.1666036, 0.8952785, -0.38701552, 0.64250565, 0.83889216, -0.17034043, -0.07692514, 0.7926926, 0.794537, 0.014081285, 0.75184333, 0.2715187, -0.15909748, -0.5047479, 0.96794367, -0.6095635, -0.1675333, -0.9381132, -0.793391, 0.6324847, 0.20681106, 0.60681355, -0.119888686, 0.0152440835, -0.90516603, -0.6689312, -0.005255211, -0.2774761, 0.6587167, 0.55243707, 0.023194304, 0.32341594, -0.1745089, 0.9080024, 0.72634226, -0.568448, -0.46160907, -0.48021096, 0.43061978, 0.5289542, 0.0860393, -0.82297957, -0.5151099, -0.14976546, -0.9370382, -0.21370295, 0.3144723, -0.94254744, -0.6840246, 0.9232668, 0.92830557, 0.80951726, -0.45802486, -0.7295864, 0.91085714, 0.7356906, -0.04223257, -0.18388924, 0.7619093, 0.6917039, 0.705961, -0.08797314, -0.23028405, -0.21558125, 0.18849422, 0.7976692, -0.12646894, 0.9018166, 0.7155342, 0.62021685, 0.1361568, -0.92341244, 0.18644693, 0.6241257, 0.8588133, -0.5429507, -0.8913226, 0.4754728, 0.639952, 0.21402699, -0.50762874, -0.7495744, 0.79830164, 0.5890858, 0.0874088, 0.6000585, -0.019243602, 0.9026671, 0.6476752, 0.39516023, 0.163491, 0.9740526, -0.5752209, 0.11569274, 0.8726302, 0.4371954, 0.81396747, 0.69428295, -0.1795403, 0.70027155, -0.19415623, -0.95730615, 0.06367019, -0.4196673, 0.9135759, 0.43875822, -0.74837685, -0.42067927, -0.72885984, 0.47710246, 0.7936233, 0.40657762, -0.00011111487, -0.86167246, -0.030261792, 0.9820849, -0.37880626, -0.9562174, 0.14257228, -0.5768836, 0.04002024, 0.6150655, 0.67249566, -0.4782018, 0.5427939, 0.50008976, 0.54094243, -0.9084159, 0.44105482, 0.19976492, -0.8799018, -0.5290824, -0.8229236, -0.9170479, -0.6299367, -0.9960074, 0.32037365, -0.41624168, -0.5485971, 0.046736382, -0.48691082, 0.8765434, -0.67335975, 0.29030502, 0.49252206, -0.96312726, -0.79126585, 0.014055665, 0.2986665, 0.9844036, 0.8434351, -0.2749582, -0.5296711, 0.6942613, -0.8243255, -0.24635793, 0.6206985, -0.15055811, 0.43952778, 0.056937747, -0.36954105, 0.8555037, 0.45621428, 0.5338321, -0.79792506, -0.3100076, -0.16832957, 0.73214537, 0.2514781, -0.7835174, -0.58436114, -0.47369772, 0.11102928, -0.8945407, -0.4264291, 0.98267055, -0.19514628, -0.13121983, -0.1640134, 0.55953336, 0.9883039, -0.45574847, 0.5637904, -0.29386365, 0.44590136, -0.39019468, 0.48807213, 0.5399789, 0.4074998, -0.838224, 0.053715136, -0.7860743, -0.3963426, 0.1328265, 0.25803027, -0.76153076, 0.91688937, -0.57319885, -0.78325284, 0.73862755, 0.3577865, -0.5809073, 0.96598566, -0.8615777, -0.12129918, -0.018909298, -0.45671195, -0.45204237, -0.30207205, 0.7254019, 0.012685774, -0.59867525, 0.21595074, 0.23860182, 0.1293105, 0.08859177, -0.7066815, -0.7835131, 0.57006395, -0.8755501, 0.20476687, -0.426723, 0.112007424, 0.77081543, -0.4063942, -0.62604755, 0.6725002, -0.24995688, 0.2882674, -0.9784265, -0.38409653, -0.42264727, 0.16572444, 0.79518884, -0.09072281, -0.1711077, 0.87746036, 0.6381506, 0.33992, -0.35050768, 0.64052564, 0.30582094, -0.38285336, 0.5008924, -0.029589051, 0.327242, 0.62262344, -0.27799112, 0.9900326, 0.33812156, -0.20072933, -0.6259211, -0.20739351, 0.92649263, -0.35627404, 0.99811065, -0.016915513, -0.7369993, -0.21288551, 0.5612806, -0.33701488, 0.9890521, -0.28227025, -0.14129624, 0.11993975, -0.53443235, -0.40260214, 0.56964207, 0.0789533, 0.8773726, 0.99718785, -0.15122288, -0.6014299, -0.43308744, -0.65115756, 0.24238642, 0.6572261, 0.36357212, -0.88289285, 0.5625707, 0.76078415, -0.58756804, -0.6859968, 0.24337663, 0.50232935, -0.20105503, 0.6001421, -0.5303566, 0.23559153, 0.16302419, -0.33715403, -0.067432575, 0.7645323, 0.40175602, 0.27737522, 0.12016621, 0.5252181, 0.04942368, -0.30185026, 0.584141, 0.16895744, 0.9034541, -0.93451226, -0.6155486, 0.8603139, -0.65972596, -0.15886663, 0.6490265, -0.55241853, -0.86169124, -0.97164136, -0.10569659, -0.8225079, 0.078819685, -0.4640992, 0.57004815, -0.600858, -0.2812147, 0.5714708, 0.13486019, 0.18531261, 0.45025954, 0.6811422, 0.48928323, -0.6761015, -0.4118041, -0.665592, -0.72496057, 0.04038907, 0.8311602, -0.24514598, -0.40744114, -0.64515054, -0.18273225, 0.46328136, 0.004286147, -0.92339605, -0.8187804, -0.4444935, -0.11903818, -0.12563992, -0.086614504, 0.22785369, 0.8646929, 0.9882511, 0.6163335, 0.5461528, -0.6457491, 0.43920973, 0.5015832, -0.7215017, -0.5059771, 0.9050626, -0.65041864, -0.30804884, 0.29613593, 0.78951985, -0.8708936, 0.6848604, -0.82604843, -0.51251805, -0.56827015, 0.44863626, 0.14435704, -0.82142127, 0.68381333, -0.5667757, 0.68568206, 0.7733167, 0.65961564, -0.36729738, 0.8440217, -0.108950235, -0.9598522, 0.25019437, 0.58660746, -0.37704173, 0.18171683, -0.5798372, 0.90974575, 0.38953978, 0.32657832, -0.036546048, 0.3670736, 0.35035986, -0.9775641, 0.72470844, 0.06738084, 0.7600662, -0.12213384, 0.43634516, -0.89119774, 0.6745821, -0.18030615, -0.6868546, -0.6675251, -0.053704333, 0.2898386, -0.92916936, -0.7767807, 0.44169492, -0.18793298, 0.12577255, -0.42115942, 0.14634752, -0.92394847, 0.15140359, 0.13982184, -0.7412928, 0.8204488, 0.09199817, 0.617163, -0.5827392, -0.07238426, -0.7137653, -0.6915629, 0.13615625, 0.65309244, 0.8221689, 0.13055094, -0.20091422, -0.36399052, -0.19067255, 0.8645684, 0.90315545, 0.34848377, 0.12392199, 0.9684803, 0.21360226, 0.002596176, -0.3937025, -0.40305308, 0.8559927, 0.024079451, 0.8613669, -0.31166387, -0.65265846, -0.18889627, 0.26172915, 0.9763121, -0.36624196, -0.7241855, -0.16239768, -0.48620963, 0.883387, 0.9529526, -0.9426156, -0.26965585, -0.1643408, -0.86573774, -0.850289, 0.88523436, -0.26372927, -0.18241712, -0.21150383, -0.5960618, 0.45606282, -0.76126957, -0.1251996, 0.5259254, 0.48781678, 0.7626025, -0.3573651, 0.32658926, -0.70886827, -0.030058037, 0.14030203, -0.79553825, 0.25039786, -0.6206434, -0.8444006, 0.41097543, -0.22997443, 0.28655276, -0.13366033, -0.03256275, -0.7970635, -0.37800598, 0.46553925, 0.9956491, -0.10941462, 0.049938735, -0.33241558, -0.061055273, 0.65664345, -0.5236891, 0.7266275, -0.6093676, 0.5198616, -0.20295309, -0.70824444, -0.6017372, -0.20404105, 0.7170879, 0.38245466, -0.38329127, -0.86166465, 0.31274703, -0.47113737, -0.5250873, -0.70542294, 0.49836046, 0.37734535, -0.56679237, -0.4191378, -0.70957875, 0.021652624, 0.6737457, 0.5874043, 0.2185706, -0.67860705, 0.5404743, -0.53742206, -0.036490235, 0.63303906, 0.6605549, 0.61031693, -0.1435396, 0.5290802, 0.8263145, -0.88568866, -0.5795467, -0.23700325, 0.017715018, 0.77278346, -0.19534531, -0.106153145, 0.9806547, 0.95120096, 0.38405395, 0.1295469, 0.50030917, -0.7015218, -0.18411867, -0.13312885, 0.9705101, 0.53697455, 0.9526248, -0.5125076, -0.31787914, 0.9303793, -0.23815922, 0.8112119, 0.961366, 0.7646918, -0.34387746, 0.2818302, -0.37272137, -0.8626842, -0.74042755, 0.7192065, -0.5843488, 0.49508774, -0.17971626, -0.21878949, -0.59784186, -0.4681459, -0.575531, -0.8286448, 0.29230398, 0.8351172, -0.46536386, 0.06222043, 0.7634082, -0.009429163, -0.21177764, -0.8451286, -0.024222663, 0.823396, -0.20823158, 0.70267314, -0.79246676, -0.5188709, 0.28107193, 0.9666176, -0.9788693, 0.5804214, 0.7607874, 0.40713266, 0.980604, 0.91781956, -0.575742, 0.84626627, -0.82728755, 0.32478735, -0.3752054, 0.7892499, -0.801673, -0.17477529, 0.5273286, -0.033022683, -0.87525094, -0.6404681, 0.74329245, -0.41506556, -0.5848192, 0.066205956, -0.53061765, -0.61084384, -0.52863324, 0.25998735, 0.26516998, -0.11587081, -0.8875943, 0.5730849, 0.6154132, 0.40134832, -0.17748377, 0.0747858, -0.46652767, -0.014257099, 0.8110467, 0.38458937, 0.869256, 0.4217211, 0.4162522, -0.60843, -0.3676832, 0.11566637, 0.92111003, 0.5587444, 0.07728342, 0.79398453, -0.6788779, 0.27774513, -0.7156251, 0.66330415, -0.73306537, 0.7085637, -0.7389928, -0.9370858, 0.7006845, 0.11905386, 0.5009129, -0.63832533, -0.09231182, 0.04902512, -0.86588126, -0.8449557, 0.53567326, -0.99907786, -0.7900583, -0.343159, -0.64263844, 0.6336778, -0.82353234, -0.18413845, -0.6653579, 0.95731884, 0.045274965, -0.87973374, 0.8505983, -0.8799762, 0.53741324, -0.12944806, 0.09226084, -0.11094102, 0.038299117, -0.95983076, 0.76306343, 0.5204804, 0.29223618, 0.31886902, -0.5414457, -0.3896004, -0.3598468, 0.8933448, -0.637353, -0.5162901, -0.4098383, 0.40723205, 0.18913755, -0.72482187, -0.9182536]","[-6.0, 3.0, 4.0, -2.0, -2.0, 3.0, -2.0, 1.0, -1.0, -3.0, -3.0, -2.0, 5.0, -1.0, 5.0, -1.0, -1.0, -2.0, -8.0, -2.0, -8.0, -1.0, -3.0, -6.0, 4.0, 9.0, -7.0, -7.0, 3.0, -8.0, -13.0, 3.0, -1.0, 4.0, 6.0, 4.0, 5.0, -7.0, -6.0, -6.0, -1.0, 4.0, -2.0, -3.0, 2.0, 4.0, 2.0, -8.0, -4.0, -1.0, 4.0, 4.0, 5.0, -2.0, 1.0, 0.0, 0.0, -2.0, 1.0, 3.0, 2.0, 5.0, -1.0, 0.0, 2.0, 4.0, -6.0, -4.0, -1.0, 4.0, 4.0, 1.0, -1.0, 5.0, -5.0, 4.0, 5.0, -4.0, -1.0, 6.0, -1.0, -7.0, 0.0, -7.0, 7.0, 10.0, -2.0, -2.0, 1.0, 5.0, 0.0, 5.0, -2.0, 9.0, -1.0, 3.0, 4.0, -4.0, -7.0, -5.0, -2.0, 0.0, 2.0, -2.0, -7.0, 6.0, 2.0, 4.0, 5.0, -4.0, -2.0, -7.0, -8.0, -2.0, 3.0, -7.0, 4.0, -6.0, 5.0, -2.0, 4.0, 4.0, 1.0, 3.0, -2.0, 2.0, -2.0, 5.0, 4.0, -2.0, 6.0, -1.0, -3.0, -6.0, -3.0, -7.0, 0.0, -9.0, 3.0, 3.0, 3.0, 4.0, -3.0, 3.0, 4.0, 5.0, -8.0, 1.0, -6.0, 3.0, -9.0, 4.0, -2.0, 0.0, -1.0, -6.0, 3.0, 3.0, 3.0, 0.0, -2.0, 4.0, 4.0, 2.0, -12.0, -2.0, -6.0, 4.0, -8.0, -4.0, 2.0, 0.0, 5.0, 4.0, 0.0, -2.0, -1.0, -3.0, -3.0, -1.0, 4.0, -1.0, -1.0, -6.0, -3.0, -3.0, 6.0, -5.0, 2.0, 10.0, -3.0, -1.0, 3.0, -5.0, -3.0, 1.0, -1.0, -9.0, -2.0, -3.0, -7.0, -1.0, -1.0, 4.0, -2.0, 5.0, 0.0, -4.0, -1.0, 0.0, 4.0, 3.0, -3.0, 5.0, 1.0, -8.0, 3.0, 5.0, -1.0, -2.0, 3.0, -6.0, -2.0, -8.0, 9.0, 6.0, 3.0, -4.0, 1.0, 5.0, -8.0, 1.0, 6.0, -1.0, 1.0, 5.0, 5.0, 3.0, -2.0, 3.0, 1.0, -1.0, -7.0, 3.0, 1.0, -1.0, 3.0, -4.0, -1.0, 7.0, -3.0, -5.0, -2.0, 0.0, -1.0, -5.0, -2.0, -5.0, -2.0, -1.0, -1.0, 4.0, -8.0, -3.0, 4.0, 0.0, -8.0, 0.0, -8.0, 4.0, 3.0, 0.0, 0.0, -7.0, 7.0, 0.0, 4.0, -1.0, -3.0, -6.0, 3.0, 0.0, -1.0, -2.0, -2.0, 13.0, 1.0, -2.0, 4.0, 3.0, -2.0, -3.0, -7.0, -1.0, -2.0, 0.0, -8.0, -2.0, -4.0, -2.0, 3.0, 4.0, 3.0, -2.0, -2.0, 1.0, -4.0, 3.0, 1.0, -1.0, 3.0, 4.0, -5.0, -2.0, -2.0, -1.0, 0.0, 0.0, 6.0, 4.0, 0.0, -8.0, -2.0, 2.0, 5.0, 0.0, -8.0, 5.0, 6.0, 3.0, 1.0, 0.0, 3.0, 9.0, -1.0, -1.0, -8.0, -3.0, 3.0, 11.0, -2.0, 4.0, -3.0, -7.0, -6.0, -1.0, -2.0, -2.0, -3.0, -1.0, -2.0, 0.0, 0.0, 4.0, 4.0, 4.0, -1.0, -7.0, 2.0, -2.0, -8.0, 0.0, 4.0, -7.0, 6.0, 0.0, 3.0, 9.0, 5.0, -8.0, -1.0, 12.0, 4.0, 8.0, 1.0, 5.0, -4.0, 3.0, 4.0, 5.0, 3.0, 5.0, -1.0, 6.0, 0.0, 3.0, 4.0, 6.0, 6.0, 4.0, -1.0, 4.0, -1.0, 10.0, 5.0, 10.0, -1.0, -3.0, 4.0, 11.0, -2.0, 5.0, 11.0, -2.0, 4.0, 0.0, -6.0, 6.0, -1.0, 5.0, -1.0, 2.0, 2.0, 0.0, -8.0, -2.0, -9.0, 4.0, 1.0, -3.0, -7.0, 2.0, 8.0, -5.0, 5.0, 4.0, -8.0, -7.0, -2.0, -1.0, 0.0, -1.0, -1.0, -2.0, -3.0, -3.0, -14.0, -7.0, -2.0, -6.0, -2.0, -7.0, 5.0, -1.0, 6.0, -2.0, 6.0, -1.0, 5.0, 5.0, -2.0, -3.0, 5.0, 4.0, 4.0, 4.0, 4.0, 0.0, 5.0, 1.0, 3.0, -1.0, -1.0, -2.0, 10.0, 0.0, -2.0, -8.0, -1.0, 6.0, 3.0, 5.0, -2.0, 4.0, -2.0, 6.0, -7.0, -2.0, -3.0, -1.0, -3.0, -1.0, -11.0, 4.0, -4.0, 0.0, 5.0, 10.0, -2.0, -1.0, -5.0, -2.0, -2.0, 3.0, -1.0, -1.0, -1.0, -7.0, -1.0, -1.0, -8.0, 5.0, -7.0, -1.0, -2.0, -4.0, 5.0, 1.0, -2.0, -2.0, 3.0, 4.0, -3.0, 3.0, 0.0, 0.0, 0.0, 4.0, 8.0, -6.0, 3.0, -2.0, -2.0, -1.0, -3.0, 4.0, 5.0, 5.0, -6.0, 0.0, -2.0, 4.0, -4.0, 0.0, -6.0, -1.0, -2.0, 3.0, 2.0, -6.0, 4.0, 5.0, 0.0, -1.0, 4.0, -2.0, -2.0, -2.0, -2.0, -1.0, 4.0, 4.0, -1.0, 1.0, -8.0, 6.0, 3.0, -1.0, -2.0, 4.0, -1.0, -6.0, -4.0, -3.0, -1.0, 0.0, 4.0, -1.0, -1.0, 5.0, -2.0, -8.0, -1.0, -1.0, -2.0, -1.0, 3.0, -2.0, -2.0, 1.0, 2.0, -2.0, 1.0, -2.0, -7.0, 3.0, 2.0, 0.0, 0.0, -2.0, -8.0, -2.0, 0.0, 4.0, 0.0, -2.0, 4.0, -4.0, 3.0, 0.0, -3.0, -6.0, -7.0, 4.0, 4.0, -1.0, 12.0, 5.0, -1.0, 5.0, -3.0, 1.0, 9.0, -1.0, -6.0, -1.0, -7.0, -1.0, 6.0, -1.0, -2.0, 3.0, 7.0, 6.0, 5.0, 3.0, -2.0, -2.0, 11.0, -4.0, 0.0, -3.0, 3.0, 0.0, -2.0, 1.0, 4.0, 0.0, 3.0, -2.0, -1.0, -2.0, -5.0, 3.0, -2.0, -1.0, 1.0, -1.0, 3.0, -3.0, -3.0, 5.0, -3.0, -2.0, 0.0, -1.0, -3.0, -5.0, 3.0, 2.0, 4.0, -2.0, -3.0, 6.0, 3.0, -6.0, -1.0, -2.0, 0.0, -1.0, 0.0, -2.0, 3.0, 3.0, 0.0, 1.0, 6.0, 1.0, -2.0, -1.0, -3.0, -1.0, 5.0, -4.0, 4.0, -2.0, -13.0, -2.0, -1.0, -1.0, -6.0, -6.0, -2.0, -1.0, -2.0, 6.0, 9.0, -2.0, 1.0, 3.0, 2.0, 6.0, 0.0, 4.0, 5.0, -2.0, 5.0, -2.0, 4.0, -16.0, -6.0, 0.0, -2.0, 1.0, -8.0, 4.0, 0.0, 2.0, -1.0, 6.0, -1.0, -3.0, -2.0, -1.0, 3.0, -1.0, -1.0, -5.0, -8.0, -1.0, 5.0, 3.0, -2.0, 2.0, 2.0, -4.0, 4.0, -2.0, -2.0, 11.0, -1.0, 6.0, 4.0, 0.0, 2.0, 4.0, 5.0, -3.0, -4.0, 4.0, 3.0, 0.0, 2.0, 9.0, -2.0, 2.0, -3.0, 5.0, -1.0, 4.0, -5.0, 4.0, -1.0, -6.0, 5.0, 1.0, 4.0, -1.0, -3.0, -1.0, -9.0, -1.0, -2.0, 4.0, -2.0, 4.0, -3.0, -2.0, -1.0, -1.0, -1.0, -2.0, 9.0, 5.0, 2.0, 3.0, 3.0, 9.0, 5.0, 4.0, -2.0, -1.0, -1.0, -12.0, 5.0, 0.0, 10.0, -1.0, 5.0, 4.0, 5.0, -2.0, -3.0, 5.0, -2.0, -6.0, -1.0, -1.0, -2.0, -6.0, -1.0, -1.0, -1.0, 10.0, 8.0, -1.0, 3.0, -3.0, -1.0, -6.0, 4.0, 11.0, 3.0, 6.0, 0.0, -7.0, 4.0, -3.0, -6.0, 5.0, -2.0, -6.0, 0.0, 5.0, -1.0, 0.0, -1.0, -8.0, -1.0, -2.0, 4.0, 5.0, -8.0, -3.0, 0.0, -13.0, 1.0, -11.0, -1.0, -6.0, 5.0, -2.0, 4.0, -7.0, -6.0, -1.0, -1.0, -3.0, 3.0, -3.0, -6.0, 0.0, 3.0, 5.0, 4.0, 8.0, 4.0, 3.0, -2.0, 0.0, 6.0, -2.0, 2.0, 0.0, 3.0, 4.0, 0.0, -3.0, 6.0, 3.0, -3.0, -1.0, 0.0, 5.0, -2.0, -1.0, -3.0, 2.0, -7.0, 3.0, -6.0, -2.0, -7.0, -2.0, -6.0, 0.0, 2.0, 6.0, -3.0, 5.0, -8.0, 5.0, -1.0, 1.0, -2.0, -5.0, -2.0, -2.0, -13.0, 1.0, 4.0, 10.0, -3.0, 4.0, 4.0, 3.0, 4.0, 0.0, 0.0, 3.0, -3.0, -2.0, -6.0, 5.0, 6.0, 4.0, 3.0, -7.0, -3.0, -2.0, 6.0, 7.0, -2.0, 3.0, -1.0, 5.0, 5.0, -6.0, -5.0, 5.0, 4.0, -8.0, -8.0, -4.0, -8.0, -2.0, 6.0, -5.0, -13.0, 9.0, 0.0, 6.0, 9.0, -2.0, 4.0, -3.0, -1.0, 2.0, -1.0, -2.0, -3.0, 6.0, 4.0, -2.0, -2.0, -5.0, 14.0, 4.0, 2.0, -3.0, 6.0, 1.0, 0.0, 4.0, -1.0, 5.0, -2.0, 6.0, 5.0, 0.0, 5.0, -2.0, 10.0, -3.0, -9.0, -2.0, 9.0, 4.0, 9.0, 2.0, -5.0, 4.0, 2.0, -9.0, 0.0, 12.0, -1.0, -3.0, -19.0, -1.0]",18.48796264609571,0.0033144950866699,0.0,0.0,0
51,51,"[0.74007857, -0.91683406, 0.4996844, 0.8871972, -0.19161917, -0.17437607, -0.25788856, 0.9041264, -0.6490071, -0.6385539, 0.6002631, -0.8302575, 0.2611902, 0.24755652, -0.47454637, 0.8995493, -0.4811578, 0.54734015, -0.17037894, -0.8432178, -0.20089558, -0.5604463, -0.56697345, 0.6898449, -0.3464181, -0.09064406, -0.32977197, -0.88225985, 0.041920446, 0.5876741, 0.06598281, 0.7693593, 0.9510785, 0.6971383, 0.9424816, 0.83922386, 0.33080566, 0.40750283, -0.97658175, -0.8466896, 0.7309838, -0.16480693, 0.35837635, 0.73791784, 0.07490413, -0.28647643, -0.84186316, 0.29225016, 0.2014661, -0.4164199, -0.14037837, 0.8733599, -0.3468651, 0.0031971985, 0.48869932, 0.68963933, -0.26593375, -0.24351017, -0.5031229, -0.36156717, 0.060412776, 0.042260867, 0.8364232, -0.9261934, -0.6219753, 0.31059808, -0.4984381, -0.22072047, 0.40017053, 0.93134785, 0.76507556, 0.6676857, -0.20322259, 0.9692945, 0.4963259, 0.038980752, -0.41221645, 0.5230713, 0.7010508, 0.07330275, -0.2356133, 0.59932464, 0.6380725, -0.6865826, -0.06332298, 0.68655896, 0.94483703, -0.81931925, 0.046350718, -0.14321554, 0.16358165, -0.5831942, 0.96481544, -0.7357659, 0.75795233, -0.117147796, -0.94566876, -0.754602, -0.68786526, 0.8572289, 0.8450479, 0.19640844, -0.3213765, 0.6338469, -0.7895139, -0.8567258, 0.11812586, -0.8322356, 0.49219197, 0.16363856, 0.99503535, -0.46985355, 0.14737882, -0.739155, -0.5605244, -0.6203458, 0.033165596, 0.5264156, -0.31034172, -0.08653585, 0.9561144, 0.20889214, -0.32373416, 0.47153854, 0.3974771, -0.63130295, -0.6286878, -0.5221607, 0.60659796, 0.79207224, 0.16311198, 0.3976605, 0.69952613, 0.37914452, -0.16916028, 0.71040475, 0.2538344, -0.8988868, 0.25215814, 0.5760867, -0.019695094, 0.59019065, -0.27829683, -0.20602265, 0.008195105, -0.15244602, -0.61578214, -0.60404795, -0.16027607, -0.017487912, 0.24012129, -0.3861193, -0.3048522, -0.67662066, -0.77572095, -0.3208814, -0.67374057, -0.5018325, -0.9965687, 0.43151918, 0.1184369, 0.8193573, 0.41957822, -0.38006502, -0.5400847, 0.5813943, 0.34381074, -0.36629796, -0.5783649, -0.6271591, 0.2261318, 0.9962792, -0.79292977, 0.9160292, 0.70620716, -0.5903836, 0.8517174, 0.21085615, 0.25222504, -0.4150653, 0.43505812, 0.062623285, -0.32697865, -0.45807317, -0.5023806, -0.777411, 0.3958944, -0.83567053, -0.52022773, 0.639778, -0.35836783, 0.8846239, 0.52532464, -0.1648623, 0.36617434, -0.056228537, -0.4708691, 0.2568759, -0.2357462, 0.96457905, -0.5021157, 0.8329133, -0.1992634, -0.33718255, -0.42878872, 0.29798907, 0.9937914, -0.3230639, -0.080670916, 0.8846714, -0.6336151, -0.7105134, -0.9714585, 0.97884554, 0.8126766, -0.84634763, 0.039916676, -0.21946034, 0.10066003, 0.726155, -0.4485189, -0.2170412, -0.5411506, -0.22885148, -0.095601924, -0.45874643, -0.19163957, -0.91632813, -0.22883177, 0.834923, -0.5708954, 0.3722424, -0.6793051, -0.6642141, -0.20130791, 0.05791973, 0.06418998, 0.8641305, -0.73503715, -0.048172567, -0.29297712, -0.42763564, 0.03719298, 0.101832375, 0.7472959, 0.04283048, 0.9653317, -0.9098706, -0.70426744, -0.20225209, 0.7412856, -0.19698168, -0.33368576, -0.48801965, -0.83263, 0.07884653, 0.2470367, -0.96051353, -0.90382904, 0.52602386, -0.9130652, 0.7774112, -0.35842708, 0.41591159, -0.58175814, -0.4543855, 0.4019417, -0.7348064, -0.3241212, -0.9611851, -0.9825326, 0.9439947, -0.47675273, 0.9036684, -0.03227319, -0.3073141, -0.7489926, 0.83102703, -0.31831616, -0.17010522, -0.7880641, 0.71627724, -0.21577567, 0.8627286, -0.1666163, -0.55192506, -0.25135815, -0.57755756, 0.009094115, 0.34810475, -0.63092184, 0.33645287, -0.14220902, 0.75111496, -0.2533882, -0.7644839, -0.18362208, -0.42930824, 0.8072606, -0.0608853, 0.5586089, -0.97233725, 0.2423536, 0.59953845, 0.3437089, 0.9316604, -0.086790115, -0.6311537, -0.42861864, -0.53590167, -0.7470943, -0.39451337, 0.55229026, 0.5007398, 0.46704125, 0.4147573, -0.9680384, 0.69967914, -0.9289591, -0.33145294, 0.4113322, 0.23577574, -0.34548178, 0.64550835, 0.16430987, 0.2793226, -0.5185142, 0.87914646, 0.9208456, -0.22990347, -0.21994862, -0.070902444, -0.4309028, 0.90662384, -0.20228437, -0.8389827, 0.48935154, -0.9589171, 0.49729776, -0.53668374, -0.7129088, -0.3979932, -0.8362674, -0.72622716, -0.55904007, 0.21904673, 0.96703976, 0.5723651, -0.86921746, -0.025961854, -0.38249543, 0.9415253, 0.425481, 0.825743, 0.62209505, -0.9841508, -0.7059451, 0.9391447, -0.76213586, -0.8625407, -0.2991109, -0.049437143, 0.58715457, -0.99249196, -0.2947259, -0.4466804, 0.29716748, -0.8061651, -0.030544415, -0.4098669, -0.51354283, -0.4385791, 0.63785577, 0.3395496, 0.38989982, -0.8481035, -0.46565142, -0.811142, -0.7658343, -0.028901516, 0.43489605, -0.009556719, -0.55984014, 0.873786, 0.21791139, -0.85377026, -0.2798295, 0.26710206, 0.3287664, -0.36770928, -0.24203053, 0.44532537, 0.73455435, -0.23342508, -0.88838524, 0.7387254, -0.4064225, 0.52494293, -0.9938269, 0.8281375, 0.12424515, -0.7734502, 0.86734354, 0.62049544, -0.17586938, 0.6118596, -0.5634895, 0.057834648, 0.3552824, -0.97650975, -0.2276857, 0.64768696, -0.7628402, 0.9549756, 0.70851785, -0.75767726, -0.6575895, -0.46147057, -0.52656645, -0.60666656, 0.23469847, 0.10556589, -0.0069039376, 0.13848817, -0.29154018, -0.10914002, -0.4213705, -0.4414622, -0.38955268, 0.28864107, 0.04944127, -0.30595255, -0.44616103, 0.5971309, 0.8409228, -0.6428306, 0.68409455, -0.10216427, 0.41499376, -0.46291393, 0.60417, -0.07242122, -0.6456138, 0.677791, -0.73138845, -0.019206401, 0.86774987, 0.4672859, 0.18743394, -0.5043827, -0.02704577, 0.97988826, 0.8641042, 0.34520426, -0.022652328, 0.6787017, 0.60337293, -0.43693122, -0.34706873, -0.17117906, -0.3028481, -0.7970359, 0.4415794, 0.73625624, -0.1392396, -0.44196612, -0.7498048, 0.27034986, -0.31194034, 0.62613344, -0.06753897, 0.67179817, -0.65204245, -0.11737919, -0.928231, 0.8270324, 0.10725199, -0.8074825, -0.565612, 0.9511667, 0.24099982, -0.30908504, 0.259574, -0.8024351, 0.36075267, 0.7839455, -0.6058568, -0.4181119, 0.06314535, -0.60812813, -0.24736525, 0.4713014, -0.29809406, -0.31460065, 0.9469259, -0.8915978, 0.79577476, 0.7472084, 0.7982041, -0.008929059, 0.1085708, -0.5170003, 0.9319489, 0.3596467, -0.008552273, 0.47736713, 0.8178176, 0.89506185, 0.8969292, -0.44812495, 0.36520782, -0.6074669, 0.01920718, 0.5084419, 0.23805958, 0.3449748, 0.17153174, 0.68669987, -0.9041447, 0.16586597, 0.46658283, 0.40660277, -0.7404016, 0.31388137, -0.42741022, 0.41254258, 0.80858386, -0.35224155, 0.7498579, 0.70348334, -0.6627858, 0.44647044, 0.39737174, -0.38458604, -0.7030144, 0.2936281, 0.50965923, 0.013589382, -0.016708711, -0.73980427, -0.071375445, -0.8714287, 0.7513484, 0.38399962, 0.5650009, 0.84361535, 0.8185234, 0.7788119, -0.34998703, -0.85518384, 0.86529195, -0.1676305, -0.33275524, 0.7208325, -0.1709501, 0.06599849, 0.35160053, -0.82282263, 0.5591377, 0.51782644, -0.9985532, 0.81305414, -0.58879817, -0.5813364, -0.8694178, -0.40581948, 0.5259383, -0.72965837, 0.87216145, 0.0010353774, 0.2877826, 0.5663791, 0.06409913, 0.026902629, -0.9992115, 0.07261316, -0.7290906, -0.25009587, -0.14930551, -0.25187662, -0.37049192, 0.30124357, 0.9890691, 0.5909746, -0.38933596, -0.08999398, 0.8093274, 0.7261864, -0.47815582, -0.022338886, 0.70873743, -0.52244633, -0.5803093, -0.9538527, 0.54160726, -0.537093, 0.124779955, 0.6379546, 0.736991, -0.18171951, 0.9886446, -0.54006445, 0.7334129, 0.07947231, 0.04342183, 0.17335854, -0.08766361, 0.35534304, 0.17907384, 0.15354718, 0.8482561, -0.41938072, 0.79696554, 0.99550277, -0.6170807, -0.26621234, -0.4976143, -0.6397583, 0.23372276, 0.4250446, -0.62484777, 0.16241544, -0.53204054, -0.10111598, -0.7247026, -0.62845206, -0.22607553, -0.18831056, 0.28004137, -0.41766247, -0.40842378, -0.59009343, -0.94844407, 0.5928871, -0.8737075, -0.304302, 0.9114826, 0.59701824, -0.77928895, -0.14102778, 0.31985155, -0.92749655, 0.20612715, 0.46307772, 0.39157823, 0.4835511, -0.94839853, 0.30649444, 0.11310822, -0.025396507, 0.61656183, 0.12586287, -0.9160356, -0.46852794, -0.68197775, 0.98977333, 0.550385, -0.7934268, -0.17564633, 0.42468867, 0.82105356, -0.3804502, 0.5738877, -0.14440487, 0.47098872, 0.47416255, -0.37229416, -0.1798754, 0.081143685, -0.06799338, 0.5368051, 0.39766848, 0.14610256, 0.79453063, 0.74448675, 0.21819276, -0.18837583, 0.75106955, 0.51611775, 0.48222476, 0.3513727, 0.7632817, -0.4395734, -0.81166786, -0.8020768, -0.9082805, -0.47161844, -0.08447063, -0.6123796, 0.41859233, 0.9473776, 0.95465726, 0.283129, 0.4766142, -0.9661376, -0.164721, 0.37844443, -0.33451495, 0.9629345, 0.9293336, 0.603891, 0.17260028, -0.424012, 0.6124382, 0.20330761, 0.13831252, 0.094904244, 0.4467332, 0.37046924, 0.19028383, -0.4206794, -0.32849377, -0.88034344, 0.4789567, 0.73664474, 0.3636907, 0.17529759, -0.22847909, -0.6154873, -0.12159642, 0.08799824, 0.14627163, -0.1050738, -0.161507, 0.20047437, 0.17036013, 0.11017238, 0.10885453, -0.046193343, 0.26960513, 0.1841726, -0.6189869, 0.8377464, -0.081916496, 0.5979879, 0.08257618, -0.6581541, -0.84294945, -0.6642247, -0.33899784, -0.5029109, -0.9586578, -0.6574915, 0.61586744, 0.5138588, 0.9196595, 0.477388, -0.6153144, -0.6606709, -0.63282514, 0.9183176, -0.6413386, 0.2665952, -0.03371538, -0.45938534, -0.67008555, -0.005365592, 0.88327265, -0.22271146, 0.081014104, 0.82469356, -0.8635983, -0.025926758, 0.07489453, -0.14332958, -0.9212173, 0.59318537, 0.5429147, 0.74676657, -0.029257571, 0.63835233, 0.30542725, -0.25543797, -0.6295889, -0.3778983, -0.41493604, 0.694706, -0.99232894, -0.44473106, -0.712182, -0.5450324, -0.44495943, -0.38257596, -0.15810756, -0.84302455, -0.6457644, 0.35634333, -0.46198714, -0.9073917, -0.6327074, -0.5546715, -0.9441456, -0.1679743, 0.8704171, 0.68692577, -0.25855085, 0.3115076, 0.068534225, 0.10650215, -0.3148952, 0.8362213, 0.19216175, 0.41782776, 0.36631742, 0.77652496, 0.6696473, -0.19442129, 0.2592536, 0.86515397, -0.3794548, -0.2830162, 0.48615342, -0.18353093, -0.5764015, -0.82136935, -0.23507017, 0.8772552, 0.34615636, 0.52251077, 0.57626265, -0.008646102, 0.6429748, 0.17877607, -0.7829174, -0.6581655, 0.73378056, 0.62078226, -0.99448234, -0.23153436, 0.10915706, -0.73567367, -0.80255806, 0.6781746, -0.26054215, 0.8856601, 0.9969695, 0.30149317, 0.8574387, -0.5391456, -0.37899038, -0.10434969, 0.26992995, 0.32046837, -0.052755125, 0.36253175, 0.6497147, -0.06758856, 0.15871501, 0.6748483, -0.22060284, 0.67813814, 0.15142018, 0.145987, 0.48482436, -0.28682482, -0.9578954, 0.8211888, 0.83329356, -0.90583247, 0.41871855, 0.8958527, 0.4444314, 0.8454313, 0.8232272, -0.06766695, -0.62662816, -0.07200822, 0.4980141, -0.06586454, 0.21442322, -0.30943146, -0.8446046, -0.30893457, -0.58699054, 0.022511711, 0.70277333, -0.59838253, 0.9405971, 0.2838347, -0.40568662, -0.2479185, -0.29344252, -0.7428006, 0.28275105, -0.5165518, -0.1287482, -0.82392466, 0.061431345, 0.4926351, -0.266344, -0.75980955, 0.2044693, -0.41416866, 0.8816633, -0.18418346, -0.20040414, -0.6688389, -0.0011931134, 0.29398978, -0.03928036, 0.68818426, 0.6765226, -0.76300335, 0.39190224, -0.6614275, 0.76872796, 0.2563761, -0.4639621, -0.027795792, 0.50095, -0.012421186, 0.2921854, -0.5833583, -0.7860047, -0.33779418, 0.94695175, 0.38028258, -0.14122878, 0.946058, 0.88802713, 0.9946183, -0.5838394, 0.6427077, 0.19932605, -0.9026016, 0.36160702, -0.2957781, -0.389653, -0.14098153, 0.45322663, 0.120937996, 0.06979315, -0.95490366, 0.0459147, -0.7138739, -0.45132646, 0.15662915, 0.36284113, 0.709761, -0.641947, -0.49534366, 0.9807108, -0.8007232, -0.3857761, 0.6015381, 0.06140178, -0.13895413, 0.3846522, -0.18995585, 0.06483789, 0.78970176, 0.19409077, -0.4882961, -0.71802104, 0.37643564, -0.23193742, 0.40983275, -0.18915154, -0.23335046, -0.39514232, -0.4605683, 0.06828562, -0.36943582, 0.97360873, 0.13373378, -0.49605626, 0.36228865, 0.50825274, -0.9053998, 0.67847663, -0.22616486, 0.72437084, -0.08254652, 0.59080684, -0.17034116, 0.9861226, 0.8243516, -0.86300194, -0.39315665, 0.69711286, -0.851132, -0.53016496, -0.05610187, 0.39069986, 0.8402051, -0.40967515, 0.86671144, -0.95147985, 0.31649595, -0.32479042, 0.8289904, 0.90261173, 0.16231261, -0.022808356, 0.0036024943, 0.46842402, 0.34229943, -0.39074734, -0.7473734, 0.11425853]","[-7.0, 4.0, 4.0, -2.0, -1.0, 4.0, -1.0, 2.0, -2.0, -3.0, -2.0, -1.0, 4.0, -2.0, 4.0, -2.0, -2.0, -3.0, -7.0, -1.0, -8.0, -2.0, -2.0, -7.0, 5.0, 10.0, -7.0, -8.0, 3.0, -7.0, -14.0, 4.0, -2.0, 4.0, 5.0, 3.0, 4.0, -6.0, -7.0, -7.0, 0.0, 5.0, -1.0, -4.0, 1.0, 5.0, 3.0, -7.0, -3.0, -2.0, 5.0, 3.0, 5.0, -1.0, 1.0, 1.0, -1.0, -2.0, 0.0, 4.0, 3.0, 4.0, -2.0, 0.0, 3.0, 4.0, -7.0, -3.0, -2.0, 5.0, 5.0, 2.0, -1.0, 4.0, -6.0, 3.0, 4.0, -3.0, -1.0, 6.0, -2.0, -6.0, -1.0, -7.0, 6.0, 10.0, -1.0, -1.0, 0.0, 4.0, -1.0, 6.0, -1.0, 10.0, -2.0, 4.0, 4.0, -3.0, -6.0, -4.0, -1.0, -1.0, 1.0, -1.0, -8.0, 5.0, 1.0, 3.0, 5.0, -3.0, -2.0, -7.0, -7.0, -2.0, 4.0, -8.0, 5.0, -7.0, 5.0, -3.0, 5.0, 5.0, 0.0, 4.0, -2.0, 3.0, -1.0, 4.0, 3.0, -2.0, 5.0, -1.0, -4.0, -7.0, -2.0, -8.0, -1.0, -8.0, 3.0, 4.0, 4.0, 5.0, -2.0, 4.0, 5.0, 4.0, -8.0, 0.0, -7.0, 4.0, -10.0, 5.0, -3.0, 0.0, -2.0, -7.0, 4.0, 4.0, 4.0, -1.0, -3.0, 4.0, 5.0, 3.0, -13.0, -1.0, -7.0, 4.0, -9.0, -5.0, 3.0, -1.0, 5.0, 3.0, 1.0, -2.0, -2.0, -2.0, -3.0, 0.0, 3.0, -2.0, -2.0, -5.0, -2.0, -2.0, 5.0, -6.0, 2.0, 10.0, -3.0, -2.0, 4.0, -4.0, -2.0, 0.0, -2.0, -8.0, -2.0, -2.0, -8.0, -2.0, -2.0, 5.0, -1.0, 5.0, -1.0, -3.0, -1.0, -1.0, 5.0, 4.0, -2.0, 4.0, 1.0, -8.0, 4.0, 4.0, -2.0, -3.0, 4.0, -7.0, -3.0, -7.0, 8.0, 5.0, 4.0, -3.0, 0.0, 4.0, -7.0, 0.0, 5.0, -2.0, 0.0, 4.0, 4.0, 4.0, -1.0, 3.0, 1.0, -1.0, -6.0, 3.0, 2.0, 0.0, 4.0, -5.0, -2.0, 6.0, -2.0, -5.0, -2.0, -1.0, -2.0, -4.0, -1.0, -4.0, -2.0, -2.0, -2.0, 5.0, -7.0, -2.0, 4.0, -1.0, -7.0, 1.0, -7.0, 5.0, 4.0, -1.0, -1.0, -6.0, 6.0, -1.0, 5.0, -2.0, -4.0, -7.0, 4.0, -1.0, 0.0, -1.0, -1.0, 12.0, 0.0, -1.0, 4.0, 4.0, -1.0, -2.0, -8.0, -2.0, -2.0, -1.0, -7.0, -1.0, -3.0, -2.0, 4.0, 3.0, 4.0, -1.0, -1.0, 0.0, -3.0, 4.0, 0.0, -2.0, 3.0, 3.0, -6.0, -1.0, -2.0, 0.0, 1.0, -1.0, 5.0, 4.0, -1.0, -8.0, -1.0, 3.0, 6.0, 1.0, -7.0, 4.0, 5.0, 2.0, 0.0, 0.0, 4.0, 10.0, -2.0, -2.0, -8.0, -2.0, 4.0, 12.0, -1.0, 5.0, -4.0, -7.0, -7.0, 0.0, -1.0, -1.0, -2.0, -1.0, -3.0, -1.0, -1.0, 4.0, 5.0, 5.0, -2.0, -7.0, 3.0, -1.0, -7.0, -1.0, 4.0, -7.0, 6.0, -1.0, 4.0, 10.0, 4.0, -7.0, -1.0, 13.0, 4.0, 9.0, 0.0, 4.0, -3.0, 4.0, 5.0, 4.0, 4.0, 4.0, -2.0, 5.0, -1.0, 4.0, 3.0, 5.0, 5.0, 3.0, 0.0, 5.0, -2.0, 11.0, 5.0, 11.0, -2.0, -2.0, 5.0, 10.0, -3.0, 5.0, 10.0, -1.0, 3.0, -1.0, -7.0, 5.0, -2.0, 4.0, -2.0, 3.0, 3.0, 1.0, -8.0, -2.0, -10.0, 5.0, 0.0, -3.0, -8.0, 1.0, 8.0, -6.0, 6.0, 3.0, -7.0, -7.0, -2.0, -1.0, -1.0, -1.0, -2.0, -2.0, -2.0, -2.0, -14.0, -7.0, -1.0, -7.0, -1.0, -8.0, 4.0, -2.0, 5.0, -2.0, 5.0, -2.0, 5.0, 4.0, -1.0, -2.0, 4.0, 4.0, 5.0, 4.0, 3.0, -1.0, 4.0, 2.0, 4.0, -2.0, -2.0, -1.0, 9.0, -1.0, -1.0, -8.0, 0.0, 5.0, 2.0, 4.0, -1.0, 5.0, -1.0, 5.0, -8.0, -1.0, -2.0, -1.0, -2.0, -2.0, -10.0, 5.0, -5.0, -1.0, 5.0, 11.0, -1.0, 0.0, -5.0, -2.0, -2.0, 2.0, -2.0, -2.0, -2.0, -8.0, 0.0, -2.0, -7.0, 4.0, -7.0, -1.0, -3.0, -5.0, 4.0, 2.0, -1.0, -2.0, 4.0, 5.0, -4.0, 4.0, -1.0, -1.0, -1.0, 3.0, 9.0, -7.0, 4.0, -2.0, -3.0, -2.0, -2.0, 5.0, 4.0, 4.0, -5.0, -1.0, -1.0, 3.0, -3.0, -1.0, -7.0, 0.0, -1.0, 4.0, 3.0, -5.0, 5.0, 4.0, -1.0, -1.0, 4.0, -3.0, -1.0, -1.0, -2.0, -2.0, 5.0, 5.0, -2.0, 1.0, -7.0, 5.0, 4.0, -2.0, -1.0, 3.0, -1.0, -7.0, -5.0, -2.0, -1.0, -1.0, 5.0, -1.0, 0.0, 4.0, -3.0, -7.0, -2.0, -1.0, -1.0, -2.0, 3.0, -3.0, -2.0, 1.0, 1.0, -3.0, 0.0, -1.0, -8.0, 4.0, 3.0, 1.0, -1.0, -2.0, -7.0, -2.0, -1.0, 3.0, -1.0, -1.0, 5.0, -3.0, 4.0, 0.0, -2.0, -7.0, -7.0, 3.0, 5.0, -1.0, 11.0, 4.0, -1.0, 4.0, -2.0, 0.0, 10.0, 0.0, -7.0, -2.0, -8.0, -2.0, 7.0, -1.0, -1.0, 4.0, 6.0, 5.0, 4.0, 2.0, -1.0, -2.0, 10.0, -4.0, -1.0, -2.0, 4.0, -1.0, -1.0, 0.0, 5.0, -1.0, 2.0, -1.0, -2.0, -1.0, -6.0, 2.0, -1.0, -2.0, 1.0, -2.0, 3.0, -2.0, -2.0, 6.0, -2.0, -2.0, 1.0, -2.0, -2.0, -6.0, 4.0, 1.0, 5.0, -3.0, -3.0, 5.0, 4.0, -6.0, -2.0, -1.0, -1.0, 0.0, -1.0, -3.0, 3.0, 3.0, 1.0, 0.0, 5.0, 1.0, -1.0, -1.0, -2.0, -1.0, 5.0, -3.0, 5.0, -1.0, -12.0, -2.0, -1.0, -1.0, -5.0, -7.0, -1.0, -2.0, -3.0, 6.0, 8.0, -3.0, 0.0, 4.0, 3.0, 5.0, -1.0, 3.0, 4.0, -1.0, 4.0, -1.0, 5.0, -15.0, -7.0, -1.0, -2.0, 1.0, -7.0, 5.0, -1.0, 1.0, -2.0, 6.0, 0.0, -4.0, -1.0, -2.0, 2.0, -2.0, 0.0, -6.0, -8.0, -2.0, 4.0, 4.0, -2.0, 1.0, 1.0, -5.0, 4.0, -1.0, -3.0, 10.0, -2.0, 5.0, 3.0, -1.0, 3.0, 5.0, 4.0, -2.0, -3.0, 4.0, 4.0, -1.0, 3.0, 10.0, -1.0, 2.0, -2.0, 4.0, -2.0, 5.0, -6.0, 5.0, -1.0, -5.0, 4.0, 0.0, 5.0, 0.0, -2.0, -2.0, -8.0, -2.0, -1.0, 5.0, -1.0, 5.0, -2.0, -1.0, -2.0, -2.0, -2.0, -2.0, 10.0, 4.0, 3.0, 3.0, 4.0, 10.0, 4.0, 4.0, -2.0, 0.0, -2.0, -13.0, 4.0, -1.0, 9.0, -2.0, 4.0, 3.0, 4.0, -1.0, -2.0, 5.0, -3.0, -7.0, -2.0, -2.0, -2.0, -7.0, -1.0, -2.0, 0.0, 10.0, 9.0, -1.0, 4.0, -2.0, -2.0, -7.0, 5.0, 11.0, 4.0, 5.0, -1.0, -8.0, 4.0, -2.0, -5.0, 4.0, -1.0, -7.0, -1.0, 4.0, 0.0, -1.0, -1.0, -8.0, -2.0, -1.0, 5.0, 4.0, -9.0, -4.0, -1.0, -14.0, 2.0, -12.0, -2.0, -7.0, 6.0, -1.0, 5.0, -8.0, -7.0, -1.0, -2.0, -4.0, 3.0, -2.0, -7.0, 0.0, 4.0, 5.0, 5.0, 9.0, 5.0, 2.0, -2.0, -1.0, 7.0, -1.0, 3.0, -1.0, 4.0, 4.0, -1.0, -2.0, 5.0, 4.0, -2.0, -2.0, -1.0, 4.0, -1.0, 0.0, -4.0, 3.0, -8.0, 4.0, -5.0, -1.0, -7.0, -2.0, -7.0, -1.0, 3.0, 5.0, -2.0, 5.0, -9.0, 5.0, -2.0, 0.0, -1.0, -5.0, -1.0, -1.0, -14.0, 0.0, 5.0, 11.0, -2.0, 5.0, 5.0, 4.0, 4.0, -1.0, -1.0, 4.0, -2.0, -1.0, -5.0, 4.0, 5.0, 4.0, 2.0, -7.0, -2.0, -2.0, 5.0, 6.0, -1.0, 4.0, 0.0, 5.0, 5.0, -7.0, -6.0, 6.0, 3.0, -7.0, -7.0, -3.0, -7.0, -1.0, 5.0, -6.0, -13.0, 10.0, -1.0, 6.0, 10.0, -1.0, 3.0, -2.0, 0.0, 1.0, -2.0, -3.0, -2.0, 5.0, 5.0, -3.0, -2.0, -6.0, 15.0, 5.0, 3.0, -4.0, 5.0, 0.0, -1.0, 5.0, -2.0, 4.0, -1.0, 5.0, 4.0, -1.0, 4.0, -1.0, 11.0, -2.0, -8.0, -1.0, 8.0, 5.0, 9.0, 2.0, -6.0, 4.0, 3.0, -8.0, -1.0, 11.0, -2.0, -2.0, -20.0, -2.0]",8.191414266461646,0.0032906532287597,0.0,0.0,0
52,52,"[-0.44552097, -0.71458447, 0.66937405, -0.5928405, 0.8667327, -0.25251946, -0.433193, -0.57480866, -0.18531395, -0.40085977, -0.92179203, -0.8939935, 0.115092196, 0.16044012, -0.32606217, 0.55557996, -0.7989335, 0.13688014, 0.109912455, -0.60936415, -0.63145804, 0.85224736, 0.9230957, 0.023811826, 0.4490384, -0.5570259, 0.3451665, 0.5226827, 0.6109782, 0.32502246, 0.6082749, 0.8874444, 0.6664736, 0.8729157, 0.7969595, -0.083538376, -0.22991352, 0.42508173, 0.24420099, 0.57831067, 0.107689574, 0.34315848, -0.83029157, 0.36693758, 0.011272206, 0.3741499, -0.4515966, -0.42663917, 0.7379094, 0.80019736, 0.37091985, -0.5453826, 0.55524564, -0.885852, 0.40883338, 0.45874903, 0.94296956, 0.10129578, 0.44046906, -0.95476055, -0.7666945, -0.8536745, -0.25359508, -0.32051215, 0.36999223, 0.7726301, 0.38942358, 0.24296522, -0.09464818, 0.16617711, -0.7823332, -0.059729487, -0.069643386, -0.083241165, -0.16042188, -0.43903756, -0.12807572, -0.85397524, 0.78537613, -0.9674799, -0.5179877, -0.5129111, -0.7157769, 0.65303797, -0.16529363, 0.9421309, -0.29712242, -0.8597914, 0.85564107, 0.3971282, -0.6381968, -0.41689202, 0.67076176, -0.72430277, 0.24373382, 0.071599446, 0.39208192, -0.4458542, -0.31328294, -0.49850798, 0.556771, 0.46199208, -0.93865585, 0.18498494, -0.19418982, 0.94160664, 0.15922056, -0.03345516, 0.3735828, 0.16493805, -0.4518623, 0.4065841, -0.2801629, -0.44577423, -0.19798854, -0.26296967, -0.63520676, 0.030926326, -0.8542405, 0.46892473, -0.28607753, 0.06822112, 0.5498153, -0.87785023, -0.052985866, -0.045377485, -0.05164493, -0.28027156, -0.22679114, -0.10889498, 0.5761949, -0.14657074, 0.5927144, -0.42103288, 0.47205928, 0.58343107, -0.31061006, 0.5715283, -0.19657126, -0.912563, -0.5705511, -0.77451485, 0.804758, 0.18268664, 0.63405424, -0.060330503, 0.6115894, 0.95762575, -0.9277542, 0.60979927, 0.692123, -0.06738189, 0.6690631, 0.37570283, 0.18194036, 0.22775723, 0.58153015, 0.21962075, 0.038219932, 0.491743, -0.2650777, -0.22341989, 0.23398118, -0.2796318, -0.43944344, 0.006038319, -0.8296242, -0.21414784, 0.73943007, 0.029003145, 0.0629708, 0.058107607, -0.9652144, 0.36458912, -0.14657517, -0.2860536, -0.28654364, -0.9008369, 0.2404251, -0.2690543, 0.10332767, -0.6072091, -0.18984812, 0.79031265, -0.74962944, 0.76179516, -0.7161166, 0.35394153, -0.65876544, -0.9018387, 0.31664145, -0.066615015, -0.22575577, 0.9453828, -0.9936055, 0.12498653, 0.4399202, -0.8969183, 0.44339713, 0.59990895, -0.70142776, 0.8499796, -0.92148364, -0.39542052, -0.22104448, -0.5039502, -0.527947, 0.3850326, 0.10463994, 0.95735145, -0.06745809, 0.41875282, 0.13582373, 0.46178725, 0.6698458, -0.036647342, 0.6195293, 0.814632, -0.37774375, -0.12590893, 0.47473806, -0.8859162, -0.26608598, -0.017703647, 0.20118023, -0.1782176, -0.7288467, 0.5858064, 0.99125177, 0.39472252, 0.72843313, 0.2108273, 0.5183708, -0.09780496, -0.2711283, -0.73172134, 0.5872456, 0.9806833, 0.58892983, 0.9801536, 0.995611, 0.4061315, -0.87332505, -0.27506936, -0.010697376, -0.7830271, -0.6929803, 0.92465794, 0.19818862, 0.9852355, 0.06088109, -0.14448816, 0.9967691, -0.4163864, 0.67957747, 0.43437272, -0.27638623, -0.24101599, 0.71165866, -0.20388515, 0.9589595, 0.15823086, -0.2763546, -0.9464804, 0.12702298, -0.51133704, 0.5119451, -0.54336786, 0.48209667, -0.28972882, 0.47773543, -0.19711183, 0.5723962, -0.60437, -0.49249488, 0.76603603, 0.5376988, 0.44747385, 0.24983029, -0.26049045, 0.60195297, 0.17131002, 0.25295714, 0.9147005, 0.9246369, 0.98071694, -0.061910022, -0.6161952, -0.871861, 0.70048016, -0.6859469, -0.55162066, 0.21114305, -0.2041856, 0.10906264, -0.12221946, -0.94063854, 0.37314734, 0.24393705, -0.19397107, 0.31307745, 0.48945254, 0.871402, -0.30420685, 0.7857153, 0.12774234, -0.17239468, -0.94014645, 0.53379226, 0.79135925, 0.81065845, -0.8828276, 0.9346547, 0.16645132, 0.71826106, -0.8191993, 0.36574194, -0.8790782, 0.26144615, -0.38610417, 0.788083, 0.5080219, -0.1817302, 0.27673072, 0.99772453, 0.5452097, 0.9460095, 0.053179357, -0.650286, 0.74962294, -0.25603482, 0.84049505, -0.42106673, -0.9910688, -0.69174224, 0.79292005, 0.2589625, 0.9934175, 0.51774216, -0.38605416, -0.49334207, -0.2816836, 0.8859262, -0.397621, 0.36496294, -0.6575597, -0.4884041, -0.4706829, 0.3679061, -0.6634559, -0.62194055, 0.21199065, -0.8014983, -0.54842055, -0.63040215, -0.7558877, 0.16495267, -0.65550166, -0.43370748, 0.4832335, -0.8449197, -0.30062914, -0.19597769, -0.89156514, 0.58844817, -0.71507007, -0.93766725, -0.6808583, -0.5159184, -0.50671864, -0.43557858, 0.6938089, -0.9059989, -0.21503201, -0.2288245, 0.033265572, 0.29084277, 0.7455219, -0.6574592, 0.9063531, -0.21992242, 0.29906905, -0.24414475, -0.23041101, 0.0051006065, -0.21087821, -0.122371644, -0.2067792, 0.4635335, 0.76227194, -0.71377236, 0.37301877, 0.3687798, 0.12935686, -0.3486108, 0.031119987, -0.962213, -0.98759896, -0.908886, 0.39608237, -0.3484726, -0.99735653, 0.17923655, 0.7636577, 0.93134576, 0.39847663, -0.3581745, 0.9970429, 0.4795084, -0.32892746, 0.37002042, 0.5691893, -0.55768454, -0.34641933, -0.17298542, 0.46887445, 0.14601734, 0.7305223, -0.62501323, 0.28641453, -0.6435576, 0.18904403, 0.3022339, 0.67582405, 0.46541488, -0.38350534, -0.92336786, 0.20899507, -0.7724535, -0.022883723, -0.74159604, 0.76867145, -0.4862064, 0.97893107, 0.34058398, -0.83931917, 0.68964386, 0.007150926, 0.12626642, -0.38719243, 0.45551294, 0.6378509, -0.74369884, -0.8470908, 0.72865134, 0.99584854, -0.9689718, -0.51893777, 0.56623274, 0.5671768, -0.44473886, 0.26370442, 0.86311346, 0.15108174, 0.37423763, 0.5230092, -0.41914034, -0.9287247, 0.7349692, 0.82313496, 0.5624266, -0.5710422, -0.09450142, 0.046655796, 0.4787894, -0.5925095, 0.48573545, -0.94824874, 0.6974188, -0.2046604, 0.9152118, -0.09286409, 0.09960824, -0.12867327, 0.74723494, -0.44491342, 0.56091213, 0.90063417, 0.672892, -0.31090516, 0.59990287, 0.4952032, -0.7097767, 0.39858398, 0.7520787, -0.9390724, -0.2370161, -0.08087704, 0.8310989, -0.19339503, -0.36893463, -0.5774411, 0.4038337, 0.6023952, 0.5872661, -0.7089928, 0.8016805, 0.29290098, -0.37848738, -0.26834148, -0.7800795, 0.48754373, 0.4100773, -0.8706741, -0.2190258, -0.05537294, 0.477987, 0.24951462, -0.38028944, -0.050808508, -0.020016504, -0.24588211, 0.57866466, 0.68710107, 0.670393, 0.20391801, 0.81392753, -0.10409832, 0.8572086, -0.6564187, -0.35330033, 0.2692245, 0.45891473, -0.7349253, -0.37145966, 0.8852648, -0.9723758, -0.027984347, 0.43972772, 0.010146972, -0.2502976, 0.662991, 0.08641789, 0.3683847, 0.42419368, 0.2659055, -0.46319255, 0.68374735, 0.5199029, 0.024629459, 0.549288, 0.8181793, 0.90515184, -0.39211023, 0.592928, 0.04849226, -0.11968335, 0.52928054, -0.24205497, -0.77891743, 0.82037485, -0.254977, -0.35835767, -0.96611357, 0.5976275, 0.78186494, 0.18016464, 0.2806687, 0.45707533, 0.731602, 0.4199896, -0.26017344, -0.047832254, -0.7592541, -0.6918895, 0.49104288, 0.823784, 0.0020428598, -0.09813994, 0.90491945, 0.7033804, 0.8325104, 0.009694117, -0.017985325, 0.2926322, -0.48261002, -0.44896367, 0.92437357, -0.9271692, -0.39895296, 0.56783897, 0.45481598, 0.79883856, 0.8552689, 0.054758828, -0.22072975, 0.28315595, -0.55842227, 0.485889, -0.6718161, 0.027800543, -0.3030831, -0.11306092, 0.57655144, -0.85403585, -0.24447125, -0.003945565, 0.80141085, 0.8591716, -0.43037942, 0.54629207, 0.5406153, 0.9438254, 0.34179294, 0.37899056, -0.09301103, 0.10741802, 0.7111112, 0.3877244, -0.18674438, -0.69056743, -0.76868474, -0.15905844, -0.12805848, -0.6520332, -0.6102759, -0.15254082, -0.88778555, 0.40540856, -0.27309644, -0.77611136, 0.56055367, -0.955014, -0.27015284, -0.028579561, -0.6511292, 0.28520635, 0.77491784, -0.40688926, -0.10369093, -0.2668051, 0.3563068, 0.7075271, 0.1371776, -0.7530359, -0.457469, 0.7153476, 0.45680743, 0.092678085, 0.4871861, -0.7592542, 0.6092454, -0.31534833, 0.75603384, -0.7205999, 0.8431383, 0.42322382, -0.7289204, -0.50162834, -0.98169047, 0.068953626, 0.527454, -0.89662045, 0.7809851, -0.41805956, -0.3480931, 0.93724567, -0.9774777, -0.28088146, -0.7945362, 0.20664309, -0.84722716, 0.24932393, 0.5448584, 0.08037542, -0.37833962, 0.62230337, -0.12313624, 0.14631787, 0.7449349, 0.57729584, -0.29155257, -0.7494597, 0.6250643, 0.45642546, 0.8060948, -0.35711402, -0.3462681, 0.15480244, -0.05149998, 0.5987167, -0.065333605, -0.13960202, -0.89653057, -0.2912311, 0.7620237, -0.08202865, -0.35329247, -0.7200198, -0.40505037, 0.5231556, 0.16257708, 0.73507035, 0.18964966, 0.88109845, 0.052130636, -0.4166286, 0.9091768, 0.15618336, -0.58151025, 0.24819754, 0.16257869, 0.44994697, -0.2074672, 0.2558522, -0.952411, -0.0052733994, 0.77945495, -0.84265745, 0.6576399, -0.043113794, 0.31980592, 0.37022632, -0.8094759, -0.7417569, -0.09082383, -0.3878244, 0.85635215, 0.32534212, 0.9330796, -0.94597197, 0.49625745, -0.7966985, -0.28194842, -0.7563324, 0.063761935, -0.95918685, 0.86767954, -0.84666115, -0.21717794, -0.97381175, 0.19685264, -0.5753937, 0.8672918, 0.7586717, 0.93102163, 0.9015895, 0.9101322, -0.17198364, -0.119585045, -0.5637579, -0.19205858, -0.5735631, -0.65488946, -0.18812634, -0.6901859, -0.11795695, -0.50049204, 0.6771304, -0.16758001, 0.236924, 0.6023042, -0.5578733, 0.4202643, -0.454666, 0.16499786, -0.6720211, 0.09677178, -0.11739374, 0.14220795, -0.43848547, -0.84005755, 0.6319487, 0.11996376, -0.30516675, 0.43147904, 0.25609714, 0.161336, -0.36742762, -0.7721085, -0.22443348, 0.014315802, -0.39647004, -0.95002973, -0.6850425, -0.2108775, 0.08263413, 0.35773134, 0.5747925, 0.3736598, -0.45550996, -0.20897149, -0.43816903, -0.299981, 0.638367, 0.57150936, 0.0801162, -0.41349506, -0.5597591, -0.008673067, -0.31543252, -0.2782572, 0.03916876, 0.2420211, -0.6359609, -0.86627734, 0.8406166, -0.32385328, -0.647393, 0.27815473, -0.43820357, 0.7848246, -0.8834385, -0.9278831, 0.76603395, -0.28276637, -0.71280116, 0.5432931, 0.6173355, 0.6337227, -0.3062089, 0.57617617, -0.2119733, 0.939417, 0.49775445, -0.5595407, 0.07673682, 0.5186942, 0.014673719, -0.091080844, -0.83516085, -0.31683525, -0.2170176, 0.98755646, -0.82194275, 0.46455285, -0.39541078, -0.6540232, 0.8434863, 0.34636047, -0.61932915, -0.623701, -0.5884176, -0.56963927, -0.61877656, 0.6110384, -0.45124415, 0.5435469, -0.78495944, 0.41304544, 0.68248326, 0.12421467, 0.5415987, -0.7518748, 0.52930206, -0.16416189, 0.45959455, -0.22704358, 0.25647673, 0.8953834, 0.8177241, 0.44379875, -0.18814722, -0.7087217, 0.6646139, -0.059312675, 0.03755033, 0.3754146, -0.999269, 0.9755264, 0.83726805, 0.018040165, -0.639707, -0.7653753, 0.20731285, 0.11497777, -0.05295358, 0.6364119, 0.03073538, 0.1746096, -0.046446584, 0.76703817, 0.051152874, 0.76503354, -0.7077751, -0.5459295, -0.5230174, 0.58567804, 0.838263, -0.7021389, 0.36318284, -0.2438921, -0.573152, 0.6616183, 0.2999957, 0.7392711, -0.4552199, -0.8938228, -0.9601999, -0.62849015, -0.999584, 0.18934473, -0.031409495, -0.75502664, 0.9034648, 0.2791087, 0.20414925, 0.16564757, -0.35500538, -0.46497682, -0.9139232, 0.46712238, 0.95667607, -0.9383715, -0.39566112, -0.18824694, -0.45174962, 0.6846484, 0.59810144, 0.76958233, 0.34315902, -0.7951184, -0.06909151, -0.17937753, -0.05331374, 0.060543895, 0.6799507, 0.9446911, -0.8905357, -0.9092414, 0.48994106, 0.40444326, -0.49910137, 0.39289826, -0.88281906, 0.19483213, -0.41173857, -0.16614953, 0.6191343, 0.72661424, 0.41385877, -0.9149031, 0.58760285, 0.84206235, -0.26766437, 0.6733871, 0.78838414, -0.85037977, 0.584235, -0.6131973, 0.5879965, -0.6085562, -0.4523415, -0.7798694, 0.14571689, -0.846612, -0.35254982, 0.11648071, -0.15678434, -0.5020101, 0.30653542, 0.7525787, 0.9738124, 0.57131594, 0.9059528, -0.62189883, -0.91303575, 0.40742242, 0.19832495, -0.008244877, -0.8640648, -0.6104166, 0.59241754, -0.90754163, 0.6424443, 0.81647825, 0.8671932, -0.06098622, 0.8646509, -0.71704555, -0.5321835, 0.45632926, 0.49753493, 0.1944237, -0.39540604, -0.761972, -0.37636676, -0.29443777, 0.8887717, 0.9638349, -0.99060297, 0.5013798, -0.10219588, 0.5986313, 0.2535163, -0.835726, -0.93254954, 0.05141476, 0.83190584, -0.41703263, -0.22469518, 0.8536984, -0.6179542, 0.46658263, -0.00979789, -0.050378587, 0.30968693, -0.43795097, 0.5327638, 0.16926953]","[-7.0, 4.0, 4.0, -2.0, -1.0, 4.0, -1.0, 2.0, -2.0, -3.0, -2.0, -1.0, 4.0, -2.0, 4.0, -2.0, -2.0, -3.0, -7.0, -1.0, -8.0, -2.0, -2.0, -7.0, 5.0, 10.0, -7.0, -8.0, 3.0, -7.0, -14.0, 4.0, -2.0, 4.0, 5.0, 3.0, 4.0, -6.0, -7.0, -7.0, 0.0, 5.0, -1.0, -4.0, 1.0, 5.0, 3.0, -7.0, -3.0, -2.0, 5.0, 3.0, 5.0, -1.0, 1.0, 1.0, -1.0, -2.0, 0.0, 4.0, 3.0, 4.0, -2.0, 0.0, 3.0, 4.0, -7.0, -3.0, -2.0, 5.0, 5.0, 2.0, -1.0, 4.0, -6.0, 3.0, 4.0, -3.0, -1.0, 6.0, -2.0, -6.0, -1.0, -7.0, 6.0, 10.0, -1.0, -1.0, 0.0, 4.0, -1.0, 6.0, -1.0, 10.0, -2.0, 4.0, 4.0, -3.0, -6.0, -4.0, -1.0, -1.0, 1.0, -1.0, -8.0, 5.0, 1.0, 3.0, 5.0, -3.0, -2.0, -7.0, -7.0, -2.0, 4.0, -8.0, 5.0, -7.0, 5.0, -3.0, 5.0, 5.0, 0.0, 4.0, -2.0, 3.0, -1.0, 4.0, 3.0, -2.0, 5.0, -1.0, -4.0, -7.0, -2.0, -8.0, -1.0, -8.0, 3.0, 4.0, 4.0, 5.0, -2.0, 4.0, 5.0, 4.0, -8.0, 0.0, -7.0, 4.0, -10.0, 5.0, -3.0, 0.0, -2.0, -7.0, 4.0, 4.0, 4.0, -1.0, -3.0, 4.0, 5.0, 3.0, -13.0, -1.0, -7.0, 4.0, -9.0, -5.0, 3.0, -1.0, 5.0, 3.0, 1.0, -2.0, -2.0, -2.0, -3.0, 0.0, 3.0, -2.0, -2.0, -5.0, -2.0, -2.0, 5.0, -6.0, 2.0, 10.0, -3.0, -2.0, 4.0, -4.0, -2.0, 0.0, -2.0, -8.0, -2.0, -2.0, -8.0, -2.0, -2.0, 5.0, -1.0, 5.0, -1.0, -3.0, -1.0, -1.0, 5.0, 4.0, -2.0, 4.0, 1.0, -8.0, 4.0, 4.0, -2.0, -3.0, 4.0, -7.0, -3.0, -7.0, 8.0, 5.0, 4.0, -3.0, 0.0, 4.0, -7.0, 0.0, 5.0, -2.0, 0.0, 4.0, 4.0, 4.0, -1.0, 3.0, 1.0, -1.0, -6.0, 3.0, 2.0, 0.0, 4.0, -5.0, -2.0, 6.0, -2.0, -5.0, -2.0, -1.0, -2.0, -4.0, -1.0, -4.0, -2.0, -2.0, -2.0, 5.0, -7.0, -2.0, 4.0, -1.0, -7.0, 1.0, -7.0, 5.0, 4.0, -1.0, -1.0, -6.0, 6.0, -1.0, 5.0, -2.0, -4.0, -7.0, 4.0, -1.0, 0.0, -1.0, -1.0, 12.0, 0.0, -1.0, 4.0, 4.0, -1.0, -2.0, -8.0, -2.0, -2.0, -1.0, -7.0, -1.0, -3.0, -2.0, 4.0, 3.0, 4.0, -1.0, -1.0, 0.0, -3.0, 4.0, 0.0, -2.0, 3.0, 3.0, -6.0, -1.0, -2.0, 0.0, 1.0, -1.0, 5.0, 4.0, -1.0, -8.0, -1.0, 3.0, 6.0, 1.0, -7.0, 4.0, 5.0, 2.0, 0.0, 0.0, 4.0, 10.0, -2.0, -2.0, -8.0, -2.0, 4.0, 12.0, -1.0, 5.0, -4.0, -7.0, -7.0, 0.0, -1.0, -1.0, -2.0, -1.0, -3.0, -1.0, -1.0, 4.0, 5.0, 5.0, -2.0, -7.0, 3.0, -1.0, -7.0, -1.0, 4.0, -7.0, 6.0, -1.0, 4.0, 10.0, 4.0, -7.0, -1.0, 13.0, 4.0, 9.0, 0.0, 4.0, -3.0, 4.0, 5.0, 4.0, 4.0, 4.0, -2.0, 5.0, -1.0, 4.0, 3.0, 5.0, 5.0, 3.0, 0.0, 5.0, -2.0, 11.0, 5.0, 11.0, -2.0, -2.0, 5.0, 10.0, -3.0, 5.0, 10.0, -1.0, 3.0, -1.0, -7.0, 5.0, -2.0, 4.0, -2.0, 3.0, 3.0, 1.0, -8.0, -2.0, -10.0, 5.0, 0.0, -3.0, -8.0, 1.0, 8.0, -6.0, 6.0, 3.0, -7.0, -7.0, -2.0, -1.0, -1.0, -1.0, -2.0, -2.0, -2.0, -2.0, -14.0, -7.0, -1.0, -7.0, -1.0, -8.0, 4.0, -2.0, 5.0, -2.0, 5.0, -2.0, 5.0, 4.0, -1.0, -2.0, 4.0, 4.0, 5.0, 4.0, 3.0, -1.0, 4.0, 2.0, 4.0, -2.0, -2.0, -1.0, 9.0, -1.0, -1.0, -8.0, 0.0, 5.0, 2.0, 4.0, -1.0, 5.0, -1.0, 5.0, -8.0, -1.0, -2.0, -1.0, -2.0, -2.0, -10.0, 5.0, -5.0, -1.0, 5.0, 11.0, -1.0, 0.0, -5.0, -2.0, -2.0, 2.0, -2.0, -2.0, -2.0, -8.0, 0.0, -2.0, -7.0, 4.0, -7.0, -1.0, -3.0, -5.0, 4.0, 2.0, -1.0, -2.0, 4.0, 5.0, -4.0, 4.0, -1.0, -1.0, -1.0, 3.0, 9.0, -7.0, 4.0, -2.0, -3.0, -2.0, -2.0, 5.0, 4.0, 4.0, -5.0, -1.0, -1.0, 3.0, -3.0, -1.0, -7.0, 0.0, -1.0, 4.0, 3.0, -5.0, 5.0, 4.0, -1.0, -1.0, 4.0, -3.0, -1.0, -1.0, -2.0, -2.0, 5.0, 5.0, -2.0, 1.0, -7.0, 5.0, 4.0, -2.0, -1.0, 3.0, -1.0, -7.0, -5.0, -2.0, -1.0, -1.0, 5.0, -1.0, 0.0, 4.0, -3.0, -7.0, -2.0, -1.0, -1.0, -2.0, 3.0, -3.0, -2.0, 1.0, 1.0, -3.0, 0.0, -1.0, -8.0, 4.0, 3.0, 1.0, -1.0, -2.0, -7.0, -2.0, -1.0, 3.0, -1.0, -1.0, 5.0, -3.0, 4.0, 0.0, -2.0, -7.0, -7.0, 3.0, 5.0, -1.0, 11.0, 4.0, -1.0, 4.0, -2.0, 0.0, 10.0, 0.0, -7.0, -2.0, -8.0, -2.0, 7.0, -1.0, -1.0, 4.0, 6.0, 5.0, 4.0, 2.0, -1.0, -2.0, 10.0, -4.0, -1.0, -2.0, 4.0, -1.0, -1.0, 0.0, 5.0, -1.0, 2.0, -1.0, -2.0, -1.0, -6.0, 2.0, -1.0, -2.0, 1.0, -2.0, 3.0, -2.0, -2.0, 6.0, -2.0, -2.0, 1.0, -2.0, -2.0, -6.0, 4.0, 1.0, 5.0, -3.0, -3.0, 5.0, 4.0, -6.0, -2.0, -1.0, -1.0, 0.0, -1.0, -3.0, 3.0, 3.0, 1.0, 0.0, 5.0, 1.0, -1.0, -1.0, -2.0, -1.0, 5.0, -3.0, 5.0, -1.0, -12.0, -2.0, -1.0, -1.0, -5.0, -7.0, -1.0, -2.0, -3.0, 6.0, 8.0, -3.0, 0.0, 4.0, 3.0, 5.0, -1.0, 3.0, 4.0, -1.0, 4.0, -1.0, 5.0, -15.0, -7.0, -1.0, -2.0, 1.0, -7.0, 5.0, -1.0, 1.0, -2.0, 6.0, 0.0, -4.0, -1.0, -2.0, 2.0, -2.0, 0.0, -6.0, -8.0, -2.0, 4.0, 4.0, -2.0, 1.0, 1.0, -5.0, 4.0, -1.0, -3.0, 10.0, -2.0, 5.0, 3.0, -1.0, 3.0, 5.0, 4.0, -2.0, -3.0, 4.0, 4.0, -1.0, 3.0, 10.0, -1.0, 2.0, -2.0, 4.0, -2.0, 5.0, -6.0, 5.0, -1.0, -5.0, 4.0, 0.0, 5.0, 0.0, -2.0, -2.0, -8.0, -2.0, -1.0, 5.0, -1.0, 5.0, -2.0, -1.0, -2.0, -2.0, -2.0, -2.0, 10.0, 4.0, 3.0, 3.0, 4.0, 10.0, 4.0, 4.0, -2.0, 0.0, -2.0, -13.0, 4.0, -1.0, 9.0, -2.0, 4.0, 3.0, 4.0, -2.0, -2.0, 5.0, -3.0, -7.0, -2.0, -2.0, -2.0, -7.0, -1.0, -2.0, 0.0, 10.0, 9.0, -1.0, 4.0, -2.0, -2.0, -7.0, 5.0, 11.0, 4.0, 5.0, -1.0, -8.0, 4.0, -2.0, -5.0, 4.0, -1.0, -7.0, -1.0, 4.0, 0.0, -1.0, -1.0, -8.0, -2.0, -1.0, 5.0, 4.0, -9.0, -4.0, -1.0, -14.0, 2.0, -12.0, -2.0, -7.0, 6.0, -1.0, 5.0, -8.0, -7.0, -1.0, -2.0, -4.0, 3.0, -2.0, -7.0, 0.0, 4.0, 5.0, 5.0, 9.0, 5.0, 2.0, -2.0, -1.0, 7.0, -1.0, 3.0, -1.0, 4.0, 4.0, -1.0, -2.0, 5.0, 4.0, -2.0, -2.0, -1.0, 4.0, -1.0, 0.0, -4.0, 3.0, -8.0, 4.0, -5.0, -1.0, -7.0, -2.0, -7.0, -1.0, 3.0, 5.0, -2.0, 5.0, -9.0, 5.0, -2.0, 0.0, -1.0, -5.0, -1.0, -1.0, -14.0, 0.0, 5.0, 11.0, -2.0, 5.0, 5.0, 4.0, 4.0, -1.0, -1.0, 4.0, -2.0, -1.0, -5.0, 4.0, 5.0, 4.0, 2.0, -7.0, -2.0, -2.0, 5.0, 6.0, -1.0, 4.0, 0.0, 5.0, 5.0, -7.0, -6.0, 6.0, 3.0, -7.0, -7.0, -3.0, -7.0, -1.0, 5.0, -6.0, -13.0, 10.0, -1.0, 6.0, 10.0, -1.0, 3.0, -2.0, 0.0, 1.0, -2.0, -3.0, -2.0, 5.0, 5.0, -3.0, -2.0, -6.0, 15.0, 5.0, 3.0, -4.0, 5.0, 0.0, -1.0, 5.0, -2.0, 4.0, -1.0, 5.0, 4.0, -1.0, 4.0, -1.0, 11.0, -2.0, -8.0, -1.0, 8.0, 5.0, 9.0, 2.0, -6.0, 4.0, 3.0, -8.0, -1.0, 11.0, -2.0, -2.0, -20.0, -2.0]",8.192839107609505,0.0033216476440429,0.0,0.0,0
53,53,"[-0.24398226, -0.110785514, -0.9515291, -0.68527496, 0.3297753, 0.84620076, 0.4909593, 0.09861063, 0.50389373, 0.18882674, -0.6907436, -0.12764435, -0.76581675, 0.58393574, -0.38709247, 0.3631742, -0.15996875, 0.9901567, 0.25304306, 0.25237247, -0.22703367, 0.44576487, -0.57600415, -0.3395726, 0.6004846, 0.46238047, -0.04510564, -0.6764744, -0.46659923, -0.29766446, 0.33907083, -0.46642703, 0.6951482, -0.6983821, 0.3532553, 0.40754667, -0.40801176, -0.7156729, -0.57563484, -0.8490504, 0.85328144, -0.099756904, 0.4088975, 0.6919271, -0.4740994, 0.8693791, -0.42142034, 0.49463972, 0.89917725, 0.64211994, -0.85234964, -0.29097104, -0.4134747, 0.7301635, -0.5652638, 0.9751705, 0.73289704, 0.17130284, -0.48861745, 0.30476263, -0.42477685, -0.37834927, 0.15738636, 0.27738214, -0.10700458, 0.38834, 0.64522606, -0.64200634, 0.4692425, -0.8624146, -0.6123287, -0.15798922, 0.15800345, 0.68447995, -0.25271463, -0.69549143, -0.9006839, -0.38011298, 0.5855916, -0.48726854, 0.35185188, 0.9795683, 0.4885409, -0.2819766, 0.904203, -0.73794043, 0.99868524, 0.26168317, 0.15688966, -0.7028316, -0.27933395, -0.14754614, 0.6701716, 0.13058518, -0.8639767, -0.8882455, -0.7559755, 0.32872835, 0.22405487, 0.25312084, 0.56273794, -0.9483932, -0.4218187, 0.27232423, -0.9256242, 0.019408952, 0.18666157, 0.64706993, -0.4036485, 0.93659145, 0.06088172, 0.50849736, 0.7509504, 0.6485913, -0.9628848, -0.51250976, -0.3488392, -0.23381491, -0.53703856, 0.6761564, -0.23662816, 0.4065887, 0.6220197, 0.527911, 0.5691861, 0.8387229, -0.83115023, 0.8828513, 0.92513996, -0.60911506, -0.6923767, -0.6752603, -0.6303582, 0.86863786, 0.91384095, 0.9244173, -0.34092945, 0.012654963, 0.9747386, -0.5536067, -0.34658593, -0.04348576, -0.04792838, -0.35893726, 0.41473866, 0.21299918, -0.36340582, 0.14162861, 0.06288716, 0.5750614, -0.23631786, -0.99442667, -0.2592046, -0.9992064, -0.61636853, 0.5122661, -0.75705105, 0.59385717, -0.41562417, 0.0966979, 0.20082715, -0.3619792, -0.767226, 0.67566943, -0.08516659, -0.59584296, -0.9709385, 0.5416491, -0.7715649, 0.07925897, 0.6021923, -0.3657212, -0.31349203, -0.7984639, -0.08281889, -0.5054471, 0.028157089, 0.8306737, -0.8239629, 0.560969, 0.75644124, -0.80547917, -0.3164466, -0.19595681, 0.9388304, 0.8150085, 0.7649854, -0.98148453, -0.79967546, -0.6994984, -0.9901425, 0.69620055, 0.8079267, -0.6551884, 0.8870414, -0.21456765, -0.02923444, 0.3107081, -0.48305014, 0.27067506, -0.96818185, -0.8924375, 0.78871816, -0.9973336, 0.34875125, -0.520611, 0.3000455, -0.7014283, -0.11217657, -0.42985183, -0.8385535, -0.8178199, -0.9492133, 0.71456695, 0.26305097, -0.24428497, -0.74071836, -0.9258327, 0.6388279, 0.8131445, 0.72546023, -0.5997998, 0.53885263, -0.86219585, -0.9461401, -0.26670998, 0.9301672, -0.37503627, -0.24157917, 0.022562183, -0.8584849, 0.19610508, 0.31465703, -0.4352934, -0.44275054, 0.8696321, 0.95240027, 0.39207432, -0.5031121, -0.26077008, 0.6055313, 0.9409075, 0.13304628, 0.82891303, 0.34080297, 0.66010964, -0.7116444, 0.7343572, -0.9076982, -0.2033238, 0.5158002, 0.23086895, 0.03592983, -0.9387879, -0.03130841, -0.42040792, -0.28279403, -0.32848522, 0.48180202, 0.3039852, 0.16118233, -0.37408426, -0.29176638, -0.38464996, -0.91223353, 0.38400936, 0.9448054, -0.20143525, -0.4654468, -0.760496, 0.5951816, 0.76275927, 0.7323896, -0.7089243, -0.7129967, 0.4753721, 0.78340906, -0.50496936, -0.3175258, 0.84128356, 0.7159596, -0.08856265, 0.37194303, 0.66869575, -0.71516967, 0.29974654, 0.6274546, 0.34389314, -0.12767555, 0.39086848, -0.32208547, -0.6524604, 0.06172599, -0.8336339, 0.09927432, -0.09339022, 0.18281563, -0.12431663, 0.5015105, 0.33541724, -0.14483482, 0.60012305, 0.7818742, -0.29167363, -0.93539083, 0.6571299, -0.4156896, 0.3062644, 0.31138512, 0.3468142, 0.030242717, -0.13913332, 0.3826947, -0.55725604, -0.099116765, -0.23291424, -0.41340587, 0.9199943, 0.111778274, -0.8870051, -0.34937057, -0.9144904, -0.7294865, 0.5586834, -0.6447984, -0.91461736, -0.8433834, -0.08225338, 0.32782686, 0.48093006, -0.42833766, -0.4081492, 0.9354344, -0.92409223, -0.45156837, 0.52476513, 0.9594744, -0.6064363, -0.1437267, 0.5404091, 0.7970427, 0.8649246, 0.34041223, 0.34453547, -0.4675385, -0.86733395, 0.1360781, 0.6052415, 0.9156799, -0.13826771, 0.31382298, 0.71436256, -0.9376189, 0.57662725, -0.9995599, 0.33480313, -0.45538044, 0.2574353, 0.58519036, -0.24804403, -0.5863974, -0.6528046, 0.07402994, 0.6070632, 0.97310513, 0.9937432, 0.7009017, 0.14243038, 0.8154322, -0.86061627, -0.94498384, 0.9147268, -0.39455298, 0.15473683, 0.55622435, -0.13977014, 0.10315066, -0.7454665, -0.1809708, -0.6824961, 0.35065702, 0.13122363, -0.2255659, -0.33282557, 0.54417807, -0.3544868, -0.187721, -0.5142405, -0.24107298, -0.43258977, 0.21025334, 0.39146337, 0.42105168, -0.6964988, -0.65832, -0.8187133, -0.79698527, -0.9053143, 0.5287801, -0.92559904, 0.8769892, -0.059174158, -0.4501127, -0.54249203, 0.13152324, -0.072701335, 0.28085843, 0.9677548, -0.35723042, 0.44641027, -0.76550084, 0.49350372, -0.98664254, -0.44456705, -0.09322082, -0.48668507, 0.10036993, 0.25413725, 0.9875768, -0.545273, 0.36376858, 0.24921127, -0.5274461, 0.8572067, -0.58485717, 0.1895251, 0.79896414, -0.36502072, -0.6989186, -0.51278025, 0.6271981, 0.4561088, -0.03511477, -0.8510778, 0.18059613, -0.31591895, 0.8329245, 0.4487243, -0.32684198, 0.15648748, -0.5772044, -0.330935, 0.39193556, -0.6267887, 0.69185865, 0.059296872, 0.7446956, -0.62244916, -0.3189069, -0.8324963, 0.763498, -0.80935776, -0.5446581, 0.9259663, -0.89333904, -0.34647018, -0.26615512, 0.08678656, 0.6997968, -0.34049073, -0.74892265, 0.04886086, 0.93105036, -0.7203701, 0.28323713, -0.68508714, 0.18870844, -0.07605963, 0.7618033, 0.29958183, 0.7770366, -0.32904497, 0.9501832, -0.04175454, 0.52640045, -0.17838666, 0.10817321, 0.8847602, 0.3287362, -0.71791905, -0.10239542, 0.7091376, -0.9784288, -0.71780676, -0.0635366, -0.24219285, 0.18215707, 0.446589, -0.4191582, -0.31235388, -0.1663388, -0.112324044, 0.2475574, -0.72610116, 0.3605362, -0.1704256, 0.068241, 0.8332774, 0.617531, 0.63581735, -0.0064301956, 0.030188695, -0.0028037657, -0.784165, 0.8126434, 0.30781746, 0.9379163, 0.47745195, 0.6931385, -0.6244842, -0.4071672, -0.65577596, -0.09600537, 0.6776055, -0.31917554, -0.7173799, 0.91964024, -0.34980246, 0.31017235, -0.4549779, -0.5453113, 0.042808365, -0.58212125, -0.47558966, -0.57350695, 0.9314939, 0.7566343, 0.90650904, -0.5772779, 0.25654316, -0.329672, -0.17057648, 0.1936953, 0.104965456, -0.22401217, -0.24360467, -0.96852666, 0.38277394, -0.48083082, -0.122560166, 0.257166, 0.63668686, 0.98950326, 0.055135813, -0.019925361, 0.7360748, -0.6827548, 0.9139375, 0.5355438, -0.63997394, -0.37813923, 0.5160345, 0.07842523, -0.46765193, 0.8320762, -0.47834674, 0.7267575, -0.14803377, -0.92845345, -0.17859754, -0.0657318, -0.9433099, 0.004918864, 0.814013, 0.56609577, 0.01315613, 0.5697283, -0.8284483, 0.6014304, 0.19403589, 0.491569, -0.38125068, 0.3682896, 0.035879888, 0.3708812, 0.08966023, 0.06729835, 0.3685141, 0.8054247, 0.61756456, -0.4791573, -0.6432083, -0.5904006, -0.87829745, -0.084045745, -0.18562543, 0.41336942, -0.47162557, 0.7992793, -0.7635522, 0.26608312, -0.20648864, 0.07430427, -0.30032653, -0.18035792, 0.93434095, -0.10440556, 0.6841114, -0.012148909, 0.95408154, 0.2811456, -0.47935426, -0.312529, -0.52924275, -0.9383999, -0.211349, 0.83283603, 0.7317473, 0.023825651, -0.2289596, -0.50888115, 0.48672065, -0.5122197, 0.75660884, -0.74988, -0.5568427, 0.51627815, 0.22382814, -0.3704336, 0.81832486, -0.6791525, 0.067842185, -0.870341, -0.45162484, 0.22795652, 0.7079708, -0.6228408, -0.18341456, 0.6662842, 0.6305234, 0.059353855, 0.6549342, -0.5073409, -0.4212672, -0.13469648, 0.3446889, -0.5753859, -0.7829898, 0.25992554, 0.84272844, 0.6041588, -0.10697978, -0.32204026, -0.5546049, 0.18553077, 0.8907535, 0.6849128, -0.9700551, 0.30098426, 0.22875872, -0.14613923, -0.28245813, -0.04881369, 0.702202, 0.52962995, -0.2958994, 0.117555566, 0.15600757, 0.823152, 0.5645257, 0.25858957, 0.3503175, 0.94816697, -0.8147896, -0.37799883, 0.19144455, -0.2580292, 0.6450948, 0.22965875, -0.29509032, -0.7400147, 0.9360202, -0.42746595, -0.7866112, -0.6059392, -0.3038619, 0.52318686, 0.079997495, 0.44711497, 0.35361195, 0.5372251, 0.26033276, 0.47073808, -0.24041682, -0.5730152, -0.9625168, 0.5497026, 0.99629974, -0.97208697, -0.065323606, -0.21516119, 0.748286, -0.5387546, -0.7717323, 0.69467473, 0.51491815, -0.049605064, 0.5330468, -0.18456897, -0.010790082, -0.4214163, -0.4851193, -0.9700203, -0.8854701, -0.29222372, 0.555386, -0.87333924, -0.43150908, 0.9336889, -0.02881183, 0.73393226, 0.93048227, -0.36789313, 0.072266854, -0.7163094, -0.28266835, 0.43423095, -0.76679444, -0.102885894, -0.28290322, 0.19373688, -0.129782, -0.74877983, -0.33672783, -0.37951905, 0.7612831, -0.8816239, -0.26948404, -0.11164247, -0.062163737, 0.7158968, -0.89630115, -0.4551276, 0.985645, 0.7754634, 0.94632757, -0.5851009, -0.3545156, 0.7601606, 0.5979231, 0.78640294, -0.75974816, 0.4230062, -0.11406734, -0.7183408, -0.83130354, -0.90085936, -0.69822943, 0.0013088072, -0.3606513, -0.30513874, -0.55027246, 0.82992834, -0.43073234, 0.07236191, -0.3830714, 0.5461156, -0.68868524, 0.40148774, 0.43019253, 0.39710858, 0.5749856, 0.7748629, 0.17224516, -0.014059587, -0.49466038, 0.3436893, 0.49743074, 0.86151344, 0.044667475, 0.3221214, -0.9222213, -0.86181664, 0.09779718, 0.93155164, 0.58186764, 0.9950933, 0.40000895, -0.23500168, 0.9372461, -0.5443321, -0.21493687, 0.24382834, 0.5526761, 0.4157375, 0.5976705, -0.36260322, 0.62168, -0.99658155, -0.907249, -0.89658785, -0.76671124, 0.0875626, -0.8973141, -0.7006235, -0.53742754, -0.8067659, 0.5669931, 0.034988057, -0.9360487, 0.8848962, -0.19104089, 0.9461458, -0.21227176, 0.48287964, 0.2907043, -0.10445272, -0.10854224, -0.1791673, -0.6967539, 0.63870716, 0.7957872, 0.791579, 0.271823, 0.019756975, -0.6967424, -0.3530854, 0.65417385, 0.9694515, -0.17509769, -0.05711464, -0.06653502, -0.9368325, 0.3227577, -0.9445292, -0.6726445, 0.14660826, 0.09449646, -0.08990069, -0.27359194, -0.1310053, 0.18987942, -0.25086984, 0.64778167, -0.77231014, -0.29617718, -0.5361012, -0.3627609, -0.7952282, 0.0681051, 0.102870435, -0.8010358, -0.53572387, 0.06643193, -0.53041345, 0.2072328, -0.2496565, -0.012153693, -0.781077, 0.7678981, 0.51346433, 0.050912388, 0.20504057, -0.21172968, -0.4100132, -0.29941517, 0.12770735, -0.49514085, -0.17310977, -0.4114765, -0.3223686, -0.64305055, -0.8406927, -0.34412828, -0.03130166, 0.0032212136, -0.6144019, 0.52314174, 0.84146464, -0.042762127, 0.2544895, -0.799395, -0.7605206, 0.8889198, 0.33233014, 0.6566437, -0.12673531, -0.76493466, 0.66503996, -0.44153085, 0.52422583, -0.7002263, -0.9120455, -0.8341818, 0.06120614, 0.016833227, -0.1648717, -0.7299154, 0.97669667, 0.30527696, -0.48391142, -0.18566294, 0.47279397, 0.5609278, 0.6486708, 0.32171845, 0.9795495, 0.8003273, -0.978666, 0.3581181, -0.94647634, -0.547416, 0.8065689, -0.7801878, 0.3885155, -0.34489402, 0.732819, 0.09288205, -0.7912227, 0.93794143, -0.44321716, -0.5202569, -0.8304764, -0.17837565, 0.4308702, 0.5282037, 0.41052565, 0.38471675, -0.29702592, 0.15100272, -0.36561656, 0.29155302, 0.56962466, 0.17407897, 0.53375274, 0.5559895, 0.36999658, 0.5746606, 0.97813755, -0.6925798, -0.63786834, 0.14520586, 0.12905863, 0.812972, -0.17907791, 0.21973015, 0.41313043, 0.7013318, -0.863103, 0.029385433, -0.06629517, 0.23239067, 0.80484957, 0.69670945, -0.270607, -0.29626065, -0.6843888, -0.69788617, 0.28004816, -0.9860484, -0.6333401, 0.39598966, -0.67981493, 0.17269231, 0.62571853, -0.6893035, 0.34605116, -0.36145353, 0.6288301, -0.15550557, 0.7745534, -0.84311634, 0.4564149, -0.518662, 0.4468599, 0.3488696, -0.9358539, -0.44315067, -0.52512944, -0.30471912, 0.5808469, 0.6887942, -0.7884349, -0.43972954, -0.37489682, -0.72067773, -0.079517536, 0.49685714, 0.6627867, 0.6950181, -0.3557236, -0.9361223, -0.017269434, 0.1657257, -0.79801714, -0.36291093, -0.12133172, 0.39551553, 0.2567151, -0.40236408, 0.17138301, -0.46235391, -0.18799019, 0.6187192, 0.033596966, -0.49632347, -0.18780345, 0.20494285, 0.4819125, -0.7875753]","[-7.0, 4.0, 4.0, -2.0, -1.0, 4.0, -1.0, 2.0, -2.0, -3.0, -2.0, -1.0, 4.0, -2.0, 4.0, -2.0, -2.0, -3.0, -7.0, -1.0, -8.0, -2.0, -2.0, -7.0, 5.0, 10.0, -7.0, -8.0, 3.0, -7.0, -14.0, 4.0, -2.0, 4.0, 5.0, 3.0, 4.0, -6.0, -7.0, -7.0, 0.0, 5.0, -1.0, -4.0, 1.0, 5.0, 3.0, -7.0, -3.0, -2.0, 5.0, 3.0, 5.0, -1.0, 1.0, 1.0, -1.0, -2.0, 0.0, 4.0, 3.0, 4.0, -2.0, 0.0, 3.0, 4.0, -7.0, -3.0, -2.0, 5.0, 5.0, 2.0, -1.0, 4.0, -6.0, 3.0, 4.0, -3.0, -1.0, 6.0, -2.0, -6.0, -1.0, -7.0, 6.0, 10.0, -1.0, -1.0, 0.0, 4.0, -1.0, 6.0, -1.0, 10.0, -2.0, 4.0, 4.0, -3.0, -6.0, -4.0, -1.0, -1.0, 1.0, -1.0, -8.0, 5.0, 1.0, 3.0, 5.0, -3.0, -2.0, -7.0, -7.0, -2.0, 4.0, -8.0, 5.0, -7.0, 5.0, -3.0, 5.0, 5.0, 0.0, 4.0, -2.0, 3.0, -1.0, 4.0, 3.0, -2.0, 5.0, -1.0, -4.0, -7.0, -2.0, -8.0, -1.0, -8.0, 3.0, 4.0, 4.0, 5.0, -2.0, 4.0, 5.0, 4.0, -8.0, 0.0, -7.0, 4.0, -10.0, 5.0, -3.0, 0.0, -2.0, -7.0, 4.0, 4.0, 4.0, -1.0, -3.0, 4.0, 5.0, 3.0, -13.0, -1.0, -7.0, 4.0, -9.0, -5.0, 3.0, -1.0, 5.0, 3.0, 1.0, -2.0, -2.0, -2.0, -3.0, 0.0, 3.0, -2.0, -2.0, -5.0, -2.0, -2.0, 5.0, -6.0, 2.0, 10.0, -3.0, -2.0, 4.0, -4.0, -2.0, 0.0, -2.0, -8.0, -2.0, -2.0, -8.0, -2.0, -2.0, 5.0, -1.0, 5.0, -1.0, -3.0, -1.0, -1.0, 5.0, 4.0, -2.0, 4.0, 1.0, -8.0, 4.0, 4.0, -2.0, -3.0, 4.0, -7.0, -3.0, -7.0, 8.0, 5.0, 4.0, -3.0, 0.0, 4.0, -7.0, 0.0, 5.0, -2.0, 0.0, 4.0, 4.0, 4.0, -1.0, 3.0, 1.0, -1.0, -6.0, 3.0, 2.0, 0.0, 4.0, -5.0, -2.0, 6.0, -2.0, -5.0, -2.0, -1.0, -2.0, -4.0, -1.0, -4.0, -2.0, -2.0, -2.0, 5.0, -7.0, -2.0, 4.0, -1.0, -7.0, 1.0, -7.0, 5.0, 4.0, -1.0, -1.0, -6.0, 6.0, -1.0, 5.0, -2.0, -4.0, -7.0, 4.0, -1.0, 0.0, -1.0, -1.0, 12.0, 0.0, -1.0, 4.0, 4.0, -1.0, -2.0, -8.0, -2.0, -2.0, -1.0, -7.0, -1.0, -3.0, -2.0, 4.0, 3.0, 4.0, -1.0, -1.0, 0.0, -3.0, 4.0, 0.0, -2.0, 3.0, 3.0, -6.0, -1.0, -2.0, 0.0, 1.0, -1.0, 5.0, 4.0, -1.0, -8.0, -1.0, 3.0, 6.0, 1.0, -7.0, 4.0, 5.0, 2.0, 0.0, 0.0, 4.0, 10.0, -2.0, -2.0, -8.0, -2.0, 4.0, 12.0, -1.0, 5.0, -4.0, -7.0, -7.0, 0.0, -1.0, -1.0, -2.0, -1.0, -3.0, -1.0, -1.0, 4.0, 5.0, 5.0, -2.0, -7.0, 3.0, -1.0, -7.0, -1.0, 4.0, -7.0, 6.0, -1.0, 4.0, 10.0, 4.0, -7.0, -1.0, 13.0, 4.0, 9.0, 0.0, 4.0, -3.0, 4.0, 5.0, 4.0, 4.0, 4.0, -2.0, 5.0, -1.0, 4.0, 3.0, 5.0, 5.0, 3.0, 0.0, 5.0, -2.0, 11.0, 5.0, 11.0, -2.0, -2.0, 5.0, 10.0, -3.0, 5.0, 10.0, -1.0, 3.0, -1.0, -7.0, 5.0, -2.0, 4.0, -2.0, 3.0, 3.0, 1.0, -8.0, -2.0, -10.0, 5.0, 0.0, -3.0, -8.0, 1.0, 8.0, -6.0, 6.0, 3.0, -7.0, -7.0, -2.0, -1.0, -1.0, -1.0, -2.0, -2.0, -2.0, -2.0, -14.0, -7.0, -1.0, -7.0, -1.0, -8.0, 4.0, -2.0, 5.0, -2.0, 5.0, -2.0, 5.0, 4.0, -1.0, -2.0, 4.0, 4.0, 5.0, 4.0, 3.0, -1.0, 4.0, 2.0, 4.0, -2.0, -2.0, -1.0, 9.0, -1.0, -1.0, -8.0, 0.0, 5.0, 2.0, 4.0, -1.0, 5.0, -1.0, 5.0, -8.0, -1.0, -2.0, -1.0, -2.0, -2.0, -10.0, 5.0, -5.0, -1.0, 5.0, 11.0, -1.0, 0.0, -5.0, -2.0, -2.0, 2.0, -2.0, -2.0, -2.0, -8.0, 0.0, -2.0, -7.0, 4.0, -7.0, -1.0, -3.0, -5.0, 4.0, 2.0, -1.0, -2.0, 4.0, 5.0, -4.0, 4.0, -1.0, -1.0, -1.0, 3.0, 9.0, -7.0, 4.0, -2.0, -3.0, -2.0, -2.0, 5.0, 4.0, 4.0, -5.0, -1.0, -1.0, 3.0, -3.0, -1.0, -7.0, 0.0, -1.0, 4.0, 3.0, -5.0, 5.0, 4.0, -1.0, -1.0, 4.0, -3.0, -1.0, -1.0, -2.0, -2.0, 5.0, 5.0, -2.0, 1.0, -7.0, 5.0, 4.0, -2.0, -1.0, 3.0, -1.0, -7.0, -5.0, -2.0, -1.0, -1.0, 5.0, -1.0, 0.0, 4.0, -3.0, -7.0, -2.0, -1.0, -1.0, -2.0, 3.0, -3.0, -2.0, 1.0, 1.0, -3.0, 0.0, -1.0, -8.0, 4.0, 3.0, 1.0, -1.0, -2.0, -7.0, -2.0, -1.0, 3.0, -1.0, -1.0, 5.0, -3.0, 4.0, 0.0, -2.0, -7.0, -7.0, 3.0, 5.0, -1.0, 11.0, 4.0, -1.0, 4.0, -2.0, 0.0, 10.0, 0.0, -7.0, -2.0, -8.0, -2.0, 7.0, -1.0, -1.0, 4.0, 6.0, 5.0, 4.0, 2.0, -1.0, -2.0, 10.0, -4.0, -1.0, -2.0, 4.0, -1.0, -1.0, 0.0, 5.0, -1.0, 2.0, -1.0, -2.0, -1.0, -6.0, 2.0, -1.0, -2.0, 1.0, -2.0, 3.0, -2.0, -2.0, 6.0, -2.0, -2.0, 1.0, -2.0, -2.0, -6.0, 4.0, 1.0, 5.0, -3.0, -3.0, 5.0, 4.0, -6.0, -2.0, -1.0, -1.0, 0.0, -1.0, -3.0, 3.0, 3.0, 1.0, 0.0, 5.0, 1.0, -1.0, -1.0, -2.0, -1.0, 5.0, -3.0, 5.0, -1.0, -12.0, -2.0, -1.0, -1.0, -5.0, -7.0, -1.0, -2.0, -3.0, 6.0, 8.0, -3.0, 0.0, 4.0, 3.0, 5.0, -1.0, 3.0, 4.0, -1.0, 4.0, -1.0, 5.0, -15.0, -7.0, -1.0, -2.0, 1.0, -7.0, 5.0, -1.0, 1.0, -2.0, 6.0, 0.0, -4.0, -1.0, -2.0, 2.0, -2.0, 0.0, -6.0, -8.0, -2.0, 4.0, 4.0, -2.0, 1.0, 1.0, -5.0, 4.0, -1.0, -3.0, 10.0, -2.0, 5.0, 3.0, -1.0, 3.0, 5.0, 4.0, -2.0, -3.0, 4.0, 4.0, -1.0, 3.0, 10.0, -1.0, 2.0, -2.0, 4.0, -2.0, 5.0, -6.0, 5.0, -1.0, -5.0, 4.0, 0.0, 5.0, 0.0, -2.0, -2.0, -8.0, -2.0, -1.0, 5.0, -1.0, 5.0, -2.0, -1.0, -2.0, -2.0, -2.0, -2.0, 10.0, 4.0, 3.0, 3.0, 4.0, 10.0, 4.0, 4.0, -2.0, 0.0, -2.0, -13.0, 4.0, -1.0, 9.0, -2.0, 4.0, 3.0, 4.0, -2.0, -2.0, 5.0, -3.0, -7.0, -2.0, -2.0, -2.0, -7.0, -1.0, -2.0, 0.0, 10.0, 9.0, -1.0, 4.0, -2.0, -2.0, -7.0, 5.0, 11.0, 4.0, 5.0, -1.0, -8.0, 4.0, -2.0, -5.0, 4.0, -1.0, -7.0, -1.0, 4.0, 0.0, -1.0, -1.0, -8.0, -2.0, -1.0, 5.0, 4.0, -9.0, -4.0, -1.0, -14.0, 2.0, -12.0, -2.0, -7.0, 6.0, -1.0, 5.0, -8.0, -7.0, -1.0, -2.0, -4.0, 3.0, -2.0, -7.0, 0.0, 4.0, 5.0, 5.0, 9.0, 5.0, 2.0, -2.0, -1.0, 7.0, -1.0, 3.0, -1.0, 4.0, 4.0, -1.0, -2.0, 5.0, 4.0, -2.0, -2.0, -1.0, 4.0, -1.0, 0.0, -4.0, 3.0, -8.0, 4.0, -5.0, -1.0, -7.0, -2.0, -7.0, -1.0, 3.0, 5.0, -2.0, 5.0, -9.0, 5.0, -2.0, 0.0, -1.0, -5.0, -1.0, -1.0, -14.0, 0.0, 5.0, 11.0, -2.0, 5.0, 5.0, 4.0, 4.0, -1.0, -1.0, 4.0, -2.0, -1.0, -5.0, 4.0, 5.0, 4.0, 2.0, -7.0, -2.0, -2.0, 5.0, 6.0, -1.0, 4.0, 0.0, 5.0, 5.0, -7.0, -6.0, 6.0, 3.0, -7.0, -7.0, -3.0, -7.0, -1.0, 5.0, -6.0, -13.0, 10.0, -1.0, 6.0, 10.0, -1.0, 3.0, -2.0, 0.0, 1.0, -2.0, -3.0, -2.0, 5.0, 5.0, -3.0, -2.0, -6.0, 15.0, 5.0, 3.0, -4.0, 5.0, 0.0, -1.0, 5.0, -2.0, 4.0, -1.0, 5.0, 4.0, -1.0, 4.0, -1.0, 11.0, -2.0, -8.0, -1.0, 8.0, 5.0, 9.0, 2.0, -6.0, 4.0, 3.0, -8.0, -1.0, 11.0, -2.0, -2.0, -20.0, -2.0]",8.192839107609505,0.0032813549041748,0.0,0.0,0
54,54,"[-0.27833274, -0.17935833, -0.27823213, -0.101715825, -0.3458548, 0.42779619, -0.36689025, -0.33622944, 0.64327395, 0.16032752, -0.29219544, 0.754991, 0.2350679, -0.5181071, -0.65640914, 0.9629234, -0.4938986, -0.7535517, -0.28173628, 0.21791823, -0.94095904, 0.28027627, -0.20026778, 0.16966924, 0.8583105, 0.7999451, 0.21165776, 0.90626353, -0.783564, -0.3304579, -0.7685013, 0.4770073, 0.056449983, -0.048290152, -0.12104903, -0.25556883, -0.23997608, 0.40386465, -0.09667155, 0.62008095, 0.65310305, 0.0026301832, 0.9849673, 0.122000925, 0.39858043, 0.15497686, -0.57924956, 0.36136943, 0.19102694, -0.7050265, 0.820306, -0.42617226, -0.81059164, -0.20088886, 0.70817107, -0.7340367, -0.45976657, -0.4901352, -0.3408624, -0.3211489, -0.9205605, 0.7048681, 0.11408884, 0.4760936, -0.8300605, -0.8382612, 0.6579356, -0.9757855, 0.44376138, -0.95855176, -0.6222787, -0.18315725, -0.2763583, 0.8806829, -0.29863268, -0.9476729, 0.8837919, -0.87270355, -0.7928273, 0.8680628, -0.4500057, -0.21372506, 0.13429116, -0.79428357, -0.7066858, 0.02365809, -0.52161634, -0.3411699, -0.19588405, -0.62800884, -0.79043996, 0.59689087, 0.78035384, -0.12707275, -0.15253912, -0.4964423, 0.30586797, 0.93940645, 0.43494618, -0.3113157, -0.39231968, -0.29123464, -0.82956094, 0.8671991, 0.17295977, 0.16084903, -0.80905545, -0.04245123, 0.100944854, -0.9810046, 0.6947848, -0.9411864, 0.5611638, 0.36140367, 0.84766966, 0.66269046, -0.23030898, 0.47208658, -0.3841035, 0.53401273, 0.9816469, 0.2062892, 0.39501545, 0.630289, 0.801954, 0.8325848, -0.39524832, 0.061321583, -0.088912606, -0.9801892, -0.2215915, -0.15529774, -0.6624843, 0.9006894, 0.65287316, 0.78820777, -0.94925404, 0.23115067, -0.29350248, -0.717066, 0.81907016, 0.5207716, 0.86446327, -0.23418525, -0.195919, -0.9595595, 0.40041938, -0.0036119837, 0.024602246, 0.0020721038, 0.38251162, 0.72382945, 0.766987, 0.18835978, 0.27511185, 0.48019165, -0.38780963, -0.80629706, 0.2275593, -0.74879634, 0.87418556, 0.9626116, -0.09106451, 0.22241853, -0.57410824, -0.7343039, -0.46529213, -0.27391654, 0.8160702, 0.40873054, 0.19942701, -0.52975196, -0.38738722, -0.5197584, 0.36457106, -0.6867572, -0.99934304, -0.6431939, -0.35446456, -0.90304166, 0.93590254, -0.82048464, -0.5873555, -0.43457097, 0.27666482, 0.12086993, 0.7882669, -0.62998706, -0.7219554, -0.6759995, -0.17607912, -0.49579078, 0.57202345, -0.3186589, -0.92233384, 0.05137158, 0.15675825, -0.9173634, 0.5897285, 0.11243224, 0.6381288, -0.7928452, -0.25189948, 0.74666095, -0.53939325, -0.8669492, 0.7004738, 0.40206027, -0.2683982, 0.032994453, -0.21500374, -0.35240805, -0.9018573, 0.15266003, -0.8895774, 0.40596402, 0.44407016, -0.24555863, 0.92108184, 0.52914816, 0.834707, -0.6804344, 0.21437047, -0.8961208, -0.121303715, -0.1610672, -0.35932204, 0.122249275, 0.7199074, 0.36577746, 0.3385505, -0.1999389, -0.65056825, 0.59300274, 0.25488016, 0.028870868, 0.95876575, 0.32691526, 0.8227623, 0.8817211, 0.0786962, 0.8682362, 0.21642028, -0.9843884, -0.034415826, 0.27029282, 0.08391043, -0.0052862456, 0.20915619, 0.4693193, 0.6384318, 0.28170568, 0.25825483, -0.9880362, -0.88931924, 0.7894654, -0.5011179, 0.7117373, -0.84662527, 0.02195903, -0.17488925, -0.70176965, 0.7292615, -0.5718212, -0.8777005, -0.9491073, -0.5315841, -0.6050023, -0.64454836, -0.20093262, -0.54561746, -0.26165906, -0.18870337, 0.5411786, -0.42867023, -0.8343392, -0.5902194, 0.47892052, 0.9401118, -0.98783195, 0.99569726, -0.8155747, -0.75621, -0.87113196, 0.6436628, -0.14616291, 0.44067654, 0.39080602, -0.65059847, -0.7867204, 0.5576966, 0.21523386, -0.46597025, 0.78013134, 0.08046598, 0.2942586, 0.66401064, 0.5201123, 0.616856, -0.124533206, 0.59754544, -0.22615804, 0.3323682, 0.4952531, 0.023202755, 0.91940874, -0.4812147, 0.959389, -0.41366234, 0.8395645, 0.4389916, -0.35814407, -0.5450001, -0.9155416, -0.023045141, 0.2867921, -0.3501283, 0.91532046, 0.0011100201, 0.2636116, 0.0029965683, -0.59133214, 0.87628853, 0.5814668, -0.5179345, 0.5169701, 0.870772, -0.8943925, 0.07012059, -0.730384, -0.96612334, -0.41929907, -0.5033428, -0.9957083, -0.9983854, 0.5085126, -0.8453832, -0.43702778, -0.79898715, 0.8248234, -0.19749945, -0.8806973, -0.59071696, 0.41632798, 0.80003875, -0.07472722, 0.69321424, 0.1367969, 0.49368036, 0.3989377, -0.8760761, 0.39842552, 0.2507053, -0.35012326, -0.94251764, 0.6092944, 0.1468208, 0.99636024, 0.8756026, 0.5715574, 0.86784375, 0.16456357, 0.9260116, -0.34680605, -0.48536336, -0.017875375, -0.010087248, 0.7295232, 0.9519742, -0.22210418, -0.99945354, 0.82929385, -0.76032746, 0.8735413, 0.3945511, -0.9481214, 0.1703738, 0.24779059, -0.40223545, -0.46301296, -0.12855403, -0.0680576, -0.20997868, 0.091709964, -0.3646098, 0.35997897, -0.34598172, 0.15445364, 0.7464802, 0.4172074, 0.07179964, -0.37117824, 0.7217744, -0.117180936, -0.80479044, -0.5252552, 0.71416384, -0.2235192, -0.09827948, 0.6195371, -0.35907882, -0.46182272, -0.5340251, 0.52549016, 0.44360885, -0.20520073, 0.94618195, -0.9613923, -0.81701165, -0.8689945, -0.9627316, 0.14361337, 0.3629826, -0.75708216, -0.6393934, 0.98636323, 0.28046197, 0.4695247, -0.2188408, -0.39601773, 0.50857383, 0.76409185, -0.67289615, 0.36660588, -0.1942036, -0.6368785, 0.18563673, -0.85538614, 0.52908105, -0.7501402, 0.12314477, -0.49081576, 0.8401858, -0.9032656, -0.97257096, 0.987326, 0.20671417, 0.534108, -0.254399, -0.74965715, 0.5548496, -0.8849481, 0.3191143, 0.116909474, -0.051677216, 0.94509596, 0.50508034, 0.6299145, 0.20494713, 0.32757363, 0.87121314, -0.56210977, -0.94232506, -0.0732368, -0.57809573, -0.27186972, -0.64881825, -0.14633423, 0.19805083, 0.46829477, 0.6419825, -0.30683786, -0.25336966, 0.71347785, 0.73462206, -0.23734206, 0.09357682, -0.74299824, 0.76920724, -0.5143026, -0.680923, -0.57083863, 0.9929601, -0.09208651, -0.9576742, 0.9924819, 0.38266966, 0.72712153, -0.07346926, 0.62732285, -0.70528334, 0.7369306, 0.22479875, -0.20346808, 0.8266048, -0.65761584, 0.09378, 0.034838833, 0.2396812, -0.1828577, -0.22128953, -0.843174, 0.37367502, 0.30875394, 0.6285906, 0.9909738, -0.6788484, 0.7563887, 0.120062925, 0.53474694, 0.60230064, -0.47690323, -0.35535693, 0.061840333, 0.56892246, 0.31202844, 0.72426933, -0.46835566, 0.28466177, 0.596762, 0.19293551, 0.44547343, 0.17327428, 0.3644576, -0.63217086, 0.42687744, -0.60898167, -0.9590055, -0.53651756, -0.932847, -0.103780106, 0.7997099, 0.6486603, 0.6054749, 0.41767418, 0.5766666, -0.5032319, -0.24353449, 0.16363218, -0.3891791, 0.41778487, 0.7443389, -0.8804149, -0.42438614, 0.5178628, 0.46812657, -0.11999753, 0.18430062, -0.7085769, -0.5186109, -0.4494407, 0.091099694, -0.5601208, -0.9717435, -0.3939275, 0.6341072, 0.17087941, -0.50722855, -0.03359894, -0.07023004, -0.14588845, -0.6500236, 0.8621993, -0.07450768, -0.8349343, -0.31993133, 0.9517351, 0.48748025, 0.048842423, 0.18027751, 0.8126832, 0.47960454, -0.20334786, 0.7963027, -0.6332278, -0.038988963, 0.5965337, 0.6942616, -0.9053746, 0.16115814, 0.07614873, -0.64597636, -0.6370714, 0.6104341, 0.11660517, -0.8883813, 0.4077281, 0.094321, -0.6262997, -0.23673661, -0.43488112, -0.43392032, -0.21736024, 0.40171745, -0.10919926, 0.03853371, 0.69748604, 0.9349419, 0.8293685, -0.005067775, -0.2564932, 0.7424634, 0.38190922, -0.1813218, 0.8287285, -0.5080369, 0.4690519, -0.5007971, 0.0063166097, -0.4184016, 0.89463234, 0.54329705, 0.39587757, 0.05149948, -0.69580626, 0.1229048, 0.41907817, -0.85465795, 0.57237196, -0.3097123, -0.75943524, 0.09981379, -0.95843756, -0.5255325, 0.0035757027, -0.06368063, -0.011206895, -0.5532404, -0.66316426, 0.8926056, 0.50950265, 0.031104885, 0.2890576, -0.012240292, -0.020169925, -0.58645654, -0.42781857, 0.48918223, -0.3460421, 0.44477987, -0.42210433, 0.56263286, -0.048665985, -0.44125864, 0.53321135, 0.34953102, -0.6306631, -0.21097228, 0.25539997, -0.9258205, -0.7715737, -0.029118171, 0.82930946, -0.13812356, -0.4494744, 0.30970174, -0.103992, -0.9693494, -0.2152534, -0.11498534, 0.25293627, -0.88596755, 0.31808016, -0.8059239, 0.42260426, 0.7454305, -0.5562117, 0.60336804, -0.060559582, 0.6858636, 0.91606194, -0.22794724, -0.8721725, -0.27093476, -0.06642013, -0.99888456, 0.7513638, -0.014235961, 0.30395424, -0.36073235, -0.049766123, -0.7045404, -0.45146352, -0.21401443, -0.36596993, 0.36003903, 0.79515654, -0.61265206, -0.5538077, 0.16120526, 0.15251975, 0.69892764, -0.99665254, -0.40473774, -0.66862774, 0.77068293, -0.22299157, 0.4338921, 0.78171915, 0.19031999, -0.83279955, -0.93378586, 0.8364222, 0.9285529, -0.67337143, 0.97494984, -0.99107814, 0.78528583, 0.8117471, 0.9455352, -0.040938914, -0.65951395, 0.12735267, 0.08994338, 0.33908653, -0.40099853, -0.45991206, -0.62494504, 0.07184527, 0.046983443, 0.6655766, -0.70370275, -0.84188867, 0.7526339, 0.9398651, 0.77972096, -0.34293932, 0.79965305, -0.25552154, 0.018223546, -0.79167616, 0.45564973, -0.13996914, -0.8338042, -0.12595776, -0.65633744, 0.50215334, 0.7242203, 0.34381205, 0.29125777, -0.48170638, 0.7591958, 0.098046996, 0.35242954, -0.089739, -0.5519486, -0.34053522, 0.22187339, -0.20140862, 0.40037856, 0.42978743, 0.40940446, 0.9478241, 0.5873406, 0.021158129, 0.6994684, 0.3750935, -0.013160542, -0.45800722, 0.29602712, 0.696478, -0.096510366, 0.30612683, -0.5939791, -0.6478189, -0.61292326, -0.9478808, 0.15781079, 0.47040126, 0.17853712, 0.43335748, -0.9269713, 0.8975866, -0.38627744, -0.2003275, 0.5103014, 0.41270778, 0.23826616, 0.36154634, -0.5886, -0.7059617, 0.85436666, 0.4223273, 0.7252731, 0.12937167, -0.29978493, 0.82603, -0.6146965, -0.7695653, 0.95761484, -0.14047863, 0.6662907, 0.4107528, -0.50440943, 0.2716826, -0.546648, 0.65505266, -0.36887148, 0.26961342, 0.05517664, 0.9257957, 0.30454156, -0.14941533, -0.5453436, 0.65013415, -0.056903113, 0.9175325, -0.39604944, -0.08430813, 0.18206619, -0.023591474, 0.340241, 0.5753933, 0.40458748, 0.12506722, -0.41271898, 0.5105379, 0.30040032, 0.39746463, 0.71401566, -0.4194723, -0.5474265, -0.55147684, -0.51667583, 0.9958125, -0.79447705, 0.78139794, 0.74739826, 0.36846536, 0.48335373, 0.30739537, -0.3642429, 0.91413283, 0.5912378, -0.24444029, 0.19530101, 0.49785194, -0.70914525, 0.28337616, 0.35231248, -0.0039359857, 0.68841213, 0.46839434, -0.2966824, -0.2296186, 0.6454352, 0.08060162, 0.017179398, 0.4328085, 0.30307153, 0.58207256, 0.45099396, 0.70254225, 0.24128261, 0.20475422, 0.4318018, -0.78737044, 0.7441176, 0.7340592, 0.42941913, 0.081420556, 0.034777533, 0.6374864, -0.53565675, -0.030261192, 0.8051076, -0.70913595, 0.0016537319, -0.85692614, 0.12099014, -0.87021524, 0.26938054, -0.3818039, -0.8399102, 0.43388864, -0.2645957, 0.46151662, 0.10271846, -0.43683842, 0.7130264, -0.91600484, -0.1647272, -0.8964147, 0.3392828, -0.08692498, 0.2592074, 0.77455926, 0.84645367, 0.9856988, 0.746514, 0.88806987, 0.24622713, 0.44929156, -0.77172595, 0.84599715, 0.26098472, -0.8744464, 0.11215624, 0.33131784, 0.76962554, -0.55750173, 0.19411114, -0.34186065, -0.58131814, -0.6887895, 0.018089954, 0.6775639, -0.74944943, 0.6135239, 0.5926028, -0.26287133, 0.14736003, 0.05213634, 0.36915994, -0.1114333, -0.6880754, 0.8984809, -0.460691, -0.9484434, -0.08724415, -0.017198185, 0.47252694, 0.30291933, 0.6558416, -0.88802755, -0.5839464, -0.8156626, 0.99777466, -0.8093202, -0.7025346, -0.055209205, 0.38918492, 0.6942278, -0.5651929, 0.3056095, 0.6315323, 0.0062734005, 0.006553442, -0.52531135, -0.05308421, 0.4833614, 0.530247, -0.055039242, 0.86564803, -0.8641331, -0.6373178, -0.75597286, 0.20872484, 0.24648489, 0.3742752, 0.20897287, 0.98773074, 0.2710925, 0.07063966, 0.678079, -0.56802136, -0.93345046, -0.18391344, -0.3151537, 0.58995146, 0.74073595, -0.7012585, 0.30138987, 0.6980316, 0.24370864, 0.14941664, 0.37703708, 0.3194943, 0.09664648, -0.15197241, 0.66154903, 0.60603917, -0.5486419, 0.5165323, -0.4875821, -0.7910621, 0.43943995, -0.041990086, -0.60958314, 0.8696784, 0.3914288, 0.35121566, -0.7350295, 0.6761303, -0.92376965, -0.13541886, 0.81409186, 0.18241465, -0.83585817, -0.17396481, -0.32507226, 0.8186345, -0.48096904, 0.2763005, 0.07356697, 0.87979585, -0.67078334, 0.56126165, 0.33896455, -0.9825172, 0.7454779, 0.13418932, 0.4006138, 0.2856963, 0.0073427353, 0.20906366, 0.19251852, -0.93336785, 0.97342706, 0.20007208]","[-7.0, 4.0, 4.0, -2.0, -1.0, 4.0, -1.0, 2.0, -2.0, -3.0, -2.0, -1.0, 4.0, -2.0, 4.0, -2.0, -2.0, -3.0, -7.0, -1.0, -8.0, -2.0, -2.0, -7.0, 5.0, 10.0, -7.0, -8.0, 3.0, -7.0, -14.0, 4.0, -2.0, 4.0, 5.0, 3.0, 4.0, -6.0, -7.0, -7.0, 0.0, 5.0, -1.0, -4.0, 1.0, 5.0, 3.0, -7.0, -3.0, -2.0, 5.0, 3.0, 5.0, -1.0, 1.0, 1.0, -1.0, -2.0, 0.0, 4.0, 3.0, 4.0, -2.0, 0.0, 3.0, 4.0, -7.0, -3.0, -2.0, 5.0, 5.0, 2.0, -1.0, 4.0, -6.0, 3.0, 4.0, -3.0, -1.0, 6.0, -2.0, -6.0, -1.0, -7.0, 6.0, 10.0, -1.0, -1.0, 0.0, 4.0, -1.0, 6.0, -1.0, 10.0, -2.0, 4.0, 4.0, -3.0, -6.0, -4.0, -1.0, -1.0, 1.0, -1.0, -8.0, 5.0, 1.0, 3.0, 5.0, -3.0, -2.0, -7.0, -7.0, -2.0, 4.0, -8.0, 5.0, -7.0, 5.0, -3.0, 5.0, 5.0, 0.0, 4.0, -2.0, 3.0, -1.0, 4.0, 3.0, -2.0, 5.0, -1.0, -4.0, -7.0, -2.0, -8.0, -1.0, -8.0, 3.0, 4.0, 4.0, 5.0, -2.0, 4.0, 5.0, 4.0, -8.0, 0.0, -7.0, 4.0, -10.0, 5.0, -3.0, 0.0, -2.0, -7.0, 4.0, 4.0, 4.0, -1.0, -3.0, 4.0, 5.0, 3.0, -13.0, -1.0, -7.0, 4.0, -9.0, -5.0, 3.0, -1.0, 5.0, 3.0, 1.0, -2.0, -2.0, -2.0, -3.0, 0.0, 3.0, -2.0, -2.0, -5.0, -2.0, -2.0, 5.0, -6.0, 2.0, 10.0, -3.0, -2.0, 4.0, -4.0, -2.0, 0.0, -2.0, -8.0, -2.0, -2.0, -8.0, -2.0, -2.0, 5.0, -1.0, 5.0, -1.0, -3.0, -1.0, -1.0, 5.0, 4.0, -2.0, 4.0, 1.0, -8.0, 4.0, 4.0, -2.0, -3.0, 4.0, -7.0, -3.0, -7.0, 8.0, 5.0, 4.0, -3.0, 0.0, 4.0, -7.0, 0.0, 5.0, -2.0, 0.0, 4.0, 4.0, 4.0, -1.0, 3.0, 1.0, -1.0, -6.0, 3.0, 2.0, 0.0, 4.0, -5.0, -2.0, 6.0, -2.0, -5.0, -2.0, -1.0, -2.0, -4.0, -1.0, -4.0, -2.0, -2.0, -2.0, 5.0, -7.0, -2.0, 4.0, -1.0, -7.0, 1.0, -7.0, 5.0, 4.0, -1.0, -1.0, -6.0, 6.0, -1.0, 5.0, -2.0, -4.0, -7.0, 4.0, -1.0, 0.0, -1.0, -1.0, 12.0, 0.0, -1.0, 4.0, 4.0, -1.0, -2.0, -8.0, -2.0, -2.0, -1.0, -7.0, -1.0, -3.0, -2.0, 4.0, 3.0, 4.0, -1.0, -1.0, 0.0, -3.0, 4.0, 0.0, -2.0, 3.0, 3.0, -6.0, -1.0, -2.0, 0.0, 1.0, -1.0, 5.0, 4.0, -1.0, -8.0, -1.0, 3.0, 6.0, 1.0, -7.0, 4.0, 5.0, 2.0, 0.0, 0.0, 4.0, 10.0, -2.0, -2.0, -8.0, -2.0, 4.0, 12.0, -1.0, 5.0, -4.0, -7.0, -7.0, 0.0, -1.0, -1.0, -2.0, -1.0, -3.0, -1.0, -1.0, 4.0, 5.0, 5.0, -2.0, -7.0, 3.0, -1.0, -7.0, -1.0, 4.0, -7.0, 6.0, -1.0, 4.0, 10.0, 4.0, -7.0, -1.0, 13.0, 4.0, 9.0, 0.0, 4.0, -3.0, 4.0, 5.0, 4.0, 4.0, 4.0, -2.0, 5.0, -1.0, 4.0, 3.0, 5.0, 5.0, 3.0, 0.0, 5.0, -2.0, 11.0, 5.0, 11.0, -2.0, -2.0, 5.0, 10.0, -3.0, 5.0, 10.0, -1.0, 3.0, -1.0, -7.0, 5.0, -2.0, 4.0, -2.0, 3.0, 3.0, 1.0, -8.0, -2.0, -10.0, 5.0, 0.0, -3.0, -8.0, 1.0, 8.0, -6.0, 6.0, 3.0, -7.0, -7.0, -2.0, -1.0, -1.0, -1.0, -2.0, -2.0, -2.0, -2.0, -14.0, -7.0, -1.0, -7.0, -1.0, -8.0, 4.0, -2.0, 5.0, -2.0, 5.0, -2.0, 5.0, 4.0, -1.0, -2.0, 4.0, 4.0, 5.0, 4.0, 3.0, -1.0, 4.0, 2.0, 4.0, -2.0, -2.0, -1.0, 9.0, -1.0, -1.0, -8.0, 0.0, 5.0, 2.0, 4.0, -1.0, 5.0, -1.0, 5.0, -8.0, -1.0, -2.0, -1.0, -2.0, -2.0, -10.0, 5.0, -5.0, -1.0, 5.0, 11.0, -1.0, 0.0, -5.0, -2.0, -2.0, 2.0, -2.0, -2.0, -2.0, -8.0, 0.0, -2.0, -7.0, 4.0, -7.0, -1.0, -3.0, -5.0, 4.0, 2.0, -1.0, -2.0, 4.0, 5.0, -4.0, 4.0, -1.0, -1.0, -1.0, 3.0, 9.0, -7.0, 4.0, -2.0, -3.0, -2.0, -2.0, 5.0, 4.0, 4.0, -5.0, -1.0, -1.0, 3.0, -3.0, -1.0, -7.0, 0.0, -1.0, 4.0, 3.0, -5.0, 5.0, 4.0, -1.0, -1.0, 4.0, -3.0, -1.0, -1.0, -2.0, -2.0, 5.0, 5.0, -2.0, 1.0, -7.0, 5.0, 4.0, -2.0, -1.0, 3.0, -1.0, -7.0, -5.0, -2.0, -1.0, -1.0, 5.0, -1.0, 0.0, 4.0, -3.0, -7.0, -2.0, -1.0, -1.0, -2.0, 3.0, -3.0, -2.0, 1.0, 1.0, -3.0, 0.0, -1.0, -8.0, 4.0, 3.0, 1.0, -1.0, -2.0, -7.0, -2.0, -1.0, 3.0, -1.0, -1.0, 5.0, -3.0, 4.0, 0.0, -2.0, -7.0, -7.0, 3.0, 5.0, -1.0, 11.0, 4.0, -1.0, 4.0, -2.0, 0.0, 10.0, 0.0, -7.0, -2.0, -8.0, -2.0, 7.0, -1.0, -1.0, 4.0, 6.0, 5.0, 4.0, 2.0, -1.0, -2.0, 10.0, -4.0, -1.0, -2.0, 4.0, -1.0, -1.0, 0.0, 5.0, -1.0, 2.0, -1.0, -2.0, -1.0, -6.0, 2.0, -1.0, -2.0, 1.0, -2.0, 3.0, -2.0, -2.0, 6.0, -2.0, -2.0, 1.0, -2.0, -2.0, -6.0, 4.0, 1.0, 5.0, -3.0, -3.0, 5.0, 4.0, -6.0, -2.0, -1.0, -1.0, 0.0, -1.0, -3.0, 3.0, 3.0, 1.0, 0.0, 5.0, 1.0, -1.0, -1.0, -2.0, -1.0, 5.0, -3.0, 5.0, -1.0, -12.0, -2.0, -1.0, -1.0, -5.0, -7.0, -1.0, -2.0, -3.0, 6.0, 8.0, -3.0, 0.0, 4.0, 3.0, 5.0, -1.0, 3.0, 4.0, -1.0, 4.0, -1.0, 5.0, -15.0, -7.0, -1.0, -2.0, 1.0, -7.0, 5.0, -1.0, 1.0, -2.0, 6.0, 0.0, -4.0, -1.0, -2.0, 2.0, -2.0, 0.0, -6.0, -8.0, -2.0, 4.0, 4.0, -2.0, 1.0, 1.0, -5.0, 4.0, -1.0, -3.0, 10.0, -2.0, 5.0, 3.0, -1.0, 3.0, 5.0, 4.0, -2.0, -3.0, 4.0, 4.0, -1.0, 3.0, 10.0, -1.0, 2.0, -2.0, 4.0, -2.0, 5.0, -6.0, 5.0, -1.0, -5.0, 4.0, 0.0, 5.0, 0.0, -2.0, -2.0, -8.0, -2.0, -1.0, 5.0, -1.0, 5.0, -2.0, -1.0, -2.0, -2.0, -2.0, -2.0, 10.0, 4.0, 3.0, 3.0, 4.0, 10.0, 4.0, 4.0, -2.0, 0.0, -2.0, -13.0, 4.0, -1.0, 9.0, -2.0, 4.0, 3.0, 4.0, -2.0, -2.0, 5.0, -3.0, -7.0, -2.0, -2.0, -2.0, -7.0, -1.0, -2.0, 0.0, 10.0, 9.0, -1.0, 4.0, -2.0, -2.0, -7.0, 5.0, 11.0, 4.0, 5.0, -1.0, -8.0, 4.0, -2.0, -5.0, 4.0, -1.0, -7.0, -1.0, 4.0, 0.0, -1.0, -1.0, -8.0, -2.0, -1.0, 5.0, 4.0, -9.0, -4.0, -1.0, -14.0, 2.0, -12.0, -2.0, -7.0, 6.0, -1.0, 5.0, -8.0, -7.0, -1.0, -2.0, -4.0, 3.0, -2.0, -7.0, 0.0, 4.0, 5.0, 5.0, 9.0, 5.0, 2.0, -2.0, -1.0, 7.0, -1.0, 3.0, -1.0, 4.0, 4.0, -1.0, -2.0, 5.0, 4.0, -2.0, -2.0, -1.0, 4.0, -1.0, 0.0, -4.0, 3.0, -8.0, 4.0, -5.0, -1.0, -7.0, -2.0, -7.0, -1.0, 3.0, 5.0, -2.0, 5.0, -9.0, 5.0, -2.0, 0.0, -1.0, -5.0, -1.0, -1.0, -14.0, 0.0, 5.0, 11.0, -2.0, 5.0, 5.0, 4.0, 4.0, -1.0, -1.0, 4.0, -2.0, -1.0, -5.0, 4.0, 5.0, 4.0, 2.0, -7.0, -2.0, -2.0, 5.0, 6.0, -1.0, 4.0, 0.0, 5.0, 5.0, -7.0, -6.0, 6.0, 3.0, -7.0, -7.0, -3.0, -7.0, -1.0, 5.0, -6.0, -13.0, 10.0, -1.0, 6.0, 10.0, -1.0, 3.0, -2.0, 0.0, 1.0, -2.0, -3.0, -2.0, 5.0, 5.0, -3.0, -2.0, -6.0, 15.0, 5.0, 3.0, -4.0, 5.0, 0.0, -1.0, 5.0, -2.0, 4.0, -1.0, 5.0, 4.0, -1.0, 4.0, -1.0, 11.0, -2.0, -8.0, -1.0, 8.0, 5.0, 9.0, 2.0, -6.0, 4.0, 3.0, -8.0, -1.0, 11.0, -2.0, -2.0, -20.0, -2.0]",8.192839107609505,0.00341796875,0.0,0.0,0
55,55,"[0.42607996, 0.56817245, 0.900299, 0.6883725, -0.8605831, -0.7844491, -0.014240701, 0.0019607104, 0.71723956, 0.45494378, -0.9055655, 0.63666034, -0.69149274, 0.5397509, -0.7452672, -0.5495071, -0.6927573, 0.33674783, 0.59957254, 0.7587358, -0.027184216, 0.6507159, -0.034363013, -0.13796295, 0.5344522, 0.17882724, 0.9586003, 0.36235893, -0.6877599, -0.78333646, 0.018350095, -0.12749042, 0.0066713295, -0.40911594, -0.46386713, 0.59512025, -0.23205607, -0.88770616, 0.21557869, -0.34101012, -0.5103997, 0.87326914, -0.82630455, 0.45678294, 0.8731303, -0.30011794, 0.404769, 0.9760297, -0.23039196, -0.3346003, -0.7271616, -0.057897825, 0.6224852, -0.5458926, 0.56586415, -0.023433488, 0.91353333, 0.66728634, -0.11113752, -0.89739573, 0.37759086, -0.36017102, -0.786203, -0.2911267, -0.93060887, -0.96364075, 0.1832026, -0.937936, -0.9587554, -0.123616196, -0.13126801, -0.42380214, -0.987521, 0.4079026, 0.6546333, 0.32713088, 0.986242, -0.89799535, 0.44448438, 0.9138041, -0.95291066, 0.19768141, 0.051116508, 0.86842006, -0.3941852, -0.8912573, 0.58415586, 0.6717885, -0.7505737, 0.60043174, -0.6425349, -0.70041543, -0.9132548, -0.026375294, 0.32000455, 0.8157019, -0.97472835, -0.38162014, 0.6963171, 0.53416586, -0.67653805, 0.25403556, -0.19237426, 0.6419871, -0.43652496, 0.15510361, 0.32552612, 0.5289586, -0.79250085, -0.67740315, -0.91037434, -0.28235507, 0.15362513, -0.3906228, -0.29262453, -0.11282006, -0.7122436, 0.6468289, 0.10849265, 0.4318163, -0.15765727, -0.76820195, 0.68489254, -0.4707164, -0.811982, -0.40732664, -0.43676198, -0.32405737, -0.2967642, -0.7623745, 0.83341026, 0.6589487, -0.12946185, -0.13953117, -0.6439636, -0.87469584, 0.09441372, 0.0072993124, -0.6696797, -0.2218579, -0.29149467, 0.3744147, -0.59730816, -0.9682961, -0.87263036, -0.49448708, -0.51151735, -0.06869769, 0.41774446, 0.25060233, -0.42833364, 0.6839879, 0.1571075, 0.7190082, 0.9064924, -0.95772904, -0.86929804, 0.12007995, -0.52944887, -0.857496, -0.5267713, -0.6815768, -0.72501504, -0.6128242, -0.32482246, -0.77838093, 0.5671679, 0.5130807, -0.3949021, 0.18790883, 0.99876857, 0.99437803, -0.22947346, 0.62481076, 0.9182123, 0.63526905, 0.5578102, 0.7379196, -0.04851938, 0.93142194, -0.43001652, 0.603159, 0.71911997, -0.90581405, 0.41835824, 0.6358473, 0.8128272, 0.35955077, 0.382612, 0.6774126, 0.44335186, 0.66896033, 0.06763867, -0.43890062, -0.56137425, -0.13680185, 0.13532197, -0.056191962, -0.84317213, -0.500066, -0.47334254, 0.5892621, 0.065529294, -0.3948602, -0.69579625, 0.32453093, 0.5241682, 0.7449903, -0.2663196, 0.682054, -0.7804801, -0.35207415, 0.8235878, -0.7031449, 0.46673477, -0.4495894, -0.3758199, -0.7725767, -0.6095654, 0.856122, 0.4367432, -0.7120456, -0.91719234, 0.9241441, 0.94301367, -0.2664125, 0.018994048, 0.20006071, 0.006639648, -0.6229098, 0.6236721, -0.49886513, -0.26531607, -0.88197184, 0.07023769, 0.59818053, -0.18502745, -0.37630114, -0.14415301, -0.424895, 0.8664855, 0.7522242, 0.5992851, 0.7258185, -0.06441685, 0.3665422, -0.18842557, 0.4506639, -0.21831512, -0.19253463, 0.8314666, -0.5438568, 0.81292903, -0.40642557, -0.07629685, -0.28118992, -0.675369, -0.89236355, -0.33667547, 0.36805695, -0.57840973, 0.8811006, 0.731868, -0.22517657, -0.40185532, -0.84289956, 0.78761226, -0.9179497, -0.5141867, -0.32817036, -0.6693356, -0.41972244, -0.85770804, 0.68428254, -0.21350162, 0.15341206, -0.5806636, -0.066249266, 0.7270876, -0.8482337, 0.88742936, 0.25190222, 0.8834743, -0.74764955, -0.18033487, -0.0920487, 0.6810333, 0.49556652, 0.009705509, 0.9067718, -0.122423105, 0.010095896, 0.18011653, 0.27847093, 0.6438961, 0.9731803, 0.5638816, 0.15534882, -0.646748, -0.3085822, -0.70722526, 0.8370237, 0.27078384, -0.5501408, 0.109180726, 0.5144735, 0.80657905, 0.32921132, 0.7901798, -0.9883, -0.9287359, -0.5958116, -0.616059, -0.1812038, -0.08672926, 0.28573504, -0.7892363, 0.7657427, 0.25698307, -0.96147907, 0.4138725, -0.4698545, 0.93122905, 0.54657894, 0.456284, 0.99414676, -0.095383905, 0.760582, 0.21669546, 0.49579886, 0.33715132, -0.19983189, -0.6190569, 0.92561895, -0.43062714, -0.07652761, 0.5581252, -0.61233467, -0.52942383, 0.4184771, 0.836481, -0.70593077, -0.94391537, -0.5648386, 0.56902987, 0.8391071, 0.89842266, 0.5760122, -0.7121687, 0.38473442, 0.115814015, -0.8449678, 0.49898627, 0.7298078, 0.29648814, 0.20948733, 0.8608976, -0.88921267, -0.4635859, -0.66789883, 0.3537362, 0.44516543, -0.014577485, -0.03242579, 0.24029861, 0.08263835, 0.4739055, 0.6543095, -0.46467867, -0.7260346, -0.7523777, -0.12633272, -0.8120606, -0.16441412, 0.4906652, 0.8130261, 0.2457331, -0.19732939, -0.7494516, 0.12604457, -0.97026443, 0.43295172, -0.113573365, -0.75837797, 0.27530748, 0.32432356, -0.30824178, 0.38064045, 0.76935136, 0.9451598, 0.24402711, -0.6446922, 0.6663105, 0.18816468, 0.93968296, -0.30097598, 0.40591243, 0.38147566, -0.25936532, 0.12379666, -0.498592, 0.23964693, -0.64956367, -0.7820103, -0.5712938, 0.2887291, -0.79993147, 0.87701756, -0.91139406, 0.38259158, 0.92799723, 0.5379079, -0.94120145, 0.6488096, 0.33099192, -0.18373345, -0.14183322, 0.7912586, -0.29126787, 0.5689531, 0.60719585, 0.3076135, 0.97280073, 0.06804333, 0.0247868, 0.6198097, -0.12161895, 0.4978053, 0.37417707, -0.82372075, 0.69916123, 0.7718077, 0.50336045, -0.2860233, 0.64645153, -0.53451365, 0.26222646, 0.7344365, 0.11556826, 0.5616188, -0.41671184, -0.39138657, -0.46269912, -0.5862596, 0.7638267, 0.27093938, -0.36391497, 0.27837855, -0.81748176, -0.5478545, 0.08682139, -0.2012187, 0.94806683, -0.1621484, 0.84629494, 0.89227647, 0.6802533, 0.5131593, -0.49459895, 0.9158664, 0.19484617, -0.2724069, -0.69252574, -0.337057, 0.77755046, -0.8602912, 0.82093054, -0.5055289, -0.67937213, 0.23642907, 0.87192035, 0.9390493, -0.5560157, -0.14300376, 0.016987, -0.20658757, 0.3395755, -0.86247957, -0.11039283, 0.6133313, -0.31234783, 0.90706277, -0.41847977, 0.24275827, -0.7213703, 0.7986109, 0.662593, -0.43622074, 0.5281414, 0.78592455, 0.8624499, -0.49948087, 0.73823655, -0.3011143, 0.90404373, 0.38840508, 0.071299165, -0.18347257, -0.93326783, -0.50974596, 0.28178114, -0.80957806, 0.13679934, -0.24910344, -0.7916049, 0.40079683, -0.025349423, 0.51082927, -0.27507484, -0.8114099, 0.873963, 0.19409095, 0.13017951, -0.48985082, 0.32345518, -0.7590036, 0.9181504, -0.7303896, 0.105194084, 0.42792407, 0.40171707, -0.9481628, 0.058166694, -0.7780927, 0.6920827, 0.8069229, -0.8461614, 0.29035452, -0.4352428, 0.41361585, 0.64027786, -0.16815832, 0.4794822, 0.33763036, 0.99065596, 0.53223085, 0.4327027, 0.35136124, -0.6799531, -0.23146093, -0.2821254, 0.18196522, -0.11022897, -0.6272111, 0.49263602, -0.06675912, 0.8991787, 0.62933487, 0.69331557, -0.37481734, -0.7486261, 0.94168687, -0.5942051, 0.9080908, -0.70279646, 0.4644844, 0.31896487, -0.6330334, -0.0155404, 0.43179443, 0.6668594, -0.9854285, 0.1540606, 0.7673508, 0.2113654, 0.8648735, 0.99492097, 0.5333813, -0.9069336, 0.6396507, 0.17503089, 0.8086494, -0.30904618, -0.8099036, -0.30925024, -0.243256, -0.7600743, 0.17358324, -0.34926927, 0.8141445, 0.28794914, -0.13368727, 0.37465605, 0.44172508, -0.11875879, 0.7430016, 0.35037592, -0.36104056, -0.10671038, 0.71602285, -0.042758632, -0.7486308, -0.73195714, 0.7883845, -0.5605991, 0.11267758, -0.30156946, -0.76561415, -0.02469251, 0.6394797, 0.9893718, 0.5498617, 0.8951495, 0.9431526, -0.7589145, 0.020922553, -0.8043407, 0.4377116, 0.87770545, 0.1927255, 0.27492866, -0.86833584, -0.9161575, 0.9411969, -0.39165747, 0.7432344, 0.6705695, -0.8306732, 0.08005292, 0.7697788, -0.61068624, -0.37767217, -0.37871167, -0.75590897, 0.51942486, 0.39288622, -0.047872506, -0.3640163, -0.02340723, -0.37557122, -0.8594705, 0.62557364, -0.74497616, -0.43189725, -0.117068894, -0.15982927, 0.774169, 0.8033166, -0.8427542, 0.67844296, -0.540879, -0.7380712, 0.3034898, -0.5695594, 0.9035677, -0.6668664, -0.1541034, 0.86792755, 0.3834087, -0.4918025, -0.35092434, 0.65205973, -0.20600946, 0.36030576, -0.7566465, 0.5822888, -0.6233871, -0.3443016, 0.34172493, 0.9903869, -0.078171335, -0.29465157, -0.4764201, 0.3179743, 0.5945665, 0.62236375, 0.8695127, 0.94804037, -0.20218976, -0.86451674, -0.5757667, -0.8704888, -0.5195391, -0.14697284, 0.7288684, -0.8666473, -0.41774958, 0.5480473, -0.86113006, 0.6242874, -0.027524319, -0.48947564, 0.86631835, -0.8100567, -0.6330602, 0.99630636, -0.8054831, -0.48314223, -0.31351236, -0.030913612, 0.6336005, 0.06181806, 0.92727244, -0.22388299, 0.7123732, 0.0057996633, -0.86088765, 0.07415291, -0.03972235, 0.424433, 0.922362, -0.41956684, 0.7802466, 0.67915094, 0.4351381, -0.42628393, 0.9389691, 0.1918816, -0.27401453, -0.049563784, 0.18014452, 0.025689274, 0.4166502, 0.7917711, 0.2855663, 0.53874695, -0.6781779, -0.020832796, 0.26465154, 0.3414312, -0.14456029, -0.7653905, 0.11048551, 0.7095667, 0.8037351, 0.80372006, 0.3383788, -0.40785366, 0.23521583, -0.37850416, 0.0018381027, 0.06449422, 0.23759454, 0.1831697, 0.8681157, -0.9856373, 0.0047388445, -0.57997143, 0.44766852, 0.79968846, -0.21364255, -0.191639, 0.87431324, -0.6877617, -0.5003909, 0.5709413, 0.74958086, 0.06599542, 0.8589257, 0.8075894, 0.54939586, 0.87388724, -0.8210514, -0.42689794, -0.048213847, 0.030347874, 0.7145439, 0.84647894, 0.023844305, 0.2588213, -0.029434053, 0.2784939, -0.6162946, -0.7311786, 0.18648714, 0.30039632, -0.0775893, 0.0008926994, -0.4472527, -0.49941325, 0.43750235, 0.9832947, -0.71079654, 0.610413, -0.65643907, -0.7145939, -0.4191465, -0.45413402, -0.3126339, -0.6450763, 0.42464334, -0.68315625, 0.29126292, -0.34411448, 0.32136235, 0.013154827, -0.78086716, 0.6863474, -0.8216883, -0.34772456, 0.27506962, 0.82563734, 0.41050568, -0.07555975, -0.37769192, -0.421289, -0.8709071, 0.8645942, -0.6821153, 0.93459463, -0.72530985, -0.22736505, 0.5798254, -0.6829405, 0.54672927, 0.6761507, -0.3829924, -0.34731108, -0.3045416, 0.8264411, -0.04619666, -0.5357129, -0.8772803, -0.5665648, -0.22850809, -0.26436242, 0.21233061, -0.76896334, -0.51246333, 0.9381201, -0.6403187, -0.018770522, 0.9852697, -0.17085111, -0.09202098, 0.6110625, -0.30637923, -0.9104959, -0.16494776, -0.26061755, 0.44628358, 0.40745845, 0.12796636, 0.65094644, 0.20808338, 0.6428666, 0.32693374, -0.3277182, -0.87857306, -0.7777009, -0.19588093, 0.50579596, -0.30403343, -0.6477885, 0.44162956, -0.75597876, 0.97586316, 0.8198958, -0.09014239, -0.31462976, -0.106313065, -0.7275693, -0.8303153, 0.7300998, 0.19011073, 0.633614, 0.53194004, -0.055269573, 0.015331043, 0.48654008, -0.32322454, 0.44839483, -0.29777694, -0.7313561, -0.9644069, -0.963595, 0.86134565, 0.9819591, -0.8528041, -0.6420331, 0.76411486, 0.79578775, -0.35510138, 0.5283726, 0.8340248, -0.71055835, 0.8801691, -0.024810113, -0.54644805, 0.09406908, 0.7477784, -0.37774432, -0.8414377, -0.6760412, 0.015476594, -0.42105344, 0.06511428, 0.16503203, -0.5436053, -0.08312345, 0.4575532, 0.44922185, -0.5584024, -0.48616016, -0.42999572, -0.48770696, 0.00077402376, -0.14532511, -0.9189137, -0.7886029, -0.12538919, 0.122500114, 0.677392, -0.93677115, -0.020492135, 0.41100007, 0.0033303825, -0.062892884, 0.027530469, 0.6806595, 0.778047, -0.13973457, -0.27283984, -0.028736038, 0.9369955, 0.73154217, 0.032282207, -0.3052923, -0.52988124, -0.77618474, 0.93066114, -0.7293813, -0.5859921, -0.48676702, 0.319363, 0.75103796, -0.4998743, 0.91352105, 0.39624268, 0.991798, 0.6850979, 0.7008026, 0.66990525, -0.9193496, -0.08006358, 0.2513223, 0.24403659, 0.028889015, 0.1766271, -0.5153516, 0.9743086, -0.23960178, -0.782951, -0.5097187, 0.5548403, 0.3615623, -0.72517604, 0.3352381, 0.81321174, 0.5365981, 0.28696188, -0.24119951, 0.7615469, -0.9822806, 0.5128217, -0.31753442, 0.23230739, 0.816467, 0.17819403, 0.368607, 0.45387605, -0.41783276, -0.7640422, 0.12893488, 0.01534482, 0.075257786, -0.038274985, 0.89006156, -0.14063294, -0.23782496, -0.24742611, 0.10283457, 0.6421264, 0.6586833, 0.6536183, -0.08046389, 0.556451, 0.6417569, 0.37358284, 0.76820666, -0.16939732, 0.21972096, 0.6886193, -0.67750365, -0.97082216, 0.5900502, -0.98961174, 0.40341163, -0.02956771, -0.24897169, 0.026438778, 0.5784033, 0.84731215, 0.95547223, -0.47163603, -0.79422104, -0.1811311, 0.14863066, 0.17726412, -0.23038478]","[-7.0, 4.0, 4.0, -2.0, -1.0, 4.0, -1.0, 2.0, -2.0, -3.0, -2.0, -1.0, 4.0, -2.0, 4.0, -2.0, -2.0, -3.0, -7.0, -1.0, -8.0, -2.0, -2.0, -7.0, 5.0, 10.0, -7.0, -8.0, 3.0, -7.0, -14.0, 4.0, -2.0, 4.0, 5.0, 3.0, 4.0, -6.0, -7.0, -7.0, 0.0, 5.0, -1.0, -4.0, 1.0, 5.0, 3.0, -7.0, -3.0, -2.0, 5.0, 3.0, 5.0, -1.0, 1.0, 1.0, -1.0, -2.0, 0.0, 4.0, 3.0, 4.0, -2.0, 0.0, 3.0, 4.0, -7.0, -3.0, -2.0, 5.0, 5.0, 2.0, -1.0, 4.0, -6.0, 3.0, 4.0, -3.0, -1.0, 6.0, -2.0, -6.0, -1.0, -7.0, 6.0, 10.0, -1.0, -1.0, 0.0, 4.0, -1.0, 6.0, -1.0, 10.0, -2.0, 4.0, 4.0, -3.0, -6.0, -4.0, -1.0, -1.0, 1.0, -1.0, -8.0, 5.0, 1.0, 3.0, 5.0, -3.0, -2.0, -7.0, -7.0, -2.0, 4.0, -8.0, 5.0, -7.0, 5.0, -3.0, 5.0, 5.0, 0.0, 4.0, -2.0, 3.0, -1.0, 4.0, 3.0, -2.0, 5.0, -1.0, -4.0, -7.0, -2.0, -8.0, -1.0, -8.0, 3.0, 4.0, 4.0, 5.0, -2.0, 4.0, 5.0, 4.0, -8.0, 0.0, -7.0, 4.0, -10.0, 5.0, -3.0, 0.0, -2.0, -7.0, 4.0, 4.0, 4.0, -1.0, -3.0, 4.0, 5.0, 3.0, -13.0, -1.0, -7.0, 4.0, -9.0, -5.0, 3.0, -1.0, 5.0, 3.0, 1.0, -2.0, -2.0, -2.0, -3.0, 0.0, 3.0, -2.0, -2.0, -5.0, -2.0, -2.0, 5.0, -6.0, 2.0, 10.0, -3.0, -2.0, 4.0, -4.0, -2.0, 0.0, -2.0, -8.0, -2.0, -2.0, -8.0, -2.0, -2.0, 5.0, -1.0, 5.0, -1.0, -3.0, -1.0, -1.0, 5.0, 4.0, -2.0, 4.0, 1.0, -8.0, 4.0, 4.0, -2.0, -3.0, 4.0, -7.0, -3.0, -7.0, 8.0, 5.0, 4.0, -3.0, 0.0, 4.0, -7.0, 0.0, 5.0, -2.0, 0.0, 4.0, 4.0, 4.0, -1.0, 3.0, 1.0, -1.0, -6.0, 3.0, 2.0, 0.0, 4.0, -5.0, -2.0, 6.0, -2.0, -5.0, -2.0, -1.0, -2.0, -4.0, -1.0, -4.0, -2.0, -2.0, -2.0, 5.0, -7.0, -2.0, 4.0, -1.0, -7.0, 1.0, -7.0, 5.0, 4.0, -1.0, -1.0, -6.0, 6.0, -1.0, 5.0, -2.0, -4.0, -7.0, 4.0, -1.0, 0.0, -1.0, -1.0, 12.0, 0.0, -1.0, 4.0, 4.0, -1.0, -2.0, -8.0, -2.0, -2.0, -1.0, -7.0, -1.0, -3.0, -2.0, 4.0, 3.0, 4.0, -1.0, -1.0, 0.0, -3.0, 4.0, 0.0, -2.0, 3.0, 3.0, -6.0, -1.0, -2.0, 0.0, 1.0, -1.0, 5.0, 4.0, -1.0, -8.0, -1.0, 3.0, 6.0, 1.0, -7.0, 4.0, 5.0, 2.0, 0.0, 0.0, 4.0, 10.0, -2.0, -2.0, -8.0, -2.0, 4.0, 12.0, -1.0, 5.0, -4.0, -7.0, -7.0, 0.0, -1.0, -1.0, -2.0, -1.0, -3.0, -1.0, -1.0, 4.0, 5.0, 5.0, -2.0, -7.0, 3.0, -1.0, -7.0, -1.0, 4.0, -7.0, 6.0, -1.0, 4.0, 10.0, 4.0, -7.0, -1.0, 13.0, 4.0, 9.0, 0.0, 4.0, -3.0, 4.0, 5.0, 4.0, 4.0, 4.0, -2.0, 5.0, -1.0, 4.0, 3.0, 5.0, 5.0, 3.0, 0.0, 5.0, -2.0, 11.0, 5.0, 11.0, -2.0, -2.0, 5.0, 10.0, -3.0, 5.0, 10.0, -1.0, 3.0, -1.0, -7.0, 5.0, -2.0, 4.0, -2.0, 3.0, 3.0, 1.0, -8.0, -2.0, -10.0, 5.0, 0.0, -3.0, -8.0, 1.0, 8.0, -6.0, 6.0, 3.0, -7.0, -7.0, -2.0, -1.0, -1.0, -1.0, -2.0, -2.0, -2.0, -2.0, -14.0, -7.0, -1.0, -7.0, -1.0, -8.0, 4.0, -2.0, 5.0, -2.0, 5.0, -2.0, 5.0, 4.0, -1.0, -2.0, 4.0, 4.0, 5.0, 4.0, 3.0, -1.0, 4.0, 2.0, 4.0, -2.0, -2.0, -1.0, 9.0, -1.0, -1.0, -8.0, 0.0, 5.0, 2.0, 4.0, -1.0, 5.0, -1.0, 5.0, -8.0, -1.0, -2.0, -1.0, -2.0, -2.0, -10.0, 5.0, -5.0, -1.0, 5.0, 11.0, -1.0, 0.0, -5.0, -2.0, -2.0, 2.0, -2.0, -2.0, -2.0, -8.0, 0.0, -2.0, -7.0, 4.0, -7.0, -1.0, -3.0, -5.0, 4.0, 2.0, -1.0, -2.0, 4.0, 5.0, -4.0, 4.0, -1.0, -1.0, -1.0, 3.0, 9.0, -7.0, 4.0, -2.0, -3.0, -2.0, -2.0, 5.0, 4.0, 4.0, -5.0, -1.0, -1.0, 3.0, -3.0, -1.0, -7.0, 0.0, -1.0, 4.0, 3.0, -5.0, 5.0, 4.0, -1.0, -1.0, 4.0, -3.0, -1.0, -1.0, -2.0, -2.0, 5.0, 5.0, -2.0, 1.0, -7.0, 5.0, 4.0, -2.0, -1.0, 3.0, -1.0, -7.0, -5.0, -2.0, -1.0, -1.0, 5.0, -1.0, 0.0, 4.0, -3.0, -7.0, -2.0, -1.0, -1.0, -2.0, 3.0, -3.0, -2.0, 1.0, 1.0, -3.0, 0.0, -1.0, -8.0, 4.0, 3.0, 1.0, -1.0, -2.0, -7.0, -2.0, -1.0, 3.0, -1.0, -1.0, 5.0, -3.0, 4.0, 0.0, -2.0, -7.0, -7.0, 3.0, 5.0, -1.0, 11.0, 4.0, -1.0, 4.0, -2.0, 0.0, 10.0, 0.0, -7.0, -2.0, -8.0, -2.0, 7.0, -1.0, -1.0, 4.0, 6.0, 5.0, 4.0, 2.0, -1.0, -2.0, 10.0, -4.0, -1.0, -2.0, 4.0, -1.0, -1.0, 0.0, 5.0, -1.0, 2.0, -1.0, -2.0, -1.0, -6.0, 2.0, -1.0, -2.0, 1.0, -2.0, 3.0, -2.0, -2.0, 6.0, -2.0, -2.0, 1.0, -2.0, -2.0, -6.0, 4.0, 1.0, 5.0, -3.0, -3.0, 5.0, 4.0, -6.0, -2.0, -1.0, -1.0, 0.0, -1.0, -3.0, 3.0, 3.0, 1.0, 0.0, 5.0, 1.0, -1.0, -1.0, -2.0, -1.0, 5.0, -3.0, 5.0, -1.0, -12.0, -2.0, -1.0, -1.0, -5.0, -7.0, -1.0, -2.0, -3.0, 6.0, 8.0, -3.0, 0.0, 4.0, 3.0, 5.0, -1.0, 3.0, 4.0, -1.0, 4.0, -1.0, 5.0, -15.0, -7.0, -1.0, -2.0, 1.0, -7.0, 5.0, -1.0, 1.0, -2.0, 6.0, 0.0, -4.0, -1.0, -2.0, 2.0, -2.0, 0.0, -6.0, -8.0, -2.0, 4.0, 4.0, -2.0, 1.0, 1.0, -5.0, 4.0, -1.0, -3.0, 10.0, -2.0, 5.0, 3.0, -1.0, 3.0, 5.0, 4.0, -2.0, -3.0, 4.0, 4.0, -1.0, 3.0, 10.0, -1.0, 2.0, -2.0, 4.0, -2.0, 5.0, -6.0, 5.0, -1.0, -5.0, 4.0, 0.0, 5.0, 0.0, -2.0, -2.0, -8.0, -2.0, -1.0, 5.0, -1.0, 5.0, -2.0, -1.0, -2.0, -2.0, -2.0, -2.0, 10.0, 4.0, 3.0, 3.0, 4.0, 10.0, 4.0, 4.0, -2.0, 0.0, -2.0, -13.0, 4.0, -1.0, 9.0, -2.0, 4.0, 3.0, 4.0, -1.0, -2.0, 5.0, -3.0, -7.0, -2.0, -2.0, -2.0, -7.0, -1.0, -2.0, 0.0, 10.0, 9.0, -1.0, 4.0, -2.0, -2.0, -7.0, 5.0, 11.0, 4.0, 5.0, -1.0, -8.0, 4.0, -2.0, -5.0, 4.0, -1.0, -7.0, -1.0, 4.0, 0.0, -1.0, -1.0, -8.0, -2.0, -1.0, 5.0, 4.0, -9.0, -4.0, -1.0, -14.0, 2.0, -12.0, -2.0, -7.0, 6.0, -1.0, 5.0, -8.0, -7.0, -1.0, -2.0, -4.0, 3.0, -2.0, -7.0, 0.0, 4.0, 5.0, 5.0, 9.0, 5.0, 2.0, -2.0, -1.0, 7.0, -1.0, 3.0, -1.0, 4.0, 4.0, -1.0, -2.0, 5.0, 4.0, -2.0, -2.0, -1.0, 4.0, -1.0, 0.0, -4.0, 3.0, -8.0, 4.0, -5.0, -1.0, -7.0, -2.0, -7.0, -1.0, 3.0, 5.0, -2.0, 5.0, -9.0, 5.0, -2.0, 0.0, -1.0, -5.0, -1.0, -1.0, -14.0, 0.0, 5.0, 11.0, -2.0, 5.0, 5.0, 4.0, 4.0, -1.0, -1.0, 4.0, -2.0, -1.0, -5.0, 4.0, 5.0, 4.0, 2.0, -7.0, -2.0, -2.0, 5.0, 6.0, -1.0, 4.0, 0.0, 5.0, 5.0, -7.0, -6.0, 6.0, 3.0, -7.0, -7.0, -3.0, -7.0, -1.0, 5.0, -6.0, -13.0, 10.0, -1.0, 6.0, 10.0, -1.0, 3.0, -2.0, 0.0, 1.0, -2.0, -3.0, -2.0, 5.0, 5.0, -3.0, -2.0, -6.0, 15.0, 5.0, 3.0, -4.0, 5.0, 0.0, -1.0, 5.0, -2.0, 4.0, -1.0, 5.0, 4.0, -1.0, 4.0, -1.0, 11.0, -2.0, -8.0, -1.0, 8.0, 5.0, 9.0, 2.0, -6.0, 4.0, 3.0, -8.0, -1.0, 11.0, -2.0, -2.0, -20.0, -2.0]",8.191414266461646,0.0032896995544433,0.0,0.0,0
56,56,"[0.41054627, 0.120415255, -0.5766679, -0.72562724, 0.22607678, -0.62430733, 0.0036759248, -0.48860082, 0.8651678, 0.8981308, 0.9121876, -0.32857588, -0.9863434, -0.9190252, 0.19098322, 0.34459326, 0.3781671, 0.89000297, -0.4353781, -0.19047387, 0.5008939, 0.74549586, -0.52903897, 0.72914493, -0.1087994, -0.7360533, 0.19167268, -0.18273437, -0.7178101, -0.62653226, -0.66309637, -0.09101544, -0.22982831, -0.2707441, -0.1473356, -0.11001722, -0.20173812, 0.45130232, -0.56029123, 0.27220765, -0.7080428, -0.38438937, -0.6082254, -0.33027172, 0.7028508, -0.889273, 0.6487087, -0.111687265, -0.82463294, 0.8230197, 0.7392817, 0.33211914, 0.6490398, -0.9310041, -0.5438729, -0.45358455, -0.2908805, 0.9166207, 0.42297086, 0.8172313, 0.7452531, 0.55767715, -0.8923433, -0.36017507, -0.87418884, -0.092735976, 0.8320764, -0.18206891, 0.35530704, -0.26677698, 0.49113607, -0.8713811, 0.37051898, 0.47873268, -0.65440744, -0.39394742, -0.62414783, -0.2293859, -0.5172634, -0.13610993, -0.82076174, 0.45013866, -0.3985381, 0.6913146, -0.7237603, -0.58346355, 0.2990049, 0.69947886, 0.2810443, -0.72913176, 0.01358832, 0.49743423, 0.9033942, -0.95114225, -0.21316224, -0.63394177, 0.77453494, 0.31275988, 0.16824247, -0.1240066, -0.96975726, -0.52015567, -0.54860276, 0.23770283, 0.7527643, -0.01727456, 0.96721697, 0.6939127, -0.5051634, 0.29661152, -0.06956911, 0.5433957, -0.94850636, -0.19502577, -0.77422744, -0.22706984, 0.24997923, 0.42952567, 0.8418764, 0.8622551, 0.3073223, -0.49337614, -0.8219896, -0.39313218, 0.29621118, 0.8532486, 0.24886696, -0.20546432, -0.5843798, 0.6813343, -0.84114295, 0.30299234, -0.217582, 0.73249865, -0.16808958, 0.23019393, -0.98170245, 0.7454428, -0.047479108, -0.9466419, -0.88471526, -0.05225249, 0.5731903, 0.7569283, -0.7666309, 0.084049895, -0.21061566, -0.9408712, -0.8379607, -0.11438863, 0.7243395, -0.06662125, -0.6546468, 0.9110535, 0.2836493, -0.50861084, 0.90604234, -0.55908024, 0.027148683, 0.07805915, 0.16569881, 0.58492774, 0.076182626, -0.81127036, -0.54305494, -0.0054747127, -0.070672065, -0.38129058, 0.059459146, -0.78946567, -0.5972526, 0.1110021, -0.11059361, 0.27259892, -0.26616943, 0.030491816, -0.7830314, 0.93769175, 0.1608293, -0.5782809, -0.37329757, -0.46255478, -0.5900356, 0.54801404, -0.10957853, -0.75933456, 0.34395888, -0.2862507, -0.9796795, 0.02055988, 0.62553585, 0.14130303, -0.54272175, 0.9294889, 0.3712194, -0.41125068, -0.15673056, 0.33665314, -0.7014205, 0.75392246, 0.64517593, -0.61567116, -0.44655222, -0.9720508, -0.01127496, 0.34321162, 0.3224583, 0.03264177, 0.31154934, 0.21148938, -0.23513226, -0.72813535, 0.37275484, -0.29750887, 0.8572058, 0.19529404, -0.13373163, 0.34012583, -0.14374013, 0.09912293, 0.4456521, -0.287723, -0.0029001858, -0.20258293, -0.2136908, 0.27543932, 0.909984, -0.5131288, -0.4062875, 0.7815706, 0.6534967, -0.011112801, 0.08011171, 0.9467591, -0.9195717, 0.6983715, -0.57898605, 0.07684854, 0.9443044, -0.08689253, 0.71587646, 0.90709037, -0.98696524, 0.40953833, 0.19112155, 0.57150394, 0.95857996, 0.87626594, 0.26686943, -0.4604349, -0.6743262, -0.10709676, -0.25330716, 0.5711187, 0.8773492, -0.34339508, -0.23798455, -0.383999, -0.41354543, 0.06795935, 0.30517277, 0.26445332, 0.52388895, 0.7350206, 0.16986537, -0.6185067, 0.48230347, 0.46546972, -0.60059994, 0.8141077, -0.9387246, 0.79096913, -0.27388805, 0.22248377, 0.31245205, -0.060147993, -0.4882712, -0.47828057, -0.55279773, -0.7149394, 0.58128613, 0.047145985, -0.20125319, -0.49972042, -0.943347, 0.49811372, 0.34318238, -0.370779, -0.8404065, 0.34472564, -0.89814746, 0.1655499, 0.7141935, -0.57943976, -0.38830402, 0.011810377, -0.47318187, -0.97336864, -0.1388351, -0.25031883, -0.10489492, 0.09196424, 0.2468047, -0.9325878, -0.3576156, 0.3868211, 0.6789838, 0.38641277, -0.7428392, -0.8102455, 0.44039616, 0.8984351, -0.08498695, 0.13460097, -0.624621, -0.9844641, 0.094390616, -0.62703073, 0.91202724, -0.062044784, -0.33658266, -0.22782509, 0.9984926, 0.8707339, -0.4564602, 0.10859281, 0.9704739, -0.41970205, -0.90171504, -0.23285294, 0.35900554, 0.46853432, 0.29021868, -0.3909793, 0.21710628, -0.8002805, -0.48798174, -0.24484275, -0.6587473, -0.73604345, 0.11994318, 0.65702844, 0.93018657, -0.9101484, -0.33323538, 0.6147235, -0.39197704, 0.6192446, -0.43911985, 0.7055714, -0.21142013, 0.3625308, 0.11483543, 0.7509594, 0.73757595, 0.80023956, 0.16103098, -0.58073145, -0.22984819, 0.7453204, 0.90235335, -0.34092265, 0.5127567, 0.8608895, 0.6077074, 0.56752354, 0.36650196, -0.58704364, -0.21175866, -0.9821329, -0.2885075, -0.9189633, -0.5506709, 0.38605, 0.63305247, -0.008733196, -0.026282176, 0.27090392, -0.9424876, 0.15506329, 0.33478692, 0.82379746, -0.91854304, 0.3170808, 0.008434185, -0.5322107, 0.22453624, -0.14664574, 0.56319976, 0.8607353, 0.07328615, 0.3204237, -0.21763667, 0.89856464, 0.5299396, 0.16303694, -0.31158206, -0.8223068, -0.22322597, 0.07150968, -0.7989384, 0.90784717, 0.98624223, 0.110248886, 0.07907769, -0.4754969, -0.8895152, 0.5892191, -0.90221524, -0.779462, -0.25457084, -0.081731975, -0.9017507, 0.21654095, -0.61483985, -0.21334226, -0.7897272, -0.30854598, -0.76303643, 0.5356564, 0.9984462, 0.123654656, -0.22729844, -0.41174713, 0.29732224, -0.8267468, -0.028969083, 0.059160385, 0.068540074, -0.82557476, -0.58030367, 0.08098774, -0.6361342, 0.7567091, 0.71910614, -0.56872416, -0.8697224, -0.75461876, -0.8088382, 0.3952187, 0.5951422, 0.38323647, 0.5465261, 0.3561152, -0.37201846, -0.28742403, 0.9758909, 0.8580363, 0.1356244, 0.053814866, -0.04750341, -0.12449604, 0.097192414, 0.94758785, 0.20510961, -0.5154876, -0.51957405, -0.84677684, -0.8465136, 0.20920894, -0.9965276, -0.30430526, 0.29095563, -0.7803828, 0.5620971, 0.30366975, -0.81726, -0.42829263, -0.82975, 0.20015587, -0.78505415, 0.16628976, -0.31294483, 0.54036164, -0.24326651, -0.3587762, 0.18512519, 0.50358796, -0.3836386, 0.5046213, 0.055883743, -0.29095492, 0.71859026, 0.76779175, 0.34487393, -0.093084425, -0.27836254, -0.36536694, -0.63620496, 0.08805496, -0.7078206, -0.23728254, -0.31658137, -0.25279617, 0.038727604, 0.990932, 0.10511629, -0.9085929, -0.5334357, 0.59069353, -0.07145694, -0.11570098, -0.113595404, -0.30584696, -0.11865489, 0.3619227, 0.69192684, 0.30361712, 0.41385418, -0.40681538, -0.52175593, 0.6332541, 0.57314736, -0.72249013, -0.17629005, 0.89920104, 0.4704129, -0.5347528, -0.4167472, 0.16617948, 0.1042304, -0.8195259, 0.6322373, 0.32773396, -0.11754995, -0.5287169, 0.5524272, 0.8524916, -0.8376846, 0.6437713, -0.4983208, -0.56505567, -0.39617336, 0.52820677, 0.62224585, -0.08052292, 0.59862065, -0.25418937, -0.8828011, -0.73578316, -0.8483551, 0.13721228, 0.18450283, -0.13205345, -0.3406302, -0.07609959, 0.21614984, 0.19773002, 0.8795398, -0.8100039, 0.6049391, -0.5685982, 0.8082635, 0.010528975, 0.8792071, -0.7203643, 0.03211138, -0.03687708, -0.34802115, 0.36359173, 0.18941838, -0.34931037, 0.5177498, 0.3744705, 0.7801173, 0.39049572, -0.85184056, -0.5988685, 0.12377505, -0.07652644, 0.7860912, 0.5885507, 0.5880017, -0.71828806, -0.9089426, 0.38619226, -0.8350159, 0.4468378, 0.24380746, 0.007645523, 0.4819128, 0.5634488, 0.43733647, 0.43086183, 0.06078969, -0.5005679, -0.81719065, -0.07564752, 0.8692989, 0.8037947, -0.17043923, -0.4321966, 0.98920065, 0.9904817, 0.74277836, 0.8409753, 0.47590762, -0.34976223, -0.46276793, 0.05431693, 0.32731447, -0.8205006, 0.27930352, 0.9700924, -0.65929675, -0.14111505, -0.65136385, 0.839438, 0.33054158, 0.83681905, 0.19653897, -0.5852851, -0.29478213, 0.0437912, 0.93382937, -0.8675453, 0.60347795, -0.98159087, 0.27065355, -0.51919043, -0.31168306, -0.31962025, 0.15823673, 0.056596454, -0.36669642, 0.6568405, -0.19904612, 0.39582932, -0.38127628, 0.3945538, -0.57907254, -0.4295377, 0.18237217, -0.8820973, -0.3176675, -0.117262915, -0.9917961, -0.6915818, -0.0077780588, 0.23846115, 0.09413621, 0.7787519, -0.31326267, 0.6842666, -0.0044614184, 0.62877333, 0.4266438, -0.36785614, -0.8777914, -0.6035149, -0.6838373, 0.6425511, 0.070487775, 0.07791643, 0.99757296, 0.4957539, -0.2535764, 0.8599913, 0.42868468, 0.84798473, -0.39960808, -0.8503846, 0.8580509, -0.24167415, -0.17660806, -0.51848996, 0.590939, -0.8101609, 0.25135028, -0.7435523, -0.5752789, 0.254906, 0.664578, -0.7578083, 0.5093791, 0.54248065, 0.2874704, 0.16833718, -0.1423519, -0.31535634, 0.7369811, 0.43299612, -0.0059042564, 0.49598545, 0.3379761, -0.1467943, -0.8391768, -0.45608672, 0.86300457, -0.691036, -0.117468454, 0.95673794, -0.03288975, -0.6460289, -0.15682209, -0.69760656, 0.26833987, 0.9721736, -0.3087123, -0.28747228, -0.94380295, 0.7794594, -0.059945, -0.15617836, 0.13802697, -0.5456464, -0.5135967, -0.08829076, -0.28638658, -0.7181532, -0.10421043, 0.92501366, -0.8463915, -0.73587555, -0.38809752, -0.61751354, 0.086418875, 0.9698182, -0.6667782, -0.4181302, 0.8078052, -0.83695817, -0.18975498, -0.22843301, -0.3526763, -0.32538033, -0.5392844, 0.8728482, -0.10730573, 0.3821311, -0.9940774, -0.13558076, 0.5919011, -0.47565553, 0.7885972, 0.5309874, 0.25129902, -0.9082551, 0.47961113, 0.41155997, 0.363453, 0.71746343, -0.519863, -0.26639274, -0.27714866, 0.9266493, 0.17707606, -0.48261908, -0.23795861, -0.60998625, -0.3476987, 0.95295435, 0.54789215, -0.35679537, 0.9690695, -0.7148512, 0.75785744, 0.2676838, 0.89952433, -0.5685258, -0.51147336, 0.17287661, -0.39924863, 0.715658, -0.97659826, -0.70934975, -0.6752827, 0.69725776, 0.98480844, -0.4338276, 0.11776109, -0.038466774, 0.47862598, 0.14022146, 0.9402267, -0.9488811, 0.18871813, -0.48975635, -0.7001558, 0.08545614, 0.6351718, 0.247603, 0.6409609, 0.5593194, -0.35679206, 0.8237193, 0.26334855, -0.9649598, -0.21692252, -0.54273546, 0.46814194, -0.22675963, -0.08834516, 0.26209512, -0.2568204, 0.17071839, 0.27569264, 0.9179531, 0.47849008, -0.009561369, 0.17666852, -0.08900251, 0.71014476, 0.2916381, 0.37904808, -0.08692626, -0.2613861, -0.60235184, 0.33867726, -0.6987409, 0.4317158, -0.7883701, 0.73934907, 0.2222629, -0.23570389, -0.2931658, 0.29957306, 0.10339279, 0.3194471, 0.5389, 0.41607767, -0.055523805, 0.17894703, 0.34508884, 0.12370096, 0.92229253, 0.7110355, -0.20291904, -0.16032402, 0.7159647, -0.8448185, 0.97391385, -0.44073078, 0.67014855, -0.41366252, 0.86118186, -0.17319374, -0.8927694, -0.6875265, 0.40561262, 0.68097633, 0.29254988, 0.9921993, 0.86728776, -0.5097345, 0.3429702, 0.75537103, 0.8924665, 0.8012224, 0.806626, 0.49072865, -0.33432826, -0.23404543, -0.4419977, 0.5506104, 0.11879697, -0.48152897, 0.4519656, 0.46013787, -0.31631535, 0.35430261, -0.49780148, 0.30372036, 0.91992515, 0.7476008, 0.03579991, -0.29226908, -0.17281355, 0.297216, 0.92738456, -0.04610564, 0.7981968, -0.8953622, -0.2667443, -0.56738394, -0.0036807675, 0.41227412, -0.39813352, -0.5766198, 0.22227582, 0.6080058, -0.02294296, -0.4599419, 0.1770963, 0.47107932, -0.91661984, -0.77731687, 0.6011604, 0.2434194, -0.15586266, 0.8688228, -0.74102503, 0.9172603, 0.6521993, -0.5631566, 0.052739527, 0.8459293, -0.04615613, 0.355784, -0.8722955, 0.3256743, -0.94586724, -0.2844684, 0.31925717, 0.64501643, -0.84453887, 0.8916019, 0.6159936, 0.9147386, 0.4265949, -0.24594091, 0.26348823, -0.7451201, 0.9633409, 0.5687602, -0.19287159, -0.5018976, 0.89054793, -0.8108359, 0.32351783, -0.78478944, 0.5966437, -0.7396699, 0.10540239, 0.14497031, -0.3920715, -0.330704, -0.30074832, 0.5756694, -0.57404065, -0.16521682, 0.7886174, 0.51562077, 0.76571506, 0.92774856, 0.32715973, 0.46197858, 0.69258946, -0.434962, -0.5825777, 0.10968645, 0.97487587, -0.6034407, -0.008635283, 0.3900512, -0.067362614, -0.74234074, -0.03812676, -0.92454964, 0.48883495, -0.57666326, -0.7663201, 0.59357846, -0.30228364, -0.63826, 0.07238272, 0.6002947, -0.30012295, -0.5764275, -0.9352344, -0.51308376, 0.21772265, 0.9170898, 0.34080845, -0.058601882, -0.8520796, 0.5923142, -0.7538148, 0.8920542, -0.63409126, -0.25769496, 0.7472667, 0.78500825, 0.12564498, 0.9164252, 0.39300063, -0.65207225, -0.698395, -0.3237287, 0.65260786, 0.6474689, 0.057920393, -0.29473177, 0.59514374, -0.54017127, -0.50200707, 0.9380515, 0.66657776, -0.53359646, -0.47820732, 0.00069654564, -0.6350061, -0.7749463, 0.90278274, 0.62806654, 0.6811005, 0.89644283, -0.97128063, 0.27125046, 0.20283392]","[-7.0, 4.0, 4.0, -2.0, -1.0, 4.0, -1.0, 2.0, -2.0, -3.0, -2.0, -1.0, 4.0, -2.0, 4.0, -2.0, -2.0, -3.0, -7.0, -1.0, -8.0, -2.0, -2.0, -7.0, 5.0, 10.0, -7.0, -8.0, 3.0, -7.0, -14.0, 4.0, -2.0, 4.0, 5.0, 3.0, 4.0, -6.0, -7.0, -7.0, 0.0, 5.0, -1.0, -4.0, 1.0, 5.0, 3.0, -7.0, -3.0, -2.0, 5.0, 3.0, 5.0, -1.0, 1.0, 1.0, -1.0, -2.0, 0.0, 4.0, 3.0, 4.0, -2.0, 0.0, 3.0, 4.0, -7.0, -3.0, -2.0, 5.0, 5.0, 2.0, -1.0, 4.0, -6.0, 3.0, 4.0, -3.0, -1.0, 6.0, -2.0, -6.0, -1.0, -7.0, 6.0, 10.0, -1.0, -1.0, 0.0, 4.0, -1.0, 6.0, -1.0, 10.0, -2.0, 4.0, 4.0, -3.0, -6.0, -4.0, -1.0, -1.0, 1.0, -1.0, -8.0, 5.0, 1.0, 3.0, 5.0, -3.0, -2.0, -7.0, -7.0, -2.0, 4.0, -8.0, 5.0, -7.0, 5.0, -3.0, 5.0, 5.0, 0.0, 4.0, -2.0, 3.0, -1.0, 4.0, 3.0, -2.0, 5.0, -1.0, -4.0, -7.0, -2.0, -8.0, -1.0, -8.0, 3.0, 4.0, 4.0, 5.0, -2.0, 4.0, 5.0, 4.0, -8.0, 0.0, -7.0, 4.0, -10.0, 5.0, -3.0, 0.0, -2.0, -7.0, 4.0, 4.0, 4.0, -1.0, -3.0, 4.0, 5.0, 3.0, -13.0, -1.0, -7.0, 4.0, -9.0, -5.0, 3.0, -1.0, 5.0, 3.0, 1.0, -2.0, -2.0, -2.0, -3.0, 0.0, 3.0, -2.0, -2.0, -5.0, -2.0, -2.0, 5.0, -6.0, 2.0, 10.0, -3.0, -2.0, 4.0, -4.0, -2.0, 0.0, -2.0, -8.0, -2.0, -2.0, -8.0, -2.0, -2.0, 5.0, -1.0, 5.0, -1.0, -3.0, -1.0, -1.0, 5.0, 4.0, -2.0, 4.0, 1.0, -8.0, 4.0, 4.0, -2.0, -3.0, 4.0, -7.0, -3.0, -7.0, 8.0, 5.0, 4.0, -3.0, 0.0, 4.0, -7.0, 0.0, 5.0, -2.0, 0.0, 4.0, 4.0, 4.0, -1.0, 3.0, 1.0, -1.0, -6.0, 3.0, 2.0, 0.0, 4.0, -5.0, -2.0, 6.0, -2.0, -5.0, -2.0, -1.0, -2.0, -4.0, -1.0, -4.0, -2.0, -2.0, -2.0, 5.0, -7.0, -2.0, 4.0, -1.0, -7.0, 1.0, -7.0, 5.0, 4.0, -1.0, -1.0, -6.0, 6.0, -1.0, 5.0, -2.0, -4.0, -7.0, 4.0, -1.0, 0.0, -1.0, -1.0, 12.0, 0.0, -1.0, 4.0, 4.0, -1.0, -2.0, -8.0, -2.0, -2.0, -1.0, -7.0, -1.0, -3.0, -2.0, 4.0, 3.0, 4.0, -1.0, -1.0, 0.0, -3.0, 4.0, 0.0, -2.0, 3.0, 3.0, -6.0, -1.0, -2.0, 0.0, 1.0, -1.0, 5.0, 4.0, -1.0, -8.0, -1.0, 3.0, 6.0, 1.0, -7.0, 4.0, 5.0, 2.0, 0.0, 0.0, 4.0, 10.0, -2.0, -2.0, -8.0, -2.0, 4.0, 12.0, -1.0, 5.0, -4.0, -7.0, -7.0, 0.0, -1.0, -1.0, -2.0, -1.0, -3.0, -1.0, -1.0, 4.0, 5.0, 5.0, -2.0, -7.0, 3.0, -1.0, -7.0, -1.0, 4.0, -7.0, 6.0, -1.0, 4.0, 10.0, 4.0, -7.0, -1.0, 13.0, 4.0, 9.0, 0.0, 4.0, -3.0, 4.0, 5.0, 4.0, 4.0, 4.0, -2.0, 5.0, -1.0, 4.0, 3.0, 5.0, 5.0, 3.0, 0.0, 5.0, -2.0, 11.0, 5.0, 11.0, -2.0, -2.0, 5.0, 10.0, -3.0, 5.0, 10.0, -1.0, 3.0, -1.0, -7.0, 5.0, -2.0, 4.0, -2.0, 3.0, 3.0, 1.0, -8.0, -2.0, -10.0, 5.0, 0.0, -3.0, -8.0, 1.0, 8.0, -6.0, 6.0, 3.0, -7.0, -7.0, -2.0, -1.0, -1.0, -1.0, -2.0, -2.0, -2.0, -2.0, -14.0, -7.0, -1.0, -7.0, -1.0, -8.0, 4.0, -2.0, 5.0, -2.0, 5.0, -2.0, 5.0, 4.0, -1.0, -2.0, 4.0, 4.0, 5.0, 4.0, 3.0, -1.0, 4.0, 2.0, 4.0, -2.0, -2.0, -1.0, 9.0, -1.0, -1.0, -8.0, 0.0, 5.0, 2.0, 4.0, -1.0, 5.0, -1.0, 5.0, -8.0, -1.0, -2.0, -1.0, -2.0, -2.0, -10.0, 5.0, -5.0, -1.0, 5.0, 11.0, -1.0, 0.0, -5.0, -2.0, -2.0, 2.0, -2.0, -2.0, -2.0, -8.0, 0.0, -2.0, -7.0, 4.0, -7.0, -1.0, -3.0, -5.0, 4.0, 2.0, -1.0, -2.0, 4.0, 5.0, -4.0, 4.0, -1.0, -1.0, -1.0, 3.0, 9.0, -7.0, 4.0, -2.0, -3.0, -2.0, -2.0, 5.0, 4.0, 4.0, -5.0, -1.0, -1.0, 3.0, -3.0, -1.0, -7.0, 0.0, -1.0, 4.0, 3.0, -5.0, 5.0, 4.0, -1.0, -1.0, 4.0, -3.0, -1.0, -1.0, -2.0, -2.0, 5.0, 5.0, -2.0, 1.0, -7.0, 5.0, 4.0, -2.0, -1.0, 3.0, -1.0, -7.0, -5.0, -2.0, -1.0, -1.0, 5.0, -1.0, 0.0, 4.0, -3.0, -7.0, -2.0, -1.0, -1.0, -2.0, 3.0, -3.0, -2.0, 1.0, 1.0, -3.0, 0.0, -1.0, -8.0, 4.0, 3.0, 1.0, -1.0, -2.0, -7.0, -2.0, -1.0, 3.0, -1.0, -1.0, 5.0, -3.0, 4.0, 0.0, -2.0, -7.0, -7.0, 3.0, 5.0, -1.0, 11.0, 4.0, -1.0, 4.0, -2.0, 0.0, 10.0, 0.0, -7.0, -2.0, -8.0, -2.0, 7.0, -1.0, -1.0, 4.0, 6.0, 5.0, 4.0, 2.0, -1.0, -2.0, 10.0, -4.0, -1.0, -2.0, 4.0, -1.0, -1.0, 0.0, 5.0, -1.0, 2.0, -1.0, -2.0, -1.0, -6.0, 2.0, -1.0, -2.0, 1.0, -2.0, 3.0, -2.0, -2.0, 6.0, -2.0, -2.0, 1.0, -2.0, -2.0, -6.0, 4.0, 1.0, 5.0, -3.0, -3.0, 5.0, 4.0, -6.0, -2.0, -1.0, -1.0, 0.0, -1.0, -3.0, 3.0, 3.0, 1.0, 0.0, 5.0, 1.0, -1.0, -1.0, -2.0, -1.0, 5.0, -3.0, 5.0, -1.0, -12.0, -2.0, -1.0, -1.0, -5.0, -7.0, -1.0, -2.0, -3.0, 6.0, 8.0, -3.0, 0.0, 4.0, 3.0, 5.0, -1.0, 3.0, 4.0, -1.0, 4.0, -1.0, 5.0, -15.0, -7.0, -1.0, -2.0, 1.0, -7.0, 5.0, -1.0, 1.0, -2.0, 6.0, 0.0, -4.0, -1.0, -2.0, 2.0, -2.0, 0.0, -6.0, -8.0, -2.0, 4.0, 4.0, -2.0, 1.0, 1.0, -5.0, 4.0, -1.0, -3.0, 10.0, -2.0, 5.0, 3.0, -1.0, 3.0, 5.0, 4.0, -2.0, -3.0, 4.0, 4.0, -1.0, 3.0, 10.0, -1.0, 2.0, -2.0, 4.0, -2.0, 5.0, -6.0, 5.0, -1.0, -5.0, 4.0, 0.0, 5.0, 0.0, -2.0, -2.0, -8.0, -2.0, -1.0, 5.0, -1.0, 5.0, -2.0, -1.0, -2.0, -2.0, -2.0, -2.0, 10.0, 4.0, 3.0, 3.0, 4.0, 10.0, 4.0, 4.0, -2.0, 0.0, -2.0, -13.0, 4.0, -1.0, 9.0, -2.0, 4.0, 3.0, 4.0, -1.0, -2.0, 5.0, -3.0, -7.0, -2.0, -2.0, -2.0, -7.0, -1.0, -2.0, 0.0, 10.0, 9.0, -1.0, 4.0, -2.0, -2.0, -7.0, 5.0, 11.0, 4.0, 5.0, -1.0, -8.0, 4.0, -2.0, -5.0, 4.0, -1.0, -7.0, -1.0, 4.0, 0.0, -1.0, -1.0, -8.0, -2.0, -1.0, 5.0, 4.0, -9.0, -4.0, -1.0, -14.0, 2.0, -12.0, -2.0, -7.0, 6.0, -1.0, 5.0, -8.0, -7.0, -1.0, -2.0, -4.0, 3.0, -2.0, -7.0, 0.0, 4.0, 5.0, 5.0, 9.0, 5.0, 2.0, -2.0, -1.0, 7.0, -1.0, 3.0, -1.0, 4.0, 4.0, -1.0, -2.0, 5.0, 4.0, -2.0, -2.0, -1.0, 4.0, -1.0, 0.0, -4.0, 3.0, -8.0, 4.0, -5.0, -1.0, -7.0, -2.0, -7.0, -1.0, 3.0, 5.0, -2.0, 5.0, -9.0, 5.0, -2.0, 0.0, -1.0, -5.0, -1.0, -1.0, -14.0, 0.0, 5.0, 11.0, -2.0, 5.0, 5.0, 4.0, 4.0, -1.0, -1.0, 4.0, -2.0, -1.0, -5.0, 4.0, 5.0, 4.0, 2.0, -7.0, -2.0, -2.0, 5.0, 6.0, -1.0, 4.0, 0.0, 5.0, 5.0, -7.0, -6.0, 6.0, 3.0, -7.0, -7.0, -3.0, -7.0, -1.0, 5.0, -6.0, -13.0, 10.0, -1.0, 6.0, 10.0, -1.0, 3.0, -2.0, 0.0, 1.0, -2.0, -3.0, -2.0, 5.0, 5.0, -3.0, -2.0, -6.0, 15.0, 5.0, 3.0, -4.0, 5.0, 0.0, -1.0, 5.0, -2.0, 4.0, -1.0, 5.0, 4.0, -1.0, 4.0, -1.0, 11.0, -2.0, -8.0, -1.0, 8.0, 5.0, 9.0, 2.0, -6.0, 4.0, 3.0, -8.0, -1.0, 11.0, -2.0, -2.0, -20.0, -2.0]",8.191414266461646,0.0032644271850585,0.0,0.0,0
57,57,"[0.21941268, -0.5800976, -0.5150596, 0.60341215, 0.8068698, -0.47213018, -0.1451892, -0.3192413, 0.29477915, 0.41307437, -0.7734729, -0.25911114, 0.4670763, -0.73554593, -0.20645839, -0.543644, 0.9027897, -0.8884938, 0.63982356, -0.4549891, -0.6042536, 0.55907595, -0.33435893, -0.6648911, 0.55683464, 0.8673288, -0.57697964, 0.4199067, 0.44108367, 0.2651337, 0.26591408, 0.82709247, 0.22373453, 0.674472, -0.68554956, -0.73520595, 0.13449131, -0.4790495, -0.38870868, -0.76213664, -0.47259372, 0.4376214, -0.8194956, 0.09139109, 0.8347089, -0.75964564, 0.2852548, -0.8437342, -0.41743848, -0.97440886, -0.42178252, -0.12771277, -0.74214154, 0.3664704, -0.7670645, -0.8922765, -0.15208064, 0.47183743, -0.4783442, 0.89407074, 0.47400838, 0.7849105, -0.53689283, 0.41576505, 0.41013157, 0.5406993, 0.5684774, 0.48073456, 0.8017115, 0.17232269, -0.6297545, 0.38940468, -0.6061178, 0.16844608, 0.30110666, -0.31976393, -0.32061183, -0.29949614, -0.8380628, 0.55001616, -0.30680665, 0.21365629, -0.33923274, -0.8941698, -0.67087966, -0.90432864, -0.8091549, -0.17387448, -0.37777114, -0.7541353, 0.17292313, 0.9674971, -0.25907645, -0.04206627, 0.2273325, 0.60773534, 0.15802212, -0.3610087, 0.84095776, 0.6744835, -0.033421867, -0.92312884, -0.43139416, -0.80752194, -0.8682559, -0.3663246, -0.93136907, -0.14714226, 0.19098827, -0.80765635, 0.4315275, 0.67824477, 0.21827137, -0.22749925, 0.12279203, -0.013020137, 0.30929035, 0.0664185, -0.08867756, -0.6968247, 0.70019275, -0.66197306, 0.24936318, -0.7791043, -0.11050735, 0.30717343, 0.01407952, 0.060543425, -0.63626903, -0.67820495, 0.53046423, -0.987446, -0.42799956, 0.45356235, -0.23249811, 0.59376997, -0.15896492, -0.9521633, 0.34960234, 0.6146038, -0.25000983, 0.5744159, 0.10096967, -0.42304054, -0.82009923, 0.12781711, -0.07114914, 0.37423864, -0.49486175, -0.07248255, -0.57890236, 0.049057007, 0.045852073, 0.739874, 0.9740716, 0.86278963, 0.08235222, 0.15084006, -0.009782053, 0.0207653, -0.738048, 0.35947204, 0.108959734, -0.56903505, 0.6803516, -0.16324322, -0.10228434, 0.5600627, -0.5202338, 0.71069074, 0.20416667, -0.9142176, 0.18245395, 0.46172374, 0.39798835, 0.051986046, 0.1740683, -0.24527591, -0.09323669, -0.047923032, -0.8596, -0.2912095, -0.6153827, 0.691984, 0.33963537, 0.50892675, -0.14813076, -0.011645837, -0.20777522, 0.49053526, -0.2615777, 0.36740947, -0.5901758, 0.3651179, 0.7994221, -0.68699723, 0.016696295, -0.58543116, 0.42227778, 0.3424796, 0.45456213, -0.040503934, -0.51661927, 0.97820014, 0.73107654, 0.12669595, -0.7281077, 0.64605784, -0.81266147, 0.45216063, 0.0537245, 0.13624802, -0.0141938105, 0.3522305, -0.5915462, 0.42859146, 0.41288614, -0.72977483, 0.68473196, -0.67762244, -0.8753602, 0.45038196, -0.03845935, 0.8145158, 0.82573867, -0.76962864, -0.6205576, 0.27344888, -0.70198107, -0.6609265, 0.65083593, 0.29365692, 0.23738398, 0.29547578, 0.9102219, -0.6223684, -0.45991266, 0.9671718, -0.23350705, 0.47061586, 0.3228046, -0.6615694, -0.41540244, -0.6899757, 0.03064228, -0.7538856, -0.13106605, -0.49845174, -0.9877606, -0.5301329, -0.83367205, -0.41578305, -0.87424034, 0.47712797, -0.61681104, 0.79464334, -0.35328206, -0.32756266, 0.23323557, 0.5413033, 0.31937656, 0.27446634, -0.43155235, 0.2000768, -0.097043574, 0.9620456, 0.43763012, 0.3480005, -0.7164953, 0.89221877, -0.052029822, -0.29598814, 0.021425273, -0.29430526, 0.57218224, 0.9745335, 0.14334361, -0.5876173, 0.4960943, -0.46472806, 0.9265232, -0.43111685, -0.1681512, 0.3484951, -0.5899081, 0.9259223, 0.34686002, -0.7158495, 0.4823391, -0.98277473, -0.32963133, 0.8935283, -0.23888342, 0.4510538, -0.41084874, 0.4465091, 0.5351234, -0.20170291, -0.32858753, -0.15074804, -0.5564883, 0.9729572, -0.5192283, -0.8068537, -0.53650457, 0.3971424, -0.09808174, -0.40643132, 0.085106954, -0.95553005, 0.37632754, -0.09500057, 0.82275355, -0.80934423, 0.24297805, 0.3191537, 0.65815365, 0.42707747, 0.114639916, -0.55460554, -0.8023293, 0.7464651, 0.7746732, -0.62162185, 0.2627527, -0.8502939, -0.0656478, -0.6313979, 0.19236192, -0.6014562, -0.09367981, -0.4945823, 0.43256995, 0.5111593, -0.9201836, -0.18389732, -0.5373206, 0.30304334, 0.053645633, -0.7708166, -0.11237443, 0.55675316, -0.99397683, -0.6086165, 0.95584154, -0.43981043, 0.05482656, 0.5718928, -0.4691889, 0.36550426, 0.5847461, 0.5429429, -0.5253541, 0.588549, 0.44929788, -0.7868836, 0.9989541, -0.28067818, -0.6277676, 0.38405642, 0.85340524, 0.8708282, -0.37501577, -0.2772833, -0.2958148, 0.8242612, -0.11559148, 0.18847737, 0.9916987, 0.1734056, -0.29501146, 0.09342237, 0.52691334, -0.23500933, 0.9651709, -0.7217026, -0.4747545, 0.89269006, 0.060905535, -0.79006726, 0.3472034, 0.2329163, -0.13617483, 0.25378639, 0.37861997, 0.6091655, 0.97863835, 0.030395696, 0.73192376, -0.98709047, 0.87964934, -0.54104424, -0.66115624, 0.83046085, 0.8041812, 0.56156725, 0.030027723, -0.90699226, 0.9136112, 0.29241997, 0.50392467, 0.4849745, 0.18972975, 0.95965034, -0.7824114, 0.7095977, 0.40932325, -0.56768376, -0.18747678, 0.10238544, -0.056246225, 0.46417233, 0.057586454, -0.7702766, 0.48642343, 0.14824703, 0.47189736, 0.03267569, -0.2259905, 0.49446192, 0.7085119, -0.43200642, -0.37640467, -0.7859873, 0.94875133, -0.3585999, -0.32945994, -0.16688104, -0.94910616, -0.87575155, 0.35174462, 0.95739025, 0.8200561, -0.22107953, -0.6807382, 0.37902266, -0.53730017, 0.27121818, -0.84999394, 0.6307879, 0.10506734, -0.87148017, -0.27966926, 0.2612922, 0.7977562, 0.21705924, 0.72122926, 0.6343381, 0.53934216, -0.74532145, -0.8114719, -0.20305234, 0.6471073, 0.37080786, -0.75071174, 0.69285065, -0.8345036, -0.75839853, -0.557153, 0.4810559, -0.4226328, -0.92896366, -0.6711561, -0.06694204, 0.059291717, -0.9882084, 0.2567029, 0.2823859, 0.28133988, 0.88889104, -0.77745366, 0.24632108, 0.9885663, -0.8476344, 0.45181227, 0.05180571, 0.7417817, 0.3573624, -0.43235654, 0.037671696, -0.8107583, -0.78838086, 0.5924945, -0.43663803, -0.6348938, -0.45753017, -0.38267872, 0.9160258, -0.38919008, -0.8159994, -0.72879386, 0.671797, -0.44956225, 0.4147016, -0.72357357, 0.38361257, 0.36674878, 0.34290347, -0.5930536, -0.21681438, 0.92949015, 0.43978372, 0.25701562, -0.31383416, 0.69532865, 0.84082407, -0.33324128, -0.36412343, 0.5874073, -0.40732777, -0.9430916, -0.36936072, 0.7498106, 0.88353944, 0.76864207, -0.28943682, 0.8970792, -0.8301071, 0.02592246, 0.8495698, -0.114733234, -0.7129238, -0.5264811, -0.3822137, 0.09974746, 0.98192555, -0.5235033, 0.99083626, -0.7048353, 0.3884255, -0.9211098, -0.6708704, -0.7480799, 0.8150099, 0.73145163, 0.37028852, -0.5849388, -0.76871926, -0.5768662, -0.871539, 0.013247567, -0.8250906, 0.626528, 0.09705617, -0.7662027, 0.75253016, 0.41203067, -0.7006016, -0.2663061, 0.6908918, 0.5734907, -0.56097394, 0.6356448, -0.2960004, 0.3212583, -0.1447979, -0.8096416, 0.40166375, 0.47685513, 0.7461395, 0.2089146, 0.43469957, 0.4470242, -0.4145021, 0.95363, -0.9567644, 0.4256263, 0.5803968, 0.75185186, -0.6933788, 0.16296966, 0.29644388, -0.2686227, 0.05033342, -0.5635094, 0.21839598, -0.608321, 0.21444403, -0.7041856, 0.15428188, 0.66683924, 0.42350104, 0.5252184, -0.75588655, -0.68551695, 0.8829659, -0.4868438, 0.760423, 0.33639032, 0.20463032, -0.4908249, -0.07988099, 0.5327427, 0.09372306, 0.099602185, -0.97821206, -0.2911039, 0.50989205, 0.7454269, -0.9701684, -0.9341985, -0.6493377, 0.8422467, 0.6802951, 0.3088575, -0.44610623, -0.41626987, 0.50541455, -0.91758466, -0.358955, -0.12856787, 0.2190105, 0.062188685, -0.7130487, -0.3384898, -0.7167322, 0.9667832, 0.29551288, -0.26058248, 0.12482587, 0.021028059, -0.2836246, 0.32264143, 0.67251915, -0.17515141, 0.22144465, 0.38694492, -0.16694447, 0.5527387, -0.6505145, 0.07875329, -0.017450597, 0.02418415, -0.5189167, 0.5561682, 0.89102614, -0.5037182, 0.88693863, 0.8307516, 0.9960414, -0.014610409, -0.4353927, -0.39151394, 0.8541262, 0.46729508, 0.12595093, 0.4625471, -0.5471359, -0.1697323, -0.83602864, 0.6772251, 0.6993475, 0.041075476, 0.19128856, 0.29924992, 0.11484546, 0.8104973, 0.28321257, -0.82900184, 0.93900585, -0.16755407, 0.9549445, 0.42199862, -0.5400703, -0.5597357, -0.15814617, 0.7641786, -0.17735276, 0.030824896, -0.97500384, -0.5468722, -0.9185372, -0.8217691, 0.2476715, 0.20505317, 0.34807047, 0.18067366, -0.43427056, 0.259001, 0.6023511, -0.15315132, 0.4214307, -0.24303126, 0.54290086, 0.9557201, -0.04332794, -0.65909153, -0.11970732, -0.6503953, 0.9209319, -0.6580172, -0.8533736, -0.3629351, -0.60217136, -0.4738749, 0.85495156, -0.24387512, -0.1394858, 0.7809983, -0.98269755, 0.5848098, -0.950726, 0.6132573, 0.7865543, -0.49784943, -0.7994662, -0.0668671, 0.6737095, 0.30994013, -0.38311645, -0.8892447, 0.110866934, -0.27572927, -0.34516504, -0.60549927, -0.9591148, -0.4078102, 0.55239916, -0.42560986, -0.4246462, 0.6767548, -0.72379935, -0.19638726, 0.65705854, -0.54365164, -0.44176212, 0.24637021, 0.06944767, 0.6917816, -0.87491184, -0.57282174, -0.429203, 0.21292008, 0.67587674, -0.01661382, -0.9199363, -0.30241635, -0.2582644, -0.6741068, 0.1355941, 0.08023908, 0.6813387, 0.49320558, 0.3701406, 0.046934776, 0.1936009, 0.22455354, 0.56825894, 0.8774221, -0.44699746, 0.010910842, 0.032406583, 0.32316864, 0.22544636, -0.56321496, -0.43189585, 0.20471138, 0.9680594, 0.81852406, 0.79502213, -0.24662262, -0.38772115, 0.8617632, 0.7360831, 0.5100844, 0.015957855, -0.74053746, -0.46205634, -0.48607984, -0.20678346, -0.5748613, -0.8625334, -0.81198126, 0.31494385, 0.16000704, 0.8016231, -0.6698133, -0.802038, 0.23371261, 0.85749483, 0.5865908, -0.26908845, 0.57583547, 0.019406576, 0.94285554, 0.16372176, 0.22651483, -0.66536134, 0.24827176, -0.9513656, -0.80486923, -0.87569064, 0.370817, -0.2247449, -0.2925435, -0.11935737, 0.05807671, 0.09173447, -0.78390783, -0.6293363, 0.525448, -0.41736358, -0.6333116, -0.58592564, 0.49775255, -0.328667, 0.7779208, -0.026777621, -0.73058033, 0.27343866, 0.33914655, -0.3277269, 0.18146436, 0.29117095, 0.8318504, 0.30613315, 0.8430433, 0.8653955, -0.56763583, -0.96824384, 0.36743128, 0.90789324, 0.5677882, 0.9943069, 0.95048857, 0.43828306, 0.37185097, -0.34968528, -0.40622324, 0.67579323, -0.047697086, 0.79016435, 0.6337825, -0.32116285, -0.11059625, 0.46276966, -0.38560614, 0.9310147, 0.8403553, -0.7572122, -0.93691325, 0.15724757, -0.54950726, 0.3199235, -0.26980165, 0.72712374, 0.69166666, -0.73022914, 0.4684564, 0.3143655, -0.20285195, 0.515208, -0.13462034, -0.8269503, 0.943119, -0.13012816, 0.79783195, -0.034830343, -0.15930982, 0.80447555, 0.99727046, -0.9743077, -0.16950202, -0.4684753, -0.8604999, -0.098436765, -0.8353415, -0.3855315, -0.2966499, 0.89961034, 0.89686465, 0.1259872, -0.17413624, -0.69780546, -0.50691015, 0.05037603, 0.8543643, -0.96210486, -0.8677396, -0.5383918, 0.19396846, 0.31155977, 0.67695946, -0.30801255, -0.55555534, 0.92113644, 0.8600272, -0.6322076, -0.2198959, -0.0045104525, 0.107781984, -0.7877213, 0.21381918, -0.86573344, 0.93708575, 0.27045476, -0.92532855, 0.025143469, -0.6808254, 0.95619965, -0.54069847, -0.776351, 0.6464288, -0.45447105, 0.7260019, 0.7577359, 0.6059218, -0.8716666, 0.2706615, 0.66497934, 0.015113945, -0.65692943, -0.32507628, -0.46237165, -0.6886292, 0.84286994, 0.65986824, 0.43629298, -0.50371593, 0.1389579, -0.3243571, 0.38372883, 0.14769873, 0.7869762, -0.2865765, -0.56630677, -0.7463099, 0.98150545, -0.9137276, -0.48252058, -0.59468997, 0.8841927, -0.09777504, -0.5896365, -0.9288961, -0.6412024, -0.042044573, -0.009602931, -0.3381868, -0.3501309, -0.9489601, -0.97203237, 0.13711193, -0.035807453, 0.10871234, 0.51491356, -0.7018792, 0.7292815, -0.250902, 0.26098844, 0.02274294, -0.52200824, 0.2923325, -0.24705674, -0.34105122, 0.99488294, 0.36123636, -0.4568988, 0.93177885, -0.759832, -0.45026937, -0.38215816, -0.2842584, -0.66910934, -0.626447, 0.87256384, 0.82320434, 0.13215664, 0.4932023, -0.9604475, 0.52320045, -0.3641441, 0.29617488, 0.8789398, -0.5748723, 0.98543775, -0.6061051, 0.42572492, -0.7592543, 0.0656508, -0.98710245, 0.7887028, -0.48086366, 0.1697611, -0.7154501, -0.2896693, -0.38323674, -0.8141596, 0.20357727, 0.9124321, -0.36797878, 0.1511945, 0.54590994, 0.23179327, -0.6726734, 0.07797734, -0.0648465, 0.204268, 0.018888054, 0.13017303]","[-7.0, 4.0, 4.0, -2.0, -1.0, 4.0, -1.0, 2.0, -2.0, -3.0, -2.0, -1.0, 4.0, -2.0, 4.0, -2.0, -2.0, -3.0, -7.0, -1.0, -8.0, -2.0, -2.0, -7.0, 5.0, 10.0, -7.0, -8.0, 3.0, -7.0, -14.0, 4.0, -2.0, 4.0, 5.0, 3.0, 4.0, -6.0, -7.0, -7.0, 0.0, 5.0, -1.0, -4.0, 1.0, 5.0, 3.0, -7.0, -3.0, -2.0, 5.0, 3.0, 5.0, -1.0, 1.0, 1.0, -1.0, -2.0, 0.0, 4.0, 3.0, 4.0, -2.0, 0.0, 3.0, 4.0, -7.0, -3.0, -2.0, 5.0, 5.0, 2.0, -1.0, 4.0, -6.0, 3.0, 4.0, -3.0, -1.0, 6.0, -2.0, -6.0, -1.0, -7.0, 6.0, 10.0, -1.0, -1.0, 0.0, 4.0, -1.0, 6.0, -1.0, 10.0, -2.0, 4.0, 4.0, -3.0, -6.0, -4.0, -1.0, -1.0, 1.0, -1.0, -8.0, 5.0, 1.0, 3.0, 5.0, -3.0, -2.0, -7.0, -7.0, -2.0, 4.0, -8.0, 5.0, -7.0, 5.0, -3.0, 5.0, 5.0, 0.0, 4.0, -2.0, 3.0, -1.0, 4.0, 3.0, -2.0, 5.0, -1.0, -4.0, -7.0, -2.0, -8.0, -1.0, -8.0, 3.0, 4.0, 4.0, 5.0, -2.0, 4.0, 5.0, 4.0, -8.0, 0.0, -7.0, 4.0, -10.0, 5.0, -3.0, 0.0, -2.0, -7.0, 4.0, 4.0, 4.0, -1.0, -3.0, 4.0, 5.0, 3.0, -13.0, -1.0, -7.0, 4.0, -9.0, -5.0, 3.0, -1.0, 5.0, 3.0, 1.0, -2.0, -2.0, -2.0, -3.0, 0.0, 3.0, -2.0, -2.0, -5.0, -2.0, -2.0, 5.0, -6.0, 2.0, 10.0, -3.0, -2.0, 4.0, -4.0, -2.0, 0.0, -2.0, -8.0, -2.0, -2.0, -8.0, -2.0, -2.0, 5.0, -1.0, 5.0, -1.0, -3.0, -1.0, -1.0, 5.0, 4.0, -2.0, 4.0, 1.0, -8.0, 4.0, 4.0, -2.0, -3.0, 4.0, -7.0, -3.0, -7.0, 8.0, 5.0, 4.0, -3.0, 0.0, 4.0, -7.0, 0.0, 5.0, -2.0, 0.0, 4.0, 4.0, 4.0, -1.0, 3.0, 1.0, -1.0, -6.0, 3.0, 2.0, 0.0, 4.0, -5.0, -2.0, 6.0, -2.0, -5.0, -2.0, -1.0, -2.0, -4.0, -1.0, -4.0, -2.0, -2.0, -2.0, 5.0, -7.0, -2.0, 4.0, -1.0, -7.0, 1.0, -7.0, 5.0, 4.0, -1.0, -1.0, -6.0, 6.0, -1.0, 5.0, -2.0, -4.0, -7.0, 4.0, -1.0, 0.0, -1.0, -1.0, 12.0, 0.0, -1.0, 4.0, 4.0, -1.0, -2.0, -8.0, -2.0, -2.0, -1.0, -7.0, -1.0, -3.0, -2.0, 4.0, 3.0, 4.0, -1.0, -1.0, 0.0, -3.0, 4.0, 0.0, -2.0, 3.0, 3.0, -6.0, -1.0, -2.0, 0.0, 1.0, -1.0, 5.0, 4.0, -1.0, -8.0, -1.0, 3.0, 6.0, 1.0, -7.0, 4.0, 5.0, 2.0, 0.0, 0.0, 4.0, 10.0, -2.0, -2.0, -8.0, -2.0, 4.0, 12.0, -1.0, 5.0, -4.0, -7.0, -7.0, 0.0, -1.0, -1.0, -2.0, -1.0, -3.0, -1.0, -1.0, 4.0, 5.0, 5.0, -2.0, -7.0, 3.0, -1.0, -7.0, -1.0, 4.0, -7.0, 6.0, -1.0, 4.0, 10.0, 4.0, -7.0, -1.0, 13.0, 4.0, 9.0, 0.0, 4.0, -3.0, 4.0, 5.0, 4.0, 4.0, 4.0, -2.0, 5.0, -1.0, 4.0, 3.0, 5.0, 5.0, 3.0, 0.0, 5.0, -2.0, 11.0, 5.0, 11.0, -2.0, -2.0, 5.0, 10.0, -3.0, 5.0, 10.0, -1.0, 3.0, -1.0, -7.0, 5.0, -2.0, 4.0, -2.0, 3.0, 3.0, 1.0, -8.0, -2.0, -10.0, 5.0, 0.0, -3.0, -8.0, 1.0, 8.0, -6.0, 6.0, 3.0, -7.0, -7.0, -2.0, -1.0, -1.0, -1.0, -2.0, -2.0, -2.0, -2.0, -14.0, -7.0, -1.0, -7.0, -1.0, -8.0, 4.0, -2.0, 5.0, -2.0, 5.0, -2.0, 5.0, 4.0, -1.0, -2.0, 4.0, 4.0, 5.0, 4.0, 3.0, -1.0, 4.0, 2.0, 4.0, -2.0, -2.0, -1.0, 9.0, -1.0, -1.0, -8.0, 0.0, 5.0, 2.0, 4.0, -1.0, 5.0, -1.0, 5.0, -8.0, -1.0, -2.0, -1.0, -2.0, -2.0, -10.0, 5.0, -5.0, -1.0, 5.0, 11.0, -1.0, 0.0, -5.0, -2.0, -2.0, 2.0, -2.0, -2.0, -2.0, -8.0, 0.0, -2.0, -7.0, 4.0, -7.0, -1.0, -3.0, -5.0, 4.0, 2.0, -1.0, -2.0, 4.0, 5.0, -4.0, 4.0, -1.0, -1.0, -1.0, 3.0, 9.0, -7.0, 4.0, -2.0, -3.0, -2.0, -2.0, 5.0, 4.0, 4.0, -5.0, -1.0, -1.0, 3.0, -3.0, -1.0, -7.0, 0.0, -1.0, 4.0, 3.0, -5.0, 5.0, 4.0, -1.0, -1.0, 4.0, -3.0, -1.0, -1.0, -2.0, -2.0, 5.0, 5.0, -2.0, 1.0, -7.0, 5.0, 4.0, -2.0, -1.0, 3.0, -1.0, -7.0, -5.0, -2.0, -1.0, -1.0, 5.0, -1.0, 0.0, 4.0, -3.0, -7.0, -2.0, -1.0, -1.0, -2.0, 3.0, -3.0, -2.0, 1.0, 1.0, -3.0, 0.0, -1.0, -8.0, 4.0, 3.0, 1.0, -1.0, -2.0, -7.0, -2.0, -1.0, 3.0, -1.0, -1.0, 5.0, -3.0, 4.0, 0.0, -2.0, -7.0, -7.0, 3.0, 5.0, -1.0, 11.0, 4.0, -1.0, 4.0, -2.0, 0.0, 10.0, 0.0, -7.0, -2.0, -8.0, -2.0, 7.0, -1.0, -1.0, 4.0, 6.0, 5.0, 4.0, 2.0, -1.0, -2.0, 10.0, -4.0, -1.0, -2.0, 4.0, -1.0, -1.0, 0.0, 5.0, -1.0, 2.0, -1.0, -2.0, -1.0, -6.0, 2.0, -1.0, -2.0, 1.0, -2.0, 3.0, -2.0, -2.0, 6.0, -2.0, -2.0, 1.0, -2.0, -2.0, -6.0, 4.0, 1.0, 5.0, -3.0, -3.0, 5.0, 4.0, -6.0, -2.0, -1.0, -1.0, 0.0, -1.0, -3.0, 3.0, 3.0, 1.0, 0.0, 5.0, 1.0, -1.0, -1.0, -2.0, -1.0, 5.0, -3.0, 5.0, -1.0, -12.0, -2.0, -1.0, -1.0, -5.0, -7.0, -1.0, -2.0, -3.0, 6.0, 8.0, -3.0, 0.0, 4.0, 3.0, 5.0, -1.0, 3.0, 4.0, -1.0, 4.0, -1.0, 5.0, -15.0, -7.0, -1.0, -2.0, 1.0, -7.0, 5.0, -1.0, 1.0, -2.0, 6.0, 0.0, -4.0, -1.0, -2.0, 2.0, -2.0, 0.0, -6.0, -8.0, -2.0, 4.0, 4.0, -2.0, 1.0, 1.0, -5.0, 4.0, -1.0, -3.0, 10.0, -2.0, 5.0, 3.0, -1.0, 3.0, 5.0, 4.0, -2.0, -3.0, 4.0, 4.0, -1.0, 3.0, 10.0, -1.0, 2.0, -2.0, 4.0, -2.0, 5.0, -6.0, 5.0, -1.0, -5.0, 4.0, 0.0, 5.0, 0.0, -2.0, -2.0, -8.0, -2.0, -1.0, 5.0, -1.0, 5.0, -2.0, -1.0, -2.0, -2.0, -2.0, -2.0, 10.0, 4.0, 3.0, 3.0, 4.0, 10.0, 4.0, 4.0, -2.0, 0.0, -2.0, -13.0, 4.0, -1.0, 9.0, -2.0, 4.0, 3.0, 4.0, -1.0, -2.0, 5.0, -3.0, -7.0, -2.0, -2.0, -2.0, -7.0, -1.0, -2.0, 0.0, 10.0, 9.0, -1.0, 4.0, -2.0, -2.0, -7.0, 5.0, 11.0, 4.0, 5.0, -1.0, -8.0, 4.0, -2.0, -5.0, 4.0, -1.0, -7.0, -1.0, 4.0, 0.0, -1.0, -1.0, -8.0, -2.0, -1.0, 5.0, 4.0, -9.0, -4.0, -1.0, -14.0, 2.0, -12.0, -2.0, -7.0, 6.0, -1.0, 5.0, -8.0, -7.0, -1.0, -2.0, -4.0, 3.0, -2.0, -7.0, 0.0, 4.0, 5.0, 5.0, 9.0, 5.0, 2.0, -2.0, -1.0, 7.0, -1.0, 3.0, -1.0, 4.0, 4.0, -1.0, -2.0, 5.0, 4.0, -2.0, -2.0, -1.0, 4.0, -1.0, 0.0, -4.0, 3.0, -8.0, 4.0, -5.0, -1.0, -7.0, -2.0, -7.0, -1.0, 3.0, 5.0, -2.0, 5.0, -9.0, 5.0, -2.0, 0.0, -1.0, -5.0, -1.0, -1.0, -14.0, 0.0, 5.0, 11.0, -2.0, 5.0, 5.0, 4.0, 4.0, -1.0, -1.0, 4.0, -2.0, -1.0, -5.0, 4.0, 5.0, 4.0, 2.0, -7.0, -2.0, -2.0, 5.0, 6.0, -1.0, 4.0, 0.0, 5.0, 5.0, -7.0, -6.0, 6.0, 3.0, -7.0, -7.0, -3.0, -7.0, -1.0, 5.0, -6.0, -13.0, 10.0, -1.0, 6.0, 10.0, -1.0, 3.0, -2.0, 0.0, 1.0, -2.0, -3.0, -2.0, 5.0, 5.0, -3.0, -2.0, -6.0, 15.0, 5.0, 3.0, -4.0, 5.0, 0.0, -1.0, 5.0, -2.0, 4.0, -1.0, 5.0, 4.0, -1.0, 4.0, -1.0, 11.0, -2.0, -8.0, -1.0, 8.0, 5.0, 9.0, 2.0, -6.0, 4.0, 3.0, -8.0, -1.0, 11.0, -2.0, -2.0, -20.0, -2.0]",8.191414266461646,0.0032901763916015,0.0,0.0,0
58,58,"[-0.41290352, 0.60069376, 0.25472483, -0.77779347, -0.8184211, 0.7131701, 0.7794077, -0.9445884, 0.41031998, -0.073226795, 0.75850606, -0.29397777, 0.34062377, -0.74671316, -0.547358, 0.77555496, 0.55372745, 0.9360185, 0.17652915, -0.2906784, -0.7784234, 0.7310118, 0.5758082, -0.21282275, -0.5563261, 0.37644005, -0.9669865, -0.2048502, -0.9639914, 0.5556379, -0.12283998, 0.80115795, -0.5349366, -0.76436913, -0.33001658, 0.9651851, -0.3869589, 0.9164615, 0.8684977, -0.30674788, 0.61549103, 0.9638985, 0.09251597, -0.27172276, 0.31791565, -0.9839852, 0.20888062, 0.7425211, -0.5455459, -0.6422321, 0.8970698, 0.6219948, -0.66902655, -0.58881396, -0.26570472, -0.55640125, -0.93683076, -0.72226226, -0.83367383, 0.8655681, -0.34844595, 0.3868297, -0.1967982, -0.1719611, 0.107038125, -0.429521, -0.934052, -0.82287276, 0.47511253, 0.9623724, -0.9942847, -0.012658055, 0.96678, 0.1595868, 0.74889916, -0.5682341, -0.44179106, 0.95274514, 0.63764876, -0.41686085, -0.3365014, -0.8562134, 0.5894433, 0.27259016, -0.600879, -0.35583284, 0.48204973, -0.95826316, -0.42555532, 0.5391012, -0.20738968, 0.089826785, -0.5243605, 0.17881054, 0.18378854, -0.8799962, -0.47721803, -0.040714554, 0.8707334, -0.04674249, 0.39807263, 0.13713934, 0.024609417, -0.64189154, 0.67560446, -0.23259361, -0.5085837, 0.62001264, 0.11061643, 0.5357587, 0.53659254, -0.51343477, -0.5361489, 0.8675488, 0.06513731, -0.18807828, -0.9879818, 0.8350403, 0.6008363, -0.2975287, -0.38239974, -0.06261194, 0.3701444, -0.58337986, 0.97158897, -0.96861464, -0.4244328, 0.8374677, -0.65387815, 0.07543275, 0.14560947, 0.73840606, 0.33348665, 0.64283574, -0.8130191, -0.22724563, 0.83825016, 0.40225708, -0.7649925, -0.30687055, 0.08704492, -0.8460704, 0.40550205, 0.81893384, -0.8670611, 0.06495947, -0.16034865, -0.584113, 0.3803649, 0.2644926, -0.64090884, -0.34838897, -0.20121008, -0.7977009, -0.8551422, -0.489575, -0.35429853, -0.18203601, 0.9900699, 0.6332906, -0.95636356, 0.91414976, 0.55652726, 0.87473106, 0.70421934, 0.5228493, 0.29551718, -0.24923548, 0.051704217, 0.4105813, 0.050914247, -0.31198877, 0.47714153, 0.4742389, 0.7898646, -0.90993935, 0.8547716, 0.782029, 0.86112845, -0.035138063, 0.6399549, -0.3463407, 0.5565161, -0.13631171, -0.36146942, 0.9275956, 0.82056963, -0.5084166, -0.47174078, -0.11597186, 0.88309014, -0.8389542, 0.16832098, 0.08069765, -0.3235536, -0.82855207, 0.1309841, -0.439158, -0.10806157, -0.74463356, 0.42202628, -0.9393341, -0.73741096, 0.79013515, -0.69661754, -0.8122454, 0.6910059, 0.1403555, -0.13988058, -0.5565571, -0.95054066, 0.4688894, -0.95434976, -0.16629528, -0.7653645, -0.9044536, 0.21625246, 0.33217826, -0.3147079, -0.4748251, -0.9632364, -0.9962623, -0.6097382, 0.49050945, 0.5346443, 0.8588868, -0.48987246, 0.2993925, 0.91345537, 0.5635858, -0.6935239, 0.46370584, 0.56434727, 0.75109327, 0.9772352, 0.6307556, 0.19062969, 0.43771127, 0.43629003, -0.47721234, -0.309039, 0.47190794, 0.9416203, 0.9075585, -0.37322477, -0.57902706, -0.5754981, -0.6617574, -0.141752, 0.4645387, 0.2888896, 0.5650954, -0.19881341, 0.6404794, -0.9894494, -0.60886645, -0.466168, -0.69578123, 0.8308105, 0.02380485, 0.86523527, 0.5607019, -0.027941199, -0.27281895, -0.80526567, -0.5361567, -0.02143476, -0.14487688, 0.09551428, -0.4553157, 0.00499717, -0.064625606, -0.97400075, -0.6395138, -0.1722247, -0.11589842, -0.8617655, -0.20018448, -0.11017474, -0.43130404, 0.08613028, 0.16080818, 0.55238837, -0.080003716, 0.7969089, -0.35113832, -0.55832475, 0.43206686, -0.06698125, -0.6047465, -0.5632043, 0.20552166, 0.4479601, -0.3068331, -0.99385643, 0.56348765, 0.33476093, -0.9165868, 0.3643582, 0.67837906, 0.7857358, 0.95326257, 0.17972495, -0.0027300753, -0.41485867, -0.60823005, -0.3910657, -0.4634053, -0.16625941, 0.7437322, 0.3155169, 0.52422935, 0.72793007, 0.0008652483, -0.78068924, 0.58606344, -0.05267492, 0.3627294, 0.23867857, 0.9527276, 0.10104294, -0.08751432, -0.30636916, 0.07289098, -0.25506502, -0.2149348, 0.27753937, 0.4540758, 0.4605091, 0.6628695, 0.81812066, -0.9059621, -0.40848783, 0.78085184, 0.95660806, -0.24382477, -0.6219924, -0.7619298, 0.39627215, -0.51859385, 0.7346947, 0.73533016, -0.9793377, 0.28586888, -0.6970154, 0.38689363, 0.6759041, -0.117395565, -0.99287224, 0.37888253, 0.26310432, 0.89154816, 0.13955782, -0.559689, -0.115831055, -0.3581971, -0.4335419, -0.4884382, -0.20041277, 0.074698664, 0.44611388, -0.3476059, 0.36977416, 0.9795862, -0.5737063, -0.69237065, 0.45025656, -0.4990065, -0.7740489, 0.17242566, -0.21883687, 0.34818113, -0.076679245, -0.07585592, 0.085733116, -0.61139256, -0.8813389, 0.7993973, -0.40250468, 0.8744294, 0.970223, -0.7277284, 0.14463976, 0.19519469, 0.5838808, 0.50956047, -0.37272337, -0.8956674, -0.28946862, -0.48185366, -0.8601191, -0.2552574, -0.6707337, 0.9747224, -0.34771398, -0.47985032, -0.16790207, 0.9735628, -0.7091111, 0.2654226, 0.43681142, 0.102548175, -0.80377406, 0.851283, 0.52278125, -0.24870835, -0.9850508, 0.3928791, 0.25218552, 0.22249314, 0.795662, 0.085668184, -0.5169673, -0.052720834, -0.54545933, -0.7238847, -0.012988279, 0.43290928, -0.12312012, 0.89811146, -0.7924597, 0.59253764, -0.5496402, -0.017440103, -0.8651269, 0.93902785, -0.3553265, 0.17323168, -0.1335177, -0.5520553, -0.42670768, -0.59000915, -0.5697486, -0.079417184, -0.883416, -0.3809428, -0.32863232, 0.017840838, -0.91471136, 0.3142204, -0.0016736564, 0.28732976, -0.2446498, 0.7993109, -0.02792692, -0.42527884, 0.4312496, -0.08054477, 0.8993674, -0.36242405, -0.045441594, 0.79316515, -0.37407595, -0.7402804, -0.7584, 0.20773046, -0.25720784, 0.23753911, 0.81082195, -0.30526614, 0.46311727, 0.2104892, 0.17512561, -0.58535206, 0.73053956, -0.1607273, 0.35536608, -0.7178488, -0.043457925, -0.14264278, 0.36946595, -0.9295665, -0.49763277, 0.06116524, 0.20571221, -0.5680013, -0.35491908, -0.0090778405, -0.015931834, -0.15819293, -0.9281741, -0.56964976, 0.42852998, 0.70038533, -0.80007786, 0.20118263, 0.574887, -0.28973544, 0.6055933, -0.23598357, 0.08717418, 0.93246645, 0.8148832, -0.010734834, 0.8120485, -0.73512435, 0.26457283, -0.9251179, 0.93357664, 0.15929537, -0.40810287, -0.7395051, 0.7079659, -0.5744384, 0.7523022, -0.62853485, -0.48752993, -0.7662408, 0.43402275, -0.8573033, 0.5019384, 0.9237113, -0.17162375, 0.10376623, 0.8128174, 0.1498318, 0.123238854, 0.62521845, -0.0023020383, 0.9777219, 0.13260841, 0.18757366, 0.14435238, -0.2750911, -0.5903123, -0.07577996, 0.48526856, -0.9830066, 0.09823659, 0.11474419, -0.56351584, 0.344698, -0.6425436, -0.2688526, -0.06672908, -0.46155193, 0.39982823, -0.501311, 0.3503002, -0.58399606, 0.05310759, 0.7242215, 0.44297698, -0.6158492, 0.9994847, 0.83060575, -0.9000763, -0.7014465, -0.54562384, 0.12569217, -0.74945754, -0.6164853, -0.18791364, 0.31031877, -0.14082731, 0.21750239, 0.5459373, -0.8097692, -0.79062617, 0.10800422, 0.7306868, -0.5842447, 0.5255469, 0.31623185, 0.08285969, 0.98444253, -0.9605638, -0.48199013, 0.06560871, 0.6386226, 0.7058627, 0.20790716, 0.27464348, 0.42158905, -0.3834994, 0.07953201, 0.76252645, 0.6297915, -0.14712317, 0.09828031, -0.031305287, 0.8459997, 0.23176898, -0.3689182, 0.4603385, 0.32537293, 0.04409367, 0.9265323, 0.029104227, 0.80299115, -0.3782151, -0.048710328, 0.6005219, -0.23587626, -0.05905584, -0.9691904, 0.77707255, 0.11417968, 0.08302445, -0.24020809, -0.9367096, -0.4582018, -0.25803113, 0.29647294, 0.5420897, -0.19218846, -0.24606292, 0.559156, -0.6389997, 0.40110973, 0.6207058, 0.50484335, -0.480985, 0.94682246, -0.42782858, -0.59472066, 0.5392723, 0.7620749, 0.61442536, 0.63355416, 0.7542813, -0.046997733, 0.34181777, 0.48536542, -0.24474584, -0.02946478, 0.1874863, 0.26024905, 0.015495928, 0.86949074, 0.6894038, 0.0428131, 0.6278871, 0.9198631, 0.40670586, -0.9187989, -0.8894051, -0.69191957, -0.89146936, 0.45203504, -0.76290244, -0.5495582, -0.8175316, -0.7511901, -0.69788265, -0.3164654, 0.8957981, 0.4228317, -0.29973006, -0.58309907, -0.06815129, 0.52189857, -0.8248237, 0.41795936, -0.31054473, -0.41504875, 0.8504849, 0.5928602, 0.70278597, -0.16858752, -0.46864074, -0.67195076, -0.67111135, 0.13508703, -0.15686107, -0.4138303, 0.65378624, 0.23595485, -0.9726115, -0.6140164, 0.3772329, 0.10809985, -0.58734286, 0.074932635, -0.52396935, 0.9666802, -0.5101025, -0.8461764, -0.7190034, 0.94353, 0.826766, 0.38261625, 0.03799452, 0.101415664, -0.79525983, 0.8845629, 0.9892266, 0.5656193, 0.28928688, -0.1053998, -0.8176213, 0.41150728, -0.8162358, -0.828634, -0.69529533, -0.7490186, 0.5440842, -0.3488118, -0.7167443, -0.516799, 0.11899339, 0.4339991, -0.9579248, -0.97206265, -0.9547301, 0.9076508, -0.11505849, 0.23862197, 0.020144101, -0.41722697, 0.41879612, -0.33959043, 0.6995875, 0.25839218, 0.45153257, -0.91038346, 0.020947406, -0.43965447, -0.93311423, -0.40208113, 0.05865149, -0.9618421, -0.83707505, -0.5808823, -0.64770323, -0.85756356, -0.40592533, 0.73285466, -0.19998473, -0.82649404, -0.16555211, -0.10720201, -0.058376595, 0.0624907, 0.017868895, -0.6382609, 0.38566318, -0.43759996, 0.022924386, -0.8505995, 0.97239834, -0.88927114, 0.9006153, 0.33405152, 0.20902869, -0.9147202, 0.35422024, 0.7124137, 0.59093213, 0.2568274, 0.6613071, -0.93379784, -0.06726158, 0.6711748, -0.18370445, -0.5300976, 0.1425774, 0.24724978, 0.14811444, -0.021862302, -0.52887887, -0.5487794, 0.6584083, 0.7173165, -0.9481518, -0.93714064, 0.43693683, -0.7807387, 0.9389713, 0.84318644, 0.66969633, 0.59071845, -0.98573005, -0.18014604, 0.425663, 0.44898129, 0.7850068, 0.36238155, 0.16077024, 0.9443827, 0.4927832, -0.4040785, -0.4585568, 0.054976016, 0.29167816, -0.9769347, -0.67752135, -0.6862578, -0.31151554, 0.9305095, 0.7219473, -0.20598584, -0.5699018, -0.38183635, 0.059009824, 0.11033322, 0.8476422, -0.5240455, 0.77752364, -0.22211027, -0.20077865, 0.56162417, 0.37505206, 0.5193174, -0.7394975, -0.6287015, -0.34591398, 0.16331807, 0.28324017, -0.088840164, -0.5676538, -0.13375504, 0.11692046, -0.6861728, 0.8594394, -0.7385442, 0.58973324, 0.021902574, 0.5487275, 0.8707721, -0.28033644, -0.63959146, -0.706643, 0.38988325, -0.9004442, 0.6004249, 0.817837, -0.3121584, 0.9563481, -0.27173835, -0.33116236, 0.65123713, 0.0105070425, -0.6407405, 0.9528989, 0.32969195, -0.5590793, -0.17235278, 0.3644132, 0.3502108, -0.6587771, 0.42002636, 0.03059284, -0.12481432, 0.1624373, -0.6004847, -0.4392126, 0.0886571, -0.75833976, -0.7751467, -0.2166266, -0.045443233, -0.9677575, -0.3878848, -0.69084877, 0.75368315, -0.43078646, 0.4496143, -0.52788675, 0.6026803, 0.41045353, -0.019392353, 0.39605966, -0.30812082, 0.1894625, 0.49582458, 0.543632, 0.66918284, 0.32288882, 0.83747363, -0.8517318, 0.86758804, -0.9241095, 0.5038846, -0.17283837, 0.6411077, 0.5077269, -0.7755432, 0.15984242, -0.19814245, -0.8277223, -0.96642417, -0.26386625, 0.11926253, 0.9844842, 0.21131651, -0.9759836, 0.50397146, -0.27628848, -0.26754105, 0.15591265, -0.42847383, 0.38937184, -0.31165048, 0.022133438, 0.79397327, 0.6558393, 0.008433418, -0.42577842, -0.27125406, 0.32544702, 0.5517908, 0.74207866, 0.23976298, 0.9729647, 0.16562304, 0.094721176, 0.99553543, 0.9486128, 0.8291004, 0.69072056, 0.040002223, 0.34847006, -0.46113655, 0.39220455, -0.82520264, -0.6772094, -0.15809949, 0.43699715, 0.92174435, -0.88021517, -0.9760426, -0.62509525, -0.84586865, 0.14853491, 0.97051454, 0.008731339, 0.18262775, -0.88056594, 0.22070229, -0.28883514, -0.6678012, 0.6742348, 0.79252034, -0.447747, 0.33028907, -0.68292135, -0.78575975, 0.5205904, -0.3927804, -0.2794116, 0.9661573, -0.78273845, 0.004038278, -0.21642484, -0.45248878, -0.29968125, -0.09752293, -0.30139562, -0.66797876, 0.85198313, -0.5346784, 0.9710937, 0.1169923, 0.44538823, -0.26954442, 0.9065517, -0.87204015, -0.33819184, -0.38132772, -0.69345015, 0.6783169, 0.27943835, 0.017270913, -0.3730785, -0.21180637, 0.95489955, -0.76713145, 0.13984777, -0.9429571, -0.5315985, -0.58110946, -0.20679666, -0.5259252, 0.9003868, 0.43720058, 0.4037084, -0.49459705, 0.41214326, 0.10037099, 0.8809857, -0.41860518, 0.55230755, -0.79004383, -0.7335976, -0.03810379, 0.750755, 0.94982606, 0.7746652, -0.4223982, -0.48532742, 0.31504768, -0.55859095, -0.15490995, 0.22365242, 0.004622784, 0.95008975, -0.55547637, 0.9110115, 0.15299134]","[-7.0, 4.0, 4.0, -2.0, -1.0, 4.0, -1.0, 2.0, -2.0, -3.0, -2.0, -1.0, 4.0, -2.0, 4.0, -2.0, -2.0, -3.0, -7.0, -1.0, -8.0, -2.0, -2.0, -7.0, 5.0, 10.0, -7.0, -8.0, 3.0, -7.0, -14.0, 4.0, -2.0, 4.0, 5.0, 3.0, 4.0, -6.0, -7.0, -7.0, 0.0, 5.0, -1.0, -4.0, 1.0, 5.0, 3.0, -7.0, -3.0, -2.0, 5.0, 3.0, 5.0, -1.0, 1.0, 1.0, -1.0, -2.0, 0.0, 4.0, 3.0, 4.0, -2.0, 0.0, 3.0, 4.0, -7.0, -3.0, -2.0, 5.0, 5.0, 2.0, -1.0, 4.0, -6.0, 3.0, 4.0, -3.0, -1.0, 6.0, -2.0, -6.0, -1.0, -7.0, 6.0, 10.0, -1.0, -1.0, 0.0, 4.0, -1.0, 6.0, -1.0, 10.0, -2.0, 4.0, 4.0, -3.0, -6.0, -4.0, -1.0, -1.0, 1.0, -1.0, -8.0, 5.0, 1.0, 3.0, 5.0, -3.0, -2.0, -7.0, -7.0, -2.0, 4.0, -8.0, 5.0, -7.0, 5.0, -3.0, 5.0, 5.0, 0.0, 4.0, -2.0, 3.0, -1.0, 4.0, 3.0, -2.0, 5.0, -1.0, -4.0, -7.0, -2.0, -8.0, -1.0, -8.0, 3.0, 4.0, 4.0, 5.0, -2.0, 4.0, 5.0, 4.0, -8.0, 0.0, -7.0, 4.0, -10.0, 5.0, -3.0, 0.0, -2.0, -7.0, 4.0, 4.0, 4.0, -1.0, -3.0, 4.0, 5.0, 3.0, -13.0, -1.0, -7.0, 4.0, -9.0, -5.0, 3.0, -1.0, 5.0, 3.0, 1.0, -2.0, -2.0, -2.0, -3.0, 0.0, 3.0, -2.0, -2.0, -5.0, -2.0, -2.0, 5.0, -6.0, 2.0, 10.0, -3.0, -2.0, 4.0, -4.0, -2.0, 0.0, -2.0, -8.0, -2.0, -2.0, -8.0, -2.0, -2.0, 5.0, -1.0, 5.0, -1.0, -3.0, -1.0, -1.0, 5.0, 4.0, -2.0, 4.0, 1.0, -8.0, 4.0, 4.0, -2.0, -3.0, 4.0, -7.0, -3.0, -7.0, 8.0, 5.0, 4.0, -3.0, 0.0, 4.0, -7.0, 0.0, 5.0, -2.0, 0.0, 4.0, 4.0, 4.0, -1.0, 3.0, 1.0, -1.0, -6.0, 3.0, 2.0, 0.0, 4.0, -5.0, -2.0, 6.0, -2.0, -5.0, -2.0, -1.0, -2.0, -4.0, -1.0, -4.0, -2.0, -2.0, -2.0, 5.0, -7.0, -2.0, 4.0, -1.0, -7.0, 1.0, -7.0, 5.0, 4.0, -1.0, -1.0, -6.0, 6.0, -1.0, 5.0, -2.0, -4.0, -7.0, 4.0, -1.0, 0.0, -1.0, -1.0, 12.0, 0.0, -1.0, 4.0, 4.0, -1.0, -2.0, -8.0, -2.0, -2.0, -1.0, -7.0, -1.0, -3.0, -2.0, 4.0, 3.0, 4.0, -1.0, -1.0, 0.0, -3.0, 4.0, 0.0, -2.0, 3.0, 3.0, -6.0, -1.0, -2.0, 0.0, 1.0, -1.0, 5.0, 4.0, -1.0, -8.0, -1.0, 3.0, 6.0, 1.0, -7.0, 4.0, 5.0, 2.0, 0.0, 0.0, 4.0, 10.0, -2.0, -2.0, -8.0, -2.0, 4.0, 12.0, -1.0, 5.0, -4.0, -7.0, -7.0, 0.0, -1.0, -1.0, -2.0, -1.0, -3.0, -1.0, -1.0, 4.0, 5.0, 5.0, -2.0, -7.0, 3.0, -1.0, -7.0, -1.0, 4.0, -7.0, 6.0, -1.0, 4.0, 10.0, 4.0, -7.0, -1.0, 13.0, 4.0, 9.0, 0.0, 4.0, -3.0, 4.0, 5.0, 4.0, 4.0, 4.0, -2.0, 5.0, -1.0, 4.0, 3.0, 5.0, 5.0, 3.0, 0.0, 5.0, -2.0, 11.0, 5.0, 11.0, -2.0, -2.0, 5.0, 10.0, -3.0, 5.0, 10.0, -1.0, 3.0, -1.0, -7.0, 5.0, -2.0, 4.0, -2.0, 3.0, 3.0, 1.0, -8.0, -2.0, -10.0, 5.0, 0.0, -3.0, -8.0, 1.0, 8.0, -6.0, 6.0, 3.0, -7.0, -7.0, -2.0, -1.0, -1.0, -1.0, -2.0, -2.0, -2.0, -2.0, -14.0, -7.0, -1.0, -7.0, -1.0, -8.0, 4.0, -2.0, 5.0, -2.0, 5.0, -2.0, 5.0, 4.0, -1.0, -2.0, 4.0, 4.0, 5.0, 4.0, 3.0, -1.0, 4.0, 2.0, 4.0, -2.0, -2.0, -1.0, 9.0, -1.0, -1.0, -8.0, 0.0, 5.0, 2.0, 4.0, -1.0, 5.0, -1.0, 5.0, -8.0, -1.0, -2.0, -1.0, -2.0, -2.0, -10.0, 5.0, -5.0, -1.0, 5.0, 11.0, -1.0, 0.0, -5.0, -2.0, -2.0, 2.0, -2.0, -2.0, -2.0, -8.0, 0.0, -2.0, -7.0, 4.0, -7.0, -1.0, -3.0, -5.0, 4.0, 2.0, -1.0, -2.0, 4.0, 5.0, -4.0, 4.0, -1.0, -1.0, -1.0, 3.0, 9.0, -7.0, 4.0, -2.0, -3.0, -2.0, -2.0, 5.0, 4.0, 4.0, -5.0, -1.0, -1.0, 3.0, -3.0, -1.0, -7.0, 0.0, -1.0, 4.0, 3.0, -5.0, 5.0, 4.0, -1.0, -1.0, 4.0, -3.0, -1.0, -1.0, -2.0, -2.0, 5.0, 5.0, -2.0, 1.0, -7.0, 5.0, 4.0, -2.0, -1.0, 3.0, -1.0, -7.0, -5.0, -2.0, -1.0, -1.0, 5.0, -1.0, 0.0, 4.0, -3.0, -7.0, -2.0, -1.0, -1.0, -2.0, 3.0, -3.0, -2.0, 1.0, 1.0, -3.0, 0.0, -1.0, -8.0, 4.0, 3.0, 1.0, -1.0, -2.0, -7.0, -2.0, -1.0, 3.0, -1.0, -1.0, 5.0, -3.0, 4.0, 0.0, -2.0, -7.0, -7.0, 3.0, 5.0, -1.0, 11.0, 4.0, -1.0, 4.0, -2.0, 0.0, 10.0, 0.0, -7.0, -2.0, -8.0, -2.0, 7.0, -1.0, -1.0, 4.0, 6.0, 5.0, 4.0, 2.0, -1.0, -2.0, 10.0, -4.0, -1.0, -2.0, 4.0, -1.0, -1.0, 0.0, 5.0, -1.0, 2.0, -1.0, -2.0, -1.0, -6.0, 2.0, -1.0, -2.0, 1.0, -2.0, 3.0, -2.0, -2.0, 6.0, -2.0, -2.0, 1.0, -2.0, -2.0, -6.0, 4.0, 1.0, 5.0, -3.0, -3.0, 5.0, 4.0, -6.0, -2.0, -1.0, -1.0, 0.0, -1.0, -3.0, 3.0, 3.0, 1.0, 0.0, 5.0, 1.0, -1.0, -1.0, -2.0, -1.0, 5.0, -3.0, 5.0, -1.0, -12.0, -2.0, -1.0, -1.0, -5.0, -7.0, -1.0, -2.0, -3.0, 6.0, 8.0, -3.0, 0.0, 4.0, 3.0, 5.0, -1.0, 3.0, 4.0, -1.0, 4.0, -1.0, 5.0, -15.0, -7.0, -1.0, -2.0, 1.0, -7.0, 5.0, -1.0, 1.0, -2.0, 6.0, 0.0, -4.0, -1.0, -2.0, 2.0, -2.0, 0.0, -6.0, -8.0, -2.0, 4.0, 4.0, -2.0, 1.0, 1.0, -5.0, 4.0, -1.0, -3.0, 10.0, -2.0, 5.0, 3.0, -1.0, 3.0, 5.0, 4.0, -2.0, -3.0, 4.0, 4.0, -1.0, 3.0, 10.0, -1.0, 2.0, -2.0, 4.0, -2.0, 5.0, -6.0, 5.0, -1.0, -5.0, 4.0, 0.0, 5.0, 0.0, -2.0, -2.0, -8.0, -2.0, -1.0, 5.0, -1.0, 5.0, -2.0, -1.0, -2.0, -2.0, -2.0, -2.0, 10.0, 4.0, 3.0, 3.0, 4.0, 10.0, 4.0, 4.0, -2.0, 0.0, -2.0, -13.0, 4.0, -1.0, 9.0, -2.0, 4.0, 3.0, 4.0, -2.0, -2.0, 5.0, -3.0, -7.0, -2.0, -2.0, -2.0, -7.0, -1.0, -2.0, 0.0, 10.0, 9.0, -1.0, 4.0, -2.0, -2.0, -7.0, 5.0, 11.0, 4.0, 5.0, -1.0, -8.0, 4.0, -2.0, -5.0, 4.0, -1.0, -7.0, -1.0, 4.0, 0.0, -1.0, -1.0, -8.0, -2.0, -1.0, 5.0, 4.0, -9.0, -4.0, -1.0, -14.0, 2.0, -12.0, -2.0, -7.0, 6.0, -1.0, 5.0, -8.0, -7.0, -1.0, -2.0, -4.0, 3.0, -2.0, -7.0, 0.0, 4.0, 5.0, 5.0, 9.0, 5.0, 2.0, -2.0, -1.0, 7.0, -1.0, 3.0, -1.0, 4.0, 4.0, -1.0, -2.0, 5.0, 4.0, -2.0, -2.0, -1.0, 4.0, -1.0, 0.0, -4.0, 3.0, -8.0, 4.0, -5.0, -1.0, -7.0, -2.0, -7.0, -1.0, 3.0, 5.0, -2.0, 5.0, -9.0, 5.0, -2.0, 0.0, -1.0, -5.0, -1.0, -1.0, -14.0, 0.0, 5.0, 11.0, -2.0, 5.0, 5.0, 4.0, 4.0, -1.0, -1.0, 4.0, -2.0, -1.0, -5.0, 4.0, 5.0, 4.0, 2.0, -7.0, -2.0, -2.0, 5.0, 6.0, -1.0, 4.0, 0.0, 5.0, 5.0, -7.0, -6.0, 6.0, 3.0, -7.0, -7.0, -3.0, -7.0, -1.0, 5.0, -6.0, -13.0, 10.0, -1.0, 6.0, 10.0, -1.0, 3.0, -2.0, 0.0, 1.0, -2.0, -3.0, -2.0, 5.0, 5.0, -3.0, -2.0, -6.0, 15.0, 5.0, 3.0, -4.0, 5.0, 0.0, -1.0, 5.0, -2.0, 4.0, -1.0, 5.0, 4.0, -1.0, 4.0, -1.0, 11.0, -2.0, -8.0, -1.0, 8.0, 5.0, 9.0, 2.0, -6.0, 4.0, 3.0, -8.0, -1.0, 11.0, -2.0, -2.0, -20.0, -2.0]",8.192839107609505,0.0037841796875,0.0,0.0,0
59,59,"[-0.47963002, 0.40788049, 0.72248006, 0.73432606, -0.676367, 0.8559945, -0.43447912, -0.5407136, -0.594938, 0.14226976, 0.05771412, -0.96593326, 0.77634346, 0.3641114, 0.9161174, 0.00798154, 0.19071245, -0.3402112, 0.66271996, 0.7665352, 0.4600689, 0.3498044, -0.5358264, 0.34248722, 0.5186766, -0.98501796, -0.111093424, 0.617817, 0.66784126, 0.5116193, -0.9396407, -0.8460351, 0.7129033, 0.98299855, 0.54534143, -0.5873709, -0.9634914, 0.9801412, 0.13744922, 0.6589427, 0.5693024, 0.18969715, -0.7799944, 0.4381884, 0.16581562, 0.48719496, 0.41462743, -0.3132289, 0.18572038, -0.14716595, 0.49050558, 0.98838407, -0.6808834, -0.016625531, 0.34566125, 0.18143712, 0.24640399, -0.91075164, 0.13524105, -0.67180884, 0.45073384, -0.3031831, -0.79321074, 0.6864474, -0.26780844, 0.9706089, 0.68709004, -0.81568766, 0.16781422, 0.076238476, -0.86120576, -0.19609998, -0.3574896, 0.39396048, 0.15728673, 0.7424975, -0.6342476, 0.551987, -0.9966235, 0.68761396, 0.667935, 0.8787272, 0.2947404, 0.77490664, 0.9165059, 0.76198953, 0.5731209, -0.131414, 0.024263822, 0.5282226, 0.9333524, -0.9147678, 0.5616738, 0.30894426, -0.078654945, 0.8290355, -0.13615076, -0.60262233, -0.68108314, -0.23068565, 0.022756992, -0.49970782, 0.41976374, 0.706655, 0.26396817, -0.48443514, -0.28706974, -0.924141, 0.56188524, -0.5882165, -0.48673144, -0.3272067, -0.14510843, -0.8345022, 0.33653858, -0.9773168, -0.03902195, -0.13127488, -0.16665182, -0.69788015, 0.12027572, -0.03890244, -0.93529165, -0.37990052, -0.8511134, 0.21151741, -0.013938177, 0.3221206, 0.13170795, 0.6126408, 0.83232486, -0.18341802, 0.6536655, 0.98677564, 0.7821226, 0.50655144, 0.69234544, 0.5733106, 0.6022647, -0.24981971, -0.27420545, -0.41197455, 0.20417635, 0.3195839, -0.14029996, -0.8750925, 0.44471508, 0.90028536, -0.30867213, 0.41254064, -0.9076566, -0.5863884, 0.6512987, -0.9109025, 0.5926856, -0.10970669, 0.6516154, 0.73723644, -0.42959332, -0.4123223, -0.9230846, 0.7409759, 0.46793136, 0.017719764, -0.32412064, -0.7514314, 0.0028316798, -0.56228423, -0.4130595, 0.72533405, 0.14755873, -0.8069953, -0.3532254, -0.43110046, -0.972198, 0.61333746, -0.18824375, -0.07185361, 0.78175026, 0.13052581, 0.8427983, 0.6745457, -0.37317157, 0.4571903, -0.9369602, -0.6149304, -0.79718333, -0.4221435, -0.9033386, 0.50526434, -0.057411972, 0.047672268, 0.2911977, 0.9801469, 0.041717153, -0.8131723, 0.6143494, 0.0855124, 0.10477546, -0.16445494, 0.60002023, 0.8546143, -0.6426332, -0.792181, -0.6068651, 0.3501484, 0.6100115, 0.6120473, -0.61628246, 0.96511346, 0.93397504, 0.45060408, -0.67070353, -0.2282536, -0.14677896, -0.6777921, -0.61274, -0.6353313, 0.9941171, -0.54855144, -0.49483386, 0.37520206, 0.8441097, 0.32369632, 0.9168117, -0.5717161, -0.7238046, 0.97155166, 0.63298154, 0.94746566, -0.41490942, 0.08052421, -0.3095942, 0.5454242, -0.23260573, 0.5434533, -0.44767338, 0.5784219, -0.29969403, -0.41804028, -0.22316392, 0.08370891, 0.024987597, 0.3377509, 0.64381135, -0.1945334, -0.023837876, 0.35083494, -0.67509454, -0.43478087, -0.15743503, -0.25708583, 0.29642105, -0.6710917, -0.40607488, -0.014071583, 0.83654284, -0.023455266, 0.9765393, -0.22961532, -0.75877064, -0.51109725, -0.77478844, -0.14252126, 0.04595009, -0.2618518, 0.17157736, -0.31886947, 0.7536915, 0.6319442, -0.37075436, 0.06424149, 0.6981421, -0.13294138, -0.7984156, -0.71941465, -0.96355474, 0.2973013, 0.45509565, -0.6739088, 0.34409517, 0.44555682, -0.0437, 0.084463656, 0.040906787, 0.1719804, -0.122698784, 0.67010105, -0.16789964, -0.28306058, -0.57904094, 0.21794899, -0.18447988, -0.0036022223, -0.10017562, 0.29752818, 0.850225, -0.13848555, 0.78171057, 0.27055243, -0.07659478, -0.5273455, 0.5335542, 0.671618, 0.15476094, 0.9196319, 0.39728585, 0.652166, 0.22512804, -0.92416704, 0.09674914, 0.84193397, 0.33779508, 0.30015543, -0.47861856, -0.3621229, 0.14970034, -0.56895834, -0.5638904, 0.27232605, -0.91817904, 0.55789363, 0.3839031, -0.22220877, 0.4210279, -0.84402686, -0.0858083, -0.10859369, 0.16046165, 0.7752377, 0.0956792, -0.5468314, -0.59151465, -0.29871035, 0.50457996, -0.9763672, -0.8600868, -0.022673476, -0.09378723, -0.7948159, -0.5989386, 0.8453118, 0.265317, -0.64106905, 0.1987629, 0.869249, -0.04851109, -0.7982248, -0.5238541, -0.7905715, 0.46722415, 0.989748, -0.6176182, 0.654708, 0.82339257, -0.91370106, 0.36143413, 0.3890894, -0.2926725, 0.32282877, -0.008131978, -0.67761374, 0.91238105, -0.93996125, -0.46179956, -0.98264414, 0.5913209, -0.52938473, 0.9889304, -0.20808153, -0.9858939, -0.957521, 0.739829, 0.3290265, -0.8174042, 0.28152266, -0.41470852, -0.83999485, -0.30071768, 0.56512135, 0.2327742, 0.23465914, -0.25448442, 0.5310287, -0.7137302, -0.20646967, 0.27776772, -0.84513646, 0.6437401, -0.23126127, 0.019388039, 0.8011145, -0.5171748, -0.9939012, 0.51229656, -0.065697834, 0.7862357, 0.57769483, 0.087826736, 0.1660036, -0.7277301, -0.44070596, 0.69862914, -0.090441965, -0.035509933, -0.2821228, -0.284365, -0.120735474, -0.9681157, 0.41974762, 0.033643384, 0.8466175, -0.030027775, -0.49746728, -0.11594925, -0.85324347, -0.6486178, -0.2528745, 0.37092724, 0.20736033, -0.83279556, -0.6138738, -0.29061157, -0.50885105, -0.8698338, -0.82630056, -0.6931974, -0.31505975, -0.13988492, -0.12405225, -0.07729206, 0.783428, 0.8651297, -0.3193105, -0.51971763, -0.7037397, -0.35040995, -0.7388443, 0.2968976, 0.90535486, 0.020018172, -0.4064148, 0.09255593, -0.019997612, 0.7578171, 0.28715166, 0.97395474, -0.8032582, 0.90917283, -0.9482367, 0.9973079, -0.9974663, -0.041413177, 0.6200444, -0.4008012, 0.794485, 0.6459543, 0.20971961, -0.67022246, -0.87582123, -0.4397285, 0.052174225, 0.2757519, -0.81612885, 0.4737407, 0.192346, 0.6480917, 0.46949422, 0.69861007, 0.5958001, -0.846636, 0.85353065, 0.2065732, 0.87484086, -0.09964001, 0.12871328, -0.94956785, -0.17560302, -0.3901085, -0.58402044, -0.18933542, -0.80409604, -0.6231287, -0.8150209, 0.1021513, -0.0010876614, -0.48880515, -0.8787696, 0.67365247, 0.9550427, -0.67515975, 0.6500129, 0.33793774, 0.67033076, -0.076726384, 0.61769795, 0.15139836, 0.9036037, -0.15876344, 0.6465224, 0.986669, -0.8345424, 0.025033025, -0.21876244, -0.22064784, -0.9378331, -0.9963812, -0.7262905, 0.25969166, -0.388531, 0.07162198, -0.5412521, -0.17467575, 0.7310074, -0.3587998, 0.22242635, 0.19477992, -0.6058013, -0.54258376, 0.37700823, 0.07126164, 0.28052878, -0.47192186, -0.4416066, -0.1558364, 0.018484203, -0.14197165, -0.24551477, -0.56296724, 0.51507837, 0.2270119, -0.65269494, 0.91115755, -0.14411505, -0.21362217, 0.989841, 0.5539986, 0.25797877, 0.29015988, -0.59759605, 0.55749464, -0.872811, 0.6459153, 0.81737304, -0.20253813, -0.74003947, -0.5474581, 0.74398005, -0.8067369, 0.04174573, 0.78737295, -0.36089036, -0.044881683, -0.31051165, -0.96021, 0.5184851, -0.14388935, 0.17793086, 0.7716934, -0.09733465, 0.8252524, 0.96220887, -0.29020673, 0.558265, -0.6005844, -0.6929812, 0.62052816, -0.9955517, -0.63852596, -0.1014292, -0.0489708, -0.89491934, -0.57529163, -0.50555235, 0.26650906, -0.12065168, -0.023742037, -0.33999112, -0.6909134, 0.5217927, -0.9234141, -0.0017551095, -0.90024376, -0.7767899, 0.33002314, 0.22665338, -0.8486989, -0.5934395, 0.8394975, 0.7095411, 0.18685925, 0.8205615, 0.7135764, 0.40812147, 0.6055075, -0.66464365, -0.828252, 0.93272585, -0.6283284, -0.4184232, 0.7915383, -0.28282362, -0.076235145, 0.79560137, 0.43987468, 0.9127524, 0.39765114, 0.5683505, -0.9919478, -0.32753617, 0.56407887, -0.541167, 0.6140639, 0.5197799, 0.1919129, 0.30275163, 0.7864903, -0.97776556, -0.41759193, -0.90111214, -0.42066953, -0.41250393, -0.31135365, -0.32081014, 0.16946211, -0.25917742, 0.27716225, -0.8108566, 0.17301266, 0.74122864, -0.5561647, 0.20727079, -0.1267825, -0.5424367, 0.83397037, 0.64677876, 0.40165275, -0.2997969, -0.70180583, 0.86442375, 0.7983454, 0.9134191, 0.25547463, 0.28401282, 0.5031781, -0.9954002, -0.994672, 0.48031488, -0.30291963, -0.024626343, -0.55869997, 0.6584032, 0.9667977, 0.62890965, -0.23519643, -0.5498198, 0.6526905, -0.30821368, 0.55952644, -0.19819185, 0.95804226, 0.5227112, -0.88229173, -0.5818026, -0.5641863, -0.23315297, 0.44969514, -0.08593396, -0.95220935, 0.1074656, 0.8801822, 0.24018365, -0.17373157, 0.86978567, 0.32988673, 0.09950089, -0.74055827, -0.45589316, -0.60754204, 0.0933327, -0.90625286, 0.6699681, -0.067901134, 0.12113461, 0.1516371, -0.11295389, -0.1668177, 0.13552879, -0.61634994, 0.41638565, -0.31794226, -0.33303684, 0.38101384, 0.58444744, -0.7494111, -0.39914513, 0.7737781, -0.9558475, -0.05035931, 0.8263027, 0.88905203, 0.6220925, 0.3960991, 0.37687847, -0.9878503, 0.77606237, 0.96081537, -0.23849264, -0.33139673, -0.5095268, -0.92067385, 0.4862845, -0.5098376, -0.5437545, 0.6146847, -0.72279584, 0.23650652, -0.5646903, 0.89294994, 0.77072537, 0.98934907, -0.9385652, 0.42667544, 0.23142129, -0.27444294, 0.9299293, -0.31312612, -0.87507015, -0.059992794, 0.017152835, 0.9972999, -0.8544329, -0.89695424, 0.45354614, 0.058810063, 0.9751067, -0.5183081, 0.2715781, 0.05794522, 0.4938821, -0.8285587, -0.7959508, 0.9591843, 0.17962857, 0.59567904, 0.03370632, 0.34825286, -0.10146246, 0.69406486, -0.19125223, 0.40271187, -0.048342966, 0.4835114, 0.6765246, 0.7085869, 0.16076872, 0.052517306, -0.7488269, 0.6684391, 0.5139613, -0.64046735, -0.70782155, 0.6538754, -0.6741058, -0.52738607, 0.0089766225, -0.95446205, -0.7786258, 0.21954325, 0.9314438, -0.5175357, -0.7879799, -0.5581742, 0.3776063, 0.012626252, 0.6368058, -0.8353806, 0.6820968, 0.16084787, -0.6861394, 0.12942353, -0.86271584, -0.19630952, -0.24466611, -0.11124391, -0.4155609, 0.72548157, 0.5340277, -0.0625355, 0.72948456, -0.9367734, -0.50197774, -0.69026124, -0.20552665, -0.5419891, 0.43432736, 0.7398412, -0.2637847, -0.18178603, 0.12088782, -0.0964134, 0.8559775, -0.49087784, 0.37863177, -0.45740333, 0.3013897, 0.09215087, 0.75746465, -0.18093672, -0.38083762, -0.31403503, -0.075820036, -0.2908734, -0.4721683, -0.8134247, 0.032898754, 0.51915455, 0.377098, -0.76711446, 0.89497226, 0.038019538, 0.06750522, 0.23802358, 0.60972404, -0.22210075, 0.014168386, -0.9645254, -0.86127406, 0.10436025, -0.21210907, -0.9659029, 0.49183318, 0.88587177, -0.48354957, -0.7576283, 0.6045731, -0.38603306, 0.15392949, 0.8206012, 0.8913827, 0.88551974, -0.6337823, 0.04187074, -0.67792314, 0.61977655, 0.7855935, -0.62477255, 0.13300768, 0.017332071, 0.736096, -0.73851436, 0.6655665, -0.54936504, -0.5282247, -0.8822353, 0.23990774, -0.49224463, -0.22024655, -0.39238483, 0.124460764, -0.44031468, 0.22945023, 0.36767834, 0.045533508, 0.70315087, 0.34841564, -0.8639047, -0.5298306, -0.74917054, -0.8407006, 0.38774124, -0.9892899, 0.956323, 0.9778593, -0.7225281, 0.2415703, -0.5466538, 0.30806077, 0.8334256, 0.015972203, 0.9373508, 0.5339704, 0.25682306, 0.92232215, -0.42707092, -0.8874499, -0.09988806, -0.6499635, -0.33876163, -0.84259593, 0.14747886, -0.9216664, 0.5531174, -0.36167178, -0.18916784, 0.41583276, 0.8928466, 0.49793223, 0.6628377, 0.73377347, -0.84278905, 0.7799311, -0.5620556, -0.16613175, 0.42738795, -0.9154567, 0.40566796, 0.15960824, -0.8172254, -0.7907937, 0.572347, 0.8951981, -0.70770097, 0.48793462, -0.9873419, 0.7157957, 0.3930897, 0.22115481, 0.6418152, 0.76658076, 0.16705737, 0.084667645, 0.9800389, 0.21433827, 0.6876073, 0.34613174, 0.25355518, -0.15051118, -0.15563196, 0.26989135, 0.6314199, -0.8850204, 0.922836, -0.101484075, -0.17514648, -0.46871355, 0.5589744, -0.4204735, 0.5317349, -0.9448432, 0.7450778, -0.96069235, 0.73975885, 0.23778902, -0.47110912, 0.483736, -0.6106578, 0.056790225, -0.23266742, -0.30188248, -0.46009293, -0.99004996, 0.19728172, 0.596605, -0.41865772, 0.55930424, -0.051410895, 0.5666152, 0.18559499, -0.63814646, 0.05403965, -0.25458956, -0.8232136, -0.14300059, 0.3480563, -0.5103694, 0.1286019, 0.770483, 0.90517557, -0.15251362, 0.14249815, 0.45235133, 0.93356633, -0.3188024, -0.96690327, -0.15776601, -0.1034545, -0.17947908, -0.7090671, -0.9290814, 0.5777573, -0.8385093, 0.5895575, -0.33097854, -0.4266478, -0.7525945, -0.48395935, 0.40789583, -0.3700517, 0.40410298, 0.9494568, -0.8696199, -0.16299735, -0.8695023, 0.7522017, 0.7098313, 0.19109158, 0.79880124, -0.4822531, 0.22566828]","[-7.0, 4.0, 4.0, -2.0, -1.0, 4.0, -1.0, 2.0, -2.0, -3.0, -2.0, -1.0, 4.0, -2.0, 4.0, -2.0, -2.0, -3.0, -7.0, -1.0, -8.0, -2.0, -2.0, -7.0, 5.0, 10.0, -7.0, -8.0, 3.0, -7.0, -14.0, 4.0, -2.0, 4.0, 5.0, 3.0, 4.0, -6.0, -7.0, -7.0, 0.0, 5.0, -1.0, -4.0, 1.0, 5.0, 3.0, -7.0, -3.0, -2.0, 5.0, 3.0, 5.0, -1.0, 1.0, 1.0, -1.0, -2.0, 0.0, 4.0, 3.0, 4.0, -2.0, 0.0, 3.0, 4.0, -7.0, -3.0, -2.0, 5.0, 5.0, 2.0, -1.0, 4.0, -6.0, 3.0, 4.0, -3.0, -1.0, 6.0, -2.0, -6.0, -1.0, -7.0, 6.0, 10.0, -1.0, -1.0, 0.0, 4.0, -1.0, 6.0, -1.0, 10.0, -2.0, 4.0, 4.0, -3.0, -6.0, -4.0, -1.0, -1.0, 1.0, -1.0, -8.0, 5.0, 1.0, 3.0, 5.0, -3.0, -2.0, -7.0, -7.0, -2.0, 4.0, -8.0, 5.0, -7.0, 5.0, -3.0, 5.0, 5.0, 0.0, 4.0, -2.0, 3.0, -1.0, 4.0, 3.0, -2.0, 5.0, -1.0, -4.0, -7.0, -2.0, -8.0, -1.0, -8.0, 3.0, 4.0, 4.0, 5.0, -2.0, 4.0, 5.0, 4.0, -8.0, 0.0, -7.0, 4.0, -10.0, 5.0, -3.0, 0.0, -2.0, -7.0, 4.0, 4.0, 4.0, -1.0, -3.0, 4.0, 5.0, 3.0, -13.0, -1.0, -7.0, 4.0, -9.0, -5.0, 3.0, -1.0, 5.0, 3.0, 1.0, -2.0, -2.0, -2.0, -3.0, 0.0, 3.0, -2.0, -2.0, -5.0, -2.0, -2.0, 5.0, -6.0, 2.0, 10.0, -3.0, -2.0, 4.0, -4.0, -2.0, 0.0, -2.0, -8.0, -2.0, -2.0, -8.0, -2.0, -2.0, 5.0, -1.0, 5.0, -1.0, -3.0, -1.0, -1.0, 5.0, 4.0, -2.0, 4.0, 1.0, -8.0, 4.0, 4.0, -2.0, -3.0, 4.0, -7.0, -3.0, -7.0, 8.0, 5.0, 4.0, -3.0, 0.0, 4.0, -7.0, 0.0, 5.0, -2.0, 0.0, 4.0, 4.0, 4.0, -1.0, 3.0, 1.0, -1.0, -6.0, 3.0, 2.0, 0.0, 4.0, -5.0, -2.0, 6.0, -2.0, -5.0, -2.0, -1.0, -2.0, -4.0, -1.0, -4.0, -2.0, -2.0, -2.0, 5.0, -7.0, -2.0, 4.0, -1.0, -7.0, 1.0, -7.0, 5.0, 4.0, -1.0, -1.0, -6.0, 6.0, -1.0, 5.0, -2.0, -4.0, -7.0, 4.0, -1.0, 0.0, -1.0, -1.0, 12.0, 0.0, -1.0, 4.0, 4.0, -1.0, -2.0, -8.0, -2.0, -2.0, -1.0, -7.0, -1.0, -3.0, -2.0, 4.0, 3.0, 4.0, -1.0, -1.0, 0.0, -3.0, 4.0, 0.0, -2.0, 3.0, 3.0, -6.0, -1.0, -2.0, 0.0, 1.0, -1.0, 5.0, 4.0, -1.0, -8.0, -1.0, 3.0, 6.0, 1.0, -7.0, 4.0, 5.0, 2.0, 0.0, 0.0, 4.0, 10.0, -2.0, -2.0, -8.0, -2.0, 4.0, 12.0, -1.0, 5.0, -4.0, -7.0, -7.0, 0.0, -1.0, -1.0, -2.0, -1.0, -3.0, -1.0, -1.0, 4.0, 5.0, 5.0, -2.0, -7.0, 3.0, -1.0, -7.0, -1.0, 4.0, -7.0, 6.0, -1.0, 4.0, 10.0, 4.0, -7.0, -1.0, 13.0, 4.0, 9.0, 0.0, 4.0, -3.0, 4.0, 5.0, 4.0, 4.0, 4.0, -2.0, 5.0, -1.0, 4.0, 3.0, 5.0, 5.0, 3.0, 0.0, 5.0, -2.0, 11.0, 5.0, 11.0, -2.0, -2.0, 5.0, 10.0, -3.0, 5.0, 10.0, -1.0, 3.0, -1.0, -7.0, 5.0, -2.0, 4.0, -2.0, 3.0, 3.0, 1.0, -8.0, -2.0, -10.0, 5.0, 0.0, -3.0, -8.0, 1.0, 8.0, -6.0, 6.0, 3.0, -7.0, -7.0, -2.0, -1.0, -1.0, -1.0, -2.0, -2.0, -2.0, -2.0, -14.0, -7.0, -1.0, -7.0, -1.0, -8.0, 4.0, -2.0, 5.0, -2.0, 5.0, -2.0, 5.0, 4.0, -1.0, -2.0, 4.0, 4.0, 5.0, 4.0, 3.0, -1.0, 4.0, 2.0, 4.0, -2.0, -2.0, -1.0, 9.0, -1.0, -1.0, -8.0, 0.0, 5.0, 2.0, 4.0, -1.0, 5.0, -1.0, 5.0, -8.0, -1.0, -2.0, -1.0, -2.0, -2.0, -10.0, 5.0, -5.0, -1.0, 5.0, 11.0, -1.0, 0.0, -5.0, -2.0, -2.0, 2.0, -2.0, -2.0, -2.0, -8.0, 0.0, -2.0, -7.0, 4.0, -7.0, -1.0, -3.0, -5.0, 4.0, 2.0, -1.0, -2.0, 4.0, 5.0, -4.0, 4.0, -1.0, -1.0, -1.0, 3.0, 9.0, -7.0, 4.0, -2.0, -3.0, -2.0, -2.0, 5.0, 4.0, 4.0, -5.0, -1.0, -1.0, 3.0, -3.0, -1.0, -7.0, 0.0, -1.0, 4.0, 3.0, -5.0, 5.0, 4.0, -1.0, -1.0, 4.0, -3.0, -1.0, -1.0, -2.0, -2.0, 5.0, 5.0, -2.0, 1.0, -7.0, 5.0, 4.0, -2.0, -1.0, 3.0, -1.0, -7.0, -5.0, -2.0, -1.0, -1.0, 5.0, -1.0, 0.0, 4.0, -3.0, -7.0, -2.0, -1.0, -1.0, -2.0, 3.0, -3.0, -2.0, 1.0, 1.0, -3.0, 0.0, -1.0, -8.0, 4.0, 3.0, 1.0, -1.0, -2.0, -7.0, -2.0, -1.0, 3.0, -1.0, -1.0, 5.0, -3.0, 4.0, 0.0, -2.0, -7.0, -7.0, 3.0, 5.0, -1.0, 11.0, 4.0, -1.0, 4.0, -2.0, 0.0, 10.0, 0.0, -7.0, -2.0, -8.0, -2.0, 7.0, -1.0, -1.0, 4.0, 6.0, 5.0, 4.0, 2.0, -1.0, -2.0, 10.0, -4.0, -1.0, -2.0, 4.0, -1.0, -1.0, 0.0, 5.0, -1.0, 2.0, -1.0, -2.0, -1.0, -6.0, 2.0, -1.0, -2.0, 1.0, -2.0, 3.0, -2.0, -2.0, 6.0, -2.0, -2.0, 1.0, -2.0, -2.0, -6.0, 4.0, 1.0, 5.0, -3.0, -3.0, 5.0, 4.0, -6.0, -2.0, -1.0, -1.0, 0.0, -1.0, -3.0, 3.0, 3.0, 1.0, 0.0, 5.0, 1.0, -1.0, -1.0, -2.0, -1.0, 5.0, -3.0, 5.0, -1.0, -12.0, -2.0, -1.0, -1.0, -5.0, -7.0, -1.0, -2.0, -3.0, 6.0, 8.0, -3.0, 0.0, 4.0, 3.0, 5.0, -1.0, 3.0, 4.0, -1.0, 4.0, -1.0, 5.0, -15.0, -7.0, -1.0, -2.0, 1.0, -7.0, 5.0, -1.0, 1.0, -2.0, 6.0, 0.0, -4.0, -1.0, -2.0, 2.0, -2.0, 0.0, -6.0, -8.0, -2.0, 4.0, 4.0, -2.0, 1.0, 1.0, -5.0, 4.0, -1.0, -3.0, 10.0, -2.0, 5.0, 3.0, -1.0, 3.0, 5.0, 4.0, -2.0, -3.0, 4.0, 4.0, -1.0, 3.0, 10.0, -1.0, 2.0, -2.0, 4.0, -2.0, 5.0, -6.0, 5.0, -1.0, -5.0, 4.0, 0.0, 5.0, 0.0, -2.0, -2.0, -8.0, -2.0, -1.0, 5.0, -1.0, 5.0, -2.0, -1.0, -2.0, -2.0, -2.0, -2.0, 10.0, 4.0, 3.0, 3.0, 4.0, 10.0, 4.0, 4.0, -2.0, 0.0, -2.0, -13.0, 4.0, -1.0, 9.0, -2.0, 4.0, 3.0, 4.0, -1.0, -2.0, 5.0, -3.0, -7.0, -2.0, -2.0, -2.0, -7.0, -1.0, -2.0, 0.0, 10.0, 9.0, -1.0, 4.0, -2.0, -2.0, -7.0, 5.0, 11.0, 4.0, 5.0, -1.0, -8.0, 4.0, -2.0, -5.0, 4.0, -1.0, -7.0, -1.0, 4.0, 0.0, -1.0, -1.0, -8.0, -2.0, -1.0, 5.0, 4.0, -9.0, -4.0, -1.0, -14.0, 2.0, -12.0, -2.0, -7.0, 6.0, -1.0, 5.0, -8.0, -7.0, -1.0, -2.0, -4.0, 3.0, -2.0, -7.0, 0.0, 4.0, 5.0, 5.0, 9.0, 5.0, 2.0, -2.0, -1.0, 7.0, -1.0, 3.0, -1.0, 4.0, 4.0, -1.0, -2.0, 5.0, 4.0, -2.0, -2.0, -1.0, 4.0, -1.0, 0.0, -4.0, 3.0, -8.0, 4.0, -5.0, -1.0, -7.0, -2.0, -7.0, -1.0, 3.0, 5.0, -2.0, 5.0, -9.0, 5.0, -2.0, 0.0, -1.0, -5.0, -1.0, -1.0, -14.0, 0.0, 5.0, 11.0, -2.0, 5.0, 5.0, 4.0, 4.0, -1.0, -1.0, 4.0, -2.0, -1.0, -5.0, 4.0, 5.0, 4.0, 2.0, -7.0, -2.0, -2.0, 5.0, 6.0, -1.0, 4.0, 0.0, 5.0, 5.0, -7.0, -6.0, 6.0, 3.0, -7.0, -7.0, -3.0, -7.0, -1.0, 5.0, -6.0, -13.0, 10.0, -1.0, 6.0, 10.0, -1.0, 3.0, -2.0, 0.0, 1.0, -2.0, -3.0, -2.0, 5.0, 5.0, -3.0, -2.0, -6.0, 15.0, 5.0, 3.0, -4.0, 5.0, 0.0, -1.0, 5.0, -2.0, 4.0, -1.0, 5.0, 4.0, -1.0, 4.0, -1.0, 11.0, -2.0, -8.0, -1.0, 8.0, 5.0, 9.0, 2.0, -6.0, 4.0, 3.0, -8.0, -1.0, 11.0, -2.0, -2.0, -20.0, -2.0]",8.191414266461646,0.0032615661621093,0.0,0.0,0
60,60,"[0.8257925, -0.7845738, -0.40578413, -0.47051024, -0.97707164, -0.117599696, 0.21447009, 0.34564337, 0.03600571, -0.2529847, 0.710918, 0.9027713, 0.7558709, 0.32317933, -0.70780313, -0.724665, -0.26708025, -0.20421042, 0.20054626, 0.8693691, -0.6847662, 0.47472826, -0.31856892, 0.8638582, 0.8560754, 0.4685363, -0.8913146, 0.22123773, -0.032051068, 0.50448954, -0.6468097, 0.99397135, 0.42491153, 0.32355112, 0.80726475, 0.010168523, -0.46421504, 0.99778223, -0.23801157, 0.102075934, -0.41253513, 0.639146, 0.017456437, -0.32299587, 0.101884335, -0.049051665, -0.7239725, 0.38564524, -0.37979043, -0.13600662, 0.472981, -0.107631244, -0.33943418, -0.5759411, 0.9200233, 0.11462043, 0.44762337, -0.32399166, -0.52392346, -0.90582585, 0.0052558733, -0.27021554, 0.97939706, -0.90630573, 0.50389445, -0.09670889, 0.70640165, -0.91774595, -0.95001835, 0.30615848, 0.58125496, 0.43817508, -0.41939944, -0.5804116, 0.83062077, -0.71903545, 0.028730694, -0.31947845, 0.34351143, -0.4743809, 0.27654493, 0.24518202, 0.2976702, 0.42338347, -0.037214093, 0.51153415, -0.41666138, -0.45176506, 0.59668964, -0.15355934, -0.3020999, 0.484849, 0.28400347, 0.015384752, 0.843203, -0.2684319, 0.77278346, 0.718229, -0.214213, -0.27998918, 0.8473568, -0.9855731, 0.2950948, 0.94544274, -0.90520024, 0.9867968, -0.04963517, -0.55083835, 0.5263947, 0.6948703, -0.051537514, 0.77305686, 0.8320971, -0.9045944, -0.30990458, -0.694058, -0.04715032, -0.10677211, 0.5149247, 0.7511863, 0.96177727, 0.0064311014, 0.41414505, 0.5514953, -0.86546767, -0.83648545, 0.4733535, -0.3471064, -0.16413386, -0.5670799, 0.40172052, -0.33171475, -0.83433485, -0.524582, 0.9351617, -0.9935088, -0.7702622, -0.21726121, 0.40437448, 0.18728843, 0.54387116, -0.6951404, 0.37677646, 0.3831939, 0.33217406, -0.9593277, 0.35712615, -0.22723088, 0.7306463, 0.5340276, 0.7038438, 0.5373308, -0.23887889, 0.5196984, 0.49014148, -0.34910795, 0.9362838, 0.4056659, -0.9971371, 0.15577206, 0.9039362, -0.62375695, -0.6350372, -0.74741834, 0.89407074, -0.5655891, 0.22263461, -0.124770865, -0.67435336, 0.17913483, -0.10303857, -0.5686329, -0.4072852, 0.9162237, 0.08243748, -0.0435498, -0.9785265, -0.86196303, 0.2339667, -0.3494853, -0.23532085, 0.10469962, -0.9063717, -0.19308843, 0.23704433, 0.43547803, 0.27798802, 0.9395859, -0.077787764, 0.8078357, 0.640215, -0.8006167, -0.8664189, -0.021279495, 0.39168453, -0.7885431, 0.7582911, 0.5755195, -0.53496766, -0.70964634, -0.6482864, -0.8435106, 0.24172357, -0.19023134, 0.341609, 0.70336205, -0.99059016, 0.91275066, 0.043932207, 0.016058374, -0.64373505, -0.2155358, -0.89077586, -0.9781335, -0.5257778, 0.6542295, 0.07695813, -0.29909617, -0.5386276, 0.81981647, -0.39471078, -0.71781343, 0.51578003, 0.06973648, 0.3648392, 0.45326048, 0.275153, -0.62996376, 0.87188005, -0.96548724, 0.2579188, 0.3762239, -0.7505441, 0.2621316, -0.15306741, -0.10090873, -0.87633204, -0.51778865, 0.6769439, 0.8080944, -0.5806407, -0.6735969, 0.38301206, 0.638024, 0.15054134, 0.3949987, 0.8660825, -0.87808716, 0.79887176, -0.9308251, -0.65121347, -0.25944695, -0.97254884, -0.9381465, 0.1548043, -0.18881974, 0.67726445, 0.52541053, -0.029128399, -0.0064652315, -0.8309663, -0.84088105, -0.77523, 0.9894712, -0.9705905, 0.532256, 0.94542325, -0.18857767, -0.99131846, 0.5117762, 0.6400833, 0.2914149, -0.7644038, 0.11014802, 0.045311987, 0.46582597, -0.75205654, 0.61264676, -0.29682663, 0.7391206, 0.027588587, 0.48190644, -0.014890817, 0.011715636, -0.44846275, 0.42406133, 0.8437524, -0.65270215, -0.07055819, -0.9758761, 0.74273396, 0.5114129, 0.43485856, 0.5707268, -0.3257674, -0.37974423, -0.16636635, -0.05229662, 0.6191438, -0.5592204, -0.8508457, 0.8411027, -0.51597995, -0.5970388, -0.23785649, 0.27095672, 0.42986563, -0.7656518, -0.9386783, 0.18905006, 0.34070712, -0.90572333, 0.45492175, -0.082082786, -0.918821, -0.55846167, -0.74849504, 0.09427398, -0.37650433, -0.18018651, -0.46169987, 0.46977168, -0.9139896, 0.5212436, -0.81447667, 0.090129815, -0.008860004, -0.27907446, -0.49537817, 0.8095099, -0.7423021, -0.57916206, 0.9945769, 0.9002684, 0.6566, 0.7803112, -0.09618688, -0.93554443, -0.41450056, -0.9944633, -0.30773044, 0.9808014, 0.5398146, -0.7032575, 0.3446468, -0.8552755, 0.0037097074, -0.9851169, 0.7496772, 0.12781955, -0.71230686, 0.5750698, -0.24493624, 0.5935338, 0.6567568, -0.06303308, -0.44130585, -0.4103978, 0.3456991, -0.9529914, 0.009283463, 0.6908551, 0.6669101, -0.41869795, 0.5314227, 0.04600073, -0.112848096, -0.48020607, -0.38641867, -0.37652805, 0.6217107, -0.5748081, 0.268718, -0.6363144, 0.7501337, -0.46193054, -0.47503185, 0.06770485, -0.7141486, -0.5264563, 0.7933606, -0.6892241, -0.538235, 0.175765, -0.077473566, 0.047292937, 0.76489115, -0.15091074, 0.6351867, 0.49930695, 0.45902428, -0.78475446, -0.10525403, -0.38810548, 0.2278485, -0.73395497, -0.976571, -0.9651051, -0.5092565, -0.8902669, 0.6123192, -0.98655105, 0.69695234, -0.9123244, 0.05290772, -0.25747415, -0.05307447, -0.6730986, 0.86190987, 0.77868116, -0.09063996, -0.7722984, -0.054069698, -0.9258068, 0.5566059, 0.53171384, 0.51097345, -0.21771559, -0.8757893, 0.7744251, 0.8290652, 0.9018865, -0.10012816, 0.17995605, 0.9137429, 0.6013908, -0.6640676, 0.9192939, 0.7269276, -0.9319326, 0.46652144, 0.70191306, 0.65264714, -0.9769752, 0.7902177, 0.5334943, 0.84303164, -0.33024886, -0.5401566, -0.85613006, -0.7791729, 0.7872757, 0.14182116, -0.10020212, 0.11107565, 0.97231144, 0.854201, -0.27665734, -0.05714557, -0.15256004, 0.43714473, 0.7296198, -0.37458497, -0.38336074, -0.078515306, 0.5789147, 0.7829123, 0.8286643, -0.70479465, -0.9765694, 0.7049794, -0.33282062, 0.6392439, 0.4446984, -0.42040998, 0.9549067, 0.49432954, -0.02327576, -0.5924249, 0.0997159, 0.414269, -0.46919012, 0.09973012, 0.57609224, -0.5479058, 0.33857265, 0.02199549, 0.13457726, 0.46139488, 0.26928952, -0.9396018, -0.57425886, -0.23101535, 0.23918633, 0.008351853, -0.8467646, 0.1259215, 0.8659862, -0.11510301, -0.4016335, -0.4455379, -0.25081724, 0.63403356, -0.87021625, 0.64149487, -0.68402034, -0.9371263, 0.21756722, 0.39802697, 0.31873026, 0.25134587, 0.9830683, -0.6373832, -0.9924265, -0.95806, -0.26937586, -0.77909964, -0.28849426, -0.6404276, 0.43801153, -0.3509603, 0.39564565, 0.5866049, -0.0022770176, 0.51512784, -0.04099038, 0.16010354, 0.709802, -0.40732956, -0.62885845, 0.5981551, -0.9791657, -0.8913963, -0.33525652, 0.19333456, -0.9583179, 0.13377383, -0.2728444, -0.41640067, -0.85290545, -0.08256923, -0.22793935, -0.59008175, -0.27408424, 0.6797137, 0.5330593, 0.8195958, -0.51169866, 0.3763185, -0.314211, -0.66037893, 0.37560695, -0.06265904, 0.2562286, 0.78656584, 0.5816608, 0.34041584, -0.7161656, -0.14441663, 0.007788142, 0.8620173, -0.8207066, -0.5141378, -0.46456477, -0.7919097, 0.6235524, 0.865674, 0.123440385, 0.27131772, 0.09616287, 0.5132527, -0.13931687, 0.7714916, -0.8061971, 0.085536964, 0.5412552, -0.021458285, 0.59891605, 0.26006788, 0.4432914, 0.67337984, 0.07040424, 0.24596795, 0.5485919, 0.020306822, 0.8694609, -0.32356915, -0.9583554, 0.70881754, 0.89957386, -0.9753844, 0.75695074, 0.9589008, -0.57913697, -0.9998775, -0.16486119, 0.860035, 0.2470434, 0.5696983, 0.65429497, -0.7685815, -0.27002877, -0.40079024, 0.814011, 0.4364697, 0.0707517, -0.42551184, -0.106030166, -0.94382894, -0.75709915, 0.45573643, 0.5093342, -0.20608597, 0.86745316, 0.44486874, 0.2612933, -0.9460378, 0.3741686, 0.269373, -0.06401103, -0.074533634, 0.7059327, -0.6385445, 0.9390238, -0.8318884, -0.30341285, 0.31331307, -0.94478726, 0.4022587, 0.6573557, 0.76913595, -0.9799445, 0.96576685, -0.52267325, 0.47200063, 0.21647717, -0.3480942, 0.12788953, -0.9468258, 0.69819987, -0.7606542, 0.6855873, -0.87852365, -0.27391684, -0.71105474, -0.6146013, 0.49810642, -0.79742384, -0.6612217, 0.26020378, -0.18613525, -0.10161091, 0.13671817, -0.5018004, -0.69437045, -0.037814576, -0.69344014, 0.62846005, 0.16312402, 0.43002793, -0.09651091, 0.634016, 0.23694627, -0.49632093, -0.35667095, 0.8384942, 0.57274675, -0.9670329, 0.925172, -0.0680936, -0.68692017, 0.27304727, 0.6790968, 0.18057877, -0.021018542, -0.95500994, 0.38673222, -0.22007047, 0.086259216, -0.6509199, 0.42566052, -0.059982102, -0.3613878, 0.5776006, 0.06285293, -0.4208774, -0.8032822, 0.58298105, 0.2935199, -0.33629885, -0.43871182, 0.96452713, -0.35697442, 0.45830488, 0.14782766, -0.6423343, 0.49618173, 0.034369588, -0.4787834, -0.8361127, -0.4215366, -0.19226928, 0.5272518, -0.50648755, 0.55514455, 0.21863702, -0.26771232, -0.9377823, -0.5609774, 0.7289493, -0.36297286, -0.35564557, -0.45864233, -0.067927405, 0.46791333, -0.24097437, 0.40830562, -0.046154067, 0.46291962, -0.6293342, -0.8011249, 0.8178142, 0.50912, 0.020296672, 0.3145705, 0.98464704, 0.24791537, -0.6361311, 0.3341167, 0.27492157, 0.76136065, 0.93088347, -0.77866864, -0.6001312, -0.29499248, -0.3858774, -0.45578608, -0.33741948, -0.41368082, 0.83183235, 0.8447041, 0.09784316, 0.57628244, -0.87816215, -0.08407646, 0.17611301, -0.413318, 0.58539873, 0.18121535, 0.7462533, -0.3546854, 0.2735356, 0.22725266, -0.37532592, -0.89875793, -0.91010445, 0.60861665, 0.4508473, 0.6527258, -0.30179453, -0.46725374, 0.33801574, -0.9443215, 0.8168997, 0.004938415, -0.67314607, -0.47538862, -0.06760187, -0.6841168, 0.08610133, -0.12643549, -0.5803062, 0.65324694, -0.66392195, 0.08156362, 0.20230758, -0.8314773, -0.12407376, -0.32062036, -0.3289843, 0.2985255, -0.21271817, -0.78154945, 0.6770502, -0.6548106, 0.8432677, -0.15407516, -0.92963237, 0.7377449, -0.7473564, -0.68414265, -0.5278539, -0.6248579, 0.28250715, 0.47546512, -0.52875525, 0.994101, -0.19395839, -0.66632354, 0.9977028, 0.6109561, -0.21713407, 0.8201516, -0.30687726, -0.6289625, -0.7370368, -0.6276379, 0.4111038, -0.49005058, -0.7930481, -0.8188179, -0.14642607, 0.5665779, 0.58358485, 0.41392818, 0.19326262, 0.47019547, -0.8192201, -0.5390376, 0.35293123, -0.22064644, -0.6813717, -0.08753665, 0.86191607, 0.39490077, -0.009754037, 0.1829865, 0.1039314, -0.535927, -0.17531474, -0.66535926, -0.24209294, -0.009167073, 0.5760043, -0.57766247, 0.68335164, -0.39915386, 0.45155743, -0.94336593, -0.07565471, 0.8445047, 0.16545466, -0.5593731, 0.7444624, -0.054834064, -0.695361, -0.47934598, -0.71162754, 0.9249106, -0.5390002, 0.25818473, -0.16175404, -0.7766883, 0.5001037, 0.6073735, -0.5493755, 0.17005609, 0.9025221, 0.6012823, -0.13162033, -0.93344647, 0.9443179, -0.6387996, -0.18913567, 0.33591852, -0.26274443, -0.044591714, -0.1752642, 0.9856819, -0.8805355, 0.4049751, 0.9107605, 0.25532976, -0.07010967, 0.019776171, -0.06477536, 0.31065115, -0.44951397, 0.82682884, -0.3822966, -0.16771294, -0.5698903, 0.21487282, 0.5903911, 0.17572618, 0.8298289, -0.18484773, -0.9448338, -0.58329105, 0.15373199, 0.84671044, -0.38417953, 0.11066013, 0.599919, -0.42382005, -0.49382988, -0.81381005, -0.78446084, -0.25972053, -0.91874015, -0.00900474, 0.50848085, 0.6789681, 0.19134958, -0.80409575, -0.38733125, 0.30836526, 0.79852766, 0.9924816, 0.014557326, -0.93311447, 0.20908986, -0.6560885, 0.30717933, -0.7547088, -0.85025215, -0.5626904, -0.5890508, -0.60654175, -0.4785478, -0.42969462, 0.3314512, 0.54068905, 0.7964883, 0.055115774, 0.95363945, 0.58046025, -0.7364334, 0.3760666, 0.8720103, 0.40150598, -0.90268666, 0.78793603, -0.74667114, -0.41059873, 0.061136633, 0.20859359, 0.47780967, -0.3858398, 0.51028174, -0.17788884, 0.8128282, -0.060646072, -0.2867061, -0.8485921, 0.88212174, 0.12593374, -0.14556408, -0.6586906, -0.36526018, -0.27204272, 0.22308852, 0.08495612, 0.38481635, -0.630615, -0.80524063, -0.31767246, -0.9475579, 0.12466387, 0.6899053, 0.500139, -0.13503465, 0.4247264, -0.35481176, -0.99244964, -0.4487367, 0.4255467, -0.5738008, 0.9184525, -0.90441334, -0.70579636, -0.37577567, -0.40152898, 0.81617236, -0.29018337, 0.13461196, 0.28430343, 0.04422295, 0.11099849, -0.35707766, 0.40673235, -0.25685713, 0.73667914, 0.005315224, 0.55001736, -0.1480604, 0.96567833, 0.053276863, 0.2232558, 0.78549236, 0.0053617214, 0.641585, 0.8020143, -0.3780778, -0.1403911, 0.84910554, -0.6424889, -0.7390426, 0.28117225, -0.9800065, 0.97385436, -0.40921387, -0.4428209, 0.3618017, -0.78243256, -0.9801874, -0.33051902, -0.2744397, 0.7281453, -0.9520658]","[-7.0, 4.0, 4.0, -2.0, -1.0, 4.0, -1.0, 2.0, -2.0, -3.0, -2.0, -1.0, 4.0, -2.0, 4.0, -2.0, -2.0, -3.0, -7.0, -1.0, -8.0, -2.0, -2.0, -7.0, 5.0, 10.0, -7.0, -8.0, 3.0, -7.0, -14.0, 4.0, -2.0, 4.0, 5.0, 3.0, 4.0, -6.0, -7.0, -7.0, 0.0, 5.0, -1.0, -4.0, 1.0, 5.0, 3.0, -7.0, -3.0, -2.0, 5.0, 3.0, 5.0, -1.0, 1.0, 1.0, -1.0, -2.0, 0.0, 4.0, 3.0, 4.0, -2.0, 0.0, 3.0, 4.0, -7.0, -3.0, -2.0, 5.0, 5.0, 2.0, -1.0, 4.0, -6.0, 3.0, 4.0, -3.0, -1.0, 6.0, -2.0, -6.0, -1.0, -7.0, 6.0, 10.0, -1.0, -1.0, 0.0, 4.0, -1.0, 6.0, -1.0, 10.0, -2.0, 4.0, 4.0, -3.0, -6.0, -4.0, -1.0, -1.0, 1.0, -1.0, -8.0, 5.0, 1.0, 3.0, 5.0, -3.0, -2.0, -7.0, -7.0, -2.0, 4.0, -8.0, 5.0, -7.0, 5.0, -3.0, 5.0, 5.0, 0.0, 4.0, -2.0, 3.0, -1.0, 4.0, 3.0, -2.0, 5.0, -1.0, -4.0, -7.0, -2.0, -8.0, -1.0, -8.0, 3.0, 4.0, 4.0, 5.0, -2.0, 4.0, 5.0, 4.0, -8.0, 0.0, -7.0, 4.0, -10.0, 5.0, -3.0, 0.0, -2.0, -7.0, 4.0, 4.0, 4.0, -1.0, -3.0, 4.0, 5.0, 3.0, -13.0, -1.0, -7.0, 4.0, -9.0, -5.0, 3.0, -1.0, 5.0, 3.0, 1.0, -2.0, -2.0, -2.0, -3.0, 0.0, 4.0, -2.0, -2.0, -5.0, -2.0, -2.0, 5.0, -6.0, 2.0, 10.0, -3.0, -2.0, 4.0, -4.0, -2.0, 0.0, -2.0, -8.0, -2.0, -2.0, -8.0, -2.0, -2.0, 5.0, -1.0, 5.0, -1.0, -3.0, -1.0, -1.0, 5.0, 4.0, -2.0, 4.0, 1.0, -8.0, 4.0, 4.0, -2.0, -3.0, 4.0, -7.0, -3.0, -7.0, 8.0, 5.0, 4.0, -3.0, 0.0, 4.0, -7.0, 0.0, 5.0, -2.0, 0.0, 4.0, 4.0, 4.0, -1.0, 3.0, 1.0, -1.0, -6.0, 3.0, 2.0, 0.0, 4.0, -5.0, -2.0, 6.0, -2.0, -5.0, -2.0, -1.0, -2.0, -4.0, -1.0, -4.0, -2.0, -2.0, -2.0, 5.0, -7.0, -2.0, 4.0, -1.0, -7.0, 1.0, -7.0, 5.0, 4.0, -1.0, -1.0, -6.0, 6.0, -1.0, 5.0, -2.0, -4.0, -7.0, 4.0, -1.0, 0.0, -1.0, -1.0, 12.0, 0.0, -1.0, 4.0, 4.0, -1.0, -2.0, -8.0, -2.0, -2.0, -1.0, -7.0, -1.0, -3.0, -2.0, 4.0, 3.0, 4.0, -1.0, -1.0, 0.0, -3.0, 4.0, 0.0, -2.0, 3.0, 3.0, -6.0, -1.0, -2.0, 0.0, 1.0, -1.0, 5.0, 4.0, -1.0, -8.0, -1.0, 3.0, 6.0, 1.0, -7.0, 4.0, 5.0, 2.0, 0.0, 0.0, 4.0, 10.0, -2.0, -2.0, -8.0, -2.0, 4.0, 12.0, -1.0, 5.0, -4.0, -7.0, -7.0, 0.0, -1.0, -1.0, -2.0, -1.0, -3.0, -1.0, -1.0, 4.0, 5.0, 5.0, -2.0, -7.0, 3.0, -1.0, -7.0, -1.0, 4.0, -7.0, 6.0, -1.0, 4.0, 10.0, 4.0, -7.0, -1.0, 13.0, 4.0, 9.0, 0.0, 4.0, -3.0, 4.0, 5.0, 4.0, 4.0, 4.0, -2.0, 5.0, -1.0, 4.0, 3.0, 5.0, 5.0, 3.0, 0.0, 5.0, -2.0, 11.0, 5.0, 11.0, -2.0, -2.0, 5.0, 10.0, -3.0, 5.0, 10.0, -1.0, 3.0, -1.0, -7.0, 5.0, -2.0, 4.0, -2.0, 3.0, 3.0, 1.0, -8.0, -2.0, -10.0, 5.0, 0.0, -3.0, -8.0, 1.0, 8.0, -6.0, 6.0, 3.0, -7.0, -7.0, -2.0, -1.0, -1.0, -1.0, -2.0, -2.0, -2.0, -2.0, -14.0, -7.0, -1.0, -7.0, -1.0, -8.0, 4.0, -2.0, 5.0, -2.0, 5.0, -2.0, 5.0, 4.0, -1.0, -2.0, 4.0, 4.0, 5.0, 4.0, 3.0, -1.0, 4.0, 2.0, 4.0, -2.0, -2.0, -1.0, 9.0, -1.0, -1.0, -8.0, 0.0, 5.0, 2.0, 4.0, -1.0, 5.0, -1.0, 5.0, -8.0, -1.0, -2.0, -1.0, -2.0, -2.0, -10.0, 5.0, -5.0, -1.0, 5.0, 11.0, -1.0, 0.0, -5.0, -2.0, -2.0, 2.0, -2.0, -2.0, -2.0, -8.0, 0.0, -2.0, -7.0, 4.0, -7.0, -1.0, -3.0, -5.0, 4.0, 2.0, -1.0, -2.0, 4.0, 5.0, -4.0, 4.0, -1.0, -1.0, -1.0, 3.0, 9.0, -7.0, 4.0, -2.0, -3.0, -2.0, -2.0, 5.0, 4.0, 4.0, -5.0, -1.0, -1.0, 3.0, -3.0, -1.0, -7.0, 0.0, -1.0, 4.0, 3.0, -5.0, 5.0, 4.0, -1.0, -1.0, 4.0, -3.0, -1.0, -1.0, -2.0, -2.0, 5.0, 5.0, -2.0, 1.0, -7.0, 5.0, 4.0, -2.0, -1.0, 3.0, -1.0, -7.0, -5.0, -2.0, -1.0, -1.0, 5.0, -1.0, 0.0, 4.0, -3.0, -7.0, -2.0, -1.0, -1.0, -2.0, 3.0, -3.0, -2.0, 1.0, 1.0, -3.0, 0.0, -1.0, -8.0, 4.0, 3.0, 1.0, -1.0, -2.0, -7.0, -2.0, -1.0, 3.0, -1.0, -1.0, 5.0, -3.0, 4.0, 0.0, -2.0, -7.0, -7.0, 3.0, 5.0, -1.0, 11.0, 4.0, -1.0, 4.0, -2.0, 0.0, 10.0, 0.0, -7.0, -2.0, -8.0, -2.0, 7.0, -1.0, -1.0, 4.0, 6.0, 5.0, 4.0, 2.0, -1.0, -2.0, 10.0, -4.0, -1.0, -2.0, 4.0, -1.0, -1.0, 0.0, 5.0, -1.0, 2.0, -1.0, -2.0, -1.0, -6.0, 2.0, -1.0, -2.0, 1.0, -2.0, 3.0, -2.0, -2.0, 6.0, -2.0, -2.0, 1.0, -2.0, -2.0, -6.0, 4.0, 1.0, 5.0, -3.0, -3.0, 5.0, 4.0, -6.0, -2.0, -1.0, -1.0, 0.0, -1.0, -3.0, 3.0, 3.0, 1.0, 0.0, 5.0, 1.0, -1.0, -1.0, -2.0, -1.0, 5.0, -3.0, 5.0, -1.0, -12.0, -2.0, -1.0, -1.0, -5.0, -7.0, -1.0, -2.0, -3.0, 6.0, 8.0, -3.0, 0.0, 4.0, 3.0, 5.0, -1.0, 3.0, 4.0, -1.0, 4.0, -1.0, 5.0, -15.0, -7.0, -1.0, -2.0, 1.0, -7.0, 5.0, -1.0, 1.0, -2.0, 6.0, 0.0, -4.0, -1.0, -2.0, 2.0, -2.0, 0.0, -6.0, -8.0, -2.0, 4.0, 4.0, -2.0, 1.0, 1.0, -5.0, 4.0, -1.0, -3.0, 10.0, -2.0, 5.0, 3.0, -1.0, 3.0, 5.0, 4.0, -2.0, -3.0, 4.0, 4.0, -1.0, 3.0, 10.0, -1.0, 2.0, -2.0, 4.0, -2.0, 5.0, -6.0, 5.0, -1.0, -5.0, 4.0, 0.0, 5.0, 0.0, -2.0, -2.0, -8.0, -2.0, -1.0, 5.0, -1.0, 5.0, -2.0, -1.0, -2.0, -2.0, -2.0, -2.0, 10.0, 4.0, 3.0, 3.0, 4.0, 10.0, 4.0, 4.0, -2.0, 0.0, -2.0, -13.0, 4.0, -1.0, 9.0, -2.0, 4.0, 3.0, 4.0, -2.0, -2.0, 5.0, -3.0, -7.0, -2.0, -2.0, -2.0, -7.0, -1.0, -2.0, 0.0, 10.0, 9.0, -1.0, 4.0, -2.0, -2.0, -7.0, 5.0, 11.0, 4.0, 5.0, -1.0, -8.0, 4.0, -2.0, -5.0, 4.0, -1.0, -7.0, -1.0, 4.0, 0.0, -1.0, -1.0, -8.0, -2.0, -1.0, 5.0, 4.0, -9.0, -4.0, -1.0, -14.0, 2.0, -12.0, -2.0, -7.0, 6.0, -1.0, 5.0, -8.0, -7.0, -1.0, -2.0, -4.0, 3.0, -2.0, -7.0, 0.0, 4.0, 5.0, 5.0, 9.0, 5.0, 2.0, -2.0, -1.0, 7.0, -1.0, 3.0, -1.0, 4.0, 4.0, -1.0, -2.0, 5.0, 4.0, -2.0, -2.0, -1.0, 4.0, -1.0, 0.0, -4.0, 3.0, -8.0, 4.0, -5.0, -1.0, -7.0, -2.0, -7.0, -1.0, 3.0, 5.0, -2.0, 5.0, -9.0, 5.0, -2.0, 0.0, -1.0, -5.0, -1.0, -1.0, -14.0, 0.0, 5.0, 11.0, -2.0, 5.0, 5.0, 4.0, 4.0, -1.0, -1.0, 4.0, -2.0, -1.0, -5.0, 4.0, 5.0, 4.0, 2.0, -7.0, -2.0, -2.0, 5.0, 6.0, -1.0, 4.0, 0.0, 5.0, 5.0, -7.0, -6.0, 6.0, 3.0, -7.0, -7.0, -3.0, -7.0, -1.0, 5.0, -6.0, -13.0, 10.0, -1.0, 6.0, 10.0, -1.0, 3.0, -2.0, 0.0, 1.0, -2.0, -3.0, -2.0, 5.0, 5.0, -3.0, -2.0, -6.0, 15.0, 5.0, 3.0, -4.0, 5.0, 0.0, -1.0, 5.0, -2.0, 4.0, -1.0, 5.0, 4.0, -1.0, 4.0, -1.0, 11.0, -2.0, -8.0, -1.0, 8.0, 5.0, 9.0, 2.0, -6.0, 4.0, 3.0, -8.0, -1.0, 11.0, -2.0, -2.0, -20.0, -2.0]",8.134064399769334,0.0032591819763183,0.0,0.0,0
61,61,"[0.87772703, 0.09276615, -0.44220135, -0.70900613, -0.40108338, 0.5251071, -0.8577712, -0.004411701, 0.5113731, -0.28623664, 0.2357728, -0.97227186, 0.50532424, -0.11124794, -0.13348727, 0.4453885, 0.6680597, -0.3730173, 0.11912726, 0.95882505, 0.6620633, -0.56654644, -0.106989026, 0.48081726, -0.6370178, -0.9558363, -0.018289177, -0.6505908, -0.012086549, 0.8236555, -0.8617648, -0.25796014, 0.74315083, 0.92661506, 0.95407534, -0.078491956, -0.7190003, -0.271699, -0.5176422, 0.29141408, -0.85531694, -0.37826246, 0.65023124, -0.92060906, 0.2904311, -0.08649657, -0.491663, -0.21019177, 0.7170744, 0.39541787, 0.9309029, 0.5547759, -0.6453891, 0.84756345, -0.50510526, -0.33430403, -0.56510603, 0.24480408, -0.36427534, 0.6705554, 0.61690915, -0.00942886, -0.27128452, -0.6912533, -0.4227251, 0.98005867, 0.079029284, -0.25968912, -0.524549, 0.34897515, -0.49488676, 0.017865675, 0.5005727, 0.5649024, 0.907509, -0.7812643, 0.61656463, 0.25028864, -0.8728216, -0.8660253, -0.7661869, 0.8291958, -0.75715864, 0.8886923, -0.39612055, 0.39822, -0.6275442, 0.42409155, 0.79641724, -0.70853716, -0.91148937, -0.98787975, 0.77999324, -0.41031376, -0.15016316, -0.7708083, -0.48108086, 0.7350746, 0.5528004, 0.69551456, -0.9193685, -0.2950286, 0.70311755, -0.43334815, 0.4862088, 0.7810199, -0.60762066, -0.3297469, 0.30645356, -0.43495876, 0.46009138, 0.18020178, 0.9024718, 0.20397153, -0.59892297, -0.9773244, -0.24508126, -0.15952474, 0.9094483, 0.8823214, 0.57444274, -0.081640616, -0.2980146, 0.9123823, -0.5186456, -0.77770096, -0.5479861, 0.1776833, -0.41054475, 0.5886351, -0.5806405, 0.008757097, 0.6019192, -0.4104493, -0.43692827, -0.06001088, 0.6252952, 0.7660601, -0.08477219, -0.51705503, 0.8465348, -0.6651886, 0.7316402, -0.6476043, 0.13595457, 0.5352953, -0.22569232, -0.8689382, 0.88251984, 0.27640158, -0.8096696, 0.14318866, -0.27771977, 0.9086716, 0.39448074, -0.55465543, -0.08576933, 0.8563032, -0.05340626, 0.4759922, -0.04013376, -0.9192553, 0.6547889, -0.86963344, 0.39522305, -0.47106487, -0.67900205, 0.7127456, 0.33980983, 0.9356928, -0.6550219, -0.8892619, 0.11893836, -0.4311868, -0.37517223, -0.29772255, -0.14129716, 0.4213199, -0.7261105, 0.20199093, 0.39417374, 0.63481486, -0.52989906, 0.699412, -0.4872787, -0.789799, -0.8215588, -0.9200117, -0.020949665, -0.71918225, -0.3300912, 0.17002676, -0.22691269, -0.15160984, -0.41218573, -0.19053665, -0.9002079, -0.9472647, -0.53663635, 0.5937391, 0.646414, 0.30056956, 0.947011, 0.9371884, -0.5136293, -0.25062135, -0.2856542, 0.7337862, 0.3420309, 0.5362353, 0.1416907, -0.7948149, -0.21518844, -0.5349328, 0.89924616, -0.7238788, -0.79100126, -0.5881199, -0.048910473, 0.055563457, -0.6822549, 0.41426885, 0.77014846, 0.75180227, -0.3248598, 0.02138108, -0.100637265, 0.5609458, 0.46292832, -0.7633078, 0.8511752, 0.58227843, 0.1893742, -0.99207723, -0.6515849, -0.90897745, 0.45778072, 0.7024733, -0.9350681, 0.7338246, -0.026370503, 0.52015173, 0.9826613, 0.63650227, 0.48307, 0.24431105, -0.039309926, 0.9913019, -0.85865265, -0.46710518, 0.744221, 0.6387713, 0.83307695, -0.2511091, -0.21632725, 0.71250874, 0.26094925, 0.8582465, 0.36311686, 0.90063643, 0.3889966, 4.8275677e-05, -0.621358, -0.002242821, 0.7271042, -0.67644024, 0.5330675, 0.79007655, -0.23278932, -0.46526596, 0.42019004, -0.11253758, 0.6151357, 0.7299818, -0.5322712, -0.027745757, -0.49459186, -0.557081, 0.0081097325, -0.59102535, 0.1434296, 0.24315436, -0.4788679, 0.93824995, 0.38016927, -0.8276201, 0.20346774, -0.21209876, -0.083087936, 0.6004088, 0.19993304, 0.58049, 0.32050583, -0.87340164, -0.44463846, -0.14225747, 0.052952822, -0.14885685, -0.10794808, -0.44061288, 0.119121976, 0.16194177, -0.10973841, -0.6830196, 0.38258913, -0.06637568, 0.06420572, 0.5896535, 0.7372365, 0.849723, 0.23102972, -0.83432776, -0.34651828, -0.38450664, -0.597327, 0.49666005, -0.5936203, -0.47665027, 0.8439298, -0.12506655, 0.61964196, -0.93283844, 0.9823944, 0.7167018, -0.6132401, -0.31383386, 0.05504952, 0.3542562, -0.2953198, -0.35728016, -0.36589533, -0.46573415, 0.95195425, 0.8236149, -0.43209314, 0.97781146, -0.2483567, 0.6369073, -0.5284875, -0.2892284, 0.4730985, -0.04157707, 0.5892786, -0.8525319, -0.9801471, -0.15196325, -0.2673157, 0.57633656, 0.45753622, -0.5858753, 0.24191724, -0.98677677, -0.35931173, 0.0037214267, 0.73223066, 0.7773791, 0.1317866, 0.046110306, 0.627717, -0.87235165, 0.20681126, 0.07450131, 0.61355823, 0.8857943, 0.76276433, 0.22964291, -0.8655836, -0.099793635, -0.997438, -0.6901901, -0.7976533, 0.074586965, 0.034533676, -0.3913251, 0.7235442, -0.7375755, 0.19503316, 0.8176554, -0.0054147183, -0.94463265, 0.094763055, -0.47195706, 0.38161135, 0.72314745, 0.6772677, -0.53426147, 0.2521728, -0.72413146, 0.89736354, 0.096934974, -0.014043735, -0.8092283, -0.47244197, -0.42074603, 0.9359186, -0.91994965, -0.77611196, 0.27499223, 0.66019255, -0.541757, -0.4003009, 0.49362436, -0.5381264, 0.23052171, 0.81991994, -0.8656143, -0.0034102672, 0.5693315, -0.62443304, -0.6531257, 0.33882037, -0.22634365, -0.45550403, -0.9618362, 0.08745824, -0.24366724, 0.55183315, -0.98364294, -0.74827427, -0.34015414, 0.20113638, 0.020491151, -0.25289136, -0.6068005, 0.6558225, 0.6730508, -0.66537833, -0.5158327, -0.6229673, 0.93321204, -0.9110604, 0.5797904, 0.29258636, 0.64248204, -0.14421874, -0.7865686, 0.5812641, 0.022580426, -0.76466507, -0.34943748, 0.7756593, 0.9619121, -0.979197, 0.6727886, 0.002268675, 0.774341, -0.90903157, 0.090835825, 0.41787732, -0.11166154, -0.427206, 0.05952458, -0.04124714, 0.4078995, -0.47174814, 0.060230065, -0.7681809, 0.42925543, 0.5837771, 0.31288385, 0.6458063, -0.26353583, 0.52468055, 0.7356803, 0.74294573, -0.5988279, -0.19642462, -0.8992229, 0.048649207, 0.79071, -0.18713021, -0.7085648, 0.97569597, -0.2904687, 0.30924886, -0.4607638, 0.70109016, -0.41210964, 0.2798344, 0.048977263, 0.85031384, -0.33684823, 0.17213736, 0.9887273, -0.30053127, 0.386263, -0.7940002, 0.62206036, 0.76757246, -0.7639878, -0.14531933, 0.13022205, -0.26822135, -0.9530377, -0.29089624, -0.06527624, -0.28545696, -0.07380957, -0.39219013, -0.6081776, -0.4485674, -0.49044448, -0.170432, -0.24725245, 0.49263358, -0.2744827, -0.6393033, 0.07674243, -0.16521819, 0.9399303, -0.11766643, -0.94333756, 0.7072279, -0.9189654, -0.5914116, -0.25875816, 0.5373209, 0.05818834, -0.6322335, 0.8228227, 0.8840322, -0.6670739, -0.60073245, 0.060971756, -0.4599552, 0.10190032, -0.5533225, -0.6134442, -0.13971043, -0.86266977, 0.89490086, 0.49922892, 0.45956874, 0.4717296, 0.3758036, -0.022427581, -0.3633085, 0.85605454, 0.94438356, -0.89035696, -0.29996365, -0.22187845, 0.35955513, 0.21587068, -0.74871206, 0.04691182, -0.6237966, -0.65228117, 0.52825093, -0.35606298, -0.15535724, -0.21862951, 0.4291561, 0.8002115, 0.040629707, -0.8656362, -0.6815745, 0.53298295, -0.59583825, 0.47847283, 0.40452322, -0.41766158, 0.03723075, -0.17326944, -0.20409942, 0.60792273, -0.18238296, 0.47111368, -0.9388769, -0.48629504, -0.33667368, 0.0076639922, -0.024972312, -0.57241833, -0.7234898, -0.33891982, -0.10134757, -0.5967012, -0.5816465, 0.6867638, 0.22602181, 0.7635997, 0.10327739, -0.6255181, -0.57307684, -0.97561496, 0.22439218, -0.6864888, 0.570676, -0.42953795, 0.948499, -0.90656817, -0.36454812, -0.11686006, 0.9471235, 0.5564812, -0.39665714, -0.43508324, -0.99882317, -0.72642994, 0.055134967, -0.24356343, 0.28886843, 0.14458446, -0.67569846, 0.39136165, 0.91419214, -0.5069504, -0.26695308, 0.21580867, 0.15862991, -0.47443295, 0.35786822, -0.16800235, 0.29718083, 0.047854956, -0.62966794, -0.8365304, -0.30306518, -0.76539963, -0.9317118, 0.21741627, -0.5467294, -0.91144514, -0.08401741, 0.99784267, -0.19585447, 0.34788713, 0.25472093, 0.301091, 0.63901496, -0.8891528, -0.8121195, -0.32028204, -0.67205733, -0.25359172, -0.8857781, -0.27613294, -0.58829, -0.90987426, -0.8747196, -0.54626244, 0.598978, -0.9347585, -0.96950036, 0.15827048, 0.22824517, 0.9206269, 0.70923346, -0.53632677, 0.62203175, -0.80707157, -0.7365087, -0.75895435, 0.47918773, -0.4644187, -0.29247746, -0.7746331, 0.890492, -0.7805813, -0.29096666, 0.80700445, 0.7289608, 0.7464139, -0.48605952, 0.05419582, -0.71342546, 0.6935024, 0.53382885, -0.6447245, -0.7540572, -0.769708, -0.49859706, -0.8061084, -0.34026852, -0.41541243, -0.15863986, -0.53965867, 0.6304675, -0.50287557, -0.57274574, 0.5811208, -0.6861256, 0.8584802, -0.74682856, 0.6958874, 0.46045732, -0.8397069, -0.41138428, -0.5187023, 0.7042064, 0.8992298, 0.7496083, -0.45430094, -0.8252637, 0.53967535, 0.19250695, 0.8078448, 0.79697055, -0.88467914, -0.80039287, 0.18427692, 0.68401396, 0.44096792, 0.13759615, -0.12845044, -0.12229358, -0.14983034, -0.76851445, -0.84182525, -0.4122378, -0.58058333, -0.75696963, -0.11904331, -0.72628707, -0.6723143, 0.9340045, 0.5071355, 0.41127384, -0.8448626, 0.076114304, 0.11268636, 0.98005086, -0.04918186, 0.42310762, -0.2949066, 0.66825116, 0.27069783, 0.57310873, -0.28818324, 0.43708068, 0.8761953, -0.8773863, -0.33685848, -0.30964038, 0.078308485, 0.8756417, -0.46184415, -0.3562018, -0.2283769, -0.01754106, -0.94927585, -0.39008582, -0.85232514, -0.5528113, -0.60121816, 0.691861, 0.79253995, 0.87501913, -0.6633746, -0.6168127, 0.48883304, -0.31969473, 0.45763123, -0.25271994, 0.7629149, 0.061179794, 0.8191879, -0.5107581, -0.67898065, 0.3819473, 0.40572596, 0.029539812, 0.6623912, -0.18409462, -0.9386449, 0.015689993, 0.5246141, 0.020238282, -0.35999322, 0.62871677, 0.91684794, 0.63670975, -0.96637464, 0.57042533, 0.55353737, 0.8567777, -0.5288357, -0.95032656, 0.4425779, -0.46098584, -0.14675741, 0.12608257, -0.35905856, 0.7472969, 0.59978455, -0.50812507, 0.71395457, -0.87117547, -0.9246257, -0.7920981, -0.45903942, 0.49551475, 0.82319885, -0.9224357, -0.86174244, -0.17206658, 0.33292708, 0.079176344, -0.831021, -0.5333551, -0.90906364, -0.15874824, -0.89821374, -0.83510625, 0.6404693, -0.5276078, -0.14149126, -0.77802306, -0.70584786, -0.9746752, -0.10877614, 0.625056, -0.28856048, -0.19358929, -0.6468999, 0.33199573, -0.77137566, 0.11750479, -0.9935453, -0.42878154, 0.9071972, -0.20819007, -0.69100416, -0.57315123, -0.6824197, -0.11533602, 0.1172607, -0.2886722, -0.8187366, -0.31638694, -0.9258029, 0.4051734, 0.63700444, 0.41322625, 0.776219, -0.8255772, -0.93246084, -0.8795472, 0.49154568, 0.25546408, -0.70937634, -0.39780295, 0.12511659, -0.84378856, 0.11753153, 0.29592168, -0.4413043, 0.011768709, -0.69197774, 0.26486108, -0.74503464, 0.21188296, 0.009623234, -0.32324532, 0.47673494, 0.5265583, -0.04854659, 0.70361966, -0.8542842, -0.010753651, 0.013093642, -0.48160684, -0.058159076, -0.26232368, 0.8227675, 0.48759958, -0.52013403, -0.7930029, 0.62835586, -0.888591, 0.15167071, 0.78750163, 0.93698484, -0.2947271, -0.5188421, 0.21578132, -0.53276765, -0.57222205, -0.21949267, -0.6824541, 0.7700942, 0.54191905, -0.53963053, -0.284519, -0.26959082, 0.9865866, 0.12874928, -0.04549077, -0.19737823, 0.43084687, -0.53680694, 0.8583059, -0.29063305, 0.3180591, -0.17637451, -0.65069616, 0.6183197, 0.41879162, 0.09077753, 0.18721423, -0.121102, 0.7492723, 0.091505565, 0.5008208, 0.9145726, -0.20475128, -0.9501159, -0.85939026, -0.07139583, 0.552155, 0.79292303, -0.7173175, -0.6543891, -0.14082427, 0.22480616, -0.30488774, 0.13741264, -0.85142046, 0.03251469, 0.870113, -0.08385805, -0.79678816, 0.44360474, -0.10405092, 0.7988032, 0.37600252, -0.012176479, -0.5189131, 0.6565317, 0.25989556, -0.29474324, -0.2281923, 0.097115, -0.1798558, 0.405781, 0.27433005, 0.33797482, 0.8974198, 0.49348852, 0.88204277, -0.23085256, -0.5165884, -0.052847046, -0.78757167, -0.35962126, 0.443538, 0.53307366, -0.38530922, -0.47907895, -0.78998876, -0.20760351, 0.40402386, 0.61392504, 0.35428193, 0.8304093, -0.846808, -0.8478273, -0.296816, -0.38752055, 0.92482495, -0.31386566, 0.75182885, 0.7195004, -0.15577935, 0.32028386, 0.8309295, 0.6308589, -0.20793211, 0.023764566, -0.28911486, -0.94164073, -0.17349903, -0.3420554, -0.06465096, 0.25527725, -0.68564916, -0.92122954, -0.5347382, 0.89546305, 0.8957535, -0.52429086, -0.27149564, -0.7123878, 0.9891196, 0.72726566, -0.27213106, -0.33999336, 0.2677823, -0.65742004, 0.6561819, -0.5882901, -0.85325366, 0.84620345, 0.2981443, 0.21016705, 0.24302906, -0.0024826284, -0.4829948, -0.6384465]","[-6.0, 3.0, 4.0, -2.0, -2.0, 3.0, -2.0, 1.0, -1.0, -3.0, -3.0, -2.0, 5.0, -1.0, 5.0, -1.0, -1.0, -2.0, -8.0, -2.0, -8.0, -1.0, -3.0, -6.0, 4.0, 9.0, -7.0, -7.0, 3.0, -8.0, -13.0, 3.0, -1.0, 4.0, 6.0, 4.0, 5.0, -7.0, -6.0, -6.0, -1.0, 4.0, -2.0, -3.0, 2.0, 4.0, 2.0, -8.0, -4.0, -1.0, 4.0, 4.0, 5.0, -2.0, 1.0, 0.0, 0.0, -2.0, 1.0, 3.0, 2.0, 5.0, -1.0, 0.0, 2.0, 4.0, -6.0, -4.0, -1.0, 4.0, 4.0, 1.0, -1.0, 5.0, -5.0, 4.0, 5.0, -4.0, -1.0, 6.0, -1.0, -7.0, 0.0, -7.0, 7.0, 10.0, -2.0, -2.0, 1.0, 5.0, 0.0, 5.0, -2.0, 9.0, -1.0, 3.0, 4.0, -4.0, -7.0, -5.0, -2.0, 0.0, 2.0, -2.0, -7.0, 6.0, 2.0, 4.0, 5.0, -4.0, -2.0, -7.0, -8.0, -2.0, 3.0, -7.0, 4.0, -6.0, 5.0, -2.0, 4.0, 4.0, 1.0, 3.0, -2.0, 2.0, -2.0, 5.0, 4.0, -2.0, 6.0, -1.0, -3.0, -6.0, -3.0, -7.0, 0.0, -9.0, 3.0, 3.0, 3.0, 4.0, -3.0, 3.0, 4.0, 5.0, -8.0, 1.0, -7.0, 3.0, -9.0, 4.0, -2.0, 0.0, -1.0, -6.0, 3.0, 3.0, 3.0, 0.0, -2.0, 4.0, 4.0, 2.0, -12.0, -2.0, -7.0, 4.0, -8.0, -4.0, 2.0, 0.0, 5.0, 4.0, 0.0, -2.0, -1.0, -3.0, -3.0, -1.0, 4.0, -1.0, -1.0, -6.0, -3.0, -3.0, 6.0, -5.0, 2.0, 10.0, -3.0, -1.0, 3.0, -5.0, -3.0, 1.0, -1.0, -9.0, -2.0, -3.0, -7.0, -1.0, -1.0, 4.0, -2.0, 5.0, 0.0, -4.0, -1.0, 0.0, 4.0, 3.0, -3.0, 5.0, 1.0, -8.0, 3.0, 5.0, -1.0, -2.0, 3.0, -6.0, -2.0, -8.0, 9.0, 6.0, 3.0, -4.0, 1.0, 5.0, -8.0, 1.0, 6.0, -1.0, 1.0, 5.0, 5.0, 3.0, -2.0, 3.0, 1.0, -1.0, -7.0, 3.0, 1.0, -1.0, 3.0, -4.0, -1.0, 7.0, -3.0, -5.0, -2.0, 0.0, -1.0, -5.0, -2.0, -4.0, -2.0, -1.0, -1.0, 4.0, -8.0, -3.0, 4.0, 0.0, -8.0, 0.0, -8.0, 4.0, 3.0, 0.0, 0.0, -7.0, 7.0, 0.0, 4.0, -1.0, -3.0, -6.0, 3.0, 0.0, -1.0, -2.0, -2.0, 13.0, 1.0, -2.0, 4.0, 3.0, -2.0, -3.0, -7.0, -1.0, -2.0, 0.0, -8.0, -2.0, -4.0, -2.0, 3.0, 4.0, 3.0, -2.0, -2.0, 1.0, -4.0, 3.0, 1.0, -1.0, 3.0, 4.0, -5.0, -2.0, -2.0, -1.0, 0.0, 0.0, 6.0, 4.0, 0.0, -8.0, -2.0, 2.0, 5.0, 0.0, -8.0, 5.0, 6.0, 3.0, 1.0, 0.0, 3.0, 9.0, -1.0, -1.0, -8.0, -3.0, 3.0, 11.0, -2.0, 4.0, -3.0, -7.0, -6.0, -1.0, -2.0, -2.0, -3.0, -1.0, -2.0, 0.0, 0.0, 4.0, 4.0, 4.0, -1.0, -7.0, 2.0, -2.0, -8.0, 0.0, 4.0, -7.0, 6.0, 0.0, 3.0, 9.0, 5.0, -8.0, -1.0, 12.0, 4.0, 8.0, 1.0, 5.0, -4.0, 3.0, 4.0, 5.0, 3.0, 5.0, -1.0, 6.0, 0.0, 3.0, 4.0, 6.0, 6.0, 4.0, -1.0, 4.0, -1.0, 10.0, 5.0, 10.0, -1.0, -3.0, 4.0, 11.0, -2.0, 5.0, 11.0, -2.0, 4.0, 0.0, -6.0, 6.0, -1.0, 5.0, -1.0, 2.0, 2.0, 0.0, -8.0, -2.0, -9.0, 4.0, 1.0, -3.0, -7.0, 2.0, 8.0, -5.0, 5.0, 4.0, -8.0, -7.0, -2.0, -1.0, 0.0, -1.0, -1.0, -2.0, -3.0, -3.0, -14.0, -7.0, -2.0, -6.0, -2.0, -7.0, 5.0, -1.0, 6.0, -2.0, 6.0, -1.0, 5.0, 5.0, -2.0, -3.0, 5.0, 4.0, 4.0, 4.0, 4.0, 0.0, 5.0, 1.0, 3.0, -1.0, -1.0, -2.0, 10.0, 0.0, -2.0, -8.0, -1.0, 6.0, 3.0, 5.0, -2.0, 4.0, -2.0, 6.0, -7.0, -2.0, -3.0, -1.0, -3.0, -1.0, -11.0, 4.0, -4.0, 0.0, 5.0, 10.0, -2.0, -1.0, -5.0, -2.0, -2.0, 3.0, -1.0, -1.0, -1.0, -7.0, -1.0, -1.0, -8.0, 5.0, -7.0, -1.0, -2.0, -4.0, 5.0, 1.0, -2.0, -2.0, 3.0, 4.0, -3.0, 3.0, 0.0, 0.0, 0.0, 4.0, 8.0, -6.0, 3.0, -2.0, -2.0, -1.0, -3.0, 4.0, 5.0, 5.0, -6.0, 0.0, -2.0, 4.0, -4.0, 0.0, -6.0, -1.0, -2.0, 3.0, 2.0, -6.0, 4.0, 5.0, 0.0, -1.0, 4.0, -2.0, -2.0, -2.0, -2.0, -1.0, 4.0, 4.0, -1.0, 1.0, -8.0, 6.0, 3.0, -1.0, -2.0, 4.0, -1.0, -6.0, -4.0, -3.0, -1.0, 0.0, 4.0, -1.0, -1.0, 5.0, -2.0, -8.0, -1.0, -1.0, -2.0, -1.0, 3.0, -2.0, -2.0, 1.0, 2.0, -2.0, 1.0, -2.0, -7.0, 3.0, 2.0, 0.0, 0.0, -2.0, -8.0, -2.0, 0.0, 4.0, 0.0, -2.0, 4.0, -4.0, 3.0, 0.0, -3.0, -6.0, -7.0, 4.0, 4.0, -1.0, 12.0, 5.0, -1.0, 5.0, -3.0, 1.0, 9.0, -1.0, -6.0, -1.0, -7.0, -1.0, 6.0, -1.0, -2.0, 3.0, 7.0, 6.0, 5.0, 3.0, -2.0, -2.0, 11.0, -4.0, 0.0, -3.0, 3.0, 0.0, -2.0, 1.0, 4.0, 0.0, 3.0, -2.0, -1.0, -2.0, -5.0, 3.0, -2.0, -1.0, 1.0, -1.0, 3.0, -3.0, -3.0, 5.0, -3.0, -2.0, 0.0, -1.0, -3.0, -5.0, 3.0, 2.0, 4.0, -2.0, -3.0, 6.0, 3.0, -6.0, -1.0, -2.0, 0.0, -1.0, 0.0, -2.0, 3.0, 3.0, 0.0, 1.0, 6.0, 1.0, -2.0, -1.0, -3.0, -1.0, 5.0, -4.0, 4.0, -2.0, -13.0, -2.0, -1.0, -1.0, -6.0, -6.0, -2.0, -1.0, -2.0, 6.0, 9.0, -2.0, 1.0, 3.0, 2.0, 6.0, 0.0, 4.0, 5.0, -2.0, 5.0, -2.0, 4.0, -16.0, -6.0, 0.0, -2.0, 1.0, -8.0, 4.0, 0.0, 2.0, -1.0, 6.0, -1.0, -3.0, -2.0, -1.0, 3.0, -1.0, -1.0, -5.0, -8.0, -1.0, 5.0, 3.0, -2.0, 2.0, 2.0, -4.0, 4.0, -2.0, -2.0, 11.0, -1.0, 6.0, 4.0, 0.0, 2.0, 4.0, 5.0, -3.0, -4.0, 4.0, 3.0, 0.0, 2.0, 9.0, -2.0, 2.0, -3.0, 5.0, -1.0, 4.0, -5.0, 4.0, -1.0, -6.0, 5.0, 1.0, 4.0, -1.0, -3.0, -1.0, -9.0, -1.0, -2.0, 4.0, -2.0, 4.0, -3.0, -2.0, -1.0, -1.0, -1.0, -2.0, 9.0, 5.0, 2.0, 3.0, 3.0, 9.0, 5.0, 4.0, -2.0, -1.0, -1.0, -12.0, 5.0, 0.0, 10.0, -1.0, 5.0, 4.0, 5.0, -2.0, -3.0, 5.0, -2.0, -6.0, -1.0, -1.0, -2.0, -6.0, -1.0, -1.0, -1.0, 10.0, 8.0, -1.0, 3.0, -3.0, -1.0, -6.0, 4.0, 11.0, 3.0, 6.0, 0.0, -7.0, 4.0, -3.0, -6.0, 5.0, -2.0, -6.0, 0.0, 5.0, -1.0, 0.0, -1.0, -8.0, -1.0, -2.0, 4.0, 5.0, -8.0, -3.0, 0.0, -13.0, 1.0, -11.0, -1.0, -6.0, 5.0, -2.0, 4.0, -7.0, -6.0, -1.0, -1.0, -3.0, 3.0, -3.0, -6.0, 0.0, 3.0, 5.0, 4.0, 8.0, 4.0, 3.0, -2.0, 0.0, 6.0, -2.0, 2.0, 0.0, 3.0, 4.0, 0.0, -3.0, 6.0, 3.0, -3.0, -1.0, 0.0, 5.0, -2.0, -1.0, -3.0, 2.0, -7.0, 3.0, -6.0, -2.0, -7.0, -2.0, -6.0, 0.0, 2.0, 6.0, -3.0, 5.0, -8.0, 5.0, -1.0, 1.0, -2.0, -5.0, -2.0, -2.0, -13.0, 1.0, 4.0, 10.0, -3.0, 4.0, 4.0, 3.0, 4.0, 0.0, 0.0, 3.0, -3.0, -2.0, -6.0, 5.0, 6.0, 4.0, 3.0, -7.0, -3.0, -2.0, 6.0, 7.0, -2.0, 3.0, -1.0, 5.0, 5.0, -6.0, -5.0, 5.0, 4.0, -8.0, -8.0, -4.0, -8.0, -2.0, 6.0, -5.0, -13.0, 9.0, 0.0, 6.0, 9.0, -2.0, 4.0, -3.0, -1.0, 2.0, -1.0, -2.0, -3.0, 6.0, 4.0, -2.0, -2.0, -5.0, 14.0, 4.0, 2.0, -3.0, 6.0, 1.0, 0.0, 4.0, -1.0, 5.0, -2.0, 6.0, 5.0, 0.0, 5.0, -2.0, 10.0, -3.0, -9.0, -2.0, 9.0, 4.0, 9.0, 2.0, -5.0, 4.0, 2.0, -9.0, 0.0, 12.0, -1.0, -3.0, -19.0, -1.0]",18.42414411714255,0.0035290718078613,0.0,0.0,0
62,62,"[0.42418998, 0.6812294, 0.6786003, -0.32563284, -0.34822413, -0.8876985, 0.6663849, -0.5578391, -0.77394867, -0.91382635, 0.11103095, 0.50943726, 0.14514205, -0.09931163, -0.8353051, 0.6471834, -0.5425207, 0.61232626, 0.7438278, -0.111625426, -0.10488703, -0.8905226, -0.61660767, 0.44050798, 0.57279515, -0.44659555, 0.7581253, 0.37803596, -0.95789766, -0.027569579, 0.06932392, -0.5041385, -0.10173142, -0.54014677, -0.7630573, -0.77623826, 0.11376375, 0.17778124, 0.7970552, 0.43175068, -0.391592, -0.74325395, 0.90580314, 0.4167648, 0.3434529, 0.6413393, 0.7305003, -0.4491459, 0.0061043096, -0.48620865, 0.86802685, -0.72698665, 0.7411988, -0.3573448, 0.35723323, 0.62234366, 0.43873706, -0.8147295, -0.690167, 0.1459604, 0.11799905, 0.34445015, 0.14215234, -0.92068076, 0.23042363, -0.113446854, 0.8122445, -0.0992711, 0.61119384, -0.39563656, 0.08524018, 0.22528584, 0.47127432, -0.9590185, -0.078557156, -0.14302427, 0.8890583, 0.4007091, 0.31960818, 0.68215495, 0.06883313, 0.083695516, 0.552433, -0.07569162, -0.081077285, 0.5260157, -0.406317, 0.007847619, -0.8940547, 0.27888122, -0.16402632, -0.23301883, 0.58832103, -0.6363016, -0.82656604, -0.34158796, 0.08415576, 0.51304626, 0.65757966, 0.13596857, -0.19062428, -0.81319463, 0.8488339, 0.7768766, 0.85272104, 0.12111028, -0.108607315, -0.19045156, 0.1179952, 0.52595526, 0.8209314, -0.8390635, -0.46901324, 0.051865127, -0.8251011, -0.50595087, -0.3143855, -0.5573037, 0.8776408, -0.16529189, -0.7025187, 0.33685133, -0.64805937, 0.2826039, -0.5499972, -0.0105521325, 0.039197516, -0.5398221, -0.6736734, -0.29962492, -0.10361695, -0.83800286, -0.8633341, -0.44774997, 0.89608413, 0.44658756, -0.52482486, 0.77058756, -0.5963066, 0.37486014, 0.12895405, 0.42135042, 0.77856797, 0.6793083, 0.16264406, 0.39029515, -0.62555707, 0.5611275, -0.073750116, 0.12035292, 0.07797067, -0.066832155, -0.8883966, -0.4015861, -0.0459069, 0.6006999, 0.5578029, 0.5051085, 0.8711053, -0.24233894, 0.7565053, 0.719213, -0.15652351, 0.7630789, -0.29195797, -0.216744, 0.86017275, -0.13635881, -0.36196914, 0.21201077, 0.8377021, 0.291521, -0.3062832, -0.8355467, 0.42506608, -0.28563884, 0.6297599, 0.10397398, -0.99417114, -0.7776522, -0.3666702, -0.5661727, -0.98688704, -0.5829552, 0.54186547, 0.05178528, -0.376162, -0.8359106, -0.7992248, 0.6642621, 0.69062215, -0.6786847, 0.6273299, -0.022700164, 0.36856365, -0.0015802066, -0.5737093, -0.7531147, -0.8127752, -0.34324127, 0.32798746, 0.92686933, 0.3376501, -0.34814492, -0.0822601, 0.15973005, 0.5414571, 0.9434972, 0.28869927, 0.8713742, -0.7467412, 0.9642305, -0.3463223, -0.35345164, 0.62699735, 0.92850494, 0.38591105, 0.3431353, -0.19141354, 0.14471026, 0.41123033, -0.70113397, -0.06350056, -0.17541867, -0.5230318, 0.67535037, 0.638905, 0.26587635, 0.08709006, -0.9298, -0.54236853, 0.35688558, -0.61909854, -0.067103386, 0.15697238, 0.89713275, 0.16073705, -0.45130593, -0.37703124, -0.6563708, -0.41782844, -0.09314515, -0.0023626473, -0.54274386, -0.24413884, -0.25380436, -0.031613387, 0.6640639, -0.1046093, -0.90926814, 0.6168696, -0.16361058, 0.31806076, 0.046669774, 0.6456153, 0.98765385, -0.7332607, -0.051953353, -0.86161375, 0.6593951, -0.5230923, 0.93581647, -0.65461534, 0.7093784, 0.23138279, -0.07930564, -0.900584, -0.1372923, -0.27782506, -0.9476768, -0.7197225, 0.93815446, 0.19148082, -0.795118, 0.8791885, 0.2946609, 0.48753688, -0.91512465, -0.5363192, 0.9085072, -0.90248156, 0.8569271, -0.49867198, 0.9446922, 0.93327403, 0.8914932, 0.54581314, -0.97022897, -0.39222994, -0.7333994, 0.93433744, 0.61590743, -0.1488731, -0.6268483, 0.6568982, 0.89390236, 0.038079213, -0.856765, -0.65473753, -0.9251212, -0.8139947, 0.7508442, 0.7150345, 0.35684553, 0.20704912, -0.21925151, -0.97241926, 0.5163182, 0.18413123, 0.10715797, -0.7621503, 0.2392178, -0.057591323, 0.7087507, -0.6928619, -0.5280043, -0.6432773, 0.21077706, -0.10050791, 0.91876984, -0.14091513, -0.58103937, -0.68365085, 0.82206583, 0.13025717, 0.5196691, -0.865974, -0.54747766, -0.25869367, -0.6227064, -0.591037, -0.4067609, 0.16582894, -0.3698493, 0.7752931, 0.5248289, -0.98071724, 0.40800768, 0.47103363, 0.6035614, -0.47257006, -0.85509765, 0.33742207, -0.40809247, 0.73955566, 0.14454709, -0.66437614, 0.044377085, 0.81758887, -0.95574826, -0.8463852, -0.96365833, -0.14244965, 0.9629878, 0.53403383, 0.25189915, -0.4081124, 0.54719883, 0.32582742, -0.13731769, -0.96538466, -0.094206624, -0.8494537, 0.06172718, 0.5767365, 0.8754074, -0.660181, 0.5251837, -0.33278775, -0.047482293, 0.5306322, -0.5136328, -0.7870336, 0.744327, 0.8347618, -0.15343015, -0.84718996, -0.39099708, 0.6176426, 0.2133986, -0.52825403, -0.39226764, -0.5829537, -0.85371155, -0.11786627, 0.32448193, -0.6816438, 0.03791888, 0.5363023, -0.36118, -0.61565304, -0.9961718, 0.8221825, 0.15420644, 0.6339614, 0.13405824, 0.019743204, 0.14483097, 0.9585447, 0.027444681, -0.008052412, -0.21718206, 0.45530397, -0.4956657, 0.23402539, -0.8786523, -0.77368516, 0.91351986, -0.81521016, -0.9205348, 0.8240049, -0.69430596, 0.49553728, 0.7085703, 0.17904389, -0.8714724, 0.6251167, -0.7907192, -0.16764632, -0.6015818, 0.96139723, -0.94072354, -0.15960595, -0.37205085, 0.22557579, -0.81310827, -0.43578362, 0.58802044, 0.38471153, 0.35647213, 0.9816766, 0.89576745, -0.6898246, -0.7750867, 0.013204493, -0.8393543, 0.25475025, -0.63442135, -0.81956595, -0.27004766, 0.49711737, -0.64832646, 0.6023767, 0.22809283, 0.5285637, 0.4744856, 0.16350397, -0.5336451, 0.60213447, -0.5742014, -0.47913137, -0.087558605, -0.8483358, 0.61259687, 0.7727782, -0.67268604, 0.7562176, -0.15043023, -0.7263874, 0.34652907, 0.51977, 0.15341371, -0.150962, 0.8934992, 0.86628395, 0.59989434, 0.120265976, -0.140328, -0.08007856, -0.35085413, -0.86904836, 0.50491035, -0.6810569, -0.3886873, -0.81299853, 0.54509735, 0.9400162, 0.017001364, 0.5430305, 0.9303928, -0.41742188, -0.25036758, -0.8665957, -0.80451643, -0.9304161, 0.71317345, -0.087451115, -0.11048798, 0.7713426, 0.80703264, -0.81478506, -0.42022115, -0.5527651, 0.9939063, -0.49051338, -0.7222603, -0.95887744, -0.39504477, -0.77548677, -0.23304757, 0.92924356, -0.68285626, -0.7760632, 0.5530909, -0.72605807, 0.3933477, -0.25405627, -0.23434204, 0.33472198, -0.37281594, 0.7585929, 0.36463332, 0.5891868, 0.03323161, -0.5343377, 0.10963701, 0.104583375, -0.392381, -0.2538958, -0.10988106, 0.5085191, -0.80863667, -0.27961886, -0.06921856, 0.23189346, -0.13384368, 0.92896646, 0.67168665, 0.90565515, 0.14080657, -0.64633524, -0.40578806, 0.073012225, -0.4782159, 0.950934, -0.6131916, 0.03017425, 0.6456452, 0.48578945, 0.6514611, -0.71772116, 0.7935852, 0.9876825, 0.35363105, 0.9141591, 0.3107938, -0.52634186, -0.63380533, -0.3980696, 0.2586182, 0.503065, 0.13465431, 0.16483201, -0.98711437, 0.64360654, 0.201939, 0.37, -0.40299448, -0.17407936, -0.17973089, 0.8057608, 0.42427635, 0.72872573, -0.3885509, 0.71388626, 0.37472847, 0.42467427, 0.036740284, -0.8872728, -0.19248794, 0.8345438, 0.3137164, -0.7201289, -0.1661773, -0.8764379, 0.91963077, -0.9741604, -0.1071541, -0.08644683, 0.5017956, 0.7661429, -0.013116842, 0.3942536, -0.9409603, 0.26854128, -0.1262147, 0.012070683, -0.5164659, -0.13970521, -0.23425773, 0.71006423, -0.39318293, -0.65732086, 0.89808977, -0.1631746, -0.84781426, -0.9814714, 0.21452954, -0.2552718, -0.23220626, -0.3147302, -0.7207314, -0.23006085, -0.4252645, -0.7537663, 0.31431317, 0.20197052, 0.25152478, -0.91622835, -0.5589496, -0.91886204, 0.51763296, 0.56161714, 0.814868, -0.37364358, 0.79713863, 0.90642947, -0.83819145, -0.024698457, 0.5058231, -0.29960334, 0.30006447, -0.50268376, 0.42862266, -0.6732625, -0.09139483, 0.9258328, -0.6169516, 0.66293234, -0.3824062, -0.25460106, 0.9179936, -0.04680747, -0.6693658, -0.70760065, -0.12370641, -0.4977108, -0.9452845, 0.33780336, 0.6397373, -0.702797, 0.101128004, -0.96483415, 0.84305894, -0.3835027, -0.990026, -0.3589128, -0.3032696, -0.9089152, 0.6832926, 0.54588425, -0.39201713, 0.23570484, -0.57959557, 0.873705, 0.9103926, -0.9192654, -0.8692741, -0.0003467307, 0.6734315, 0.04932957, 0.49076873, 0.85716546, -0.0123723, 0.25804895, -0.5680566, 0.009140607, -0.21541783, 0.32172397, -0.0049487664, 0.8397039, 0.92195874, -0.9965933, -0.31550974, 0.776913, 0.8163258, -0.3198643, 0.970987, -0.8700143, -0.22952731, 0.3496767, -0.32936934, 0.9039739, -0.3316348, -0.08108962, 0.84914005, -0.056877863, 0.5433636, -0.77495337, -0.661333, 0.59929454, -0.22365792, 0.9070794, -0.46898574, 0.91002095, 0.40142018, 0.07621712, -0.76030856, 0.31841204, 0.5058105, 0.65222406, 0.89313287, -0.9547189, -0.43206087, 0.01797324, 0.2513987, -0.2803407, 0.37777245, -0.8377543, 0.7325203, 0.8881951, 0.97014403, 0.519799, 0.23437706, 0.49801284, -0.6279234, -0.40527314, -0.52046084, -0.9329369, -0.023786634, -0.5266068, 0.8409824, -0.3060842, 0.037019424, 0.25471032, -0.52426267, -0.11464373, 0.739925, 0.21148445, 0.6534357, 0.70219374, -0.3373991, -0.4427355, 0.32734624, 0.50624406, 0.8820094, -0.8270647, 0.2711577, -0.74286735, 0.66388655, -0.48244235, -0.08924313, 0.9518715, 0.39588544, 0.48822594, -0.059836697, -0.943436, -0.68829674, 0.6705132, 0.015016537, -0.14639252, 0.915097, -0.030699164, -0.78010446, 0.008662518, -0.8789987, 0.49661642, 0.93566084, -0.89281875, 0.45042437, -0.7829294, -0.7295454, -0.87118816, -0.32823431, -0.79559124, 0.37294275, 0.45761612, 0.3647766, 0.23033892, -0.8453021, -0.32736543, -0.11950644, 0.5865752, 0.7948023, 0.66883254, -0.065673456, 0.7682509, 0.116264485, 0.6985927, -0.6548528, 0.08360342, 0.5674096, -0.7230214, -0.3970474, 0.849115, -0.44062445, -0.892388, 0.9394288, 0.67536956, -0.7426832, -0.4725392, 0.8072917, 0.5854825, 0.06345378, -0.9346881, 0.6697394, 0.8033834, 0.37409714, 0.035708595, 0.7052712, -0.4394077, -0.36580452, -0.02208183, -0.87500453, -0.57758343, 0.031504836, 0.2215174, -0.1784324, -0.52957153, 0.144418, 0.67312723, -0.8225485, 0.0090924995, 0.28716388, 0.30200619, -0.6092472, -0.70742726, 0.35433707, -0.67682064, -0.4032021, -0.89017916, 0.10916477, 0.3094748, -0.85042006, 0.08603814, 0.7373342, -0.4161033, -0.9985883, -0.8836022, 0.78166133, 0.29069307, 0.56531394, 0.6009825, -0.057536878, -0.65358174, 0.5681851, -0.887915, -0.703211, -0.9672737, -0.7365478, 0.993673, -0.554403, 0.18592384, 0.26068726, 0.11201017, -0.6665056, -0.09069624, -0.29515627, -0.29590246, -0.10080804, 0.8280802, 0.64068085, -0.96769285, 0.7614082, 0.08434646, 0.16160537, -0.20365879, -0.2614653, 0.6745943, -0.980676, -0.34744155, 0.5858222, -0.35254672, 0.5777461, 0.98557115, 0.2742798, -0.1259514, 0.10654809, 0.50612915, 0.6346126, 0.8470154, 0.3809519, -0.060019415, -0.61610115, 0.6139494, -0.30877894, -0.016493743, 0.95815253, -0.9097633, 0.31896693, 0.6805802, -0.6131422, 0.3329832, 0.40578178, 0.70769495, 0.23970006, -0.48258883, -0.9788093, -0.42381415, -0.9695274, 0.9705045, -0.46866366, 0.96830636, -0.28203055, -0.2472082, 0.36472595, -0.09353638, -0.54373103, 0.84019893, -0.14935005, -0.0338928, -0.655724, -0.8647451, -0.17891864, 0.41815078, 0.42113608, 0.0796217, -0.40269688, 0.3737895, 0.43715546, -0.31822744, -0.558354, -0.26734897, 0.5602894, 0.38520807, -0.000277289, 0.66289026, 0.15144011, -0.9339, 0.64233476, 0.5794996, -0.65560865, 0.20593327, 0.08899552, -0.57703227, 0.9874105, 0.5080003, 0.24050568, 0.7265102, 0.61965305, 0.11499546, 0.6640874, -0.03560061, 0.47753194, -0.072707765, -0.5192791, 0.8872663, -0.507835, 0.2096705, 0.73452103, -0.04053214, 0.06864229, -0.068177536, 0.4791029, -0.14694984, 0.71622324, -0.03580241, -0.8486287, 0.00555301, -0.27947766, -0.17403671, 0.92364544, 0.72320616, 0.9683535, -0.05787734, 0.94005644, -0.8208218, 0.7572356, 0.23160557, -0.7426675, 0.9832932, 0.69456345, 0.13785742, -0.99103963, 0.56964386, -0.53383416, 0.28014567, 0.2652445, -0.5834639, -0.024936425, 0.863047, 0.10201269, 0.7785623, -0.26919383, 0.09625872, 0.26099035, 0.87673205, 0.6629633, -0.83244044, -0.044427082, -0.7839224, -0.95962185, 0.3007229, 0.90836906, -0.0015697435, 0.31635767, 0.97082365, 0.90886474, 0.019994838, 0.69609356, 0.119258694, -0.9273127, 0.14037609, -0.20980172, 0.8305264, -0.05687434, -0.2467673, -0.5606311, 0.30021372, -0.17015469]","[-7.0, 4.0, 4.0, -2.0, -1.0, 4.0, -1.0, 2.0, -2.0, -3.0, -2.0, -1.0, 4.0, -2.0, 4.0, -2.0, -2.0, -3.0, -7.0, -1.0, -8.0, -2.0, -2.0, -7.0, 5.0, 10.0, -7.0, -8.0, 3.0, -7.0, -14.0, 4.0, -2.0, 4.0, 5.0, 3.0, 4.0, -6.0, -7.0, -7.0, 0.0, 5.0, -1.0, -4.0, 1.0, 5.0, 3.0, -7.0, -3.0, -2.0, 5.0, 3.0, 5.0, -1.0, 1.0, 1.0, -1.0, -2.0, 0.0, 4.0, 3.0, 4.0, -2.0, 0.0, 3.0, 4.0, -7.0, -3.0, -2.0, 5.0, 5.0, 2.0, -1.0, 4.0, -6.0, 3.0, 4.0, -3.0, -1.0, 6.0, -2.0, -6.0, -1.0, -7.0, 6.0, 10.0, -1.0, -1.0, 0.0, 4.0, -1.0, 6.0, -1.0, 10.0, -2.0, 4.0, 4.0, -3.0, -6.0, -4.0, -1.0, -1.0, 1.0, -1.0, -8.0, 5.0, 1.0, 3.0, 5.0, -3.0, -2.0, -7.0, -7.0, -2.0, 4.0, -8.0, 5.0, -7.0, 5.0, -3.0, 5.0, 5.0, 0.0, 4.0, -2.0, 3.0, -1.0, 4.0, 3.0, -2.0, 5.0, -1.0, -4.0, -7.0, -2.0, -8.0, -1.0, -8.0, 3.0, 4.0, 4.0, 5.0, -2.0, 4.0, 5.0, 4.0, -8.0, 0.0, -7.0, 4.0, -10.0, 5.0, -3.0, 0.0, -2.0, -7.0, 4.0, 4.0, 4.0, -1.0, -3.0, 4.0, 5.0, 3.0, -13.0, -1.0, -7.0, 4.0, -9.0, -5.0, 3.0, -1.0, 5.0, 3.0, 1.0, -2.0, -2.0, -2.0, -3.0, 0.0, 3.0, -2.0, -2.0, -5.0, -2.0, -2.0, 5.0, -6.0, 2.0, 10.0, -3.0, -2.0, 4.0, -4.0, -2.0, 0.0, -2.0, -8.0, -2.0, -2.0, -8.0, -2.0, -2.0, 5.0, -1.0, 5.0, -1.0, -3.0, -1.0, -1.0, 5.0, 4.0, -2.0, 4.0, 1.0, -8.0, 4.0, 4.0, -2.0, -3.0, 4.0, -7.0, -3.0, -7.0, 8.0, 5.0, 4.0, -3.0, 0.0, 4.0, -7.0, 0.0, 5.0, -2.0, 0.0, 4.0, 4.0, 4.0, -1.0, 3.0, 1.0, -1.0, -6.0, 3.0, 2.0, 0.0, 4.0, -5.0, -2.0, 6.0, -2.0, -5.0, -2.0, -1.0, -2.0, -4.0, -1.0, -4.0, -2.0, -2.0, -2.0, 5.0, -7.0, -2.0, 4.0, -1.0, -7.0, 1.0, -7.0, 5.0, 4.0, -1.0, -1.0, -6.0, 6.0, -1.0, 5.0, -2.0, -4.0, -7.0, 4.0, -1.0, 0.0, -1.0, -1.0, 12.0, 0.0, -1.0, 4.0, 4.0, -1.0, -2.0, -8.0, -2.0, -2.0, -1.0, -7.0, -1.0, -3.0, -2.0, 4.0, 3.0, 4.0, -1.0, -1.0, 0.0, -3.0, 4.0, 0.0, -2.0, 3.0, 3.0, -6.0, -1.0, -2.0, 0.0, 1.0, -1.0, 5.0, 4.0, -1.0, -8.0, -1.0, 3.0, 6.0, 1.0, -7.0, 4.0, 5.0, 2.0, 0.0, 0.0, 4.0, 10.0, -2.0, -2.0, -8.0, -2.0, 4.0, 12.0, -1.0, 5.0, -4.0, -7.0, -7.0, 0.0, -1.0, -1.0, -2.0, -1.0, -3.0, -1.0, -1.0, 4.0, 5.0, 5.0, -2.0, -7.0, 3.0, -1.0, -7.0, -1.0, 4.0, -7.0, 6.0, -1.0, 4.0, 10.0, 4.0, -7.0, -1.0, 13.0, 4.0, 9.0, 0.0, 4.0, -3.0, 4.0, 5.0, 4.0, 4.0, 4.0, -2.0, 5.0, -1.0, 4.0, 3.0, 5.0, 5.0, 3.0, 0.0, 5.0, -2.0, 11.0, 5.0, 11.0, -2.0, -2.0, 5.0, 10.0, -3.0, 5.0, 10.0, -1.0, 3.0, -1.0, -7.0, 5.0, -2.0, 4.0, -2.0, 3.0, 3.0, 1.0, -8.0, -2.0, -10.0, 5.0, 0.0, -3.0, -8.0, 1.0, 8.0, -6.0, 6.0, 3.0, -7.0, -7.0, -2.0, -1.0, -1.0, -1.0, -2.0, -2.0, -2.0, -2.0, -14.0, -7.0, -1.0, -7.0, -1.0, -8.0, 4.0, -2.0, 5.0, -2.0, 5.0, -2.0, 5.0, 4.0, -1.0, -2.0, 4.0, 4.0, 5.0, 4.0, 3.0, -1.0, 4.0, 2.0, 4.0, -2.0, -2.0, -1.0, 9.0, -1.0, -1.0, -8.0, 0.0, 5.0, 2.0, 4.0, -1.0, 5.0, -1.0, 5.0, -8.0, -1.0, -2.0, -1.0, -2.0, -2.0, -10.0, 5.0, -5.0, -1.0, 5.0, 11.0, -1.0, 0.0, -5.0, -2.0, -2.0, 2.0, -2.0, -2.0, -2.0, -8.0, 0.0, -2.0, -7.0, 4.0, -7.0, -1.0, -3.0, -5.0, 4.0, 2.0, -1.0, -2.0, 4.0, 5.0, -4.0, 4.0, -1.0, -1.0, -1.0, 3.0, 9.0, -7.0, 4.0, -2.0, -3.0, -2.0, -2.0, 5.0, 4.0, 4.0, -5.0, -1.0, -1.0, 3.0, -3.0, -1.0, -7.0, 0.0, -1.0, 4.0, 3.0, -5.0, 5.0, 4.0, -1.0, -1.0, 4.0, -3.0, -1.0, -1.0, -2.0, -2.0, 5.0, 5.0, -2.0, 1.0, -7.0, 5.0, 4.0, -2.0, -1.0, 3.0, -1.0, -7.0, -5.0, -2.0, -1.0, -1.0, 5.0, -1.0, 0.0, 4.0, -3.0, -7.0, -2.0, -1.0, -1.0, -2.0, 3.0, -3.0, -2.0, 1.0, 1.0, -3.0, 0.0, -1.0, -8.0, 4.0, 3.0, 1.0, -1.0, -2.0, -7.0, -2.0, -1.0, 3.0, -1.0, -1.0, 5.0, -3.0, 4.0, 0.0, -2.0, -7.0, -7.0, 3.0, 5.0, -1.0, 11.0, 4.0, -1.0, 4.0, -2.0, 0.0, 10.0, 0.0, -7.0, -2.0, -8.0, -2.0, 7.0, -1.0, -1.0, 4.0, 6.0, 5.0, 4.0, 2.0, -1.0, -2.0, 10.0, -4.0, -1.0, -2.0, 4.0, -1.0, -1.0, 0.0, 5.0, -1.0, 2.0, -1.0, -2.0, -1.0, -6.0, 2.0, -1.0, -2.0, 1.0, -2.0, 3.0, -2.0, -2.0, 6.0, -2.0, -2.0, 1.0, -2.0, -2.0, -6.0, 4.0, 1.0, 5.0, -3.0, -3.0, 5.0, 4.0, -6.0, -2.0, -1.0, -1.0, 0.0, -1.0, -3.0, 3.0, 3.0, 1.0, 0.0, 5.0, 1.0, -1.0, -1.0, -2.0, -1.0, 5.0, -3.0, 5.0, -1.0, -12.0, -2.0, -1.0, -1.0, -5.0, -7.0, -1.0, -2.0, -3.0, 6.0, 8.0, -3.0, 0.0, 4.0, 3.0, 5.0, -1.0, 3.0, 4.0, -1.0, 4.0, -1.0, 5.0, -15.0, -7.0, -1.0, -2.0, 1.0, -7.0, 5.0, -1.0, 1.0, -2.0, 6.0, 0.0, -4.0, -1.0, -2.0, 2.0, -2.0, 0.0, -6.0, -8.0, -2.0, 4.0, 4.0, -2.0, 1.0, 1.0, -5.0, 4.0, -1.0, -3.0, 10.0, -2.0, 5.0, 3.0, -1.0, 3.0, 5.0, 4.0, -2.0, -3.0, 4.0, 4.0, -1.0, 3.0, 10.0, -1.0, 2.0, -2.0, 4.0, -2.0, 5.0, -6.0, 5.0, -1.0, -5.0, 4.0, 0.0, 5.0, 0.0, -2.0, -2.0, -8.0, -2.0, -1.0, 5.0, -1.0, 5.0, -2.0, -1.0, -2.0, -2.0, -2.0, -2.0, 10.0, 4.0, 3.0, 3.0, 4.0, 10.0, 4.0, 4.0, -2.0, 0.0, -2.0, -13.0, 4.0, -1.0, 9.0, -2.0, 4.0, 3.0, 4.0, -2.0, -2.0, 5.0, -3.0, -7.0, -2.0, -2.0, -2.0, -7.0, -1.0, -2.0, 0.0, 10.0, 9.0, -1.0, 4.0, -2.0, -2.0, -7.0, 5.0, 11.0, 4.0, 5.0, -1.0, -8.0, 4.0, -2.0, -5.0, 4.0, -1.0, -7.0, -1.0, 4.0, 0.0, -1.0, -1.0, -8.0, -2.0, -1.0, 5.0, 4.0, -9.0, -4.0, -1.0, -14.0, 2.0, -12.0, -2.0, -7.0, 6.0, -1.0, 5.0, -8.0, -7.0, -1.0, -2.0, -4.0, 3.0, -2.0, -7.0, 0.0, 4.0, 5.0, 5.0, 9.0, 5.0, 2.0, -2.0, -1.0, 7.0, -1.0, 3.0, -1.0, 4.0, 4.0, -1.0, -2.0, 5.0, 4.0, -2.0, -2.0, -1.0, 4.0, -1.0, 0.0, -4.0, 3.0, -8.0, 4.0, -5.0, -1.0, -7.0, -2.0, -7.0, -1.0, 3.0, 5.0, -2.0, 5.0, -9.0, 5.0, -2.0, 0.0, -1.0, -5.0, -1.0, -1.0, -14.0, 0.0, 5.0, 11.0, -2.0, 5.0, 5.0, 4.0, 4.0, -1.0, -1.0, 4.0, -2.0, -1.0, -5.0, 4.0, 5.0, 4.0, 2.0, -7.0, -2.0, -2.0, 5.0, 6.0, -1.0, 4.0, 0.0, 5.0, 5.0, -7.0, -6.0, 6.0, 3.0, -7.0, -7.0, -3.0, -7.0, -1.0, 5.0, -6.0, -13.0, 10.0, -1.0, 6.0, 10.0, -1.0, 3.0, -2.0, 0.0, 1.0, -2.0, -3.0, -2.0, 5.0, 5.0, -3.0, -2.0, -6.0, 15.0, 5.0, 3.0, -4.0, 5.0, 0.0, -1.0, 5.0, -2.0, 4.0, -1.0, 5.0, 4.0, -1.0, 4.0, -1.0, 11.0, -2.0, -8.0, -1.0, 8.0, 5.0, 9.0, 2.0, -6.0, 4.0, 3.0, -8.0, -1.0, 11.0, -2.0, -2.0, -20.0, -2.0]",8.192839107609505,0.0033259391784667,0.0,0.0,0
63,63,"[-0.91830033, -0.027432906, 0.022286743, -0.73107326, -0.7120074, 0.87305784, -0.6192347, -0.3757587, -0.40465486, 0.3151558, 0.2839275, 0.8254475, -0.19443654, 0.56014204, -0.24515145, -0.5199106, 0.78255445, -0.032676168, -0.2189781, 0.8112606, 0.87881565, -0.09714279, -0.96064335, -0.93507546, 0.21806683, 0.704041, 0.75047594, 0.802296, 0.61503017, 0.74449927, 0.6832873, 0.68037254, -0.34506375, -0.21259926, -0.36589226, -0.69085646, -0.33587652, 0.81480366, 0.942161, -0.69903684, 0.3240434, 0.93391347, -0.5866577, 0.6800871, -0.40703502, -0.1793317, 0.832502, -0.8837788, -0.10293869, 0.011429185, 0.8018881, 0.14756258, 0.8901696, -0.36424243, -0.012695785, -0.9545719, 0.9775673, -0.5334324, 0.85762715, -0.19954523, -0.6695947, -0.1602606, -0.35198724, 0.9036213, 0.54230934, -0.58513004, 0.08022065, 0.33986282, 0.15866266, 0.8333974, -0.7740313, -0.9191254, 0.22386529, 0.4906361, 0.6189385, -0.5777442, -0.6197587, 0.67715085, -0.32493296, 0.31933653, -0.6983776, 0.60199034, 0.9217663, 0.94329935, 0.038024735, -0.521408, -0.71798205, -0.5085327, 0.24326596, -0.1282452, -0.045191474, -0.05142714, 0.5868925, 0.6626954, -0.9720948, 0.83644253, -0.22314693, -0.5183672, 0.9920332, -0.75494456, -0.35790032, 0.8142013, -0.0487363, 0.85161567, -0.5169719, -0.18516372, -0.89669454, -0.09146318, -0.9990081, -0.36623773, 0.4302269, 0.44829547, -0.14442573, -0.9740818, -0.7380022, -0.5158616, -0.9670874, -0.56595993, 0.047203474, -0.74855626, 0.7325693, -0.8800387, 0.5517322, -0.10741645, 0.22569469, -0.033073384, -0.14361016, 0.36067224, -0.54574627, -0.026461357, 0.6147336, -0.68971515, -0.81453866, 0.20722726, 0.927159, -0.14157729, 0.6292531, -0.059530154, -0.530693, -0.029865503, -0.11622297, -0.49525303, -0.2937369, -0.2158119, 0.71858126, -0.38503554, 0.8503035, -0.9730131, -0.74320984, -0.94584155, 0.53535134, -0.7508956, 0.14815654, 0.5557682, -0.021279871, -0.8041326, 0.67488855, -0.5875552, -0.8111418, 0.53506774, -0.9441933, 0.23557164, -0.15923537, -0.13119993, 0.6088674, -0.90660775, 0.48329583, 0.41097176, 0.7786481, 0.15431696, -0.67980576, -0.9070229, -0.11597051, 0.4404154, -0.9153893, -0.50350726, 0.54157275, -0.539148, -0.23775437, 0.49382728, -0.13914742, 0.542696, -0.45954886, 0.9161331, -0.8123821, 0.5029151, -0.8516261, 0.6902401, -0.7269982, 0.17293428, -0.33286646, 0.20945536, -0.90435827, 0.7626974, 0.42841727, -0.30865413, -0.05892977, 0.2524201, 0.23561004, 0.27947178, -0.6901434, 0.58636075, -0.08054727, 0.6004675, 0.8570031, -0.79345655, -0.28792098, 0.061937705, -0.73017406, -0.481701, -0.9016221, 0.36268073, -0.0072155353, -0.9374679, -0.39270356, -0.18373746, -0.31485793, -0.9634843, -0.4245671, -0.83769876, -0.98841995, -0.29355133, -0.22705497, 0.8289501, -0.7434072, 0.40081704, -0.4728784, -0.0048592486, -0.13849072, -0.031955928, 0.5252155, -0.9630898, -0.3416561, -0.31942472, -0.8105131, -0.9786295, 0.4380284, 0.76546353, -0.3780878, 0.30605385, 0.9902855, -0.6715207, -0.44667417, 0.6361156, -0.99345046, 0.18535902, -0.04394955, 0.44144207, 0.05793441, 0.032333333, 0.42066666, 0.099959485, 0.9723086, 0.3959652, 0.61370635, -0.15492351, 0.9160487, -0.103118435, -0.3077439, 0.87866694, -0.24586631, -0.26878786, 0.112740524, 0.69889235, -0.33977628, 0.6590088, -0.6740562, -0.6548331, -0.098134, -0.47338983, -0.031257357, -0.97505224, -0.44654518, 0.89508367, 0.7585353, -0.9425746, 0.6086669, -0.11224954, 0.6336916, -0.4398004, 0.10040973, 0.9722465, -0.3463474, 0.76943606, 0.75449586, -0.6919143, -0.5129076, -0.7440474, -0.4239461, 0.047683045, 0.85615313, -0.2068366, 0.9757858, -0.20152757, 0.17805518, 0.929533, 0.20317537, -0.22619776, 0.05105884, 0.08752164, -0.78989375, -0.19070481, 0.052704565, 0.5585203, -0.98792005, 0.6277843, -0.4595812, 0.43078515, 0.5446977, 0.71926016, 0.9037194, 0.80002517, 0.2663754, 0.4509027, 0.4042395, 0.03575421, 0.537191, -0.094065055, 0.6399281, 0.48759946, -0.020364702, 0.028278276, 0.28224516, -0.33383614, 0.11210791, 0.7998676, -0.3779115, 0.378821, -0.9202971, -0.74361664, 0.77000767, 0.8066408, 0.13752075, 0.19392084, -0.18062699, 0.19346583, 0.7514496, -0.69085014, 0.0011048462, 0.7522294, -0.85803205, -0.5976067, 0.025710143, 0.23491837, 0.41428772, -0.6300845, 0.19570178, -0.31324273, -0.3672098, -0.8742327, -0.7520055, 0.5979415, -0.08640958, 0.49812004, 0.63520515, 0.5867478, 0.9624342, -0.48146725, -0.854448, 0.045303915, 0.9266395, -0.59556466, 0.08779047, -0.18078694, 0.24741177, -0.12759656, 0.97698337, 0.55861604, 0.54594314, -0.26615572, 0.53044134, 0.043549124, 0.714565, 0.56438094, 0.34028745, -0.51769245, 0.14744161, 0.7861594, 0.24794012, 0.66359985, 0.06728546, 0.68578506, 0.16711731, 0.70249677, -0.054337442, 0.33297527, -0.88529044, -0.1243584, -0.7212388, -0.53946716, 0.082628824, 0.0813341, 0.59874004, -0.049894284, 0.8886349, -0.3300877, -0.081954755, 0.5407934, 0.3142065, -0.6663912, 0.03798379, -0.84843737, -0.701355, -0.79084545, -0.809951, -0.70729697, 0.7808831, 0.37615263, 0.35098812, 0.7917728, 0.3956052, 0.21775825, 0.4906005, 0.3957035, 0.20167287, -0.7847056, -0.8596148, -0.6702306, 0.24260427, 0.043823197, 0.0931388, -0.22879988, 0.64583856, 0.48433134, -0.89708143, -0.59942645, 0.09145577, -0.6174207, -0.7177116, -0.9809403, 0.965912, -0.5373336, -0.15511997, 0.25386834, -0.5075345, 0.6279169, 0.18503541, 0.36957482, -0.69264585, 0.44521853, -0.894054, -0.35810855, -0.13890195, -0.8097496, 0.1184486, -0.31812227, -0.72942954, -0.42906862, 0.16049063, -0.5493681, -0.059459295, 0.38083345, 0.22267848, 0.52814746, 0.38394618, -0.031231474, 0.039369427, -0.47057307, 0.86406064, 0.8038512, 0.6328295, -0.7019178, 0.5446221, 0.8550386, 0.81961834, 0.8101134, 0.34788704, -0.4995625, 0.17111067, -0.43235588, 0.6015997, -0.6556654, -0.567207, -0.46981594, 0.18858244, 0.17594738, 0.09858865, -0.70940536, -0.073129736, 0.85693747, 0.876463, -0.039074473, -0.47519574, 0.98534775, -0.56007916, 0.6818743, -0.41064513, 0.8198228, -0.7621231, -0.3674197, 0.28596827, -0.81065184, -0.21654733, -0.21264057, 0.022439403, -0.9927144, 0.30254817, -0.18129945, -0.5158041, -0.5874884, 0.55006665, -0.42738733, 0.35459268, -0.9803533, 0.9405943, -0.8392234, -0.1909416, 0.33525142, 0.2485207, 0.7850071, 0.93943405, 0.43951014, 0.27754867, -0.8032949, -0.11873764, -0.6260197, -0.24074009, -0.7172709, 0.57071096, 0.026278248, -0.77886367, 0.04161325, -0.34119615, 0.0027137736, -0.4862838, 0.5127611, -0.9837456, -0.71955484, 0.14268884, 0.29657552, -0.9167956, 0.33258888, -0.5969106, -0.70497155, -0.959763, -0.016537845, 0.50471103, 0.19094145, 0.73154575, 0.06823561, -0.982031, 0.7094557, 0.83760077, 0.74656355, -0.6196707, 0.98109454, 0.9226195, 0.71275234, 0.16263935, -0.60370636, -0.6125712, 0.037647337, 0.7850801, -0.23422627, -0.012002873, -0.16160929, 0.47664392, -0.8020051, 0.44020933, 0.5707253, 0.43032193, 0.35411376, -0.21932434, -0.0328329, -0.5763164, 0.3844431, -0.5818992, 0.11593668, 0.4938929, -0.63108, -0.45827326, -0.12187858, 0.29430392, -0.3535382, -0.64434636, -0.6888283, -0.47451735, -0.19078197, -0.81410974, 0.9042939, 0.9979456, 0.7424609, 0.65484816, -0.14174278, -0.325873, -0.13428053, -0.9622321, -0.6805063, 0.09285702, 0.85424876, 0.85461414, 0.42879355, -0.030202612, -0.46478224, -0.17194398, 0.96984804, 0.7144258, -0.030982567, 0.70714575, 0.4950377, -0.19292557, -0.011828498, -0.072931945, -0.97097284, -0.35728607, -0.9224768, 0.7698355, 0.17309074, -0.19185598, -0.80070657, -0.9186844, -0.48766223, -0.20838566, 0.19758095, -0.29591048, -0.03758291, 0.35982603, -0.9125623, 0.049689826, -0.43042526, 0.5640631, -0.35416177, -0.6603891, 0.57883954, 0.53757256, -0.07214284, -0.63147783, -0.054079678, -0.116290465, -0.7058148, -0.27413702, 0.62919563, 0.0060553066, -0.7411748, 0.76906776, 0.48802492, 0.086386256, -0.46518204, -0.80650204, 0.47634986, 0.2545842, 0.6392922, 0.37820068, -0.6909288, -0.09509135, -0.3758326, 0.7309103, -0.4526306, -0.009331204, 0.0966994, 0.2507215, 0.27050206, 0.2912719, -0.28924248, 0.01151038, -0.88313425, 0.05493263, 0.24414843, 0.48875624, -0.70539194, 0.23977746, -0.34524912, -0.19237396, -0.05035298, -0.7421304, -0.51999825, -0.87364095, 0.9483681, -0.618468, 0.26747468, -0.7689751, 0.39390424, 0.7499851, -0.049452756, 0.37295336, 0.32131946, 0.30754858, -0.78822136, 0.63342565, 0.17209046, -0.54618275, -0.12026591, 0.45011744, 0.28495464, -0.69475645, 0.20166261, 0.017109027, 0.30804646, 0.56883824, -0.34196034, -0.18215205, 0.18874611, 0.56426966, 0.23381555, -0.97048765, 0.98201174, -0.9430812, 0.73654014, 0.811341, -0.570536, 0.55048746, -0.046456747, -0.1649083, -0.7063583, -0.07943797, 0.27507043, -0.003788341, -0.55212766, -0.026035063, 0.74632084, 0.63559145, -0.61643684, -0.02137072, 0.20764178, 0.064066604, 0.3212124, 0.36864507, -0.19169119, -0.5161465, -0.115537874, -0.78393114, 0.49475652, 0.55112904, 0.8864556, 0.7979546, -0.74537104, 0.09184655, 0.41105497, 0.6565641, -0.40384805, 0.97385466, 0.008659434, -0.07540791, -0.15607888, -0.643994, 0.11617435, -0.7506501, 0.68706614, -0.90370506, 0.7050547, 0.6216629, -0.3986099, -0.9286953, 0.76892734, 0.60864794, 0.26936466, -0.88993454, 0.017478177, 0.86811835, -0.7863496, 0.01993153, 0.6068536, 0.3223445, -0.21108021, 0.7839977, 0.05416088, 0.73774624, 0.22325471, -0.3741505, 0.79742754, 0.7593167, -0.38657656, -0.56731135, 0.9575787, -0.05286263, 0.99526054, -0.49255183, -0.79730844, -0.98468715, -0.37560892, 0.16963921, -0.50244933, 0.15151972, -0.8872808, 0.94098663, -0.30527192, 0.9466198, 0.06920878, -0.067451335, -0.82079214, -0.8304621, 0.027373489, -0.36322826, -0.6275422, -0.7292949, 0.11731831, -0.3975117, 0.6117663, -0.82020724, -0.98370117, 0.8839613, -0.9654851, 0.7199036, 0.76073325, 0.8936505, -0.01042313, 0.24752332, -0.26745093, 0.94349325, 0.4636461, 0.44119683, -0.29315102, -0.39765817, 0.11474381, -0.83738726, -0.1621283, 0.06398157, 0.5003915, 0.14330646, -0.21997616, -0.9441158, 0.41682777, 0.535667, 0.7084352, -0.6037295, 0.009698692, -0.07919589, 0.52160627, 0.0059635406, 0.59568393, -0.8342185, -0.89264715, -0.46661556, -0.05138637, 0.50247526, -0.26898015, 0.4822426, 0.6627818, 0.0051283934, 0.91616976, -0.6955245, -0.40870324, 0.99512017, -0.6664743, 0.8226346, 0.840432, 0.27883983, -0.9020615, 0.018721953, -0.86156005, -0.3369336, -0.9654043, -0.9082815, 0.39441037, 0.9644926, 0.5651488, -0.20795934, -0.32526022, 0.9877793, -0.5364919, -0.92265433, -0.4776254, -0.31664562, -0.023995604, 0.39567652, 0.31214115, 0.2571241, 0.7762192, 0.16124514, -0.6481698, -0.2780603, 0.34476882, 0.050489414, 0.1577091, -0.40340132, -0.4236041, -0.09928998, -0.9322214, -0.13456395, -0.01809011, -0.8795506, -0.9344471, -0.9819047, -0.27645022, -0.0034514628, -0.6544095, 0.7912226, 0.16658244, 0.19513226, -0.8684508, -0.8393217, 0.009423046, 0.5250344, 0.677346, 0.08215607, 0.17836939, 0.22884446, -0.37918156, 0.9508091, 0.9516101, 0.24962465, -0.24239136, 0.69917035, -0.649332, 0.20713353, 0.5783258, -0.99182916, -0.13648959, -0.47610748, 0.5965415, 0.84718645, -0.6535058, -0.64058995, 0.9237693, 0.023944069, -0.8043869, -0.8478986, 0.92861307, -0.13606295, 0.8843121, 0.1537522, 0.44435942, -0.44191837, -0.8649514, 0.5723298, -0.66347075, 0.43268067, -0.8489038, 0.15064198, 0.50633365, -0.9616942, -0.2231946, 0.176778, 0.5965963, -0.483933, 0.63245696, 0.2958215, -0.3064803, -0.40088722, 0.40403447, 0.44815153, 0.2741071, -0.1117475, -0.95590913, 0.14801396, 0.2243768, -0.5195383, -0.59357595, 0.72856927, -0.6402933, -0.5804285, 0.24568196, -0.3617576, -0.117712975, 0.060193345, 0.8620345, -0.4789004, -0.910963, -0.7683023, -0.896769, 0.50827765, 0.96185416, -0.83956444, -0.43092558, 0.70756364, 0.7949687, -0.5674309, 0.8378697, 0.15579349, 0.9900748, -0.9550399, 0.5718992, -0.8894281, 0.46885842, 0.887952, -0.34647623, -0.32223585, -0.5213919, -0.13740958, -0.054383814, 0.14373086, 0.3768369, 0.23561096, -0.8021427, 0.2642883, -0.6145846, 0.06949091, 0.17508943, -0.12746677, -0.16452049, -0.14938995, -0.5301597, 0.6063548, -0.028561207, 0.010336902, -0.63075614, -0.04896314, -0.12550493, -0.17195064, -0.10772905, -0.5078743, 0.58981794, -0.60951614, 0.078609094, -0.35510734, 0.43798304, 0.3823814, 0.39663294, 0.7706681, 0.5615379]","[-6.0, 3.0, 4.0, -2.0, -2.0, 3.0, -2.0, 1.0, -1.0, -3.0, -3.0, -2.0, 5.0, -1.0, 5.0, -1.0, -1.0, -2.0, -8.0, -2.0, -8.0, -1.0, -3.0, -6.0, 4.0, 9.0, -7.0, -7.0, 3.0, -8.0, -13.0, 3.0, -1.0, 4.0, 6.0, 4.0, 5.0, -7.0, -6.0, -6.0, -1.0, 4.0, -2.0, -3.0, 2.0, 4.0, 2.0, -8.0, -4.0, -1.0, 4.0, 4.0, 5.0, -2.0, 1.0, 0.0, 0.0, -2.0, 1.0, 3.0, 2.0, 5.0, -1.0, 0.0, 2.0, 4.0, -6.0, -4.0, -1.0, 4.0, 4.0, 1.0, -1.0, 5.0, -5.0, 4.0, 5.0, -4.0, -1.0, 6.0, -1.0, -7.0, 0.0, -7.0, 7.0, 10.0, -2.0, -2.0, 1.0, 5.0, 0.0, 5.0, -2.0, 9.0, -1.0, 3.0, 4.0, -4.0, -7.0, -5.0, -2.0, 0.0, 2.0, -2.0, -7.0, 6.0, 2.0, 4.0, 5.0, -4.0, -2.0, -7.0, -8.0, -2.0, 3.0, -7.0, 4.0, -6.0, 5.0, -2.0, 4.0, 4.0, 1.0, 3.0, -2.0, 2.0, -2.0, 5.0, 4.0, -2.0, 6.0, -1.0, -3.0, -6.0, -3.0, -7.0, 0.0, -9.0, 3.0, 3.0, 3.0, 4.0, -3.0, 3.0, 4.0, 5.0, -8.0, 1.0, -7.0, 3.0, -9.0, 4.0, -2.0, 0.0, -1.0, -6.0, 3.0, 3.0, 3.0, 0.0, -2.0, 4.0, 4.0, 2.0, -12.0, -2.0, -7.0, 4.0, -8.0, -4.0, 2.0, 0.0, 5.0, 4.0, 0.0, -2.0, -1.0, -3.0, -3.0, -1.0, 4.0, -1.0, -1.0, -6.0, -3.0, -3.0, 6.0, -5.0, 2.0, 10.0, -3.0, -1.0, 3.0, -5.0, -3.0, 1.0, -1.0, -9.0, -2.0, -3.0, -7.0, -1.0, -1.0, 4.0, -2.0, 5.0, 0.0, -4.0, -1.0, 0.0, 4.0, 3.0, -3.0, 5.0, 1.0, -8.0, 3.0, 5.0, -1.0, -2.0, 3.0, -6.0, -2.0, -8.0, 9.0, 6.0, 3.0, -4.0, 1.0, 5.0, -8.0, 1.0, 6.0, -1.0, 1.0, 5.0, 5.0, 3.0, -2.0, 3.0, 1.0, -1.0, -7.0, 3.0, 1.0, -1.0, 3.0, -4.0, -1.0, 7.0, -3.0, -5.0, -2.0, 0.0, -1.0, -5.0, -2.0, -4.0, -2.0, -1.0, -1.0, 4.0, -8.0, -3.0, 4.0, 0.0, -8.0, 0.0, -8.0, 4.0, 3.0, 0.0, 0.0, -7.0, 7.0, 0.0, 4.0, -1.0, -3.0, -6.0, 3.0, 0.0, -1.0, -2.0, -2.0, 13.0, 1.0, -2.0, 4.0, 3.0, -2.0, -3.0, -7.0, -1.0, -2.0, 0.0, -8.0, -2.0, -4.0, -2.0, 3.0, 4.0, 3.0, -2.0, -2.0, 1.0, -4.0, 3.0, 1.0, -1.0, 3.0, 4.0, -5.0, -2.0, -2.0, -1.0, 0.0, 0.0, 6.0, 4.0, 0.0, -8.0, -2.0, 2.0, 5.0, 0.0, -8.0, 5.0, 6.0, 3.0, 1.0, 0.0, 3.0, 9.0, -1.0, -1.0, -8.0, -3.0, 3.0, 11.0, -2.0, 4.0, -3.0, -7.0, -6.0, -1.0, -2.0, -2.0, -3.0, -1.0, -2.0, 0.0, 0.0, 4.0, 4.0, 4.0, -1.0, -7.0, 2.0, -2.0, -8.0, 0.0, 4.0, -7.0, 6.0, 0.0, 3.0, 9.0, 5.0, -8.0, -1.0, 12.0, 4.0, 8.0, 1.0, 5.0, -4.0, 3.0, 4.0, 5.0, 3.0, 5.0, -1.0, 6.0, 0.0, 3.0, 4.0, 6.0, 6.0, 4.0, -1.0, 4.0, -1.0, 10.0, 5.0, 10.0, -1.0, -3.0, 4.0, 11.0, -2.0, 5.0, 11.0, -2.0, 4.0, 0.0, -6.0, 6.0, -1.0, 5.0, -1.0, 2.0, 2.0, 0.0, -8.0, -2.0, -9.0, 4.0, 1.0, -3.0, -7.0, 2.0, 8.0, -5.0, 5.0, 4.0, -8.0, -7.0, -2.0, -1.0, 0.0, -1.0, -1.0, -2.0, -3.0, -3.0, -14.0, -7.0, -2.0, -6.0, -2.0, -7.0, 5.0, -1.0, 6.0, -2.0, 6.0, -1.0, 5.0, 5.0, -2.0, -3.0, 5.0, 4.0, 4.0, 4.0, 4.0, 0.0, 5.0, 1.0, 3.0, -1.0, -1.0, -2.0, 10.0, 0.0, -2.0, -8.0, -1.0, 6.0, 3.0, 5.0, -2.0, 4.0, -2.0, 6.0, -7.0, -2.0, -3.0, -1.0, -3.0, -1.0, -11.0, 4.0, -4.0, 0.0, 5.0, 10.0, -2.0, -1.0, -5.0, -2.0, -2.0, 3.0, -1.0, -1.0, -1.0, -7.0, -1.0, -1.0, -8.0, 5.0, -7.0, -1.0, -2.0, -4.0, 5.0, 1.0, -2.0, -2.0, 3.0, 4.0, -3.0, 3.0, 0.0, 0.0, 0.0, 4.0, 8.0, -6.0, 3.0, -2.0, -2.0, -1.0, -3.0, 4.0, 5.0, 5.0, -6.0, 0.0, -2.0, 4.0, -4.0, 0.0, -6.0, -1.0, -2.0, 3.0, 2.0, -6.0, 4.0, 5.0, 0.0, -1.0, 4.0, -2.0, -2.0, -2.0, -2.0, -1.0, 4.0, 4.0, -1.0, 1.0, -8.0, 6.0, 3.0, -1.0, -2.0, 4.0, -1.0, -6.0, -4.0, -3.0, -1.0, 0.0, 4.0, -1.0, -1.0, 5.0, -2.0, -8.0, -1.0, -1.0, -2.0, -1.0, 3.0, -2.0, -2.0, 1.0, 2.0, -2.0, 1.0, -2.0, -7.0, 3.0, 2.0, 0.0, 0.0, -2.0, -8.0, -2.0, 0.0, 4.0, 0.0, -2.0, 4.0, -4.0, 3.0, 0.0, -3.0, -6.0, -7.0, 4.0, 4.0, -1.0, 12.0, 5.0, -1.0, 5.0, -3.0, 1.0, 9.0, -1.0, -6.0, -1.0, -7.0, -1.0, 6.0, -1.0, -2.0, 3.0, 7.0, 6.0, 5.0, 3.0, -2.0, -2.0, 11.0, -4.0, 0.0, -3.0, 3.0, 0.0, -2.0, 1.0, 4.0, 0.0, 3.0, -2.0, -1.0, -2.0, -5.0, 3.0, -2.0, -1.0, 1.0, -1.0, 3.0, -3.0, -3.0, 5.0, -3.0, -2.0, 0.0, -1.0, -3.0, -5.0, 3.0, 2.0, 4.0, -2.0, -3.0, 6.0, 3.0, -6.0, -1.0, -2.0, 0.0, -1.0, 0.0, -2.0, 3.0, 3.0, 0.0, 1.0, 6.0, 1.0, -2.0, -1.0, -3.0, -1.0, 5.0, -4.0, 4.0, -2.0, -13.0, -2.0, -1.0, -1.0, -6.0, -6.0, -2.0, -1.0, -2.0, 6.0, 9.0, -2.0, 1.0, 3.0, 2.0, 6.0, 0.0, 4.0, 5.0, -2.0, 5.0, -2.0, 4.0, -16.0, -6.0, 0.0, -2.0, 1.0, -8.0, 4.0, 0.0, 2.0, -1.0, 6.0, -1.0, -3.0, -2.0, -1.0, 3.0, -1.0, -1.0, -5.0, -8.0, -1.0, 5.0, 3.0, -2.0, 2.0, 2.0, -4.0, 4.0, -2.0, -2.0, 11.0, -1.0, 6.0, 4.0, 0.0, 2.0, 4.0, 5.0, -3.0, -4.0, 4.0, 3.0, 0.0, 2.0, 9.0, -2.0, 2.0, -3.0, 5.0, -1.0, 4.0, -5.0, 4.0, -1.0, -6.0, 5.0, 1.0, 4.0, -1.0, -3.0, -1.0, -9.0, -1.0, -2.0, 4.0, -2.0, 4.0, -3.0, -2.0, -1.0, -1.0, -1.0, -2.0, 9.0, 5.0, 2.0, 3.0, 3.0, 9.0, 5.0, 4.0, -2.0, -1.0, -1.0, -12.0, 5.0, 0.0, 10.0, -2.0, 5.0, 4.0, 5.0, -2.0, -3.0, 5.0, -2.0, -6.0, -1.0, -1.0, -2.0, -6.0, -1.0, -1.0, -1.0, 10.0, 8.0, -1.0, 3.0, -3.0, -1.0, -6.0, 4.0, 11.0, 3.0, 6.0, 0.0, -7.0, 4.0, -3.0, -6.0, 5.0, -2.0, -6.0, 0.0, 5.0, -1.0, 0.0, -1.0, -8.0, -1.0, -2.0, 4.0, 5.0, -8.0, -3.0, 0.0, -13.0, 1.0, -11.0, -1.0, -6.0, 5.0, -2.0, 4.0, -7.0, -6.0, -1.0, -1.0, -3.0, 3.0, -3.0, -6.0, 0.0, 3.0, 5.0, 4.0, 8.0, 4.0, 3.0, -2.0, 0.0, 6.0, -2.0, 2.0, 0.0, 3.0, 4.0, 0.0, -3.0, 6.0, 3.0, -3.0, -1.0, 0.0, 5.0, -2.0, -1.0, -3.0, 2.0, -7.0, 3.0, -6.0, -2.0, -7.0, -2.0, -6.0, 0.0, 2.0, 6.0, -3.0, 5.0, -8.0, 5.0, -1.0, 1.0, -2.0, -5.0, -2.0, -2.0, -13.0, 1.0, 4.0, 10.0, -3.0, 4.0, 4.0, 3.0, 4.0, 0.0, 0.0, 3.0, -3.0, -2.0, -6.0, 5.0, 6.0, 4.0, 3.0, -7.0, -3.0, -2.0, 6.0, 7.0, -2.0, 3.0, -1.0, 5.0, 5.0, -6.0, -5.0, 5.0, 4.0, -8.0, -8.0, -4.0, -8.0, -2.0, 6.0, -5.0, -13.0, 9.0, 0.0, 6.0, 9.0, -2.0, 4.0, -3.0, -1.0, 2.0, -1.0, -2.0, -3.0, 6.0, 4.0, -2.0, -2.0, -5.0, 14.0, 4.0, 2.0, -3.0, 6.0, 1.0, 0.0, 4.0, -1.0, 5.0, -2.0, 6.0, 5.0, 0.0, 5.0, -2.0, 10.0, -3.0, -9.0, -2.0, 9.0, 4.0, 9.0, 2.0, -5.0, 4.0, 2.0, -9.0, 0.0, 12.0, -1.0, -3.0, -19.0, -1.0]",18.424110694261024,0.0032591819763183,3.865992849453948e-05,0.038659928494539475,1
64,64,"[-0.17332953, -0.5001051, -0.15808745, 0.30794847, 0.72177577, 0.44264144, -0.99442875, 0.6648889, 0.36428803, -0.7775937, -0.5138304, 0.51681864, -0.9864001, -0.50853944, 0.35995948, 0.29812065, 0.2033908, 0.7149513, 0.17608516, -0.9860129, 0.5744093, -0.60814095, -0.0992365, 0.27963567, -0.2840084, 0.67408115, -0.2906918, -0.9430336, 0.881067, 0.9140989, -0.07512513, 0.9960493, 0.8401192, -0.51617783, 0.18895437, 0.17495917, -0.8046999, 0.9942771, -0.51644176, -0.6600331, 0.85016006, -0.6233947, 0.24215536, -0.3600925, 0.6792884, 0.2072398, -0.8376071, 0.5646729, -0.025535893, 0.28805286, 0.72701555, -0.002442921, 0.033827174, -0.31342617, -0.5936915, -0.04789913, -0.3383909, -0.5177209, -0.008315001, 0.10734843, 0.8849496, -0.044971876, -0.99902123, 0.7020591, 0.47715676, -0.48415807, -0.1504234, -0.1343341, 0.2627133, -0.2797075, 0.25439298, -0.82247853, -0.9512081, 0.80254793, -0.2899737, 0.34072545, -0.23734769, 0.20499524, 0.5764601, 0.551741, 0.23335642, 0.9912422, 0.106567904, 0.8362461, -0.15689632, -0.13373713, 0.38639176, 0.5307978, 0.41418663, 0.5066437, 0.68780905, 0.96331435, -0.41010335, 0.62001616, -0.0058788653, -0.6597653, -0.6306852, -0.7988614, 0.20146544, 0.9165574, -0.6344884, 0.5236292, 0.5028952, -0.8533686, 0.8925359, 0.78339684, 0.008361876, 0.36528116, 0.25529885, 0.9853335, -0.3537207, -0.5155973, -0.8624694, 0.50612575, 0.5444095, -0.051587313, 0.8691493, 0.33549872, -0.51916736, 0.13094074, -0.5264987, 0.8950541, 0.29027057, -0.72290295, 0.31616655, -0.45363873, 0.08548548, -0.84926385, 0.8642066, 0.5414688, -0.12899892, 0.846234, -0.16736455, 0.42385978, -0.011329823, -0.799132, 0.90313596, 0.106079005, 0.6048031, -0.39737362, 0.004853294, 0.21636173, -0.30258414, -0.21402362, -0.03152205, -0.02727951, 0.5909968, -0.4159006, -0.3673243, -0.60201126, 0.29809216, -0.15477373, -0.36138165, -0.17210583, -0.33499792, -0.9157703, -0.11432809, 0.9367163, -0.6161475, -0.20707317, 0.19480915, 0.6040208, 0.96140456, -0.47329804, -0.3191602, -0.10021332, -0.540853, -0.34668297, 0.10300228, 0.7363549, 0.1621676, 0.9062704, -0.84018534, 0.77252394, -0.9506916, 0.858145, -0.9387957, 0.90043354, 0.86251366, -0.72128606, 0.7862229, -0.34757465, 0.7490769, 0.95941585, 0.17568545, -0.9437749, 0.2617681, 0.8634826, 0.03405942, 0.893483, -0.13855104, 0.41876215, 0.897121, 0.98954237, 0.4910967, 0.77815646, 0.17238334, -0.21789952, 0.92757577, 0.65365773, 0.8475813, -0.7684227, -0.28926674, -0.09274763, 0.86607206, -0.6263812, -0.9577375, -0.5546933, 0.34191823, -0.536321, 0.12781624, 0.5471399, -0.056023452, 0.7869303, -0.17981578, 0.92350626, -0.9106698, -0.29389057, 0.5973045, 0.40141982, 0.8897427, -0.29126605, 0.4898445, 0.24445915, 0.8833583, -0.5435492, 0.90191525, -0.8019516, 0.65943915, -0.39305806, -0.65912014, 0.65694445, -0.19514333, 0.11229288, 0.1258505, 0.7526468, 0.87085986, 0.9864352, -0.44622242, -0.38573974, 0.5821586, -0.7473534, 0.3212048, 0.65217423, 0.2728264, -0.52403915, -0.7239149, -0.46587193, -0.25881732, -0.20706336, 0.6517479, 0.40134358, -0.9042086, 0.3552131, 0.40153012, -0.33823615, 0.5560094, 0.010425814, 0.62508434, -0.57162225, 0.54702467, 0.9158793, -0.62941444, 0.741672, 0.42309344, 0.9443024, -0.34811786, -0.90967524, -0.24523938, -0.12960425, 0.98663926, -0.27369043, 0.8000879, 0.54619616, -0.23669586, -0.7162914, -0.17056443, -0.18258528, -0.5608964, -0.3217876, -0.8227808, -0.8131877, 0.96474224, 0.24357979, 0.8056615, -0.991989, 0.72497517, 0.83769804, -0.9026391, 0.33081406, -0.1874628, -0.28598046, 0.4912798, -0.2674181, -0.5995392, -0.53388196, 0.12592371, 0.29034823, -0.25673062, -0.33132765, -0.39761692, 0.77866346, 0.62529993, 0.13882415, 0.97337013, 0.93745047, 0.9634892, -0.70784336, 0.65252626, -0.9827928, -0.7908027, -0.71784645, -0.73492295, 0.11147146, -0.76981163, 0.6888952, -0.64865375, -0.922215, 0.16392344, -0.7146318, 0.5404015, -0.44704023, -0.6105324, 0.73238206, -0.1083708, 0.8656864, 0.49117932, 0.3042016, 0.56085825, -0.05835073, 0.3046249, -0.9063304, 0.12310789, 0.25302204, -0.71320295, 0.9903397, -0.33676803, 0.44391915, -0.0711774, -0.046248686, -0.9281149, -0.6154258, -0.9624205, -0.008285517, 0.33151138, -0.3295033, -0.9002636, 0.5822114, 0.5540704, 0.91372144, 0.24519444, -0.03399537, -0.111669965, -0.5696562, 0.6255194, -0.5422353, 0.38215676, 0.37879503, -0.39161336, -0.5915945, 0.29587108, 0.7728569, 0.84293747, -0.9728232, 0.4895716, -0.64337665, 0.13590069, -0.93826497, -0.86938184, 0.67232335, 0.4453513, -0.1965087, 0.071046904, 0.12596346, -0.8293713, 0.6986962, -0.45776808, -0.66231984, -0.34295234, 0.4952277, -0.44326228, 0.15114883, 0.27254677, 0.8794932, 0.573821, 0.9457285, -0.77138186, 0.00090540893, 0.08614345, 0.032213494, -0.4301153, 0.023474617, 0.54573554, 0.29815888, -0.28706548, 0.50529677, 0.56932783, -0.26750466, 0.1424915, 0.072023064, 0.081851535, -0.5118891, 0.93120885, 0.4934293, -0.025985617, -0.28844216, -0.40134117, -0.9115485, 0.692026, -0.34201568, -0.9247548, -0.17853548, -0.20696022, -0.29302016, 0.6385777, -0.2664771, -0.63179964, 0.4283024, -0.09468589, -0.97394496, 0.7084473, 0.0048884335, -0.5070731, -0.85428876, 0.070791185, -0.07857648, -0.14827378, -0.4765224, 0.9251289, -0.93667465, -0.83525044, -0.49925384, -0.5436731, 0.105417, 0.6205733, -0.544965, 0.37334767, 0.9744767, 0.033461235, -0.38265154, 0.9560895, -0.547211, 0.33826947, -0.47963497, 0.88395524, 0.09261832, -0.47491816, -0.46298623, -0.99341106, -0.25270587, 0.28879708, -0.34502348, -0.87336093, 0.07635224, 0.56999075, -0.90921474, -0.5837606, -0.521896, 0.99772793, -0.87765235, -0.20574056, 0.56357914, 0.99795896, 0.8648249, -0.97888213, -0.648353, -0.42134464, 0.5600052, -0.9329986, -0.55082095, 0.84347457, 0.41777223, -0.045420457, 0.550342, -0.38294646, 0.7214151, 0.66585255, -0.67002153, 0.48670003, 0.08157926, -0.78910327, -0.8992583, -0.74144906, 0.17770016, -0.044519503, -0.22568716, 0.97360235, -0.45068243, 0.22346696, 0.15429758, -0.76692414, -0.34934273, -0.51944596, 0.4013855, -0.6555777, -0.9871454, -0.041389283, -0.9946832, 0.92971236, 0.6195039, -0.28421313, -0.025165036, 0.22951667, 0.07589416, -0.58976114, 0.83702064, 0.97299945, 0.23180105, -0.8486841, 0.93154436, -0.63751286, 0.060057048, 0.3991856, -0.5125627, 0.03574243, -0.31133404, -0.09622869, -0.17462823, -0.6744486, 0.49063846, 0.7136291, -0.5828891, -0.34324774, 0.2658127, 0.59877664, 0.15078196, 0.6632035, 0.14890905, -0.040350292, 0.8255038, 0.14436348, -0.6928805, 0.2957446, 0.15473652, 0.61402637, -0.27728128, -0.40268326, -0.18543264, 0.87786037, 0.21646127, 0.5152352, -0.11790817, 0.8663929, 0.7142183, 0.6552872, -0.1872226, -0.3447138, -0.17648286, 0.8682419, -0.74895054, -0.02233153, 0.38419154, -0.3022933, 0.8899668, -0.027282074, 0.9588375, 0.71453565, 0.45378682, 0.7067963, -0.09573547, -0.18483323, 0.014385007, -0.45506978, 0.39578953, 0.63230145, 0.13402763, 0.71000344, 0.97015285, -0.27306077, -0.88049084, 0.36509854, -0.85342354, 0.3806969, 0.24052063, -0.5692263, 0.91067064, -0.23779333, -0.3484209, -0.17310172, 0.90335256, 0.9688862, -0.7199499, 0.22214915, -0.21742816, -0.8362073, 0.7140381, 0.82383174, 0.66144603, 0.10507994, 0.5280553, -0.81418234, 0.7142565, -0.96281904, -0.8630072, -0.08196494, 0.09988498, 0.6755138, -0.61217016, -0.5480722, -0.63449574, 0.50818056, -0.2239797, -0.28384462, -0.67277706, -0.3053075, -0.59020036, 0.0685133, 0.39152837, -0.6211239, -0.18776119, 0.49749392, -0.211854, 0.88751715, -0.78566056, -0.61647636, -0.038762704, -0.82068914, -0.75158536, -0.74065036, -0.22700931, 0.37513107, -0.9092038, 0.91960627, -0.85578763, 0.40055534, -0.064096965, -0.56751144, -0.018870812, 0.3061541, 0.013333152, -0.97471595, 0.24973552, 0.83077484, -0.5955924, 0.44626835, -0.9704882, 0.7107617, -0.87394243, -0.22727688, 0.20291488, -0.22244595, 0.19546029, 0.5764966, 0.46485177, -0.8628041, 0.57461214, 0.6959977, -0.43220118, -0.21053201, -0.24378726, -0.026532575, -0.102366984, -0.43303004, -0.56894577, 0.32939526, -0.7771698, -0.45831513, -0.51716155, 0.064569645, 0.086399265, 0.8633734, -0.70889217, 0.99838847, -0.9782136, 0.7887814, 0.829042, 0.31477976, 0.5467002, -0.12608193, 0.66464734, -0.035139762, 0.79960454, 0.41861245, 0.08236659, -0.07510619, 0.144092, 0.15594676, -0.8180288, 0.73827344, 0.4341568, 0.53755057, -0.580341, 0.9450385, -0.27524242, 0.48660234, -0.5463062, -0.8401625, 0.863661, 0.6823225, 0.30250314, 0.9362726, -0.56067455, -0.21821003, 0.39803806, 0.36006448, 0.79695374, 0.45262, 0.3513105, 0.080959834, -0.5789611, 0.30936745, -0.75535315, 0.40079096, 0.9385485, -0.64211494, 0.26739293, -0.4464942, 0.013203166, -0.5100174, -0.38790372, 0.8817339, -0.3183008, -0.18620123, 0.4528612, -0.79015684, -0.71347785, 0.08652412, 0.8856435, -0.76028234, 0.7420507, -0.6883766, -0.87542015, -0.75351393, -0.25578272, -0.055934828, 0.984297, -0.14425872, 0.031210588, -0.39667785, -0.99046445, -0.0017337546, 0.205435, 0.5586082, 0.359845, -0.82763827, 0.8072213, -0.41594428, -0.5222726, 0.71630234, 0.13400508, 0.73336357, 0.8456498, 0.72764367, -0.988567, 0.13004003, 0.4653833, -0.42994, -0.8334409, -0.75784546, 0.4574163, 0.6110127, 0.16844587, 0.9950697, -0.494366, -0.4077214, 0.116603546, 0.39652458, -0.3117675, -0.7618639, -0.52051014, -0.8580274, -0.25901008, -0.15911987, -0.5051094, -0.47763443, 0.26515564, -0.6452477, 0.13691497, -0.44258225, 0.1606615, -0.9760486, -0.18579927, -0.9472192, 0.17923455, 0.7796249, 0.0036247126, -0.05937479, 0.569815, 0.20389211, 0.3278638, 0.072416335, 0.12493707, -0.18311395, -0.4018125, -0.032228313, 0.585956, -0.59864, -0.6249005, -0.10720358, 0.7976877, 0.6091036, -0.53653044, -0.5511246, 0.048571832, -0.6359206, 0.20626393, -0.13695501, -0.7630828, -0.1068529, 0.4264857, -0.48108634, -0.047470257, 0.12104532, 0.9750501, 0.88028634, -0.479157, 0.3496939, 0.5446341, -0.48289552, 0.16716193, 0.60095567, -0.48738912, -0.8427708, 0.41206178, 0.4942385, 0.29278526, -0.7206577, -0.98290235, -0.66528803, -0.36303294, -0.09291757, -0.94629425, 0.20611589, -0.21752314, -0.20279965, -0.156737, -0.39110875, 0.4345654, -0.4142373, -0.5174224, 0.9705485, 0.57904035, -0.3851418, -0.97411513, 0.36633977, -0.7530804, 0.7697786, 0.06514927, 0.20746145, -0.85269165, -0.85393965, 0.81978434, 0.28550985, -0.39200646, 0.90294176, -0.9450803, -0.13535264, 0.2622746, 0.71823615, -0.19814336, 0.657756, 0.6929406, 0.78931665, -0.6447314, -0.45666486, 0.44297412, 0.3971492, -0.6265601, 0.1346349, 0.29956898, 0.86231, 0.044007476, 0.21947253, -0.02582415, -0.004782206, -0.04551438, 0.41539997, 0.89242435, 0.6701312, -0.44219372, 0.80638367, -0.4122855, -0.10012206, 0.11869434, 0.9664701, -0.13806397, -0.8692428, 0.22367705, -0.9248863, 0.6740286, 0.43271708, 0.43320447, 0.21251926, -0.20832628, -0.5176081, 0.73607767, -0.6499706, 0.99471015, -0.38751996, -0.9560808, 0.4712033, -0.84078974, -0.32528758, 0.30807334, 0.5966863, 0.74745136, -0.21421105, 0.6633865, -0.31188998, 0.6100588, -0.047171645, -0.17364186, -0.06360459, -0.5134127, -0.48304677, -0.9670646, 0.60594475, -0.15606716, -0.41108507, 0.5757511, 0.66841143, 0.27125317, 0.12748818, 0.34524527, -0.8853409, -0.7133884, -0.8627076, 0.2065764, -0.59084445, 0.12320141, 0.9937355, -0.34340924, -0.6131745, -0.6656067, -0.14613865, 0.40084288, 0.93365693, 0.35141304, 0.82273096, -0.58318305, 0.20170124, -0.7249888, 0.42084113, 0.29843298, -0.17286147, 0.93161947, -0.6021492, 0.22082756, 0.33666158, -0.055750802, -0.41943273, -0.036377415, 0.2148519, -0.17811635, -0.42574534, -0.45507786, 0.9960075, 0.76070756, -0.30759296, -0.617052, -0.68282217, 0.35348672, -0.4128829, 0.96860486, 0.97276044, 0.30104026, 0.43010762, -0.9684823, -0.08159334, 0.99171466, 0.52356356, -0.59493077, -0.24281031, -0.5566255, 0.28722933, 0.4215889, 0.9385806, -0.3695753, -0.7551865, -0.7733839, 0.38267395, -0.45771238, 0.6097448, 0.8618309, 0.42496896, 0.540976, -0.5642296, -0.4105364, -0.5043987, 0.3633591, -0.90670586, 0.8883462, 0.3250411, -0.057367668, 0.4405079, -0.5638281, -0.23715034, 0.13340113, -0.031189203, -0.99322057, 0.4616645, 0.63361824, 0.8527583, -0.09660214, -0.9788362, 0.11740214, -0.2750363, -0.3124987, 0.884117, -0.8678622]","[-7.0, 4.0, 4.0, -2.0, -1.0, 4.0, -1.0, 2.0, -2.0, -3.0, -2.0, -1.0, 4.0, -2.0, 4.0, -2.0, -2.0, -3.0, -7.0, -1.0, -8.0, -2.0, -2.0, -7.0, 5.0, 10.0, -7.0, -8.0, 3.0, -7.0, -14.0, 4.0, -2.0, 4.0, 5.0, 3.0, 4.0, -6.0, -7.0, -7.0, 0.0, 5.0, -1.0, -4.0, 1.0, 5.0, 3.0, -7.0, -3.0, -2.0, 5.0, 3.0, 5.0, -1.0, 1.0, 1.0, -1.0, -2.0, 0.0, 4.0, 3.0, 4.0, -2.0, 0.0, 3.0, 4.0, -7.0, -3.0, -2.0, 5.0, 5.0, 2.0, -1.0, 4.0, -6.0, 3.0, 4.0, -3.0, -1.0, 6.0, -2.0, -6.0, -1.0, -7.0, 6.0, 10.0, -1.0, -1.0, 0.0, 4.0, -1.0, 6.0, -1.0, 10.0, -2.0, 4.0, 4.0, -3.0, -6.0, -4.0, -1.0, -1.0, 1.0, -1.0, -8.0, 5.0, 1.0, 3.0, 5.0, -3.0, -2.0, -7.0, -7.0, -2.0, 4.0, -8.0, 5.0, -7.0, 5.0, -3.0, 5.0, 5.0, 0.0, 4.0, -2.0, 3.0, -1.0, 4.0, 3.0, -2.0, 5.0, -1.0, -4.0, -7.0, -2.0, -8.0, -1.0, -8.0, 3.0, 4.0, 4.0, 5.0, -2.0, 4.0, 5.0, 4.0, -8.0, 0.0, -7.0, 4.0, -10.0, 5.0, -3.0, 0.0, -2.0, -7.0, 4.0, 4.0, 4.0, -1.0, -3.0, 4.0, 5.0, 3.0, -13.0, -1.0, -7.0, 4.0, -9.0, -5.0, 3.0, -1.0, 5.0, 3.0, 1.0, -2.0, -2.0, -2.0, -3.0, 0.0, 3.0, -2.0, -2.0, -5.0, -2.0, -2.0, 5.0, -6.0, 2.0, 10.0, -3.0, -2.0, 4.0, -4.0, -2.0, 0.0, -2.0, -8.0, -2.0, -2.0, -8.0, -2.0, -2.0, 5.0, -1.0, 5.0, -1.0, -3.0, -1.0, -1.0, 5.0, 4.0, -2.0, 4.0, 1.0, -8.0, 4.0, 4.0, -2.0, -3.0, 4.0, -7.0, -3.0, -7.0, 8.0, 5.0, 4.0, -3.0, 0.0, 4.0, -7.0, 0.0, 5.0, -2.0, 0.0, 4.0, 4.0, 4.0, -1.0, 3.0, 1.0, -1.0, -6.0, 3.0, 2.0, 0.0, 4.0, -5.0, -2.0, 6.0, -2.0, -5.0, -2.0, -1.0, -2.0, -4.0, -1.0, -4.0, -2.0, -2.0, -2.0, 5.0, -7.0, -2.0, 4.0, -1.0, -7.0, 1.0, -7.0, 5.0, 4.0, -1.0, -1.0, -6.0, 6.0, -1.0, 5.0, -2.0, -4.0, -7.0, 4.0, -1.0, 0.0, -1.0, -1.0, 12.0, 0.0, -1.0, 4.0, 4.0, -1.0, -2.0, -8.0, -2.0, -2.0, -1.0, -7.0, -1.0, -3.0, -2.0, 4.0, 3.0, 4.0, -1.0, -1.0, 0.0, -3.0, 4.0, 0.0, -2.0, 3.0, 3.0, -6.0, -1.0, -2.0, 0.0, 1.0, -1.0, 5.0, 4.0, -1.0, -8.0, -1.0, 3.0, 6.0, 1.0, -7.0, 4.0, 5.0, 2.0, 0.0, 0.0, 4.0, 10.0, -2.0, -2.0, -8.0, -2.0, 4.0, 12.0, -1.0, 5.0, -4.0, -7.0, -7.0, 0.0, -1.0, -1.0, -2.0, -1.0, -3.0, -1.0, -1.0, 4.0, 5.0, 5.0, -2.0, -7.0, 3.0, -1.0, -7.0, -1.0, 4.0, -7.0, 6.0, -1.0, 4.0, 10.0, 4.0, -7.0, -1.0, 13.0, 4.0, 9.0, 0.0, 4.0, -3.0, 4.0, 5.0, 4.0, 4.0, 4.0, -2.0, 5.0, -1.0, 4.0, 3.0, 5.0, 5.0, 3.0, 0.0, 5.0, -2.0, 11.0, 5.0, 11.0, -2.0, -2.0, 5.0, 10.0, -3.0, 5.0, 10.0, -1.0, 3.0, -1.0, -7.0, 5.0, -2.0, 4.0, -2.0, 3.0, 3.0, 1.0, -8.0, -2.0, -10.0, 5.0, 0.0, -3.0, -8.0, 1.0, 8.0, -6.0, 6.0, 3.0, -7.0, -7.0, -2.0, -1.0, -1.0, -1.0, -2.0, -2.0, -2.0, -2.0, -14.0, -7.0, -1.0, -7.0, -1.0, -8.0, 4.0, -2.0, 5.0, -2.0, 5.0, -2.0, 5.0, 4.0, -1.0, -2.0, 4.0, 4.0, 5.0, 4.0, 3.0, -1.0, 4.0, 2.0, 4.0, -2.0, -2.0, -1.0, 9.0, -1.0, -1.0, -8.0, 0.0, 5.0, 2.0, 4.0, -1.0, 5.0, -1.0, 5.0, -8.0, -1.0, -2.0, -1.0, -2.0, -2.0, -10.0, 5.0, -5.0, -1.0, 5.0, 11.0, -1.0, 0.0, -5.0, -2.0, -2.0, 2.0, -2.0, -2.0, -2.0, -8.0, 0.0, -2.0, -7.0, 4.0, -7.0, -1.0, -3.0, -5.0, 4.0, 2.0, -1.0, -2.0, 4.0, 5.0, -4.0, 4.0, -1.0, -1.0, -1.0, 3.0, 9.0, -7.0, 4.0, -2.0, -3.0, -2.0, -2.0, 5.0, 4.0, 4.0, -5.0, -1.0, -1.0, 3.0, -3.0, -1.0, -7.0, 0.0, -1.0, 4.0, 3.0, -5.0, 5.0, 4.0, -1.0, -1.0, 4.0, -3.0, -1.0, -1.0, -2.0, -2.0, 5.0, 5.0, -2.0, 1.0, -7.0, 5.0, 4.0, -2.0, -1.0, 3.0, -1.0, -7.0, -5.0, -2.0, -1.0, -1.0, 5.0, -1.0, 0.0, 4.0, -3.0, -7.0, -2.0, -1.0, -1.0, -2.0, 3.0, -3.0, -2.0, 1.0, 1.0, -3.0, 0.0, -1.0, -8.0, 4.0, 3.0, 1.0, -1.0, -2.0, -7.0, -2.0, -1.0, 3.0, -1.0, -1.0, 5.0, -3.0, 4.0, 0.0, -2.0, -7.0, -7.0, 3.0, 5.0, -1.0, 11.0, 4.0, -1.0, 4.0, -2.0, 0.0, 10.0, 0.0, -7.0, -2.0, -8.0, -2.0, 7.0, -1.0, -1.0, 4.0, 6.0, 5.0, 4.0, 2.0, -1.0, -2.0, 10.0, -4.0, -1.0, -2.0, 4.0, -1.0, -1.0, 0.0, 5.0, -1.0, 2.0, -1.0, -2.0, -1.0, -6.0, 2.0, -1.0, -2.0, 1.0, -2.0, 3.0, -2.0, -2.0, 6.0, -2.0, -2.0, 1.0, -2.0, -2.0, -6.0, 4.0, 1.0, 5.0, -3.0, -3.0, 5.0, 4.0, -6.0, -2.0, -1.0, -1.0, 0.0, -1.0, -3.0, 3.0, 3.0, 1.0, 0.0, 5.0, 1.0, -1.0, -1.0, -2.0, -1.0, 5.0, -3.0, 5.0, -1.0, -12.0, -2.0, -1.0, -1.0, -5.0, -7.0, -1.0, -2.0, -3.0, 6.0, 8.0, -3.0, 0.0, 4.0, 3.0, 5.0, -1.0, 3.0, 4.0, -1.0, 4.0, -1.0, 5.0, -15.0, -7.0, -1.0, -2.0, 1.0, -7.0, 5.0, -1.0, 1.0, -2.0, 6.0, 0.0, -4.0, -1.0, -2.0, 2.0, -2.0, 0.0, -6.0, -8.0, -2.0, 4.0, 4.0, -2.0, 1.0, 1.0, -5.0, 4.0, -1.0, -3.0, 10.0, -2.0, 5.0, 3.0, -1.0, 3.0, 5.0, 4.0, -2.0, -3.0, 4.0, 4.0, -1.0, 3.0, 10.0, -1.0, 2.0, -2.0, 4.0, -2.0, 5.0, -6.0, 5.0, -1.0, -5.0, 4.0, 0.0, 5.0, 0.0, -2.0, -2.0, -8.0, -2.0, -1.0, 5.0, -1.0, 5.0, -2.0, -1.0, -2.0, -2.0, -2.0, -2.0, 10.0, 4.0, 3.0, 3.0, 4.0, 10.0, 4.0, 4.0, -2.0, 0.0, -2.0, -13.0, 4.0, -1.0, 9.0, -2.0, 4.0, 3.0, 4.0, -1.0, -2.0, 5.0, -3.0, -7.0, -2.0, -2.0, -2.0, -7.0, -1.0, -2.0, 0.0, 10.0, 9.0, -1.0, 4.0, -2.0, -2.0, -7.0, 5.0, 11.0, 4.0, 5.0, -1.0, -8.0, 4.0, -2.0, -5.0, 4.0, -1.0, -7.0, -1.0, 4.0, 0.0, -1.0, -1.0, -8.0, -2.0, -1.0, 5.0, 4.0, -9.0, -4.0, -1.0, -14.0, 2.0, -12.0, -2.0, -7.0, 6.0, -1.0, 5.0, -8.0, -7.0, -1.0, -2.0, -4.0, 3.0, -2.0, -7.0, 0.0, 4.0, 5.0, 5.0, 9.0, 5.0, 2.0, -2.0, -1.0, 7.0, -1.0, 3.0, -1.0, 4.0, 4.0, -1.0, -2.0, 5.0, 4.0, -2.0, -2.0, -1.0, 4.0, -1.0, 0.0, -4.0, 3.0, -8.0, 4.0, -5.0, -1.0, -7.0, -2.0, -7.0, -1.0, 3.0, 5.0, -2.0, 5.0, -9.0, 5.0, -2.0, 0.0, -1.0, -5.0, -1.0, -1.0, -14.0, 0.0, 5.0, 11.0, -2.0, 5.0, 5.0, 4.0, 4.0, -1.0, -1.0, 4.0, -2.0, -1.0, -5.0, 4.0, 5.0, 4.0, 2.0, -7.0, -2.0, -2.0, 5.0, 6.0, -1.0, 4.0, 0.0, 5.0, 5.0, -7.0, -6.0, 6.0, 3.0, -7.0, -7.0, -3.0, -7.0, -1.0, 5.0, -6.0, -13.0, 10.0, -1.0, 6.0, 10.0, -1.0, 3.0, -2.0, 0.0, 1.0, -2.0, -3.0, -2.0, 5.0, 5.0, -3.0, -2.0, -6.0, 15.0, 5.0, 3.0, -4.0, 5.0, 0.0, -1.0, 5.0, -2.0, 4.0, -1.0, 5.0, 4.0, -1.0, 4.0, -1.0, 11.0, -2.0, -8.0, -1.0, 8.0, 5.0, 9.0, 2.0, -6.0, 4.0, 3.0, -8.0, -1.0, 11.0, -2.0, -2.0, -20.0, -2.0]",8.191414266461646,0.0035159587860107,0.0,0.0,0
65,65,"[0.27983484, 0.77503866, -0.9971699, 0.200152, -0.65651697, 0.20854169, 0.34998545, 0.5848962, 0.098787256, -0.5994105, 0.9570293, -0.25836483, -0.7045494, -0.04038063, 0.95420384, 0.047235407, 0.35700437, 0.23414104, 0.6720327, 0.18267046, 0.966389, -0.77735347, -0.6185127, -0.9740561, 0.69254595, -0.73510426, -0.14309627, 0.07744965, -0.17777319, -0.90317696, -0.45073077, 0.4096707, -0.2715958, 0.9284321, -0.07234248, 0.8797751, 0.7170762, -0.17115898, -0.21243656, 0.48905084, -0.36682191, 0.39790326, 0.36878642, 0.6967671, 0.88797086, 0.46207362, -0.85367733, 0.53743434, 0.010881249, -0.12458349, -0.9696128, 0.76932883, -0.63376814, 0.057858143, 0.4242685, 0.7603571, 0.8187845, 0.7320075, -0.7965064, -0.016593462, -0.4230064, 0.5012419, 0.38742316, 0.094908044, -0.62063116, -0.10367797, 0.041799873, 0.25926325, 0.71471876, -0.27568418, -0.00037701265, -0.89088583, -0.024836155, 0.4426425, -0.8789884, -0.4110837, -0.12310977, -0.99678373, -0.57263994, -0.94734424, 0.35105792, 0.4212997, -0.23033151, 0.45585626, -0.17107004, -0.29605636, -0.777383, -0.3332069, 0.59289813, -0.58718544, -0.40297788, -0.061230365, -0.57932985, 0.6077363, 0.80714786, -0.24296933, -0.79460984, -0.6451922, -0.9737978, -0.56229454, -0.015546463, -0.47514886, -0.2614447, -0.90232474, 0.10295023, 0.43373564, 0.3604296, 0.19827622, 0.60393417, -0.6755898, 0.45633128, -0.45493302, 0.4912993, 0.6147622, -0.86816007, 0.15355703, -0.14417545, 0.827421, 0.68843657, -0.5940812, -0.68947595, -0.8957084, 0.9829501, -0.43172172, 0.42827114, -0.060446993, -0.8599914, -0.33981276, -0.4121459, 0.8809744, 0.5751447, 0.15106334, -0.53624266, 0.6155227, -0.07879555, -0.79396796, 0.19804218, 0.1737498, -0.82370365, 0.8714722, 0.32079008, -0.11317826, -0.79552424, -0.10472844, -0.8418469, -0.68204635, -0.9216353, -0.00820081, -0.7102419, 0.7033651, 0.18555906, 0.9169621, -0.4835457, 0.38925874, -0.76812094, -0.92569715, -0.37392232, -0.3643389, -0.62911886, -0.66088283, -0.32030618, -0.019011933, -0.11864331, -0.90758514, 0.5874155, -0.6048108, -0.9957491, 0.009929362, -0.98654413, -0.7506812, -0.64399284, 0.33449668, -0.13452049, -0.8338795, -0.32282838, -0.15378962, 0.73842496, -0.49649388, 0.5086003, -0.036749464, -0.1548068, -0.5639329, 0.6311072, -0.7570892, -0.48412746, 0.6828469, 0.25915992, -0.1878881, -0.1387143, -0.808844, -0.45406786, 0.61081517, 0.8025493, -0.09511423, -0.37563792, -0.73572767, -0.03168067, -0.2576491, 0.50727063, -0.5334608, -0.9933954, 0.49645865, -0.936171, 0.20915142, 0.9010796, 0.46443933, -0.9088063, -0.8676705, -0.86493355, -0.5714274, 0.4305389, 0.268117, -0.620134, 0.19247675, -0.2892602, 0.83803797, -0.8237263, -0.97064275, -0.5436812, -0.20634618, 0.75779605, -0.71646357, -0.41002816, -0.6246223, 0.8226871, 0.6903083, 0.18957447, 0.30340675, 0.6775976, 0.8667502, 0.7700968, -0.9974929, -0.50832707, 0.7098072, 0.4655387, -0.93918175, -0.2511725, 0.25975665, 0.93807817, -0.8763791, -0.6821158, -0.4741794, -0.625675, 0.34687707, -0.36012828, 0.7673263, -0.4094047, 0.9395464, 0.09532145, -0.029575055, 0.7661642, -0.28310502, -0.9498684, -0.8089367, 0.73980886, -0.48272434, 0.94040865, -0.3033804, 0.719876, 0.54272777, 0.22489099, -0.94126135, 0.25958347, 0.32349128, 0.38642406, -0.54372543, 0.63077563, -0.71148044, -0.6260069, -0.99125093, -0.4545264, 0.6579839, -0.14062324, -0.65286136, -0.8664987, -0.030969145, -0.82119536, -0.23229764, -0.30002943, -0.6901342, 0.008957546, -0.32416442, -0.10115416, -0.58401716, -0.09453261, 0.8521335, -0.13830337, -0.86734104, -0.7124264, -0.56454116, -0.9204087, -0.815295, 0.5844834, -0.13653801, 0.63194966, -0.5918976, 0.58972, 0.029965669, 0.95366764, 0.72235537, -0.8619747, 0.09615411, -0.62881786, 0.5765483, 0.8117901, 0.3113922, -0.48412615, -0.98573536, 0.6908126, -0.12343319, 0.3446051, 0.5226051, 0.032778952, -0.6051803, 0.043442473, -0.9256178, -0.8105534, -0.1419028, -0.49661857, 0.58148116, 0.39498782, 0.28498146, 0.29744416, 0.82806796, -0.9066217, -0.31410268, -0.1737302, -0.6050041, 0.98121786, -0.07774083, -0.47862628, -0.76424015, -0.44635054, 0.48262686, -0.7768625, -0.44183317, 0.19947112, -0.03922263, 0.48362303, 0.64439917, 0.99933255, -0.22114776, -0.83089274, 0.971431, -0.70564073, 0.68135834, 0.17559166, -0.46792388, -0.36801922, 0.13305007, -0.8090747, -0.49757057, 0.04610051, -0.096795596, 0.64648086, -0.12291071, -0.497432, 0.0541932, 0.6264194, 0.44157612, -0.9431421, 0.5533686, 0.12257436, -0.35235873, -0.38248625, -0.15045373, -0.2790428, 0.6922015, -0.5445407, -0.45827544, 0.24679124, -0.3156925, -0.7160416, -0.63305897, -0.35926947, 0.7324283, -0.1384747, -0.5021463, -0.45683187, -0.7013938, -0.005245182, -0.011697853, -0.29305664, 0.87209034, 0.9878461, -0.020085316, -0.09789011, -0.11838919, 0.12099957, 0.8738445, 0.53476834, 0.61383957, 0.85573906, 0.5880016, -0.59979486, -0.93964624, 0.83047974, 0.061669827, 0.8881555, -0.49166486, 0.07186192, 0.95148027, 0.44650912, -0.72233945, 0.40585566, -0.768596, 0.85281646, 0.89264643, 0.8673559, 0.9109937, -0.675101, 0.165405, 0.5182104, -0.07041562, 0.035110064, 0.82603836, 0.14278252, -0.7519385, -0.6043877, -0.7419209, -0.7410184, 0.4954617, 0.63621324, 0.20115809, 0.6558418, 0.13116279, 0.4952557, 0.67019415, 0.79897356, 0.017505769, -0.6082604, 0.29805735, 0.9686402, -0.024014696, 0.67754966, 0.07306277, -0.5183167, -0.5549114, -0.93567294, 0.24785072, -0.60365564, -0.77936625, 0.8270157, -0.61833316, -0.26034963, -0.15800399, 0.011705445, 0.93764585, -0.91910625, -0.71958697, -0.07164073, -0.6957146, 0.52422476, -0.14260744, 0.8024902, 0.21758626, -0.52142245, -0.7159303, -0.52698433, 0.24455361, -0.25110546, 0.6827366, -0.016926967, -0.34642634, -0.75512934, -0.17673916, -0.57950944, 0.7078133, 0.42274645, -0.050490655, -0.21914433, 0.4198133, -0.076663546, -0.073452674, 0.36372653, 0.67637473, -0.46092647, -0.64881724, -0.7545929, -0.8911746, 0.9444722, 0.1584416, 0.85998523, 0.3640442, -0.7742482, 0.26182944, -0.82700646, -0.6667309, -0.7990094, 0.09796827, -0.78656864, 0.8000973, -0.4587899, -0.07093871, -0.47829065, 0.7011024, 0.16176106, 0.9792305, 0.25635147, 0.24797106, 0.3875257, -0.80367774, 0.30265656, -0.16682531, 0.8770864, 0.2629706, 0.997679, 0.5497401, 0.7906036, -0.7019383, -0.7001498, 0.45502898, -0.9206563, 0.4626353, 0.26112485, -0.6503667, 0.46599552, 0.59670264, -0.5753776, 0.16041943, 0.1775922, -0.97292846, -0.6898108, -0.56274235, 0.38077128, -0.6076249, 0.8174367, 0.9412468, -0.7159845, 0.44163802, 0.74977887, 0.8015136, -0.77834064, -0.54050076, 0.08958385, 0.015411516, -0.69592816, -0.6758034, 0.58439255, 0.18847324, 0.3819634, -0.7500306, 0.7681264, -0.19060662, -0.7107537, 0.30753064, -0.53262126, -0.9161043, 0.058327887, -0.78845507, -0.095318295, -0.5232602, -0.072628476, 0.5339084, 0.15711403, -0.9320406, 0.84056437, -0.885139, -0.9285204, 0.93009365, -0.9559733, 0.7902389, -0.25564426, -0.70670485, 0.14025243, -0.24848026, 0.5073309, -0.18904173, 0.76365775, 0.3674968, 0.10646903, 0.20067084, 0.58199173, -0.06736603, 0.06326205, 0.21716638, 0.13573238, 0.31044617, 0.85309255, 0.38923877, 0.67418957, 0.8272446, -0.79360884, 0.6919051, 0.98863924, -0.3033396, -0.23220359, -0.5221717, -0.06970507, 0.008552987, 0.12482645, -0.3485198, 0.4143379, -0.6340343, 0.053084753, -0.3583436, -0.14295077, 0.8901403, 0.78842705, -0.6415646, -0.15504709, 0.34660238, 0.49270552, 0.758973, 0.9923523, -0.26552263, 0.025291486, 0.1380053, -0.04538115, -0.28461143, -0.64318794, -0.5685261, -0.55470777, 0.45825377, 0.99091655, -0.6029067, -0.31412518, 0.8707779, 0.43823853, 0.27922904, -0.26350978, 0.5140791, 0.3562548, -0.8229683, 0.8125155, 0.8773944, 0.81949306, -0.7022111, 0.4228297, 0.609257, 0.037366334, 0.56543815, -0.15033434, -0.31184897, -0.44094446, -0.116868064, 0.71242064, 0.96328723, -0.39673105, 0.92708296, 0.83134454, 0.79166365, -0.23695661, 0.4526302, 0.095813915, -0.32143024, 0.39847663, 0.85999256, 0.3715834, 0.011693327, -0.5411957, -0.46461898, -0.4643965, 0.044603553, 0.57445383, -0.07119257, 0.9890225, 0.6288576, 0.70642066, -0.35323733, -0.5669078, 0.25603855, -0.1405501, -0.8624729, -0.24240299, 0.84130776, 0.45287776, -0.8897198, -0.9681416, -0.68265766, -0.28890154, -0.12209506, 0.042095166, -0.79001445, -0.22341216, -0.8242416, 0.14491446, -0.16539897, 0.7380657, -0.5650309, -0.68931556, -0.41276953, 0.9126674, -0.08412317, -0.500624, -0.31896773, -0.44352654, 0.9457993, -0.9630306, 0.49575338, 0.32725713, 0.91154253, 0.96681046, -0.8491874, -0.32885528, -0.14880723, -0.7137318, -0.28878564, -0.8535498, -0.69651484, 0.52011675, 0.44123802, -0.45040104, -0.1473142, 0.64053965, -0.58843297, 0.9829346, -0.10134828, -0.8493025, -0.7008596, 0.54702574, 0.27908447, 0.73648787, -0.9794846, -0.78171694, -0.97494787, 0.3063637, 0.07749075, 0.46600685, -0.5953649, -0.7995539, 0.89588976, -0.70918584, 0.12476867, -0.5082394, -0.5474642, 0.029745389, -0.40030417, 0.81530964, 0.43560928, -0.9748702, -0.004897473, 0.7002292, -0.3906241, -0.70349175, 0.16549298, 0.7728345, -0.624535, 0.6240012, 0.18695545, -0.6018605, -0.26508, -0.056663226, -0.27759367, -0.8197258, 0.6782112, -0.10427436, 0.54527813, 0.1741, 0.7555861, -0.52206343, 0.06454906, 0.31312817, -0.19240668, 0.122758314, 0.8998183, -0.8324595, -0.7093975, -0.21118896, -0.88002634, -0.8261699, 0.97648233, 0.43556225, -0.6897736, -0.7227371, 0.9127548, 0.75476456, -0.23122916, 0.48560745, 0.44538274, 0.89181525, -0.45531037, 0.11534299, 0.49774882, -0.44248602, 0.10953759, -0.5292377, 0.117804535, 0.9691116, -0.028896948, 0.027054619, 0.53135777, 0.3656877, 0.56910044, -0.90504324, 0.5708873, -0.4931066, -0.6292301, 0.14417025, 0.7622449, -0.41648185, -0.42535162, 0.4828602, 0.16313396, -0.6489678, 0.9627621, -0.6706665, 0.8598162, 0.8088727, -0.082561016, -0.5680403, -0.5276954, -0.29605758, 0.564236, 0.6593836, 0.07970139, 0.90136355, 0.5570026, -0.37950256, -0.553784, -0.48162255, 0.3877979, 0.40878215, -0.9262033, -0.96988016, 0.45878363, 0.67229, -0.33380434, 0.49449757, -0.5282182, 0.07589213, -0.8327471, 0.06976497, 0.62534153, 0.6730768, -0.9300851, 0.8767501, 0.7618242, -0.15187143, -0.48791304, -0.26197135, 0.45719948, 0.48820338, -0.025472123, -0.76632214, -0.5842013, -0.10530724, -0.7031333, 0.5540191, -0.71343845, 0.9640851, 0.766517, -0.7359874, 0.16852164, 0.096720025, 0.9221401, -0.118968084, -0.89757866, -0.68167454, -0.9082405, -0.027314948, 0.9493452, -0.09397172, -0.94529223, 0.24449967, 0.5461357, 0.8356884, -0.23355906, 0.30058128, -0.8564557, -0.41465858, -0.1746581, -0.4528725, 0.30847245, -0.5076114, -0.88758063, 0.5270968, 0.93031067, 0.78829455, 0.5799997, -0.08361394, -0.9707077, -0.38423187, -0.77024764, -0.4986105, -0.7341198, -0.18517642, -0.91243416, -0.39694762, 0.10382971, -0.66075, -0.10947717, -0.5180616, 0.08845131, -0.80742246, 0.85220265, -0.45313725, 0.9204527, 0.5213711, 0.55245477, 0.17622754, -0.4469006, -0.2335825, 0.3110114, 0.35616225, 0.63784933, -0.0075463955, 0.8205737, -0.9383727, 0.52749693, -0.05762186, 0.7420849, 0.019571118, 0.65072495, 0.741744, -0.28215554, -0.33133847, -0.24646588, 0.37076646, -0.86503124, 0.4416183, -0.19218165, 0.29679608, 0.31754157, -0.67149246, 0.7616828, -0.482587, 0.35491818, -0.08500117, -0.9736637, -0.4075352, -0.59280515, 0.9861923, 0.47435707, -0.29460147, 0.83201355, -0.08911649, 0.7146312, 0.6104848, -0.38956302, 0.35761753, -0.0073568765, -0.48451576, -0.56783354, -0.82412004, 0.061795592, 0.3044744, 0.0864575, -0.30810624, -0.54547393, 0.058266725, 0.63002694, -0.5572254, -0.30079165, 0.7275152, -0.9394523, 0.3370491, -0.76807356, -0.4634129, -0.43700778, -0.98741794, 0.3392815, -0.70768553, -0.6390832, 0.4438018, -0.1300942, -0.8361657, -0.05721249, -0.84074855, -0.5045017, -0.48822826, 0.26877192, 0.40258598, 0.65497255, -0.0697341, -0.47557172, 0.19968764, 0.5595771, 0.47914895, 0.44412592, -0.43839815, 0.21780117, 0.6652313, 0.52384216, 0.44892997, 0.96435887, 0.7610348, -0.7328043, 0.51694125, 0.6739206, -0.051497713, 0.28919905, -0.8786427, 0.5338168, -0.8804979, -0.6973137, -0.8581341, -0.715333, -0.21994571, -0.100221686, 0.09810122, -0.7273394, 0.5821296, 0.8526798, -0.57794726, 0.3542045, -0.9014511, 0.0023890506, -0.04070405, 0.7265276]","[-7.0, 4.0, 4.0, -2.0, -1.0, 4.0, -1.0, 2.0, -2.0, -3.0, -2.0, -1.0, 4.0, -2.0, 4.0, -2.0, -2.0, -3.0, -7.0, -1.0, -8.0, -2.0, -2.0, -7.0, 5.0, 10.0, -7.0, -8.0, 3.0, -7.0, -14.0, 4.0, -2.0, 4.0, 5.0, 3.0, 4.0, -6.0, -7.0, -7.0, 0.0, 5.0, -1.0, -4.0, 1.0, 5.0, 3.0, -7.0, -3.0, -2.0, 5.0, 3.0, 5.0, -1.0, 1.0, 1.0, -1.0, -2.0, 0.0, 4.0, 3.0, 4.0, -2.0, 0.0, 3.0, 4.0, -7.0, -3.0, -2.0, 5.0, 5.0, 2.0, -1.0, 4.0, -6.0, 3.0, 4.0, -3.0, -1.0, 6.0, -2.0, -6.0, -1.0, -7.0, 6.0, 10.0, -1.0, -1.0, 0.0, 4.0, -1.0, 6.0, -1.0, 10.0, -2.0, 4.0, 4.0, -3.0, -6.0, -4.0, -1.0, -1.0, 1.0, -1.0, -8.0, 5.0, 1.0, 3.0, 5.0, -3.0, -2.0, -7.0, -7.0, -2.0, 4.0, -8.0, 5.0, -7.0, 5.0, -3.0, 5.0, 5.0, 0.0, 4.0, -2.0, 3.0, -1.0, 4.0, 3.0, -2.0, 5.0, -1.0, -4.0, -7.0, -2.0, -8.0, -1.0, -8.0, 3.0, 4.0, 4.0, 5.0, -2.0, 4.0, 5.0, 4.0, -8.0, 0.0, -7.0, 4.0, -10.0, 5.0, -3.0, 0.0, -2.0, -7.0, 4.0, 4.0, 4.0, -1.0, -3.0, 4.0, 5.0, 3.0, -13.0, -1.0, -7.0, 4.0, -9.0, -5.0, 3.0, -1.0, 5.0, 3.0, 1.0, -2.0, -2.0, -2.0, -3.0, 0.0, 3.0, -2.0, -2.0, -5.0, -2.0, -2.0, 5.0, -6.0, 2.0, 10.0, -3.0, -2.0, 4.0, -4.0, -2.0, 0.0, -2.0, -8.0, -2.0, -2.0, -8.0, -2.0, -2.0, 5.0, -1.0, 5.0, -1.0, -3.0, -1.0, -1.0, 5.0, 4.0, -2.0, 4.0, 1.0, -8.0, 4.0, 4.0, -2.0, -3.0, 4.0, -7.0, -3.0, -7.0, 8.0, 5.0, 4.0, -3.0, 0.0, 4.0, -7.0, 0.0, 5.0, -2.0, 0.0, 4.0, 4.0, 4.0, -1.0, 3.0, 1.0, -1.0, -6.0, 3.0, 2.0, 0.0, 4.0, -5.0, -2.0, 6.0, -2.0, -5.0, -2.0, -1.0, -2.0, -4.0, -1.0, -4.0, -2.0, -2.0, -2.0, 5.0, -7.0, -2.0, 4.0, -1.0, -7.0, 1.0, -7.0, 5.0, 4.0, -1.0, -1.0, -6.0, 6.0, -1.0, 5.0, -2.0, -4.0, -7.0, 4.0, -1.0, 0.0, -1.0, -1.0, 12.0, 0.0, -1.0, 4.0, 4.0, -1.0, -2.0, -8.0, -2.0, -2.0, -1.0, -7.0, -1.0, -3.0, -2.0, 4.0, 3.0, 4.0, -1.0, -1.0, 0.0, -3.0, 4.0, 0.0, -2.0, 3.0, 3.0, -6.0, -1.0, -2.0, 0.0, 1.0, -1.0, 5.0, 4.0, -1.0, -8.0, -1.0, 3.0, 6.0, 1.0, -7.0, 4.0, 5.0, 2.0, 0.0, 0.0, 4.0, 10.0, -2.0, -2.0, -8.0, -2.0, 4.0, 12.0, -1.0, 5.0, -4.0, -7.0, -7.0, 0.0, -1.0, -1.0, -2.0, -1.0, -3.0, -1.0, -1.0, 4.0, 5.0, 5.0, -2.0, -7.0, 3.0, -1.0, -7.0, -1.0, 4.0, -7.0, 6.0, -1.0, 4.0, 10.0, 4.0, -7.0, -1.0, 13.0, 4.0, 9.0, 0.0, 4.0, -3.0, 4.0, 5.0, 4.0, 4.0, 4.0, -2.0, 5.0, -1.0, 4.0, 3.0, 5.0, 5.0, 3.0, 0.0, 5.0, -2.0, 11.0, 5.0, 11.0, -2.0, -2.0, 5.0, 10.0, -3.0, 5.0, 10.0, -1.0, 3.0, -1.0, -7.0, 5.0, -2.0, 4.0, -2.0, 3.0, 3.0, 1.0, -8.0, -2.0, -10.0, 5.0, 0.0, -3.0, -8.0, 1.0, 8.0, -6.0, 6.0, 3.0, -7.0, -7.0, -2.0, -1.0, -1.0, -1.0, -2.0, -2.0, -2.0, -2.0, -14.0, -7.0, -1.0, -7.0, -1.0, -8.0, 4.0, -2.0, 5.0, -2.0, 5.0, -2.0, 5.0, 4.0, -1.0, -2.0, 4.0, 4.0, 5.0, 4.0, 3.0, -1.0, 4.0, 2.0, 4.0, -2.0, -2.0, -1.0, 9.0, -1.0, -1.0, -8.0, 0.0, 5.0, 2.0, 4.0, -1.0, 5.0, -1.0, 5.0, -8.0, -1.0, -2.0, -1.0, -2.0, -2.0, -10.0, 5.0, -5.0, -1.0, 5.0, 11.0, -1.0, 0.0, -5.0, -2.0, -2.0, 2.0, -2.0, -2.0, -2.0, -8.0, 0.0, -2.0, -7.0, 4.0, -7.0, -1.0, -3.0, -5.0, 4.0, 2.0, -1.0, -2.0, 4.0, 5.0, -4.0, 4.0, -1.0, -1.0, -1.0, 3.0, 9.0, -7.0, 4.0, -2.0, -3.0, -2.0, -2.0, 5.0, 4.0, 4.0, -5.0, -1.0, -1.0, 3.0, -3.0, -1.0, -7.0, 0.0, -1.0, 4.0, 3.0, -5.0, 5.0, 4.0, -1.0, -1.0, 4.0, -3.0, -1.0, -1.0, -2.0, -2.0, 5.0, 5.0, -2.0, 1.0, -7.0, 5.0, 4.0, -2.0, -1.0, 3.0, -1.0, -7.0, -5.0, -2.0, -1.0, -1.0, 5.0, -1.0, 0.0, 4.0, -3.0, -7.0, -2.0, -1.0, -1.0, -2.0, 3.0, -3.0, -2.0, 1.0, 1.0, -3.0, 0.0, -1.0, -8.0, 4.0, 3.0, 1.0, -1.0, -2.0, -7.0, -2.0, -1.0, 3.0, -1.0, -1.0, 5.0, -3.0, 4.0, 0.0, -2.0, -7.0, -7.0, 3.0, 5.0, -1.0, 11.0, 4.0, -1.0, 4.0, -2.0, 0.0, 10.0, 0.0, -7.0, -2.0, -8.0, -2.0, 7.0, -1.0, -1.0, 4.0, 6.0, 5.0, 4.0, 2.0, -1.0, -2.0, 10.0, -4.0, -1.0, -2.0, 4.0, -1.0, -1.0, 0.0, 5.0, -1.0, 2.0, -1.0, -2.0, -1.0, -6.0, 2.0, -1.0, -2.0, 1.0, -2.0, 3.0, -2.0, -2.0, 6.0, -2.0, -2.0, 1.0, -2.0, -2.0, -6.0, 4.0, 1.0, 5.0, -3.0, -3.0, 5.0, 4.0, -6.0, -2.0, -1.0, -1.0, 0.0, -1.0, -3.0, 3.0, 3.0, 1.0, 0.0, 5.0, 1.0, -1.0, -1.0, -2.0, -1.0, 5.0, -3.0, 5.0, -1.0, -12.0, -2.0, -1.0, -1.0, -5.0, -7.0, -1.0, -2.0, -3.0, 6.0, 8.0, -3.0, 0.0, 4.0, 3.0, 5.0, -1.0, 3.0, 4.0, -1.0, 4.0, -1.0, 5.0, -15.0, -7.0, -1.0, -2.0, 1.0, -7.0, 5.0, -1.0, 1.0, -2.0, 6.0, 0.0, -4.0, -1.0, -2.0, 2.0, -2.0, 0.0, -6.0, -8.0, -2.0, 4.0, 4.0, -2.0, 1.0, 1.0, -5.0, 4.0, -1.0, -3.0, 10.0, -2.0, 5.0, 3.0, -1.0, 3.0, 5.0, 4.0, -2.0, -3.0, 4.0, 4.0, -1.0, 3.0, 10.0, -1.0, 2.0, -2.0, 4.0, -2.0, 5.0, -6.0, 5.0, -1.0, -5.0, 4.0, 0.0, 5.0, 0.0, -2.0, -2.0, -8.0, -2.0, -1.0, 5.0, -1.0, 5.0, -2.0, -1.0, -2.0, -2.0, -2.0, -2.0, 10.0, 4.0, 3.0, 3.0, 4.0, 10.0, 4.0, 4.0, -2.0, 0.0, -2.0, -13.0, 4.0, -1.0, 9.0, -2.0, 4.0, 3.0, 4.0, -2.0, -2.0, 5.0, -3.0, -7.0, -2.0, -2.0, -2.0, -7.0, -1.0, -2.0, 0.0, 10.0, 9.0, -1.0, 4.0, -2.0, -2.0, -7.0, 5.0, 11.0, 4.0, 5.0, -1.0, -8.0, 4.0, -2.0, -5.0, 4.0, -1.0, -7.0, -1.0, 4.0, 0.0, -1.0, -1.0, -8.0, -2.0, -1.0, 5.0, 4.0, -9.0, -4.0, -1.0, -14.0, 2.0, -12.0, -2.0, -7.0, 6.0, -1.0, 5.0, -8.0, -7.0, -1.0, -2.0, -4.0, 3.0, -2.0, -7.0, 0.0, 4.0, 5.0, 5.0, 9.0, 5.0, 2.0, -2.0, -1.0, 7.0, -1.0, 3.0, -1.0, 4.0, 4.0, -1.0, -2.0, 5.0, 4.0, -2.0, -2.0, -1.0, 4.0, -1.0, 0.0, -4.0, 3.0, -8.0, 4.0, -5.0, -1.0, -7.0, -2.0, -7.0, -1.0, 3.0, 5.0, -2.0, 5.0, -9.0, 5.0, -2.0, 0.0, -1.0, -5.0, -1.0, -1.0, -14.0, 0.0, 5.0, 11.0, -2.0, 5.0, 5.0, 4.0, 4.0, -1.0, -1.0, 4.0, -2.0, -1.0, -5.0, 4.0, 5.0, 4.0, 2.0, -7.0, -2.0, -2.0, 5.0, 6.0, -1.0, 4.0, 0.0, 5.0, 5.0, -7.0, -6.0, 6.0, 3.0, -7.0, -7.0, -3.0, -7.0, -1.0, 5.0, -6.0, -13.0, 10.0, -1.0, 6.0, 10.0, -1.0, 3.0, -2.0, 0.0, 1.0, -2.0, -3.0, -2.0, 5.0, 5.0, -3.0, -2.0, -6.0, 15.0, 5.0, 3.0, -4.0, 5.0, 0.0, -1.0, 5.0, -2.0, 4.0, -1.0, 5.0, 4.0, -1.0, 4.0, -1.0, 11.0, -2.0, -8.0, -1.0, 8.0, 5.0, 9.0, 2.0, -6.0, 4.0, 3.0, -8.0, -1.0, 11.0, -2.0, -2.0, -20.0, -2.0]",8.192839107609505,0.003303050994873,0.0,0.0,0
66,66,"[0.202159, 0.033056457, 0.79987925, -0.14419393, -0.47678822, 0.76113147, -0.44765833, 0.44172508, 0.0519315, -0.6872196, 0.27666727, 0.45176622, 0.91597676, -0.54744565, -0.36951584, -0.97556245, -0.8059034, -0.47220472, 0.32556626, -0.8737363, 0.10289645, 0.28009644, -0.118469164, -0.18810105, 0.5007843, -0.27239698, 0.34233883, 0.75415415, -0.5695822, 0.11266218, -0.71354765, -0.4089516, -0.06525813, 0.033941604, 0.45027772, -0.07273105, 0.75893086, -0.50550544, -0.993602, -0.5421709, -0.075097114, -0.7481529, -0.3507436, 0.7532048, -0.13887577, 0.8370277, -0.4585818, -0.98368335, -0.19613595, -0.87692213, 0.35198298, -0.27752715, -0.2325614, 0.95817435, -0.92084277, 0.6887134, -0.6528053, -0.37976488, -0.8448354, 0.10949368, 0.54955477, -0.7838133, 0.7492177, -0.02482013, 0.01771334, 0.14722061, 0.8453363, 0.88114053, -0.48149052, 0.32316986, 0.58093166, -0.8891685, 0.9438729, 0.55621934, 0.41375333, 0.94788194, 0.2956525, 0.7029348, 0.21425846, 0.63638335, -0.33005717, 0.8859585, -0.79156303, 0.51955014, -0.15996487, -0.8508151, -0.7036311, -0.18700105, -0.75887626, 0.9118436, -0.9977637, -0.24616009, -0.0038545076, 0.8567515, 0.24759634, -0.1823838, 0.42139372, -0.68532234, -0.5645427, 0.9466539, -0.16731617, -0.86383736, -0.46052396, 0.54304206, 0.99202085, 0.35642067, -0.14133671, -0.89680034, 0.6734424, 0.3397593, 0.45312336, 0.395238, 0.50984114, -0.094011925, 0.7608659, 0.008615168, 0.33270127, 0.16430712, 0.02203904, 0.6368734, -0.33716768, -0.3515616, -0.38432714, 0.7116596, -0.42297703, 0.8992073, 0.0024399199, 0.6819188, 0.15892799, 0.42891797, -0.13685398, 0.79845613, -0.48083407, 0.6659097, 0.20822409, 0.49530005, 0.24697043, 0.8316839, -0.32289734, -0.93615335, 0.6089986, 0.8480311, -0.92659175, 0.46409813, -0.8377228, -0.85517406, 0.28836054, -0.37038642, -0.8108503, 0.019485561, -0.029435325, -0.42700523, 0.86424786, 0.67291147, 0.54350615, -0.66331, 0.85568154, -0.27914992, -0.7960653, 0.32269582, -0.57983905, 0.87550175, 0.33387795, 0.14273003, -0.30594113, -0.1825081, -0.27601758, 0.10845679, -0.74488044, -0.42682886, -0.48348537, -0.9175779, -0.32363865, -0.27567405, -0.4765016, 0.58285946, -0.059721418, -0.8638622, 0.46832532, 0.27674285, -0.5940062, -0.16264409, 0.8314329, 0.69067603, 0.042542752, -0.6161437, 0.18751417, 0.98368347, -0.0857532, -0.7541793, 0.96946305, 0.90349627, -0.22127017, 0.53157693, -0.4972752, 0.6253043, -0.8627692, -0.991806, 0.5295814, -0.34070778, -0.30066526, -0.7053431, -0.38941026, 0.7217902, 0.67603034, -0.8263663, 0.6924739, 0.45912838, 0.2505345, -0.521517, -0.3896526, 0.45726243, -0.7214289, -0.123105414, -0.8008244, 0.44989732, -0.710416, -0.15750888, 0.8057806, -0.7000306, -0.9507251, -0.72945476, -0.24142289, -0.8005643, -0.9715964, -0.6663919, -0.6010513, -0.6765484, -0.57586724, -0.3598711, 0.253184, -0.3574174, 0.38171571, 0.027917517, -0.9767488, -0.98297244, -0.78257567, -0.0910566, 0.67035544, -0.40426722, -0.97456163, 0.78783196, 0.7280577, -0.8638916, -0.3955282, 0.7777338, 0.014931128, 0.4884049, -0.3865255, -0.47378045, -0.21150121, 0.6199463, -0.86702174, -0.07781926, -0.5651892, -0.44847956, -0.26990724, 0.78222036, -0.27086106, -0.9006418, -0.5863684, 0.91836584, -0.5327777, 0.5296892, 0.04743929, 0.47832566, -0.19568445, 0.45494083, 0.3418857, -0.47400945, 0.0277854, -0.47509742, -0.17720258, -0.72997075, 0.7622679, -0.58852553, -0.83776355, -0.3818061, 0.591741, 0.4637319, 0.8215638, -0.6138712, -0.930701, 0.8546192, -0.5693795, 0.280486, -0.94158113, -0.6050043, -0.5263139, -0.008698786, -0.2100481, 0.64277685, -0.8875032, 0.50583214, 0.6256813, 0.19877408, -0.6268003, -0.9303499, -0.13989542, 0.0064498973, -0.95564747, 0.88736945, -0.5629383, 0.62675446, -0.10799094, -0.65581685, -0.07118603, -0.66616666, 0.51378834, -0.06868151, 0.65508145, -0.627646, -0.0049913973, -0.2887297, 0.8698012, -0.63438666, 0.11911201, 0.24934313, -0.87132996, 0.9291514, -0.054187033, 0.9153078, 0.9002138, 0.38015333, 0.675963, -0.32934222, -0.067058444, -0.06287048, 0.08841466, 0.5679559, -0.49238423, -0.9156725, -0.29085034, -0.6374981, 0.63888186, 0.6795517, -0.24671996, 0.9933342, -0.13666458, -0.7531461, 0.20343067, 0.89704233, -0.88040996, 0.91835123, 0.33361343, 0.40887004, 0.34961596, -0.17125487, 0.45886773, -0.42041984, 0.110261396, 0.91281235, 0.45761645, 0.3473045, 0.73629606, -0.9798281, -0.14822264, -0.53751785, -0.70270824, -0.92941254, -0.19993812, -0.5648497, 0.7892467, -0.6968328, 0.79489726, 0.8429115, 0.7844035, -0.34324685, 0.9052543, -0.5407679, -0.6211432, -0.9395202, 0.3395696, 0.21375623, 0.36287245, -0.41260934, 0.747853, 0.3880068, 0.15226242, -0.86647904, -0.89722925, 0.15926313, 0.09494135, 0.76738316, -0.6347122, -0.12485141, -0.68963724, 0.53186136, -0.010722664, 0.8772773, 0.5802211, 0.3929522, 0.10959223, 0.5877474, -0.13763683, -0.5592283, 0.91187006, -0.2848654, 0.95618486, -0.49529487, 0.668852, -0.92993385, 0.3432938, 0.58396405, -0.8983985, -0.38357487, -0.1287147, 0.48688558, -0.88476187, 0.69055945, -0.7119541, -0.93904376, -0.36560035, -0.6425016, -0.74744934, 0.2960717, 0.58504796, -0.8637471, -0.017331356, -0.92599905, -0.69909185, -0.8463772, 0.5657392, 0.5665542, -0.9550213, -0.453459, 0.2382382, 0.9943012, 0.12645884, -0.34439754, -0.3864086, 0.6394018, -0.12877394, -0.31737256, -0.03166741, -0.037176594, 0.7892031, 0.9826019, 0.39502662, 0.31065577, -0.7486238, -0.21180235, -0.20912747, 0.38433507, -0.1542475, -0.87218523, -0.837661, 0.066656515, 0.7434292, -0.92459196, 0.59695965, 0.29577398, 0.37913424, -0.48027903, 0.35632953, -0.9659198, 0.7989516, 0.036698308, -0.7132276, 0.87036324, -0.4195791, -0.90909463, -0.7153935, -0.69405925, 0.9865751, -0.30239084, -0.5959659, -0.7597323, 0.24943487, 0.33857417, 0.097057916, -0.13693105, 0.17917378, 0.15973958, 0.32196477, -0.29152197, -0.8643623, 0.6772543, -0.15810482, -0.5222586, 0.73224807, 0.698064, -0.16458276, -0.5071038, 0.90581554, 0.47845265, -0.9674764, 0.62432575, 0.7446433, -0.6411763, 0.009557062, 0.5169668, 0.58504486, 0.44815207, 0.283337, 0.6011693, 0.07659587, 0.9917863, -0.71516424, -0.5615774, 0.59272826, -0.55231553, -0.08563488, -0.43221372, -0.33523065, 0.5873193, 0.29488164, 0.23459129, 0.48432815, 0.5830434, -0.778706, 0.10342223, 0.86685514, 0.37424868, -0.22052513, -0.9742393, 0.25854748, -0.69609934, 0.942607, -0.21289903, -0.2572747, -0.7936901, -0.78706336, -0.6968935, 0.89633477, 0.785821, 0.42181128, 0.47514862, -0.299688, -0.339665, -0.34136137, 0.28640893, 0.3626613, -0.42425638, -0.6305226, -0.9328031, 0.54074913, -0.75524133, 0.9110724, 0.86903566, -0.61512065, -0.24349098, 0.6555413, -0.18272048, -0.47572672, 0.577612, 0.8384929, 0.7022584, -0.16444093, 0.0828958, -0.15780991, -0.3435708, 0.763349, -0.26376298, 0.20101868, -0.32354152, -0.14822614, 0.23578241, 0.27177227, -0.4580815, 0.26265448, -0.37178224, -0.44975042, -0.80245113, -0.7416256, -0.45207748, -0.6197325, 0.44007304, -0.98242384, -0.064832635, 0.8706755, 0.94350576, -0.38018623, 0.33012867, 0.23737088, -0.109581724, -0.5588592, -0.7493525, 0.31928554, 0.22888032, 0.32379177, -0.9353396, 0.57688636, 0.481258, -0.47310162, -0.22555648, -0.86277056, 0.14941487, 0.8671536, -0.73699737, -0.8100011, 0.18621989, 0.12208927, -0.32461298, -0.7234062, -0.77724177, 0.71311325, 0.9025159, 0.011074342, 0.4354087, 0.89749396, -0.94025856, 0.48777753, 0.3025013, -0.67291135, 0.27940845, -0.20052831, 0.01588227, -0.16553117, -0.40039167, -0.05235879, -0.44828442, -0.6178783, 0.9626124, -0.50216806, -0.75681984, -0.831479, -0.69646984, -0.29873312, -0.12226866, -0.96099645, 0.89392465, -0.24239564, -0.4389236, 0.33834666, -0.44036946, 0.22947814, 0.9522872, 0.47786382, -0.85115415, 0.69047904, 0.9613581, 0.7206621, -0.19422504, -0.3479337, 0.1820771, 0.19331613, 0.32042548, -0.1699445, 0.79185957, 0.5745102, -0.976086, -0.81728095, -0.38838077, 0.28722763, 0.64297867, 0.10394812, 0.67430025, 0.11319752, -0.45970175, -0.34271443, -0.4865987, -0.16696525, -0.45448482, 0.25774547, -0.23557942, 0.03719249, 0.8638748, -0.41525295, -0.57382214, 0.8954714, 0.88414294, -0.50671875, -0.87591577, -0.38779718, 0.84377354, -0.8486429, 0.9435729, 0.6765973, -0.056365732, -0.87235546, 0.34354362, 0.3765828, -0.8691661, 0.93425316, -0.42000204, 0.268677, 0.73284376, 0.70221263, 0.06275184, 0.21256712, 0.6390272, -0.0695484, 0.4318214, 0.521304, 0.38357157, -0.59841055, 0.88237906, 0.4446257, -0.16873062, -0.8695134, -0.86473775, -0.7680003, -0.83346283, -0.5656663, 0.8394551, -0.5159727, -0.39263478, 0.47697955, 0.64150554, -0.24951163, 0.7922629, -0.3930975, -0.28687668, -0.19209376, 0.8924278, -0.040533353, -0.609384, 0.13205574, 0.18902886, 0.2641605, 0.9275917, 0.95041436, 0.51590234, 0.09244651, 0.020188453, -0.24384338, 0.012601693, 0.25976124, -0.7844167, -0.3735225, -0.61954224, 0.6924104, -0.3482969, 0.3898228, -0.24917464, 0.71142614, -0.76224947, -0.04049746, 0.12966762, 0.056501195, 0.26253802, 0.53916323, 0.9587585, -0.546023, 0.8368804, 0.43584898, 0.383671, 0.99874, 0.3392707, 0.24631968, -0.5579498, 0.92676824, 0.9817806, 0.22235301, -0.32957688, 0.89059365, -0.9027899, -0.36224207, -0.5112534, -0.8968003, -0.86058027, 0.16239716, -0.4154852, -0.09969651, 0.9360807, 0.34932786, 0.84062636, 0.102615245, 0.9224477, -0.7256984, -0.20358711, -0.027345486, -0.4659955, -0.35842565, 0.6617238, -0.20457135, 0.5041001, -0.9365042, -0.21809267, -0.35810515, 0.8595286, 0.6462895, 0.66579837, -0.9425118, -0.88742846, 0.46770215, -0.66769254, -0.25674492, -0.811549, -0.34760612, -0.53921807, 0.5297794, -0.56829524, 0.1122166, 0.819423, 0.83401865, 0.45432648, -0.2536142, -0.30684397, -0.17245007, 0.32123485, -0.35741022, -0.3077898, 0.6041852, 0.19339928, 0.65188813, 0.6660894, -0.14708984, -0.20534255, 0.57731783, 0.1505962, -0.9248811, -0.2123275, 0.25028542, 0.7635291, 0.9482859, -0.93071866, 0.48019922, 0.22737098, -0.767208, -0.3201156, 0.88322526, -0.89864683, 0.5494145, -0.9682291, -0.3047877, 0.93589926, 0.99051654, 0.8043256, 0.15991405, -0.8783218, -0.19282778, -0.979873, -0.3973998, -0.4842715, 0.23467496, 0.7457964, -0.19323777, -0.4284999, 0.569241, 0.33226806, 0.8313297, 0.59706897, 0.66181433, -0.7153983, -0.24913944, 0.0019320393, 0.46671724, -0.1176036, -0.73869604, -0.845008, 0.29537642, -0.9038097, 0.3316799, -0.97748405, 0.24546798, 0.96021414, 0.39015678, -0.069027565, -0.33455846, -0.70953465, 0.320236, -0.9059397, 0.5931702, 0.5002895, 0.6847046, -0.8451674, -0.92867976, -0.7380315, -0.71972907, 0.50353265, -0.9967324, -0.34741724, 0.067239255, 0.4899864, 0.45429254, 0.16667375, 0.9354968, 0.7598695, -0.7020321, -0.6040819, -0.87541693, 0.27350065, -0.2137499, 0.22334419, -0.8184621, -0.119533665, -0.57154304, 0.58532673, -0.20283172, 0.7906144, 0.22496413, -0.40808272, 0.23930778, -0.104763806, 0.32288983, 0.62596357, 0.6944553, -0.09737397, 0.54320353, 0.8520483, -0.16190906, -0.76709896, -0.7799665, 0.63185, 0.9230554, -0.3427728, -0.69440997, -0.4699432, -0.9175466, -0.78022283, -0.52801603, -0.8104284, -0.9587615, 0.3469609, -0.46274182, -0.721096, -0.16771847, 0.6452403, -0.7955234, 0.070027635, -0.8407943, 0.12154083, -0.4524376, -0.104781516, 0.09206161, 0.0908496, -0.7945171, 0.35777515, 0.9679308, 0.940106, -0.57786614, 0.031645853, -0.701358, -0.6455247, 0.87237656, 0.11982393, -0.09189205, 0.61899704, 0.016854884, 0.0699592, 0.18183948, -0.33011946, 0.5482132, -0.59962213, 0.15635526, -0.5460036, 0.111282706, -0.30753827, 0.44028538, -0.39270967, 0.3193207, -0.79838574, -0.55993974, -0.9881901, 0.26731738, 0.22188424, 0.7142552, -0.9212051, 0.94468725, 0.403721, -0.15136181, -0.4508346, 0.6046339, 0.3289344, 0.7659582, 0.09311214, -0.08819308, 0.51634526, 0.969183, -0.031071771, -0.92807287, 0.19288631, 0.6759718, -0.27443218, 0.26999843, -0.7551885, -0.0025501444, 0.79052883, -0.93601024, -0.9159555, 0.8934996, 0.6232121, -0.1696112, 0.15398121, 0.2638655, -0.6891851, 0.5144432, 0.04058488, -0.22388208, -0.15650709, -0.055241104, 0.47561982, -0.30037588, 0.88384795, -0.60341656, -0.70661736, -0.2775063, 0.90232134, -0.13735002, 0.92603016, -0.34157014, -0.8239661, 0.86486, 0.5433993, -0.88255304, -0.8584324, -0.45824108, -0.83399624]","[-7.0, 4.0, 4.0, -2.0, -1.0, 4.0, -1.0, 2.0, -2.0, -3.0, -2.0, -1.0, 4.0, -2.0, 4.0, -2.0, -2.0, -3.0, -7.0, -1.0, -8.0, -2.0, -2.0, -7.0, 5.0, 10.0, -7.0, -8.0, 3.0, -7.0, -14.0, 4.0, -2.0, 4.0, 5.0, 3.0, 4.0, -6.0, -7.0, -7.0, 0.0, 5.0, -1.0, -4.0, 1.0, 5.0, 3.0, -7.0, -3.0, -2.0, 5.0, 3.0, 5.0, -1.0, 1.0, 1.0, -1.0, -2.0, 0.0, 4.0, 3.0, 4.0, -2.0, 0.0, 3.0, 4.0, -7.0, -3.0, -2.0, 5.0, 5.0, 2.0, -1.0, 4.0, -6.0, 3.0, 4.0, -3.0, -1.0, 6.0, -2.0, -6.0, -1.0, -7.0, 6.0, 10.0, -1.0, -1.0, 0.0, 4.0, -1.0, 6.0, -1.0, 10.0, -2.0, 4.0, 4.0, -3.0, -6.0, -4.0, -1.0, -1.0, 1.0, -1.0, -8.0, 5.0, 1.0, 3.0, 5.0, -3.0, -2.0, -7.0, -7.0, -2.0, 4.0, -8.0, 5.0, -7.0, 5.0, -3.0, 5.0, 5.0, 0.0, 4.0, -2.0, 3.0, -1.0, 4.0, 3.0, -2.0, 5.0, -1.0, -4.0, -7.0, -2.0, -8.0, -1.0, -8.0, 3.0, 4.0, 4.0, 5.0, -2.0, 4.0, 5.0, 4.0, -8.0, 0.0, -7.0, 4.0, -10.0, 5.0, -3.0, 0.0, -2.0, -7.0, 4.0, 4.0, 4.0, -1.0, -3.0, 4.0, 5.0, 3.0, -13.0, -1.0, -7.0, 4.0, -9.0, -5.0, 3.0, -1.0, 5.0, 3.0, 1.0, -2.0, -2.0, -2.0, -3.0, 0.0, 3.0, -2.0, -2.0, -5.0, -2.0, -2.0, 5.0, -6.0, 2.0, 10.0, -3.0, -2.0, 4.0, -4.0, -2.0, 0.0, -2.0, -8.0, -2.0, -2.0, -8.0, -2.0, -2.0, 5.0, -1.0, 5.0, -1.0, -3.0, -1.0, -1.0, 5.0, 4.0, -2.0, 4.0, 1.0, -8.0, 4.0, 4.0, -2.0, -3.0, 4.0, -7.0, -3.0, -7.0, 8.0, 5.0, 4.0, -3.0, 0.0, 4.0, -7.0, 0.0, 5.0, -2.0, 0.0, 4.0, 4.0, 4.0, -1.0, 3.0, 1.0, -1.0, -6.0, 3.0, 2.0, 0.0, 4.0, -5.0, -2.0, 6.0, -2.0, -5.0, -2.0, -1.0, -2.0, -4.0, -1.0, -4.0, -2.0, -2.0, -2.0, 5.0, -7.0, -2.0, 4.0, -1.0, -7.0, 1.0, -7.0, 5.0, 4.0, -1.0, -1.0, -6.0, 6.0, -1.0, 5.0, -2.0, -4.0, -7.0, 4.0, -1.0, 0.0, -1.0, -1.0, 12.0, 0.0, -1.0, 4.0, 4.0, -1.0, -2.0, -8.0, -2.0, -2.0, -1.0, -7.0, -1.0, -3.0, -2.0, 4.0, 3.0, 4.0, -1.0, -1.0, 0.0, -3.0, 4.0, 0.0, -2.0, 3.0, 3.0, -6.0, -1.0, -2.0, 0.0, 1.0, -1.0, 5.0, 4.0, -1.0, -8.0, -1.0, 3.0, 6.0, 1.0, -7.0, 4.0, 5.0, 2.0, 0.0, 0.0, 4.0, 10.0, -2.0, -2.0, -8.0, -2.0, 4.0, 12.0, -1.0, 5.0, -4.0, -7.0, -7.0, 0.0, -1.0, -1.0, -2.0, -1.0, -3.0, -1.0, -1.0, 4.0, 5.0, 5.0, -2.0, -7.0, 3.0, -1.0, -7.0, -1.0, 4.0, -7.0, 6.0, -1.0, 4.0, 10.0, 4.0, -7.0, -1.0, 13.0, 4.0, 9.0, 0.0, 4.0, -3.0, 4.0, 5.0, 4.0, 4.0, 4.0, -2.0, 5.0, -1.0, 4.0, 3.0, 5.0, 5.0, 3.0, 0.0, 5.0, -2.0, 11.0, 5.0, 11.0, -2.0, -2.0, 5.0, 10.0, -3.0, 5.0, 10.0, -1.0, 3.0, -1.0, -7.0, 5.0, -2.0, 4.0, -2.0, 3.0, 3.0, 1.0, -8.0, -2.0, -10.0, 5.0, 0.0, -3.0, -8.0, 1.0, 8.0, -6.0, 6.0, 3.0, -7.0, -7.0, -2.0, -1.0, -1.0, -1.0, -2.0, -2.0, -2.0, -2.0, -14.0, -7.0, -1.0, -7.0, -1.0, -8.0, 4.0, -2.0, 5.0, -2.0, 5.0, -2.0, 5.0, 4.0, -1.0, -2.0, 4.0, 4.0, 5.0, 4.0, 3.0, -1.0, 4.0, 2.0, 4.0, -2.0, -2.0, -1.0, 9.0, -1.0, -1.0, -8.0, 0.0, 5.0, 2.0, 4.0, -1.0, 5.0, -1.0, 5.0, -8.0, -1.0, -2.0, -1.0, -2.0, -2.0, -10.0, 5.0, -5.0, -1.0, 5.0, 11.0, -1.0, 0.0, -5.0, -2.0, -2.0, 2.0, -2.0, -2.0, -2.0, -8.0, 0.0, -2.0, -7.0, 4.0, -7.0, -1.0, -3.0, -5.0, 4.0, 2.0, -1.0, -2.0, 4.0, 5.0, -4.0, 4.0, -1.0, -1.0, -1.0, 3.0, 9.0, -7.0, 4.0, -2.0, -3.0, -2.0, -2.0, 5.0, 4.0, 4.0, -5.0, -1.0, -1.0, 3.0, -3.0, -1.0, -7.0, 0.0, -1.0, 4.0, 3.0, -5.0, 5.0, 4.0, -1.0, -1.0, 4.0, -3.0, -1.0, -1.0, -2.0, -2.0, 5.0, 5.0, -2.0, 1.0, -7.0, 5.0, 4.0, -2.0, -1.0, 3.0, -1.0, -7.0, -5.0, -2.0, -1.0, -1.0, 5.0, -1.0, 0.0, 4.0, -3.0, -7.0, -2.0, -1.0, -1.0, -2.0, 3.0, -3.0, -2.0, 1.0, 1.0, -3.0, 0.0, -1.0, -8.0, 4.0, 3.0, 1.0, -1.0, -2.0, -7.0, -2.0, -1.0, 3.0, -1.0, -1.0, 5.0, -3.0, 4.0, 0.0, -2.0, -7.0, -7.0, 3.0, 5.0, -1.0, 11.0, 4.0, -1.0, 4.0, -2.0, 0.0, 10.0, 0.0, -7.0, -2.0, -8.0, -2.0, 7.0, -1.0, -1.0, 4.0, 6.0, 5.0, 4.0, 2.0, -1.0, -2.0, 10.0, -4.0, -1.0, -2.0, 4.0, -1.0, -1.0, 0.0, 5.0, -1.0, 2.0, -1.0, -2.0, -1.0, -6.0, 2.0, -1.0, -2.0, 1.0, -2.0, 3.0, -2.0, -2.0, 6.0, -2.0, -2.0, 1.0, -2.0, -2.0, -6.0, 4.0, 1.0, 5.0, -3.0, -3.0, 5.0, 4.0, -6.0, -2.0, -1.0, -1.0, 0.0, -1.0, -3.0, 3.0, 3.0, 1.0, 0.0, 5.0, 1.0, -1.0, -1.0, -2.0, -1.0, 5.0, -3.0, 5.0, -1.0, -12.0, -2.0, -1.0, -1.0, -5.0, -7.0, -1.0, -2.0, -3.0, 6.0, 8.0, -3.0, 0.0, 4.0, 3.0, 5.0, -1.0, 3.0, 4.0, -1.0, 4.0, -1.0, 5.0, -15.0, -7.0, -1.0, -2.0, 1.0, -7.0, 5.0, -1.0, 1.0, -2.0, 6.0, 0.0, -4.0, -1.0, -2.0, 2.0, -2.0, 0.0, -6.0, -8.0, -2.0, 4.0, 4.0, -2.0, 1.0, 1.0, -5.0, 4.0, -1.0, -3.0, 10.0, -2.0, 5.0, 3.0, -1.0, 3.0, 5.0, 4.0, -2.0, -3.0, 4.0, 4.0, -1.0, 3.0, 10.0, -1.0, 2.0, -2.0, 4.0, -2.0, 5.0, -6.0, 5.0, -1.0, -5.0, 4.0, 0.0, 5.0, 0.0, -2.0, -2.0, -8.0, -2.0, -1.0, 5.0, -1.0, 5.0, -2.0, -1.0, -2.0, -2.0, -2.0, -2.0, 10.0, 4.0, 3.0, 3.0, 4.0, 10.0, 4.0, 4.0, -2.0, 0.0, -2.0, -13.0, 4.0, -1.0, 9.0, -2.0, 4.0, 3.0, 4.0, -1.0, -2.0, 5.0, -3.0, -7.0, -2.0, -2.0, -2.0, -7.0, -1.0, -2.0, 0.0, 10.0, 9.0, -1.0, 4.0, -2.0, -2.0, -7.0, 5.0, 11.0, 4.0, 5.0, -1.0, -8.0, 4.0, -2.0, -5.0, 4.0, -1.0, -7.0, -1.0, 4.0, 0.0, -1.0, -1.0, -8.0, -2.0, -1.0, 5.0, 4.0, -9.0, -4.0, -1.0, -14.0, 2.0, -12.0, -2.0, -7.0, 6.0, -1.0, 5.0, -8.0, -7.0, -1.0, -2.0, -4.0, 3.0, -2.0, -7.0, 0.0, 4.0, 5.0, 5.0, 9.0, 5.0, 2.0, -2.0, -1.0, 7.0, -1.0, 3.0, -1.0, 4.0, 4.0, -1.0, -2.0, 5.0, 4.0, -2.0, -2.0, -1.0, 4.0, -1.0, 0.0, -4.0, 3.0, -8.0, 4.0, -5.0, -1.0, -7.0, -2.0, -7.0, -1.0, 3.0, 5.0, -2.0, 5.0, -9.0, 5.0, -2.0, 0.0, -1.0, -5.0, -1.0, -1.0, -14.0, 0.0, 5.0, 11.0, -2.0, 5.0, 5.0, 4.0, 4.0, -1.0, -1.0, 4.0, -2.0, -1.0, -5.0, 4.0, 5.0, 4.0, 2.0, -7.0, -2.0, -2.0, 5.0, 6.0, -1.0, 4.0, 0.0, 5.0, 5.0, -7.0, -6.0, 6.0, 3.0, -7.0, -7.0, -3.0, -7.0, -1.0, 5.0, -6.0, -13.0, 10.0, -1.0, 6.0, 10.0, -1.0, 3.0, -2.0, 0.0, 1.0, -2.0, -3.0, -2.0, 5.0, 5.0, -3.0, -2.0, -6.0, 15.0, 5.0, 3.0, -4.0, 5.0, 0.0, -1.0, 5.0, -2.0, 4.0, -1.0, 5.0, 4.0, -1.0, 4.0, -1.0, 11.0, -2.0, -8.0, -1.0, 8.0, 5.0, 9.0, 2.0, -6.0, 4.0, 3.0, -8.0, -1.0, 11.0, -2.0, -2.0, -20.0, -2.0]",8.191414266461646,0.0033175945281982,0.0,0.0,0
67,67,"[-0.46653208, 0.79273444, -0.7556365, 0.7919661, 0.9527349, 0.75075215, -0.31060034, -0.1782626, 0.5380755, -0.14760636, -0.5708775, -0.40461943, 0.0473704, -0.10039676, -0.07808771, 0.8726829, 0.9991786, -0.19795543, 0.3096833, -0.7515209, 0.47022867, -0.9044038, -0.2800293, 0.1509976, -0.3255112, -0.9169736, -0.80841184, 0.9737336, 0.2711379, -0.9282645, -0.6876218, -0.8641767, -0.74836916, 0.53813237, -0.6525803, -0.5377029, -0.3960837, 0.8820429, -0.871125, -0.3859724, 0.9430878, -0.8348483, 0.980753, -0.67333925, 0.25068706, -0.11670489, -0.18503506, -0.18484911, -0.7931793, 0.47124213, -0.54969037, -0.47597307, -0.54226476, -0.9658494, -0.33052707, 0.40329412, 0.56125444, 0.64037174, 0.50036734, -0.8889248, 0.97063154, -0.23073123, -0.80837256, -0.48350406, -0.63201743, 0.7588851, 0.57811564, 0.5417088, 0.82608473, 0.4997915, 0.50948447, 0.27074143, 0.25243518, 0.59030724, -0.2012711, -0.04986185, -0.8192273, -0.8396254, -0.22928129, -0.48530093, -0.840516, 0.9623242, -0.38515562, 0.73440963, 0.9406432, 0.3406993, -0.22063789, -0.9183474, 0.5971476, 0.6986471, 0.5186062, 0.1610922, 0.37781093, -0.11531395, 0.40008843, -0.26558155, -0.64425206, 0.13643722, 0.3344758, 0.87654746, 0.7691656, 0.599255, 0.7378845, 0.029045405, 0.6132263, 0.18927635, -0.7354861, -0.1992695, -0.24496467, 0.13785134, -0.61862224, -0.0938321, -0.72856927, -0.08843193, 0.42370883, -0.7601966, 0.81746304, 0.5981634, -0.8531287, -0.43086103, 0.60802984, -0.071036145, -0.31219593, 0.47895622, 0.31828102, 0.73717624, -0.70227164, 0.05011035, -0.38499323, 0.7592872, 0.41727084, -0.06092101, 0.8296629, 0.18642314, 0.8428938, -0.038703654, 0.46879005, 0.58122414, 0.6443047, 0.5706845, -0.83829266, -0.8126621, -0.5502712, -0.4232761, -0.09946765, -0.85401624, 0.22778447, -0.13160929, -0.82587117, -0.6076495, 0.5011469, -0.678231, 0.31907398, 0.82676715, -0.5168508, -0.17295583, 0.5929486, 0.6236048, -0.8473452, -0.54422444, -0.44433704, 0.20803109, -0.8467443, -0.8480163, -0.03359506, -0.2346038, -0.7585691, 0.9010595, 0.30424833, 0.80637246, -0.54388773, -0.9466387, -0.33194238, 0.08279873, -0.4327153, 0.060145974, 0.6773165, 0.80829585, 0.87426883, 0.9609787, -0.713151, -0.4480708, 0.031561036, -0.17711683, -0.76454103, 0.5733424, 0.15555437, -0.9257053, 0.093547225, 0.4720243, 0.5889052, -0.4049792, -0.6359569, 0.27784538, -0.0051314, 0.95552176, 0.54270756, 0.31900516, 0.43822753, -0.17687982, -0.8727756, 0.29552758, 0.8879511, 0.09910066, -0.21395418, 0.1802761, -0.981192, -0.92719656, 0.4829509, 0.7276626, -0.9619849, -0.14735839, -0.123810366, 0.21226197, -0.65131134, -0.8675566, -0.18051639, 0.4114796, 0.56541234, 0.7159479, -0.5471442, 0.064161286, -0.8940654, -0.72292584, 0.807831, 0.03992708, -0.46600747, -0.12573688, -0.037872426, 0.40298995, -0.33785495, -0.4239328, 0.98131454, 0.42698905, -0.80860865, 0.91200864, -0.4748252, 0.4766739, -0.67968, 0.31837818, 0.42688984, -0.6752345, 0.85555875, 0.26736927, -0.57115203, -0.036835965, -0.64595866, -0.43200344, -0.7038557, 0.42728174, 0.12823462, 0.28994104, -0.8542121, -0.04476471, 0.7666071, 0.3323436, -0.7082706, 0.84836006, -0.8398606, -0.56508917, 0.97017646, -0.75615233, 0.18598716, 0.1975036, -0.023640156, -0.65247184, -0.31744924, -0.36572927, 0.2487078, -0.6716604, 0.0583746, -0.3184339, -0.047752168, -0.3928132, -0.81180257, 0.016958447, 0.47888798, -0.43122745, -0.47667837, -0.7059631, -0.20465627, 0.025505496, 0.6994255, -0.48842132, 0.100385, 0.16149715, -0.56890213, -0.67723656, 0.666989, 0.094097205, -0.17894626, 0.53027016, 0.3382372, 0.8732266, 0.4999505, -0.16091113, 0.3514893, 0.77889097, -0.69242513, 0.814975, 0.9116579, -0.04297069, -0.14664784, -0.18611549, 0.31901497, -0.8488977, 0.51062435, 0.77644503, 0.6868987, 0.6385421, -0.17264527, -0.395996, 0.98680776, -0.33609143, -0.91650474, 0.92674553, 0.47437638, -0.5846202, -0.8519479, -0.21744397, -0.05203134, -0.071169145, 0.65668523, -0.5838763, 0.7753789, -0.6054164, 0.49942353, -0.46076658, 0.35405216, 0.24138556, -0.39341232, -0.7213264, 0.07546123, 0.93971425, -0.3933891, 0.107527986, -0.5528892, -0.51277816, -0.31772557, -0.04707354, 0.6283101, -0.86204505, 0.75971895, 0.9842205, -0.7048236, -0.41452992, 0.36348754, -0.44864193, -0.47466344, 0.9037891, -0.6881965, -0.052563258, -0.09331947, 0.42521602, 0.36977607, 0.09897044, 0.17635097, -0.718698, 0.5297493, 0.96889484, 0.16326548, 0.30950618, -0.73572445, -0.17765513, -0.5637628, -0.21452273, 0.93682605, -0.5816749, 0.06995726, 0.014850771, -0.63238263, -0.0130667575, 0.34091944, -0.44877377, 0.5676488, 0.7529672, -0.99478054, 0.05635382, 0.29010305, -0.5450531, -0.889026, -0.4442869, -0.16496976, 0.60963434, -0.09057489, -0.41711313, -0.6125916, -0.51754093, -0.5278026, -0.97148395, 0.5828056, -0.64462644, 0.8844079, -0.18222417, -0.71346205, 0.38287708, -0.5933096, -0.4438555, 0.55600953, -0.17072664, -0.7251015, -0.4105165, -0.76432043, -0.59844166, -0.23098728, -0.11758605, 0.3812577, 0.2285228, -0.7038804, 0.7071597, -0.1926303, -0.70853555, 0.8748047, -0.654147, -0.18296866, -0.57782006, -0.65679353, -0.991345, -0.9675466, -0.9145527, 0.34274536, -0.5294292, -0.17360963, -0.30552232, -0.6656395, 0.25395635, -0.27729508, 0.6307598, -0.09301245, 0.40224022, -0.8547009, 0.21025969, -0.73362696, -0.42359158, 0.0039068577, 0.5872832, -0.06732133, -0.51744735, -0.3000236, 0.24580273, 0.49875525, -0.03989437, 0.9522755, 0.1237736, 0.90457374, -0.93223524, -0.77190495, -0.55160314, -0.74146813, 0.8555411, -0.6285149, -0.6958353, 0.962214, -0.23391968, 0.24681449, 0.90928054, 0.39285648, -0.41566962, -0.0016510083, -0.24011086, -0.89309645, 0.085902676, 0.9620594, 0.5797309, -0.04384323, 0.41754574, -0.60627705, 0.13497287, -0.8462565, -0.6708744, 0.86963534, 0.7191585, 0.07638928, 0.77019393, -0.023405965, 0.00075822993, 0.3440058, -0.21928592, -0.023835288, 0.83453614, -0.57419145, 0.5893992, -0.89081997, 0.32280055, 0.9552028, -0.64177454, -0.5181796, -0.8794833, 0.81083596, -0.035816703, -0.86867297, 0.75012434, 0.6076199, -0.051614918, -0.7969986, 0.022479214, -0.54553103, -0.85700864, 0.16186026, 0.1881981, -0.096903816, -0.36054477, -0.9519365, 0.22561674, -0.67213416, -0.0136113595, -0.7266871, 0.9115818, 0.34218776, 0.20267618, -0.8823886, -0.013662252, 0.5229912, 0.8588153, -0.6675848, 0.58160245, 0.07111372, -0.26095873, -0.6723121, -0.5956302, -0.61097157, -0.5168825, -0.34475538, -0.18891943, 0.3299683, 0.98940974, 0.48344645, 0.1987475, -0.2819002, -0.5064357, -0.97505087, 0.43938443, -0.15098308, 0.025911877, 0.72685003, -0.83682525, 0.24395062, -0.28334275, 0.050137233, -0.0023935775, -0.9540583, 0.074713655, -0.5089263, 0.023485547, -0.41224977, -0.92170537, 0.123436145, 0.33936572, 0.17963798, -0.9762627, 0.33866468, -0.38757548, -0.43844077, -0.35787365, 0.74400544, 0.59440416, 0.73870844, 0.37247133, 0.76598126, -0.5020002, -0.6089213, 0.09478431, -0.77626866, 0.7636066, -0.99665207, -0.6561702, 0.21460146, -0.2820948, 0.019283472, -0.44541478, 0.60926306, 0.788294, -0.31828508, 0.67570335, -0.123267375, 0.9766742, -0.94022304, 0.73749185, 0.64466923, 0.81121314, -0.23171365, -0.8142969, 0.5195754, -0.91784644, 0.012596283, -0.43914083, -0.3386327, 0.8547594, 0.63789415, 0.82744646, -0.53299755, 0.6099077, -0.8164594, -0.33648646, -0.7666698, -0.2145862, -0.49255905, -0.18077531, 0.32915598, -0.8623072, -0.35659212, -0.088994294, 0.2084213, -0.48176435, -0.07252691, 0.23809592, -0.91617495, -0.7107358, -0.02827121, 0.9746698, 0.40874198, 0.6406793, 0.4237191, -0.9153911, -0.24070652, 0.18194407, -0.47197887, -0.014569238, -0.5038673, 0.5321207, 0.626788, -0.5361891, 0.48725355, 0.6913416, -0.23468877, 0.21154796, 0.7797338, 0.5734355, -0.9416642, -0.09977082, -0.32825643, -0.40461108, -0.21964528, -0.87156737, -0.6934201, -0.6894183, 0.8056844, -0.8729131, -0.44871664, -0.8173863, 0.18505341, 0.7935485, 0.6477996, -0.16039412, -0.27526715, -0.47024584, 0.010352238, -0.061621122, -0.4130922, 0.6326586, 0.9559796, -0.86509734, -0.3097765, -0.986081, 0.15312292, 0.99980414, -0.3607406, -0.845218, 0.6971705, 0.23643383, -0.24777317, 0.061545562, -0.4923564, 0.75083554, -0.17577611, 0.11251793, -0.50383687, 0.47700557, 0.57680374, -0.103159726, -0.0066798935, 0.4076017, -0.87184924, -0.043823216, 0.41755465, -0.71362805, 0.5920582, -0.48344195, 0.082137555, 0.08311801, -0.7427182, 0.5391858, -0.6338852, -0.60846674, -0.5818925, 0.08826751, 0.39178059, -0.60115784, -0.059296913, 0.15417874, 0.26997992, 0.7924631, 0.89359736, -0.15248255, -0.07430183, -0.73544645, -0.55655545, 0.24932243, -0.8060907, 0.110432714, -0.5073917, -0.060571756, -0.08431806, -0.1382635, 0.016313303, -0.96287143, -0.17487517, 0.2955069, -0.35663566, -0.34317407, 0.4861728, -0.021135584, 0.5747677, 0.7663207, 0.3517416, -0.05740915, 0.99863267, 0.97289014, 0.9839257, -0.5557471, -0.9737833, -0.75077987, -0.23064236, 0.013998491, -0.6556131, 0.110513136, 0.038301725, -0.25072676, 0.9984448, 0.65787417, 0.81620824, 0.7604238, -0.23073825, 0.89864993, 0.37584388, -0.46852162, 0.13054739, 0.43006372, 0.33121866, 0.39964128, -0.9873615, -0.84681106, -0.6702208, -0.74376625, 0.24245012, 0.47713923, 0.71202385, -0.046387386, -0.4607191, -0.4432179, 0.074287586, 0.8689061, -0.035512112, 0.5472138, 0.5639096, 0.97432244, 0.497507, -0.14478375, -0.463227, -0.33965796, -0.41087273, 0.7693118, 0.8038126, 0.19991888, 0.3407418, -0.8643198, -0.7561549, -0.50357735, -0.5141388, 0.2401874, -0.33794457, -0.019017715, -0.053080484, 0.71107435, -0.9186671, -0.54884946, -0.44359052, 0.40685943, 0.9105888, -0.5373042, -0.52702415, -0.56902605, -0.8723168, 0.1411289, -0.916001, 0.10897316, -0.85441625, -0.43616468, 0.32215938, 0.66755116, -0.23419046, 0.76524127, -0.45180154, 0.61141765, -0.7149605, 0.46593583, 0.04448706, 0.586768, -0.9112752, 0.57186276, -0.91642624, 0.44101518, -0.29104578, 0.3625991, 0.38943, -0.14581358, 0.14649226, 0.69255745, 0.6800533, -0.79052716, 0.8526226, 0.7769483, -0.30438542, -0.17033452, 0.5318808, -0.42253572, 0.721491, 0.38494036, -0.56105363, 0.6036269, 0.11817879, 0.855876, -0.15873787, -0.40102577, 0.84483534, 0.31331098, 0.53901935, -0.57420623, -0.14144544, -0.86625916, -0.5853225, 0.41821527, 0.5569956, -0.1496527, -0.085425325, 0.039501, -0.07079975, -0.41437876, 0.2716662, -0.56894094, 0.91299003, -0.76825434, 0.83870363, 0.16731575, -0.29749912, -0.037000537, 0.9703021, 0.85417455, 0.4636644, -0.48619482, -0.2516421, -0.42409405, -0.53904754, -0.8738347, 0.7712079, 0.023454018, -0.2540567, 0.72401243, -0.9077646, 0.54800993, -0.18211173, -0.97058636, -0.30350384, -0.7879772, 0.83324146, 0.002203373, -0.5640795, 0.7210939, 0.18470289, 0.9631003, -0.22356644, 0.44293696, -0.1415421, -0.29860297, 0.9125978, 0.026594408, -0.8881058, 0.90773016, 0.8045739, 0.3911445, 0.23279366, 0.07442681, 0.53608036, -0.5819561, -0.63787323, 0.5975321, 0.49247885, -0.87842745, 0.21213792, -0.0074747913, -0.9855283, 0.93880993, -0.6816697, -0.035049483, -0.89027977, -0.098021016, -0.48037905, 0.6195638, -0.6396554, -0.93162715, -0.2987312, 0.41093174, 0.21511649, 0.27567264, -0.87853307, -0.050762076, -0.7286713, -0.39881787, 0.91615784, -0.6855286, 0.6043241, 0.42710412, -0.8863147, 0.86272794, 0.1505597, 0.55208665, -0.39101, -0.7296978, -0.9418791, -0.73438513, -0.6714754, 0.892862, -0.61696804, -0.67795557, 0.60987854, -0.35855973, -0.83073354, 0.29312798, 0.055164233, -0.2508232, 0.68682486, -0.58503115, 0.8436656, 0.35062048, 0.48864415, 0.9458107, 0.14900477, -0.7460117, -0.6684253, 0.05155159, -0.5681544, -0.3903834, 0.44912967, 0.89521664, 0.8161329, 0.5760065, 0.8071294, -0.052749835, -0.43384945, -0.10025649, -0.35724908, -0.29650944, -0.41494533, -0.30223754, 0.38692185, -0.3722346, -0.2853406, 0.62797606, -0.36921713, -0.09152195, -0.26456285, -0.66790223, -0.32453412, 0.040032607, 0.32018694, 0.38706437, 0.91864026, 0.60116935, 0.117214665, 0.22678328, -0.1987406, -0.35852936, 0.809204, 0.7339182, 0.17687759, 0.15698598, 0.82336646, -0.6866209, 0.35328186, 0.65827554, -0.882743, 0.18024658, 0.40687534, 0.5517388, -0.030936953, 0.52869153, 0.5388984, -0.50805837, 0.52181953, 0.9376737, -0.98060757, -0.32215613, -0.57560635, -0.6415938, 0.26597825, 0.4178409, -0.98891747, 0.99223065, -0.31584686, 0.6780033]","[-7.0, 4.0, 4.0, -2.0, -1.0, 4.0, -1.0, 2.0, -2.0, -3.0, -2.0, -1.0, 4.0, -2.0, 4.0, -2.0, -2.0, -3.0, -7.0, -1.0, -8.0, -2.0, -2.0, -7.0, 5.0, 10.0, -7.0, -8.0, 3.0, -7.0, -14.0, 4.0, -2.0, 4.0, 5.0, 3.0, 4.0, -6.0, -7.0, -7.0, 0.0, 5.0, -1.0, -4.0, 1.0, 5.0, 3.0, -7.0, -3.0, -2.0, 5.0, 3.0, 5.0, -1.0, 1.0, 1.0, -1.0, -2.0, 0.0, 4.0, 3.0, 4.0, -2.0, 0.0, 3.0, 4.0, -7.0, -3.0, -2.0, 5.0, 5.0, 2.0, -1.0, 4.0, -6.0, 3.0, 4.0, -3.0, -1.0, 6.0, -2.0, -6.0, -1.0, -7.0, 6.0, 10.0, -1.0, -1.0, 0.0, 4.0, -1.0, 6.0, -1.0, 10.0, -2.0, 4.0, 4.0, -3.0, -6.0, -4.0, -1.0, -1.0, 1.0, -1.0, -8.0, 5.0, 1.0, 3.0, 5.0, -3.0, -2.0, -7.0, -7.0, -2.0, 4.0, -8.0, 5.0, -7.0, 5.0, -3.0, 5.0, 5.0, 0.0, 4.0, -2.0, 3.0, -1.0, 4.0, 3.0, -2.0, 5.0, -1.0, -4.0, -7.0, -2.0, -8.0, -1.0, -8.0, 3.0, 4.0, 4.0, 5.0, -2.0, 4.0, 5.0, 4.0, -8.0, 0.0, -7.0, 4.0, -10.0, 5.0, -3.0, 0.0, -2.0, -7.0, 4.0, 4.0, 4.0, -1.0, -3.0, 4.0, 5.0, 3.0, -13.0, -1.0, -7.0, 4.0, -9.0, -5.0, 3.0, -1.0, 5.0, 3.0, 1.0, -2.0, -2.0, -2.0, -3.0, 0.0, 3.0, -2.0, -2.0, -5.0, -2.0, -2.0, 5.0, -6.0, 2.0, 10.0, -3.0, -2.0, 4.0, -4.0, -2.0, 0.0, -2.0, -8.0, -2.0, -2.0, -8.0, -2.0, -2.0, 5.0, -1.0, 5.0, -1.0, -3.0, -1.0, -1.0, 5.0, 4.0, -2.0, 4.0, 1.0, -8.0, 4.0, 4.0, -2.0, -3.0, 4.0, -7.0, -3.0, -7.0, 8.0, 5.0, 4.0, -3.0, 0.0, 4.0, -7.0, 0.0, 5.0, -2.0, 0.0, 4.0, 4.0, 4.0, -1.0, 3.0, 1.0, -1.0, -6.0, 3.0, 2.0, 0.0, 4.0, -5.0, -2.0, 6.0, -2.0, -5.0, -2.0, -1.0, -2.0, -4.0, -1.0, -4.0, -2.0, -2.0, -2.0, 5.0, -7.0, -2.0, 4.0, -1.0, -7.0, 1.0, -7.0, 5.0, 4.0, -1.0, -1.0, -6.0, 6.0, -1.0, 5.0, -2.0, -4.0, -7.0, 4.0, -1.0, 0.0, -1.0, -1.0, 12.0, 0.0, -1.0, 4.0, 4.0, -1.0, -2.0, -8.0, -2.0, -2.0, -1.0, -7.0, -1.0, -3.0, -2.0, 4.0, 3.0, 4.0, -1.0, -1.0, 0.0, -3.0, 4.0, 0.0, -2.0, 3.0, 3.0, -6.0, -1.0, -2.0, 0.0, 1.0, -1.0, 5.0, 4.0, -1.0, -8.0, -1.0, 3.0, 6.0, 1.0, -7.0, 4.0, 5.0, 2.0, 0.0, 0.0, 4.0, 10.0, -2.0, -2.0, -8.0, -2.0, 4.0, 12.0, -1.0, 5.0, -4.0, -7.0, -7.0, 0.0, -1.0, -1.0, -2.0, -1.0, -3.0, -1.0, -1.0, 4.0, 5.0, 5.0, -2.0, -7.0, 3.0, -1.0, -7.0, -1.0, 4.0, -7.0, 6.0, -1.0, 4.0, 10.0, 4.0, -7.0, -1.0, 13.0, 4.0, 9.0, 0.0, 4.0, -3.0, 4.0, 5.0, 4.0, 4.0, 4.0, -2.0, 5.0, -1.0, 4.0, 3.0, 5.0, 5.0, 3.0, 0.0, 5.0, -2.0, 11.0, 5.0, 11.0, -2.0, -2.0, 5.0, 10.0, -3.0, 5.0, 10.0, -1.0, 3.0, -1.0, -7.0, 5.0, -2.0, 4.0, -2.0, 3.0, 3.0, 1.0, -8.0, -2.0, -10.0, 5.0, 0.0, -3.0, -8.0, 1.0, 8.0, -6.0, 6.0, 3.0, -7.0, -7.0, -2.0, -1.0, -1.0, -1.0, -2.0, -2.0, -2.0, -2.0, -14.0, -7.0, -1.0, -7.0, -1.0, -8.0, 4.0, -2.0, 5.0, -2.0, 5.0, -2.0, 5.0, 4.0, -1.0, -2.0, 4.0, 4.0, 5.0, 4.0, 3.0, -1.0, 4.0, 2.0, 4.0, -2.0, -2.0, -1.0, 9.0, -1.0, -1.0, -8.0, 0.0, 5.0, 2.0, 4.0, -1.0, 5.0, -1.0, 5.0, -8.0, -1.0, -2.0, -1.0, -2.0, -2.0, -10.0, 5.0, -5.0, -1.0, 5.0, 11.0, -1.0, 0.0, -5.0, -2.0, -2.0, 2.0, -2.0, -2.0, -2.0, -8.0, 0.0, -2.0, -7.0, 4.0, -7.0, -1.0, -3.0, -5.0, 4.0, 2.0, -1.0, -2.0, 4.0, 5.0, -4.0, 4.0, -1.0, -1.0, -1.0, 3.0, 9.0, -7.0, 4.0, -2.0, -3.0, -2.0, -2.0, 5.0, 4.0, 4.0, -5.0, -1.0, -1.0, 3.0, -3.0, -1.0, -7.0, 0.0, -1.0, 4.0, 3.0, -5.0, 5.0, 4.0, -1.0, -1.0, 4.0, -3.0, -1.0, -1.0, -2.0, -2.0, 5.0, 5.0, -2.0, 1.0, -7.0, 5.0, 4.0, -2.0, -1.0, 3.0, -1.0, -7.0, -5.0, -2.0, -1.0, -1.0, 5.0, -1.0, 0.0, 4.0, -3.0, -7.0, -2.0, -1.0, -1.0, -2.0, 3.0, -3.0, -2.0, 1.0, 1.0, -3.0, 0.0, -1.0, -8.0, 4.0, 3.0, 1.0, -1.0, -2.0, -7.0, -2.0, -1.0, 3.0, -1.0, -1.0, 5.0, -3.0, 4.0, 0.0, -2.0, -7.0, -7.0, 3.0, 5.0, -1.0, 11.0, 4.0, -1.0, 4.0, -2.0, 0.0, 10.0, 0.0, -7.0, -2.0, -8.0, -2.0, 7.0, -1.0, -1.0, 4.0, 6.0, 5.0, 4.0, 2.0, -1.0, -2.0, 10.0, -4.0, -1.0, -2.0, 4.0, -1.0, -1.0, 0.0, 5.0, -1.0, 2.0, -1.0, -2.0, -1.0, -6.0, 2.0, -1.0, -2.0, 1.0, -2.0, 3.0, -2.0, -2.0, 6.0, -2.0, -2.0, 1.0, -2.0, -2.0, -6.0, 4.0, 1.0, 5.0, -3.0, -3.0, 5.0, 4.0, -6.0, -2.0, -1.0, -1.0, 0.0, -1.0, -3.0, 3.0, 3.0, 1.0, 0.0, 5.0, 1.0, -1.0, -1.0, -2.0, -1.0, 5.0, -3.0, 5.0, -1.0, -12.0, -2.0, -1.0, -1.0, -5.0, -7.0, -1.0, -2.0, -3.0, 6.0, 8.0, -3.0, 0.0, 4.0, 3.0, 5.0, -1.0, 3.0, 4.0, -1.0, 4.0, -1.0, 5.0, -15.0, -7.0, -1.0, -2.0, 1.0, -7.0, 5.0, -1.0, 1.0, -2.0, 6.0, 0.0, -4.0, -1.0, -2.0, 2.0, -2.0, 0.0, -6.0, -8.0, -2.0, 4.0, 4.0, -2.0, 1.0, 1.0, -5.0, 4.0, -1.0, -3.0, 10.0, -2.0, 5.0, 3.0, -1.0, 3.0, 5.0, 4.0, -2.0, -3.0, 4.0, 4.0, -1.0, 3.0, 10.0, -1.0, 2.0, -2.0, 4.0, -2.0, 5.0, -6.0, 5.0, -1.0, -5.0, 4.0, 0.0, 5.0, 0.0, -2.0, -2.0, -8.0, -2.0, -1.0, 5.0, -1.0, 5.0, -2.0, -1.0, -2.0, -2.0, -2.0, -2.0, 10.0, 4.0, 3.0, 3.0, 4.0, 10.0, 4.0, 4.0, -2.0, 0.0, -2.0, -13.0, 4.0, -1.0, 9.0, -2.0, 4.0, 3.0, 4.0, -1.0, -2.0, 5.0, -3.0, -7.0, -2.0, -2.0, -2.0, -7.0, -1.0, -2.0, 0.0, 10.0, 9.0, -1.0, 4.0, -2.0, -2.0, -7.0, 5.0, 11.0, 4.0, 5.0, -1.0, -8.0, 4.0, -2.0, -5.0, 4.0, -1.0, -7.0, -1.0, 4.0, 0.0, -1.0, -1.0, -8.0, -2.0, -1.0, 5.0, 4.0, -9.0, -4.0, -1.0, -14.0, 2.0, -12.0, -2.0, -7.0, 6.0, -1.0, 5.0, -8.0, -7.0, -1.0, -2.0, -4.0, 3.0, -2.0, -7.0, 0.0, 4.0, 5.0, 5.0, 9.0, 5.0, 2.0, -2.0, -1.0, 7.0, -1.0, 3.0, -1.0, 4.0, 4.0, -1.0, -2.0, 5.0, 4.0, -2.0, -2.0, -1.0, 4.0, -1.0, 0.0, -4.0, 3.0, -8.0, 4.0, -5.0, -1.0, -7.0, -2.0, -7.0, -1.0, 3.0, 5.0, -2.0, 5.0, -9.0, 5.0, -2.0, 0.0, -1.0, -5.0, -1.0, -1.0, -14.0, 0.0, 5.0, 11.0, -2.0, 5.0, 5.0, 4.0, 4.0, -1.0, -1.0, 4.0, -2.0, -1.0, -5.0, 4.0, 5.0, 4.0, 2.0, -7.0, -2.0, -2.0, 5.0, 6.0, -1.0, 4.0, 0.0, 5.0, 5.0, -7.0, -6.0, 6.0, 3.0, -7.0, -7.0, -3.0, -7.0, -1.0, 5.0, -6.0, -13.0, 10.0, -1.0, 6.0, 10.0, -1.0, 3.0, -2.0, 0.0, 1.0, -2.0, -3.0, -2.0, 5.0, 5.0, -3.0, -2.0, -6.0, 15.0, 5.0, 3.0, -4.0, 5.0, 0.0, -1.0, 5.0, -2.0, 4.0, -1.0, 5.0, 4.0, -1.0, 4.0, -1.0, 11.0, -2.0, -8.0, -1.0, 8.0, 5.0, 9.0, 2.0, -6.0, 4.0, 3.0, -8.0, -1.0, 11.0, -2.0, -2.0, -20.0, -2.0]",8.191414266461646,0.0032916069030761,0.0,0.0,0
68,68,"[0.6302431, 0.35997432, 0.43629706, -0.23293877, -0.49072194, 0.5457187, 0.6084719, 0.23197244, -0.21796125, -0.79649323, -0.95622873, -0.676957, -0.340098, 0.49390018, -0.029839633, 0.022013452, -0.06455064, 0.8797568, 0.056016944, 0.16946436, 0.06042408, 0.23259082, 0.30753145, -0.52190244, 0.7387768, 0.5113442, 0.78347534, 0.96007156, -0.84635687, -0.93476725, -0.94966835, -0.62412745, -0.0935812, 0.61347246, -0.09906035, 0.5313989, 0.037084162, 0.14477552, -0.9264302, -0.068919174, -0.15242957, 0.05311575, -0.8721452, 0.45067728, -0.2770522, 0.43203217, -0.68938977, 0.16815613, 0.6854164, 0.013745621, -0.7056151, 0.17508698, -0.27941054, -0.8636953, -0.9187086, -0.6640298, -0.8567324, -0.51917833, -0.29850206, 0.66021365, -0.5471505, -0.40217158, -0.6170221, 0.039335255, 0.90838075, -0.7517997, 0.27253872, -0.21716762, 0.19274488, 0.96013916, 0.3140377, -0.8352432, 0.436319, 0.23171185, -0.91030574, 0.5507443, -0.7972546, -0.57010365, -0.4417612, 0.2360983, -0.89275163, -0.22276893, -0.70897466, 0.32218933, -0.10796555, -0.8846291, 0.8030416, -0.56114256, -0.25117797, -0.55094624, -0.7509572, 0.70407236, 0.23899195, 0.9951193, 0.7274378, -0.060297858, 0.11299828, -0.79005784, -0.83813, -0.58221817, -0.9103729, -0.35541642, -0.485781, -0.068863764, -0.92419076, -0.6863999, 0.4188264, 0.74083495, 0.32246497, -0.069064006, -0.44413114, 0.37996674, -0.27754977, -0.14414729, 0.30114844, 0.82937163, 0.2740637, -0.5886094, 0.84100366, -0.36009237, -0.21889673, 0.13224182, -0.11004697, 0.8473464, -0.66891545, 0.1932149, 0.9879182, 0.34716693, -0.45682105, -0.5823155, -0.46239814, 0.60837746, 0.82203054, -0.7709439, 0.29073507, -0.90406936, 0.9014088, 0.8925675, -0.9112241, 0.9198831, 0.059604652, 0.5910488, -0.60791534, -0.71301514, -0.30375555, -0.07291079, 0.810964, -0.23256172, -0.8797933, 0.8086526, 0.84157324, 0.9715817, 0.93031263, -0.9635632, 0.18349482, 0.9615347, -0.99404407, -0.41851, 0.9686626, -0.21763931, -0.4928953, 0.4058239, -0.11900116, -0.9013921, 0.502502, -0.20008467, -0.8896021, 0.27700618, -0.11575515, -0.38380796, 0.97710973, 0.4992506, -0.9481248, 0.5835686, -0.8404406, -0.94942933, -0.49873626, 0.86108285, -0.68668556, 0.33857808, 0.9455017, 0.17425527, -0.27668402, 0.53570235, 0.627311, -0.7054992, -0.6037897, 0.59146047, 0.8823076, -0.79628146, 0.5809462, -0.41256142, -0.80702144, 0.40711728, -0.17602201, -0.3815236, -0.96763146, 0.22384763, 0.4106832, 0.11769869, 0.69046766, -0.944411, 0.58829033, -0.6758154, 0.54421794, 0.07633853, -0.19926384, 0.74055284, -0.30065694, 0.07130995, -0.048051447, 0.66373503, 0.7476198, 0.8933183, -0.83571506, 0.43511724, -0.6448854, -0.97606605, 0.74992394, 0.7206865, 0.112498134, 0.27250648, 0.08994555, 0.88708353, -0.894208, -0.25321937, 0.46432906, 0.50472087, -0.23759335, 0.39859992, 0.277615, -0.16847166, -0.50965255, 0.007959212, 0.04161877, 0.8208668, -0.33862486, 0.51573354, 0.79989225, -0.04116606, 0.3913597, 0.6602983, -0.7556304, -0.8693746, 0.31227005, -0.029906651, -0.23695678, 0.124997735, 0.36231294, 0.10497441, -0.26076996, 0.5964106, -0.9071106, -0.5965208, 0.08763823, -0.69332695, -0.781362, -0.757905, -0.95347893, 0.44623873, 0.0657419, 0.34718102, -0.41614544, -0.38834032, 0.90657717, 0.8111726, -0.7719654, -0.73428404, 0.97173303, -0.100770235, -0.8292063, -0.6862383, 0.68364376, 0.53224075, 0.8471819, -0.60801876, 0.46372193, 0.35657385, 0.29058194, 0.47553965, -0.22711213, -0.27592263, 0.46560544, 0.6568603, 0.65883803, -0.76123744, 0.4152787, -0.030468361, 0.750401, -0.40514073, 0.52469516, -0.35586005, 0.5150303, 0.7795684, -0.83860147, -0.4392987, 0.1032633, 0.69177157, -0.46322978, 0.34864265, 0.69826746, 0.4251014, 0.36801556, 0.15464723, -0.62161285, -0.77327675, 0.25180602, -0.29650763, 0.37943134, -0.01738438, 0.0352198, -0.8754905, 0.028481124, 0.2508641, -0.8621557, -0.48005462, 0.92386836, 0.25983092, -0.7706883, 0.97861886, -0.49974847, -0.055280477, -0.32749483, -0.43381074, -0.17941284, -0.7488494, -0.82576734, 0.6253821, 0.4008023, 0.85651857, 0.60096323, -0.79973185, 0.07838015, -0.3260163, 0.5610289, -0.66461354, -0.2167999, 0.19869314, 0.7858416, 0.32579666, 0.48050663, 0.1861747, 0.6957759, -0.34044933, 0.6732607, -0.2168597, 0.27472883, 0.74582046, 0.36648336, -0.17805322, 0.3168905, -0.69196826, 0.64338803, 0.06171408, 0.02098009, 0.1820777, -0.5936715, -0.17916621, -0.18830368, 0.6858654, 0.5160376, -0.7266762, 0.36899313, 0.5031329, -0.07430545, 0.6154557, -0.5546538, 0.888038, -0.82844776, -0.036102645, -0.6469975, 0.10091456, -0.44651154, -0.4943566, 0.83794504, 0.1748303, -0.023671363, -0.6039918, 0.48282775, -0.51862794, 0.4477226, -0.26467028, 0.8450544, -0.25067672, 0.604358, 0.16531384, -0.17533426, -0.37427288, 0.7099951, 0.9543697, -0.8957547, -0.7953673, 0.27476135, -0.8377068, 0.19136782, 0.04197899, 0.22442062, 0.5496357, -0.3746526, 0.021486955, 0.88297313, 0.4983665, 0.025195504, -0.9774803, -0.99830985, 0.13092752, 0.7762691, -0.43911073, 0.88250047, 0.87133855, 0.90187544, -0.8861895, -0.78312546, -0.4049176, 0.34997904, 0.499754, -0.9255221, -0.90532416, -0.16071622, -0.11364479, -0.49554345, -0.7055535, -0.99676424, -0.85287917, -0.43410474, 0.18949446, 0.80049884, -0.49990106, -0.40789226, -0.9554657, 0.1540216, -0.7859623, 0.8060276, 0.16490036, 0.49744135, 0.6436245, 0.36782983, -0.8573596, -0.8718261, 0.61079836, 0.30815613, -0.36287662, 0.48622668, 0.122498155, -0.79521143, 0.06112522, -0.67673, -0.55355835, 0.061356355, 0.4847925, -0.06968548, 0.16356985, -0.029341713, 0.30008513, 0.4034352, 0.58253217, -0.26688856, 0.67638755, -0.94131535, 0.35380146, 0.16717644, -0.50402427, -0.95302135, -0.4995732, 0.11355568, -0.93047255, -0.74935794, -0.46723086, 0.48183593, 0.26421833, -0.2005544, 0.7824243, 0.38725603, 0.89698434, -0.50702536, -0.3536161, 0.89982724, -0.7369544, -0.614198, -0.8269472, 0.66877276, 0.6678382, 0.8262166, -0.100489385, -0.89910597, 0.053121608, -0.58493006, -0.20874482, -0.85412234, 0.36949643, 0.53608114, 0.23064825, -0.54482514, 0.7501654, -0.014817993, 0.088157944, 0.22444125, -0.70874363, -0.14097248, 0.53501403, 0.94900984, 0.15825076, -0.8097071, -0.5350719, 0.30387187, -0.63993376, 0.99101114, 0.7343924, -0.52859163, 0.98575026, 0.9393395, 0.47890732, 0.18483008, -0.6318441, 0.64933705, -0.41616198, -0.95064133, -0.92680216, 0.6711737, 0.9607011, -0.72959954, 0.7603306, 0.44678247, 0.7096894, -0.8069747, 0.9748659, 0.020071976, 0.3167337, 0.69590706, 0.570149, -0.7530355, -0.5469202, 0.58643, -0.51175547, 0.787015, 0.49688953, -0.7986502, -0.7805705, -0.42770952, 0.83228797, -0.1972752, -0.6607163, -0.27234468, -0.7634397, 0.8827675, -0.4170665, 0.3096317, -0.97077495, 0.18466568, -0.022041593, 0.42212784, -0.8641551, -0.7119837, 0.8748372, 0.31592503, -0.880398, -0.924682, -0.9094528, 0.31387737, -0.607233, 0.07499755, 0.06663104, -0.045370754, 0.7647436, 0.9914948, 0.7733932, 0.7564889, 0.716429, 0.012963239, 0.752982, -0.63219, 0.7682799, -0.8851642, 0.23959434, -0.5274244, -0.34700269, 0.09063178, 0.21140084, -0.16931543, 0.90727746, 0.9872741, 0.33040848, -0.80820453, 0.97632045, 0.8127807, 0.9392982, 0.9088092, -0.8209678, -0.6793588, 0.689888, 0.12452685, 0.32844117, 0.863136, -0.7509306, 0.85626066, 0.41810578, -0.88317114, 0.5182994, -0.5064666, 0.55385053, -0.7477033, -0.2711352, -0.28651276, -0.24790789, -0.6923911, -0.52676, -0.8363887, 0.033772506, -0.04475219, 0.2986207, -0.84055924, 0.26008853, -0.9146587, -0.03867978, -0.2574547, -0.33845407, -0.89392996, -0.18284437, -0.32069582, 0.8250251, -0.3120053, -0.03960285, 0.37155977, -0.24467263, 0.4930061, -0.1936081, 0.8373358, -0.73298156, -0.39837483, 0.96129686, -0.2144962, 0.9262227, -0.11892797, 0.46791878, 0.3490469, 0.2443451, 0.4007651, 0.17911167, -0.44809476, -0.53516746, 0.51006275, 0.034087356, -0.72434115, -0.1343895, -0.4705373, -0.22939408, -0.30899662, 0.08598853, 0.9226953, -0.9233654, -0.3376546, -0.7633622, 0.0034331444, -0.6579494, -0.94560105, -0.6281572, -0.55823386, -0.99408, -0.4414388, -0.0739713, 0.9464185, 0.48832044, -0.22563739, -0.41561908, -0.47148022, 0.11994261, 0.66317046, 0.6925451, 0.6908987, 0.2296808, -0.56870455, 0.7530095, -0.65496486, 0.63695705, -0.6831354, -0.44647267, -0.36048743, -0.23166165, -0.45749202, 0.0070135104, -0.3633743, 0.02954626, 0.24565347, -0.39811316, -0.3282448, 0.1871222, -0.6776176, 0.3005662, 0.6229193, 0.70218444, -0.71434754, 0.7247636, -0.52257824, 0.8011443, -0.52140856, 0.20465143, -0.16007537, -0.46899524, 0.6377217, -0.35161325, -0.93677837, 0.6652337, 0.13351518, -0.32292286, -0.18324433, 0.5272457, -0.6925169, 0.33369792, 0.5591165, 0.4481253, 0.06569119, -0.69862056, -0.14023721, -0.67038184, -0.10916848, -0.029524777, -0.8387885, -0.97604114, 0.9802543, -0.0018608917, -0.26959908, -0.7618342, 0.13211647, -0.9595145, -0.36775047, -0.4753817, -0.6081652, -0.13322994, -0.15506773, 0.56944895, 0.048578653, -0.33812496, -0.15818657, 0.99198914, -0.38714468, -0.155308, -0.80892086, -0.72573984, -0.73230547, -0.8154978, 0.3723028, 0.57518595, -0.9420424, -0.68821824, 0.19093876, 0.3664985, 0.96526265, 0.7223779, 0.4284975, 0.6616632, 0.81961447, 0.15333156, 0.69097984, -0.17548844, 0.9264722, -0.23262414, -0.9638374, -0.29970145, -0.1604367, -0.011572232, 0.18023089, 0.25636965, -0.70251447, 0.9195763, 0.57414776, 0.28057966, 0.8935959, -0.044599738, -0.8472486, 0.54610634, 0.46732727, 0.9444246, 0.074363716, -0.3643009, 0.36676636, -0.56871605, -0.42963988, 0.3831377, -0.7925192, -0.25170478, -0.24480343, -0.90111285, 0.17314889, -0.33137843, 0.15209767, -0.7640389, -0.78425103, -0.61327106, 0.33494332, 0.2687466, -0.9640923, -0.97518665, -0.68963236, 0.88208896, -0.32177618, 0.9705724, 0.8481867, -0.88494354, -0.7927311, -0.8182856, 0.110028684, -0.008371245, 0.26804352, 0.037896287, -0.6173355, 0.87602395, -0.9471292, -0.89473075, 0.2941522, -0.51876485, -0.9389931, -0.28252852, -0.76473176, 0.7556256, 0.59912616, -0.22508578, 0.35700232, 0.29354003, -0.2983653, -0.025657848, -0.23573127, 0.18784244, -0.69820535, -0.9104325, 0.68706614, -0.29585975, 0.056270987, -0.41130415, -0.9375102, -0.28112274, -0.80592984, 0.1036997, 0.74002016, 0.9538426, 0.16653876, 0.92432344, -0.8452731, 0.7400279, -0.15296137, 0.9086108, 0.7275747, -0.78294003, 0.9420368, -0.6408093, 0.41192487, -0.12682481, -0.61067486, 0.5322382, -0.40515262, 0.7495288, 0.6158527, 0.39534706, 0.6997677, 0.81885296, -0.7740782, 0.89684546, 0.29868144, 0.9047669, 0.37233725, 0.05011419, -0.8459436, -0.56190306, -0.50616443, 0.30554518, -0.054094825, -0.9033208, -0.80275, -0.43755138, 0.04829371, -0.8636523, -0.84681994, -0.09688761, -0.5254592, 0.92813694, -0.8120923, 0.29071867, -0.41902518, -0.2066408, 0.26489636, 0.28111035, -0.9817735, -0.443411, 0.21487841, 0.5357179, -0.3509926, 0.664702, -0.8831643, 0.89658463, -0.015745338, 0.7139037, 0.09338201, -0.2905584, 0.37127322, -0.5443085, -0.65543586, 0.32523817, -0.14707926, -0.5518894, -0.1852426, 0.11408205, -0.96507436, -0.47331262, -0.03147485, -0.55099684, -0.8352875, -0.90723246, -0.803046, -0.13649711, -0.28244808, -0.34595114, -0.061750747, 0.6526606, -0.9954395, -0.9244456, -0.6038269, -0.98428065, 0.11498548, -0.1957338, -0.378449, 0.59831685, 0.9461539, 0.6294088, -0.08695274, 0.73964643, -0.25021955, -0.4848336, 0.6325746, 0.7347529, -0.9212076, 0.73883235, 0.1220036, 0.29123127, -0.23909244, 0.6039852, 0.51083344, 0.17844945, 0.43354595, 0.0961658, -0.2257477, -0.89966667, 0.06583532, -0.07499384, 0.27420527, -0.6882367, -0.89269483, -0.69887125, -0.13666841, -0.44455633, -0.035046317, 0.72442365, -0.19313046, -0.010649782, 0.1599068, 0.2568389, 0.08297425, -0.9512642, 0.23866794, -0.43704787, 0.8830743, 0.9506925, -0.14384376, 0.2935681, 0.7109835, 0.6589718, -0.47495085, 0.40160343, -0.74243706, -0.98659706, -0.95816237, 0.44264233, -0.04200939, 0.64243597, -0.39085686, 0.88577634, -0.17653802, 0.59414405, -0.75668025, -0.5716299, 0.27252474, -0.94454914, -0.051764607, -0.961475, -0.57731605, 0.96477944, 0.79239774, -0.14613342, -0.90307677, -0.32969832, 0.9273741, -0.9054918, -0.47057185, 0.2242565, 0.43751392, -0.6676729, 0.5745042, -0.17817901, -0.3163733, 0.5251341, -0.6202576, -0.054048847]","[-7.0, 4.0, 4.0, -2.0, -1.0, 4.0, -1.0, 2.0, -2.0, -3.0, -2.0, -1.0, 4.0, -2.0, 4.0, -2.0, -2.0, -3.0, -7.0, -1.0, -8.0, -2.0, -2.0, -7.0, 5.0, 10.0, -7.0, -8.0, 3.0, -7.0, -14.0, 4.0, -2.0, 4.0, 5.0, 3.0, 4.0, -6.0, -7.0, -7.0, 0.0, 5.0, -1.0, -4.0, 1.0, 5.0, 3.0, -7.0, -3.0, -2.0, 5.0, 3.0, 5.0, -1.0, 1.0, 1.0, -1.0, -2.0, 0.0, 4.0, 3.0, 4.0, -2.0, 0.0, 3.0, 4.0, -7.0, -3.0, -2.0, 5.0, 5.0, 2.0, -1.0, 4.0, -6.0, 3.0, 4.0, -3.0, -1.0, 6.0, -2.0, -6.0, -1.0, -7.0, 6.0, 10.0, -1.0, -1.0, 0.0, 4.0, -1.0, 6.0, -1.0, 10.0, -2.0, 4.0, 4.0, -3.0, -6.0, -4.0, -1.0, -1.0, 1.0, -1.0, -8.0, 5.0, 1.0, 3.0, 5.0, -3.0, -2.0, -7.0, -7.0, -2.0, 4.0, -8.0, 5.0, -7.0, 5.0, -3.0, 5.0, 5.0, 0.0, 4.0, -2.0, 3.0, -1.0, 4.0, 3.0, -2.0, 5.0, -1.0, -4.0, -7.0, -2.0, -8.0, -1.0, -8.0, 3.0, 4.0, 4.0, 5.0, -2.0, 4.0, 5.0, 4.0, -8.0, 0.0, -7.0, 4.0, -10.0, 5.0, -3.0, 0.0, -2.0, -7.0, 4.0, 4.0, 4.0, -1.0, -3.0, 4.0, 5.0, 3.0, -13.0, -1.0, -7.0, 4.0, -9.0, -5.0, 3.0, -1.0, 5.0, 3.0, 1.0, -2.0, -2.0, -2.0, -3.0, 0.0, 3.0, -2.0, -2.0, -5.0, -2.0, -2.0, 5.0, -6.0, 2.0, 10.0, -3.0, -2.0, 4.0, -4.0, -2.0, 0.0, -2.0, -8.0, -2.0, -2.0, -8.0, -2.0, -2.0, 5.0, -1.0, 5.0, -1.0, -3.0, -1.0, -1.0, 5.0, 4.0, -2.0, 4.0, 1.0, -8.0, 4.0, 4.0, -2.0, -3.0, 4.0, -7.0, -3.0, -7.0, 8.0, 5.0, 4.0, -3.0, 0.0, 4.0, -7.0, 0.0, 5.0, -2.0, 0.0, 4.0, 4.0, 4.0, -1.0, 3.0, 1.0, -1.0, -6.0, 3.0, 2.0, 0.0, 4.0, -5.0, -2.0, 6.0, -2.0, -5.0, -2.0, -1.0, -2.0, -4.0, -1.0, -4.0, -2.0, -2.0, -2.0, 5.0, -7.0, -2.0, 4.0, -1.0, -7.0, 1.0, -7.0, 5.0, 4.0, -1.0, -1.0, -6.0, 6.0, -1.0, 5.0, -2.0, -4.0, -7.0, 4.0, -1.0, 0.0, -1.0, -1.0, 12.0, 0.0, -1.0, 4.0, 4.0, -1.0, -2.0, -8.0, -2.0, -2.0, -1.0, -7.0, -1.0, -3.0, -2.0, 4.0, 3.0, 4.0, -1.0, -1.0, 0.0, -3.0, 4.0, 0.0, -2.0, 3.0, 3.0, -6.0, -1.0, -2.0, 0.0, 1.0, -1.0, 5.0, 4.0, -1.0, -8.0, -1.0, 3.0, 6.0, 1.0, -7.0, 4.0, 5.0, 2.0, 0.0, 0.0, 4.0, 10.0, -2.0, -2.0, -8.0, -2.0, 4.0, 12.0, -1.0, 5.0, -4.0, -7.0, -7.0, 0.0, -1.0, -1.0, -2.0, -1.0, -3.0, -1.0, -1.0, 4.0, 5.0, 5.0, -2.0, -7.0, 3.0, -1.0, -7.0, -1.0, 4.0, -7.0, 6.0, -1.0, 4.0, 10.0, 4.0, -7.0, -1.0, 13.0, 4.0, 9.0, 0.0, 4.0, -3.0, 4.0, 5.0, 4.0, 4.0, 4.0, -2.0, 5.0, -1.0, 4.0, 3.0, 5.0, 5.0, 3.0, 0.0, 5.0, -2.0, 11.0, 5.0, 11.0, -2.0, -2.0, 5.0, 10.0, -3.0, 5.0, 10.0, -1.0, 3.0, -1.0, -7.0, 5.0, -2.0, 4.0, -2.0, 3.0, 3.0, 1.0, -8.0, -2.0, -10.0, 5.0, 0.0, -3.0, -8.0, 1.0, 8.0, -6.0, 6.0, 3.0, -7.0, -7.0, -2.0, -1.0, -1.0, -1.0, -2.0, -2.0, -2.0, -2.0, -14.0, -7.0, -1.0, -7.0, -1.0, -8.0, 4.0, -2.0, 5.0, -2.0, 5.0, -2.0, 5.0, 4.0, -1.0, -2.0, 4.0, 4.0, 5.0, 4.0, 3.0, -1.0, 4.0, 2.0, 4.0, -2.0, -2.0, -1.0, 9.0, -1.0, -1.0, -8.0, 0.0, 5.0, 2.0, 4.0, -1.0, 5.0, -1.0, 5.0, -8.0, -1.0, -2.0, -1.0, -2.0, -2.0, -10.0, 5.0, -5.0, -1.0, 5.0, 11.0, -1.0, 0.0, -5.0, -2.0, -2.0, 2.0, -2.0, -2.0, -2.0, -8.0, 0.0, -2.0, -7.0, 4.0, -7.0, -1.0, -3.0, -5.0, 4.0, 2.0, -1.0, -2.0, 4.0, 5.0, -4.0, 4.0, -1.0, -1.0, -1.0, 3.0, 9.0, -7.0, 4.0, -2.0, -3.0, -2.0, -2.0, 5.0, 4.0, 4.0, -5.0, -1.0, -1.0, 3.0, -3.0, -1.0, -7.0, 0.0, -1.0, 4.0, 3.0, -5.0, 5.0, 4.0, -1.0, -1.0, 4.0, -3.0, -1.0, -1.0, -2.0, -2.0, 5.0, 5.0, -2.0, 1.0, -7.0, 5.0, 4.0, -2.0, -1.0, 3.0, -1.0, -7.0, -5.0, -2.0, -1.0, -1.0, 5.0, -1.0, 0.0, 4.0, -3.0, -7.0, -2.0, -1.0, -1.0, -2.0, 3.0, -3.0, -2.0, 1.0, 1.0, -3.0, 0.0, -1.0, -8.0, 4.0, 3.0, 1.0, -1.0, -2.0, -7.0, -2.0, -1.0, 3.0, -1.0, -1.0, 5.0, -3.0, 4.0, 0.0, -2.0, -7.0, -7.0, 3.0, 5.0, -1.0, 11.0, 4.0, -1.0, 4.0, -2.0, 0.0, 10.0, 0.0, -7.0, -2.0, -8.0, -2.0, 7.0, -1.0, -1.0, 4.0, 6.0, 5.0, 4.0, 2.0, -1.0, -2.0, 10.0, -4.0, -1.0, -2.0, 4.0, -1.0, -1.0, 0.0, 5.0, -1.0, 2.0, -1.0, -2.0, -1.0, -6.0, 2.0, -1.0, -2.0, 1.0, -2.0, 3.0, -2.0, -2.0, 6.0, -2.0, -2.0, 1.0, -2.0, -2.0, -6.0, 4.0, 1.0, 5.0, -3.0, -3.0, 5.0, 4.0, -6.0, -2.0, -1.0, -1.0, 0.0, -1.0, -3.0, 3.0, 3.0, 1.0, 0.0, 5.0, 1.0, -1.0, -1.0, -2.0, -1.0, 5.0, -3.0, 5.0, -1.0, -12.0, -2.0, -1.0, -1.0, -5.0, -7.0, -1.0, -2.0, -3.0, 6.0, 8.0, -3.0, 0.0, 4.0, 3.0, 5.0, -1.0, 3.0, 4.0, -1.0, 4.0, -1.0, 5.0, -15.0, -7.0, -1.0, -2.0, 1.0, -7.0, 5.0, -1.0, 1.0, -2.0, 6.0, 0.0, -4.0, -1.0, -2.0, 2.0, -2.0, 0.0, -6.0, -8.0, -2.0, 4.0, 4.0, -2.0, 1.0, 1.0, -5.0, 4.0, -1.0, -3.0, 10.0, -2.0, 5.0, 3.0, -1.0, 3.0, 5.0, 4.0, -2.0, -3.0, 4.0, 4.0, -1.0, 3.0, 10.0, -1.0, 2.0, -2.0, 4.0, -2.0, 5.0, -6.0, 5.0, -1.0, -5.0, 4.0, 0.0, 5.0, 0.0, -2.0, -2.0, -8.0, -2.0, -1.0, 5.0, -1.0, 5.0, -2.0, -1.0, -2.0, -2.0, -2.0, -2.0, 10.0, 4.0, 3.0, 3.0, 4.0, 10.0, 4.0, 4.0, -2.0, 0.0, -2.0, -13.0, 4.0, -1.0, 9.0, -2.0, 4.0, 3.0, 4.0, -1.0, -2.0, 5.0, -3.0, -7.0, -2.0, -2.0, -2.0, -7.0, -1.0, -2.0, 0.0, 10.0, 9.0, -1.0, 4.0, -2.0, -2.0, -7.0, 5.0, 11.0, 4.0, 5.0, -1.0, -8.0, 4.0, -2.0, -5.0, 4.0, -1.0, -7.0, -1.0, 4.0, 0.0, -1.0, -1.0, -8.0, -2.0, -1.0, 5.0, 4.0, -9.0, -4.0, -1.0, -14.0, 2.0, -12.0, -2.0, -7.0, 6.0, -1.0, 5.0, -8.0, -7.0, -1.0, -2.0, -4.0, 3.0, -2.0, -7.0, 0.0, 4.0, 5.0, 5.0, 9.0, 5.0, 2.0, -2.0, -1.0, 7.0, -1.0, 3.0, -1.0, 4.0, 4.0, -1.0, -2.0, 5.0, 4.0, -2.0, -2.0, -1.0, 4.0, -1.0, 0.0, -4.0, 3.0, -8.0, 4.0, -5.0, -1.0, -7.0, -2.0, -7.0, -1.0, 3.0, 5.0, -2.0, 5.0, -9.0, 5.0, -2.0, 0.0, -1.0, -5.0, -1.0, -1.0, -14.0, 0.0, 5.0, 11.0, -2.0, 5.0, 5.0, 4.0, 4.0, -1.0, -1.0, 4.0, -2.0, -1.0, -5.0, 4.0, 5.0, 4.0, 2.0, -7.0, -2.0, -2.0, 5.0, 6.0, -1.0, 4.0, 0.0, 5.0, 5.0, -7.0, -6.0, 6.0, 3.0, -7.0, -7.0, -3.0, -7.0, -1.0, 5.0, -6.0, -13.0, 10.0, -1.0, 6.0, 10.0, -1.0, 3.0, -2.0, 0.0, 1.0, -2.0, -3.0, -2.0, 5.0, 5.0, -3.0, -2.0, -6.0, 15.0, 5.0, 3.0, -4.0, 5.0, 0.0, -1.0, 5.0, -2.0, 4.0, -1.0, 5.0, 4.0, -1.0, 4.0, -1.0, 11.0, -2.0, -8.0, -1.0, 8.0, 5.0, 9.0, 2.0, -6.0, 4.0, 3.0, -8.0, -1.0, 11.0, -2.0, -2.0, -20.0, -2.0]",8.191414266461646,0.0033202171325683,0.0,0.0,0
69,69,"[-0.6013569, 0.81264377, -0.89540064, -0.9788553, 0.97668344, -0.99165714, -0.80104214, 0.84446555, 0.10328016, -0.48624805, 0.41899434, 0.2872515, 0.38720128, -0.93160385, 0.19378078, 0.0684817, 0.9335986, 0.041788295, -0.704594, -0.6629149, -0.37080368, -0.23087905, -0.3631731, 0.7322027, -0.57779104, 0.6912655, 0.37874958, -0.553143, -0.71076083, 0.92450017, -0.05823936, -0.6008034, 0.40289587, -0.6645119, -0.055810105, -0.41478565, -0.9577616, 0.68943745, -0.20777017, 0.75055987, -0.16399305, -0.7681536, -0.34179282, 0.10004884, 0.9353465, 0.40867764, 0.9440767, 0.35815093, 0.4780352, 0.31976265, -0.40911084, -0.983357, -0.44753057, -0.23414294, 0.6021409, -0.7003892, -0.98146397, -0.40184185, -0.8299241, 0.07490887, -0.9070549, -0.1838436, 0.42084578, 0.73235077, -0.064748555, -0.8578843, -0.22705415, -0.26869306, -0.48038644, 0.004511372, 0.41263962, -0.12785509, 0.85757095, 0.9117606, 0.75677836, -0.9222441, -0.09828896, -0.5799386, 0.7930961, -0.4237589, 0.89492, 0.84149665, 0.06643809, -0.69129777, 0.36417618, 0.41223493, -0.54942626, -0.9063028, 0.96957576, -0.22275247, 0.20821518, -0.76504797, 0.3017346, 0.38829887, 0.83953923, -0.88157374, -0.2966279, -0.071147054, -0.6938895, -0.110801004, 0.3898719, -0.31069982, -0.43462458, 0.80086696, 0.73871046, 0.021675533, 0.9271457, 0.6905107, 0.036371686, -0.9517645, -0.9326626, -0.47771972, 0.120178714, 0.33792096, 0.14537574, -0.13454652, 0.303092, 0.45665798, -0.6325163, -0.14894906, -0.9785024, -0.13026191, -0.4219673, 0.25207517, -0.7779517, -0.70673186, 0.21937259, 0.7223925, 0.85228264, 0.023065876, 0.46529928, 0.5872494, -0.92238766, -0.7682532, 0.7377615, -0.027233925, -0.16917723, -0.77469087, 0.12877998, 0.25985467, -0.28211984, -0.44186813, -0.65884876, 0.7554089, 0.26176497, -0.48960584, -0.44069088, 0.08619944, 0.08334197, 0.6840037, 0.3018327, -0.69848084, -0.52739364, 0.6135121, 0.3810225, 0.9515935, 0.36162263, -0.00833083, -0.24721684, 0.54548806, 0.24398972, -0.6870452, -0.50343627, -0.851759, -0.71792823, 0.9397521, -0.653311, -0.24315192, -0.5003968, 0.73152244, 0.46274242, -0.7383949, 0.2416322, 0.9964162, -0.24195427, -0.9442653, 0.15306786, 0.9656711, 0.6372805, 0.55407894, 0.17861468, -0.05846911, 0.3314213, 0.0617098, -0.58303404, -0.49286655, -0.92341876, 0.20839325, -0.027365584, 0.67955023, -0.48253506, -0.1696963, 0.2677151, -0.9424744, 0.43334782, 0.36887226, -0.22860605, 0.7874399, 0.45424762, -0.6764101, 0.107731245, 0.30440757, -0.45232928, 0.620629, 0.7027057, -0.093801744, -0.3924767, 0.27566302, -0.49011904, -0.52658576, 0.47769785, -0.97641385, 0.1380121, -0.48803493, 0.77671415, -0.06721973, 0.544303, -0.6495703, 0.3077487, -0.568203, 0.7382468, -0.38554278, 0.6263499, 0.5315359, -0.72622323, 0.9702416, -0.9341307, 0.056149885, 0.945697, 0.2810646, -0.44142908, 0.24597973, -0.4647427, -0.4676542, 0.37819436, 0.56080043, -0.47383636, 0.9928939, -0.76360655, -0.4323776, 0.66614383, 0.35775393, -0.073955394, 0.67925626, 0.62987477, 0.4884519, 0.24936734, -0.36166063, -0.31508362, 0.27020106, 0.78739125, 0.0943252, -0.52364594, -0.9755135, -0.66398007, 0.62604606, 0.72322094, -0.8986985, -0.7009664, -0.6055676, 0.988635, -0.9163647, -0.6081065, -0.014751752, -0.9826559, 0.23662958, 0.58672285, -0.42705244, 0.8411009, -0.43402767, -0.57093185, -0.69665664, -0.94315517, -0.8992197, 0.11092246, -0.81652325, -0.33552417, 0.8026919, -0.25919676, -0.46466246, -0.16192369, -0.9292832, -0.12033049, -0.9723244, 0.29831713, -0.08331809, 0.77218956, 0.4001253, 0.10869074, -0.1231747, 0.61159724, -0.83596593, 0.18314415, 0.14109549, -0.91616505, -0.4227913, -0.3808525, 0.6081967, -0.010586975, -0.60902417, 0.07805463, 0.24334024, 0.8438886, -0.21322155, 0.40285066, -0.23716716, -0.08971543, 0.536678, -0.6011954, -0.34466863, -0.40796456, -0.6839366, -0.3942795, 0.6362317, -0.5502536, 0.01719245, 0.1378949, -0.71871656, -0.04853668, -0.48590702, 0.17418161, -0.33588633, -0.0020854536, -0.73607695, -0.2679168, -0.97460794, -0.5913157, -0.52480936, -0.6869783, -0.44600308, -0.9573686, -0.24617906, -0.28199083, 0.12210791, 0.6763454, -0.16947743, 0.53500664, 0.741233, -0.8315582, -0.3674252, -0.015607363, -0.06783714, -0.6190694, -0.5267203, 0.66606313, 0.35825184, 0.10709354, -0.11225431, -0.75809485, 0.9784647, -0.82526535, 0.1212327, 0.57042575, -0.2319523, 0.98255247, -0.32573727, -0.9451318, -0.61885476, 0.59368557, 0.6490334, 0.60746634, -0.7810956, -0.60504514, 0.79187983, -0.5813345, -0.84052074, 0.031027637, 0.2306197, -0.22885233, 0.09075111, -0.49797645, 0.19183597, 0.09969158, -0.04511361, 0.3549346, -0.64812976, -0.22149132, 0.9572514, -0.37174103, 0.06413792, 0.598554, -0.38937423, -0.7080346, 0.63474977, 0.23734437, 0.21255691, 0.70448714, 0.37276193, -0.20729867, -0.77260435, -0.36207125, -0.5521946, -0.26688725, 0.18868196, -0.8817034, -0.5251594, -0.5942198, 0.71714276, 0.093988545, -0.5297241, 0.0066495165, -0.6459415, -0.21212466, -0.9248419, -0.541925, -0.36166933, 0.8662613, 0.3879354, -0.34377515, -0.29648036, -0.7549205, 0.9857116, -0.31989366, -0.16761617, -0.66715443, -0.0976292, 0.1689995, 0.37575865, 0.9450136, -0.21816106, 0.10556524, 0.10963502, -0.39308533, -0.659799, 0.13572165, -0.5260229, 0.27792162, -0.3287049, -0.87594956, -0.1655809, -0.20786382, -0.8985985, -0.848679, -0.4863173, -0.8228282, -0.3717547, 0.5304253, -0.010667917, -0.46809772, 0.37533963, 0.5910431, -0.7229896, -0.60054785, -0.62772536, 0.8071049, -0.16674677, 0.96008766, -0.70714694, -0.32222456, 0.26375458, 0.66922337, -0.7234228, -0.59675723, -0.03724267, -0.030789869, 0.34163454, -0.8673243, -0.19877541, 0.19065364, -0.39634854, -0.4798762, 0.36417252, 0.4259298, 0.100871354, 0.78366315, -0.026900671, 0.11533024, -0.907819, 0.22105023, -0.022721697, -0.34769514, 0.16177055, 0.074041255, 0.7507082, 0.4486888, 0.21312006, -0.47854996, -0.6652527, -0.7595465, 0.92117125, 0.38922158, 0.28247935, -0.5461071, 0.7927038, 0.93637764, -0.2625721, 0.6754505, -0.7909283, 0.23649232, 0.62898725, -0.9543648, 0.25529402, -0.89588416, -0.022543322, -0.22662888, 0.5504231, 0.25250494, 0.111093625, 0.34266207, -0.9799857, 0.19115348, -0.27688786, 0.23433524, -0.05522209, 0.6824887, -0.027327223, 0.7028735, 0.75154734, -0.55048984, 0.31990755, 0.6078839, 0.41805696, 0.6156654, -0.028505538, 0.9546045, 0.99862766, 0.6217667, 0.72793156, -0.15980844, -0.44472617, 0.2812878, 0.007776392, 0.84471047, -0.08481359, -0.62358475, 0.008175245, 0.92966044, -0.8281187, 0.24182281, 0.27108037, -0.88973343, -0.93037504, -0.7087563, -0.29119775, 0.63741946, -0.9360679, -0.43398622, -0.6338825, 0.7705547, 0.15149334, 0.47356004, 0.32473943, 0.5877829, -0.23897539, 0.21219407, -0.34241804, -0.13469389, -0.5061226, -0.2695525, -0.67617834, -0.23842442, -0.009102732, -0.6608394, 0.71355176, 0.1041065, -0.11198745, -0.8762966, 0.34242436, -0.9953101, -0.7600433, -0.7423462, -0.46042854, 0.7029188, 0.68895614, -0.26544407, 0.30404407, 0.6638122, -0.48362723, 0.51617503, 0.38737798, 0.590027, -0.06368968, 0.37846246, 0.5262843, 0.21711329, 0.45967475, -0.44191998, -0.12094937, 0.18115574, 0.3071749, 0.38905722, 0.55384636, 0.7161813, -0.703667, 0.48502138, -0.36894804, -0.6187607, -0.5913303, 0.34125778, 0.99833584, 0.7020646, 0.43403548, 0.1063972, 0.14752705, 0.080043845, -0.22471288, -0.87441623, -0.514042, 0.82569385, 0.27445117, 0.3326089, -0.9120835, 0.3937028, 0.025279073, -0.29086074, 0.570808, 0.062255166, -0.62646604, -0.600357, -0.89789325, 0.9887273, -0.4911887, 0.4837006, -0.7032518, 0.93531543, 0.47339275, 0.015427603, -0.7537382, 0.30092686, 0.626476, -0.39871025, 0.11554917, -0.58500004, 0.13697278, -0.10728231, -0.90917104, 0.751349, -0.003923252, -0.3097607, -0.8371935, -0.7544672, 0.72675383, 0.91104895, -0.9724758, 0.4952976, 0.029621152, -0.5678426, 0.2698219, 0.0026888298, -0.6636238, -0.89703256, -0.111762926, -0.12115888, -0.58263934, -0.49768627, -0.29798207, 0.37213355, -0.11680849, -0.54952395, 0.31169868, 0.32180756, -0.27966195, 0.13620678, -0.63978636, 0.3006967, 0.7873016, -0.42307445, 0.43144572, 0.6758499, -0.53801996, -0.86803836, 0.5152623, 0.33421063, -0.9524212, -0.37332264, -0.09895867, -0.605062, 0.8248534, 0.8364433, 0.35065386, 0.6899778, -0.5464397, -0.15832692, -0.9681906, -0.3061705, 0.27977377, -0.3585312, 0.21777065, -0.33931452, -0.07561746, -0.117899165, -0.8766248, -0.716639, 0.6000928, -0.97073567, -0.79235196, 0.3419564, 0.9035646, 0.2589724, -0.39720818, 0.09516156, -0.77777046, 0.04467869, -0.07611753, -0.5069868, -0.53165144, -0.25643012, 0.055710837, 0.9877103, -0.36239442, 0.5157256, -0.7118452, 0.7240758, -0.23225613, -0.14835316, 0.529061, -0.30253968, -0.28161895, 0.5872749, -0.2546391, 0.25851557, -0.68363786, -0.94612944, -0.29552028, 0.71485317, 0.10792169, -0.6345906, 0.51121914, 0.48528302, -0.7360773, 0.75282645, -0.10326673, -0.015666837, -0.769989, -0.7755552, 0.23812921, -0.4032616, 0.77741164, 0.39045063, 0.45945123, -0.1967134, -0.0034985114, -0.7217955, 0.6605954, 0.94559145, 0.13826658, -0.99907964, 0.55138403, 0.16760075, -0.6428501, -0.6523407, 0.11361785, -0.70353764, 0.8801525, -0.9741785, 0.12843883, -0.67110133, -0.9911951, 0.18587217, 0.83354944, 0.25784206, 0.29669723, 0.6168545, -0.21561322, 0.59548765, -0.20285276, -0.72784275, -0.03227827, 0.56526655, 0.7003404, -0.4949117, -0.96895605, 0.38607618, 0.03645411, 0.7459618, -0.48539472, 0.3301052, -0.827154, -0.65669763, -0.054121055, -0.33881593, 0.7613076, 0.728098, 0.15733331, -0.71598256, -0.19476028, 0.07989931, 0.4713286, 0.44183102, -0.42503384, 0.2811657, 0.34769642, 0.9093828, 0.8220291, -0.011457668, -0.5255528, -0.60934126, -0.85035795, -0.013961193, -0.06446759, -0.20697448, -0.24173513, 0.620905, 0.19800943, -0.031453647, 0.0735386, 0.72630304, -0.4382919, -0.092960715, -0.7101219, 0.83783937, 0.88827753, -0.25210083, -0.13410734, -0.02610882, 0.5954392, 0.3243717, -0.3066248, -0.7992206, -0.7305763, -0.99284333, 0.8234296, 0.28753108, -0.91936743, -0.6646402, 0.39969245, -0.35773674, 0.7344196, 0.36539385, -0.24152772, -0.513607, 0.5683986, 0.37203214, -0.17175622, -0.18952996, -0.06415035, -0.6328915, 0.40770364, -0.060949866, 0.503061, -0.08756983, -0.93960065, -0.46916497, -0.6969117, 0.02597655, -0.18459219, 0.17527454, -0.36776033, 0.07246438, -0.6906676, 0.6407407, -0.51283735, 0.004444722, 0.7545913, 0.5621604, -0.115112655, 0.22481719, -0.40602615, -0.96086776, 0.02108189, 0.5708824, 0.6821782, 0.574999, 0.9771858, 0.79039305, 0.864126, 0.7111436, -0.8347272, 0.7023651, 0.13160755, 0.7613299, -0.66397715, 0.39686024, -0.58627665, -0.5646203, 0.41506875, 0.8557492, 0.714321, 0.0139422715, 0.99833375, -0.49761173, -0.82906085, -0.8127817, 0.4306965, -0.48920417, -0.783214, 0.90258, -0.38170782, -0.21062464, -0.43808103, 0.8424014, -0.48729756, -0.9246433, 0.46237934, -0.9515208, -0.43726102, 0.04424097, -0.6283636, 0.5903231, 0.20718463, 0.46517742, 0.3629936, 0.7820452, 0.96889514, -0.2896088, -0.7972693, 0.53095883, 0.24120559, 0.39453092, 0.6171158, -0.24305871, 0.9896302, -0.8799542, -0.8659527, 0.75414217, 0.40050253, 0.30037516, -0.7694265, 0.6849465, 0.85078454, 0.6100109, 0.70899117, 0.10572496, 0.59877825, -0.35722718, 0.21464062, -0.3252856, -0.38042527, -0.039283864, -0.53664505, 0.5098775, 0.14538324, -0.11546295, 0.8373065, -0.36032504, 0.14172964, -0.15726206, -0.9993047, 0.0075242682, -0.21735707, 0.6245635, 0.47942892, 0.59189534, 0.7041686, 0.3242783, 0.99813884, 0.65133256, 0.44319963, -0.12740766, -0.229269, 0.29803813, 0.70468587, 0.16421707, -0.76361847, -0.747613, -0.21979974, 0.5388443, -0.6559581, 0.9027719, 0.38468593, -0.00081811484, 0.21910836, -0.77063334, 0.056365434, -0.58319485, 0.32561207, -0.7964186, -0.7741682, 0.8398159, 0.80066234, -0.28749156, 0.64542425, -0.019103188, 0.88423866, 0.2550053, -0.54810077, -0.9405954, 0.8065274, 0.59338576, 0.30244562, 0.7565199, -0.5935304, 0.8612106, -0.17676072, 0.29985407, -0.64661413, 0.530226, -0.22994064, 0.9739287, -0.019856727, 0.35384148, 0.24404511, -0.26566097, -0.36365503, 0.9549981, 0.11948434, -0.7272067, 0.56371987, 0.9483228, 0.240978, 0.9036693, 0.88920647, -0.1885465, 0.25278136, 0.90408945, -0.599224, -0.20750499, -0.14940985, 0.8737824, 0.7238624]","[-7.0, 4.0, 4.0, -2.0, -1.0, 4.0, -1.0, 2.0, -2.0, -3.0, -2.0, -1.0, 4.0, -2.0, 4.0, -2.0, -2.0, -3.0, -7.0, -1.0, -8.0, -2.0, -2.0, -7.0, 5.0, 10.0, -7.0, -8.0, 3.0, -7.0, -14.0, 4.0, -2.0, 4.0, 5.0, 3.0, 4.0, -6.0, -7.0, -7.0, 0.0, 5.0, -1.0, -4.0, 1.0, 5.0, 3.0, -7.0, -3.0, -2.0, 5.0, 3.0, 5.0, -1.0, 1.0, 1.0, -1.0, -2.0, 0.0, 4.0, 3.0, 4.0, -2.0, 0.0, 3.0, 4.0, -7.0, -3.0, -2.0, 5.0, 5.0, 2.0, -1.0, 4.0, -6.0, 3.0, 4.0, -3.0, -1.0, 6.0, -2.0, -6.0, -1.0, -7.0, 6.0, 10.0, -1.0, -1.0, 0.0, 4.0, -1.0, 6.0, -1.0, 10.0, -2.0, 4.0, 4.0, -3.0, -6.0, -4.0, -1.0, -1.0, 1.0, -1.0, -8.0, 5.0, 1.0, 3.0, 5.0, -3.0, -2.0, -7.0, -7.0, -2.0, 4.0, -8.0, 5.0, -7.0, 5.0, -3.0, 5.0, 5.0, 0.0, 4.0, -2.0, 3.0, -1.0, 4.0, 3.0, -2.0, 5.0, -1.0, -4.0, -7.0, -2.0, -8.0, -1.0, -8.0, 3.0, 4.0, 4.0, 5.0, -2.0, 4.0, 5.0, 4.0, -8.0, 0.0, -7.0, 4.0, -10.0, 5.0, -3.0, 0.0, -2.0, -7.0, 4.0, 4.0, 4.0, -1.0, -3.0, 4.0, 5.0, 3.0, -13.0, -1.0, -7.0, 4.0, -9.0, -5.0, 3.0, -1.0, 5.0, 3.0, 1.0, -2.0, -2.0, -2.0, -3.0, 0.0, 3.0, -2.0, -2.0, -5.0, -2.0, -2.0, 5.0, -6.0, 2.0, 10.0, -3.0, -2.0, 4.0, -4.0, -2.0, 0.0, -2.0, -8.0, -2.0, -2.0, -8.0, -2.0, -2.0, 5.0, -1.0, 5.0, -1.0, -3.0, -1.0, -1.0, 5.0, 4.0, -2.0, 4.0, 1.0, -8.0, 4.0, 4.0, -2.0, -3.0, 4.0, -7.0, -3.0, -7.0, 8.0, 5.0, 4.0, -3.0, 0.0, 4.0, -7.0, 0.0, 5.0, -2.0, 0.0, 4.0, 4.0, 4.0, -1.0, 3.0, 1.0, -1.0, -6.0, 3.0, 2.0, 0.0, 4.0, -5.0, -2.0, 6.0, -2.0, -5.0, -2.0, -1.0, -2.0, -4.0, -1.0, -4.0, -2.0, -2.0, -2.0, 5.0, -7.0, -2.0, 4.0, -1.0, -7.0, 1.0, -7.0, 5.0, 4.0, -1.0, -1.0, -6.0, 6.0, -1.0, 5.0, -2.0, -4.0, -7.0, 4.0, -1.0, 0.0, -1.0, -1.0, 12.0, 0.0, -1.0, 4.0, 4.0, -1.0, -2.0, -8.0, -2.0, -2.0, -1.0, -7.0, -1.0, -3.0, -2.0, 4.0, 3.0, 4.0, -1.0, -1.0, 0.0, -3.0, 4.0, 0.0, -2.0, 3.0, 3.0, -6.0, -1.0, -2.0, 0.0, 1.0, -1.0, 5.0, 4.0, -1.0, -8.0, -1.0, 3.0, 6.0, 1.0, -7.0, 4.0, 5.0, 2.0, 0.0, 0.0, 4.0, 10.0, -2.0, -2.0, -8.0, -2.0, 4.0, 12.0, -1.0, 5.0, -4.0, -7.0, -7.0, 0.0, -1.0, -1.0, -2.0, -1.0, -3.0, -1.0, -1.0, 4.0, 5.0, 5.0, -2.0, -7.0, 3.0, -1.0, -7.0, -1.0, 4.0, -7.0, 6.0, -1.0, 4.0, 10.0, 4.0, -7.0, -1.0, 13.0, 4.0, 9.0, 0.0, 4.0, -3.0, 4.0, 5.0, 4.0, 4.0, 4.0, -2.0, 5.0, -1.0, 4.0, 3.0, 5.0, 5.0, 3.0, 0.0, 5.0, -2.0, 11.0, 5.0, 11.0, -2.0, -2.0, 5.0, 10.0, -3.0, 5.0, 10.0, -1.0, 3.0, -1.0, -7.0, 5.0, -2.0, 4.0, -2.0, 3.0, 3.0, 1.0, -8.0, -2.0, -10.0, 5.0, 0.0, -3.0, -8.0, 1.0, 8.0, -6.0, 6.0, 3.0, -7.0, -7.0, -2.0, -1.0, -1.0, -1.0, -2.0, -2.0, -2.0, -2.0, -14.0, -7.0, -1.0, -7.0, -1.0, -8.0, 4.0, -2.0, 5.0, -2.0, 5.0, -2.0, 5.0, 4.0, -1.0, -2.0, 4.0, 4.0, 5.0, 4.0, 3.0, -1.0, 4.0, 2.0, 4.0, -2.0, -2.0, -1.0, 9.0, -1.0, -1.0, -8.0, 0.0, 5.0, 2.0, 4.0, -1.0, 5.0, -1.0, 5.0, -8.0, -1.0, -2.0, -1.0, -2.0, -2.0, -10.0, 5.0, -5.0, -1.0, 5.0, 11.0, -1.0, 0.0, -5.0, -2.0, -2.0, 2.0, -2.0, -2.0, -2.0, -8.0, 0.0, -2.0, -7.0, 4.0, -7.0, -1.0, -3.0, -5.0, 4.0, 2.0, -1.0, -2.0, 4.0, 5.0, -4.0, 4.0, -1.0, -1.0, -1.0, 3.0, 9.0, -7.0, 4.0, -2.0, -3.0, -2.0, -2.0, 5.0, 4.0, 4.0, -5.0, -1.0, -1.0, 3.0, -3.0, -1.0, -7.0, 0.0, -1.0, 4.0, 3.0, -5.0, 5.0, 4.0, -1.0, -1.0, 4.0, -3.0, -1.0, -1.0, -2.0, -2.0, 5.0, 5.0, -2.0, 1.0, -7.0, 5.0, 4.0, -2.0, -1.0, 3.0, -1.0, -7.0, -5.0, -2.0, -1.0, -1.0, 5.0, -1.0, 0.0, 4.0, -3.0, -7.0, -2.0, -1.0, -1.0, -2.0, 3.0, -3.0, -2.0, 1.0, 1.0, -3.0, 0.0, -1.0, -8.0, 4.0, 3.0, 1.0, -1.0, -2.0, -7.0, -2.0, -1.0, 3.0, -1.0, -1.0, 5.0, -3.0, 4.0, 0.0, -2.0, -7.0, -7.0, 3.0, 5.0, -1.0, 11.0, 4.0, -1.0, 4.0, -2.0, 0.0, 10.0, 0.0, -7.0, -2.0, -8.0, -2.0, 7.0, -1.0, -1.0, 4.0, 6.0, 5.0, 4.0, 2.0, -1.0, -2.0, 10.0, -4.0, -1.0, -2.0, 4.0, -1.0, -1.0, 0.0, 5.0, -1.0, 2.0, -1.0, -2.0, -1.0, -6.0, 2.0, -1.0, -2.0, 1.0, -2.0, 3.0, -2.0, -2.0, 6.0, -2.0, -2.0, 1.0, -2.0, -2.0, -6.0, 4.0, 1.0, 5.0, -3.0, -3.0, 5.0, 4.0, -6.0, -2.0, -1.0, -1.0, 0.0, -1.0, -3.0, 3.0, 3.0, 1.0, 0.0, 5.0, 1.0, -1.0, -1.0, -2.0, -1.0, 5.0, -3.0, 5.0, -1.0, -12.0, -2.0, -1.0, -1.0, -5.0, -7.0, -1.0, -2.0, -3.0, 6.0, 8.0, -3.0, 0.0, 4.0, 3.0, 5.0, -1.0, 3.0, 4.0, -1.0, 4.0, -1.0, 5.0, -15.0, -7.0, -1.0, -2.0, 1.0, -7.0, 5.0, -1.0, 1.0, -2.0, 6.0, 0.0, -4.0, -1.0, -2.0, 2.0, -2.0, 0.0, -6.0, -8.0, -2.0, 4.0, 4.0, -2.0, 1.0, 1.0, -5.0, 4.0, -1.0, -3.0, 10.0, -2.0, 5.0, 3.0, -1.0, 3.0, 5.0, 4.0, -2.0, -3.0, 4.0, 4.0, -1.0, 3.0, 10.0, -1.0, 2.0, -2.0, 4.0, -2.0, 5.0, -6.0, 5.0, -1.0, -5.0, 4.0, 0.0, 5.0, 0.0, -2.0, -2.0, -8.0, -2.0, -1.0, 5.0, -1.0, 5.0, -2.0, -1.0, -2.0, -2.0, -2.0, -2.0, 10.0, 4.0, 3.0, 3.0, 4.0, 10.0, 4.0, 4.0, -2.0, 0.0, -2.0, -13.0, 4.0, -1.0, 9.0, -2.0, 4.0, 3.0, 4.0, -2.0, -2.0, 5.0, -3.0, -7.0, -2.0, -2.0, -2.0, -7.0, -1.0, -2.0, 0.0, 10.0, 9.0, -1.0, 4.0, -2.0, -2.0, -7.0, 5.0, 11.0, 4.0, 5.0, -1.0, -8.0, 4.0, -2.0, -5.0, 4.0, -1.0, -7.0, -1.0, 4.0, 0.0, -1.0, -1.0, -8.0, -2.0, -1.0, 5.0, 4.0, -9.0, -4.0, -1.0, -14.0, 2.0, -12.0, -2.0, -7.0, 6.0, -1.0, 5.0, -8.0, -7.0, -1.0, -2.0, -4.0, 3.0, -2.0, -7.0, 0.0, 4.0, 5.0, 5.0, 9.0, 5.0, 2.0, -2.0, -1.0, 7.0, -1.0, 3.0, -1.0, 4.0, 4.0, -1.0, -2.0, 5.0, 4.0, -2.0, -2.0, -1.0, 4.0, -1.0, 0.0, -4.0, 3.0, -8.0, 4.0, -5.0, -1.0, -7.0, -2.0, -7.0, -1.0, 3.0, 5.0, -2.0, 5.0, -9.0, 5.0, -2.0, 0.0, -1.0, -5.0, -1.0, -1.0, -14.0, 0.0, 5.0, 11.0, -2.0, 5.0, 5.0, 4.0, 4.0, -1.0, -1.0, 4.0, -2.0, -1.0, -5.0, 4.0, 5.0, 4.0, 2.0, -7.0, -2.0, -2.0, 5.0, 6.0, -1.0, 4.0, 0.0, 5.0, 5.0, -7.0, -6.0, 6.0, 3.0, -7.0, -7.0, -3.0, -7.0, -1.0, 5.0, -6.0, -13.0, 10.0, -1.0, 6.0, 10.0, -1.0, 3.0, -2.0, 0.0, 1.0, -2.0, -3.0, -2.0, 5.0, 5.0, -3.0, -2.0, -6.0, 15.0, 5.0, 3.0, -4.0, 5.0, 0.0, -1.0, 5.0, -2.0, 4.0, -1.0, 5.0, 4.0, -1.0, 4.0, -1.0, 11.0, -2.0, -8.0, -1.0, 8.0, 5.0, 9.0, 2.0, -6.0, 4.0, 3.0, -8.0, -1.0, 11.0, -2.0, -2.0, -20.0, -2.0]",8.192839107609505,0.003340721130371,0.0,0.0,0
70,70,"[0.43770427, 0.15348178, 0.71880573, -0.65077025, 0.6386379, 0.9053208, -0.9518946, 0.107014336, 0.13101086, 0.67063904, 0.45405918, 0.34064612, 0.07518574, 0.5243915, 0.17502822, 0.8412369, 0.33933067, 0.27686062, 0.59833497, -0.50976855, 0.8345446, -0.57697076, -0.555762, -0.60501194, 0.00873241, 0.3142382, -0.24955684, -0.8460312, -0.98647404, -0.12593457, 0.04673434, -0.95510304, 0.2298309, -0.47122356, -0.18522337, -0.3723144, 0.35581094, 0.9056171, 0.6539044, -0.95946985, 0.9674593, 0.50355905, 0.4426161, -0.24161056, -0.23129755, -0.53503567, 0.98456913, 0.20853813, -0.50081456, 0.84406966, 0.87739754, 0.7037345, 0.13576572, 0.8227298, -0.46691787, 0.29538158, -0.34064838, 0.61971366, -0.9841864, 0.50848967, 0.51087964, -0.2550239, 0.09275489, 0.3876672, -0.7163335, 0.013707032, 0.5358013, -0.7037156, 0.90182424, 0.58375865, 0.66705674, 0.2474404, 0.5062897, 0.5612574, -0.5621087, 0.1591299, 0.28158098, 0.42878494, -0.6671913, 0.40720168, -0.82331544, -0.44286865, 0.7487012, 0.27698976, 0.05575908, -0.19555336, -0.9992493, 0.9080959, 0.27017397, 0.81257236, 0.06846345, 0.69179314, 0.848804, 0.09576113, -0.9015243, 0.457265, 0.68445003, -0.6123083, 0.32839003, -0.7316635, 0.5483778, -0.4185962, 0.23309945, -0.07225728, -0.5203836, -0.6935212, -0.32551822, -0.27596387, 0.60499513, -0.084020525, -0.96821576, -0.46148086, -0.5955312, -0.51046926, 0.11923971, -0.4927361, 0.62251014, -0.43000755, 0.09852373, -0.3353857, 0.28411222, 0.16152151, 0.43298784, -0.1310705, -0.8892852, -0.8343255, 0.12836441, 0.17881161, -0.16739142, -0.45597127, -0.2655588, 0.32179943, -0.8397237, 0.74036485, -0.19980688, -0.3167611, 0.9571993, 0.154925, 0.07239575, 0.34918892, 0.478632, -0.5173312, -0.06716143, 0.87431675, 0.4919879, 0.37796336, -0.5354039, 0.45583338, -0.5546104, -0.9749344, 0.06700504, -0.8955121, 0.49591586, 0.30432832, -0.42492464, -0.25090447, -0.23726077, 0.5329082, 0.9479508, -0.41737816, -0.60305375, -0.805864, 0.49788895, 0.4867091, 0.28610763, 0.5150765, 0.21943472, -0.23717897, -0.35042766, -0.22701551, -0.48345256, 0.20453167, -0.21826641, -0.9221435, -0.43485686, -0.7891541, -0.685305, -0.6549246, 0.5420292, -0.15626015, 0.3004082, -0.64740455, -0.4278, -0.08857547, 0.11054128, -0.63581616, 0.15388782, 0.027358307, -0.25326112, 0.9676334, -0.1102442, 0.17243204, 0.015091415, -0.6820551, 0.5866593, 0.9032202, 0.75089115, -0.13442828, -0.2533208, -0.94597477, -0.10876469, -0.7164376, -0.7070572, -0.9069538, -0.5240118, 0.49131733, 0.30483034, 0.27260974, -0.08114333, -0.95374304, -0.20832391, -0.07767485, 0.41474688, -0.3853874, -0.53027743, -0.45885825, 0.42995077, -0.38029495, -0.16330172, 0.9685189, -0.54946554, 0.6765554, -0.019993747, -0.052176084, 0.47363463, -0.5934021, -0.98670644, -0.2816031, 0.5662754, 0.15359429, 0.5281283, -0.8429719, 0.7262751, 0.21445447, 0.009693991, -0.094773725, -0.59134585, 0.33906522, 0.25218943, 0.82121015, 0.4387237, -0.9002135, 0.571457, -0.7218093, -0.34599432, -0.44439003, -0.62789863, 0.84125894, -0.087398686, -0.40382898, -0.7136864, 0.7862711, 0.442286, 0.9753, 0.54001445, 0.0031510147, 0.27455026, -0.1684532, 0.8854024, -0.828116, -0.36374906, 0.7474646, -0.6922422, 0.901658, -0.4286383, -0.12849133, -0.50496286, 0.22557612, 0.9429885, -0.71704584, -0.54922026, 0.98743325, 0.7457084, -0.6083142, -0.9829301, -0.93685424, 0.7102102, 0.88942975, 0.9315485, -0.5232717, 0.37672317, -0.13374257, 0.63917416, -0.063148215, -0.22176835, -0.5031189, -0.045259647, -0.58360195, 0.79383594, 0.44888905, 0.7147386, -0.3440588, -0.4641426, -0.8006377, -0.37645993, 0.3893005, -0.7585657, -0.7875809, -0.26043987, 0.63859475, 0.75911653, 0.8562412, 0.52887946, -0.9957767, -0.452414, 0.18050773, -0.76794773, 0.10263463, -0.8337824, -0.8642259, -0.6449148, -0.88585263, -0.9154088, -0.7339621, 0.20921116, 0.0018665298, -0.75152487, -0.23089045, -0.9481866, 0.60393435, 0.6422984, 0.2634396, 0.07589538, -0.49444753, -0.8241426, 0.34735438, 0.69386375, 0.5097797, 0.53603584, 0.91506565, -0.6118215, -0.6991725, 0.16050707, -0.69605494, 0.8035373, -0.77079886, 0.59984744, -0.52941096, -0.2720545, 0.17433451, 0.23682556, 0.08507965, -0.15843719, -0.968283, -0.056586962, -0.8234, -0.28148198, -0.5873927, 0.6998717, 0.4969139, -0.99175763, -0.25054324, -0.62711936, 0.08897401, -0.9935583, -0.31146222, -0.5411707, -0.24648708, -0.31158647, -0.27052695, -0.98219603, 0.8637063, 0.21965837, 0.9459017, 0.5663407, 0.46185878, -0.25323838, 0.95936227, 0.5334821, -0.71194935, -0.14899169, -0.34985977, 0.96607757, 0.99110997, 0.6438452, 0.18208551, 0.42481723, 0.39064777, -0.9525909, -0.46476543, 0.068933986, -0.13919984, 0.568264, 0.48898542, 0.7760684, 0.3504285, 0.74035925, 0.38782078, -0.9650756, -0.49310488, -0.24258475, 0.029654182, 0.4238378, -0.99927366, -0.4411971, -0.20058975, -0.1272221, 0.5670817, -0.9761607, 0.6539164, -0.9614404, 0.123252474, -0.0033713875, 0.5150896, -0.8835246, 0.8759931, 0.84177077, 0.22066149, 0.33445257, -0.2288074, 0.47819644, 0.7074205, 0.6672561, -0.5843964, -0.28532144, 0.35969478, -0.8765368, -0.8903735, 0.2602523, 0.47113943, -0.88790756, -0.25104815, -0.7639834, -0.16711843, -0.6403459, -0.7842368, 0.024181785, 0.82681465, -0.90706915, -0.9591236, 0.57112503, 0.89967996, -0.77783525, 0.6722257, -0.9868163, 0.24310161, -0.9876234, 0.6309647, 0.74411243, 0.19186907, -0.4676898, 0.76493365, -0.8666769, -0.48519063, 0.19101758, 0.39214095, 0.79352754, -0.29449522, -0.55992544, -0.0987927, 0.82173896, 0.1635797, 0.48769584, -0.300854, -0.044483297, 0.2336899, 0.74914694, 0.5731662, -0.95666045, 0.5582806, -0.88713753, 0.7514165, 0.58258885, -0.14927053, -0.2567052, 0.24752472, 0.7847534, -0.37735868, 0.44350553, 0.02098057, 0.62357247, 0.18377197, -0.3546982, -0.69582874, 0.6064651, -0.47774297, -0.977043, 0.42597222, 0.08343186, 0.96312064, -0.25090474, 0.42120907, 0.4969592, -0.48306927, -0.19976266, 0.43374422, 0.3160769, -0.038986728, 0.5002828, 0.68671787, 0.76349115, 0.84625596, -0.6718044, 0.061354123, 0.93026245, -0.87105703, -0.8398383, 0.2450338, -0.7766459, -0.33207834, 0.62624884, -0.93880606, -0.39540985, -0.5530669, -0.22958778, 0.6851468, -0.7221736, 0.3672013, 0.18523878, 0.60226053, -0.7920302, -0.12631975, 0.32309964, -0.021871228, 0.5258994, -0.8367996, -0.2507037, -0.07618229, 0.9443495, 0.44538492, -0.6521002, 0.6500727, -0.9373088, 0.74199843, 0.886732, -0.8719286, 0.08215547, 0.4952439, -0.3435982, -0.15402456, 0.83009547, 0.2710726, 0.7765164, 0.51065266, 0.11539943, 0.19673164, -0.40302086, -0.5649737, -0.8963898, 0.112047166, -0.3702695, 0.8478668, 0.9431343, 0.557528, 0.8033957, 0.948705, -0.7529294, -0.4894678, -0.85698175, -0.5895541, -0.9933959, -0.40411818, 0.50801635, 0.001243312, -0.5220169, -0.43836597, 0.8317806, -0.53666866, 0.36708385, -0.21570227, 0.48891628, 0.3857735, -0.77800107, -0.11265, 0.111492425, 0.32277107, 0.19529656, 0.8492409, -0.51105374, -0.8377047, -0.28531125, -0.85434073, 0.54160565, 0.11299321, -0.72012305, -0.67985964, 0.7977768, 0.17259113, -0.19052002, 0.90316737, 0.31753072, -0.35569474, -0.45131624, -0.4684471, 0.81962574, 0.90315753, -0.25991517, -0.348451, 0.52761185, -0.63678, 0.22692154, -0.94063985, 0.7943159, 0.6878083, -0.86711353, 0.70802253, -0.06556218, 0.51897615, 0.50064725, -0.4866025, -0.5308999, 0.1909683, 0.4007598, 0.54950625, -0.06268974, 0.10307753, 0.015921643, -0.17410249, -0.7268548, -0.9646556, -0.9923758, 0.21482529, -0.6595178, -0.99664485, -0.15159737, 0.059037577, -0.0030348592, -0.79703027, 0.42649627, -0.37170434, -0.943366, -0.63848126, 0.9804108, 0.5713035, -0.1397696, -0.7155883, -0.9261312, -0.25210604, 0.3012543, -0.14306344, -0.011986893, -0.63951707, 0.6827643, 0.3568665, 0.21391171, -0.42773408, -0.8712948, -0.9771512, 0.075902075, -0.6955765, -0.08583902, -0.015064621, 0.40764716, 0.065034315, 0.8860923, 0.325409, 0.4419458, -0.26317468, 0.813535, 0.4512505, -0.8142619, -0.5067908, 0.95524716, 0.18424146, 0.7765077, -0.48926654, 0.05540435, 0.3193836, 0.78170556, -0.96763873, -0.12972872, 0.4945806, 0.058081634, 0.17509077, 0.47021756, 0.19351126, -0.3810459, -0.16853222, -0.49845123, 0.57798797, 0.33474395, -0.27440777, 0.8238348, -0.7776301, 0.554656, 0.878375, -0.98489046, -0.76123464, 0.88107246, -0.19853781, -0.2401679, 0.6196103, 0.1618072, -0.27499187, 0.40453616, 0.12465976, -0.47449118, -0.18225075, -0.8300461, -0.6476296, -0.89390475, 0.6032802, 0.3291511, -0.11748119, -0.987961, -0.8214573, 0.47935253, -0.45244655, -0.9308026, -0.64593303, -0.7732231, -0.0760953, -0.3222471, -0.29477692, 0.1341718, 0.6726725, -0.88988674, -0.64802176, -0.5336966, -0.6219905, -0.25741452, -0.85488343, 0.511328, 0.55417305, -0.9377042, 0.593252, -0.9155095, 0.11861149, 0.96876305, -0.5116477, -0.6140856, -0.38597587, 0.7576343, 0.4853218, 0.5335789, 0.42584205, -0.32689765, 0.4671604, -0.07774221, 0.9913749, -0.7882688, -0.44844452, 0.49897325, 0.053156596, 0.3993986, 0.9812778, 0.119389854, 0.9382749, -0.5178904, -0.6702152, 0.83185923, 0.16263573, 0.0053456817, 0.76119965, 0.8705264, 0.60989213, 0.5751909, -0.13263479, -0.63272756, -0.8198067, -0.012126416, 0.4296594, 0.10234561, -0.837014, 0.6819031, 0.41606086, 0.31869784, 0.9320878, -0.6117183, -0.48865554, 0.84610385, 0.27435172, -0.048121616, -0.40755737, 0.101626724, 0.8642497, -0.18136548, 0.4988778, 0.9056084, 0.32528946, -0.6331463, 0.3598955, -0.9158368, -0.64634925, -0.92258054, 0.18414445, 0.06463626, -0.7250785, -0.07559136, -0.4029675, -0.23712043, 0.41800648, 0.88387156, 0.6064946, 0.5872965, 0.0854023, -0.29857516, 0.19079648, 0.6015577, 0.8321332, -0.11496851, 0.6716067, -0.2908355, -0.24677996, 0.30414405, 0.334232, -0.37800568, -0.40051717, 0.61486804, -0.50796306, -0.021272233, -0.62671626, 0.023018852, 0.78834313, -0.3153564, 0.35678956, 0.16340803, 0.30039555, -0.57501554, -0.042840794, -0.22916701, 0.4305012, -0.09166515, 0.51925963, -0.21062054, -0.3957492, 0.23865615, -0.23055857, 0.59146446, -0.5785514, -0.49490473, 0.051911607, -0.00974712, 0.8446031, 0.47987258, -0.25896135, 0.484699, 0.2559615, 0.9355298, 0.312529, 0.33175856, -0.40358654, -0.9220609, 0.63627934, 0.01720458, -0.8887718, 0.13393301, -0.82128286, -0.65753555, -0.12883723, 0.5718919, -0.13921782, 0.7454395, -0.58695984, 0.5287589, 0.29799947, 0.32846853, -0.73218185, -0.9999552, 0.46287334, -0.34513596, 0.056778815, 0.5692165, -0.8879038, 0.7322265, -0.51872706, -0.5678754, -0.47326487, -0.28547576, 0.8596331, -0.6042054, -0.66838366, 0.34950125, -0.84266937, 0.7882306, -0.03167046, -0.145847, 0.591517, -0.92098933, -0.7956091, 0.92959076, -0.6221461, -0.07250223, -0.20427014, 0.85293674, 0.758844, -0.78736746, -0.25500113, -0.74069494, 0.6092415, -0.16917291, -0.058577538, 0.48927587, -0.8694472, -0.1087174, 0.8807707, 0.0214063, -0.5693414, 0.6120027, 0.81670254, -0.57020414, -0.111724064, -0.086597346, -0.95514125, -0.012745702, 0.5604771, 0.549751, 0.57977843, -0.41562083, -0.9783224, 0.036875606, 0.5248121, -0.739626, -0.2799899, 0.8632374, -0.36499548, -0.59150255, 0.19079942, -0.1534968, -0.4461054, -0.23044772, 0.40030065, 0.16009028, -0.009181265, 0.17061098, -0.12075395, 0.6152018, 0.89196426, 0.45523497, -0.2247565, 0.24430735, -0.07387944, -0.98358166, 0.03976767, -0.9755575, -0.96940047, -0.10020993, 0.06544411, 0.36087254, 0.5149777, -0.8721783, 0.9517123, -0.19434209, 0.3517481, 0.38857675, 0.097848795, 0.12118136, -0.5694934, 0.35470134, 0.69824606, 0.7192295, -0.18537265, 0.68885916, -0.16727524, 0.03817681, -0.61452657, -0.83734906, -0.37922832, 0.4475769, 0.06377774, 0.30704734, -0.09230669, -0.5015365, -0.6953958, 0.8503737, -0.5022947, 0.7825974, 0.38635135, 0.53484976, 0.030364703, -0.31360874, 0.5766349, -0.23235986, -0.39738944, -0.057679024, 0.9701, 0.016784867, -0.7729628, -0.85289174, 0.4598061, 0.93249285, 0.07724494, -0.75152713, -0.9027189, -0.34593165, -0.56073076, 0.492664, -0.9297564, 0.5495254, 0.9428586, 0.36284152, -0.8088269, -0.013990409, 0.7141271, 0.817476, 0.84314525, -0.16316237, 0.47596255, 0.97423303, -0.522581, -0.5312003, -0.5065006, 0.0054194825, -0.48886278, -0.35325983, 0.89054745, -0.8310542, -0.47056633, 0.6605286, -0.44017774]","[-7.0, 4.0, 4.0, -2.0, -1.0, 4.0, -1.0, 2.0, -2.0, -3.0, -2.0, -1.0, 4.0, -2.0, 4.0, -2.0, -2.0, -3.0, -7.0, -1.0, -8.0, -2.0, -2.0, -7.0, 5.0, 10.0, -7.0, -8.0, 3.0, -7.0, -14.0, 4.0, -2.0, 4.0, 5.0, 3.0, 4.0, -6.0, -7.0, -7.0, 0.0, 5.0, -1.0, -4.0, 1.0, 5.0, 3.0, -7.0, -3.0, -2.0, 5.0, 3.0, 5.0, -1.0, 1.0, 1.0, -1.0, -2.0, 0.0, 4.0, 3.0, 4.0, -2.0, 0.0, 3.0, 4.0, -7.0, -3.0, -2.0, 5.0, 5.0, 2.0, -1.0, 4.0, -6.0, 3.0, 4.0, -3.0, -1.0, 6.0, -2.0, -6.0, -1.0, -7.0, 6.0, 10.0, -1.0, -1.0, 0.0, 4.0, -1.0, 6.0, -1.0, 10.0, -2.0, 4.0, 4.0, -3.0, -6.0, -4.0, -1.0, -1.0, 1.0, -1.0, -8.0, 5.0, 1.0, 3.0, 5.0, -3.0, -2.0, -7.0, -7.0, -2.0, 4.0, -8.0, 5.0, -7.0, 5.0, -3.0, 5.0, 5.0, 0.0, 4.0, -2.0, 3.0, -1.0, 4.0, 3.0, -2.0, 5.0, -1.0, -4.0, -7.0, -2.0, -8.0, -1.0, -8.0, 3.0, 4.0, 4.0, 5.0, -2.0, 4.0, 5.0, 4.0, -8.0, 0.0, -7.0, 4.0, -10.0, 5.0, -3.0, 0.0, -2.0, -7.0, 4.0, 4.0, 4.0, -1.0, -3.0, 4.0, 5.0, 3.0, -13.0, -1.0, -7.0, 4.0, -9.0, -5.0, 3.0, -1.0, 5.0, 3.0, 1.0, -2.0, -2.0, -2.0, -3.0, 0.0, 3.0, -2.0, -2.0, -5.0, -2.0, -2.0, 5.0, -6.0, 2.0, 10.0, -3.0, -2.0, 4.0, -4.0, -2.0, 0.0, -2.0, -8.0, -2.0, -2.0, -8.0, -2.0, -2.0, 5.0, -1.0, 5.0, -1.0, -3.0, -1.0, -1.0, 5.0, 4.0, -2.0, 4.0, 1.0, -8.0, 4.0, 4.0, -2.0, -3.0, 4.0, -7.0, -3.0, -7.0, 8.0, 5.0, 4.0, -3.0, 0.0, 4.0, -7.0, 0.0, 5.0, -2.0, 0.0, 4.0, 4.0, 4.0, -1.0, 3.0, 1.0, -1.0, -6.0, 3.0, 2.0, 0.0, 4.0, -5.0, -2.0, 6.0, -2.0, -5.0, -2.0, -1.0, -2.0, -4.0, -1.0, -4.0, -2.0, -2.0, -2.0, 5.0, -7.0, -2.0, 4.0, -1.0, -7.0, 1.0, -7.0, 5.0, 4.0, -1.0, -1.0, -6.0, 6.0, -1.0, 5.0, -2.0, -4.0, -7.0, 4.0, -1.0, 0.0, -1.0, -1.0, 12.0, 0.0, -1.0, 4.0, 4.0, -1.0, -2.0, -8.0, -2.0, -2.0, -1.0, -7.0, -1.0, -3.0, -2.0, 4.0, 3.0, 4.0, -1.0, -1.0, 0.0, -3.0, 4.0, 0.0, -2.0, 3.0, 3.0, -6.0, -1.0, -2.0, 0.0, 1.0, -1.0, 5.0, 4.0, -1.0, -8.0, -1.0, 3.0, 6.0, 1.0, -7.0, 4.0, 5.0, 2.0, 0.0, 0.0, 4.0, 10.0, -2.0, -2.0, -8.0, -2.0, 4.0, 12.0, -1.0, 5.0, -4.0, -7.0, -7.0, 0.0, -1.0, -1.0, -2.0, -1.0, -3.0, -1.0, -1.0, 4.0, 5.0, 5.0, -2.0, -7.0, 3.0, -1.0, -7.0, -1.0, 4.0, -7.0, 6.0, -1.0, 4.0, 10.0, 4.0, -7.0, -1.0, 13.0, 4.0, 9.0, 0.0, 4.0, -3.0, 4.0, 5.0, 4.0, 4.0, 4.0, -2.0, 5.0, -1.0, 4.0, 3.0, 5.0, 5.0, 3.0, 0.0, 5.0, -2.0, 11.0, 5.0, 11.0, -2.0, -2.0, 5.0, 10.0, -3.0, 5.0, 10.0, -1.0, 3.0, -1.0, -7.0, 5.0, -2.0, 4.0, -2.0, 3.0, 3.0, 1.0, -8.0, -2.0, -10.0, 5.0, 0.0, -3.0, -8.0, 1.0, 8.0, -6.0, 6.0, 3.0, -7.0, -7.0, -2.0, -1.0, -1.0, -1.0, -2.0, -2.0, -2.0, -2.0, -14.0, -7.0, -1.0, -7.0, -1.0, -8.0, 4.0, -2.0, 5.0, -2.0, 5.0, -2.0, 5.0, 4.0, -1.0, -2.0, 4.0, 4.0, 5.0, 4.0, 3.0, -1.0, 4.0, 2.0, 4.0, -2.0, -2.0, -1.0, 9.0, -1.0, -1.0, -8.0, 0.0, 5.0, 2.0, 4.0, -1.0, 5.0, -1.0, 5.0, -8.0, -1.0, -2.0, -1.0, -2.0, -2.0, -10.0, 5.0, -5.0, -1.0, 5.0, 11.0, -1.0, 0.0, -5.0, -2.0, -2.0, 2.0, -2.0, -2.0, -2.0, -8.0, 0.0, -2.0, -7.0, 4.0, -7.0, -1.0, -3.0, -5.0, 4.0, 2.0, -1.0, -2.0, 4.0, 5.0, -4.0, 4.0, -1.0, -1.0, -1.0, 3.0, 9.0, -7.0, 4.0, -2.0, -3.0, -2.0, -2.0, 5.0, 4.0, 4.0, -5.0, -1.0, -1.0, 3.0, -3.0, -1.0, -7.0, 0.0, -1.0, 4.0, 3.0, -5.0, 5.0, 4.0, -1.0, -1.0, 4.0, -3.0, -1.0, -1.0, -2.0, -2.0, 5.0, 5.0, -2.0, 1.0, -7.0, 5.0, 4.0, -2.0, -1.0, 3.0, -1.0, -7.0, -5.0, -2.0, -1.0, -1.0, 5.0, -1.0, 0.0, 4.0, -3.0, -7.0, -2.0, -1.0, -1.0, -2.0, 3.0, -3.0, -2.0, 1.0, 1.0, -3.0, 0.0, -1.0, -8.0, 4.0, 3.0, 1.0, -1.0, -2.0, -7.0, -2.0, -1.0, 3.0, -1.0, -1.0, 5.0, -3.0, 4.0, 0.0, -2.0, -7.0, -7.0, 3.0, 5.0, -1.0, 11.0, 4.0, -1.0, 4.0, -2.0, 0.0, 10.0, 0.0, -7.0, -2.0, -8.0, -2.0, 7.0, -1.0, -1.0, 4.0, 6.0, 5.0, 4.0, 2.0, -1.0, -2.0, 10.0, -4.0, -1.0, -2.0, 4.0, -1.0, -1.0, 0.0, 5.0, -1.0, 2.0, -1.0, -2.0, -1.0, -6.0, 2.0, -1.0, -2.0, 1.0, -2.0, 3.0, -2.0, -2.0, 6.0, -2.0, -2.0, 1.0, -2.0, -2.0, -6.0, 4.0, 1.0, 5.0, -3.0, -3.0, 5.0, 4.0, -6.0, -2.0, -1.0, -1.0, 0.0, -1.0, -3.0, 3.0, 3.0, 1.0, 0.0, 5.0, 1.0, -1.0, -1.0, -2.0, -1.0, 5.0, -3.0, 5.0, -1.0, -12.0, -2.0, -1.0, -1.0, -5.0, -7.0, -1.0, -2.0, -3.0, 6.0, 8.0, -3.0, 0.0, 4.0, 3.0, 5.0, -1.0, 3.0, 4.0, -1.0, 4.0, -1.0, 5.0, -15.0, -7.0, -1.0, -2.0, 1.0, -7.0, 5.0, -1.0, 1.0, -2.0, 6.0, 0.0, -4.0, -1.0, -2.0, 2.0, -2.0, 0.0, -6.0, -8.0, -2.0, 4.0, 4.0, -2.0, 1.0, 1.0, -5.0, 4.0, -1.0, -3.0, 10.0, -2.0, 5.0, 3.0, -1.0, 3.0, 5.0, 4.0, -2.0, -3.0, 4.0, 4.0, -1.0, 3.0, 10.0, -1.0, 2.0, -2.0, 4.0, -2.0, 5.0, -6.0, 5.0, -1.0, -5.0, 4.0, 0.0, 5.0, 0.0, -2.0, -2.0, -8.0, -2.0, -1.0, 5.0, -1.0, 5.0, -2.0, -1.0, -2.0, -2.0, -2.0, -2.0, 10.0, 4.0, 3.0, 3.0, 4.0, 10.0, 4.0, 4.0, -2.0, 0.0, -2.0, -13.0, 4.0, -1.0, 9.0, -2.0, 4.0, 3.0, 4.0, -2.0, -2.0, 5.0, -3.0, -7.0, -2.0, -2.0, -2.0, -7.0, -1.0, -2.0, 0.0, 10.0, 9.0, -1.0, 4.0, -2.0, -2.0, -7.0, 5.0, 11.0, 4.0, 5.0, -1.0, -8.0, 4.0, -2.0, -5.0, 4.0, -1.0, -7.0, -1.0, 4.0, 0.0, -1.0, -1.0, -8.0, -2.0, -1.0, 5.0, 4.0, -9.0, -4.0, -1.0, -14.0, 2.0, -12.0, -2.0, -7.0, 6.0, -1.0, 5.0, -8.0, -7.0, -1.0, -2.0, -4.0, 3.0, -2.0, -7.0, 0.0, 4.0, 5.0, 5.0, 9.0, 5.0, 2.0, -2.0, -1.0, 7.0, -1.0, 3.0, -1.0, 4.0, 4.0, -1.0, -2.0, 5.0, 4.0, -2.0, -2.0, -1.0, 4.0, -1.0, 0.0, -4.0, 3.0, -8.0, 4.0, -5.0, -1.0, -7.0, -2.0, -7.0, -1.0, 3.0, 5.0, -2.0, 5.0, -9.0, 5.0, -2.0, 0.0, -1.0, -5.0, -1.0, -1.0, -14.0, 0.0, 5.0, 11.0, -2.0, 5.0, 5.0, 4.0, 4.0, -1.0, -1.0, 4.0, -2.0, -1.0, -5.0, 4.0, 5.0, 4.0, 2.0, -7.0, -2.0, -2.0, 5.0, 6.0, -1.0, 4.0, 0.0, 5.0, 5.0, -7.0, -6.0, 6.0, 3.0, -7.0, -7.0, -3.0, -7.0, -1.0, 5.0, -6.0, -13.0, 10.0, -1.0, 6.0, 10.0, -1.0, 3.0, -2.0, 0.0, 1.0, -2.0, -3.0, -2.0, 5.0, 5.0, -3.0, -2.0, -6.0, 15.0, 5.0, 3.0, -4.0, 5.0, 0.0, -1.0, 5.0, -2.0, 4.0, -1.0, 5.0, 4.0, -1.0, 4.0, -1.0, 11.0, -2.0, -8.0, -1.0, 8.0, 5.0, 9.0, 2.0, -6.0, 4.0, 3.0, -8.0, -1.0, 11.0, -2.0, -2.0, -20.0, -2.0]",8.192839107609505,0.0034093856811523,0.0,0.0,0
71,71,"[0.28406647, -0.0065698666, 0.10756829, -0.830643, 0.17209557, 0.28475118, 0.6180504, 0.10787521, 0.8823634, -0.82488257, 0.55824983, -0.1098811, 0.38378164, -0.41293928, 0.6654232, -0.22759321, 0.24723001, 0.02604239, 0.5843352, 0.13922735, -0.6978259, -0.6958684, -0.98239475, 0.26802644, 0.72376853, -0.17414631, 0.14904928, 0.18250063, 0.09221554, 0.008797005, -0.14297134, -0.17269057, 0.6104886, -0.37483308, -0.67805237, -0.99746954, 0.68142396, 0.930362, 0.8304248, 0.296227, -0.24231268, -0.9157783, 0.86350596, -0.63689166, -0.6145546, 0.96063673, 0.55600816, -0.17495936, 0.90353745, 0.17694369, -0.5162793, 0.057126526, -0.58240277, -0.76202077, -0.7182939, -0.52935344, 0.42749947, -0.4294916, -0.17419526, -0.42589113, -0.034581743, 0.5897827, -0.08369776, 0.97515774, -0.8558559, -0.8457078, 0.27965575, -0.52825654, -0.998336, 0.13676456, 0.51848185, -0.8160797, -0.055572107, -0.10112944, -0.28051978, 0.37030065, -0.57436967, -0.037217986, 0.0077894917, 0.5077592, 0.66294986, 0.8079028, -0.035008483, 0.7472432, 0.63549536, -0.81007695, 0.32394078, 0.2055613, 0.8854859, -0.23721603, 0.23013636, 0.58682215, 0.7932797, -0.75414455, -0.22366321, 0.010900134, -0.44721013, -0.61270326, -0.77251756, -0.82796586, -0.89859134, -0.2566333, -0.6284969, -0.26730695, -0.113157906, -0.46123135, -0.33361304, 0.59382457, -0.5370984, 0.2649559, 0.17565243, -0.17434849, 0.9504436, -0.18077049, 0.6808919, 0.4573115, 0.035124127, -0.6792484, -0.055556286, 0.13611749, 0.9969909, -0.26905993, -0.8990412, 0.9438345, -0.47171697, 0.73521495, 0.66911787, 0.43568885, -0.03858312, 0.7499474, 0.16453119, 0.8468996, -0.11327985, -0.9398617, -0.95695263, -0.0021335864, -0.8947876, -0.5411122, -0.60025436, 0.06166078, -0.36039916, -0.92261124, -0.31761903, 0.9098512, 0.76503205, -0.71673524, 0.14132439, 0.45262212, 0.7659694, 0.45814922, 0.1918925, 0.29240748, -0.23788448, -0.29415843, -0.96855724, 0.8541854, 0.6035992, 0.90603304, 0.09797835, 0.16071303, 0.17543831, -0.1981171, -0.5760077, 0.86192685, -0.5564018, -0.043769255, -0.9402896, -0.106752105, -0.30136657, -0.60872, 0.7563657, -0.2570855, -0.05574065, -0.46182168, -0.51286536, -0.20659596, 0.06907086, -0.00591888, 0.532773, 0.07954353, -0.21684843, 0.8618302, -0.5759549, -0.72105205, -0.050561726, -0.5915243, -0.69995135, 0.30120835, 0.12725987, -0.024566736, -0.56554204, -0.57245815, 0.5200193, 0.3687681, 0.4591815, -0.80083245, 0.40975344, -0.899521, -0.3135452, -0.14408886, 0.845808, 0.4985541, 0.5177386, -0.08605092, 0.8695867, -0.24897349, 0.043989036, -0.39591327, 0.25836062, -0.71361893, -0.2752506, 0.6708603, -0.31416994, -0.13494955, -0.28049085, 0.100766994, -0.21506903, -0.21045214, 0.9064699, -0.9282703, -0.08653508, -0.8567606, -0.9285886, -0.107732706, -0.3581507, -0.3587279, -0.2988417, 0.97466344, -0.33973894, -0.6946256, -0.44153365, 0.2581236, 0.5666276, -0.8863981, 0.60224307, 0.53831905, -0.96857816, 0.39188996, 0.90225446, -0.8344215, -0.1177312, 0.7960193, 0.4173889, -0.50983983, 0.8771691, 0.4057064, 0.55750155, 0.2660137, -0.622125, -0.5122582, -0.16179018, -0.30214775, 0.263142, 0.28917903, -0.18416767, 0.52956885, 0.2895915, 0.9929022, -0.16410258, 0.21016216, -0.08320636, -0.8670351, 0.74958026, 0.78948987, 0.56107664, -0.14068095, -0.5688614, -0.09064377, -0.95598346, -0.6935856, -0.6886927, 0.051052827, -0.37367967, -0.5007574, 0.9939577, -0.38183567, -0.5276735, 0.33767402, 0.13642092, -0.40061146, -0.772688, -0.09889181, 0.52790755, -0.6608768, -0.44479713, -0.29247266, 0.59371394, 0.20750262, -0.18593247, 0.26918596, -0.3227621, -0.40488106, 0.36812183, 0.0885319, -0.037213407, -0.195781, -0.6657663, -0.6931202, 0.89319175, 0.15224923, -0.27515182, -0.054629102, -0.8714704, -0.5651046, -0.4652214, -0.23418108, -0.8773784, 0.5306734, -0.88647485, -0.60641026, 0.20044482, -0.9246876, 0.68316436, -0.14064032, -0.089362144, -0.27898604, -0.76725274, 0.5857248, 0.47190472, -0.3104209, -0.51770884, -0.78283, -0.0067428937, 0.70100313, 0.6123124, -0.74838626, -0.96883273, 0.010364732, 0.9546398, -0.69604963, -0.86108994, 0.90598494, -0.05166958, -0.008788733, -0.29929665, 0.91103894, -0.40042537, -0.43769053, 0.5513762, 0.49147344, -0.641131, 0.5893849, -0.50985277, -0.17700736, -0.14426212, -0.90685135, 0.279101, 0.98974603, 0.08414638, 0.8713509, 0.68443066, -0.6410611, 0.8515569, -0.0011978009, 0.800878, -0.49990728, -0.9604766, -0.8685861, -0.26974067, 0.2634879, -0.1460734, 0.2507676, -0.29187632, 0.5498986, -0.1520481, 0.6867955, 0.8592973, -0.7466589, 0.34966666, -0.052137535, 0.5482792, -0.4485977, 0.46421346, -0.32355627, 0.11472651, 0.41645432, 0.53085035, -0.7740329, 0.08489346, -0.049912177, 0.42087007, -0.7244186, 0.6790994, 0.90460646, 0.64639413, -0.1176345, 0.3511772, -0.54046756, 0.6783847, 0.16763663, -0.92036355, 0.73280925, -0.19539261, 0.17751461, 0.9315364, -0.92158824, 0.9136428, -0.3193173, -0.50690967, 0.549556, -0.6457456, -0.38004726, 0.8616123, -0.87911224, -0.9648619, 0.7862576, -0.59947133, -0.8308348, -0.01573262, 0.9523094, -0.846742, -0.80924433, -0.3316284, 0.4006783, 0.4723985, 0.103304334, 0.35650438, 0.5694883, -0.67295784, -0.27587157, -0.58289677, -0.6687328, -0.46287256, -0.089617744, 0.17166638, -0.20935875, -0.74808174, -0.6943622, -0.28802204, -0.1843423, -0.0065410915, 0.015803607, -0.87248224, -0.87797916, -0.27659976, 0.40219563, -0.4106112, 0.7412328, 0.79005915, 0.18947886, 0.52659154, -0.41326347, 0.08502587, -0.11647277, -0.7735852, 0.634755, 0.9343836, 0.23915008, 0.24400532, 0.59293175, 0.7711662, -0.8466659, -0.26751795, 0.2890512, -0.7557311, -0.7670933, -0.3321195, -0.5864749, -0.6290924, 0.8222327, -0.9953341, 0.6400269, 0.6527168, 0.010317871, 0.78262466, 0.8542545, 0.09477838, -0.24837075, -0.72901535, -0.16530505, 0.35155278, -0.6421143, -0.12317085, 0.9911011, -0.047620315, -0.054483492, 0.86411357, -0.6108599, -0.6072692, -0.40598443, 0.94067806, 0.3138164, 0.35094497, 0.074463025, -0.91507846, -0.9317123, -0.17293021, -0.6393321, 0.5834679, 0.82256323, -0.56762165, 0.110437, -0.92189, -0.88859963, 0.25102133, 0.09017746, 0.3175849, -0.7572215, 0.6672715, -0.9770381, -0.88690996, -0.5366125, 0.12457311, 0.9838013, 0.091243654, 0.70912564, -0.86357987, 0.7497278, 0.45716158, -0.42782304, -0.14457746, -0.96903783, -0.12229991, 0.7443291, 0.70724404, 0.15420449, -0.20978582, -0.71529365, 0.43160886, -0.049952585, 0.47590467, 0.968261, -0.48390284, 0.82082003, -0.088980936, 0.25582734, 0.3303641, -0.15210569, -0.7779536, -0.6032183, 0.18562724, 0.96200114, -0.39302543, 0.33201733, 0.60091114, -0.33262077, 0.6192337, -0.20852199, -0.28069815, -0.28666103, -0.96484584, 0.18335631, 0.8873994, -0.066984706, 0.68203807, 0.9845658, 0.62547034, 0.7031325, 0.16898343, 0.22123282, -0.90614533, -0.79044664, 0.43350416, 0.7782473, 0.7172281, -0.9689939, 0.7092929, 0.664301, -0.57133865, -0.752506, -0.8747781, 0.82438594, -0.6640181, -0.53501046, -0.3913577, 0.30253643, -0.25618201, -0.0864558, 0.26763988, -0.21929413, 0.51541233, 0.43666616, 0.9518957, -0.3917757, -0.40393597, 0.75138414, -0.03761999, 0.96397436, 0.99009496, 0.1023732, -0.21425092, 0.48689094, 0.7033167, -0.5743935, 0.2052323, -0.31465715, -0.50121427, -0.8255496, -0.00421391, -0.9683638, 0.2106428, -0.3850332, -0.77095515, -0.40528074, -0.04489375, 0.70941204, 0.20898041, 0.298311, 0.1919819, 0.19761442, 0.33324978, 0.57718295, 0.93314105, -0.74681944, -0.8799716, -0.39083207, 0.33343533, 0.499539, -0.36567178, 0.8786852, 0.039273925, -0.9824781, -0.76477075, 0.50264335, 0.63664615, -0.62232983, -0.7134724, -0.13572012, -0.017418372, 0.9997576, -0.02045691, 0.23213468, -0.2755215, 0.26681235, -0.7306368, -0.7108408, 0.6017249, -0.8725743, -0.4371299, 0.9464605, -0.025806867, -0.671031, 0.100421034, 0.40922144, 0.02537081, -0.468208, 0.56371063, 0.6704754, -0.6664683, -0.05588789, -0.21142986, 0.17132892, -0.3286451, 0.43926528, -0.4676076, 0.46666878, -0.93608683, 0.9125078, -0.71646565, 0.14501014, -0.5160253, -0.89030737, 0.15014008, 0.71569544, -0.74189126, 0.99841845, -0.052516237, 0.6339084, 0.90341705, 0.3428376, -0.11864581, 0.96627945, -0.9530589, -0.78193086, -0.3401598, -0.017468411, 0.97515434, -0.79281765, -0.62427616, -0.8303356, -0.39589688, 0.28290838, 0.81648684, -0.16819912, -0.991929, -0.5445525, 0.936294, -0.09240638, -0.6746634, 0.08467266, 0.30326077, 0.05672199, -0.7149226, -0.6397714, 0.09431165, 0.8625575, 0.32439598, -0.078125514, -0.15439877, 0.8537475, 0.771676, 0.0040206066, 0.1418701, -0.04084807, 0.24828017, -0.111424476, 0.68243206, -0.34935826, 0.53148824, -0.4140782, 0.20024617, 0.3804913, -0.97110873, 0.0039799577, -0.23377061, 0.2681889, 0.01634187, 0.33316058, 0.23647858, -0.5518094, 0.63935834, -0.40617114, -0.59986866, -0.60607517, -0.11340542, 0.04240697, 0.16887777, 0.44502473, 0.65693825, 0.09326245, -0.35132667, 0.2795918, 0.9923702, -0.037625004, 0.48321852, 0.82522583, -0.7148555, 0.1630185, -0.07584915, 0.89594483, -0.636305, 0.75982004, 0.009100858, -0.2662102, -0.31658936, -0.21048845, 0.67962825, -0.12926067, 0.49204838, -0.3481057, -0.643644, 0.676882, -0.7898328, -0.41179755, 0.6599791, -0.7586481, -0.5938227, -0.6472256, 0.95942926, 0.9987624, -0.70130193, 0.022683432, -0.23346514, 0.5553365, 0.26675126, 0.14852646, 0.5777435, -0.89668375, 0.6160217, -0.27062345, 0.37962908, 0.9665929, -0.20363511, 0.84867454, 0.8495146, -0.21484359, 0.92293084, -0.6858579, 0.3288484, -0.22657004, 0.5066089, 0.36230522, -0.229475, 0.05403324, 0.44810566, 0.47950587, -0.57405937, -0.6221716, -0.026298452, -0.5026971, 0.21942633, 0.84601665, 0.9274652, -0.07365821, 0.32956252, 0.4910054, 0.26690343, 0.47001806, 0.622933, -0.23779044, 0.91832256, -0.2885884, -0.6022658, 0.26935378, 0.64949906, 0.23958787, -0.9125453, 0.50339115, 0.34500712, 0.5042163, -0.037732545, 0.53885, -0.5356253, -0.5981954, -0.6235438, 0.5084515, 0.70930874, -0.14179477, -0.59576654, 0.536247, -0.66355246, 0.6916841, -0.030549157, 0.7606371, -0.8754424, -0.46156773, -0.66854054, -0.33917496, -0.6662379, 0.35061157, 0.3241421, 0.96883845, 0.16253117, -0.20533204, -0.08926383, -0.10430341, 0.9528177, 0.8161877, 0.37796235, -0.98743206, 0.9085282, 0.6254974, 0.81848294, -0.24841075, -0.3936471, 0.46893668, 0.9960689, -0.6389028, 0.16787432, -0.9023207, 0.18602666, -0.3414338, -0.17542617, 0.75954765, 0.6607586, -0.21903284, 0.41403836, -0.039909374, -0.9519763, -0.3718706, -0.945773, -0.69071275, 0.9474699, 0.13662367, 0.2626129, 0.2626582, 0.9466604, 0.1167279, 0.068219505, -0.13387208, 0.5416583, 0.31605098, -0.34602588, 0.9393515, -0.92913383, -0.4351873, 0.9795825, 0.6078462, 0.13333929, 0.63604015, -0.5045228, -0.8990936, -0.6058363, -0.66239077, -0.51953346, 0.79958683, -0.52926135, 0.18524198, 0.029049704, 0.6652259, 0.36066058, -0.96039385, -0.2840532, 0.70370746, 0.20894098, -0.8310157, 0.16841292, -0.76361203, -0.7726077, 0.9504233, 0.23038329, -0.645158, -0.45680246, 0.9028617, 0.94482285, -0.26726654, -0.14676401, -0.13270375, -0.91696507, -0.31171367, 0.42261308, -0.5711918, 0.6258654, 0.26943454, 0.42080295, -0.24810892, -0.918468, -0.8536719, 0.28227913, -0.3187988, 0.6603645, 0.03303307, 0.18104474, 0.83412564, 0.06458979, -0.16100118, 0.026180089, -0.42355332, 0.57160455, -0.8026279, 0.54609406, -0.5616342, -0.3506031, -0.3974492, 0.7634721, -0.8131997, -0.9301966, 0.2967083, 0.82379776, 0.88048077, 0.92291844, 0.19563574, 0.34461594, -0.45527408, -0.35869518, 0.5840991, -0.47891942, 0.23901555, 0.15322657, -0.81040555, -0.7657192, -0.25996765, -0.43370822, -0.983351, 0.33748654, 0.5138579, 0.11011027, -0.8699353, 0.6737245, 0.16879816, 0.30747992, 0.8993371, 0.7223319, -0.5743408, 0.42199254, 0.11660374, -0.21724094, -0.44371384, -0.37574604, -0.285396, -0.20242476, -0.5395578, 0.25931218, -0.037325766, -0.9657278, -0.57067835, 0.0033279085, 0.5328768, 0.13477449, 0.58288825, 0.6264259, 0.37662968, 0.20200108, 0.31846425, -0.04230489, 0.41048947, -0.844971, 0.9160919, 0.9121356, -0.4049737, 0.21200019, 0.039328467, -0.91481894, 0.9303638, -0.6811767, 0.1857724, 0.31069463, -0.75714225, -0.73120016, -0.62963784, 0.30511075, -0.011354386, -0.64129007, -0.30007336, 0.40920123, 0.10272637, -0.7782987, 0.93214756, 0.5606263, -0.7127709]","[-7.0, 4.0, 4.0, -2.0, -1.0, 4.0, -1.0, 2.0, -2.0, -3.0, -2.0, -1.0, 4.0, -2.0, 4.0, -2.0, -2.0, -3.0, -7.0, -1.0, -8.0, -2.0, -2.0, -7.0, 5.0, 10.0, -7.0, -8.0, 3.0, -7.0, -14.0, 4.0, -2.0, 4.0, 5.0, 3.0, 4.0, -6.0, -7.0, -7.0, 0.0, 5.0, -1.0, -4.0, 1.0, 5.0, 3.0, -7.0, -3.0, -2.0, 5.0, 3.0, 5.0, -1.0, 1.0, 1.0, -1.0, -2.0, 0.0, 4.0, 3.0, 4.0, -2.0, 0.0, 3.0, 4.0, -7.0, -3.0, -2.0, 5.0, 5.0, 2.0, -1.0, 4.0, -6.0, 3.0, 4.0, -3.0, -1.0, 6.0, -2.0, -6.0, -1.0, -7.0, 6.0, 10.0, -1.0, -1.0, 0.0, 4.0, -1.0, 6.0, -1.0, 10.0, -2.0, 4.0, 4.0, -3.0, -6.0, -4.0, -1.0, -1.0, 1.0, -1.0, -8.0, 5.0, 1.0, 3.0, 5.0, -3.0, -2.0, -7.0, -7.0, -2.0, 4.0, -8.0, 5.0, -7.0, 5.0, -3.0, 5.0, 5.0, 0.0, 4.0, -2.0, 3.0, -1.0, 4.0, 3.0, -2.0, 5.0, -1.0, -4.0, -7.0, -2.0, -8.0, -1.0, -8.0, 3.0, 4.0, 4.0, 5.0, -2.0, 4.0, 5.0, 4.0, -8.0, 0.0, -7.0, 4.0, -10.0, 5.0, -3.0, 0.0, -2.0, -7.0, 4.0, 4.0, 4.0, -1.0, -3.0, 4.0, 5.0, 3.0, -13.0, -1.0, -7.0, 4.0, -9.0, -5.0, 3.0, -1.0, 5.0, 3.0, 1.0, -2.0, -2.0, -2.0, -3.0, 0.0, 3.0, -2.0, -2.0, -5.0, -2.0, -2.0, 5.0, -6.0, 2.0, 10.0, -3.0, -2.0, 4.0, -4.0, -2.0, 0.0, -2.0, -8.0, -2.0, -2.0, -8.0, -2.0, -2.0, 5.0, -1.0, 5.0, -1.0, -3.0, -1.0, -1.0, 5.0, 4.0, -2.0, 4.0, 1.0, -8.0, 4.0, 4.0, -2.0, -3.0, 4.0, -7.0, -3.0, -7.0, 8.0, 5.0, 4.0, -3.0, 0.0, 4.0, -7.0, 0.0, 5.0, -2.0, 0.0, 4.0, 4.0, 4.0, -1.0, 3.0, 1.0, -1.0, -6.0, 3.0, 2.0, 0.0, 4.0, -5.0, -2.0, 6.0, -2.0, -5.0, -2.0, -1.0, -2.0, -4.0, -1.0, -4.0, -2.0, -2.0, -2.0, 5.0, -7.0, -2.0, 4.0, -1.0, -7.0, 1.0, -7.0, 5.0, 4.0, -1.0, -1.0, -6.0, 6.0, -1.0, 5.0, -2.0, -4.0, -7.0, 4.0, -1.0, 0.0, -1.0, -1.0, 12.0, 0.0, -1.0, 4.0, 4.0, -1.0, -2.0, -8.0, -2.0, -2.0, -1.0, -7.0, -1.0, -3.0, -2.0, 4.0, 3.0, 4.0, -1.0, -1.0, 0.0, -3.0, 4.0, 0.0, -2.0, 3.0, 3.0, -6.0, -1.0, -2.0, 0.0, 1.0, -1.0, 5.0, 4.0, -1.0, -8.0, -1.0, 3.0, 6.0, 1.0, -7.0, 4.0, 5.0, 2.0, 0.0, 0.0, 4.0, 10.0, -2.0, -2.0, -8.0, -2.0, 4.0, 12.0, -1.0, 5.0, -4.0, -7.0, -7.0, 0.0, -1.0, -1.0, -2.0, -1.0, -3.0, -1.0, -1.0, 4.0, 5.0, 5.0, -2.0, -7.0, 3.0, -1.0, -7.0, -1.0, 4.0, -7.0, 6.0, -1.0, 4.0, 10.0, 4.0, -7.0, -1.0, 13.0, 4.0, 9.0, 0.0, 4.0, -3.0, 4.0, 5.0, 4.0, 4.0, 4.0, -2.0, 5.0, -1.0, 4.0, 3.0, 5.0, 5.0, 3.0, 0.0, 5.0, -2.0, 11.0, 5.0, 11.0, -2.0, -2.0, 5.0, 10.0, -3.0, 5.0, 10.0, -1.0, 3.0, -1.0, -7.0, 5.0, -2.0, 4.0, -2.0, 3.0, 3.0, 1.0, -8.0, -2.0, -10.0, 5.0, 0.0, -3.0, -8.0, 1.0, 8.0, -6.0, 6.0, 3.0, -7.0, -7.0, -2.0, -1.0, -1.0, -1.0, -2.0, -2.0, -2.0, -2.0, -14.0, -7.0, -1.0, -7.0, -1.0, -8.0, 4.0, -2.0, 5.0, -2.0, 5.0, -2.0, 5.0, 4.0, -1.0, -2.0, 4.0, 4.0, 5.0, 4.0, 3.0, -1.0, 4.0, 2.0, 4.0, -2.0, -2.0, -1.0, 9.0, -1.0, -1.0, -8.0, 0.0, 5.0, 2.0, 4.0, -1.0, 5.0, -1.0, 5.0, -8.0, -1.0, -2.0, -1.0, -2.0, -2.0, -10.0, 5.0, -5.0, -1.0, 5.0, 11.0, -1.0, 0.0, -5.0, -2.0, -2.0, 2.0, -2.0, -2.0, -2.0, -8.0, 0.0, -2.0, -7.0, 4.0, -7.0, -1.0, -3.0, -5.0, 4.0, 2.0, -1.0, -2.0, 4.0, 5.0, -4.0, 4.0, -1.0, -1.0, -1.0, 3.0, 9.0, -7.0, 4.0, -2.0, -3.0, -2.0, -2.0, 5.0, 4.0, 4.0, -5.0, -1.0, -1.0, 3.0, -3.0, -1.0, -7.0, 0.0, -1.0, 4.0, 3.0, -5.0, 5.0, 4.0, -1.0, -1.0, 4.0, -3.0, -1.0, -1.0, -2.0, -2.0, 5.0, 5.0, -2.0, 1.0, -7.0, 5.0, 4.0, -2.0, -1.0, 3.0, -1.0, -7.0, -5.0, -2.0, -1.0, -1.0, 5.0, -1.0, 0.0, 4.0, -3.0, -7.0, -2.0, -1.0, -1.0, -2.0, 3.0, -3.0, -2.0, 1.0, 1.0, -3.0, 0.0, -1.0, -8.0, 4.0, 3.0, 1.0, -1.0, -2.0, -7.0, -2.0, -1.0, 3.0, -1.0, -1.0, 5.0, -3.0, 4.0, 0.0, -2.0, -7.0, -7.0, 3.0, 5.0, -1.0, 11.0, 4.0, -1.0, 4.0, -2.0, 0.0, 10.0, 0.0, -7.0, -2.0, -8.0, -2.0, 7.0, -1.0, -1.0, 4.0, 6.0, 5.0, 4.0, 2.0, -1.0, -2.0, 10.0, -4.0, -1.0, -2.0, 4.0, -1.0, -1.0, 0.0, 5.0, -1.0, 2.0, -1.0, -2.0, -1.0, -6.0, 2.0, -1.0, -2.0, 1.0, -2.0, 3.0, -2.0, -2.0, 6.0, -2.0, -2.0, 1.0, -2.0, -2.0, -6.0, 4.0, 1.0, 5.0, -3.0, -3.0, 5.0, 4.0, -6.0, -2.0, -1.0, -1.0, 0.0, -1.0, -3.0, 3.0, 3.0, 1.0, 0.0, 5.0, 1.0, -1.0, -1.0, -2.0, -1.0, 5.0, -3.0, 5.0, -1.0, -12.0, -2.0, -1.0, -1.0, -5.0, -7.0, -1.0, -2.0, -3.0, 6.0, 8.0, -3.0, 0.0, 4.0, 3.0, 5.0, -1.0, 3.0, 4.0, -1.0, 4.0, -1.0, 5.0, -15.0, -7.0, -1.0, -2.0, 1.0, -7.0, 5.0, -1.0, 1.0, -2.0, 6.0, 0.0, -4.0, -1.0, -2.0, 2.0, -2.0, 0.0, -6.0, -8.0, -2.0, 4.0, 4.0, -2.0, 1.0, 1.0, -5.0, 4.0, -1.0, -3.0, 10.0, -2.0, 5.0, 3.0, -1.0, 3.0, 5.0, 4.0, -2.0, -3.0, 4.0, 4.0, -1.0, 3.0, 10.0, -1.0, 2.0, -2.0, 4.0, -2.0, 5.0, -6.0, 5.0, -1.0, -5.0, 4.0, 0.0, 5.0, 0.0, -2.0, -2.0, -8.0, -2.0, -1.0, 5.0, -1.0, 5.0, -2.0, -1.0, -2.0, -2.0, -2.0, -2.0, 10.0, 4.0, 3.0, 3.0, 4.0, 10.0, 4.0, 4.0, -2.0, 0.0, -2.0, -13.0, 4.0, -1.0, 9.0, -2.0, 4.0, 3.0, 4.0, -1.0, -2.0, 5.0, -3.0, -7.0, -2.0, -2.0, -2.0, -7.0, -1.0, -2.0, 0.0, 10.0, 9.0, -1.0, 4.0, -2.0, -2.0, -7.0, 5.0, 11.0, 4.0, 5.0, -1.0, -8.0, 4.0, -2.0, -5.0, 4.0, -1.0, -7.0, -1.0, 4.0, 0.0, -1.0, -1.0, -8.0, -2.0, -1.0, 5.0, 4.0, -9.0, -4.0, -1.0, -14.0, 2.0, -12.0, -2.0, -7.0, 6.0, -1.0, 5.0, -8.0, -7.0, -1.0, -2.0, -4.0, 3.0, -2.0, -7.0, 0.0, 4.0, 5.0, 5.0, 9.0, 5.0, 2.0, -2.0, -1.0, 7.0, -1.0, 3.0, -1.0, 4.0, 4.0, -1.0, -2.0, 5.0, 4.0, -2.0, -2.0, -1.0, 4.0, -1.0, 0.0, -4.0, 3.0, -8.0, 4.0, -5.0, -1.0, -7.0, -2.0, -7.0, -1.0, 3.0, 5.0, -2.0, 5.0, -9.0, 5.0, -2.0, 0.0, -1.0, -5.0, -1.0, -1.0, -14.0, 0.0, 5.0, 11.0, -2.0, 5.0, 5.0, 4.0, 4.0, -1.0, -1.0, 4.0, -2.0, -1.0, -5.0, 4.0, 5.0, 4.0, 2.0, -7.0, -2.0, -2.0, 5.0, 6.0, -1.0, 4.0, 0.0, 5.0, 5.0, -7.0, -6.0, 6.0, 3.0, -7.0, -7.0, -3.0, -7.0, -1.0, 5.0, -6.0, -13.0, 10.0, -1.0, 6.0, 10.0, -1.0, 3.0, -2.0, 0.0, 1.0, -2.0, -3.0, -2.0, 5.0, 5.0, -3.0, -2.0, -6.0, 15.0, 5.0, 3.0, -4.0, 5.0, 0.0, -1.0, 5.0, -2.0, 4.0, -1.0, 5.0, 4.0, -1.0, 4.0, -1.0, 11.0, -2.0, -8.0, -1.0, 8.0, 5.0, 9.0, 2.0, -6.0, 4.0, 3.0, -8.0, -1.0, 11.0, -2.0, -2.0, -20.0, -2.0]",8.191414266461646,0.0032830238342285,0.0,0.0,0
72,72,"[0.738477, 0.051053997, -0.14806497, -0.86230826, 0.58067083, 0.41491085, 0.1475372, 0.8589109, 0.6730408, -0.35257638, -0.92425656, 0.6130657, 0.37731275, -0.025792887, -0.68455577, 0.61907107, -0.44509086, 0.75397116, -0.612171, -0.99384654, -0.90080947, -0.30675912, 0.31912607, -0.63833356, -0.9805604, -0.31595674, 0.08930414, 0.41681316, -0.67688894, 0.7161562, -0.80180454, -0.69649214, 0.28626814, -0.17209108, -0.55139405, 0.008724424, 0.44291663, -0.58455914, 0.021750676, -0.5952635, -0.040805127, -0.655119, -0.4037218, 0.2584607, 0.7141556, 0.9184784, -0.69042426, -0.8713573, 0.5438307, -0.62440544, 0.007558456, -0.09397442, -0.8854422, -0.59943366, 0.57355094, 0.7441201, 0.6508926, -0.67317444, -0.30136618, -0.6467632, -0.52099645, 0.39374354, -0.198297, 0.8247367, -0.24509354, -0.39368406, 0.5218105, 0.3668844, -0.5304302, 0.4959147, -0.6470743, -0.13483818, -0.5312207, 0.0023685542, -0.036478076, 0.17086412, 0.014495059, -0.25202647, 0.60128593, 0.9482439, 0.26592273, -0.59483576, -0.7091918, -0.019258257, -0.31280807, -0.8715143, 0.2931254, 0.32927898, -0.81968564, 0.05331086, 0.362996, 0.7040715, -0.0768614, -0.5317881, 0.043013617, 0.33298033, 0.8524806, -0.5314081, 0.6505893, -0.59023815, -0.27338445, 0.80609655, -0.94188714, 0.9668386, 0.89043075, -0.2270275, 0.53848416, 0.23421809, 0.27982658, -0.4641, 0.94354516, 0.8298191, -0.21657215, -0.69383913, -0.0007509116, -0.015322442, -0.4446199, 0.97948766, 0.43152937, 0.33747804, 0.6599459, 0.09632748, 0.51944536, 0.47217527, -0.44714046, -0.3127109, -0.26778305, -0.407957, -0.636564, 0.06315364, -0.79611367, 0.33935508, -0.2099533, -0.69276965, 0.39616904, -0.65490574, 0.09471145, -0.65277684, 0.059229083, 0.0150399385, -0.7636048, 0.54302084, -0.16118723, 0.80667543, 0.8586997, 0.32145092, -0.88983905, 0.80099124, 0.2948128, -0.2626764, 0.021386947, -0.9770185, 0.92615527, -0.20482926, -0.58691406, 0.75246984, -0.7676962, -0.99932873, 0.24084218, -0.15369828, -0.60992324, -0.6616496, 0.24915488, 0.8106647, -0.8895849, 0.42539257, -0.5280187, -0.61432314, -0.035740208, 0.5217904, 0.110737346, 0.4678804, 0.49151912, -0.54093045, 0.4332898, 0.94871324, 0.0637407, -0.29984188, -0.6821449, -0.34680945, -0.46873048, 0.9215557, 0.8593299, 0.6258367, 0.5145866, 0.75018793, 0.47063792, 0.6339855, 0.92399603, -0.9870933, -0.56122756, 0.23214936, -0.11751809, 0.56407, -0.03213485, 0.28830716, 0.65252405, -0.35991552, -0.9748288, 0.9872544, 0.861681, -0.33544978, -0.031661857, 0.0698743, -0.25659394, 0.6732439, 0.6428841, -0.2767179, 0.16342525, -0.50658244, -0.3500509, -0.6146091, 0.29235917, 0.6274913, 0.16212434, -0.65018237, 0.5098337, 0.6441172, -0.1280643, -0.06019622, 0.038869962, 0.21681504, 0.5955053, -0.9139834, 0.4110632, -0.4696955, 0.1935015, 0.25364769, 0.102518626, 0.48874143, -0.78604645, 0.044650257, 0.22556822, -0.37872928, 0.32391682, -0.26624918, 0.99159265, 0.19500056, 0.9099195, -0.77288157, -0.2719908, 0.48922002, 0.81580454, -0.41561532, 0.5473753, 0.20429762, 0.68727773, -0.36223465, 0.28315395, 0.6115762, 0.99472886, -0.023791146, 0.949929, 0.18319707, 0.05796331, -0.058395848, -0.3036185, -0.11745203, 0.16179249, -0.29747593, 0.57284725, -0.7522535, -0.5557218, -0.18881586, -0.48496568, 0.319037, -0.40662614, 0.915243, 0.36292958, 0.20453615, -0.23743144, 0.57807726, 0.6779185, -0.47443566, -0.917557, 0.8271401, -0.47227365, 0.29056752, -0.17669155, -0.038809516, 0.55238277, 0.008826102, 0.65333414, -0.19641909, -0.01101221, 0.122248165, 0.281722, 0.8834461, 0.9212917, -0.67667687, -0.95796454, 0.6784925, -0.7615252, 0.56058145, -0.8329345, 0.3103774, -0.39509997, 0.5443756, 0.45115164, 0.58493954, -0.9279608, -0.34072265, -0.48103717, -0.41819367, -0.46709904, -0.8133179, 0.6134994, -0.3094827, -0.1129469, -0.23859975, 0.000694692, -0.25651866, -0.12653713, 0.08607346, 0.47596088, 0.089040995, -0.46970326, -0.58764356, 0.32990193, 0.6663462, -0.7508076, 0.2693707, 0.71250755, -0.741052, -0.025809359, 0.04843322, -0.30557585, 0.604621, -0.634174, -0.6202994, 0.5856301, 0.64148724, 0.87244684, 0.60916454, 0.08047816, -0.03045068, -0.13840479, 0.15814252, 0.16717473, 0.36967504, -0.784911, 0.6147576, -0.2692882, 0.2680438, -0.9575583, -0.7817441, -0.8431774, -0.30771273, 0.3313442, 0.10389503, -0.5413399, 0.77730197, 0.11504978, -0.88212717, 0.5745736, -0.5319196, -0.018060246, 0.12687452, 0.20553929, -0.7688248, 0.18462405, -0.2353571, 0.00985978, -0.101567805, 0.312766, -0.822279, -0.20202282, -0.0105098495, -0.28729877, -0.7668875, -0.58051485, 0.9072115, -0.7999864, 0.999121, 0.45339262, 0.68594605, 0.41328096, 0.8491472, 0.70564246, 0.47940773, -0.63438594, -0.16261746, -0.78938293, 0.3491068, -0.8080363, -0.61986524, 0.88594043, 0.42087105, 0.6178857, 0.9269883, -0.031422738, 0.7263777, -0.83671594, -0.9413606, 0.6499713, 0.44173008, 0.026758626, 0.3136384, -0.050286397, -0.542389, 0.55107594, -0.4748887, 0.12791917, 0.702604, -0.77014303, 0.83291864, 0.3315567, -0.85189617, -0.51597726, 0.7632662, -0.6752518, 0.7189548, -0.009948086, 0.096153416, 0.9988128, 0.4550076, -0.8422275, 0.01207474, 0.5232367, 0.58573574, 0.4352836, 0.09194228, -0.76458865, 0.8149977, 0.21174745, 0.10837334, -0.9603938, -0.4715926, -0.8428808, 0.49672103, -0.9370427, 0.4736719, -0.4899025, 0.029540075, -0.16195486, 0.95122576, -0.55222654, -0.5020914, 0.42799214, 0.55195045, 0.8142505, -0.47206184, 0.17428274, -0.46219274, -0.028263675, 0.69380903, 0.5973147, -0.031653747, 0.70418715, 0.47751603, -0.5266922, -0.3986179, -0.24331136, -0.3282091, 0.7064102, -0.11269541, -0.40960422, 0.22505008, 0.3306462, -0.81776047, 0.9369342, -0.0781282, 0.9712938, 0.73450756, -0.057516184, 0.89021724, -0.78405, 0.7349696, -0.32821196, 0.042762075, -0.42256343, 0.64408356, 0.27520698, -0.8534776, -0.4544072, 0.6144788, 0.7762615, -0.5310392, 0.031316746, -0.6479604, 0.77212137, 0.33960068, -0.88226926, -0.3751189, -0.96578944, 0.60797554, -0.950315, -0.30894563, -0.48666766, -0.64799374, 0.006044312, -0.22365846, 0.7522057, 0.9874559, 0.5011157, -0.057005633, 0.7612629, -0.86188674, -0.43564776, 0.6437821, -0.26613915, 0.81558883, -0.11051316, -0.067767344, 0.8211933, 0.5836611, -0.07536361, 0.116769634, -0.00781978, -0.8937476, -0.2679355, -0.79188114, 0.25227422, 0.61667454, -0.25972703, -0.9330906, 0.27288106, -0.21589127, 0.82938105, 0.39124092, 0.29551336, 0.37607488, 0.6914895, -0.86151594, -0.04473481, 0.44335622, 0.17132866, -0.1468074, 0.8843547, 0.78560287, -0.110231206, 0.58810675, -0.4143668, 0.229896, 0.50378335, 0.47971722, 0.4149078, -0.7728195, 0.9241619, -0.22759971, 0.16461806, 0.17399415, 0.33502713, 0.9452056, 0.6295832, 0.73468035, 0.99450946, -0.6633298, -0.5870986, 0.48346743, -0.30288073, 0.14184389, 0.8304349, 0.28926763, 0.0648293, 0.45588472, 0.34924734, -0.23287606, 0.77295333, 0.6799769, 0.82326204, 0.59066427, -0.16632955, -0.9640163, -0.34793544, 0.5037314, 0.99872446, 0.5153194, -0.1293136, 0.13227566, -0.7203253, 0.63066643, -0.7370488, 0.75825626, 0.22668621, 0.6989394, -0.6802823, -0.5507669, 0.6599707, -0.68325675, 0.68284756, 0.100518644, -0.0012064578, 0.9718265, -0.77288836, 0.09872935, -0.033280376, 0.53276104, -0.083213806, 0.93347746, 0.08471161, -0.8714197, -0.87199384, -0.78048074, -0.59367573, -0.52177584, -0.2328936, -0.04668831, -0.8655896, 0.75411665, 0.11624162, -0.5743469, -0.3510209, 0.85900515, 0.8000916, -0.9542733, 0.4874605, -0.8657498, 0.245428, -0.4351639, -0.8972875, 0.89902055, 0.07240236, 0.89369106, 0.9681986, 0.2700582, 0.83490306, -0.54117674, -0.76631916, 0.4266027, 0.09458116, -0.24607454, 0.25885397, -0.036218964, 0.9050365, -0.19961123, -0.7105603, 0.5943127, 0.9899858, 0.47075593, 0.86814344, 0.24327919, 0.39089617, 0.663117, -0.2700806, -0.2564361, 0.5848267, 0.38957116, -0.14895974, 0.51586115, -0.7592717, -0.014511925, 0.19029287, 0.37864223, -0.7718325, -0.44981766, 0.35468733, 0.6511064, -0.61153316, -0.8934185, 0.5399281, 0.59779817, 0.93175983, -0.15215778, 0.40618855, 0.35705632, 0.28590786, 0.8841768, 0.3578716, 0.9867044, 0.6735149, 0.5948888, -0.98912394, 0.04452423, -0.22898439, 0.17797963, 0.2759555, -0.80997497, -0.36296, -0.36045635, -0.73342025, -0.4117111, 0.47940636, 0.38133237, -0.09017438, 0.6834016, -0.7471179, -0.5187983, 0.556141, -0.28118905, 0.5492961, -0.46417415, -0.3968637, -0.70708716, -0.08263131, 0.057465594, 0.8106218, 0.583453, -0.80853915, -0.8859153, -0.58545125, -0.45267826, 0.91933095, 0.391054, -0.36828128, 0.78338253, -0.36541826, -0.4460123, -0.17353594, -0.23367476, 0.89963204, 0.9031667, -0.8690987, 0.55418795, 0.023873026, 0.7044655, -0.5238932, 0.6918009, 0.9538913, -0.79959524, -0.022134585, 0.3108988, 0.30864197, -0.53723437, 0.7942963, 0.23207624, 0.35613096, 0.45781997, 0.3772543, 0.13040285, 0.43081042, 0.31699005, 0.7050979, -0.80913275, -0.39614946, -0.24209958, -0.52984405, -0.65652883, -0.527355, 0.2828082, 0.39130995, 0.41951787, -0.34150618, -0.9819748, -0.25087458, -0.379592, 0.33636734, -0.36147007, -0.81333065, 0.7212187, 0.015727201, -0.7085999, -0.45732498, -0.70203775, -0.8186445, 0.59707344, -0.062995456, -0.84029114, 0.42101154, 0.78505343, 0.2180446, -0.98409367, -0.43081447, -0.74506253, 0.044629112, -0.7225117, -0.5814651, -0.73458654, -0.557619, 0.04343512, -0.8367184, -0.19446015, 0.58518046, 0.6877567, -0.8760477, 0.75950503, 0.4017317, 0.28254187, -0.7365381, -0.57324225, 0.7527482, 0.59372634, -0.76548415, 0.27033105, -0.64844483, 0.8716604, 0.6148563, 0.1955677, 0.7240171, 0.6036602, 0.94819695, 0.8421008, -0.98960346, -0.36643603, 0.45079568, 0.8536571, 0.71319914, 0.00072247226, -0.85663563, 0.10548947, 0.67779607, 0.17894983, 0.8285845, -0.3375816, -0.70571494, 0.15811317, -0.3944328, 0.801356, 0.3160232, -0.6235416, 0.6856736, -0.5382956, -0.98997295, -0.541657, -0.8010688, -0.041248184, 0.81771004, 0.83074665, -0.54961467, 0.5124343, 0.83999777, 0.04073881, 0.47283262, 0.5620236, -0.2508807, 0.96181273, 0.00743605, 0.33046997, 0.9360239, -0.70682895, 0.5964765, -0.54126364, -0.43214512, 0.502359, 0.009714022, -0.5579856, 0.895639, -0.8894108, -0.25670078, -0.45042542, -0.12827465, 0.1683083, 0.21143189, -0.081411734, 0.45630363, -0.83688223, -0.4720095, -0.54968464, -0.9072841, -0.79542416, -0.5692052, -0.852068, -0.09437851, 0.43913767, 0.9472499, -0.5735727, 0.8383206, -0.6795962, 0.933894, -0.12479758, 0.99928886, 0.88181937, -0.7186662, -0.4036977, 0.50603235, 0.2804907, 0.21042721, -0.5044505, 0.34885207, 0.000544954, -0.104184054, 0.1922763, -0.07435992, 0.82999736, 0.11130039, -0.46363425, -0.9819713, 0.0130469045, 0.48065194, 0.6206722, -0.17574663, -0.5320645, 0.39784738, 0.5710518, 0.59861404, 0.052167594, 0.75289273, -0.9659605, 0.2777708, -0.7235228, -0.77161896, -0.47580338, -0.83947235, -0.91198593, -0.22421008, 0.26397634, 0.42999128, -0.24349402, -0.021877142, 0.561681, -0.35836834, -0.24602123, 0.043321792, -0.40729928, -0.7580061, 0.32804647, 0.7564726, -0.49932593, -0.55501086, -0.6273307, -0.26721016, -0.5070965, 0.96155244, -0.6473563, -0.62602127, -0.34256428, 0.9501699, 0.7848058, -0.27600807, -0.95342094, 0.9762408, -0.21106751, -0.7460613, 0.40652356, -0.27129987, -0.47859052, 0.034382362, -0.2894219, 0.9658765, 0.40752953, -0.3521271, 0.14297713, 0.9569766, -0.79154664, -0.4911474, 0.2594351, 0.40388972, 0.9616674, -0.039829995, 0.67016304, -0.53440434, 0.6077462, -0.97128415, -0.2589662, -0.018506074, -0.32456693, -0.24824506, 0.63494366, -0.15956646, -0.69287866, 0.81278557, 0.28482318, -0.56309676, -0.61906785, -0.66274077, -0.75997347, -0.890644, -0.75969046, -0.020010494, -0.50167304, 0.066891566, 0.34632912, -0.9456062, 0.7207602, 0.715665, -0.68850255, -0.27044266, -0.10876908, -0.6730513, -0.9435685, 0.9248387, 0.5505026, 0.9367171, 0.56464547, -0.06673975, -0.77582794, -0.57913613, 0.80220574, -0.81414056, -0.7413322, 0.74309325, 0.1177157, -0.0025176704, -0.9477531, -0.0799791, -0.2725409, -0.14236362, 0.81866467, 0.17950048, 0.64546776, 0.9200968, -0.37442714, 0.26400793, 0.7131959, -0.41801035, 0.82689786, 0.94379926, -0.7546971, -0.2917159, -0.67900777, -0.5673538, -0.6052913, 0.5773639, 0.04278666, -0.020324476, 0.5683666, 0.2397997, 0.70982283, 0.737021, -0.97617143]","[-7.0, 4.0, 4.0, -2.0, -1.0, 4.0, -1.0, 2.0, -2.0, -3.0, -2.0, -1.0, 4.0, -2.0, 4.0, -2.0, -2.0, -3.0, -7.0, -1.0, -8.0, -2.0, -2.0, -7.0, 5.0, 10.0, -7.0, -8.0, 3.0, -7.0, -14.0, 4.0, -2.0, 4.0, 5.0, 3.0, 4.0, -6.0, -7.0, -7.0, 0.0, 5.0, -1.0, -4.0, 1.0, 5.0, 3.0, -7.0, -3.0, -2.0, 5.0, 3.0, 5.0, -1.0, 1.0, 1.0, -1.0, -2.0, 0.0, 4.0, 3.0, 4.0, -2.0, 0.0, 3.0, 4.0, -7.0, -3.0, -2.0, 5.0, 5.0, 2.0, -1.0, 4.0, -6.0, 3.0, 4.0, -3.0, -1.0, 6.0, -2.0, -6.0, -1.0, -7.0, 6.0, 10.0, -1.0, -1.0, 0.0, 4.0, -1.0, 6.0, -1.0, 10.0, -2.0, 4.0, 4.0, -3.0, -6.0, -4.0, -1.0, -1.0, 1.0, -1.0, -8.0, 5.0, 1.0, 3.0, 5.0, -3.0, -2.0, -7.0, -7.0, -2.0, 4.0, -8.0, 5.0, -7.0, 5.0, -3.0, 5.0, 5.0, 0.0, 4.0, -2.0, 3.0, -1.0, 4.0, 3.0, -2.0, 5.0, -1.0, -4.0, -7.0, -2.0, -8.0, -1.0, -8.0, 3.0, 4.0, 4.0, 5.0, -2.0, 4.0, 5.0, 4.0, -8.0, 0.0, -7.0, 4.0, -10.0, 5.0, -3.0, 0.0, -2.0, -7.0, 4.0, 4.0, 4.0, -1.0, -3.0, 4.0, 5.0, 3.0, -13.0, -1.0, -7.0, 4.0, -9.0, -5.0, 3.0, -1.0, 5.0, 3.0, 1.0, -2.0, -2.0, -2.0, -3.0, 0.0, 3.0, -2.0, -2.0, -5.0, -2.0, -2.0, 5.0, -6.0, 2.0, 10.0, -3.0, -2.0, 4.0, -4.0, -2.0, 0.0, -2.0, -8.0, -2.0, -2.0, -8.0, -2.0, -2.0, 5.0, -1.0, 5.0, -1.0, -3.0, -1.0, -1.0, 5.0, 4.0, -2.0, 4.0, 1.0, -8.0, 4.0, 4.0, -2.0, -3.0, 4.0, -7.0, -3.0, -7.0, 8.0, 5.0, 4.0, -3.0, 0.0, 4.0, -7.0, 0.0, 5.0, -2.0, 0.0, 4.0, 4.0, 4.0, -1.0, 3.0, 1.0, -1.0, -6.0, 3.0, 2.0, 0.0, 4.0, -5.0, -2.0, 6.0, -2.0, -5.0, -2.0, -1.0, -2.0, -4.0, -1.0, -4.0, -2.0, -2.0, -2.0, 5.0, -7.0, -2.0, 4.0, -1.0, -7.0, 1.0, -7.0, 5.0, 4.0, -1.0, -1.0, -6.0, 6.0, -1.0, 5.0, -2.0, -4.0, -7.0, 4.0, -1.0, 0.0, -1.0, -1.0, 12.0, 0.0, -1.0, 4.0, 4.0, -1.0, -2.0, -8.0, -2.0, -2.0, -1.0, -7.0, -1.0, -3.0, -2.0, 4.0, 3.0, 4.0, -1.0, -1.0, 0.0, -3.0, 4.0, 0.0, -2.0, 3.0, 3.0, -6.0, -1.0, -2.0, 0.0, 1.0, -1.0, 5.0, 4.0, -1.0, -8.0, -1.0, 3.0, 6.0, 1.0, -7.0, 4.0, 5.0, 2.0, 0.0, 0.0, 4.0, 10.0, -2.0, -2.0, -8.0, -2.0, 4.0, 12.0, -1.0, 5.0, -4.0, -7.0, -7.0, 0.0, -1.0, -1.0, -2.0, -1.0, -3.0, -1.0, -1.0, 4.0, 5.0, 5.0, -2.0, -7.0, 3.0, -1.0, -7.0, -1.0, 4.0, -7.0, 6.0, -1.0, 4.0, 10.0, 4.0, -7.0, -1.0, 13.0, 4.0, 9.0, 0.0, 4.0, -3.0, 4.0, 5.0, 4.0, 4.0, 4.0, -2.0, 5.0, -1.0, 4.0, 3.0, 5.0, 5.0, 3.0, 0.0, 5.0, -2.0, 11.0, 5.0, 11.0, -2.0, -2.0, 5.0, 10.0, -3.0, 5.0, 10.0, -1.0, 3.0, -1.0, -7.0, 5.0, -2.0, 4.0, -2.0, 3.0, 3.0, 1.0, -8.0, -2.0, -10.0, 5.0, 0.0, -3.0, -8.0, 1.0, 8.0, -6.0, 6.0, 3.0, -7.0, -7.0, -2.0, -1.0, -1.0, -1.0, -2.0, -2.0, -2.0, -2.0, -14.0, -7.0, -1.0, -7.0, -1.0, -8.0, 4.0, -2.0, 5.0, -2.0, 5.0, -2.0, 5.0, 4.0, -1.0, -2.0, 4.0, 4.0, 5.0, 4.0, 3.0, -1.0, 4.0, 2.0, 4.0, -2.0, -2.0, -1.0, 9.0, -1.0, -1.0, -8.0, 0.0, 5.0, 2.0, 4.0, -1.0, 5.0, -1.0, 5.0, -8.0, -1.0, -2.0, -1.0, -2.0, -2.0, -10.0, 5.0, -5.0, -1.0, 5.0, 11.0, -1.0, 0.0, -5.0, -2.0, -2.0, 2.0, -2.0, -2.0, -2.0, -8.0, 0.0, -2.0, -7.0, 4.0, -7.0, -1.0, -3.0, -5.0, 4.0, 2.0, -1.0, -2.0, 4.0, 5.0, -4.0, 4.0, -1.0, -1.0, -1.0, 3.0, 9.0, -7.0, 4.0, -2.0, -3.0, -2.0, -2.0, 5.0, 4.0, 4.0, -5.0, -1.0, -1.0, 3.0, -3.0, -1.0, -7.0, 0.0, -1.0, 4.0, 3.0, -5.0, 5.0, 4.0, -1.0, -1.0, 4.0, -3.0, -1.0, -1.0, -2.0, -2.0, 5.0, 5.0, -2.0, 1.0, -7.0, 5.0, 4.0, -2.0, -1.0, 3.0, -1.0, -7.0, -5.0, -2.0, -1.0, -1.0, 5.0, -1.0, 0.0, 4.0, -3.0, -7.0, -2.0, -1.0, -1.0, -2.0, 3.0, -3.0, -2.0, 1.0, 1.0, -3.0, 0.0, -1.0, -8.0, 4.0, 3.0, 1.0, -1.0, -2.0, -7.0, -2.0, -1.0, 3.0, -1.0, -1.0, 5.0, -3.0, 4.0, 0.0, -2.0, -7.0, -7.0, 3.0, 5.0, -1.0, 11.0, 4.0, -1.0, 4.0, -2.0, 0.0, 10.0, 0.0, -7.0, -2.0, -8.0, -2.0, 7.0, -1.0, -1.0, 4.0, 6.0, 5.0, 4.0, 2.0, -1.0, -2.0, 10.0, -4.0, -1.0, -2.0, 4.0, -1.0, -1.0, 0.0, 5.0, -1.0, 2.0, -1.0, -2.0, -1.0, -6.0, 2.0, -1.0, -2.0, 1.0, -2.0, 3.0, -2.0, -2.0, 6.0, -2.0, -2.0, 1.0, -2.0, -2.0, -6.0, 4.0, 1.0, 5.0, -3.0, -3.0, 5.0, 4.0, -6.0, -2.0, -1.0, -1.0, 0.0, -1.0, -3.0, 3.0, 3.0, 1.0, 0.0, 5.0, 1.0, -1.0, -1.0, -2.0, -1.0, 5.0, -3.0, 5.0, -1.0, -12.0, -2.0, -1.0, -1.0, -5.0, -7.0, -1.0, -2.0, -3.0, 6.0, 8.0, -3.0, 0.0, 4.0, 3.0, 5.0, -1.0, 3.0, 4.0, -1.0, 4.0, -1.0, 5.0, -15.0, -7.0, -1.0, -2.0, 1.0, -7.0, 5.0, -1.0, 1.0, -2.0, 6.0, 0.0, -4.0, -1.0, -2.0, 2.0, -2.0, 0.0, -6.0, -8.0, -2.0, 4.0, 4.0, -2.0, 1.0, 1.0, -5.0, 4.0, -1.0, -3.0, 10.0, -2.0, 5.0, 3.0, -1.0, 3.0, 5.0, 4.0, -2.0, -3.0, 4.0, 4.0, -1.0, 3.0, 10.0, -1.0, 2.0, -2.0, 4.0, -2.0, 5.0, -6.0, 5.0, -1.0, -5.0, 4.0, 0.0, 5.0, 0.0, -2.0, -2.0, -8.0, -2.0, -1.0, 5.0, -1.0, 5.0, -2.0, -1.0, -2.0, -2.0, -2.0, -2.0, 10.0, 4.0, 3.0, 3.0, 4.0, 10.0, 4.0, 4.0, -2.0, 0.0, -2.0, -13.0, 4.0, -1.0, 9.0, -2.0, 4.0, 3.0, 4.0, -2.0, -2.0, 5.0, -3.0, -7.0, -2.0, -2.0, -2.0, -7.0, -1.0, -2.0, 0.0, 10.0, 9.0, -1.0, 4.0, -2.0, -2.0, -7.0, 5.0, 11.0, 4.0, 5.0, -1.0, -8.0, 4.0, -2.0, -5.0, 4.0, -1.0, -7.0, -1.0, 4.0, 0.0, -1.0, -1.0, -8.0, -2.0, -1.0, 5.0, 4.0, -9.0, -4.0, -1.0, -14.0, 2.0, -12.0, -2.0, -7.0, 6.0, -1.0, 5.0, -8.0, -7.0, -1.0, -2.0, -4.0, 3.0, -2.0, -7.0, 0.0, 4.0, 5.0, 5.0, 9.0, 5.0, 2.0, -2.0, -1.0, 7.0, -1.0, 3.0, -1.0, 4.0, 4.0, -1.0, -2.0, 5.0, 4.0, -2.0, -2.0, -1.0, 4.0, -1.0, 0.0, -4.0, 3.0, -8.0, 4.0, -5.0, -1.0, -7.0, -2.0, -7.0, -1.0, 3.0, 5.0, -2.0, 5.0, -9.0, 5.0, -2.0, 0.0, -1.0, -5.0, -1.0, -1.0, -14.0, 0.0, 5.0, 11.0, -2.0, 5.0, 5.0, 4.0, 4.0, -1.0, -1.0, 4.0, -2.0, -1.0, -5.0, 4.0, 5.0, 4.0, 2.0, -7.0, -2.0, -2.0, 5.0, 6.0, -1.0, 4.0, 0.0, 5.0, 5.0, -7.0, -6.0, 6.0, 3.0, -7.0, -7.0, -3.0, -7.0, -1.0, 5.0, -6.0, -13.0, 10.0, -1.0, 6.0, 10.0, -1.0, 3.0, -2.0, 0.0, 1.0, -2.0, -3.0, -2.0, 5.0, 5.0, -3.0, -2.0, -6.0, 15.0, 5.0, 3.0, -4.0, 5.0, 0.0, -1.0, 5.0, -2.0, 4.0, -1.0, 5.0, 4.0, -1.0, 4.0, -1.0, 11.0, -2.0, -8.0, -1.0, 8.0, 5.0, 9.0, 2.0, -6.0, 4.0, 3.0, -8.0, -1.0, 11.0, -2.0, -2.0, -20.0, -2.0]",8.192839107609505,0.0032870769500732,0.0,0.0,0
73,73,"[-0.63360715, 0.5017885, -0.03247893, -0.18337633, -0.15038425, -0.7769488, 0.7340926, -0.63269544, -0.25616837, -0.1867898, 0.027209226, 0.90634876, 0.89280593, -0.5298687, 0.6301999, 0.82477105, -0.58943826, -0.9809434, 0.48632208, 0.340084, 0.71030587, -0.81391853, 0.21394464, 0.43026733, 0.5037064, 0.9149679, 0.6362091, -0.091483176, -0.14942777, 0.16169144, 0.7949146, -0.994508, -0.8319027, 0.021276249, -0.69211537, -0.08159487, -0.43788275, 0.7797967, 0.26377386, 0.24918616, 0.59600925, -0.2741972, -0.28195643, -0.25017205, -0.027283985, 0.8494525, -0.24803738, -0.7923053, -0.2806459, 0.7730858, -0.5271177, 0.16464451, 0.4970958, 0.800936, 0.33466762, -0.40848777, -0.70148927, -0.04681315, 0.012487804, 0.27053255, -0.56327003, -0.94571346, -0.5393086, -0.8286038, -0.8168466, 0.4701697, -0.97080624, 0.10817085, -0.11012946, 0.4465434, 0.918223, -0.10832526, 0.8794446, 0.17184386, 0.52541316, 0.14146017, 0.81641626, 0.110905334, -0.08134686, 0.94326186, -0.8100196, 0.04529804, -0.64589995, -0.22550781, 0.28511938, -0.5456176, -0.6217323, -0.71603113, -0.30096564, 0.8857348, -0.7919641, -0.7349465, -0.84739876, -0.6093886, -0.52408916, -0.63612854, -0.092488125, -0.42566365, 0.53962725, -0.022422513, -0.4685105, 0.45331308, 0.52414614, -0.008141272, 0.6787854, -0.3940938, 0.81956774, 0.32128838, 0.7702037, -0.69599825, -0.77612776, 0.5335144, 0.5288201, 0.89215875, 0.6577749, 0.33598515, 0.4840745, -0.46081874, 0.46092507, 0.75274515, -0.18663593, 0.14317346, 0.5085323, -0.39208287, -0.94637275, 0.1712478, -0.4005198, 0.38087586, -0.6140343, 0.38053682, -0.1419569, 0.4935907, -0.8408225, 0.86091083, -0.16771896, 0.6879615, -0.16941358, -0.9293808, -0.82899785, 0.79569805, 0.06630959, 0.52983975, 0.14932197, 0.19046192, -0.49662018, -0.6121534, -0.27184618, 0.35561374, 0.39924192, -0.7717295, 0.8608011, 0.12960674, -0.34033728, 0.13194813, 0.63430744, 0.8928088, -0.35709605, 0.2851996, -0.120038785, -0.040576708, -0.72398573, -0.16221328, 0.12112402, -0.6514628, 0.44630787, -0.7829627, -0.0015058612, -0.6760804, 0.48270908, 0.24807423, 0.13542594, -0.7649876, 0.3846627, 0.61131376, -0.12550615, -0.88921666, -0.4128721, 0.15702681, -0.6471121, -0.61589473, -0.38516882, -0.12971355, 0.09186774, -0.3177047, -0.7367181, 0.9847523, -0.19162095, 0.4566599, 0.18557912, -0.307476, -0.83589715, 0.35752878, 0.35467368, 0.8181827, -0.2736421, 0.1268526, -0.48755327, 0.52437204, -0.51865005, -0.033039045, 0.11640669, -0.74640656, 0.909795, 0.47811717, -0.33948964, 0.52832174, -0.78199965, -0.80767304, -0.70674753, -0.34506854, -0.18372713, -0.714865, 0.5163716, -0.66286516, 0.5726036, -0.5392891, 0.7982842, 0.71142644, 0.76333, 0.05729231, -0.31191057, 0.7128584, 0.5225134, 0.7359561, -0.7499794, 0.7714435, 0.5433331, 0.8388387, 0.7225866, -0.7705393, -0.36949685, 0.7818328, 0.09959405, -0.7772771, 0.34358835, -0.8562581, -0.3109136, -0.8948903, 0.16282894, 0.70605946, 0.092467494, 0.106361344, -0.39686826, 0.71455926, -0.55374855, 0.83926266, -0.33379886, 0.92818326, 0.92726606, -0.7289139, 0.5669326, 0.8781581, 0.20780726, 0.86391836, 0.119955845, 0.09493363, 0.58334696, 0.7589025, -0.47559378, -0.23478611, 0.60091966, -0.814102, 0.630908, 0.73109996, 0.16697149, 0.17200683, -0.7830996, 0.6577728, 0.38602266, -0.2896493, 0.24390167, 0.16233942, -0.72339815, 0.37767172, -0.6652788, 0.08953079, -0.38667798, 0.12709473, 0.24984036, -0.017926667, 0.62205327, -0.33543438, 0.79285115, -0.46554255, 0.8672411, 0.9628806, -0.38434592, 0.25121146, -0.8251369, -0.1663792, 0.476749, 0.0996837, 0.67554873, -0.78975093, 0.6044739, -0.7205082, -0.4871474, 0.9649927, 0.78777254, -0.42394936, -0.9139589, -0.70210266, 0.9458524, -0.59714144, -0.9315991, -0.16773379, -0.20404121, 0.16986004, 0.07362881, 0.10621011, -0.1511971, -0.21106167, 0.6521444, -0.92163414, -0.720608, 0.7461347, 0.2903276, -0.14432481, 0.49703848, 0.98129463, -0.60109663, 0.308626, 0.04894638, -0.7373696, -0.89866966, 0.03836978, 0.21640868, -0.08468637, -0.782336, -0.9390083, 0.3250993, 0.47849542, 0.02375678, 0.83576447, 0.88649356, -0.42463183, 0.30132285, -0.92823094, -0.4479059, -0.104582004, -0.4368792, 0.357815, -0.93630093, 0.69282985, -0.81333846, -0.7418877, 0.66966563, -0.8854233, 0.5237824, 0.5722431, 0.0010253442, -0.48520228, -0.2041293, 0.68215835, -0.59664786, -0.76188874, 0.7806726, 0.563392, 0.9259564, 0.71365374, 0.9569324, -0.101488076, 0.022321705, -0.48723242, 0.524988, 0.5520392, 0.5699847, -0.07284782, -0.12872896, 0.6671249, 0.18336447, 0.21104676, -0.76946735, 0.008980775, 0.76273483, 0.115615, 0.2567877, 0.7441363, 0.6889223, -0.7420543, 0.9050848, 0.053035256, 0.36366075, 0.028401168, 0.47645548, 0.70711297, -0.40557852, 0.25099793, -0.2104515, 0.35097644, -0.12319807, 0.37858146, 0.5098394, 0.20807244, -0.42521498, -0.53734285, -0.85147303, 0.62134665, -0.5274601, -0.8716986, 0.18977451, -0.61747944, -0.45160863, 0.7624448, -0.35551363, -0.84520066, 0.31050074, -0.79307246, 0.34593236, 0.94435704, 0.9348361, 0.9167908, 0.04772892, 0.4468731, -0.68901235, 0.6816779, 0.4254847, 0.6690724, 0.9262279, -0.31755376, -0.302123, -0.46194938, 0.5919006, -0.4888769, -0.4084943, -0.96578586, -0.8802766, 0.44818917, 0.76514655, 0.48508492, 0.6355808, -0.048115216, -0.078042544, 0.027440848, -0.54218996, 0.31607178, 0.55485815, 0.8320049, -0.4598591, 0.3106342, -0.63960814, -0.91735214, -0.2332822, -0.0075578317, 0.2305178, 0.49271753, 0.9486118, 0.5135236, 0.5290182, -0.6342313, -0.81310743, -0.15233615, 0.48927233, 0.36526442, -0.20360531, 0.37250933, 0.9121705, -0.9928895, 0.7499464, 0.15957557, 0.76713264, -0.74147093, 0.21034817, 0.22299501, 0.4114655, 0.28872737, 0.859663, -0.75681573, -0.2359537, -0.41410673, 0.094581306, 0.7129401, 0.3064245, -0.40906793, 0.016199192, -0.64229447, 0.96675426, -0.10076101, -0.52441394, 0.035724122, -0.0072446666, -0.62242144, -0.0047841603, -0.5037749, 0.041687462, -0.8335504, 0.7797842, -0.23248018, -0.3626072, 0.25593433, 0.2860585, -0.6014028, 0.252535, -0.49701446, 0.707142, -0.9867544, -0.93706626, -0.0650248, 0.28508645, -0.062254786, -0.97837275, 0.4944077, -0.29401514, -0.5972872, 0.46159804, -0.25965297, 0.05539467, -0.020759081, -0.35733446, -0.6473527, 0.4729427, -0.30862996, 0.7279142, -0.54420394, 0.49918914, -0.00074384146, 0.35682064, -0.80763286, -0.03409949, 0.4810759, -0.06251385, 0.81626046, 0.22436684, 0.5366641, 0.3422569, 0.6987777, 0.3887018, 0.56442016, -0.93901104, 0.4690504, 0.86514795, -0.020861482, 0.41726282, -0.40960407, 0.06735447, 0.088839784, 0.48719406, -0.17113031, -0.42590305, -0.9027511, 0.8453429, 0.5896098, 0.37743667, -0.93361515, 0.8833502, -0.5218745, -0.5737468, 0.7492784, -0.5786571, 0.13096873, -0.2422444, 0.7925154, -0.44595376, 0.87906384, -0.026177114, 0.41103008, 0.69182223, 0.60354966, -0.20523041, -0.72374797, 0.6449587, -0.86209, 0.13200775, -0.76908654, -0.96657896, 0.58824795, 0.79992354, -0.76028585, 0.28608006, -0.95871353, 0.93921995, 0.7957704, -0.50282425, 0.30780596, 0.71312904, -0.2323463, -0.09167741, -0.18789424, -0.2994195, 0.8388035, -0.8309694, -0.50226885, -0.22980459, -0.22966222, -0.45556483, -0.1263058, -0.5326754, 0.8386854, -0.70967287, 0.42574123, 0.14859915, -0.5891235, -0.20409688, -0.88994104, -0.8375455, 0.9726615, 0.4087898, -0.061818756, 0.30758154, -0.95279515, 0.71446353, -0.3141042, 0.6116601, -0.03690257, 0.20605834, 0.36268407, -0.6176402, -0.06397716, 0.39639232, -0.35813883, -0.57974654, -0.07548845, -0.6577119, 0.45536917, 0.16307797, -0.55307406, 0.45770743, 0.6888995, -0.5809532, -0.48443758, 0.9661743, -0.053782728, 0.40327802, -0.11167687, -0.4389328, -0.6064961, -0.26730594, -0.09457487, -0.07525611, -0.5241056, 0.7469836, 0.5988881, -0.8535115, 0.07245678, -0.34806725, -0.515049, -0.83189136, -0.83104557, 0.89079964, 0.045280404, -0.6478016, -0.6540062, -0.25078735, 0.20742917, 0.83451134, -0.27481136, -0.49685854, -0.7910897, 0.16528551, -0.17463624, 0.87948143, -0.94052106, 0.52261454, 0.9194339, -0.545089, 0.81753874, 0.043344032, 0.96659106, 0.31394634, -0.3678292, 0.043873057, 0.17559637, 0.79341227, 0.36493832, -0.9637192, -0.5962256, -0.7114674, -0.1703286, 0.7779608, -0.66872966, -0.16968045, 0.024326967, 0.5961783, -0.07407672, 0.07037989, 0.063276626, -0.9671149, 0.8970081, -0.34207556, 0.46088627, -0.84243613, 0.9807344, -0.5748597, 0.6834781, -0.46670255, -0.69863945, -0.67029214, -0.26248994, -0.4596015, -0.030977443, 0.6873375, 0.5427845, -0.8493742, 0.018568426, -0.6808495, 0.44856268, 0.9743219, -0.26411742, 0.8272958, -0.91353345, -0.5307855, 0.14303675, 0.92221344, -0.2727833, 0.76715034, -0.3975736, -0.12193259, 0.33509868, 0.8959809, 0.1377357, -0.15846123, -0.01624706, -0.43614122, 0.26595435, -0.6817319, 0.58049726, -0.021356087, -0.72415113, 0.9668739, -0.93924266, 0.8251117, -0.23288946, -0.6120218, -0.6590728, 0.6796612, -0.32149398, -0.53527, -0.9868255, 0.37857273, 0.17269821, 0.8293713, 0.6826142, 0.031454377, 0.471789, -0.98987275, -0.5809075, 0.9724024, -0.35181665, 0.43252856, -0.32811743, -0.5806822, 0.12643525, 0.7512653, -0.838556, -0.35325545, -0.7683934, 0.74472433, 0.06847345, -0.85151595, 0.11421711, -0.75413597, -0.28419575, -0.80242527, -0.4147413, -0.26352787, 0.6188779, -0.96651065, 0.27307513, -0.99784344, 0.4856793, -0.53439, 0.3008146, -0.8692579, -0.34665233, 0.20988953, -0.62359935, 0.5225381, -0.5228825, 0.8627007, -0.5156414, 0.18536574, -0.8628552, -0.5634299, -0.071372025, 0.8056093, -0.07868454, 0.82681113, 0.77238965, -0.7560659, 0.18482162, 0.708366, -0.9409246, -0.30297744, -0.5218249, -0.8956436, -0.23288189, 0.6930661, 0.33634156, -0.76900023, -0.9387155, 0.69190013, -0.5969774, -0.4010043, 0.076699, -0.7278336, -0.15370156, -0.95571315, 0.44451523, -0.46708006, -0.9718795, 0.66743153, -0.5080982, -0.40808398, 0.73698336, 0.005098577, 0.5861254, 0.08849035, -0.12588955, 0.38660523, 0.42589125, 0.6533275, -0.6472923, 0.19391602, -0.18928409, 0.13438374, -0.73347116, -0.45198634, -0.39186907, -0.33509985, 0.042403333, 0.59174794, -0.89806515, -0.68012834, 0.6016351, 0.15290149, -0.16623881, 0.8177658, -0.4025801, 0.05603935, 0.99647444, 0.0057980777, 0.10897906, -0.82133543, -0.71645814, 0.61271507, -0.23937924, -0.123157926, -0.75140005, -0.67519814, -0.7101659, -0.5716706, -0.6369191, 0.5470399, -0.19318146, -0.4865008, 0.035439488, -0.6499682, 0.857093, 0.79550016, -0.53959477, 0.99106365, -0.8400367, 0.99729484, 0.054682672, 0.38271344, -0.69474, -0.106930666, 0.6077126, 0.99745363, 0.91628927, -0.06676514, 0.64831644, -0.40063822, -0.8130047, -0.4298062, -0.37363887, 0.19204007, 0.26843467, -0.18306243, -0.81453764, 0.22335494, -0.80550796, -0.82065314, 0.9401127, 0.84993595, -0.9133621, -0.39552677, 0.19254749, -0.8496425, 0.77465874, 0.35735223, -0.8286516, -0.6661745, -0.9054997, -0.0039286953, -0.10289195, 0.25399408, -0.03220839, 0.067779295, -0.5069534, -0.76688224, -0.14148334, -0.15954407, -0.43016127, -0.8727162, -0.045196816, 0.7738682, -0.4393106, -0.2840056, -0.41780427, 0.065207206, 0.16866405, -0.70347935, 0.8439756, -0.8903958, -0.83493453, -0.17876714, 0.8500628, 0.98120975, -0.519636, 0.8417291, -0.020653412, 0.22712244, 0.27717558, -0.066423595, -0.3505606, -0.22765487, -0.93626845, 0.645607, -0.22653237, 0.006671636, -0.28774163, -0.122514114, -0.5208604, -0.54568124, -0.8257791, -0.6049381, -0.029291714, -0.09189346, 0.06375596, -0.7842776, -0.6076774, 0.94132906, -0.5717178, -0.06535284, 0.22708325, 0.10999093, -0.5703474, 0.96402436, -0.26866758, -0.58132917, 0.1039769, -0.8890425, 0.30080026, -0.27916417, 0.24071285, -0.9405712, 0.14858463, -0.96139616, 0.11475326, 0.72635096, -0.958282, -0.0025817112, -0.9013373, 0.8110689, 0.27135745, -0.9250094, 0.7108583, -0.46602082, 0.97216123, -0.060375396, 0.07381109, 0.04641526, 0.09348063, -0.057927854, -0.22302495, -0.2378525, 0.95782983, -0.24512336, 0.86034733, 0.92322785, 0.23293746, 0.5498024, -0.7832061, 0.41485077, 0.11433961, -0.664516, 0.9561724, 0.6132438, 0.052086167, 0.3242699, 0.9152449, -0.020727383, 0.28388867, -0.3228675, 0.09834397, 0.45838064, -0.52099204, 0.99508214, -0.2743026, -0.5775879, 0.847832, 0.42579857, 0.7283268, -0.88796747, 0.31964642, 0.4802491, 0.04832674, -0.96643996, -0.87306625]","[-7.0, 4.0, 4.0, -2.0, -1.0, 4.0, -1.0, 2.0, -2.0, -3.0, -2.0, -1.0, 4.0, -2.0, 4.0, -2.0, -2.0, -3.0, -7.0, -1.0, -8.0, -2.0, -2.0, -7.0, 5.0, 10.0, -7.0, -8.0, 3.0, -7.0, -14.0, 4.0, -2.0, 4.0, 5.0, 3.0, 4.0, -6.0, -7.0, -7.0, 0.0, 5.0, -1.0, -4.0, 1.0, 5.0, 3.0, -7.0, -3.0, -2.0, 5.0, 3.0, 5.0, -1.0, 1.0, 1.0, -1.0, -2.0, 0.0, 4.0, 3.0, 4.0, -2.0, 0.0, 3.0, 4.0, -7.0, -3.0, -2.0, 5.0, 5.0, 2.0, -1.0, 4.0, -6.0, 3.0, 4.0, -3.0, -1.0, 6.0, -2.0, -6.0, -1.0, -7.0, 6.0, 10.0, -1.0, -1.0, 0.0, 4.0, -1.0, 6.0, -1.0, 10.0, -2.0, 4.0, 4.0, -3.0, -6.0, -4.0, -1.0, -1.0, 1.0, -1.0, -8.0, 5.0, 1.0, 3.0, 5.0, -3.0, -2.0, -7.0, -7.0, -2.0, 4.0, -8.0, 5.0, -7.0, 5.0, -3.0, 5.0, 5.0, 0.0, 4.0, -2.0, 3.0, -1.0, 4.0, 3.0, -2.0, 5.0, -1.0, -4.0, -7.0, -2.0, -8.0, -1.0, -8.0, 3.0, 4.0, 4.0, 5.0, -2.0, 4.0, 5.0, 4.0, -8.0, 0.0, -7.0, 4.0, -10.0, 5.0, -3.0, 0.0, -2.0, -7.0, 4.0, 4.0, 4.0, -1.0, -3.0, 4.0, 5.0, 3.0, -13.0, -1.0, -7.0, 4.0, -9.0, -5.0, 3.0, -1.0, 5.0, 3.0, 1.0, -2.0, -2.0, -2.0, -3.0, 0.0, 3.0, -2.0, -2.0, -5.0, -2.0, -2.0, 5.0, -6.0, 2.0, 10.0, -3.0, -2.0, 4.0, -4.0, -2.0, 0.0, -2.0, -8.0, -2.0, -2.0, -8.0, -2.0, -2.0, 5.0, -1.0, 5.0, -1.0, -3.0, -1.0, -1.0, 5.0, 4.0, -2.0, 4.0, 1.0, -8.0, 4.0, 4.0, -2.0, -3.0, 4.0, -7.0, -3.0, -7.0, 8.0, 5.0, 4.0, -3.0, 0.0, 4.0, -7.0, 0.0, 5.0, -2.0, 0.0, 4.0, 4.0, 4.0, -1.0, 3.0, 1.0, -1.0, -6.0, 3.0, 2.0, 0.0, 4.0, -5.0, -2.0, 6.0, -2.0, -5.0, -2.0, -1.0, -2.0, -4.0, -1.0, -4.0, -2.0, -2.0, -2.0, 5.0, -7.0, -2.0, 4.0, -1.0, -7.0, 1.0, -7.0, 5.0, 4.0, -1.0, -1.0, -6.0, 6.0, -1.0, 5.0, -2.0, -4.0, -7.0, 4.0, -1.0, 0.0, -1.0, -1.0, 12.0, 0.0, -1.0, 4.0, 4.0, -1.0, -2.0, -8.0, -2.0, -2.0, -1.0, -7.0, -1.0, -3.0, -2.0, 4.0, 3.0, 4.0, -1.0, -1.0, 0.0, -3.0, 4.0, 0.0, -2.0, 3.0, 3.0, -6.0, -1.0, -2.0, 0.0, 1.0, -1.0, 5.0, 4.0, -1.0, -8.0, -1.0, 3.0, 6.0, 1.0, -7.0, 4.0, 5.0, 2.0, 0.0, 0.0, 4.0, 10.0, -2.0, -2.0, -8.0, -2.0, 4.0, 12.0, -1.0, 5.0, -4.0, -7.0, -7.0, 0.0, -1.0, -1.0, -2.0, -1.0, -3.0, -1.0, -1.0, 4.0, 5.0, 5.0, -2.0, -7.0, 3.0, -1.0, -7.0, -1.0, 4.0, -7.0, 6.0, -1.0, 4.0, 10.0, 4.0, -7.0, -1.0, 13.0, 4.0, 9.0, 0.0, 4.0, -3.0, 4.0, 5.0, 4.0, 4.0, 4.0, -2.0, 5.0, -1.0, 4.0, 3.0, 5.0, 5.0, 3.0, 0.0, 5.0, -2.0, 11.0, 5.0, 11.0, -2.0, -2.0, 5.0, 10.0, -3.0, 5.0, 10.0, -1.0, 3.0, -1.0, -7.0, 5.0, -2.0, 4.0, -2.0, 3.0, 3.0, 1.0, -8.0, -2.0, -10.0, 5.0, 0.0, -3.0, -8.0, 1.0, 8.0, -6.0, 6.0, 3.0, -7.0, -7.0, -2.0, -1.0, -1.0, -1.0, -2.0, -2.0, -2.0, -2.0, -14.0, -7.0, -1.0, -7.0, -1.0, -8.0, 4.0, -2.0, 5.0, -2.0, 5.0, -2.0, 5.0, 4.0, -1.0, -2.0, 4.0, 4.0, 5.0, 4.0, 3.0, -1.0, 4.0, 2.0, 4.0, -2.0, -2.0, -1.0, 9.0, -1.0, -1.0, -8.0, 0.0, 5.0, 2.0, 4.0, -1.0, 5.0, -1.0, 5.0, -8.0, -1.0, -2.0, -1.0, -2.0, -2.0, -10.0, 5.0, -5.0, -1.0, 5.0, 11.0, -1.0, 0.0, -5.0, -2.0, -2.0, 2.0, -2.0, -2.0, -2.0, -8.0, 0.0, -2.0, -7.0, 4.0, -7.0, -1.0, -3.0, -5.0, 4.0, 2.0, -1.0, -2.0, 4.0, 5.0, -4.0, 4.0, -1.0, -1.0, -1.0, 3.0, 9.0, -7.0, 4.0, -2.0, -3.0, -2.0, -2.0, 5.0, 4.0, 4.0, -5.0, -1.0, -1.0, 3.0, -3.0, -1.0, -7.0, 0.0, -1.0, 4.0, 3.0, -5.0, 5.0, 4.0, -1.0, -1.0, 4.0, -3.0, -1.0, -1.0, -2.0, -2.0, 5.0, 5.0, -2.0, 1.0, -7.0, 5.0, 4.0, -2.0, -1.0, 3.0, -1.0, -7.0, -5.0, -2.0, -1.0, -1.0, 5.0, -1.0, 0.0, 4.0, -3.0, -7.0, -2.0, -1.0, -1.0, -2.0, 3.0, -3.0, -2.0, 1.0, 1.0, -3.0, 0.0, -1.0, -8.0, 4.0, 3.0, 1.0, -1.0, -2.0, -7.0, -2.0, -1.0, 3.0, -1.0, -1.0, 5.0, -3.0, 4.0, 0.0, -2.0, -7.0, -7.0, 3.0, 5.0, -1.0, 11.0, 4.0, -1.0, 4.0, -2.0, 0.0, 10.0, 0.0, -7.0, -2.0, -8.0, -2.0, 7.0, -1.0, -1.0, 4.0, 6.0, 5.0, 4.0, 2.0, -1.0, -2.0, 10.0, -4.0, -1.0, -2.0, 4.0, -1.0, -1.0, 0.0, 5.0, -1.0, 2.0, -1.0, -2.0, -1.0, -6.0, 2.0, -1.0, -2.0, 1.0, -2.0, 3.0, -2.0, -2.0, 6.0, -2.0, -2.0, 1.0, -2.0, -2.0, -6.0, 4.0, 1.0, 5.0, -3.0, -3.0, 5.0, 4.0, -6.0, -2.0, -1.0, -1.0, 0.0, -1.0, -3.0, 3.0, 3.0, 1.0, 0.0, 5.0, 1.0, -1.0, -1.0, -2.0, -1.0, 5.0, -3.0, 5.0, -1.0, -12.0, -2.0, -1.0, -1.0, -5.0, -7.0, -1.0, -2.0, -3.0, 6.0, 8.0, -3.0, 0.0, 4.0, 3.0, 5.0, -1.0, 3.0, 4.0, -1.0, 4.0, -1.0, 5.0, -15.0, -7.0, -1.0, -2.0, 1.0, -7.0, 5.0, -1.0, 1.0, -2.0, 6.0, 0.0, -4.0, -1.0, -2.0, 2.0, -2.0, 0.0, -6.0, -8.0, -2.0, 4.0, 4.0, -2.0, 1.0, 1.0, -5.0, 4.0, -1.0, -3.0, 10.0, -2.0, 5.0, 3.0, -1.0, 3.0, 5.0, 4.0, -2.0, -3.0, 4.0, 4.0, -1.0, 3.0, 10.0, -1.0, 2.0, -2.0, 4.0, -2.0, 5.0, -6.0, 5.0, -1.0, -5.0, 4.0, 0.0, 5.0, 0.0, -2.0, -2.0, -8.0, -2.0, -1.0, 5.0, -1.0, 5.0, -2.0, -1.0, -2.0, -2.0, -2.0, -2.0, 10.0, 4.0, 3.0, 3.0, 4.0, 10.0, 4.0, 4.0, -2.0, 0.0, -2.0, -13.0, 4.0, -1.0, 9.0, -2.0, 4.0, 3.0, 4.0, -1.0, -2.0, 5.0, -3.0, -7.0, -2.0, -2.0, -2.0, -7.0, -1.0, -2.0, 0.0, 10.0, 9.0, -1.0, 4.0, -2.0, -2.0, -7.0, 5.0, 11.0, 4.0, 5.0, -1.0, -8.0, 4.0, -2.0, -5.0, 4.0, -1.0, -7.0, -1.0, 4.0, 0.0, -1.0, -1.0, -8.0, -2.0, -1.0, 5.0, 4.0, -9.0, -4.0, -1.0, -14.0, 2.0, -12.0, -2.0, -7.0, 6.0, -1.0, 5.0, -8.0, -7.0, -1.0, -2.0, -4.0, 3.0, -2.0, -7.0, 0.0, 4.0, 5.0, 5.0, 9.0, 5.0, 2.0, -2.0, -1.0, 7.0, -1.0, 3.0, -1.0, 4.0, 4.0, -1.0, -2.0, 5.0, 4.0, -2.0, -2.0, -1.0, 4.0, -1.0, 0.0, -4.0, 3.0, -8.0, 4.0, -5.0, -1.0, -7.0, -2.0, -7.0, -1.0, 3.0, 5.0, -2.0, 5.0, -9.0, 5.0, -2.0, 0.0, -1.0, -5.0, -1.0, -1.0, -14.0, 0.0, 5.0, 11.0, -2.0, 5.0, 5.0, 4.0, 4.0, -1.0, -1.0, 4.0, -2.0, -1.0, -5.0, 4.0, 5.0, 4.0, 2.0, -7.0, -2.0, -2.0, 5.0, 6.0, -1.0, 4.0, 0.0, 5.0, 5.0, -7.0, -6.0, 6.0, 3.0, -7.0, -7.0, -3.0, -7.0, -1.0, 5.0, -6.0, -13.0, 10.0, -1.0, 6.0, 10.0, -1.0, 3.0, -2.0, 0.0, 1.0, -2.0, -3.0, -2.0, 5.0, 5.0, -3.0, -2.0, -6.0, 15.0, 5.0, 3.0, -4.0, 5.0, 0.0, -1.0, 5.0, -2.0, 4.0, -1.0, 5.0, 4.0, -1.0, 4.0, -1.0, 11.0, -2.0, -8.0, -1.0, 8.0, 5.0, 9.0, 2.0, -6.0, 4.0, 3.0, -8.0, -1.0, 11.0, -2.0, -2.0, -20.0, -2.0]",8.191414266461646,0.003303050994873,0.0,0.0,0
74,74,"[0.65689653, 0.94515145, 0.9851924, -0.32456076, -0.35196975, 0.03780183, 0.34817502, 0.50402844, 0.19249482, 0.24560012, -0.36960775, -0.60850734, 0.66275465, -0.74800986, -0.6037928, 0.253368, 0.39265546, -0.73606986, -0.77256334, 0.4111026, -0.24135564, 0.8965032, -0.38272795, -0.28123567, -0.5321852, -0.9268222, -0.9709719, 0.94994235, 0.6689393, 0.20336466, 0.9766442, 0.99603444, 0.8217876, 0.76233554, -0.30918846, 0.0004545452, 0.5450175, 0.2550563, -0.9920736, -0.083779365, 0.7391323, -0.48443586, -0.19010045, -0.3365097, -0.0528915, -0.36375985, -0.4446512, 0.37248215, -0.12672336, 0.98063505, 0.34993142, 0.44930142, 0.2587087, -0.012094518, 0.53812, 0.86766225, 0.9195084, -0.89666104, 0.22562861, -0.9769611, -0.761205, 0.8426665, -0.5872598, 0.15200923, -0.07802171, 0.6230209, -0.08610667, -0.81270415, -0.8500068, -0.058916204, -0.2897658, 0.8186479, 0.85993254, 0.91108286, 0.7199627, -0.19467, -0.39557284, 0.41399983, 0.13290223, 0.98499656, 0.6316824, -0.24332023, 0.4514513, 0.6690404, -0.38804677, 0.8560411, 0.7523365, 0.18104763, 0.091424376, -0.34514266, 0.57964563, -0.9911299, -0.8703146, -0.1817529, -0.010524787, 0.9317165, -0.9453272, 0.062451623, -0.18496765, -0.6609298, 0.686041, -0.76698256, 0.011873016, -0.40136093, -0.83999693, -0.5200817, -0.24753211, 0.2660494, 0.55692136, 0.88397694, -0.32419875, -0.9955884, -0.39618012, 0.54216707, -0.34448656, -0.23290752, -0.07943036, 0.12201036, -0.066839784, -0.8275791, -0.061583914, 0.8025982, -0.30828, 0.73970944, -0.49208063, 0.8623569, -0.4194474, 0.093091615, 0.23822643, 0.75260144, 0.24900074, 0.9198564, 0.7842819, -0.11845556, -0.69075465, 0.51832986, -0.8001987, -0.44377252, 0.881567, 0.045184523, -0.38238388, -0.36809593, -0.3246337, -0.81348866, -0.23407815, -0.26667994, 0.8553176, 0.69542414, -0.08086377, 0.72920704, 0.53843427, -0.79182565, 0.037761915, 0.9867818, -0.12524737, 0.35573682, 0.47370368, -0.76981497, -0.5179493, -0.21054332, 0.2544272, -0.7790008, 0.6853441, -0.02495398, -0.08157299, -0.8515058, 0.8796984, 0.710477, -0.33669063, -0.84227145, 0.73593634, -0.70645034, -0.8634462, -0.16981238, -0.5116749, 0.48031953, -0.90361685, -0.5318474, 0.043708384, -0.39722794, -0.6309983, 0.8364924, 0.31041953, -0.65727353, 0.90545523, 0.15374848, 0.17346461, 0.37941095, -0.26824054, -0.79699856, -0.9803711, 0.4581039, -0.5810838, -0.82772714, -0.7504046, -0.6850277, 0.82342553, 0.046238925, -0.6509571, 0.05798485, -0.7610917, -0.811507, 0.4111344, 0.44277766, 0.7661508, -0.024940124, -0.21816096, -0.6489372, -0.28631333, 0.06106837, -0.5932935, 0.6767638, -0.19439736, -0.30001354, -0.59333485, 0.8329211, -0.9710224, -0.6597886, 0.6277422, -0.9358, 0.89605373, -0.8152448, -0.29321107, 0.8504242, -0.39689285, -0.9579063, 0.49362746, -0.1225981, 0.24003306, -0.55698407, 0.92947435, -0.11684167, -0.9243275, -0.78128034, -0.4954858, -0.46590218, -0.45610607, -0.8647177, 0.2044789, -0.65991455, -0.5365799, 0.20368952, -0.5433007, 0.8497385, -0.82629514, -0.71023977, -0.40173706, 0.31836724, 0.94544065, 0.30942446, 0.4201167, -0.7951678, 0.81315094, 0.98315835, 0.7122625, 0.20097911, -0.13608427, -0.48819384, -0.05029678, -0.100478195, 0.7473211, 0.39649114, -0.16275205, -0.67437804, -0.93080443, 0.07857555, -0.49399084, -0.9035665, 0.47025067, -0.0703074, -0.5045957, 0.07163192, -0.45660162, 0.46580637, -0.9623208, 0.71207225, 0.5953859, -0.5731555, 0.57276607, 0.90071386, 0.1790437, 0.9561327, 0.33023727, -0.79654366, -0.06705836, 0.5645074, 0.8952233, 0.6425629, 0.033655606, -0.6633316, 0.7764408, -0.4649679, -0.47000173, 0.81930363, -0.70710343, 0.9485443, 0.16191682, -0.8226135, 0.54531455, 0.47446528, -0.5792494, 0.83313036, 0.66147906, -0.76278436, 0.8617991, -0.061430935, 0.56211644, -0.98252267, -0.5936019, 0.22892906, 0.9463622, 0.9589842, -0.9024267, -0.4274231, 0.45329085, 0.2493986, -0.80115277, 0.89178395, 0.12603629, 0.457708, -0.69947517, -0.21234927, -0.39862806, 0.8057236, -0.09327552, 0.742535, 0.22968422, 0.14518718, -0.8949695, 0.7528562, -0.39296216, 0.51627445, 0.30604133, 0.24139647, -0.9819186, 0.3354751, 0.24568142, 0.14736713, 0.41928357, -0.9851259, -0.29093117, 0.08624695, 0.35435915, -0.32855853, 0.6728497, -0.83541197, 0.78293496, 0.49512687, -0.5363224, -0.6194104, 0.9084575, -0.98479944, 0.3716884, 0.19124073, 0.7197872, 0.26825604, 0.7257628, 0.2180763, 0.88235813, 0.5298068, -0.55698365, -0.2934973, -0.7617993, -0.27587464, -0.20196535, -0.85831296, -0.74291295, -0.9890212, 0.34066814, -0.07082329, 0.17216219, -0.7520595, -0.14481126, -0.7932005, 0.41885757, 0.71658957, -0.6800576, 0.35471025, -0.84643245, 0.39093423, -0.5589544, -0.74455863, 0.14341526, -0.29386824, -0.7546093, -0.7314153, -0.29184422, 0.6782564, 0.64170134, -0.67282057, 0.13340442, -0.40182582, 0.075440235, 0.98582804, 0.99629205, -0.91239977, -0.44532034, -0.66702944, 0.11315988, -0.41966045, -0.8560042, -0.43756643, 0.67001665, -0.7700564, -0.10129626, 0.9194312, 0.44886434, -0.80550057, -0.929846, -0.34674898, 0.8770954, -0.6102332, 0.9476997, 0.38170645, -0.7016714, 0.3617892, -0.79983383, -0.37228703, 0.4407602, -0.24903207, -0.60922635, 0.5437415, -0.7977224, 0.56132036, -0.27345356, 0.8396084, 0.11607173, -0.069521405, 0.051431287, -0.67478275, 0.7803018, 0.45628935, -0.81007665, -0.001961531, 0.13114204, 0.72763765, 0.036953144, -0.70701045, 0.82665056, 0.23608157, 0.7120896, -0.8657029, 0.19084346, 0.22668187, -0.9137064, 0.21243688, 0.12144895, 0.020019164, 0.067690745, 0.20403095, 0.9576006, -0.40029305, 0.6185336, -0.06807762, 0.6562778, -0.7963924, 0.4005609, -0.8642669, 0.8475679, 0.2566756, 0.9160854, -0.8800616, 0.5995996, 0.44146267, 0.0070474437, -0.020836137, 0.85876507, -0.47168517, -0.29040298, 0.045461502, -0.479258, 0.95167243, -0.33150634, 0.79596573, 0.027402883, -0.8629618, 0.63846856, 0.563014, -0.88223237, 0.20243447, -0.6965859, 0.75209, -0.08954008, -0.44945034, -0.02021697, 0.17594309, 0.0015504961, -0.17701747, 0.7619046, -0.0707487, -0.3530982, -0.69243747, -0.72819066, 0.7945941, -0.4570708, 0.5577214, -0.90446985, 0.9759029, 0.43240353, 0.8562292, 0.14484365, -0.25948066, 0.9324153, 0.733007, 0.2508312, 0.6743348, 0.089247406, -0.41764688, -0.6811007, 0.24785249, 0.77488846, -0.66914207, -0.016859014, 0.825073, -0.63595855, 0.093500935, -0.53541636, 0.60852903, 0.47255287, -0.42070174, -0.7681929, 0.8950954, -0.77216864, 0.55456567, -0.42563203, -0.9207114, -0.08810877, -0.8267394, -0.599145, 0.108598895, -0.8605987, -0.65166175, 0.3663658, 0.39675128, -0.83935404, -0.31521922, -0.023795834, 0.54710674, -0.79866225, -0.9026834, 0.5363029, 0.17637976, -0.25147122, -0.5440421, 0.9753029, -0.53940594, 0.21901408, -0.51761514, -0.8601342, 0.25190687, -0.7298803, -0.93920285, 0.7963193, 0.1865016, -0.57776994, 0.08424843, -0.39002967, 0.8797452, -0.4797986, -0.23678815, 0.017559173, 0.04726705, 0.6989909, 0.29838997, -0.6064947, -0.37808535, 0.42841455, 0.71689945, -0.64157313, -0.643619, -0.98650324, -0.5728192, -0.18834332, -0.8310762, -0.5706579, -0.8872999, 0.0044129235, 0.7025832, 0.35134843, -0.78377736, 0.48113653, 0.11578939, -0.71171254, -0.7672364, 0.9667118, 0.77647144, -0.226071, 0.11355895, 0.091167696, 0.8464969, -0.054542966, 0.32515323, 0.19234076, 0.11372981, -0.7068648, 0.29018942, -0.2875175, -0.45627424, 0.9285255, 0.9442224, 0.47193608, 0.82446814, -0.6450913, -0.19295934, 0.25723362, 0.91299015, -0.81744933, -0.89561915, 0.16994764, -0.8074107, -0.52696365, -0.5425204, -0.17254104, 0.18925495, 0.37115216, -0.4177468, -0.4058314, 0.14411962, -0.6562065, 0.7290578, -0.13218224, 0.95480275, 0.3036299, 0.41369244, 0.86154443, 0.39517084, 0.3607722, -0.7203718, -0.1155557, 0.33797446, -0.0824731, -0.09949212, 0.20181623, 0.34848043, -0.6806789, -0.29035613, -0.26077488, -0.5584804, 0.30722296, -0.68265843, -0.49509785, 0.9055173, 0.3474525, -0.69761467, -0.34353477, -0.18451664, 0.9838827, -0.45149186, 0.7237758, 0.23569652, 0.19407305, -0.33875808, -0.08472333, 0.14217728, -0.32592955, 0.22836383, 0.9470676, 0.80393296, -0.79095733, -0.73272926, -0.97461325, 0.9468209, -0.881067, 0.52595615, 0.56635666, -0.83847356, 0.45966944, 0.82871234, -0.7045464, -0.40415907, 0.107977815, 0.119106725, -0.35578, 0.89756787, -0.26823545, 0.9853152, 0.2149613, 0.14077689, -0.15362534, 0.29621223, -0.5305813, -0.7143848, -0.376466, -0.031255655, 0.88897765, -0.5271816, 0.9936133, 0.33809933, -0.37479743, 0.8194858, -0.14019056, -0.947191, 0.45236304, -0.21598634, -0.996726, -0.070617095, -0.89178437, 0.25887096, 0.6965938, 0.15200797, 0.4003768, -0.28223574, -0.38923112, 0.3768219, 0.5263493, 0.19348596, -0.26921847, 0.7110787, 0.76159245, -0.56450367, 0.8518946, 0.28319755, -0.42904925, -0.81493026, 0.9966122, 0.7933572, 0.26117298, -0.3121818, 0.8849219, 0.95088047, -0.7733419, -0.6856664, -0.8815033, -0.61801654, 0.24654563, 0.977796, -0.3179533, -0.9329482, 0.07863744, -0.8821648, -0.3578366, -0.17432891, 0.65367496, 0.49624142, 0.9707647, 0.4007394, -0.0981786, -0.050123703, 0.02615966, -0.6826094, 0.9085591, -0.5145627, -0.5471619, -0.38166407, -0.29308146, 0.9390504, -0.21128766, -0.9137287, -0.09659721, 0.28192297, -0.7443798, -0.19368806, -0.22826597, -0.5938636, 0.09582941, -0.047762588, 0.80182016, -0.4193604, 0.11884481, 0.33316976, 0.30992022, 0.60707676, 0.2153771, -0.6160046, -0.1768591, 0.8663968, 0.78522736, -0.204275, -0.13176754, 0.015014579, -0.55990064, 0.3025568, 0.20697595, 0.18986347, 0.5680054, -0.023910489, -0.02558491, 0.30692482, 0.6186514, -0.977754, 0.2143445, 0.5497116, 0.46344942, -0.9019313, -0.9408125, -0.07633438, -0.7411349, 0.28429812, 0.41052148, -0.643477, 0.24429683, 0.8864695, -0.4067177, -0.5182426, -0.48714805, -0.29356867, -0.05715878, 0.44197556, 0.7684631, -0.0012727913, -0.80400497, 0.19068164, 0.83830804, -0.77352977, 0.2755262, 0.52302104, -0.9468245, 0.12142414, -0.3840077, -0.39383394, -0.3676902, 0.70009375, 0.90368783, -0.937268, -0.95374364, 0.75987196, 0.5741359, 0.10863362, 0.7355984, -0.12245962, -0.45257276, 0.58931184, -0.91835773, -0.71632266, 0.4237837, 0.9173032, 0.93320286, -0.591688, -0.96276355, 0.39163366, -0.66759694, 0.17689587, -0.7654208, -0.050987735, -0.3405353, 0.34084943, -0.487782, -0.36878863, 0.92678446, -0.7064961, -0.673702, -0.6068811, -0.5428336, -0.664418, 0.56769574, -0.18421239, 0.3429324, 0.6884686, 0.7609298, 0.2923766, -0.4479488, -0.56385994, -0.87499565, 0.35308155, -0.8711992, 0.20159142, 0.047750395, 0.038735572, 0.84461135, -0.46850696, 0.120099284, 0.3153515, 0.93441796, -0.28097764, 0.0436274, 0.5039176, 0.14635694, -0.14075164, 0.43119225, -0.053908966, -0.35316154, 0.70530564, 0.8880441, -0.5547718, 0.6685893, -0.35109702, 0.9134378, -0.13004068, -0.94198, -0.11046128, -0.42448238, -0.10584117, 0.011273176, 0.013894492, -0.3973038, -0.8601901, -0.80406594, -0.3204937, -0.99212664, -0.20658071, -0.22963403, -0.85957617, 0.48376018, 0.99737436, 0.8201133, 0.34870324, -0.77769476, 0.38133618, -0.9741416, 0.4276739, -0.4031344, -0.55553037, 0.15780379, -0.79003763, -0.28107777, -0.11648375, -0.8423657, 0.69048756, -0.46344343, 0.4881022, 0.52662253, -0.760031, -0.033434793, 0.5720116, 0.5302243, 0.7512199, -0.8917627, 0.49471936, 0.92761034, 0.19284545, 0.44967115, -0.18587737, -0.36293474, -0.34997496, -0.7022777, 0.48948509, 0.38061225, -0.41531628, 0.47666332, 0.34198263, 0.5611069, 0.8002345, -0.1483184, -0.4230459, 0.27068582, 0.9972463, -0.78101045, 0.71673274, -0.17373121, 0.48979712, 0.85633934, 0.2349112, -0.9643401, 0.46991488, -0.36382154, 0.00811628, 0.37041807, -0.46733737, 0.4121295, -0.9759931, 0.4085216, -0.5853955, -0.12622109, 0.7773789, -0.16996823, 0.89418924, -0.92718613, 0.17856826, -0.4297341, -0.105065234, -0.85851747, 0.46657085, 0.05082637, 0.32299435, 0.41702804, 0.9489138, -0.9362667, 0.69095194, 0.89316523, -0.56591, -0.74295354, -0.0654851, 0.8253877, 0.6923571, 0.9361878, 0.1045635, -0.39603403, -0.6765732, 0.7573202, -0.45290193, -0.7773394, 0.8088897, -0.827376, 0.6589701, -0.42697045, -0.90352774, -0.80743784, -0.6590205, -0.47542706, -0.18750648, -0.023776637, -0.5668746, 0.94099647, 0.32673788, 0.65316236, -0.8358728, 0.44502872, -0.14602011, 0.9943918, -0.40912867]","[-7.0, 4.0, 4.0, -2.0, -1.0, 4.0, -1.0, 2.0, -2.0, -3.0, -2.0, -1.0, 4.0, -2.0, 4.0, -2.0, -2.0, -3.0, -7.0, -1.0, -8.0, -2.0, -2.0, -7.0, 5.0, 10.0, -7.0, -8.0, 3.0, -7.0, -14.0, 4.0, -2.0, 4.0, 5.0, 3.0, 4.0, -6.0, -7.0, -7.0, 0.0, 5.0, -1.0, -4.0, 1.0, 5.0, 3.0, -7.0, -3.0, -2.0, 5.0, 3.0, 5.0, -1.0, 1.0, 1.0, -1.0, -2.0, 0.0, 4.0, 3.0, 4.0, -2.0, 0.0, 3.0, 4.0, -7.0, -3.0, -2.0, 5.0, 5.0, 2.0, -1.0, 4.0, -6.0, 3.0, 4.0, -3.0, -1.0, 6.0, -2.0, -6.0, -1.0, -7.0, 6.0, 10.0, -1.0, -1.0, 0.0, 4.0, -1.0, 6.0, -1.0, 10.0, -2.0, 4.0, 4.0, -3.0, -6.0, -4.0, -1.0, -1.0, 1.0, -1.0, -8.0, 5.0, 1.0, 3.0, 5.0, -3.0, -2.0, -7.0, -7.0, -2.0, 4.0, -8.0, 5.0, -7.0, 5.0, -3.0, 5.0, 5.0, 0.0, 4.0, -2.0, 3.0, -1.0, 4.0, 3.0, -2.0, 5.0, -1.0, -4.0, -7.0, -2.0, -8.0, -1.0, -8.0, 3.0, 4.0, 4.0, 5.0, -2.0, 4.0, 5.0, 4.0, -8.0, 0.0, -7.0, 4.0, -10.0, 5.0, -3.0, 0.0, -2.0, -7.0, 4.0, 4.0, 4.0, -1.0, -3.0, 4.0, 5.0, 3.0, -13.0, -1.0, -7.0, 4.0, -9.0, -5.0, 3.0, -1.0, 5.0, 3.0, 1.0, -2.0, -2.0, -2.0, -3.0, 0.0, 3.0, -2.0, -2.0, -5.0, -2.0, -2.0, 5.0, -6.0, 2.0, 10.0, -3.0, -2.0, 4.0, -4.0, -2.0, 0.0, -2.0, -8.0, -2.0, -2.0, -8.0, -2.0, -2.0, 5.0, -1.0, 5.0, -1.0, -3.0, -1.0, -1.0, 5.0, 4.0, -2.0, 4.0, 1.0, -8.0, 4.0, 4.0, -2.0, -3.0, 4.0, -7.0, -3.0, -7.0, 8.0, 5.0, 4.0, -3.0, 0.0, 4.0, -7.0, 0.0, 5.0, -2.0, 0.0, 4.0, 4.0, 4.0, -1.0, 3.0, 1.0, -1.0, -6.0, 3.0, 2.0, 0.0, 4.0, -5.0, -2.0, 6.0, -2.0, -5.0, -2.0, -1.0, -2.0, -4.0, -1.0, -4.0, -2.0, -2.0, -2.0, 5.0, -7.0, -2.0, 4.0, -1.0, -7.0, 1.0, -7.0, 5.0, 4.0, -1.0, -1.0, -6.0, 6.0, -1.0, 5.0, -2.0, -4.0, -7.0, 4.0, -1.0, 0.0, -1.0, -1.0, 12.0, 0.0, -1.0, 4.0, 4.0, -1.0, -2.0, -8.0, -2.0, -2.0, -1.0, -7.0, -1.0, -3.0, -2.0, 4.0, 3.0, 4.0, -1.0, -1.0, 0.0, -3.0, 4.0, 0.0, -2.0, 3.0, 3.0, -6.0, -1.0, -2.0, 0.0, 1.0, -1.0, 5.0, 4.0, -1.0, -8.0, -1.0, 3.0, 6.0, 1.0, -7.0, 4.0, 5.0, 2.0, 0.0, 0.0, 4.0, 10.0, -2.0, -2.0, -8.0, -2.0, 4.0, 12.0, -1.0, 5.0, -4.0, -7.0, -7.0, 0.0, -1.0, -1.0, -2.0, -1.0, -3.0, -1.0, -1.0, 4.0, 5.0, 5.0, -2.0, -7.0, 3.0, -1.0, -7.0, -1.0, 4.0, -7.0, 6.0, -1.0, 4.0, 10.0, 4.0, -7.0, -1.0, 13.0, 4.0, 9.0, 0.0, 4.0, -3.0, 4.0, 5.0, 4.0, 4.0, 4.0, -2.0, 5.0, -1.0, 4.0, 3.0, 5.0, 5.0, 3.0, 0.0, 5.0, -2.0, 11.0, 5.0, 11.0, -2.0, -2.0, 5.0, 10.0, -3.0, 5.0, 10.0, -1.0, 3.0, -1.0, -7.0, 5.0, -2.0, 4.0, -2.0, 3.0, 3.0, 1.0, -8.0, -2.0, -10.0, 5.0, 0.0, -3.0, -8.0, 1.0, 8.0, -6.0, 6.0, 3.0, -7.0, -7.0, -2.0, -1.0, -1.0, -1.0, -2.0, -2.0, -2.0, -2.0, -14.0, -7.0, -1.0, -7.0, -1.0, -8.0, 4.0, -2.0, 5.0, -2.0, 5.0, -2.0, 5.0, 4.0, -1.0, -2.0, 4.0, 4.0, 5.0, 4.0, 3.0, -1.0, 4.0, 2.0, 4.0, -2.0, -2.0, -1.0, 9.0, -1.0, -1.0, -8.0, 0.0, 5.0, 2.0, 4.0, -1.0, 5.0, -1.0, 5.0, -8.0, -1.0, -2.0, -1.0, -2.0, -2.0, -10.0, 5.0, -5.0, -1.0, 5.0, 11.0, -1.0, 0.0, -5.0, -2.0, -2.0, 2.0, -2.0, -2.0, -2.0, -8.0, 0.0, -2.0, -7.0, 4.0, -7.0, -1.0, -3.0, -5.0, 4.0, 2.0, -1.0, -2.0, 4.0, 5.0, -4.0, 4.0, -1.0, -1.0, -1.0, 3.0, 9.0, -7.0, 4.0, -2.0, -3.0, -2.0, -2.0, 5.0, 4.0, 4.0, -5.0, -1.0, -1.0, 3.0, -3.0, -1.0, -7.0, 0.0, -1.0, 4.0, 3.0, -5.0, 5.0, 4.0, -1.0, -1.0, 4.0, -3.0, -1.0, -1.0, -2.0, -2.0, 5.0, 5.0, -2.0, 1.0, -7.0, 5.0, 4.0, -2.0, -1.0, 3.0, -1.0, -7.0, -5.0, -2.0, -1.0, -1.0, 5.0, -1.0, 0.0, 4.0, -3.0, -7.0, -2.0, -1.0, -1.0, -2.0, 3.0, -3.0, -2.0, 1.0, 1.0, -3.0, 0.0, -1.0, -8.0, 4.0, 3.0, 1.0, -1.0, -2.0, -7.0, -2.0, -1.0, 3.0, -1.0, -1.0, 5.0, -3.0, 4.0, 0.0, -2.0, -7.0, -7.0, 3.0, 5.0, -1.0, 11.0, 4.0, -1.0, 4.0, -2.0, 0.0, 10.0, 0.0, -7.0, -2.0, -8.0, -2.0, 7.0, -1.0, -1.0, 4.0, 6.0, 5.0, 4.0, 2.0, -1.0, -2.0, 10.0, -4.0, -1.0, -2.0, 4.0, -1.0, -1.0, 0.0, 5.0, -1.0, 2.0, -1.0, -2.0, -1.0, -6.0, 2.0, -1.0, -2.0, 1.0, -2.0, 3.0, -2.0, -2.0, 6.0, -2.0, -2.0, 1.0, -2.0, -2.0, -6.0, 4.0, 1.0, 5.0, -3.0, -3.0, 5.0, 4.0, -6.0, -2.0, -1.0, -1.0, 0.0, -1.0, -3.0, 3.0, 3.0, 1.0, 0.0, 5.0, 1.0, -1.0, -1.0, -2.0, -1.0, 5.0, -3.0, 5.0, -1.0, -12.0, -2.0, -1.0, -1.0, -5.0, -7.0, -1.0, -2.0, -3.0, 6.0, 8.0, -3.0, 0.0, 4.0, 3.0, 5.0, -1.0, 3.0, 4.0, -1.0, 4.0, -1.0, 5.0, -15.0, -7.0, -1.0, -2.0, 1.0, -7.0, 5.0, -1.0, 1.0, -2.0, 6.0, 0.0, -4.0, -1.0, -2.0, 2.0, -2.0, 0.0, -6.0, -8.0, -2.0, 4.0, 4.0, -2.0, 1.0, 1.0, -5.0, 4.0, -1.0, -3.0, 10.0, -2.0, 5.0, 3.0, -1.0, 3.0, 5.0, 4.0, -2.0, -3.0, 4.0, 4.0, -1.0, 3.0, 10.0, -1.0, 2.0, -2.0, 4.0, -2.0, 5.0, -6.0, 5.0, -1.0, -5.0, 4.0, 0.0, 5.0, 0.0, -2.0, -2.0, -8.0, -2.0, -1.0, 5.0, -1.0, 5.0, -2.0, -1.0, -2.0, -2.0, -2.0, -2.0, 10.0, 4.0, 3.0, 3.0, 4.0, 10.0, 4.0, 4.0, -2.0, 0.0, -2.0, -13.0, 4.0, -1.0, 9.0, -2.0, 4.0, 3.0, 4.0, -1.0, -2.0, 5.0, -3.0, -7.0, -2.0, -2.0, -2.0, -7.0, -1.0, -2.0, 0.0, 10.0, 9.0, -1.0, 4.0, -2.0, -2.0, -7.0, 5.0, 11.0, 4.0, 5.0, -1.0, -8.0, 4.0, -2.0, -5.0, 4.0, -1.0, -7.0, -1.0, 4.0, 0.0, -1.0, -1.0, -8.0, -2.0, -1.0, 5.0, 4.0, -9.0, -4.0, -1.0, -14.0, 2.0, -12.0, -2.0, -7.0, 6.0, -1.0, 5.0, -8.0, -7.0, -1.0, -2.0, -4.0, 3.0, -2.0, -7.0, 0.0, 4.0, 5.0, 5.0, 9.0, 5.0, 2.0, -2.0, -1.0, 7.0, -1.0, 3.0, -1.0, 4.0, 4.0, -1.0, -2.0, 5.0, 4.0, -2.0, -2.0, -1.0, 4.0, -1.0, 0.0, -4.0, 3.0, -8.0, 4.0, -5.0, -1.0, -7.0, -2.0, -7.0, -1.0, 3.0, 5.0, -2.0, 5.0, -9.0, 5.0, -2.0, 0.0, -1.0, -5.0, -1.0, -1.0, -14.0, 0.0, 5.0, 11.0, -2.0, 5.0, 5.0, 4.0, 4.0, -1.0, -1.0, 4.0, -2.0, -1.0, -5.0, 4.0, 5.0, 4.0, 2.0, -7.0, -2.0, -2.0, 5.0, 6.0, -1.0, 4.0, 0.0, 5.0, 5.0, -7.0, -6.0, 6.0, 3.0, -7.0, -7.0, -3.0, -7.0, -1.0, 5.0, -6.0, -13.0, 10.0, -1.0, 6.0, 10.0, -1.0, 3.0, -2.0, 0.0, 1.0, -2.0, -3.0, -2.0, 5.0, 5.0, -3.0, -2.0, -6.0, 15.0, 5.0, 3.0, -4.0, 5.0, 0.0, -1.0, 5.0, -2.0, 4.0, -1.0, 5.0, 4.0, -1.0, 4.0, -1.0, 11.0, -2.0, -8.0, -1.0, 8.0, 5.0, 9.0, 2.0, -6.0, 4.0, 3.0, -8.0, -1.0, 11.0, -2.0, -2.0, -20.0, -2.0]",8.191414266461646,0.0038280487060546,0.0,0.0,0
75,75,"[-0.62685645, 0.6358342, -0.5859275, 0.7721983, 0.41768798, -0.55917037, -0.5195715, -0.9185741, 0.7352577, -0.34474558, -0.76513183, -0.6254098, -0.13760865, 0.67939806, 0.12700242, -0.35983673, 0.93789876, -0.16837515, -0.3358148, 0.1046435, -0.75499904, -0.38581064, -0.21260035, -0.61959624, 0.89419997, -0.73820126, 0.43247178, 0.8954226, 0.96641, 0.39506525, 0.11233291, -0.09835787, -0.62044036, 0.0076474473, -0.68899226, 0.40271392, -0.29869005, 0.33973882, -0.577374, -0.60962075, 0.15773101, 0.55152065, 0.9490213, 0.2929667, 0.15878835, -0.66244304, -0.033327647, -0.08603311, 0.9083141, 0.30226427, 0.380608, -0.42066634, 0.5002652, 0.3374958, -0.37742248, 0.15065819, -0.35794893, -0.051290073, 0.16160785, -0.062543504, -0.9946131, 0.9097476, 0.71569085, 0.25412545, 0.64348775, 0.07225993, 0.5512368, -0.09011245, 0.43136916, 0.917161, 0.8505542, 0.13355647, -0.4886366, -0.026530674, -0.69855386, -0.8333877, -0.85212004, -0.023530409, -0.51840687, 0.20602445, 0.100936726, -0.3503028, 0.6605269, -0.64324045, -0.984437, -0.2032347, 0.5134356, -0.049145274, 0.90992355, 0.0727939, -0.22913806, 0.89979315, -0.8009804, 0.66811854, -0.45551103, 0.5505269, -0.19901296, 0.69098175, 0.81244534, 0.054115735, -0.41430625, 0.50984776, -0.82301974, -0.34640953, 0.4788279, 0.0719806, 0.88585484, -0.64820397, 0.0820217, 0.6784186, -0.428159, 0.040564932, -0.29063892, 0.09772238, 0.47993538, 0.52121145, 0.8179694, -0.40347674, 0.08772851, -0.36759442, 0.30552033, -0.5506457, -0.569694, 0.26099113, -0.75984347, -0.56492007, 0.6871022, -0.6920587, 0.108292475, -0.4476491, 0.67369556, 0.2599044, 0.05103394, -0.53331405, 0.7862609, 0.43481734, -0.9009879, 0.346653, 0.34630373, 0.023213942, 0.51763636, 0.4214373, -0.15896341, -0.6347325, 0.436879, 0.92028874, -0.3929198, -0.38875455, 0.9930933, 0.42019236, 0.5457189, -0.2326691, -0.68221056, -0.6176413, -0.91166896, 0.53047466, -0.3343106, -0.684037, 0.89699876, -0.5701472, -0.71782327, -0.02559559, 0.54150856, -0.6374184, -0.90691245, 0.83360654, 0.32092354, -0.29885224, -0.18623884, 0.19944715, -0.21211997, -0.87044466, 0.28322688, -0.6688117, 0.21772593, -0.88012886, -0.8949008, 0.24315834, 0.77329004, -0.5293768, 0.25199622, -0.12940837, 0.3825558, 0.33663037, 0.61655855, 0.78328395, -0.17589541, 0.20980814, -0.26181516, 0.5859337, 0.084986985, 0.009346973, -0.69947004, 0.6506831, -0.13972043, 0.23865099, -0.9191934, -0.88942456, -0.8615615, -0.38923573, 0.28068835, -0.5398953, 0.64398515, -0.50939935, -0.027720692, -0.70264196, -0.4130478, 0.3294088, -0.6799248, 0.60344064, 0.7130824, -0.064178504, -0.6452383, -0.54960996, 0.040487222, -0.3844001, -0.863849, -0.6640195, 0.12601456, -0.23613209, 0.2670925, 0.5321403, 0.06435557, 0.8128515, 0.941006, -0.7061528, -0.6593667, -0.81356883, -0.5003952, -0.51533765, 0.7415058, -0.082254395, -0.42682242, -0.8288246, 0.85898167, 0.24424943, -0.07910887, -0.33809444, 0.9323833, 0.56734085, 0.6829856, -0.996391, -0.319345, 0.20195036, -0.6854955, -0.3652104, 0.20036234, 0.22188619, 0.33687413, -0.10310676, -0.1369047, 0.57237214, 0.30662513, 0.29284483, -0.8624868, 0.03162978, -0.58917063, 0.63372856, 0.51467913, 0.43927824, 0.73164076, -0.50724924, 0.5738814, 0.23976454, 0.060959876, -0.5819356, 0.32199183, 0.38959303, 0.49507567, -0.9055047, -0.80401117, 0.49819088, 0.6516159, 0.49959883, 0.3927537, -0.5344228, -0.5942758, -0.38360885, -0.064060025, -0.8296519, 0.185337, -0.94506586, -0.5642369, 0.19626883, 0.37723732, 0.6793058, 0.024136033, 0.16488945, 0.23569733, -0.7720475, -0.9917077, -0.24113911, -0.7775562, -0.72630423, -0.68696463, -0.6405813, 0.9550764, -0.35221443, 0.9599954, -0.28269866, -0.9584655, -0.59102243, 0.7292572, -0.009704509, 0.1505801, 0.28595504, 0.08742815, -0.9407464, 0.9817904, 0.796835, -0.8598778, 0.5983559, -0.5859801, -0.3278136, -0.5889686, 0.44719675, -0.94037974, 0.736084, -0.021646572, -0.31505603, 0.16509725, 0.525922, -0.6978074, 0.3999387, 0.39332423, 0.37466887, 0.73390746, 0.7810667, 0.36897752, -0.94282264, -0.66913384, 0.015227476, -0.4808141, 0.51951265, 0.64026684, 0.98769313, 0.6988016, -0.930686, -0.32238257, -0.36441025, 0.8272954, -0.6342936, -0.39160958, 0.51497746, 0.45089215, 0.17772564, -0.23882392, 0.49712172, 0.15322708, -0.7479881, -0.95150733, 0.61859965, 0.6647393, 0.6070111, -0.6943442, -0.9921429, -0.40693837, 0.752378, 0.08243089, 0.9550372, 0.24342583, -0.062386956, 0.13213363, 0.54352784, 0.3286713, 0.7467258, -0.18690808, -0.11675557, 0.33756936, 0.96000636, -0.13520394, 0.08519731, 0.42878592, -0.14433011, 0.24698944, -0.5043104, -0.64447314, 0.41475537, 0.66637623, 0.42136243, 0.54419947, 0.07753387, 0.32615423, -0.87782925, 0.60688895, -0.04212376, -0.9789082, 0.05182755, -0.21123402, -0.08655179, -0.31840894, -0.4421858, -0.26299772, -0.17348935, -0.6308618, 0.53368896, -0.31925747, 0.65051913, 0.5167197, 0.6709884, -0.8064502, -0.68868756, -0.15306227, -0.8627951, -0.6155286, 0.94096106, -0.42104426, -0.30098334, 0.7415624, -0.82908195, 0.96323633, -0.9194669, 0.8631563, -0.41430947, -0.43677878, -0.06620411, -0.97807014, -0.031689975, -0.29305807, 0.6091748, -0.32376286, -0.52316195, -0.40509248, -0.049235627, -0.39073798, -0.1862288, -0.22937177, 0.11389928, 0.9262419, -0.59846485, 0.8090243, 0.7064985, -0.7420953, 0.77826965, -0.4037371, 0.23330839, -0.15458812, 0.5328123, 0.9345769, -0.7931196, 0.4139335, -0.43973994, -0.64754575, -0.46941388, 0.64644265, 0.24131581, -0.1844022, -0.22479394, -0.559683, -0.2050646, 0.3081535, -0.3973855, -0.78842324, 0.5321341, -0.44392735, 0.77443385, 0.692879, 0.7131709, 0.28839207, -0.9373452, -0.24669968, -0.6781993, 0.87192285, 0.28377432, 0.756212, 0.11929014, -0.8337256, 0.0052561816, -0.9153368, 0.6102001, 0.024093531, 0.6335058, -0.01604925, -0.4821891, 0.28820348, -0.8704553, -0.15420938, -0.30779985, -0.34879312, 0.7371156, 0.99600667, 0.7295497, 0.6279875, -0.8677628, -0.20909357, 0.5441059, -0.7608784, -0.605024, -0.37145638, 0.82018316, -0.25627795, -0.1398205, 0.15203246, 0.42637068, 0.73943204, 0.4432787, 0.00937366, -0.035734244, 0.49997604, 0.48150572, 0.37158936, 0.57171565, -0.8539618, -0.9171941, 0.46675903, 0.5474846, 0.86143225, 0.6441848, 0.6113467, 0.8751657, -0.70397234, 0.852862, 0.35776603, -0.72177047, -0.29845172, 0.80814207, -0.14142483, 0.3252157, 0.1271579, -0.9225695, -0.898829, -0.35465512, -0.4829647, 0.8510767, -0.6706936, -0.40103495, -0.282958, 0.60235065, -0.38619938, -0.29327792, 0.86160225, -0.18050128, -0.8409418, 0.6638131, -0.70901006, -0.33294368, 0.19548534, 0.9049963, 0.8854063, 0.9579553, 0.34076345, -0.69632924, 0.64340985, 0.35551727, -0.36390752, -0.51233864, -0.19252379, -0.24394682, -0.13985556, 0.11088955, -0.2355017, -0.67531955, 0.10997088, 0.10580863, -0.22804005, -0.41799307, -0.2176007, -0.766745, 0.39614284, 0.2922355, 0.32802695, 0.78448814, -0.356277, 0.008313721, -0.2532891, 0.09483463, -0.30934513, -0.9162497, 0.8099664, -0.43622872, -0.25884715, 0.00522138, 0.6037957, -0.09777893, -0.28937954, 0.025905626, 0.4101967, -0.25244817, 0.43191484, 0.56624824, -0.37010968, 0.09200644, 0.5999505, -0.0648371, -0.8539651, 0.8670293, 0.8074408, -0.40694883, 0.18223614, 0.3881762, 0.10979381, -0.4505454, -0.5744678, -0.057352267, -0.8587181, -0.8201151, 0.606379, 0.37357995, 0.037147418, -0.26237196, 0.42553687, 0.25208458, 0.6199787, -0.39445296, -0.97031933, -0.22238019, -0.4312593, 0.5206599, 0.09209961, 0.47797456, -0.1671246, -0.60817474, 0.8768912, 0.39194712, -0.3050102, 0.038500827, 0.055103593, -0.9316357, -0.26629296, 0.6959355, 0.43735376, 0.07461233, -0.7508885, 0.4206735, -0.12393864, 0.5045127, -0.10463447, 0.8228824, -0.07964231, 0.45767188, -0.6140222, 0.95427185, 0.64459705, -0.45111996, -0.9896381, -0.6616126, 0.5846176, 0.29674163, 0.48049703, 0.5350922, 0.11752889, 0.7992053, -0.07598124, -0.5334212, -0.9162754, -0.17273854, -0.31855577, -0.8104127, -0.97905797, 0.0642948, 0.89731973, -0.2948879, 0.13815339, -0.3948951, -0.5937982, 0.4464529, -0.6533221, 0.9126843, 0.7143949, 0.9567897, -0.55503464, -0.8740489, -0.57254004, -0.3454729, 0.7180391, -0.952179, -0.62038624, -0.21504243, 0.17624503, 0.14112525, -0.19938527, 0.10402765, 0.34435523, -0.890856, 0.98283195, 0.28044963, 0.53472394, 0.20150587, -0.69731754, -0.95862436, -0.58287513, -0.49700898, -0.97371185, -0.18690169, -0.8462405, 0.29041082, -0.52460873, 0.9821915, -0.30201286, 0.9891358, -0.04337955, 0.50867033, 0.22040083, -0.10176015, 0.34139702, -0.5119184, 0.8390112, -0.98815376, 0.16091254, 0.4145085, 0.329452, 0.7093558, -0.8846844, 0.36372003, -0.1625266, 0.8321023, 0.4335194, -0.36321533, -0.68488836, -0.070020236, 0.16459356, 0.80711675, -0.41114148, 0.56103855, -0.9992819, 0.6835697, 0.5404358, -0.16233897, 0.69920534, 0.6073271, -0.0046108468, 0.56166035, -0.7648042, 0.17064661, -0.21098328, -0.877051, -0.7524436, 0.5666086, -0.8496204, 0.0091906, -0.3646845, 0.10519316, -0.5736888, 0.5327663, 0.6597053, 0.082322255, 0.23911153, 0.25769466, 0.6888123, -0.89968324, -0.93894213, 0.9981477, 0.8283703, 0.4931638, -0.8095906, 0.8072856, -0.0691844, 0.38380736, -0.07710265, 0.1691488, -0.11848291, -0.27203953, -0.19640578, -0.28896412, -0.72199005, -0.2550124, -0.90405804, -0.14477289, -0.17504878, 0.38564995, 0.74118376, -0.2911144, -0.7560825, 0.05040923, 0.00023821705, 0.31893888, 0.6529732, 0.49915388, -0.7322012, 0.08910762, 0.07334356, 0.7143302, -0.73889846, 0.5622878, -0.54736626, 0.757767, -0.8866187, -0.08829446, 0.94772804, 0.80790305, 0.36981606, 0.34090543, -0.34981793, 0.005402978, -0.9353631, 0.4118673, 0.39231807, 0.85215366, -0.41163358, 0.81020266, -0.52240616, 0.5891727, 0.26909825, -0.27964875, 0.3849087, -0.39227626, -0.86317694, -0.50243187, -0.19423397, -0.009752534, -0.2926382, -0.9750413, -0.8049612, -0.28394425, 0.8079913, 0.7800086, 0.23153336, 0.9627688, 0.27153596, -0.4517034, 0.39812356, -0.35008553, 0.03948793, 0.9632127, -0.8204266, -0.72611874, -0.9938699, 0.4539977, -0.08228252, -0.91369087, 0.21790646, -0.4562571, -0.5653204, -0.49649715, 0.49910074, -0.9510574, -0.4735401, 0.99801946, -0.0465898, 0.65742195, -0.04608816, 0.30040514, -0.7863625, 0.9913278, 0.64320403, -0.055168983, -0.78339505, -0.45686084, 0.3728261, -0.74951017, -0.57814974, 0.41835248, 0.9314374, 0.20838608, -0.5262398, -0.091858916, 0.7462882, -0.9258508, -0.29103175, -0.8719831, -0.54743356, -0.4286107, -0.49093106, -0.54685336, -0.9856441, 0.44413987, 0.5178192, -0.46504334, -0.09191587, 0.7326062, -0.6329212, -0.8947795, -0.9569658, -0.22916043, 0.30343378, 0.76040983, 0.84798783, -0.82182413, 0.9794155, 0.62006485, 0.6358112, 0.14796415, -0.561913, -0.4094867, 0.04171842, 0.8137071, 0.40679085, -0.49363208, 0.32455835, -0.21123749, -0.99976313, -0.47185567, -0.5451989, -0.6663924, -0.8407771, 0.07687794, 0.15834607, 0.49703994, -0.4716377, -0.8602954, -0.11833936, 0.8719941, -0.39428008, 0.7505045, 0.7255672, -0.19598173, -0.22619957, -0.14590006, -0.87057567, -0.7762733, -0.4037, -0.15443555, 0.7272772, -0.45549968, -0.59603775, 0.179718, 0.21474889, 0.1451768, -0.84258807, -0.24229394, 0.39463428, -0.78332776, 0.55695534, 0.9892287, -0.56948495, -0.698191, -0.07752261, 0.3457739, 0.5943474, 0.56960285, 0.31673646, -0.1451087, -0.5673654, -0.9146163, -0.42747644, 0.57326806, -0.9825154, 0.2916235, -0.44502723, 0.0005837413, -0.040660236, -0.43948197, -0.06511348, 0.21600278, -0.94131887, -0.04471881, -0.26389113, -0.24500574, 0.7848181, -0.765815, 0.63858837, 0.07789818, 0.78020984, 0.5365083, 0.35813192, -0.676456, 0.9601037, 0.19217263, 0.1194743, -0.39208958, -0.12614615, -0.77094704, 0.07583766, 0.11129437, -0.09872498, 0.28094345, 0.113151126, -0.52985215, -0.50368595, 0.024007242, 0.78292644, 0.97575885, -0.9867795, 0.94945025, 0.07608456, 0.728986, 0.41607374, 0.8182435, 0.8526897, 0.55386454, 0.56119794, -0.0868466, -0.48490435, 0.40378004, -0.3058715, -0.96644574, -0.91439164, -0.67525834, 0.70899165, 0.8614611, -0.19199806, 0.6878631, 0.8196496, 0.26555166, 0.72474736, 0.5789146, -0.1925634, 0.69574434, 0.612229, -0.85459244, 0.3638547, -0.06364719, 0.5841661, -0.9764471, -0.91264814, -0.7674953, -0.13621713, 0.061126944, 0.8397779, 0.36067566]","[-7.0, 4.0, 4.0, -2.0, -1.0, 4.0, -1.0, 2.0, -2.0, -3.0, -2.0, -1.0, 4.0, -2.0, 4.0, -2.0, -2.0, -3.0, -7.0, -1.0, -8.0, -2.0, -2.0, -7.0, 5.0, 10.0, -7.0, -8.0, 3.0, -7.0, -14.0, 4.0, -2.0, 4.0, 5.0, 3.0, 4.0, -6.0, -7.0, -7.0, 0.0, 5.0, -1.0, -4.0, 1.0, 5.0, 3.0, -7.0, -3.0, -2.0, 5.0, 3.0, 5.0, -1.0, 1.0, 1.0, -1.0, -2.0, 0.0, 4.0, 3.0, 4.0, -2.0, 0.0, 3.0, 4.0, -7.0, -3.0, -2.0, 5.0, 5.0, 2.0, -1.0, 4.0, -6.0, 3.0, 4.0, -3.0, -1.0, 6.0, -2.0, -6.0, -1.0, -7.0, 6.0, 10.0, -1.0, -1.0, 0.0, 4.0, -1.0, 6.0, -1.0, 10.0, -2.0, 4.0, 4.0, -3.0, -6.0, -4.0, -1.0, -1.0, 1.0, -1.0, -8.0, 5.0, 1.0, 3.0, 5.0, -3.0, -2.0, -7.0, -7.0, -2.0, 4.0, -8.0, 5.0, -7.0, 5.0, -3.0, 5.0, 5.0, 0.0, 4.0, -2.0, 3.0, -1.0, 4.0, 3.0, -2.0, 5.0, -1.0, -4.0, -7.0, -2.0, -8.0, -1.0, -8.0, 3.0, 4.0, 4.0, 5.0, -2.0, 4.0, 5.0, 4.0, -8.0, 0.0, -7.0, 4.0, -10.0, 5.0, -3.0, 0.0, -2.0, -7.0, 4.0, 4.0, 4.0, -1.0, -3.0, 4.0, 5.0, 3.0, -13.0, -1.0, -7.0, 4.0, -9.0, -5.0, 3.0, -1.0, 5.0, 3.0, 1.0, -2.0, -2.0, -2.0, -3.0, 0.0, 3.0, -2.0, -2.0, -5.0, -2.0, -2.0, 5.0, -6.0, 2.0, 10.0, -3.0, -2.0, 4.0, -4.0, -2.0, 0.0, -2.0, -8.0, -2.0, -2.0, -8.0, -2.0, -2.0, 5.0, -1.0, 5.0, -1.0, -3.0, -1.0, -1.0, 5.0, 4.0, -2.0, 4.0, 1.0, -8.0, 4.0, 4.0, -2.0, -3.0, 4.0, -7.0, -3.0, -7.0, 8.0, 5.0, 4.0, -3.0, 0.0, 4.0, -7.0, 0.0, 5.0, -2.0, 0.0, 4.0, 4.0, 4.0, -1.0, 3.0, 1.0, -1.0, -6.0, 3.0, 2.0, 0.0, 4.0, -5.0, -2.0, 6.0, -2.0, -5.0, -2.0, -1.0, -2.0, -4.0, -1.0, -4.0, -2.0, -2.0, -2.0, 5.0, -7.0, -2.0, 4.0, -1.0, -7.0, 1.0, -7.0, 5.0, 4.0, -1.0, -1.0, -6.0, 6.0, -1.0, 5.0, -2.0, -4.0, -7.0, 4.0, -1.0, 0.0, -1.0, -1.0, 12.0, 0.0, -1.0, 4.0, 4.0, -1.0, -2.0, -8.0, -2.0, -2.0, -1.0, -7.0, -1.0, -3.0, -2.0, 4.0, 3.0, 4.0, -1.0, -1.0, 0.0, -3.0, 4.0, 0.0, -2.0, 3.0, 3.0, -6.0, -1.0, -2.0, 0.0, 1.0, -1.0, 5.0, 4.0, -1.0, -8.0, -1.0, 3.0, 6.0, 1.0, -7.0, 4.0, 5.0, 2.0, 0.0, 0.0, 4.0, 10.0, -2.0, -2.0, -8.0, -2.0, 4.0, 12.0, -1.0, 5.0, -4.0, -7.0, -7.0, 0.0, -1.0, -1.0, -2.0, -1.0, -3.0, -1.0, -1.0, 4.0, 5.0, 5.0, -2.0, -7.0, 3.0, -1.0, -7.0, -1.0, 4.0, -7.0, 6.0, -1.0, 4.0, 10.0, 4.0, -7.0, -1.0, 13.0, 4.0, 9.0, 0.0, 4.0, -3.0, 4.0, 5.0, 4.0, 4.0, 4.0, -2.0, 5.0, -1.0, 4.0, 3.0, 5.0, 5.0, 3.0, 0.0, 5.0, -2.0, 11.0, 5.0, 11.0, -2.0, -2.0, 5.0, 10.0, -3.0, 5.0, 10.0, -1.0, 3.0, -1.0, -7.0, 5.0, -2.0, 4.0, -2.0, 3.0, 3.0, 1.0, -8.0, -2.0, -10.0, 5.0, 0.0, -3.0, -8.0, 1.0, 8.0, -6.0, 6.0, 3.0, -7.0, -7.0, -2.0, -1.0, -1.0, -1.0, -2.0, -2.0, -2.0, -2.0, -14.0, -7.0, -1.0, -7.0, -1.0, -8.0, 4.0, -2.0, 5.0, -2.0, 5.0, -2.0, 5.0, 4.0, -1.0, -2.0, 4.0, 4.0, 5.0, 4.0, 3.0, -1.0, 4.0, 2.0, 4.0, -2.0, -2.0, -1.0, 9.0, -1.0, -1.0, -8.0, 0.0, 5.0, 2.0, 4.0, -1.0, 5.0, -1.0, 5.0, -8.0, -1.0, -2.0, -1.0, -2.0, -2.0, -10.0, 5.0, -5.0, -1.0, 5.0, 11.0, -1.0, 0.0, -5.0, -2.0, -2.0, 2.0, -2.0, -2.0, -2.0, -8.0, 0.0, -2.0, -7.0, 4.0, -7.0, -1.0, -3.0, -5.0, 4.0, 2.0, -1.0, -2.0, 4.0, 5.0, -4.0, 4.0, -1.0, -1.0, -1.0, 3.0, 9.0, -7.0, 4.0, -2.0, -3.0, -2.0, -2.0, 5.0, 4.0, 4.0, -5.0, -1.0, -1.0, 3.0, -3.0, -1.0, -7.0, 0.0, -1.0, 4.0, 3.0, -5.0, 5.0, 4.0, -1.0, -1.0, 4.0, -3.0, -1.0, -1.0, -2.0, -2.0, 5.0, 5.0, -2.0, 1.0, -7.0, 5.0, 4.0, -2.0, -1.0, 3.0, -1.0, -7.0, -5.0, -2.0, -1.0, -1.0, 5.0, -1.0, 0.0, 4.0, -3.0, -7.0, -2.0, -1.0, -1.0, -2.0, 3.0, -3.0, -2.0, 1.0, 1.0, -3.0, 0.0, -1.0, -8.0, 4.0, 3.0, 1.0, -1.0, -2.0, -7.0, -2.0, -1.0, 3.0, -1.0, -1.0, 5.0, -3.0, 4.0, 0.0, -2.0, -7.0, -7.0, 3.0, 5.0, -1.0, 11.0, 4.0, -1.0, 4.0, -2.0, 0.0, 10.0, 0.0, -7.0, -2.0, -8.0, -2.0, 7.0, -1.0, -1.0, 4.0, 6.0, 5.0, 4.0, 2.0, -1.0, -2.0, 10.0, -4.0, -1.0, -2.0, 4.0, -1.0, -1.0, 0.0, 5.0, -1.0, 2.0, -1.0, -2.0, -1.0, -6.0, 2.0, -1.0, -2.0, 1.0, -2.0, 3.0, -2.0, -2.0, 6.0, -2.0, -2.0, 1.0, -2.0, -2.0, -6.0, 4.0, 1.0, 5.0, -3.0, -3.0, 5.0, 4.0, -6.0, -2.0, -1.0, -1.0, 0.0, -1.0, -3.0, 3.0, 3.0, 1.0, 0.0, 5.0, 1.0, -1.0, -1.0, -2.0, -1.0, 5.0, -3.0, 5.0, -1.0, -12.0, -2.0, -1.0, -1.0, -5.0, -7.0, -1.0, -2.0, -3.0, 6.0, 8.0, -3.0, 0.0, 4.0, 3.0, 5.0, -1.0, 3.0, 4.0, -1.0, 4.0, -1.0, 5.0, -15.0, -7.0, -1.0, -2.0, 1.0, -7.0, 5.0, -1.0, 1.0, -2.0, 6.0, 0.0, -4.0, -1.0, -2.0, 2.0, -2.0, 0.0, -6.0, -8.0, -2.0, 4.0, 4.0, -2.0, 1.0, 1.0, -5.0, 4.0, -1.0, -3.0, 10.0, -2.0, 5.0, 3.0, -1.0, 3.0, 5.0, 4.0, -2.0, -3.0, 4.0, 4.0, -1.0, 3.0, 10.0, -1.0, 2.0, -2.0, 4.0, -2.0, 5.0, -6.0, 5.0, -1.0, -5.0, 4.0, 0.0, 5.0, 0.0, -2.0, -2.0, -8.0, -2.0, -1.0, 5.0, -1.0, 5.0, -2.0, -1.0, -2.0, -2.0, -2.0, -2.0, 10.0, 4.0, 3.0, 3.0, 4.0, 10.0, 4.0, 4.0, -2.0, 0.0, -2.0, -13.0, 4.0, -1.0, 9.0, -2.0, 4.0, 3.0, 4.0, -1.0, -2.0, 5.0, -3.0, -7.0, -2.0, -2.0, -2.0, -7.0, -1.0, -2.0, 0.0, 10.0, 9.0, -1.0, 4.0, -2.0, -2.0, -7.0, 5.0, 11.0, 4.0, 5.0, -1.0, -8.0, 4.0, -2.0, -5.0, 4.0, -1.0, -7.0, -1.0, 4.0, 0.0, -1.0, -1.0, -8.0, -2.0, -1.0, 5.0, 4.0, -9.0, -4.0, -1.0, -14.0, 2.0, -12.0, -2.0, -7.0, 6.0, -1.0, 5.0, -8.0, -7.0, -1.0, -2.0, -4.0, 3.0, -2.0, -7.0, 0.0, 4.0, 5.0, 5.0, 9.0, 5.0, 2.0, -2.0, -1.0, 7.0, -1.0, 3.0, -1.0, 4.0, 4.0, -1.0, -2.0, 5.0, 4.0, -2.0, -2.0, -1.0, 4.0, -1.0, 0.0, -4.0, 3.0, -8.0, 4.0, -5.0, -1.0, -7.0, -2.0, -7.0, -1.0, 3.0, 5.0, -2.0, 5.0, -9.0, 5.0, -2.0, 0.0, -1.0, -5.0, -1.0, -1.0, -14.0, 0.0, 5.0, 11.0, -2.0, 5.0, 5.0, 4.0, 4.0, -1.0, -1.0, 4.0, -2.0, -1.0, -5.0, 4.0, 5.0, 4.0, 2.0, -7.0, -2.0, -2.0, 5.0, 6.0, -1.0, 4.0, 0.0, 5.0, 5.0, -7.0, -6.0, 6.0, 3.0, -7.0, -7.0, -3.0, -7.0, -1.0, 5.0, -6.0, -13.0, 10.0, -1.0, 6.0, 10.0, -1.0, 3.0, -2.0, 0.0, 1.0, -2.0, -3.0, -2.0, 5.0, 5.0, -3.0, -2.0, -6.0, 15.0, 5.0, 3.0, -4.0, 5.0, 0.0, -1.0, 5.0, -2.0, 4.0, -1.0, 5.0, 4.0, -1.0, 4.0, -1.0, 11.0, -2.0, -8.0, -1.0, 8.0, 5.0, 9.0, 2.0, -6.0, 4.0, 3.0, -8.0, -1.0, 11.0, -2.0, -2.0, -20.0, -2.0]",8.191414266461646,0.0032591819763183,0.0,0.0,0
76,76,"[-0.43000233, -0.24664575, -0.4607719, 0.62434024, 0.06618245, -0.38596302, -0.6010922, 0.63479847, 0.21004139, 0.8067343, 0.5421999, 0.4690418, 0.0027208785, 0.31985083, -0.48616877, -0.01055284, -0.5122316, -0.69353, 0.93933743, 0.051098462, 0.66681385, -0.7257999, -0.37749708, 0.6615212, 0.09284698, 0.48628968, -0.015754618, 0.99153364, -0.23694965, -0.58781844, 0.0048392364, 0.66938376, -0.48687047, 0.70652014, -0.6285723, 0.20320892, 0.81191856, 0.7044073, 0.6000444, -0.7257949, -0.31192115, 0.8434186, -0.15900455, -0.7215767, 0.24969004, 0.5294296, -0.7812538, -0.65436536, -0.7531853, 0.13362688, 0.23303004, -0.11808516, 0.71696985, 0.5197526, -0.12040776, 0.10193003, -0.07213808, -0.59763426, 0.7704306, 0.034319848, -0.8269371, 0.11960929, 0.89583004, 0.2334724, 0.40097255, -0.92208725, 0.07614292, 0.44141117, 0.32147217, -0.17167668, 0.47821814, 0.79814106, -0.17134789, -0.27615893, 0.17563856, -0.4207585, 0.16192949, 0.3056489, 0.99907243, -0.17061207, 0.37298918, 0.7072581, 0.10997014, -0.427781, 0.42378977, 0.89136964, 0.7841808, -0.9555513, 0.4318507, 0.69365263, -0.3300048, 0.08181645, -0.68579173, -0.9982945, 0.2437401, 0.62642, -0.031705342, -0.47622705, -0.05706342, 0.10234942, 0.4017679, 0.74244416, 0.42977384, 0.3294403, -0.048763055, 0.9970879, 0.15610416, -0.14604993, 0.7493534, -0.27925694, 0.37853524, 0.5956977, 0.4623123, -0.80444604, 0.82101506, -0.5921934, 0.20669821, 0.2140948, -0.8631135, -0.9965551, 0.73965347, 0.59541947, -0.3366544, 0.30546728, -0.6184309, 0.21283878, 0.71498746, -0.96576893, -0.7829079, 0.6380242, 0.38778353, -0.7179994, -0.991118, 0.45452014, -0.5019145, 0.46044695, -0.71666354, 0.0113412915, -0.1025287, -0.030890673, -0.3079149, 0.12795804, -0.598366, 0.7736528, -0.3620488, -0.6939458, -0.7981108, -0.3462858, -0.90415746, -0.25264955, -0.5554485, 0.95774835, 0.7020535, 0.6134367, -0.21710719, -0.11302203, 0.9501031, 0.53767985, -0.96965754, 0.30348417, -0.41359314, -0.9931503, 0.3300531, -0.068479195, -0.45389384, -0.2918255, 0.9386708, -0.572505, 0.39861998, 0.70452803, 0.60311466, -0.24564558, -0.49829364, 0.6269398, -0.18556815, 0.004972039, 0.4734305, -0.6209226, -0.15968806, 0.90863585, 0.16485499, -0.096326746, -0.5707894, 0.45889905, 0.77468616, 0.3102705, 0.5949527, -0.4144032, 0.3106204, 0.98311853, 0.75622886, -0.45213386, 0.33328235, -0.46362627, -0.15891181, 0.024113288, -0.4213018, -0.25171372, -0.82499343, -0.85308313, 0.6302991, -0.6987058, -0.518876, -0.46766114, 0.30598325, -0.88626796, 0.57795346, -0.44979674, 0.71145546, 0.070534624, -0.6328499, -0.87726563, 0.17168266, 0.26640168, -0.41501924, 0.13572648, 0.2093437, -0.42050716, 0.2655145, -0.6381128, 0.356491, 0.9996929, -0.10728839, -0.05051943, -0.7218741, 0.2549778, 0.16282064, -0.93444383, 0.07937564, 0.1476393, -0.6540493, 0.21189336, -0.19177449, 0.21152003, 0.11744968, -0.60923773, -0.63038355, 0.30187723, 0.3835566, 0.6120373, 0.5077625, -0.4392645, 0.056709766, -0.6874852, 0.0904266, -0.4201445, 0.29606104, -0.8926148, -0.428115, -0.6180381, -0.89964586, 0.38953716, -0.6395152, 0.42169774, -0.47503632, 0.13066107, -0.92328227, 0.20507546, -0.91644794, 0.22781028, -0.5282265, -0.85689294, -0.20455231, -0.060602248, -0.5345125, 0.5312103, -0.804039, -0.39963257, -0.09188976, -0.6176577, 0.16162467, 0.64156127, -0.3192492, -0.18623044, 0.1807633, 0.53974336, -0.9106897, -0.20078617, 0.4334741, 0.47115356, -0.5176331, 0.37249637, -0.8563786, 0.9415875, -0.7520357, 0.1350515, -0.30409145, 0.8525857, 0.30628562, 0.35397565, -0.69987196, -0.71740925, -0.7797723, -0.046508994, 0.345156, -0.29844457, -0.08309548, -0.8858553, 0.9750553, -0.5530121, 0.2907322, -0.4888135, -0.35544217, 0.07004913, -0.9650123, -0.59415907, -0.44552007, -0.44408825, 0.6601163, -0.36252737, -0.83884853, 0.60378045, 0.8823073, -0.11263615, 0.9159258, 0.56971633, -0.904839, 0.5777581, 0.11429046, 0.44099507, 0.8199242, 0.074906535, 0.04301701, -0.063435555, -0.7796135, -0.44049588, -0.67427826, -0.6437952, 0.97010463, -0.8015209, -0.11703133, 0.17126685, -0.20149972, 0.628355, -0.14981034, 0.97303593, 0.08795179, -0.97709084, -0.36925912, 0.1372269, -0.18074156, 0.41910654, -0.5486745, 0.30641684, -0.012688987, 0.97623545, 0.06453971, 0.3619559, 0.63271695, 0.9567008, -0.004063889, -0.6200394, 0.3946308, -0.24353288, 0.4479328, -0.2037812, 0.7194551, 0.34925818, -0.22182086, -0.3949395, -0.42033288, 0.18810698, -0.2090676, 0.69157904, -0.7842524, -0.858432, -0.44039503, -0.4702551, -0.921602, -0.9031326, -0.646457, 0.2361949, 0.14425837, -0.5194924, 0.4434018, -0.09656906, -0.93153113, -0.42073715, 0.11180654, -0.88993394, -0.7403888, 0.54221547, 0.8378643, -0.38992256, 0.3214198, 0.63415146, -0.009502338, -0.09396194, -0.28786358, 0.68857455, -0.18566056, -0.74944556, 0.20574692, 0.36120608, -0.4433461, -0.7844822, 0.7501399, -0.3641141, -0.1329883, 0.46263668, 0.9699412, -0.89830923, 0.3906662, 0.6498896, -0.65937984, -0.75830525, 0.060180683, -0.7092455, 0.055310804, -0.8512078, 0.061037164, 0.8714497, -0.6748484, -0.83327836, 0.4517656, 0.25274253, 0.49464655, -0.90249866, 0.19318095, -0.18312114, -0.23921196, 0.60891384, 0.18757372, 0.36959314, -0.18059008, 0.81904846, -0.83002317, 0.7055901, 0.3818626, -0.7694525, 0.29757646, 0.62985414, 0.57737887, 0.6757574, 0.7979014, -0.6223623, -0.2386858, 0.13279577, 0.30350634, -0.3005805, 0.803769, -0.2490505, -0.9821402, -0.87160236, 0.5918479, 0.9286047, -0.24861328, -0.8308968, 0.66802067, -0.1545706, 0.71144795, 0.59957635, 0.4698692, -0.14689773, -0.24291787, 0.52877563, -0.87268895, -0.96867293, 0.25773054, -0.89236027, -0.72190535, 0.9833923, -0.91886395, 0.5172698, -0.56177026, 0.46653754, -0.6273672, -0.44214484, -0.13892801, 0.693989, 0.607529, 0.19193284, -0.5997571, -0.9485867, -0.4362107, -0.49809164, -0.6232511, 0.7869331, -0.2825187, 0.27113903, -0.5012188, 0.25359327, 0.1376706, 0.3048422, 0.7874349, -0.2154457, -0.38480496, 0.2923228, 0.38922527, 0.5834223, 0.9055537, -0.15714505, 0.92861146, 0.7522279, 0.6688313, -0.61050844, 0.42402294, -0.62603766, 0.8009256, 0.8441876, 0.73109967, 0.6122903, 0.07022504, 0.8070783, -0.30916274, -0.24076912, 0.8822038, 0.7763934, -0.91507393, 0.25978613, -0.23252594, 0.41429946, 0.676041, 0.06567173, 0.6728925, 0.17831802, -0.37840626, -0.16213073, 0.60848176, 0.91331196, -0.9217685, 0.6244442, -0.232914, 0.3790116, 0.5676689, -0.90358424, -0.7144156, 0.79252595, -0.925909, -0.18392676, 0.91277486, -0.0187337, 0.298278, -0.41872948, -0.41837943, 0.13167875, 0.94989765, -0.5917815, 0.76626265, 0.43291312, -0.44305024, -0.93447286, 0.6001571, -0.22021057, -0.80991477, -0.39541423, 0.7695512, 0.19449094, -0.43057385, 0.09368298, -0.43928576, -0.03428525, 0.60297656, -0.30100527, 0.2508391, -0.3451195, 0.3296317, -0.32729846, -0.72359776, -0.14568363, 0.5109009, -0.50699574, 0.5016338, 0.8195762, 0.2881938, 0.65090364, -0.07071454, -0.28301364, -0.26224408, 0.99865144, -0.71635014, 0.78253275, 0.15459166, 0.8451616, 0.37982383, -0.88661766, -0.62916183, -0.5382397, 0.2624692, -0.42019796, 0.5299524, 0.31135762, -0.4141845, -0.36453944, 0.46644294, 0.46028844, -0.45565364, 0.11818747, 0.43962106, -0.7077674, -0.4879026, -0.74599564, -0.94672906, 0.69476044, 0.32382628, -0.57964534, 0.0516238, -0.7818009, -0.42840046, 0.5813926, -0.68059856, 0.22840297, -0.3669648, -0.91718376, 0.41164976, -0.6059042, -0.7008862, 0.675737, 0.7813386, -0.9421497, 0.00064488983, 0.5725217, 0.6853635, 0.41854975, -0.7299777, -0.23958291, 0.33096734, 0.14231105, 0.58725846, 0.08497337, -0.90921634, 0.71209764, -0.21932785, 0.108382665, 0.06555144, -0.25039774, 0.08069993, 0.3470152, 0.39059198, -0.5272684, -0.64171815, 0.9615986, 0.885762, 0.2898903, -0.8202181, 0.07354513, 0.5532327, 0.028991947, -0.45181215, -0.5823117, 0.028606106, 0.38350445, 0.036777295, -0.14663792, 0.35104153, -0.5750016, 0.58789766, 0.28166056, -0.57950926, -0.13131092, 0.34737864, 0.63577074, 0.87971085, -0.5994357, 0.6044566, -0.5177405, 0.5201001, 0.7447606, -0.3769281, -0.25015864, -0.06367262, -0.6021186, 0.19782552, -0.5279376, -0.4529481, -0.23518173, 0.91819644, 0.4093201, 0.37118948, -0.44890374, -0.31671196, -0.8320329, 0.93795735, -0.7639756, -0.5242149, -0.903643, 0.85435885, -0.8904694, -0.16409928, -0.23036936, 0.7484934, -0.1618318, -0.8906971, 0.6053066, 0.51972044, 0.7844674, -0.7711446, -0.37524387, -0.8077721, -0.4100968, -0.102337226, -0.8549146, -0.3284461, 0.75285566, 0.8006807, 0.9817045, -0.15859263, 0.3714711, 0.10044673, -0.9795637, 0.90270096, 0.36694962, -0.40059376, -0.67129385, 0.03219266, -0.8935844, 0.76151896, 0.030047107, -0.40540704, 0.7504313, 0.70859116, -0.8489101, 0.7458879, 0.98291993, 0.63223255, 0.14481658, 0.8148647, 0.25114515, 0.35783038, 0.25612637, -0.32322377, 0.82793754, 0.46825668, -0.44374752, 0.86902136, -0.690722, -0.46183822, -0.4417461, 0.22959824, 0.17201176, -0.7131825, 0.9916851, -0.9667013, -0.20534514, 0.015080981, 0.2879754, 0.80126226, 0.41420397, -0.6873653, 0.8968619, -0.21607052, -0.14570034, -0.36133054, 0.41815835, 0.32312915, -0.75066423, 0.8085208, -0.5777611, -0.89502925, -0.9005007, -0.3907882, -0.9096717, 0.08188826, 0.8692267, -0.55612993, 0.8087508, -0.08346632, 0.7541914, -0.024222644, -0.34601486, -0.8452022, 0.58594453, -0.84179384, 0.9724645, 0.8699658, -0.7666482, -0.7556442, 0.3029135, 0.65042526, -0.6181511, -0.20812024, -0.05002223, 0.13753211, 0.36635572, 0.5140096, -0.90313506, -0.88408816, 0.6630607, 0.76132596, 0.47238582, -0.111295044, 0.48929265, -0.3366946, 0.21243586, 0.2905877, 0.19828878, -0.97793615, -0.109324716, 0.0807077, -0.83059186, -0.13912326, -0.44753918, -0.76072687, 0.8122355, -0.74396324, -0.002810422, 0.3086774, -0.81648374, 0.7532925, -0.11552395, 0.6252875, -0.13035792, -0.1719894, 0.8677765, -0.8123538, -0.15348087, 0.74253976, -0.66422474, 0.74895376, 0.5478892, -0.4931742, 0.2616852, -0.7951152, -0.33343694, 0.7191886, -0.91419214, -0.35535175, 0.016286584, 0.56186163, 0.5881523, -0.99819535, 0.87707657, -0.784267, 0.07933762, 0.69711787, 0.57788986, -0.27787498, 0.49502876, -0.74773353, 0.84914935, 0.042161133, -0.10354634, -0.5113778, 0.56544816, -0.3016183, -0.9911823, -0.6601273, 0.93251175, 0.18892482, -0.0841087, 0.7377539, -0.1890073, -0.9654217, -0.8408323, 0.020646758, 0.12095836, -0.33292678, 0.77633876, -0.16049515, 0.21652937, -0.65654725, -0.22579348, -0.5404726, 0.088154815, -0.9599979, -0.52263695, 0.5309929, -0.43093693, -0.45027912, -0.58134764, 0.35303602, -0.25584087, -0.769492, 0.008774338, -0.40593103, -0.3192519, 0.25730515, 0.8385021, -0.02114201, -0.43915588, -0.52669436, -0.45747656, 0.36261514, 0.703453, 0.3498429, -0.3190473, 0.9728879, 0.34827977, -0.92808104, -0.86754555, -0.0776957, -0.1247152, 0.13898379, -0.80805683, -0.3811277, 0.86580646, -0.5947997, 0.79518855, -0.67807823, -0.7244518, -0.20157683, 0.16793855, -0.6068811, 0.918966, -0.9813372, -0.19665132, 0.08986183, -0.23191938, 0.6212313, 0.28467166, 0.099733174, -0.47550032, 0.22204256, 0.8235308, -0.4556382, -0.68180496, -0.22695164, 0.7326018, -0.9448161, -0.9027903, -0.300409, 0.3234688, 0.7299538, 0.6911762, 0.16661881, -0.8415461, 0.64969546, -0.956114, 0.43776357, 0.23683546, -0.46322015, 0.0660254, 0.039230697, -0.43517843, -0.34398583, 0.77459896, -0.56488246, -0.87995124, 0.76131743, -0.43665987, -0.49978587, -0.9372198, -0.22447343, -0.65711397, 0.60662013, -0.6657456, 0.48731154, 0.6404442, 0.6243318, -0.095315546, -0.30610436, -0.44235727, -0.8795301, 0.10600962, 0.6903052, 0.6286871, 0.7493589, 0.13881984, 0.86195123, -0.9979666, -0.55897415, -0.88174653, -0.923421, -0.19279821, -0.41989014, 0.47224945, 0.7854798, -0.35540825, -0.39290732, 0.14069615, -0.034007177, 0.011791655, 0.34015945, -0.75274974, 0.80621254, -0.2363073, 0.80338925, -0.28835186, 0.08518222, -0.3893258, 0.18853989, 0.24011226, -0.2737228, 0.80021477, -0.854832, -0.6263294, -0.51245624, -0.87586135, 0.6684419, -0.53130543, -0.9784242, -0.2309498, -0.6614544, -0.7730097, 0.0709381, -0.62064075, 0.81040365, 0.25742894, 0.779099, -0.76181024, 0.42606714, -0.5719663, -0.13392773, -0.53720284, -0.6273721, 0.22224332, 0.03316085, 0.346669, -0.1471733, 0.14933805]","[-7.0, 4.0, 4.0, -2.0, -1.0, 4.0, -1.0, 2.0, -2.0, -3.0, -2.0, -1.0, 4.0, -2.0, 4.0, -2.0, -2.0, -3.0, -7.0, -1.0, -8.0, -2.0, -2.0, -7.0, 5.0, 10.0, -7.0, -8.0, 3.0, -7.0, -14.0, 4.0, -2.0, 4.0, 5.0, 3.0, 4.0, -6.0, -7.0, -7.0, 0.0, 5.0, -1.0, -4.0, 1.0, 5.0, 3.0, -7.0, -3.0, -2.0, 5.0, 3.0, 5.0, -1.0, 1.0, 1.0, -1.0, -2.0, 0.0, 4.0, 3.0, 4.0, -2.0, 0.0, 3.0, 4.0, -7.0, -3.0, -2.0, 5.0, 5.0, 2.0, -1.0, 4.0, -6.0, 3.0, 4.0, -3.0, -1.0, 6.0, -2.0, -6.0, -1.0, -7.0, 6.0, 10.0, -1.0, -1.0, 0.0, 4.0, -1.0, 6.0, -1.0, 10.0, -2.0, 4.0, 4.0, -3.0, -6.0, -4.0, -1.0, -1.0, 1.0, -1.0, -8.0, 5.0, 1.0, 3.0, 5.0, -3.0, -2.0, -7.0, -7.0, -2.0, 4.0, -8.0, 5.0, -7.0, 5.0, -3.0, 5.0, 5.0, 0.0, 4.0, -2.0, 3.0, -1.0, 4.0, 3.0, -2.0, 5.0, -1.0, -4.0, -7.0, -2.0, -8.0, -1.0, -8.0, 3.0, 4.0, 4.0, 5.0, -2.0, 4.0, 5.0, 4.0, -8.0, 0.0, -7.0, 4.0, -10.0, 5.0, -3.0, 0.0, -2.0, -7.0, 4.0, 4.0, 4.0, -1.0, -3.0, 4.0, 5.0, 3.0, -13.0, -1.0, -7.0, 4.0, -9.0, -5.0, 3.0, -1.0, 5.0, 3.0, 1.0, -2.0, -2.0, -2.0, -3.0, 0.0, 3.0, -2.0, -2.0, -5.0, -2.0, -2.0, 5.0, -6.0, 2.0, 10.0, -3.0, -2.0, 4.0, -4.0, -2.0, 0.0, -2.0, -8.0, -2.0, -2.0, -8.0, -2.0, -2.0, 5.0, -1.0, 5.0, -1.0, -3.0, -1.0, -1.0, 5.0, 4.0, -2.0, 4.0, 1.0, -8.0, 4.0, 4.0, -2.0, -3.0, 4.0, -7.0, -3.0, -7.0, 8.0, 5.0, 4.0, -3.0, 0.0, 4.0, -7.0, 0.0, 5.0, -2.0, 0.0, 4.0, 4.0, 4.0, -1.0, 3.0, 1.0, -1.0, -6.0, 3.0, 2.0, 0.0, 4.0, -5.0, -2.0, 6.0, -2.0, -5.0, -2.0, -1.0, -2.0, -4.0, -1.0, -4.0, -2.0, -2.0, -2.0, 5.0, -7.0, -2.0, 4.0, -1.0, -7.0, 1.0, -7.0, 5.0, 4.0, -1.0, -1.0, -6.0, 6.0, -1.0, 5.0, -2.0, -4.0, -7.0, 4.0, -1.0, 0.0, -1.0, -1.0, 12.0, 0.0, -1.0, 4.0, 4.0, -1.0, -2.0, -8.0, -2.0, -2.0, -1.0, -7.0, -1.0, -3.0, -2.0, 4.0, 3.0, 4.0, -1.0, -1.0, 0.0, -3.0, 4.0, 0.0, -2.0, 3.0, 3.0, -6.0, -1.0, -2.0, 0.0, 1.0, -1.0, 5.0, 4.0, -1.0, -8.0, -1.0, 3.0, 6.0, 1.0, -7.0, 4.0, 5.0, 2.0, 0.0, 0.0, 4.0, 10.0, -2.0, -2.0, -8.0, -2.0, 4.0, 12.0, -1.0, 5.0, -4.0, -7.0, -7.0, 0.0, -1.0, -1.0, -2.0, -1.0, -3.0, -1.0, -1.0, 4.0, 5.0, 5.0, -2.0, -7.0, 3.0, -1.0, -7.0, -1.0, 4.0, -7.0, 6.0, -1.0, 4.0, 10.0, 4.0, -7.0, -1.0, 13.0, 4.0, 9.0, 0.0, 4.0, -3.0, 4.0, 5.0, 4.0, 4.0, 4.0, -2.0, 5.0, -1.0, 4.0, 3.0, 5.0, 5.0, 3.0, 0.0, 5.0, -2.0, 11.0, 5.0, 11.0, -2.0, -2.0, 5.0, 10.0, -3.0, 5.0, 10.0, -1.0, 3.0, -1.0, -7.0, 5.0, -2.0, 4.0, -2.0, 3.0, 3.0, 1.0, -8.0, -2.0, -10.0, 5.0, 0.0, -3.0, -8.0, 1.0, 8.0, -6.0, 6.0, 3.0, -7.0, -7.0, -2.0, -1.0, -1.0, -1.0, -2.0, -2.0, -2.0, -2.0, -14.0, -7.0, -1.0, -7.0, -1.0, -8.0, 4.0, -2.0, 5.0, -2.0, 5.0, -2.0, 5.0, 4.0, -1.0, -2.0, 4.0, 4.0, 5.0, 4.0, 3.0, -1.0, 4.0, 2.0, 4.0, -2.0, -2.0, -1.0, 9.0, -1.0, -1.0, -8.0, 0.0, 5.0, 2.0, 4.0, -1.0, 5.0, -1.0, 5.0, -8.0, -1.0, -2.0, -1.0, -2.0, -2.0, -10.0, 5.0, -5.0, -1.0, 5.0, 11.0, -1.0, 0.0, -5.0, -2.0, -2.0, 2.0, -2.0, -2.0, -2.0, -8.0, 0.0, -2.0, -7.0, 4.0, -7.0, -1.0, -3.0, -5.0, 4.0, 2.0, -1.0, -2.0, 4.0, 5.0, -4.0, 4.0, -1.0, -1.0, -1.0, 3.0, 9.0, -7.0, 4.0, -2.0, -3.0, -2.0, -2.0, 5.0, 4.0, 4.0, -5.0, -1.0, -1.0, 3.0, -3.0, -1.0, -7.0, 0.0, -1.0, 4.0, 3.0, -5.0, 5.0, 4.0, -1.0, -1.0, 4.0, -3.0, -1.0, -1.0, -2.0, -2.0, 5.0, 5.0, -2.0, 1.0, -7.0, 5.0, 4.0, -2.0, -1.0, 3.0, -1.0, -7.0, -5.0, -2.0, -1.0, -1.0, 5.0, -1.0, 0.0, 4.0, -3.0, -7.0, -2.0, -1.0, -1.0, -2.0, 3.0, -3.0, -2.0, 1.0, 1.0, -3.0, 0.0, -1.0, -8.0, 4.0, 3.0, 1.0, -1.0, -2.0, -7.0, -2.0, -1.0, 3.0, -1.0, -1.0, 5.0, -3.0, 4.0, 0.0, -2.0, -7.0, -7.0, 3.0, 5.0, -1.0, 11.0, 4.0, -1.0, 4.0, -2.0, 0.0, 10.0, 0.0, -7.0, -2.0, -8.0, -2.0, 7.0, -1.0, -1.0, 4.0, 6.0, 5.0, 4.0, 2.0, -1.0, -2.0, 10.0, -4.0, -1.0, -2.0, 4.0, -1.0, -1.0, 0.0, 5.0, -1.0, 2.0, -1.0, -2.0, -1.0, -6.0, 2.0, -1.0, -2.0, 1.0, -2.0, 3.0, -2.0, -2.0, 6.0, -2.0, -2.0, 1.0, -2.0, -2.0, -6.0, 4.0, 1.0, 5.0, -3.0, -3.0, 5.0, 4.0, -6.0, -2.0, -1.0, -1.0, 0.0, -1.0, -3.0, 3.0, 3.0, 1.0, 0.0, 5.0, 1.0, -1.0, -1.0, -2.0, -1.0, 5.0, -3.0, 5.0, -1.0, -12.0, -2.0, -1.0, -1.0, -5.0, -7.0, -1.0, -2.0, -3.0, 6.0, 8.0, -3.0, 0.0, 4.0, 3.0, 5.0, -1.0, 3.0, 4.0, -1.0, 4.0, -1.0, 5.0, -15.0, -7.0, -1.0, -2.0, 1.0, -7.0, 5.0, -1.0, 1.0, -2.0, 6.0, 0.0, -4.0, -1.0, -2.0, 2.0, -2.0, 0.0, -6.0, -8.0, -2.0, 4.0, 4.0, -2.0, 1.0, 1.0, -5.0, 4.0, -1.0, -3.0, 10.0, -2.0, 5.0, 3.0, -1.0, 3.0, 5.0, 4.0, -2.0, -3.0, 4.0, 4.0, -1.0, 3.0, 10.0, -1.0, 2.0, -2.0, 4.0, -2.0, 5.0, -6.0, 5.0, -1.0, -5.0, 4.0, 0.0, 5.0, 0.0, -2.0, -2.0, -8.0, -2.0, -1.0, 5.0, -1.0, 5.0, -2.0, -1.0, -2.0, -2.0, -2.0, -2.0, 10.0, 4.0, 3.0, 3.0, 4.0, 10.0, 4.0, 4.0, -2.0, 0.0, -2.0, -13.0, 4.0, -1.0, 9.0, -2.0, 4.0, 3.0, 4.0, -1.0, -2.0, 5.0, -3.0, -7.0, -2.0, -2.0, -2.0, -7.0, -1.0, -2.0, 0.0, 10.0, 9.0, -1.0, 4.0, -2.0, -2.0, -7.0, 5.0, 11.0, 4.0, 5.0, -1.0, -8.0, 4.0, -2.0, -5.0, 4.0, -1.0, -7.0, -1.0, 4.0, 0.0, -1.0, -1.0, -8.0, -2.0, -1.0, 5.0, 4.0, -9.0, -4.0, -1.0, -14.0, 2.0, -12.0, -2.0, -7.0, 6.0, -1.0, 5.0, -8.0, -7.0, -1.0, -2.0, -4.0, 3.0, -2.0, -7.0, 0.0, 4.0, 5.0, 5.0, 9.0, 5.0, 2.0, -2.0, -1.0, 7.0, -1.0, 3.0, -1.0, 4.0, 4.0, -1.0, -2.0, 5.0, 4.0, -2.0, -2.0, -1.0, 4.0, -1.0, 0.0, -4.0, 3.0, -8.0, 4.0, -5.0, -1.0, -7.0, -2.0, -7.0, -1.0, 3.0, 5.0, -2.0, 5.0, -9.0, 5.0, -2.0, 0.0, -1.0, -5.0, -1.0, -1.0, -14.0, 0.0, 5.0, 11.0, -2.0, 5.0, 5.0, 4.0, 4.0, -1.0, -1.0, 4.0, -2.0, -1.0, -5.0, 4.0, 5.0, 4.0, 2.0, -7.0, -2.0, -2.0, 5.0, 6.0, -1.0, 4.0, 0.0, 5.0, 5.0, -7.0, -6.0, 6.0, 3.0, -7.0, -7.0, -3.0, -7.0, -1.0, 5.0, -6.0, -13.0, 10.0, -1.0, 6.0, 10.0, -1.0, 3.0, -2.0, 0.0, 1.0, -2.0, -3.0, -2.0, 5.0, 5.0, -3.0, -2.0, -6.0, 15.0, 5.0, 3.0, -4.0, 5.0, 0.0, -1.0, 5.0, -2.0, 4.0, -1.0, 5.0, 4.0, -1.0, 4.0, -1.0, 11.0, -2.0, -8.0, -1.0, 8.0, 5.0, 9.0, 2.0, -6.0, 4.0, 3.0, -8.0, -1.0, 11.0, -2.0, -2.0, -20.0, -2.0]",8.191414266461646,0.0033152103424072,0.0,0.0,0
77,77,"[-0.90407676, 0.80287945, -0.2804334, -0.20493245, -0.013677409, -0.32336757, 0.28922105, 0.4639324, -0.81032854, -0.6658854, -0.5347895, -0.724783, -0.92723864, 0.29933453, 0.90080595, 0.79879206, 0.19413474, 0.5654524, 0.36949655, 0.7609857, -0.71649784, 0.13751446, -0.81226647, 0.80636847, -0.200558, -0.1380317, 0.10830165, -0.19971795, 0.9703528, -0.9580708, 0.07738632, 0.8712602, -0.52302915, -0.11462886, -0.44761938, -0.23096168, 0.0147866765, -0.45047483, -0.118409194, 0.093196146, 0.7975631, -0.9840359, -0.18819077, 0.37894306, -0.64672184, 0.058445513, -0.9504295, -0.23411426, -0.56865984, -0.75350255, -0.792573, 0.23118809, 0.86810803, -0.6986524, -0.8547061, 0.33219647, -0.7938691, -0.8218546, 0.77899104, 0.4093071, -0.7318121, 0.38077968, -0.65677935, 0.070455484, 0.9574226, -0.32762483, 0.99829495, -0.39650074, -0.67346567, 0.013037889, -0.7816865, 0.6350525, -0.80903304, -0.42702305, 0.024932206, -0.9003736, -0.7468804, 0.17058738, 0.07793842, -0.364988, 0.7296872, 0.5688981, 0.86218125, -0.8661648, -0.80692, 0.005517986, 0.4267464, 0.59413534, -0.06888244, -0.46675175, 0.43247288, 0.199148, -0.22064522, 0.76591504, 0.5966518, -0.71672654, -0.9908666, -0.58053917, 0.8306695, -0.72743094, 0.5081241, -0.92938846, 0.5258573, 0.7535084, -0.8573674, -0.17345628, -0.49662858, 0.37792253, -0.6348884, 0.53940326, 0.82698464, -0.80946213, -0.3978545, -0.44582155, -0.05862658, 0.8300475, 0.3256345, 0.0054378235, -0.22970605, -0.8671963, 0.5243761, -0.5460313, 0.6324017, -0.24992777, 0.66596204, 0.31307176, -0.932004, -0.5672384, 0.59110135, -0.8953822, -0.26587316, 0.7296396, 0.17827909, 0.80306196, -0.84574115, 0.20528953, -0.44394493, -0.9049226, 0.05391945, -0.17492417, 0.3778664, 0.35324648, -0.6038113, -0.1988423, -0.062447786, 0.678512, -0.6377132, -0.9156583, 0.032415316, -0.5472916, 0.8839246, -0.17852458, 0.8010493, 0.7043691, 0.76073927, -0.14761482, -0.6723481, 0.72994274, -0.2361499, -0.31296772, -0.6544475, 0.35498643, -0.97937006, -0.021781752, -0.097699575, -0.9935316, 0.35155, 0.30394042, 0.91547567, 0.65492076, -0.58552504, -0.1909078, -0.9450074, -0.040567134, 0.32303375, -0.0055688014, 0.7152597, 0.69119185, 0.11210323, 0.9587576, -0.49564925, -0.019709907, 0.7919946, 0.93845946, -0.26413438, 0.7095966, -0.02569991, -0.7237146, -0.349515, 0.6937106, 0.5706866, 0.00030938245, -0.66598725, 0.72117716, -0.6391848, -0.48113486, 0.3591674, -0.5630085, 0.3867994, -0.10453025, 0.43277216, 0.7098738, -0.0014466944, 0.09920323, 0.5776326, 0.9237017, -0.40562564, 0.7452529, 0.39444816, -0.39691818, -0.40082645, 0.37791634, 0.5273217, 0.8098543, 0.7946383, -0.7754387, -0.24978958, -0.81150174, 0.25512668, 0.94589746, -0.09810871, 0.55599946, -0.77846026, -0.14333823, -0.90414697, 0.061411217, -0.099976584, -0.03527413, -0.1255984, -0.8204277, 0.85545075, -0.91695356, 0.46996182, -0.2631293, 0.22319293, -0.15414011, 0.42391548, 0.901013, -0.05185669, 0.24817322, -0.6856404, -0.7365271, -0.41432112, -0.372948, 0.012327678, 0.11354149, -0.18120037, -0.42822066, -0.106704056, -0.8358722, 0.20626348, -0.99308556, -0.3114031, 0.93717843, -0.86834043, 0.5379545, -0.06533773, -0.5535557, -0.07605458, -0.110488094, 0.3547268, 0.8087148, -0.07965146, -0.6335178, 0.2638185, -0.61540204, 0.5243474, 0.9280965, 0.3165693, 0.94772696, -0.94416934, 0.111954935, -0.55971384, 0.36929914, 0.09970999, -0.12882638, 0.8798809, 0.70986575, 0.49315667, 0.103313535, -0.68401843, -0.7495699, -0.14340638, 0.2068791, 0.12292041, 0.32835555, 0.59281695, 0.30869672, 0.7676986, 0.59197515, 0.9639997, -0.1097395, 0.52929807, 0.6526624, -0.68367547, -0.392683, 0.78999084, -0.36758876, -0.7671834, -0.11468044, -0.22869976, -0.03779113, -0.6933118, 0.9584812, -0.16393138, -0.48017523, -0.3205494, -0.44232562, 0.2581309, -0.07032486, 0.65322787, -0.35059798, 0.70447934, -0.20629157, 0.57868475, -0.43790412, 0.7150221, -0.30285552, -0.23745939, -0.09504813, -0.5192672, 0.6455718, -0.7492263, -0.34317818, -0.33516523, -0.10906005, -0.15088049, -0.9377625, -0.93671995, 0.31965846, -0.23590721, 0.7942489, -0.273012, 0.19387475, 0.59392494, -0.8435273, 0.54272294, 0.2783002, -0.6772776, -0.4513328, -0.3773046, -0.9407193, -0.91202563, 0.16861932, -0.7905292, 0.98666656, -0.69987565, -0.7870128, -0.34746566, 0.045505956, -0.82048434, 0.59119284, -0.55105406, 0.93364894, 0.38439783, -0.47725862, -0.3957305, -0.72213894, 0.579203, -0.32383755, 0.696413, 0.31887844, 0.88303864, -0.7132862, 0.16672462, -0.59120786, 0.2173703, 0.521833, -0.69563216, -0.6190433, 0.8543131, 0.2370535, -0.96548444, 0.8619798, -0.52602124, 0.92696846, 0.61838424, 0.43977016, 0.03868099, -0.7662843, -0.24860485, 0.27217436, -0.9384321, 0.3628662, 0.037847202, 0.64499974, 0.89128304, 0.24830498, 0.13420627, -0.8969055, 0.9112891, 0.1456309, -0.34011596, 0.51495, -0.36483118, 0.33990794, -0.55981445, -0.72231436, -0.34049934, -0.1753343, 0.47525764, 0.2470617, 0.6102849, -0.12210186, -0.94692016, 0.29505277, 0.4683803, 0.30748, -0.93927896, -0.39312646, -0.01120401, -0.3284006, -0.2880804, 0.24561054, -0.64196503, 0.44243494, -0.5430653, 0.48112255, 0.9473516, -0.50242835, 0.15322688, -0.546013, -0.006777134, 0.9116964, 0.7039767, 0.51182127, 0.08107185, -0.42537385, -0.99896413, 0.6616691, -0.048771087, 0.79689944, -0.8608061, 0.953887, 0.67353296, -0.5207822, -0.67724746, 0.15107375, -0.5910057, 0.21686207, -0.6233437, -0.9509492, -0.43905768, -0.11644595, -0.028457396, -0.3219702, -0.730549, -0.9794094, -0.7338832, 0.3780499, -0.032426275, 0.5489364, 0.8104595, -0.4138231, 0.93620694, 0.79319817, 0.31943613, -0.023163341, -0.2463773, 0.8327233, 0.25401688, 0.37182665, 0.32802382, -0.76021713, -0.64943826, -0.25741765, -0.56211245, -0.6052668, -0.68397444, 0.13202065, 0.27009195, 0.098795004, -0.89994913, 0.23129213, 0.05659052, -0.9742503, 0.8727319, 0.01015894, 0.5976896, -0.26097092, 0.41740146, 0.9949724, 0.9677899, 0.40465778, 0.14481744, 0.77901435, -0.109019, -0.90572417, -0.6466437, 0.10724903, 0.7092629, -0.9474801, 0.2538364, 0.516182, 0.64663315, 0.25008842, 0.34923944, -0.661907, 0.2526086, -0.49929073, -0.1853886, 0.35019362, -0.027371814, -0.2286651, -0.84601116, 0.1868018, 0.81981564, -0.62962484, 0.49663034, -0.113656595, -0.9077034, -0.056060724, -0.7854829, 0.027616939, 0.056892574, 0.6651354, -0.26738217, 0.55571485, -0.12319705, 0.27742323, 0.1069878, 0.084086984, -0.06303134, -0.6801841, -0.37667853, -0.01867357, 0.7183196, 0.07557261, 0.032797717, 0.8872534, -0.33702034, 0.2159866, -0.09279459, 0.14487615, -0.22656853, 0.07340997, 0.99249786, 0.7709373, -0.74591905, -0.6171277, -0.89911854, 0.7810799, -0.41830987, -0.7011237, 0.9153571, 0.33701771, -0.20330237, 0.5382481, 0.58423847, -0.78819185, 0.46461165, -0.114962585, -0.3656933, -0.22248372, -0.0439679, 0.44131643, 0.297991, -0.33534327, 0.8648157, 0.113347106, 0.5610935, 0.58415496, 0.878181, -0.5338598, 0.35350347, 0.4469331, 0.47392803, -0.7949773, -0.11180157, 0.99294335, -0.54294735, 0.20175351, -0.022119977, 0.67316484, -0.24926056, -0.7653391, -0.7587875, 0.70144033, 0.23758872, -0.50098526, -0.28636605, 0.8565604, 0.82906455, -0.04594352, 0.7392486, -0.0445713, -0.71824324, 0.40975183, 0.85833555, 0.5976945, -0.48168176, 0.40776518, 0.14928484, -0.14284816, 0.040350392, -0.77543956, 0.45653254, 0.83806723, -0.8993275, 0.5928042, 0.8602672, -0.93946505, 0.18824509, 0.3194792, 0.18187778, -0.5815423, -0.7640884, 0.19171962, 0.55434513, 0.43320307, -0.6244391, 0.48865363, 0.080074795, 0.4608804, 0.30773222, 0.4310722, 0.073367625, -0.5462785, -0.12700993, 0.2365268, -0.9139043, 0.8224424, 0.7859946, -0.98328876, -0.5563319, 0.5431238, -0.56402355, -0.41402456, -0.90732193, 0.3598353, 0.6100697, -0.87390816, 0.48730832, 0.7546603, 0.58273363, -0.6368051, -0.49594396, -0.1794434, 0.8485681, 0.43773016, -0.27259442, 0.032068294, -0.44978443, 0.4311609, -0.047194928, 0.7228621, -0.56556857, 0.20370953, -0.1994378, 0.54866016, 0.34934402, 0.10257319, 0.42287403, -0.7758838, 0.4986016, -0.22505428, 0.6911992, 0.8744735, -0.26432678, 0.7492081, 0.27941182, 0.48406017, 0.72460395, 0.05028285, -0.108740896, 0.22435926, -0.089560345, -0.40143335, 0.7216407, 0.46375376, -0.2834789, -0.2645613, -0.2754859, -0.6172364, -0.89774925, -0.7185651, -0.35106936, 0.78139293, -0.8432263, 0.328147, 0.330266, -0.48913145, 0.018182958, 0.714766, -0.7146777, 0.9231561, -0.31916165, 0.27895373, -0.43922558, 0.47666118, -0.56638354, -0.019087128, 0.60083073, 0.2732073, -0.3316995, 0.19586371, -0.750291, 0.21899109, 0.97505116, -0.29907456, -0.41538474, -0.19468567, -0.3997649, 0.034423243, 0.5874893, 0.6563854, 0.03711726, 0.87078166, -0.5501151, 0.31618932, -0.7185351, 0.76838195, -0.027067509, -0.3673483, 0.41527432, -0.18718211, 0.21196556, 0.41569227, 0.16027868, -0.6451382, -0.48120627, 0.53295887, 0.18888977, -0.19776063, -0.638432, -0.7613564, -0.72324973, -0.58824015, -0.5044071, 0.23322937, 0.39663985, -0.5138073, 0.76313996, 0.95764446, 0.9652759, 0.06309699, -0.019524153, 0.052485917, -0.18031444, -0.29481965, -0.64162874, -0.6144622, -0.75891453, 0.6996682, -0.47286597, -0.087305106, 0.69466436, 0.02663007, -0.40280867, 0.26794124, -0.22711733, 0.63181347, -0.5072767, 0.1447074, -0.7170942, 0.05150071, 0.7458412, -0.41303515, -0.31202856, -0.87224925, -0.42120615, 0.70025086, 0.7797368, 0.9654796, 0.99244833, 0.80853313, -0.060472853, 0.28822258, 0.7220813, 0.41210878, 0.6367607, -0.62463367, -0.22445348, -0.5846188, -0.33914557, 0.8739442, -0.047348656, 0.10759048, 0.7013003, -0.71944773, -0.28947905, -0.5356556, 0.42528918, -0.2443178, 0.97260445, 0.4330991, 0.8949245, -0.75206923, -0.10105668, -0.37424764, -0.81619245, -0.064453475, 0.884875, -0.10523475, -0.30326223, -0.6482669, -0.25765857, -0.019792955, 0.79672647, -0.09878403, 0.3772347, 0.1288392, -0.9300998, -0.5506759, 0.40078077, 0.18929529, 0.13544491, -0.31084466, -0.57848394, -0.21786346, -0.84119225, -0.64080036, 0.5107266, -0.1038806, -0.015301533, -0.23479761, 0.98450094, 0.5672826, 0.46485582, 0.75917155, 0.7178597, -0.764367, 0.72011364, -0.5578221, -0.96994114, -0.7046159, 0.9263821, -0.575084, 0.5042979, -0.07509521, 0.09296235, 0.15416181, 0.62763435, -0.5120884, -0.17324756, 0.7367514, -0.38213897, -0.84918076, 0.043791253, 0.31972876, -0.83847064, -0.60777867, -0.061305176, 0.7904596, 0.45701626, 0.076044925, -0.94124, 0.56129265, -0.44754362, -0.99795735, -0.9068662, 0.2680251, 0.98611706, -0.75762004, 0.8206823, -0.33148062, 0.88538295, 0.97059405, -0.7986262, -0.2813718, -0.6807474, -0.9407422, -0.8327717, -0.4975498, 0.7330402, 0.05006635, -0.9718178, -0.24866225, 0.33727878, 0.111780725, -0.6124446, -0.124269485, 0.6116759, -0.91579264, -0.21347319, 0.03092259, 0.4753552, 0.56407446, -0.89814544, 0.0644677, 0.913124, -0.7830147, -0.27873692, -0.3034446, -0.32666367, -0.9076845, -0.030643482, 0.5204771, -0.4345171, 0.053825095, 0.45411292, 0.3326763, -0.09192808, -0.8762963, -0.6545442, -0.9912609, -0.7327961, 0.3590416, 0.9911505, -0.5221829, -0.47776747, -0.9372112, -0.5609585, -0.80989236, -0.39722887, 0.00806927, 0.8145052, 0.051607236, 0.8500347, -0.65905064, -0.77129155, -0.3964076, 0.056923956, 0.16970888, -0.74889374, 0.74113846, -0.005842293, -0.317584, 0.4475364, -0.032603618, -0.04483831, 0.5530016, -0.7307295, -0.47887933, -0.8406862, -0.7421199, -0.54064655, -0.284784, -0.96198565, 0.34822512, 0.3160812, 0.13356256, -0.7395554, -0.14392784, 0.5839683, -0.65182376, -0.98831713, -0.4557713, -0.20426917, 0.011493223, -0.77147114, 0.8361625, 0.47646436, 0.33481634, -0.18740065, -0.03392986, 0.06393648, -0.7550476, -0.109090164, 0.48879176, 0.038390655, 0.02036541, 0.9889562, -0.5348846, 0.23030992, -0.9525006, 0.9921517, -0.6990031, -0.41128457, -0.7486334, -0.78110033, -0.52561504, -0.3581676, -0.9218004, 0.3007247, 0.070577174, 0.17748179, -0.13882668, -0.58849114, -0.42822564, 0.44549534, -0.22582585, -0.7247884, 0.9534691, 0.5258332, -0.70223004, -0.6234082, 0.6098433, 0.16854395, -0.8009271, 0.45419276, 0.41684538, 0.22388752, 0.057736915, 0.29238275, 0.6749439, 0.8764139, -0.04620567, -0.93837833, 0.22746319, -0.9607798, -0.608176, 0.9615348, -0.39471447, -0.6739234, -0.810086, -0.44002402, -0.96528894, 0.30269194, 0.9537327]","[-7.0, 4.0, 4.0, -2.0, -1.0, 4.0, -1.0, 2.0, -2.0, -3.0, -2.0, -1.0, 4.0, -2.0, 4.0, -2.0, -2.0, -3.0, -7.0, -1.0, -8.0, -2.0, -2.0, -7.0, 5.0, 10.0, -7.0, -8.0, 3.0, -7.0, -14.0, 4.0, -2.0, 4.0, 5.0, 3.0, 4.0, -6.0, -7.0, -7.0, 0.0, 5.0, -1.0, -4.0, 1.0, 5.0, 3.0, -7.0, -3.0, -2.0, 5.0, 3.0, 5.0, -1.0, 1.0, 1.0, -1.0, -2.0, 0.0, 4.0, 3.0, 4.0, -2.0, 0.0, 3.0, 4.0, -7.0, -3.0, -2.0, 5.0, 5.0, 2.0, -1.0, 4.0, -6.0, 3.0, 4.0, -3.0, -1.0, 6.0, -2.0, -6.0, -1.0, -7.0, 6.0, 10.0, -1.0, -1.0, 0.0, 4.0, -1.0, 6.0, -1.0, 10.0, -2.0, 4.0, 4.0, -3.0, -6.0, -4.0, -1.0, -1.0, 1.0, -1.0, -8.0, 5.0, 1.0, 3.0, 5.0, -3.0, -2.0, -7.0, -7.0, -2.0, 4.0, -8.0, 5.0, -7.0, 5.0, -3.0, 5.0, 5.0, 0.0, 4.0, -2.0, 3.0, -1.0, 4.0, 3.0, -2.0, 5.0, -1.0, -4.0, -7.0, -2.0, -8.0, -1.0, -8.0, 3.0, 4.0, 4.0, 5.0, -2.0, 4.0, 5.0, 4.0, -8.0, 0.0, -7.0, 4.0, -10.0, 5.0, -3.0, 0.0, -2.0, -7.0, 4.0, 4.0, 4.0, -1.0, -3.0, 4.0, 5.0, 3.0, -13.0, -1.0, -7.0, 4.0, -9.0, -5.0, 3.0, -1.0, 5.0, 3.0, 1.0, -2.0, -2.0, -2.0, -3.0, 0.0, 3.0, -2.0, -2.0, -5.0, -2.0, -2.0, 5.0, -6.0, 2.0, 10.0, -3.0, -2.0, 4.0, -4.0, -2.0, 0.0, -2.0, -8.0, -2.0, -2.0, -8.0, -2.0, -2.0, 5.0, -1.0, 5.0, -1.0, -3.0, -1.0, -1.0, 5.0, 4.0, -2.0, 4.0, 1.0, -8.0, 4.0, 4.0, -2.0, -3.0, 4.0, -7.0, -3.0, -7.0, 8.0, 5.0, 4.0, -3.0, 0.0, 4.0, -7.0, 0.0, 5.0, -2.0, 0.0, 4.0, 4.0, 4.0, -1.0, 3.0, 1.0, -1.0, -6.0, 3.0, 2.0, 0.0, 4.0, -5.0, -2.0, 6.0, -2.0, -5.0, -2.0, -1.0, -2.0, -4.0, -1.0, -4.0, -2.0, -2.0, -2.0, 5.0, -7.0, -2.0, 4.0, -1.0, -7.0, 1.0, -7.0, 5.0, 4.0, -1.0, -1.0, -6.0, 6.0, -1.0, 5.0, -2.0, -4.0, -7.0, 4.0, -1.0, 0.0, -1.0, -1.0, 12.0, 0.0, -1.0, 4.0, 4.0, -1.0, -2.0, -8.0, -2.0, -2.0, -1.0, -7.0, -1.0, -3.0, -2.0, 4.0, 3.0, 4.0, -1.0, -1.0, 0.0, -3.0, 4.0, 0.0, -2.0, 3.0, 3.0, -6.0, -1.0, -2.0, 0.0, 1.0, -1.0, 5.0, 4.0, -1.0, -8.0, -1.0, 3.0, 6.0, 1.0, -7.0, 4.0, 5.0, 2.0, 0.0, 0.0, 4.0, 10.0, -2.0, -2.0, -8.0, -2.0, 4.0, 12.0, -1.0, 5.0, -4.0, -7.0, -7.0, 0.0, -1.0, -1.0, -2.0, -1.0, -3.0, -1.0, -1.0, 4.0, 5.0, 5.0, -2.0, -7.0, 3.0, -1.0, -7.0, -1.0, 4.0, -7.0, 6.0, -1.0, 4.0, 10.0, 4.0, -7.0, -1.0, 13.0, 4.0, 9.0, 0.0, 4.0, -3.0, 4.0, 5.0, 4.0, 4.0, 4.0, -2.0, 5.0, -1.0, 4.0, 3.0, 5.0, 5.0, 3.0, 0.0, 5.0, -2.0, 11.0, 5.0, 11.0, -2.0, -2.0, 5.0, 10.0, -3.0, 5.0, 10.0, -1.0, 3.0, -1.0, -7.0, 5.0, -2.0, 4.0, -2.0, 3.0, 3.0, 1.0, -8.0, -2.0, -10.0, 5.0, 0.0, -3.0, -8.0, 1.0, 8.0, -6.0, 6.0, 3.0, -7.0, -7.0, -2.0, -1.0, -1.0, -1.0, -2.0, -2.0, -2.0, -2.0, -14.0, -7.0, -1.0, -7.0, -1.0, -8.0, 4.0, -2.0, 5.0, -2.0, 5.0, -2.0, 5.0, 4.0, -1.0, -2.0, 4.0, 4.0, 5.0, 4.0, 3.0, -1.0, 4.0, 2.0, 4.0, -2.0, -2.0, -1.0, 9.0, -1.0, -1.0, -8.0, 0.0, 5.0, 2.0, 4.0, -1.0, 5.0, -1.0, 5.0, -8.0, -1.0, -2.0, -1.0, -2.0, -2.0, -10.0, 5.0, -5.0, -1.0, 5.0, 11.0, -1.0, 0.0, -5.0, -2.0, -2.0, 2.0, -2.0, -2.0, -2.0, -8.0, 0.0, -2.0, -7.0, 4.0, -7.0, -1.0, -3.0, -5.0, 4.0, 2.0, -1.0, -2.0, 4.0, 5.0, -4.0, 4.0, -1.0, -1.0, -1.0, 3.0, 9.0, -7.0, 4.0, -2.0, -3.0, -2.0, -2.0, 5.0, 4.0, 4.0, -5.0, -1.0, -1.0, 3.0, -3.0, -1.0, -7.0, 0.0, -1.0, 4.0, 3.0, -5.0, 5.0, 4.0, -1.0, -1.0, 4.0, -3.0, -1.0, -1.0, -2.0, -2.0, 5.0, 5.0, -2.0, 1.0, -7.0, 5.0, 4.0, -2.0, -1.0, 3.0, -1.0, -7.0, -5.0, -2.0, -1.0, -1.0, 5.0, -1.0, 0.0, 4.0, -3.0, -7.0, -2.0, -1.0, -1.0, -2.0, 3.0, -3.0, -2.0, 1.0, 1.0, -3.0, 0.0, -1.0, -8.0, 4.0, 3.0, 1.0, -1.0, -2.0, -7.0, -2.0, -1.0, 3.0, -1.0, -1.0, 5.0, -3.0, 4.0, 0.0, -2.0, -7.0, -7.0, 3.0, 5.0, -1.0, 11.0, 4.0, -1.0, 4.0, -2.0, 0.0, 10.0, 0.0, -7.0, -2.0, -8.0, -2.0, 7.0, -1.0, -1.0, 4.0, 6.0, 5.0, 4.0, 2.0, -1.0, -2.0, 10.0, -4.0, -1.0, -2.0, 4.0, -1.0, -1.0, 0.0, 5.0, -1.0, 2.0, -1.0, -2.0, -1.0, -6.0, 2.0, -1.0, -2.0, 1.0, -2.0, 3.0, -2.0, -2.0, 6.0, -2.0, -2.0, 1.0, -2.0, -2.0, -6.0, 4.0, 1.0, 5.0, -3.0, -3.0, 5.0, 4.0, -6.0, -2.0, -1.0, -1.0, 0.0, -1.0, -3.0, 3.0, 3.0, 1.0, 0.0, 5.0, 1.0, -1.0, -1.0, -2.0, -1.0, 5.0, -3.0, 5.0, -1.0, -12.0, -2.0, -1.0, -1.0, -5.0, -7.0, -1.0, -2.0, -3.0, 6.0, 8.0, -3.0, 0.0, 4.0, 3.0, 5.0, -1.0, 3.0, 4.0, -1.0, 4.0, -1.0, 5.0, -15.0, -7.0, -1.0, -2.0, 1.0, -7.0, 5.0, -1.0, 1.0, -2.0, 6.0, 0.0, -4.0, -1.0, -2.0, 2.0, -2.0, 0.0, -6.0, -8.0, -2.0, 4.0, 4.0, -2.0, 1.0, 1.0, -5.0, 4.0, -1.0, -3.0, 10.0, -2.0, 5.0, 3.0, -1.0, 3.0, 5.0, 4.0, -2.0, -3.0, 4.0, 4.0, -1.0, 3.0, 10.0, -1.0, 2.0, -2.0, 4.0, -2.0, 5.0, -6.0, 5.0, -1.0, -5.0, 4.0, 0.0, 5.0, 0.0, -2.0, -2.0, -8.0, -2.0, -1.0, 5.0, -1.0, 5.0, -2.0, -1.0, -2.0, -2.0, -2.0, -2.0, 10.0, 4.0, 3.0, 3.0, 4.0, 10.0, 4.0, 4.0, -2.0, 0.0, -2.0, -13.0, 4.0, -1.0, 9.0, -2.0, 4.0, 3.0, 4.0, -2.0, -2.0, 5.0, -3.0, -7.0, -2.0, -2.0, -2.0, -7.0, -1.0, -2.0, 0.0, 10.0, 9.0, -1.0, 4.0, -2.0, -2.0, -7.0, 5.0, 11.0, 4.0, 5.0, -1.0, -8.0, 4.0, -2.0, -5.0, 4.0, -1.0, -7.0, -1.0, 4.0, 0.0, -1.0, -1.0, -8.0, -2.0, -1.0, 5.0, 4.0, -9.0, -4.0, -1.0, -14.0, 2.0, -12.0, -2.0, -7.0, 6.0, -1.0, 5.0, -8.0, -7.0, -1.0, -2.0, -4.0, 3.0, -2.0, -7.0, 0.0, 4.0, 5.0, 5.0, 9.0, 5.0, 2.0, -2.0, -1.0, 7.0, -1.0, 3.0, -1.0, 4.0, 4.0, -1.0, -2.0, 5.0, 4.0, -2.0, -2.0, -1.0, 4.0, -1.0, 0.0, -4.0, 3.0, -8.0, 4.0, -5.0, -1.0, -7.0, -2.0, -7.0, -1.0, 3.0, 5.0, -2.0, 5.0, -9.0, 5.0, -2.0, 0.0, -1.0, -5.0, -1.0, -1.0, -14.0, 0.0, 5.0, 11.0, -2.0, 5.0, 5.0, 4.0, 4.0, -1.0, -1.0, 4.0, -2.0, -1.0, -5.0, 4.0, 5.0, 4.0, 2.0, -7.0, -2.0, -2.0, 5.0, 6.0, -1.0, 4.0, 0.0, 5.0, 5.0, -7.0, -6.0, 6.0, 3.0, -7.0, -7.0, -3.0, -7.0, -1.0, 5.0, -6.0, -13.0, 10.0, -1.0, 6.0, 10.0, -1.0, 3.0, -2.0, 0.0, 1.0, -2.0, -3.0, -2.0, 5.0, 5.0, -3.0, -2.0, -6.0, 15.0, 5.0, 3.0, -4.0, 5.0, 0.0, -1.0, 5.0, -2.0, 4.0, -1.0, 5.0, 4.0, -1.0, 4.0, -1.0, 11.0, -2.0, -8.0, -1.0, 8.0, 5.0, 9.0, 2.0, -6.0, 4.0, 3.0, -8.0, -1.0, 11.0, -2.0, -2.0, -20.0, -2.0]",8.192839107609505,0.0034844875335693,0.0,0.0,0
78,78,"[-0.73964447, -0.013214979, 0.3298703, -0.9156439, -0.2605312, 0.06542534, -0.75521743, -0.88905525, -0.75106883, 0.3687465, -0.08020867, 0.56229544, -0.8182384, -0.50385475, -0.6931159, 0.62995154, -0.14184213, 0.82095623, 0.9099916, 0.99408406, -0.84182763, -0.8237425, -0.48238114, 0.059580185, -0.52371645, 0.9613331, 0.30026695, -0.510818, 0.49983108, 0.012818307, 0.5444317, -0.42703083, -0.48368546, -0.13590723, -0.70086163, -0.22446859, 0.75431854, 0.93726915, 0.49860013, -0.200136, -0.13750297, -0.9048702, 0.0069003347, -0.31998542, 0.8314354, 0.82039917, -0.4405483, 0.3600661, 0.17036523, -0.16441552, 0.69185174, 0.43388653, -0.43658245, -0.9469506, 0.8046025, 0.8499565, 0.20917791, 0.3055957, -0.01659087, 0.15318196, -0.12907799, -0.611733, -0.11303219, -0.75548023, 0.49998525, -0.8298871, 0.2838114, 0.48264378, -0.37239057, -0.20168489, -0.50826895, -0.9186001, -0.19295515, -0.78798264, -0.91808754, -0.45350662, -0.115804955, -0.8666276, 0.2068807, 0.255183, -0.649453, -0.6503958, 0.7296061, 0.6187207, -0.22440378, 0.3298527, -0.82385737, -0.45567226, -0.19036615, 0.12291137, -0.885753, -0.2261561, -0.38046587, 0.7094285, 0.20099936, 0.49362722, -0.028279277, 0.14035416, 0.08099344, -0.82546633, 0.5297511, 0.0019338373, -0.076045334, -0.8271794, 0.46233344, -0.654224, -0.28322136, 0.531616, 0.25708285, 0.13911806, 0.09063951, -0.14800517, 0.74527174, 0.76969504, 0.37998244, 0.22724785, -0.36060616, -0.667664, 0.8090582, -0.6958733, 0.16002248, -0.71516776, -0.5200558, -0.7669043, -0.4007363, -0.97576755, 0.81869674, 0.10297608, -0.22502674, 0.752115, 0.15979041, -0.53838784, 0.36185375, 0.051330835, -0.25193208, -0.072926536, -0.30056927, -0.86606497, -0.39183944, 0.16637938, 0.82456917, -0.41101295, -0.23467968, 0.26910666, 0.7538634, 0.9525218, 0.022855408, 0.56656355, -0.82558686, -0.112717256, -0.33090842, 0.64489174, 0.4737624, -0.7361715, 0.25439695, -0.97985715, -0.43960246, -0.06949008, -0.384968, 0.1274117, 0.3847013, -0.9554853, 0.8203056, -0.44478497, 0.5958131, -0.77065265, 0.91097546, -0.65821636, 0.9114974, -0.9486969, 0.95857143, -0.6659219, -0.2113511, 0.0955126, 0.9588704, 0.8658631, -0.8677818, -0.24168536, 0.86435443, -0.13840239, -0.19153568, 0.21534513, 0.38679138, 0.20349565, 0.8381696, 0.2792078, 0.21902812, -0.71513253, -0.043409146, -0.048305284, -0.46085098, 0.14354606, 0.9652736, 0.77341515, -0.6230184, 0.7669687, -0.5109985, -0.38801172, -0.6474047, 0.3727021, -0.116065025, -0.85801935, -0.76034606, 0.2271093, -0.6982306, 0.48272988, -0.95988685, 0.9510631, -0.5926468, 0.39428926, 0.6306253, -0.7821628, 0.95093536, 0.29819867, 0.9851408, 0.28066447, 0.48763496, 0.084134966, -0.39120707, -0.44865522, 0.24998201, -0.9777923, 0.39290035, 0.74889386, 0.06822705, -0.5875151, 0.89170414, 0.21927592, -0.5217023, -0.48027357, -0.6669919, -0.71565616, -0.86170864, 0.36273092, -0.03674022, -0.40300426, -0.47039035, -0.7892218, 0.06255892, -0.08559852, 0.2758035, 0.72529364, 0.43915242, 0.7844305, -0.4814673, -0.66482395, -0.082976125, -0.97320163, -0.023689413, -0.30771, -0.023240248, -0.42326364, -0.5571124, 0.5104674, -0.14966412, 0.36154577, 0.9101537, 0.35719737, -0.26848376, -0.047672007, -0.45199078, -0.34320086, 0.22371298, -0.71893704, -0.924345, 0.14620613, -0.04571527, -0.43641186, -0.44863045, -0.21924001, -0.09927617, 0.4086388, 0.76296127, 0.99547523, 0.5427722, -0.9186208, 0.6873109, -0.17105746, -0.30746925, 0.18099053, 0.8327779, -0.7522535, -0.19749732, 0.3826634, 0.4811932, -0.74647546, -0.24176541, -0.42664316, -0.8895374, -0.4530525, -0.5116197, -0.35693195, -0.68368405, 0.08832883, 0.18640903, 0.96584904, 0.08581401, -0.47822222, 0.3642349, -0.2987674, -0.25338802, -0.20641194, -0.46805885, -0.9217422, -0.7459567, -0.037278112, 0.15764537, 0.030615212, -0.06894514, -0.97889286, -0.037415635, 0.9649989, 0.45368236, -0.91242844, -0.65619016, 0.35757563, -0.18625194, 0.61001974, -0.17304395, -0.8175134, 0.5192616, -0.42426756, 0.99446326, 0.73440105, 0.68289834, 0.25344655, -0.8801769, -0.10289532, 0.96742463, 0.03530334, -0.55234325, 0.92302483, -0.7578078, 0.7097419, -0.6221928, 0.110687055, -0.008541884, 0.18097164, -0.13471664, -0.72146153, -0.6618328, 0.5145846, -0.33253303, 0.18213382, 0.39329353, -0.37541124, -0.43173632, -0.15308101, -0.06925885, -0.3419605, 0.5203306, -0.21469244, 0.8636856, 0.12948011, -0.19332771, 0.57346755, 0.27620542, -0.56095755, -0.81722105, -0.8245588, -0.98521554, -0.6761087, -0.16894579, -0.7605549, -0.8269927, 0.6552941, -0.06857336, -0.9449834, -0.33612815, 0.4062671, -0.43821046, 0.86290824, 0.51211745, -0.65608585, -0.042181615, 0.42379126, 0.6720287, 0.944256, 0.46644056, -0.74770445, 0.61316407, 0.64665943, 0.36465225, 0.11505968, 0.21906258, 0.9202243, -0.82542425, -0.23170662, -0.73079187, 0.30242932, -0.38767558, 0.5529385, -0.2167879, -0.15655972, -0.45786792, 0.79787266, 0.10045454, -0.3180414, 0.88812864, 0.8892237, -0.614397, -0.5596511, -0.6814324, 0.32800862, 0.52403957, -0.10376689, -0.51689935, -0.31600797, 0.4997029, 0.68041235, 0.3591842, 0.86854154, 0.64778376, 0.21208867, -0.019078912, 0.6660853, 0.9569856, 0.538662, -0.37396896, 0.774124, -0.5840739, 0.5555834, 0.4299034, 0.90389216, -0.7343853, 0.51998, -0.32328373, 0.9208047, 0.2613741, 0.6986064, 0.89176625, 0.3287893, -0.14947951, -0.24721399, -0.35961884, -0.71376765, 0.2562952, -0.014095828, -0.46584886, 0.5048157, -0.049530704, 0.6127092, -0.4514935, 0.8670578, 0.70772904, -0.54362357, -0.7072706, -0.31146097, 0.71352327, -0.27985594, 0.17008856, 0.2749006, -0.8532993, 0.7532564, 0.10616105, -0.689155, -0.32684383, 0.47663733, 0.51105016, 0.2742157, 0.7672725, -0.8350317, -0.80312526, 0.66603434, 0.034754455, -0.23029046, 0.9727792, -0.6250493, 0.36752862, 0.79490215, -0.90728766, -0.04998799, -0.28853902, -0.88132477, -0.36097318, -0.16546199, -0.44722027, -0.67965305, 0.30884972, 0.9319289, -0.6354471, -0.27822992, -0.46473494, -0.21460809, -0.38275445, 0.9064266, 0.4441239, -0.14663467, 0.75109917, 0.7012558, 0.582191, 0.2888005, 0.50373673, -0.9848091, 0.59881544, -0.29462796, -0.4011361, -0.9300401, 0.68737376, 0.90874046, 0.9784945, -0.35139117, -0.83417755, 0.4780862, -0.12866877, -0.22163622, -0.039016616, 0.22508219, -0.7907594, 0.4784349, 0.25141275, -0.6692963, -0.71882784, -0.08263609, 0.90927863, 0.25140715, 0.06726849, -0.7859347, 0.075743414, 0.44239077, -0.9268917, -0.85258865, 0.7284778, -0.027309673, 0.9827733, 0.20233181, -0.17235787, 0.86725956, -0.65230364, 0.89569575, -0.61201745, -0.5771967, 0.8328015, -0.07452925, 0.89691806, -0.7081695, 0.29912642, 0.010277972, -0.18943173, 0.34715673, 0.66907465, 0.7030484, 0.62924415, 0.77814656, -0.47067562, -0.28949085, 0.21263361, 0.35706913, -0.40330455, 0.031548407, 0.7443576, -0.59559405, 0.6053049, 0.6655305, -0.8049881, 0.4701558, -0.5910736, 0.70534265, -0.10757992, -0.037237376, -0.6635384, -0.780206, -0.2679492, 0.44769078, -0.32783592, 0.25251028, -0.7469922, 0.41182303, -0.1226695, -0.02574805, 0.9155207, 0.11609348, -0.9562937, 0.3828898, 0.506416, -0.7516147, 0.47861192, -0.35137743, -0.81187665, -0.20504348, -0.90365374, 0.7171648, -0.4328048, 0.596055, 0.343764, 0.9748171, -0.712853, -0.31272665, -0.79309565, 0.012810355, -0.78493506, -0.6973054, -0.8048569, -0.04511898, -0.2842893, -0.30439872, -0.71372205, -0.08090349, 0.50807226, -0.21320312, 0.7020886, 0.6739697, 0.5408214, 0.34635988, 0.7814764, -0.57933146, 0.11734127, -0.81701493, 0.31370115, 0.7131489, -0.95467925, -0.2001328, -0.7547509, -0.12715824, -0.0069653457, -0.6577283, -0.39980134, 0.5947326, -0.78219485, -0.85358834, 0.6269943, 0.4932009, 0.35848376, -0.04955129, -0.51168764, 0.1904817, 0.5283064, 0.039618183, -0.41803107, 0.33895066, -0.6377297, -0.8586902, -0.96073884, -0.9846175, 0.19201286, 0.3938289, 0.7834391, -0.24336517, -0.45152447, 0.74903214, -0.46936432, 0.49177012, -0.7055005, -0.04405768, -0.3906036, -0.7765557, 0.775077, -0.52067137, -0.25307143, -0.42924106, 0.99681187, -0.7323327, -0.5924515, -0.85660267, -0.6204041, -0.38345534, 0.06714935, -0.04872572, 0.8467753, -0.5281761, -0.8374847, 0.6759326, -0.17746216, -0.5034575, 0.4901945, 0.72689474, -0.007450116, 0.21045025, 0.81324506, 0.8331084, 0.763518, 0.6800669, 0.4947116, -0.96525437, -0.43010727, -0.23219016, -0.63755214, 0.7819669, 0.09798375, -0.4382379, 0.44281945, 0.4474942, -0.17696816, -0.669466, -0.5866715, 0.052669078, -0.86818504, 0.49470606, -0.021403398, 0.43243232, -0.05543131, 0.5454767, -0.5213663, -0.75988954, 0.5692458, 0.8750961, -0.36944196, -0.3466742, 0.57895106, 0.21399245, -0.77168393, -0.5343357, 0.27588397, 0.05445514, -0.58289886, -0.79016465, 0.12892869, -0.33657727, -0.5039877, -0.2882319, 0.98034596, -0.58981436, 0.5560192, -0.16424957, 0.068516195, -0.27853864, -0.06853828, 0.40020737, 0.7679741, -0.9480112, -0.29283014, 0.9476705, -0.25862396, 0.9709028, -0.1357741, -0.63578933, -0.31687018, -0.8693123, 0.04977109, 0.41280416, 0.3520739, 0.59170425, -0.4735085, -0.18644632, -0.20671059, 0.843082, -0.9789817, 0.51140064, 0.38970968, 0.52588385, -0.29058027, -0.19830815, 0.50264686, -0.750075, -0.902393, -0.14740996, -0.5493271, 0.65448225, 0.9514433, -0.24537869, -0.65284395, -0.2982887, 0.35418937, 0.7205311, 0.9929968, 0.032333016, -0.9508569, 0.28553504, 0.53624195, 0.30300453, -0.36168686, 0.17108674, -0.02320696, -0.9407824, -0.32537067, -0.78859234, -0.9744302, 0.57040006, 0.471105, 0.7540946, 0.9377545, 0.53546387, -0.4993075, 0.40254056, -0.3505328, 0.07478763, 0.6872653, 0.2510012, -0.51004726, -0.30512023, -0.83163357, -0.73600835, -0.017252512, 0.052870505, -0.20548347, -0.7631694, 0.790135, -0.04884997, 0.32620442, 0.31644043, 0.18184847, 0.1432688, -0.955402, 0.47213697, -0.82007, 0.3432056, 0.96245915, -0.16091952, 0.97493804, 0.85574824, 0.11641771, 0.6848141, -0.18105695, 0.28035897, -0.1535461, -0.59114975, -0.5049385, 0.89236975, -0.25589207, 0.43077707, -0.101317346, 0.69038516, -0.0031301894, -0.6556917, -0.9760229, 0.55955464, 0.11759954, 0.45006514, -0.34840754, -0.40689576, 0.8279056, 0.3373773, -0.3651113, 0.91372234, 0.2255038, -0.88971436, 0.35399953, -0.43320698, -0.56358033, 0.23731174, 0.4416987, -0.9747376, 0.7855257, -0.5648524, -0.42603236, 0.22546501, 0.85528386, 0.3122449, -0.13376884, -0.4151024, -0.2803608, 0.295191, -0.25272787, -0.7274082, 0.8912449, 0.82107663, 0.99122643, -0.41541955, -0.1978366, 0.38675186, 0.40902627, -0.34632364, -0.28985435, 0.27287373, -0.5527921, -0.364889, -0.66447747, 0.19176333, 0.8447654, -0.26563185, -0.13527073, -0.4076466, 0.5585395, 0.7957556, 0.2433497, -0.14846146, 0.02267791, 0.03734974, 0.98841286, 0.025438663, -0.9282061, 0.7270873, 0.524752, -0.29415593, -0.03153581, 0.9374256, -0.11080051, -0.25666502, 0.48448953, -0.5610604, 0.06092449, 0.16364847, 0.050162196, 0.74591243, -0.6925824, -0.35174027, -0.21171395, -0.70210695, -0.989885, -0.34734696, -0.52111024, 0.084950395, -0.52451384, 0.4704215, 0.7256027, -0.71596587, 0.24671587, -0.8855142, 0.5336229, 0.3455381, -0.27272293, -0.58202773, 0.29925844, -0.49705735, -0.5977536, -0.7588119, -0.04163775, 0.8781199, -0.47444552, -0.40423653, 0.7975612, 0.48226026, 0.17073268, 0.75021935, 0.16153836, 0.811709, -0.42644292, 0.9649583, -0.2629432, 0.9522022, -0.5070618, -0.39019024, -0.817073, 0.8146123, 0.4719269, 0.48701382, 0.60882574, -0.41874942, 0.68789154, 0.103539675, 0.22392799, -0.5339838, 0.4538555, -0.6904405, -0.44055122, 0.38745794, -0.9589664, -0.3645562, -0.12555872, 0.052284703, -0.16899091, -0.7195381, -0.9288875, -0.7929486, 0.9906555, 0.82812864, 0.40626583, -0.31644237, 0.18289733, 0.2674897, -0.7304022, -0.42832178, 0.7968789, 0.63781005, -0.6110551, -0.60172886, 0.49058378, -0.29163322, 0.24768399, 0.6039262, 0.13764058, 0.7681381, 0.29531956, 0.912525, 0.26153293, -0.46262312, -0.9652553, -0.9566192, -0.22178797, -0.79187936, -0.9748859, -0.12143686, 0.6214891, 0.476038, 0.12865978, 0.3180233, 0.7876627, 0.72260964, 0.8668927, -0.7895656, -0.5688227, -0.7708978, -0.78825516, 0.58855414, -0.38543543, -0.18256843, 0.698176, -0.6046851, -0.30859417, -0.27092895, -0.2978284, 0.33716184, -0.7707185, 0.77446264, 0.2747333, 0.71991384, -0.84963, 0.2088231, 0.13039967, -0.6287717]","[-7.0, 4.0, 4.0, -2.0, -1.0, 4.0, -1.0, 2.0, -2.0, -3.0, -2.0, -1.0, 4.0, -2.0, 4.0, -2.0, -2.0, -3.0, -7.0, -1.0, -8.0, -2.0, -2.0, -7.0, 5.0, 10.0, -7.0, -8.0, 3.0, -7.0, -14.0, 4.0, -2.0, 4.0, 5.0, 3.0, 4.0, -6.0, -7.0, -7.0, 0.0, 5.0, -1.0, -4.0, 1.0, 5.0, 3.0, -7.0, -3.0, -2.0, 5.0, 3.0, 5.0, -1.0, 1.0, 1.0, -1.0, -2.0, 0.0, 4.0, 3.0, 4.0, -2.0, 0.0, 3.0, 4.0, -7.0, -3.0, -2.0, 5.0, 5.0, 2.0, -1.0, 4.0, -6.0, 3.0, 4.0, -3.0, -1.0, 6.0, -2.0, -6.0, -1.0, -7.0, 6.0, 10.0, -1.0, -1.0, 0.0, 4.0, -1.0, 6.0, -1.0, 10.0, -2.0, 4.0, 4.0, -3.0, -6.0, -4.0, -1.0, -1.0, 1.0, -1.0, -8.0, 5.0, 1.0, 3.0, 5.0, -3.0, -2.0, -7.0, -7.0, -2.0, 4.0, -8.0, 5.0, -7.0, 5.0, -3.0, 5.0, 5.0, 0.0, 4.0, -2.0, 3.0, -1.0, 4.0, 3.0, -2.0, 5.0, -1.0, -4.0, -7.0, -2.0, -8.0, -1.0, -8.0, 3.0, 4.0, 4.0, 5.0, -2.0, 4.0, 5.0, 4.0, -8.0, 0.0, -7.0, 4.0, -10.0, 5.0, -3.0, 0.0, -2.0, -7.0, 4.0, 4.0, 4.0, -1.0, -3.0, 4.0, 5.0, 3.0, -13.0, -1.0, -7.0, 4.0, -9.0, -5.0, 3.0, -1.0, 5.0, 3.0, 1.0, -2.0, -2.0, -2.0, -3.0, 0.0, 3.0, -2.0, -2.0, -5.0, -2.0, -2.0, 5.0, -6.0, 2.0, 10.0, -3.0, -2.0, 4.0, -4.0, -2.0, 0.0, -2.0, -8.0, -2.0, -2.0, -8.0, -2.0, -2.0, 5.0, -1.0, 5.0, -1.0, -3.0, -1.0, -1.0, 5.0, 4.0, -2.0, 4.0, 1.0, -8.0, 4.0, 4.0, -2.0, -3.0, 4.0, -7.0, -3.0, -7.0, 8.0, 5.0, 4.0, -3.0, 0.0, 4.0, -7.0, 0.0, 5.0, -2.0, 0.0, 4.0, 4.0, 4.0, -1.0, 3.0, 1.0, -1.0, -6.0, 3.0, 2.0, 0.0, 4.0, -5.0, -2.0, 6.0, -2.0, -5.0, -2.0, -1.0, -2.0, -4.0, -1.0, -4.0, -2.0, -2.0, -2.0, 5.0, -7.0, -2.0, 4.0, -1.0, -7.0, 1.0, -7.0, 5.0, 4.0, -1.0, -1.0, -6.0, 6.0, -1.0, 5.0, -2.0, -4.0, -7.0, 4.0, -1.0, 0.0, -1.0, -1.0, 12.0, 0.0, -1.0, 4.0, 4.0, -1.0, -2.0, -8.0, -2.0, -2.0, -1.0, -7.0, -1.0, -3.0, -2.0, 4.0, 3.0, 4.0, -1.0, -1.0, 0.0, -3.0, 4.0, 0.0, -2.0, 3.0, 3.0, -6.0, -1.0, -2.0, 0.0, 1.0, -1.0, 5.0, 4.0, -1.0, -8.0, -1.0, 3.0, 6.0, 1.0, -7.0, 4.0, 5.0, 2.0, 0.0, 0.0, 4.0, 10.0, -2.0, -2.0, -8.0, -2.0, 4.0, 12.0, -1.0, 5.0, -4.0, -7.0, -7.0, 0.0, -1.0, -1.0, -2.0, -1.0, -3.0, -1.0, -1.0, 4.0, 5.0, 5.0, -2.0, -7.0, 3.0, -1.0, -7.0, -1.0, 4.0, -7.0, 6.0, -1.0, 4.0, 10.0, 4.0, -7.0, -1.0, 13.0, 4.0, 9.0, 0.0, 4.0, -3.0, 4.0, 5.0, 4.0, 4.0, 4.0, -2.0, 5.0, -1.0, 4.0, 3.0, 5.0, 5.0, 3.0, 0.0, 5.0, -2.0, 11.0, 5.0, 11.0, -2.0, -2.0, 5.0, 10.0, -3.0, 5.0, 10.0, -1.0, 3.0, -1.0, -7.0, 5.0, -2.0, 4.0, -2.0, 3.0, 3.0, 1.0, -8.0, -2.0, -10.0, 5.0, 0.0, -3.0, -8.0, 1.0, 8.0, -6.0, 6.0, 3.0, -7.0, -7.0, -2.0, -1.0, -1.0, -1.0, -2.0, -2.0, -2.0, -2.0, -14.0, -7.0, -1.0, -7.0, -1.0, -8.0, 4.0, -2.0, 5.0, -2.0, 5.0, -2.0, 5.0, 4.0, -1.0, -2.0, 4.0, 4.0, 5.0, 4.0, 3.0, -1.0, 4.0, 2.0, 4.0, -2.0, -2.0, -1.0, 9.0, -1.0, -1.0, -8.0, 0.0, 5.0, 2.0, 4.0, -1.0, 5.0, -1.0, 5.0, -8.0, -1.0, -2.0, -1.0, -2.0, -2.0, -10.0, 5.0, -5.0, -1.0, 5.0, 11.0, -1.0, 0.0, -5.0, -2.0, -2.0, 2.0, -2.0, -2.0, -2.0, -8.0, 0.0, -2.0, -7.0, 4.0, -7.0, -1.0, -3.0, -5.0, 4.0, 2.0, -1.0, -2.0, 4.0, 5.0, -4.0, 4.0, -1.0, -1.0, -1.0, 3.0, 9.0, -7.0, 4.0, -2.0, -3.0, -2.0, -2.0, 5.0, 4.0, 4.0, -5.0, -1.0, -1.0, 3.0, -3.0, -1.0, -7.0, 0.0, -1.0, 4.0, 3.0, -5.0, 5.0, 4.0, -1.0, -1.0, 4.0, -3.0, -1.0, -1.0, -2.0, -2.0, 5.0, 5.0, -2.0, 1.0, -7.0, 5.0, 4.0, -2.0, -1.0, 3.0, -1.0, -7.0, -5.0, -2.0, -1.0, -1.0, 5.0, -1.0, 0.0, 4.0, -3.0, -7.0, -2.0, -1.0, -1.0, -2.0, 3.0, -3.0, -2.0, 1.0, 1.0, -3.0, 0.0, -1.0, -8.0, 4.0, 3.0, 1.0, -1.0, -2.0, -7.0, -2.0, -1.0, 3.0, -1.0, -1.0, 5.0, -3.0, 4.0, 0.0, -2.0, -7.0, -7.0, 3.0, 5.0, -1.0, 11.0, 4.0, -1.0, 4.0, -2.0, 0.0, 10.0, 0.0, -7.0, -2.0, -8.0, -2.0, 7.0, -1.0, -1.0, 4.0, 6.0, 5.0, 4.0, 2.0, -1.0, -2.0, 10.0, -4.0, -1.0, -2.0, 4.0, -1.0, -1.0, 0.0, 5.0, -1.0, 2.0, -1.0, -2.0, -1.0, -6.0, 2.0, -1.0, -2.0, 1.0, -2.0, 3.0, -2.0, -2.0, 6.0, -2.0, -2.0, 1.0, -2.0, -2.0, -6.0, 4.0, 1.0, 5.0, -3.0, -3.0, 5.0, 4.0, -6.0, -2.0, -1.0, -1.0, 0.0, -1.0, -3.0, 3.0, 3.0, 1.0, 0.0, 5.0, 1.0, -1.0, -1.0, -2.0, -1.0, 5.0, -3.0, 5.0, -1.0, -12.0, -2.0, -1.0, -1.0, -5.0, -7.0, -1.0, -2.0, -3.0, 6.0, 8.0, -3.0, 0.0, 4.0, 3.0, 5.0, -1.0, 3.0, 4.0, -1.0, 4.0, -1.0, 5.0, -15.0, -7.0, -1.0, -2.0, 1.0, -7.0, 5.0, -1.0, 1.0, -2.0, 6.0, 0.0, -4.0, -1.0, -2.0, 2.0, -2.0, 0.0, -6.0, -8.0, -2.0, 4.0, 4.0, -2.0, 1.0, 1.0, -5.0, 4.0, -1.0, -3.0, 10.0, -2.0, 5.0, 3.0, -1.0, 3.0, 5.0, 4.0, -2.0, -3.0, 4.0, 4.0, -1.0, 3.0, 10.0, -1.0, 2.0, -2.0, 4.0, -2.0, 5.0, -6.0, 5.0, -1.0, -5.0, 4.0, 0.0, 5.0, 0.0, -2.0, -2.0, -8.0, -2.0, -1.0, 5.0, -1.0, 5.0, -2.0, -1.0, -2.0, -2.0, -2.0, -2.0, 10.0, 4.0, 3.0, 3.0, 4.0, 10.0, 4.0, 4.0, -2.0, 0.0, -2.0, -13.0, 4.0, -1.0, 9.0, -2.0, 4.0, 3.0, 4.0, -2.0, -2.0, 5.0, -3.0, -7.0, -2.0, -2.0, -2.0, -7.0, -1.0, -2.0, 0.0, 10.0, 9.0, -1.0, 4.0, -2.0, -2.0, -7.0, 5.0, 11.0, 4.0, 5.0, -1.0, -8.0, 4.0, -2.0, -5.0, 4.0, -1.0, -7.0, -1.0, 4.0, 0.0, -1.0, -1.0, -8.0, -2.0, -1.0, 5.0, 4.0, -9.0, -4.0, -1.0, -14.0, 2.0, -12.0, -2.0, -7.0, 6.0, -1.0, 5.0, -8.0, -7.0, -1.0, -2.0, -4.0, 3.0, -2.0, -7.0, 0.0, 4.0, 5.0, 5.0, 9.0, 5.0, 2.0, -2.0, -1.0, 7.0, -1.0, 3.0, -1.0, 4.0, 4.0, -1.0, -2.0, 5.0, 4.0, -2.0, -2.0, -1.0, 4.0, -1.0, 0.0, -4.0, 3.0, -8.0, 4.0, -5.0, -1.0, -7.0, -2.0, -7.0, -1.0, 3.0, 5.0, -2.0, 5.0, -9.0, 5.0, -2.0, 0.0, -1.0, -5.0, -1.0, -1.0, -14.0, 0.0, 5.0, 11.0, -2.0, 5.0, 5.0, 4.0, 4.0, -1.0, -1.0, 4.0, -2.0, -1.0, -5.0, 4.0, 5.0, 4.0, 2.0, -7.0, -2.0, -2.0, 5.0, 6.0, -1.0, 4.0, 0.0, 5.0, 5.0, -7.0, -6.0, 6.0, 3.0, -7.0, -7.0, -3.0, -7.0, -1.0, 5.0, -6.0, -13.0, 10.0, -1.0, 6.0, 10.0, -1.0, 3.0, -2.0, 0.0, 1.0, -2.0, -3.0, -2.0, 5.0, 5.0, -3.0, -2.0, -6.0, 15.0, 5.0, 3.0, -4.0, 5.0, 0.0, -1.0, 5.0, -2.0, 4.0, -1.0, 5.0, 4.0, -1.0, 4.0, -1.0, 11.0, -2.0, -8.0, -1.0, 8.0, 5.0, 9.0, 2.0, -6.0, 4.0, 3.0, -8.0, -1.0, 11.0, -2.0, -2.0, -20.0, -2.0]",8.192839107609505,0.0032615661621093,0.0,0.0,0
79,79,"[-0.8458459, 0.11132476, 0.7304254, -0.14879724, -0.27722976, -0.94805056, -0.75065035, 0.6047484, -0.2855065, 0.7299348, -0.43828392, -0.7865961, 0.35412517, -0.8068278, -0.85918677, -0.45807216, -0.8611584, 0.6828668, 0.06854534, -0.057193518, 0.64305043, -0.7059465, 0.6387251, 0.16127218, 0.15864591, -0.6266622, 0.021763902, -0.38239053, -0.42785954, 0.71218234, 0.6562981, -0.93114203, 0.84113455, 0.06969455, 0.32006076, -0.7588382, 0.8680695, 0.4964689, 0.79818124, 0.79658717, 0.94864607, -0.83187276, 0.633394, 0.4829408, 0.43922973, 0.24270327, 0.3151686, 0.59550124, 0.28678805, -0.8189855, -0.45533642, -0.5256894, -0.13429275, 0.0449111, -0.576525, 0.66473794, -0.1772372, 0.37945822, 0.9872471, 0.040984884, -0.5829111, 0.62002933, 0.27383983, -0.84539014, -0.9529026, -0.39270258, 0.88571703, -0.95737356, 0.016103487, 0.06355238, -0.94857895, -0.36860773, -0.46036968, 0.55941063, 0.6799629, 0.7290115, -0.506182, -0.95868224, -0.6300978, -0.07048011, -0.16271164, 0.91855407, -0.2149225, -0.63381344, -0.09659916, 0.7253607, 0.8322379, -0.8816584, -0.34444284, 0.09950256, -0.26097956, 0.9783636, -0.5187644, 0.0626546, -0.51185256, -0.115802675, 0.9215955, -0.9941881, -0.6488939, -0.18287157, -0.21077637, -0.85749876, 0.73247725, -0.17741498, 0.67396426, 0.41559485, -0.69759744, -0.91252357, 0.66518664, 0.60505617, 0.44302285, 0.7480034, 0.92967844, 0.84054565, -0.46816772, 0.29405004, -0.61132747, 0.41920954, 0.7610337, -0.23231176, 0.2752566, 0.15558937, -0.76524305, 0.49084777, -0.7685195, 0.26330066, 0.5764721, 0.2481278, 0.2016702, 0.41127658, -0.4658426, 0.42428294, 0.00864101, 0.9907198, 0.41870537, -0.9841761, 0.49620533, -0.48140016, 0.448085, -0.7773659, 0.7262952, 0.39355537, 0.6969519, -0.25602064, -0.9750062, -0.53573895, 0.747851, 0.15747036, 0.07848572, 0.96787125, 0.81008875, 0.74413544, -0.7500858, 0.44813067, -0.65312964, 0.78438216, 0.93907356, -0.83101, 0.99879426, -0.6914942, -0.33582377, 0.61375743, -0.25396267, 0.886884, 0.34758776, 0.3993171, -0.9978767, 0.08257345, 0.67822194, 0.20634703, -0.28583533, 0.1595357, 0.4941519, 0.3859752, 0.124221876, -0.13648404, 0.9148382, -0.4158386, -0.56726724, 0.13099001, -0.91519254, -0.3318329, -0.51277804, -0.49400935, 0.12766501, 0.19588596, 0.76141703, 0.07543599, -0.9237053, 0.523347, -0.669244, 0.9594594, -0.5446093, -0.54913026, -0.30722857, -0.11308565, 0.72757834, -0.86194444, 0.33557844, -0.94909006, 0.21772286, -0.07126509, -0.45388025, -0.66539276, -0.7064839, -0.34439296, -0.84027076, 0.10631834, -0.4149386, -0.95443314, -0.31147382, -0.2661639, -0.5212616, 0.5717122, -0.27054405, -0.8681725, 0.6668468, 0.7569892, 0.87200767, 0.15423875, -0.91360897, 0.2005901, -0.7498028, -0.30153492, -0.86861306, -0.8203936, 0.76359284, 0.48768076, -0.61595803, -0.2226653, 0.33361462, 0.103816286, 0.84898484, -0.94934934, 0.36949039, -0.5176925, -0.12176473, -0.92677915, 0.43667817, -0.6447333, -0.9308258, -0.5776558, 0.17037565, 0.078099355, 0.1282101, 0.9823332, -0.80267364, 0.24779966, -0.6859713, 0.7016549, 0.024258044, -0.78956544, -0.6845202, 0.22960135, -0.11656622, -0.023973111, 0.1903522, -0.5512536, 0.3957512, -0.80703723, -0.5491172, 0.8132452, 0.64080304, 0.07006949, 0.82736266, -0.26562804, -0.0945993, -0.98814267, -0.4433503, -0.85670817, -0.16720262, 0.2001922, -0.3819439, 0.22816181, -0.74467385, -0.9603783, -0.029064, -0.06459657, -0.5039465, -0.91207516, -0.7617434, 0.035809506, 0.6039285, -0.5803992, -0.15087818, -0.8946518, -0.6882184, 0.60445666, -0.39867398, 0.734218, -0.7171131, -0.8672051, 0.31305417, -0.86969244, -0.594236, 0.44299194, 0.148242, 0.99480516, 0.30311733, 0.1308568, -0.675047, -0.14407682, 0.1593954, 0.9197021, -0.72408736, -0.09151465, 0.21074963, -0.022062905, 0.479499, 0.8502743, 0.5160379, 0.46243688, -0.26284987, 0.30956092, 0.31172344, 0.29406893, 0.7879555, 0.21334335, -0.9337878, 0.9935169, -0.5539478, -0.34801817, 0.32605705, 0.7557327, -0.41198555, 0.95054823, 0.758263, -0.9822564, 0.7352448, -0.90625036, -0.5491123, -0.9980433, -0.47057468, -0.47495452, 0.9047426, 0.9806758, -0.39103308, 0.10424815, 0.08091147, 0.14439005, 0.48565412, 0.36698052, -0.015152241, -0.9198648, 0.51778156, -0.8861507, -0.50489765, -0.45698076, -0.9666837, 0.6943096, 0.26509076, 0.87698996, -0.4442717, -0.7137423, -0.14636742, -0.4706424, -0.9717654, 0.75617, 0.65346223, -0.6663138, 0.00038021646, 0.35108232, -0.7662965, 0.53931665, -0.80177236, 0.29903862, -0.5086509, 0.69333464, -0.6037792, -0.15125173, -0.50486463, 0.21682726, -0.7187527, 0.0823651, 0.350257, 0.16014658, 0.55260885, -0.58179, 0.93171585, 0.53036046, -0.3466248, 0.99633574, 0.10288296, -0.3072956, 0.84620047, -0.29320392, 0.26119295, -0.72807163, -0.5460988, 0.90052116, 0.030217396, -0.76824516, 0.26160643, 0.010787831, 0.055402845, 0.041375946, -0.5338267, -0.49511594, 0.8789037, 0.7280692, 0.10481309, 0.37677306, 0.83362997, -0.895053, 0.24119428, 0.9729748, 0.99247557, 0.99528337, 0.23291236, 0.4499144, 0.9714003, -0.5410253, -0.51401854, -0.47104248, 0.9960322, 0.05616462, -0.58630073, 0.8919474, 0.09946297, -0.37771273, 0.16371909, 0.0034969214, 0.3021152, -0.3213651, -0.75284463, 0.19107433, -0.4298128, -0.04875726, 0.23349105, -0.76978314, -0.8590642, 0.84536296, 0.16143882, -0.5761908, 0.0782686, 0.15209237, -0.17668645, -0.84501624, -0.1638734, -0.20583794, -0.9590086, -0.44728288, 0.22596961, -0.6317837, -0.995943, -0.9516518, 0.7615827, 0.486144, 0.35956755, 0.9713007, 0.9767537, 0.9610869, -0.7007107, -0.31311807, 0.5022911, -0.42575386, 0.38241038, -0.34254992, -0.7283945, -0.62406623, 0.087546594, -0.5401492, -0.4441245, -0.6237889, -0.4332516, -0.12599175, 0.30389547, -0.75279045, 0.26576996, -0.07046803, 0.5180871, -0.7928768, -0.088408016, -0.31947377, 0.21610826, 0.097959965, 0.46579093, -0.5880159, -0.0033438634, 0.1560578, -0.15126918, 0.7497736, -0.28996906, -0.8789998, -0.51753926, -0.21516086, 0.006988077, 0.413336, 0.10168224, 0.2589206, -0.25737312, -0.8384628, -0.2830673, 0.53130585, -0.70396346, -0.72272235, 0.48172548, -0.54436344, -0.026228907, 0.47149658, -0.54758805, -0.4328365, 0.7255011, -0.08921585, 0.061981183, -0.3187085, -0.770064, 0.80618936, 0.0102964835, -0.9083423, 0.66456294, -0.9806978, -0.23473363, -0.48291573, -0.72792333, -0.7353856, -0.69870174, -0.897829, 0.18088579, 0.72310257, -0.9152527, 0.3722531, -0.41390142, -0.82431436, -0.374578, -0.80823886, -0.4493631, -0.49343798, 0.14992575, 0.11695287, 0.34629822, -0.5318252, -0.4126648, 0.34304065, -0.34401864, -0.24068908, 0.6641017, 0.2129024, -0.54691553, 0.14171469, -0.72628623, 0.99592197, -0.3200247, -0.23811156, -0.35167387, 0.038385022, -0.95626634, -0.14341994, -0.6325532, -0.9049474, -0.9555155, -0.68617225, -0.14766322, 0.8591904, -0.11641622, 0.6213319, 0.81447816, 0.41942203, 0.07567196, -0.008612385, -0.47046834, -0.81722045, 0.7927775, -0.41656807, 0.4749912, 0.8079965, 0.07323487, 0.12338065, -0.6123642, 0.72509617, -0.9986483, 0.0026773314, 0.30780825, 0.18136084, 0.9580834, -0.4792486, -0.3212542, 0.84089786, -0.5012661, 0.9225205, -0.6409374, 0.2887071, 0.16714123, 0.94613004, -0.012175254, 0.5650837, 0.02044915, 0.703501, 0.33376604, -0.10368022, -0.40543708, 0.045574017, -0.010545915, 0.1538672, 0.46598038, 0.82494056, 0.5429447, 0.6954452, -0.35700664, -0.14765064, -0.46563986, -0.784477, -0.36859775, -0.03328505, -0.92664325, -0.9513625, 0.52851796, 0.30735084, 0.12385938, 0.36900917, 0.9418529, -0.03137147, -0.43894783, 0.13765608, 0.7587759, 0.8256026, -0.28491044, 0.056805544, 0.5685842, -0.49034932, 0.076485574, 0.16623993, -0.20888375, -0.7113418, 0.8374516, 0.46425214, -0.6433589, 0.9196388, 0.95630884, 0.028541785, -0.10461549, -0.021759214, 0.6201267, -0.67274415, 0.73659664, -0.84509146, 0.55395293, -0.24183868, 0.28854272, -0.6566208, 0.21410598, -0.546209, 0.50412893, -0.7867862, -0.70844865, -0.32891402, -0.67183954, -0.93867797, 0.7469675, -0.20398478, -0.08893966, 0.9545088, 0.012723987, -0.53745687, 0.39539266, -0.75827986, 0.35622108, -0.14114317, 0.6515151, -0.8497815, -0.9960719, -0.5557571, -0.6060852, -0.031531062, 0.81041455, -0.7625829, 0.15487602, -0.285368, -0.97566056, 0.28349522, -0.6581275, 0.6620874, -0.16112211, -0.325406, 0.8033501, -0.23211148, -0.5748866, 0.1170578, 0.5585091, 0.7916621, 0.6832615, -0.7122048, 0.65709615, 0.6151136, -0.026442321, -0.56756, 0.19141035, -0.026847655, 0.48143575, 0.6896301, 0.28658947, 0.10553449, 0.33939204, 0.84647834, -0.66193116, -0.2504827, -0.053448454, 0.11452981, -0.047650725, 0.4156717, -0.3516202, 0.78924865, 0.1884164, 0.38922945, 0.12265286, 0.5666815, -0.27664918, -0.07203438, 0.9663531, -0.91922224, 0.37818688, -0.44728085, 0.083065026, -0.124784455, -0.61441725, 0.3173664, 0.13577302, -0.19688146, -0.4845831, -0.89779586, -0.104988396, 0.37571666, 0.21555512, -0.18093722, -0.7437643, 0.32242945, -0.28175756, -0.20629129, -0.9265723, 0.28374907, 0.03859589, -0.6311971, -0.40899354, -0.2011347, -0.012416716, 0.57695806, 0.8779163, -0.54649776, -0.7263746, -0.99090135, 0.095087744, -0.39101204, 0.6582868, 0.81330675, -0.72620666, -0.7581078, 0.07103361, 0.008984988, -0.30675074, -0.22105494, 0.074486226, -0.106221735, -0.027759906, -0.23345001, 0.971286, 0.3644948, 0.056470815, 0.43251458, 0.16873562, 0.489953, 0.06255409, 0.010015295, -0.03673245, -0.053798355, -0.11601933, 0.23115936, 0.46370107, -0.40177318, 0.20419042, 0.63288695, -0.5876095, 0.86233115, -0.7782979, -0.8621699, 0.7258377, -0.08790776, 0.0010702156, 0.8358798, 0.15866973, 0.99742955, -0.5385116, 0.8078279, 0.87604886, 0.23073272, 0.2079086, -0.2586237, -0.85344344, 0.54643214, 0.14713328, -0.8276086, 0.94762415, 0.4397786, -0.08381978, -0.6489012, 0.8331619, 0.33972812, -0.7892544, -0.03919999, -0.09342546, 0.017420238, 0.81771845, 0.5206866, 0.05504704, 0.3511858, 0.5901332, 0.03973242, 0.36932063, -0.010123181, -0.69357795, 0.8518487, 0.068196654, -0.82580495, -0.7437038, -0.63581955, -0.6730109, 0.75367045, -0.07111741, -0.4741733, -0.7598587, 0.1803702, -0.3382979, -0.2715207, 0.88114786, -0.31861553, -0.20561972, -0.86090624, -0.27809533, 0.277013, -0.04924187, 0.6075282, -0.80087334, -0.80941725, -0.73850703, 0.96165645, 0.6548241, 0.6853961, -0.3118538, -0.7062611, 0.74295306, 0.5134266, -0.4907898, 0.5071997, 0.4325867, 0.28387544, -0.56057346, -0.7854929, -0.47864735, 0.91849595, 0.5915758, -0.21726055, -0.64876324, 0.60373896, -0.16244331, -0.14466755, 0.7896287, 0.30118474, -0.67225575, -0.1319913, -0.86534256, 0.6309386, -0.6336135, 0.31799418, 0.34924075, 0.27750713, -0.36250362, -0.6113141, -0.48512018, 0.063838646, -0.0017537465, 0.5482765, -0.69073635, -0.27947724, -0.88307077, 0.54278964, 0.43134776, -0.0676598, -0.8474158, -0.9329639, -0.004235083, 0.86607933, 0.70525426, 0.15752633, -0.5216082, -0.5801856, 0.018890088, 0.22230199, -0.7528051, 0.16659665, -0.118918546, -0.94259375, -0.7827014, 0.22381365, -0.09217965, -0.042319845, 0.69915986, 0.6569803, -0.6671013, 0.35718414, 0.8545085, -0.7125506, -0.6544779, -0.118890814, -0.14481588, 0.5650244, -0.6621726, -0.45349327, -0.59178793, 0.36504427, -0.61863256, 0.18167813, -0.14666486, 0.70965225, -0.91078097, 0.91605747, 0.08362576, -0.6985665, -0.8702997, 0.6268835, -0.55001384, 0.16027303, -0.47657815, 0.95683515, -0.55783474, -0.9213624, -0.020945255, 0.120427474, -0.8217785, 0.32308128, -0.72113144, 0.050001614, -0.31299946, 0.93245745, 0.91440487, -0.29210716, -0.09006153, 0.5682318, 0.43721506, 0.62449145, -0.01889678, -0.31921327, -0.26084152, -0.6241326, -0.2957541, -0.5958583, 0.32127994, 0.84065497, 0.061050937, -0.6409617, 0.1644916, 0.7471305, 0.62011456, 0.41023338, 0.01929431, -0.09072366, -0.6045614, -0.11141912, -0.70058703, -0.34066182, 0.3655441, 0.36065078, -0.105281726, -0.34871837, -0.50405973, 0.6328424, 0.16214448, 0.028132556, 0.7903107, 0.6038964, -0.48332584, 0.1550525, -0.19623002, -0.42498568, -0.97738546, 0.98363215, -0.94743264, -0.8119597, 0.14396998, 0.12800252, -0.7950008, -0.91935486, -0.35808185, 0.39372203, 0.14488293, 0.07358418, -0.56505555, 0.99709696, 0.5166401, 0.8855171, -0.91488814, 0.6859902, -0.6378669, 0.31387088, -0.78209805, 0.692656, 0.80515164, -0.99212015, -0.14202423, 0.19154382, 0.43243873, -0.7152929]","[-7.0, 4.0, 4.0, -2.0, -1.0, 4.0, -1.0, 2.0, -2.0, -3.0, -2.0, -1.0, 4.0, -2.0, 4.0, -2.0, -2.0, -3.0, -7.0, -1.0, -8.0, -2.0, -2.0, -7.0, 5.0, 10.0, -7.0, -8.0, 3.0, -7.0, -14.0, 4.0, -2.0, 4.0, 5.0, 3.0, 4.0, -6.0, -7.0, -7.0, 0.0, 5.0, -1.0, -4.0, 1.0, 5.0, 3.0, -7.0, -3.0, -2.0, 5.0, 3.0, 5.0, -1.0, 1.0, 1.0, -1.0, -2.0, 0.0, 4.0, 3.0, 4.0, -2.0, 0.0, 3.0, 4.0, -7.0, -3.0, -2.0, 5.0, 5.0, 2.0, -1.0, 4.0, -6.0, 3.0, 4.0, -3.0, -1.0, 6.0, -2.0, -6.0, -1.0, -7.0, 6.0, 10.0, -1.0, -1.0, 0.0, 4.0, -1.0, 6.0, -1.0, 10.0, -2.0, 4.0, 4.0, -3.0, -6.0, -4.0, -1.0, -1.0, 1.0, -1.0, -8.0, 5.0, 1.0, 3.0, 5.0, -3.0, -2.0, -7.0, -7.0, -2.0, 4.0, -8.0, 5.0, -7.0, 5.0, -3.0, 5.0, 5.0, 0.0, 4.0, -2.0, 3.0, -1.0, 4.0, 3.0, -2.0, 5.0, -1.0, -4.0, -7.0, -2.0, -8.0, -1.0, -8.0, 3.0, 4.0, 4.0, 5.0, -2.0, 4.0, 5.0, 4.0, -8.0, 0.0, -7.0, 4.0, -10.0, 5.0, -3.0, 0.0, -2.0, -7.0, 4.0, 4.0, 4.0, -1.0, -3.0, 4.0, 5.0, 3.0, -13.0, -1.0, -7.0, 4.0, -9.0, -5.0, 3.0, -1.0, 5.0, 3.0, 1.0, -2.0, -2.0, -2.0, -3.0, 0.0, 3.0, -2.0, -2.0, -5.0, -2.0, -2.0, 5.0, -6.0, 2.0, 10.0, -3.0, -2.0, 4.0, -4.0, -2.0, 0.0, -2.0, -8.0, -2.0, -2.0, -8.0, -2.0, -2.0, 5.0, -1.0, 5.0, -1.0, -3.0, -1.0, -1.0, 5.0, 4.0, -2.0, 4.0, 1.0, -8.0, 4.0, 4.0, -2.0, -3.0, 4.0, -7.0, -3.0, -7.0, 8.0, 5.0, 4.0, -3.0, 0.0, 4.0, -7.0, 0.0, 5.0, -2.0, 0.0, 4.0, 4.0, 4.0, -1.0, 3.0, 1.0, -1.0, -6.0, 3.0, 2.0, 0.0, 4.0, -5.0, -2.0, 6.0, -2.0, -5.0, -2.0, -1.0, -2.0, -4.0, -1.0, -4.0, -2.0, -2.0, -2.0, 5.0, -7.0, -2.0, 4.0, -1.0, -7.0, 1.0, -7.0, 5.0, 4.0, -1.0, -1.0, -6.0, 6.0, -1.0, 5.0, -2.0, -4.0, -7.0, 4.0, -1.0, 0.0, -1.0, -1.0, 12.0, 0.0, -1.0, 4.0, 4.0, -1.0, -2.0, -8.0, -2.0, -2.0, -1.0, -7.0, -1.0, -3.0, -2.0, 4.0, 3.0, 4.0, -1.0, -1.0, 0.0, -3.0, 4.0, 0.0, -2.0, 3.0, 3.0, -6.0, -1.0, -2.0, 0.0, 1.0, -1.0, 5.0, 4.0, -1.0, -8.0, -1.0, 3.0, 6.0, 1.0, -7.0, 4.0, 5.0, 2.0, 0.0, 0.0, 4.0, 10.0, -2.0, -2.0, -8.0, -2.0, 4.0, 12.0, -1.0, 5.0, -4.0, -7.0, -7.0, 0.0, -1.0, -1.0, -2.0, -1.0, -3.0, -1.0, -1.0, 4.0, 5.0, 5.0, -2.0, -7.0, 3.0, -1.0, -7.0, -1.0, 4.0, -7.0, 6.0, -1.0, 4.0, 10.0, 4.0, -7.0, -1.0, 13.0, 4.0, 9.0, 0.0, 4.0, -3.0, 4.0, 5.0, 4.0, 4.0, 4.0, -2.0, 5.0, -1.0, 4.0, 3.0, 5.0, 5.0, 3.0, 0.0, 5.0, -2.0, 11.0, 5.0, 11.0, -2.0, -2.0, 5.0, 10.0, -3.0, 5.0, 10.0, -1.0, 3.0, -1.0, -7.0, 5.0, -2.0, 4.0, -2.0, 3.0, 3.0, 1.0, -8.0, -2.0, -10.0, 5.0, 0.0, -3.0, -8.0, 1.0, 8.0, -6.0, 6.0, 3.0, -7.0, -7.0, -2.0, -1.0, -1.0, -1.0, -2.0, -2.0, -2.0, -2.0, -14.0, -7.0, -1.0, -7.0, -1.0, -8.0, 4.0, -2.0, 5.0, -2.0, 5.0, -2.0, 5.0, 4.0, -1.0, -2.0, 4.0, 4.0, 5.0, 4.0, 3.0, -1.0, 4.0, 2.0, 4.0, -2.0, -2.0, -1.0, 9.0, -1.0, -1.0, -8.0, 0.0, 5.0, 2.0, 4.0, -1.0, 5.0, -1.0, 5.0, -8.0, -1.0, -2.0, -1.0, -2.0, -2.0, -10.0, 5.0, -5.0, -1.0, 5.0, 11.0, -1.0, 0.0, -5.0, -2.0, -2.0, 2.0, -2.0, -2.0, -2.0, -8.0, 0.0, -2.0, -7.0, 4.0, -7.0, -1.0, -3.0, -5.0, 4.0, 2.0, -1.0, -2.0, 4.0, 5.0, -4.0, 4.0, -1.0, -1.0, -1.0, 3.0, 9.0, -7.0, 4.0, -2.0, -3.0, -2.0, -2.0, 5.0, 4.0, 4.0, -5.0, -1.0, -1.0, 3.0, -3.0, -1.0, -7.0, 0.0, -1.0, 4.0, 3.0, -5.0, 5.0, 4.0, -1.0, -1.0, 4.0, -3.0, -1.0, -1.0, -2.0, -2.0, 5.0, 5.0, -2.0, 1.0, -7.0, 5.0, 4.0, -2.0, -1.0, 3.0, -1.0, -7.0, -5.0, -2.0, -1.0, -1.0, 5.0, -1.0, 0.0, 4.0, -3.0, -7.0, -2.0, -1.0, -1.0, -2.0, 3.0, -3.0, -2.0, 1.0, 1.0, -3.0, 0.0, -1.0, -8.0, 4.0, 3.0, 1.0, -1.0, -2.0, -7.0, -2.0, -1.0, 3.0, -1.0, -1.0, 5.0, -3.0, 4.0, 0.0, -2.0, -7.0, -7.0, 3.0, 5.0, -1.0, 11.0, 4.0, -1.0, 4.0, -2.0, 0.0, 10.0, 0.0, -7.0, -2.0, -8.0, -2.0, 7.0, -1.0, -1.0, 4.0, 6.0, 5.0, 4.0, 2.0, -1.0, -2.0, 10.0, -4.0, -1.0, -2.0, 4.0, -1.0, -1.0, 0.0, 5.0, -1.0, 2.0, -1.0, -2.0, -1.0, -6.0, 2.0, -1.0, -2.0, 1.0, -2.0, 3.0, -2.0, -2.0, 6.0, -2.0, -2.0, 1.0, -2.0, -2.0, -6.0, 4.0, 1.0, 5.0, -3.0, -3.0, 5.0, 4.0, -6.0, -2.0, -1.0, -1.0, 0.0, -1.0, -3.0, 3.0, 3.0, 1.0, 0.0, 5.0, 1.0, -1.0, -1.0, -2.0, -1.0, 5.0, -3.0, 5.0, -1.0, -12.0, -2.0, -1.0, -1.0, -5.0, -7.0, -1.0, -2.0, -3.0, 6.0, 8.0, -3.0, 0.0, 4.0, 3.0, 5.0, -1.0, 3.0, 4.0, -1.0, 4.0, -1.0, 5.0, -15.0, -7.0, -1.0, -2.0, 1.0, -7.0, 5.0, -1.0, 1.0, -2.0, 6.0, 0.0, -4.0, -1.0, -2.0, 2.0, -2.0, 0.0, -6.0, -8.0, -2.0, 4.0, 4.0, -2.0, 1.0, 1.0, -5.0, 4.0, -1.0, -3.0, 10.0, -2.0, 5.0, 3.0, -1.0, 3.0, 5.0, 4.0, -2.0, -3.0, 4.0, 4.0, -1.0, 3.0, 10.0, -1.0, 2.0, -2.0, 4.0, -2.0, 5.0, -6.0, 5.0, -1.0, -5.0, 4.0, 0.0, 5.0, 0.0, -2.0, -2.0, -8.0, -2.0, -1.0, 5.0, -1.0, 5.0, -2.0, -1.0, -2.0, -2.0, -2.0, -2.0, 10.0, 4.0, 3.0, 3.0, 4.0, 10.0, 4.0, 4.0, -2.0, 0.0, -2.0, -13.0, 4.0, -1.0, 9.0, -2.0, 4.0, 3.0, 4.0, -1.0, -2.0, 5.0, -3.0, -7.0, -2.0, -2.0, -2.0, -7.0, -1.0, -2.0, 0.0, 10.0, 9.0, -1.0, 4.0, -2.0, -2.0, -7.0, 5.0, 11.0, 4.0, 5.0, -1.0, -8.0, 4.0, -2.0, -5.0, 4.0, -1.0, -7.0, -1.0, 4.0, 0.0, -1.0, -1.0, -8.0, -2.0, -1.0, 5.0, 4.0, -9.0, -4.0, -1.0, -14.0, 2.0, -12.0, -2.0, -7.0, 6.0, -1.0, 5.0, -8.0, -7.0, -1.0, -2.0, -4.0, 3.0, -2.0, -7.0, 0.0, 4.0, 5.0, 5.0, 9.0, 5.0, 2.0, -2.0, -1.0, 7.0, -1.0, 3.0, -1.0, 4.0, 4.0, -1.0, -2.0, 5.0, 4.0, -2.0, -2.0, -1.0, 4.0, -1.0, 0.0, -4.0, 3.0, -8.0, 4.0, -5.0, -1.0, -7.0, -2.0, -7.0, -1.0, 3.0, 5.0, -2.0, 5.0, -9.0, 5.0, -2.0, 0.0, -1.0, -5.0, -1.0, -1.0, -14.0, 0.0, 5.0, 11.0, -2.0, 5.0, 5.0, 4.0, 4.0, -1.0, -1.0, 4.0, -2.0, -1.0, -5.0, 4.0, 5.0, 4.0, 2.0, -7.0, -2.0, -2.0, 5.0, 6.0, -1.0, 4.0, 0.0, 5.0, 5.0, -7.0, -6.0, 6.0, 3.0, -7.0, -7.0, -3.0, -7.0, -1.0, 5.0, -6.0, -13.0, 10.0, -1.0, 6.0, 10.0, -1.0, 3.0, -2.0, 0.0, 1.0, -2.0, -3.0, -2.0, 5.0, 5.0, -3.0, -2.0, -6.0, 15.0, 5.0, 3.0, -4.0, 5.0, 0.0, -1.0, 5.0, -2.0, 4.0, -1.0, 5.0, 4.0, -1.0, 4.0, -1.0, 11.0, -2.0, -8.0, -1.0, 8.0, 5.0, 9.0, 2.0, -6.0, 4.0, 3.0, -8.0, -1.0, 11.0, -2.0, -2.0, -20.0, -2.0]",8.191414266461646,0.0033140182495117,0.0,0.0,0
80,80,"[0.46478474, -0.7562804, 0.81106204, 0.6723557, 0.27726433, -0.36264277, -0.197252, 0.2567654, -0.423159, -0.031321153, -0.0416902, 0.004297197, -0.1925952, -0.38315573, -0.66156113, -0.47780278, 0.42218494, -0.1602832, 0.85600746, 0.6687162, 0.14639007, 0.78263646, -0.69573224, 0.41326708, -0.738152, -0.32307842, 0.28712496, 0.06302854, -0.7295451, 0.67422867, 0.98050827, -0.66261137, -0.083665125, 0.7215972, -0.3176065, 0.5706649, 0.14264126, -0.48129228, -0.8509472, 0.04605554, -0.71186185, -0.00864382, -0.48326164, -0.8537486, -0.83641636, -0.9489209, -0.19880785, 0.12933932, 0.97500414, 0.6650952, -0.38416636, 0.27818024, 0.15780984, -0.8055396, 0.14894892, -0.40421182, 0.80263627, 0.927916, -0.3168844, -0.4352918, -0.3388416, -0.7738132, 0.6947338, 0.36379904, -0.42099983, 0.9472974, -0.529131, -0.2875114, -0.031183407, 0.04177246, 0.35585162, -0.45049793, 0.5003749, 0.38373056, 0.8417379, -0.14077336, -0.55230486, 0.023056075, -0.6948058, -0.83164036, -0.88259864, -0.38156596, -0.7347341, 0.39865726, -0.1721783, -0.26044923, 0.12669511, 0.5058936, 0.105149485, -0.42365804, 0.7300944, 0.433281, -0.5661096, -0.21092162, -0.13459632, -0.4013022, 0.6884492, 0.51952636, 0.74692684, -0.8805024, -0.68867517, 0.94213414, -0.92879075, 0.879815, -0.19640148, 0.601244, 0.7194843, -0.27810234, 0.5105272, 0.2493999, -0.4192856, 0.3414316, -0.19795273, 0.22289675, 0.5309069, -0.19046682, -0.017000232, 0.98852795, -0.6628829, -0.5777616, -0.46496844, -0.31568372, -0.5440947, 0.031886026, -0.29803413, -0.14207456, 0.37207964, -0.4131762, 0.19982952, -0.69474727, -0.5013039, 0.090719074, -0.17919078, -0.9747209, -0.47613862, 0.8904515, 0.04840033, 0.17252362, -0.4267663, 0.59141064, -0.61247915, -0.12658738, -0.44885167, -0.20493777, -0.48774347, -0.18189168, 0.6920062, -0.6509493, 0.040938687, -0.5599833, -0.7701007, 0.8892195, -0.018024169, -0.42552412, -0.40035444, 0.7330226, -0.5163653, -0.33306006, -0.11792263, -0.8587078, -0.31020597, 0.9455879, 0.8563962, 0.28106663, -0.93475014, 0.09929632, -0.3048903, 0.8470185, 0.736618, -0.5764387, -0.55600977, -0.240649, -0.22338499, 0.6906949, -0.00081256963, 0.7890623, 0.9819692, -0.14315845, 0.30835387, 0.02147408, 0.83544195, 0.14734572, -0.103781424, -0.118967436, -0.61456776, -0.9340917, -0.37710986, 0.56692606, -0.20985454, -0.9622587, -0.9124675, 0.56879354, -0.4381674, 0.099930584, -0.1356537, 0.17913134, -0.071662575, 0.64230686, 0.4159772, -0.11934121, -0.3400079, -0.06465485, -0.6220759, 0.43834156, 0.6495731, 0.4068063, -0.8926074, -0.36229268, -0.6815287, 0.67703474, -0.5600509, 0.20063461, -0.7912846, 0.566405, -0.29107854, 0.17673081, 0.048944328, -0.78945655, -0.12815629, 0.98549545, 0.2599743, -0.5685309, -0.1473356, 0.5630472, 0.085204154, 0.7087482, -0.77290505, -0.9212293, -0.6890914, 0.17935158, 0.9603598, 0.14141694, 0.24785282, -0.8943179, -0.2423933, 0.5850429, -0.6050037, 0.4770358, -0.77156126, 0.74890935, 0.8375154, 0.15550467, 0.5466777, -0.5519719, 0.032547075, -0.75638413, 0.061393037, -0.58593476, 0.37761125, 0.6762451, -0.25436702, -0.18115544, 0.56856877, -0.94315267, 0.5756476, -0.34950715, 0.3527231, 0.5462661, -0.7097631, 0.64104444, -0.68523437, 0.43423665, -0.9117106, 0.526477, 0.017890519, -0.10011965, 0.8846289, -0.997144, -0.89854044, -0.14573103, -0.6557046, -0.07493543, -0.74805117, 0.77115816, 0.08872696, 0.34494075, 0.42507592, 0.21791245, -0.677964, -0.44829747, -0.85955524, 0.33440575, 0.6126446, -0.18248999, 0.2012982, -0.31574854, 0.6997542, -0.95556056, -0.35598475, -0.47581795, 0.8919443, 0.9530026, -0.053903874, -0.007081127, -0.38702804, 0.020176789, 0.49961308, 0.38614076, -0.74988556, -0.40657592, -0.30976504, -0.48934218, -0.1740096, 0.192682, -0.45555195, 0.0116297025, 0.7775994, -0.68714434, -0.5053431, 0.9664703, -0.7515851, -0.2806288, -0.4538362, 0.6893777, 0.5103337, -0.11194779, -0.9543198, 0.5901479, -0.9264441, -0.84616816, 0.9457179, 0.17657588, 0.252008, 0.8533982, -0.16441268, 0.012309931, 0.91001713, -0.8981536, -0.40561673, -0.96793824, 0.5583456, 0.097491555, 0.18802823, -0.18108833, -0.95628864, 0.32709628, -0.43633544, 0.44019276, 0.2165477, 0.28287917, -0.12139458, -0.0068960977, -0.7094985, -0.80991584, 0.6209759, 0.84038085, 0.6175836, 0.9705775, -0.28372633, 0.44974148, -0.8211885, -0.084145345, 0.38324687, 0.42524245, -0.77822024, -0.60698664, -0.24866262, -0.2564762, -0.099971905, 0.66993004, 0.2866447, 0.34286952, -0.94794023, 0.22963837, 0.6700843, -0.8158819, -0.6867335, 0.35993877, 0.31902432, 0.44452348, -0.51869, 0.8174425, -0.98047674, -0.92684025, -0.1296549, 0.97184837, 0.38305965, 0.61396, 0.6324877, 0.9579913, -0.9443907, 0.34147725, 0.8858336, 0.4492389, -0.7074172, 0.24260728, 0.4083727, 0.61376333, 0.2691421, 0.418619, 0.91611445, 0.42289668, -0.21769728, 0.31088853, 0.4371322, 0.13513856, 0.6251559, 0.99291533, -0.58862406, 0.6123038, -0.48530304, 0.5720418, -0.026313351, -0.027547905, 0.80549765, -0.76786476, 0.7897213, -0.9069219, 0.033925403, -0.080148935, -0.05127215, 0.5474085, -0.5114734, -0.6709174, -0.36386508, -0.63837594, 0.036474716, -0.78077173, -0.7254667, -0.026967522, -0.5755282, 0.67092794, -0.8999059, 0.7156657, 0.51163197, 0.76567864, 0.8136724, -0.74807054, 0.49473256, 0.8882397, -0.5697907, 0.9094238, 0.44288737, -0.110671975, -0.058476035, 0.9771454, 0.16544446, -0.08148071, -0.7475709, 0.40160602, -0.42328227, -0.9163283, 0.6426247, 0.29350072, -0.4535856, 0.29450673, -0.8683296, 0.3226274, -0.8435777, -0.9651081, 0.6460379, -0.013771237, 0.061743826, -0.9937107, 0.55792516, -0.7818581, -0.25028616, -0.33363748, -0.5350469, -0.21422909, -0.76155347, 0.934946, 0.89314395, -0.38039488, -0.26433447, 0.645604, -0.5330205, 0.9610856, -0.44173506, 0.26999968, 0.44322264, 0.9120814, -0.29268932, -0.64097285, -0.7709238, -0.48551008, -0.7116887, -0.9057703, 0.90644234, -0.8536875, -0.28456634, 0.1847635, -0.71245944, -0.22605692, -0.91825753, 0.14458482, 0.039496593, 0.37569478, -0.8125689, 0.49458185, -0.30927297, 0.47567102, -0.7433441, -0.39558318, 0.51566124, -0.08010617, 0.38958412, -0.042803925, 0.28735426, -0.93404967, -0.19810404, 0.33938682, 0.11412945, 0.92781246, 0.62723905, 0.31381768, -0.23741521, 0.85893935, 0.18328418, 0.04319, -0.359457, 0.5900979, -0.5272572, -0.92199546, -0.8019984, 0.25611046, 0.4259933, -0.57573396, 0.81878245, 0.473891, -0.22819513, 0.22389832, -0.83250475, 0.16024145, 0.7970407, -0.37926212, -0.19142304, 0.7454687, -0.051570784, 0.084344074, -0.048495602, 0.8079726, 0.1419036, 0.07774231, -0.96370703, -0.40932256, -0.04286832, 0.7878786, 0.9187568, 0.95885587, -0.5391733, -0.32506543, 0.6097539, 0.19254747, -0.28575265, 0.48745385, -0.58104837, -0.3998238, -0.5169413, 0.21837635, 0.8195186, -0.6749013, -0.32927272, -0.73714095, 0.058157157, -0.1618509, 0.08015898, 0.9313268, 0.044748407, 0.046606734, -0.30803546, 0.12692334, -0.8922384, 0.46456683, -0.2597782, 0.76965904, 0.22097668, 0.6986259, -0.3388657, 0.9438816, -0.20725247, 0.35083288, -0.30014414, -0.26185519, 0.06819621, -0.995991, -0.7001554, -0.61149985, 0.7867657, 0.37803382, -0.18475412, 0.37167475, -0.031684753, 0.42937043, 0.6010349, -0.3918887, 0.47919446, 0.76866937, -0.70764357, 0.17860636, 0.11372022, -0.98317134, -0.23795955, 0.7441759, 0.088479675, 0.2718313, -0.19745101, 0.71345854, 0.25158533, -0.21474227, 0.9686626, 0.06059563, -0.45006847, -0.81275624, -0.997445, -0.6928216, 0.82746637, -0.53870755, 0.80392104, -0.67433125, 0.837372, -0.87141633, -0.326552, -0.742178, -0.56820405, -0.93833196, 0.48162222, 0.5579472, 0.94757766, 0.35780734, 0.815061, -0.12834297, -0.39707866, -0.8323822, -0.2040027, -0.12868994, -0.148914, 0.85768557, -0.9586654, 0.21092887, 0.53761435, 0.32150048, -0.16865869, 0.9529642, 0.14622165, 0.8288792, 0.44557786, -0.07711502, -0.031177614, 0.141952, 0.8584268, 0.59585655, -0.75934196, -0.5159788, 0.084580995, 0.49619323, 0.5578011, -0.43383673, 0.8640717, 0.67110914, 0.70193183, -0.6012413, 0.7910316, -0.22441708, -0.048939656, -0.7607013, -0.2749182, -0.38633758, -0.068189934, 0.21277648, -0.31028596, 0.61365956, 0.31997943, -0.21292071, -0.74404174, 0.6799527, -0.5579076, -0.37521607, -0.35345015, -0.88656026, -0.5200257, -0.74573314, -0.95336354, -0.5424916, 0.92196256, -0.6694214, 0.9759436, 0.92356044, -0.6252887, 0.58224523, -0.37868842, -0.3632668, 0.69655335, 0.893975, -0.9897615, 0.5437008, 0.013005655, -0.56208783, 0.7839667, 0.052864194, 0.9038513, 0.19297582, 0.3434618, -0.43919334, -0.930443, -0.28985167, -0.5194802, 0.34684882, 0.635836, 0.40168792, -0.91134995, 0.8993944, 0.5524312, 0.9987731, 0.4981308, -0.59683377, 0.7764936, -0.6879779, 0.6515332, -0.61230445, 0.5438919, -0.24968147, -0.5149652, -0.65048397, -0.70670915, -0.7244534, 0.3152852, 0.8978551, 0.7841497, -0.8382302, 0.26217094, 0.78227043, 0.76429975, -0.80589217, -0.7520747, -0.9279644, 0.035655808, -0.6256843, 0.4723709, 0.3385643, -0.028415408, 0.23896764, -0.9274429, -0.29940447, -0.29573712, -0.7804959, -0.44393492, 0.45730737, -0.6044213, -0.24380814, 0.98274773, -0.30346948, 0.5628924, -0.9125301, 0.8790929, 0.4191997, -0.16184556, 0.86035156, 0.796891, -0.43016413, 0.49585918, 0.3088293, 0.3734515, 0.57088524, -0.78504676, -0.8201406, 0.07521122, -0.5707239, -0.71513873, 0.18284975, -0.20786262, 0.7578334, -0.98527336, -0.43263075, 0.38086203, -0.9795181, 0.84225243, -0.27184314, -0.3586741, -0.31684297, -0.502094, -0.2626201, 0.58086014, 0.9832722, -0.51136047, -0.045462865, -0.1157231, 0.811124, 0.17480579, -0.036292993, -0.39266875, 0.5294682, -0.00083844794, -0.9305781, 0.36522588, -0.5530497, -0.893038, 0.066008605, 0.05717203, 0.6542369, -0.5125722, -0.6024302, 0.24143083, -0.5381507, 0.71460986, -0.23773639, -0.27084795, -0.7283601, 0.19302809, 0.5093155, 0.64233625, -0.91483235, -0.10615147, 0.10557846, 0.07362011, 0.20278567, -0.42855918, -0.5282721, -0.97636354, -0.229197, -0.35885012, 0.45974717, -0.27582812, 0.8799791, -0.41817507, 0.81591904, -0.67628324, -0.81426454, -0.7449094, -0.30637366, 0.8914919, 0.94544125, 0.9492664, 0.42246878, 0.12234798, 0.23588794, -0.0025952596, 0.77572304, 0.6163744, -0.21949145, -0.53710026, -0.09235376, -0.1659083, -0.49112466, -0.4435154, 0.8764229, 0.36641756, 0.821592, 0.612742, 0.036806352, 0.92024976, 0.8073001, -0.51141787, -0.5439955, 0.22561695, -0.70186335, -0.58600104, -0.33167583, 0.14953788, 0.29843014, -0.5259737, 0.9766061, -0.97795314, -0.024170812, -0.94180423, 0.7234569, 0.088702336, -0.45497295, -0.33809233, 0.56905526, 0.10294654, -0.89060897, -0.8133605, -0.8718573, 0.92005956, -0.76621556, 0.9913336, -0.25351724, -0.20431378, -0.17475604, -0.08125584, 0.88040894, -0.3853991, -0.9657203, -0.24138029, -0.60988885, -0.83671594, 0.37061355, -0.9956189, 0.2229316, 0.97042656, 0.9708325, -0.6424427, -0.8630624, 0.9626478, -0.4784304, 0.6098909, -0.08034192, -0.15657803, 0.8864559, 0.29264367, -0.085647345, -0.7876523, -0.46978712, 0.09678467, -0.9253048, -0.8746811, 0.98640865, 0.90312743, 0.046972293, -0.8095244, 0.20343322, -0.09359807, 0.26908684, 0.09253164, 0.7728026, 0.5688657, 0.108834684, -0.66032857, 0.38074574, 0.9684609, -0.5639982, -0.056205712, 0.513473, 0.22622223, -0.6340925, -0.22466251, -0.7434554, -0.92887527, 0.47105414, -0.6794961, -0.9152574, 0.7546027, -0.4067764, -0.85379905, 0.7404894, 0.6857439, 0.07691217, 0.89523333, 0.65862536, 0.12317457, 0.7166019, 0.2611473, -0.1655254, -0.93131226, -0.26387835, -0.48996243, 0.67354053, 0.51527214, -0.025650678, 0.054136515, -0.21747299, -0.55905324, -0.29458675, -0.53452986, 0.8612494, -0.08461469, -0.86662245, -0.4440731, 0.17310677, -0.40453058, -0.12998392, 0.51483786, 0.29386047, -0.55528384, 0.9014656, 0.51613075, 0.44720677, -0.27423847, 0.923436, 0.027645417, -0.08418455, -0.37352803, 0.086176455, 0.6272438, 0.73577034, 0.041135363, -0.54186773, -0.123586446, 0.1503676, -0.07527071, 0.51315844, 0.49655452, 0.34401917, -0.6562075, 0.1794621, 0.13081552, -0.16997615, -0.22795603, -0.33940867, -0.09173382, -0.9585932, -0.11403898, -0.83089936, -0.116041526, 0.9087863, -0.019683255, -0.6368552, -0.026617125, -0.33319762, -0.06271816, 0.3217444, 0.4979101, -0.051857732, 0.4427762, -0.42266506, -0.8215808, 0.398341, -0.78037125, 0.34901068]","[-7.0, 4.0, 4.0, -2.0, -1.0, 4.0, -1.0, 2.0, -2.0, -3.0, -2.0, -1.0, 4.0, -2.0, 4.0, -2.0, -2.0, -3.0, -7.0, -1.0, -8.0, -2.0, -2.0, -7.0, 5.0, 10.0, -7.0, -8.0, 3.0, -7.0, -14.0, 4.0, -2.0, 4.0, 5.0, 3.0, 4.0, -6.0, -7.0, -7.0, 0.0, 5.0, -1.0, -4.0, 1.0, 5.0, 3.0, -7.0, -3.0, -2.0, 5.0, 3.0, 5.0, -1.0, 1.0, 1.0, -1.0, -2.0, 0.0, 4.0, 3.0, 4.0, -2.0, 0.0, 3.0, 4.0, -7.0, -3.0, -2.0, 5.0, 5.0, 2.0, -1.0, 4.0, -6.0, 3.0, 4.0, -3.0, -1.0, 6.0, -2.0, -6.0, -1.0, -7.0, 6.0, 10.0, -1.0, -1.0, 0.0, 4.0, -1.0, 6.0, -1.0, 10.0, -2.0, 4.0, 4.0, -3.0, -6.0, -4.0, -1.0, -1.0, 1.0, -1.0, -8.0, 5.0, 1.0, 3.0, 5.0, -3.0, -2.0, -7.0, -7.0, -2.0, 4.0, -8.0, 5.0, -7.0, 5.0, -3.0, 5.0, 5.0, 0.0, 4.0, -2.0, 3.0, -1.0, 4.0, 3.0, -2.0, 5.0, -1.0, -4.0, -7.0, -2.0, -8.0, -1.0, -8.0, 3.0, 4.0, 4.0, 5.0, -2.0, 4.0, 5.0, 4.0, -8.0, 0.0, -7.0, 4.0, -10.0, 5.0, -3.0, 0.0, -2.0, -7.0, 4.0, 4.0, 4.0, -1.0, -3.0, 4.0, 5.0, 3.0, -13.0, -1.0, -7.0, 4.0, -9.0, -5.0, 3.0, -1.0, 5.0, 3.0, 1.0, -2.0, -2.0, -2.0, -3.0, 0.0, 3.0, -2.0, -2.0, -5.0, -2.0, -2.0, 5.0, -6.0, 2.0, 10.0, -3.0, -2.0, 4.0, -4.0, -2.0, 0.0, -2.0, -8.0, -2.0, -2.0, -8.0, -2.0, -2.0, 5.0, -1.0, 5.0, -1.0, -3.0, -1.0, -1.0, 5.0, 4.0, -2.0, 4.0, 1.0, -8.0, 4.0, 4.0, -2.0, -3.0, 4.0, -7.0, -3.0, -7.0, 8.0, 5.0, 4.0, -3.0, 0.0, 4.0, -7.0, 0.0, 5.0, -2.0, 0.0, 4.0, 4.0, 4.0, -1.0, 3.0, 1.0, -1.0, -6.0, 3.0, 2.0, 0.0, 4.0, -5.0, -2.0, 6.0, -2.0, -5.0, -2.0, -1.0, -2.0, -4.0, -1.0, -4.0, -2.0, -2.0, -2.0, 5.0, -7.0, -2.0, 4.0, -1.0, -7.0, 1.0, -7.0, 5.0, 4.0, -1.0, -1.0, -6.0, 6.0, -1.0, 5.0, -2.0, -4.0, -7.0, 4.0, -1.0, 0.0, -1.0, -1.0, 12.0, 0.0, -1.0, 4.0, 4.0, -1.0, -2.0, -8.0, -2.0, -2.0, -1.0, -7.0, -1.0, -3.0, -2.0, 4.0, 3.0, 4.0, -1.0, -1.0, 0.0, -3.0, 4.0, 0.0, -2.0, 3.0, 3.0, -6.0, -1.0, -2.0, 0.0, 1.0, -1.0, 5.0, 4.0, -1.0, -8.0, -1.0, 3.0, 6.0, 1.0, -7.0, 4.0, 5.0, 2.0, 0.0, 0.0, 4.0, 10.0, -2.0, -2.0, -8.0, -2.0, 4.0, 12.0, -1.0, 5.0, -4.0, -7.0, -7.0, 0.0, -1.0, -1.0, -2.0, -1.0, -3.0, -1.0, -1.0, 4.0, 5.0, 5.0, -2.0, -7.0, 3.0, -1.0, -7.0, -1.0, 4.0, -7.0, 6.0, -1.0, 4.0, 10.0, 4.0, -7.0, -1.0, 13.0, 4.0, 9.0, 0.0, 4.0, -3.0, 4.0, 5.0, 4.0, 4.0, 4.0, -2.0, 5.0, -1.0, 4.0, 3.0, 5.0, 5.0, 3.0, 0.0, 5.0, -2.0, 11.0, 5.0, 11.0, -2.0, -2.0, 5.0, 10.0, -3.0, 5.0, 10.0, -1.0, 3.0, -1.0, -7.0, 5.0, -2.0, 4.0, -2.0, 3.0, 3.0, 1.0, -8.0, -2.0, -10.0, 5.0, 0.0, -3.0, -8.0, 1.0, 8.0, -6.0, 6.0, 3.0, -7.0, -7.0, -2.0, -1.0, -1.0, -1.0, -2.0, -2.0, -2.0, -2.0, -14.0, -7.0, -1.0, -7.0, -1.0, -8.0, 4.0, -2.0, 5.0, -2.0, 5.0, -2.0, 5.0, 4.0, -1.0, -2.0, 4.0, 4.0, 5.0, 4.0, 3.0, -1.0, 4.0, 2.0, 4.0, -2.0, -2.0, -1.0, 9.0, -1.0, -1.0, -8.0, 0.0, 5.0, 2.0, 4.0, -1.0, 5.0, -1.0, 5.0, -8.0, -1.0, -2.0, -1.0, -2.0, -2.0, -10.0, 5.0, -5.0, -1.0, 5.0, 11.0, -1.0, 0.0, -5.0, -2.0, -2.0, 2.0, -2.0, -2.0, -2.0, -8.0, 0.0, -2.0, -7.0, 4.0, -7.0, -1.0, -3.0, -5.0, 4.0, 2.0, -1.0, -2.0, 4.0, 5.0, -4.0, 4.0, -1.0, -1.0, -1.0, 3.0, 9.0, -7.0, 4.0, -2.0, -3.0, -2.0, -2.0, 5.0, 4.0, 4.0, -5.0, -1.0, -1.0, 3.0, -3.0, -1.0, -7.0, 0.0, -1.0, 4.0, 3.0, -5.0, 5.0, 4.0, -1.0, -1.0, 4.0, -3.0, -1.0, -1.0, -2.0, -2.0, 5.0, 5.0, -2.0, 1.0, -7.0, 5.0, 4.0, -2.0, -1.0, 3.0, -1.0, -7.0, -5.0, -2.0, -1.0, -1.0, 5.0, -1.0, 0.0, 4.0, -3.0, -7.0, -2.0, -1.0, -1.0, -2.0, 3.0, -3.0, -2.0, 1.0, 1.0, -3.0, 0.0, -1.0, -8.0, 4.0, 3.0, 1.0, -1.0, -2.0, -7.0, -2.0, -1.0, 3.0, -1.0, -1.0, 5.0, -3.0, 4.0, 0.0, -2.0, -7.0, -7.0, 3.0, 5.0, -1.0, 11.0, 4.0, -1.0, 4.0, -2.0, 0.0, 10.0, 0.0, -7.0, -2.0, -8.0, -2.0, 7.0, -1.0, -1.0, 4.0, 6.0, 5.0, 4.0, 2.0, -1.0, -2.0, 10.0, -4.0, -1.0, -2.0, 4.0, -1.0, -1.0, 0.0, 5.0, -1.0, 2.0, -1.0, -2.0, -1.0, -6.0, 2.0, -1.0, -2.0, 1.0, -2.0, 3.0, -2.0, -2.0, 6.0, -2.0, -2.0, 1.0, -2.0, -2.0, -6.0, 4.0, 1.0, 5.0, -3.0, -3.0, 5.0, 4.0, -6.0, -2.0, -1.0, -1.0, 0.0, -1.0, -3.0, 3.0, 3.0, 1.0, 0.0, 5.0, 1.0, -1.0, -1.0, -2.0, -1.0, 5.0, -3.0, 5.0, -1.0, -12.0, -2.0, -1.0, -1.0, -5.0, -7.0, -1.0, -2.0, -3.0, 6.0, 8.0, -3.0, 0.0, 4.0, 3.0, 5.0, -1.0, 3.0, 4.0, -1.0, 4.0, -1.0, 5.0, -15.0, -7.0, -1.0, -2.0, 1.0, -7.0, 5.0, -1.0, 1.0, -2.0, 6.0, 0.0, -4.0, -1.0, -2.0, 2.0, -2.0, 0.0, -6.0, -8.0, -2.0, 4.0, 4.0, -2.0, 1.0, 1.0, -5.0, 4.0, -1.0, -3.0, 10.0, -2.0, 5.0, 3.0, -1.0, 3.0, 5.0, 4.0, -2.0, -3.0, 4.0, 4.0, -1.0, 3.0, 10.0, -1.0, 2.0, -2.0, 4.0, -2.0, 5.0, -6.0, 5.0, -1.0, -5.0, 4.0, 0.0, 5.0, 0.0, -2.0, -2.0, -8.0, -2.0, -1.0, 5.0, -1.0, 5.0, -2.0, -1.0, -2.0, -2.0, -2.0, -2.0, 10.0, 4.0, 3.0, 3.0, 4.0, 10.0, 4.0, 4.0, -2.0, 0.0, -2.0, -13.0, 4.0, -1.0, 9.0, -2.0, 4.0, 3.0, 4.0, -1.0, -2.0, 5.0, -3.0, -7.0, -2.0, -2.0, -2.0, -7.0, -1.0, -2.0, 0.0, 10.0, 9.0, -1.0, 4.0, -2.0, -2.0, -7.0, 5.0, 11.0, 4.0, 5.0, -1.0, -8.0, 4.0, -2.0, -5.0, 4.0, -1.0, -7.0, -1.0, 4.0, 0.0, -1.0, -1.0, -8.0, -2.0, -1.0, 5.0, 4.0, -9.0, -4.0, -1.0, -14.0, 2.0, -12.0, -2.0, -7.0, 6.0, -1.0, 5.0, -8.0, -7.0, -1.0, -2.0, -4.0, 3.0, -2.0, -7.0, 0.0, 4.0, 5.0, 5.0, 9.0, 5.0, 2.0, -2.0, -1.0, 7.0, -1.0, 3.0, -1.0, 4.0, 4.0, -1.0, -2.0, 5.0, 4.0, -2.0, -2.0, -1.0, 4.0, -1.0, 0.0, -4.0, 3.0, -8.0, 4.0, -5.0, -1.0, -7.0, -2.0, -7.0, -1.0, 3.0, 5.0, -2.0, 5.0, -9.0, 5.0, -2.0, 0.0, -1.0, -5.0, -1.0, -1.0, -14.0, 0.0, 5.0, 11.0, -2.0, 5.0, 5.0, 4.0, 4.0, -1.0, -1.0, 4.0, -2.0, -1.0, -5.0, 4.0, 5.0, 4.0, 2.0, -7.0, -2.0, -2.0, 5.0, 6.0, -1.0, 4.0, 0.0, 5.0, 5.0, -7.0, -6.0, 6.0, 3.0, -7.0, -7.0, -3.0, -7.0, -1.0, 5.0, -6.0, -13.0, 10.0, -1.0, 6.0, 10.0, -1.0, 3.0, -2.0, 0.0, 1.0, -2.0, -3.0, -2.0, 5.0, 5.0, -3.0, -2.0, -6.0, 15.0, 5.0, 3.0, -4.0, 5.0, 0.0, -1.0, 5.0, -2.0, 4.0, -1.0, 5.0, 4.0, -1.0, 4.0, -1.0, 11.0, -2.0, -8.0, -1.0, 8.0, 5.0, 9.0, 2.0, -6.0, 4.0, 3.0, -8.0, -1.0, 11.0, -2.0, -2.0, -20.0, -2.0]",8.191414266461646,0.0035245418548583,0.0,0.0,0
81,81,"[-0.9794721, -0.09851547, 0.36114457, 0.6993248, 0.23820981, 0.28959137, -0.8406099, 0.78406936, -0.712303, 0.9029645, -0.72659737, -0.63263494, 0.84907436, -0.359899, -0.9661599, 0.54464394, 0.1425619, 0.563667, -0.8035278, 0.75520384, -0.09579566, -0.08117448, 0.05598272, 0.08159234, 0.55585146, 0.9402218, 0.96595573, 0.41613507, 0.7968987, -0.6311936, 0.6178957, -0.3654824, -0.392206, 0.5915143, -0.5341594, -0.14949155, 0.3774665, -0.23131812, -0.7639834, 0.82393616, -0.40860346, -0.0788322, 0.13149886, -0.6756028, 0.06596008, 0.7836118, -0.5112905, -0.8592698, 0.046830166, -0.12239539, -0.64002365, -0.55266434, 0.9693583, 0.8486487, 0.5674876, 0.9587317, -0.7853064, 0.034213655, -0.2815756, 0.7169783, 0.13326536, 0.3840819, -0.854013, 0.786238, 0.22749323, -0.6306264, 0.38674018, -0.7403438, 0.12338513, 0.76519287, -0.5701053, -0.7127605, -0.20687127, -0.3682868, 0.31739923, 0.5138155, -0.35161486, -0.30961323, -0.28690678, 0.63846344, -0.759513, 0.8445054, -0.84425974, -0.9880384, 0.2011637, 0.52849483, -0.8231627, -0.73134804, 0.68821603, 0.54017884, 0.09314248, 0.5063489, -0.6323553, 0.13439962, -0.45729646, 0.8740473, 0.97675663, 0.72156674, -0.5428029, 0.35715717, -0.5813903, 0.370664, 0.3323948, -0.23503573, 0.43655917, 0.30004805, 0.24936366, 0.8335316, -0.08186435, 0.3198196, -0.5198116, -0.4084847, 0.89382243, 0.018831303, 0.842882, 0.612638, -0.3598797, 0.52026373, -0.4184767, 0.38261443, 0.8614591, -0.48079512, -0.03821807, 0.23940851, -0.9023899, -0.6457012, -0.6146002, 0.9851225, 0.93448323, 0.9673973, 0.3318379, -0.3035241, -0.7551548, -0.67255086, -0.11833719, 0.33006182, 0.540798, -0.60818726, 0.5170107, -0.03051701, -0.60297585, 0.24288318, 0.8896049, 0.8373691, 0.3785823, 0.47771212, 0.120935105, -0.5934429, 0.075387664, 0.6999176, 0.37673482, -0.06064399, 0.5596897, 0.884328, -0.6437902, 0.4120013, -0.9812449, 0.039361484, -0.4035267, 0.5344442, 0.2945572, 0.22440502, -0.8545336, 0.57191396, -0.06417546, -0.65614444, 0.055771146, 0.30337372, -0.8097381, -0.9492846, -0.47480452, 0.6361167, 0.6972184, -0.23030497, -0.29322094, -0.114476964, -0.71161044, 0.84683126, -0.5610446, 0.09875994, 0.67581487, -0.46778032, 0.4207489, -0.4448688, -0.22839625, -0.6278841, 0.08044333, 0.8145026, -0.72176546, 0.5175822, 0.9714329, 0.5349791, 0.8144763, 0.25698993, -0.5479463, 0.1365828, 0.4312485, -0.30715504, -0.23795775, -0.6094258, -0.93213665, -0.398955, -0.80688953, 0.4764496, -0.43546897, 0.9347995, 0.24676043, 0.28467235, 0.00088826724, 0.6453293, 0.49778828, -0.3838014, -0.47487557, 0.04869697, 0.46514937, -0.97925895, 0.48467088, 0.39620668, -0.22255792, -0.23423012, 0.7894918, -0.23146003, -0.14261417, 0.580463, -0.51476496, -0.559614, 0.16865338, -0.632668, -0.16205378, -0.15672445, -0.01705175, -0.54827124, -0.9562915, 0.5048884, -0.088056274, 0.23499088, -0.7722927, 0.43344656, 0.4448333, -0.32239962, -0.06815271, 0.40294707, -0.86870813, -0.121802956, 0.02316368, -0.72387785, -0.67279, -0.81091976, -0.57538885, 0.100434326, -0.8521977, -0.02608869, -0.07356713, -0.8908829, -0.06965317, 0.7095527, -0.5122389, -0.73710567, 0.3666313, -0.6582298, -0.9919354, 0.4719435, 0.45498514, 0.40941098, 0.45742786, 0.41452608, -0.18417467, -0.09798413, 0.6379414, 0.87198114, 0.5234385, 0.3855794, 0.27555057, -0.0011132599, 0.56352186, -0.63858736, 0.7901323, 0.6915319, 0.79075927, 0.70514077, -0.97455525, 0.44621876, -0.50528145, -0.6847588, 0.56283474, 0.83904743, -0.35210842, -0.11189217, 0.8029972, 0.9761074, 0.2779788, 0.84940004, -0.5791623, 0.6937599, 0.7309757, 0.6466287, 0.2793706, 0.21150264, -0.1313486, -0.94013876, -0.557501, -0.98300534, 0.2335193, 0.5907059, 0.7463035, 0.032517143, 0.20636995, 0.6579741, 0.81296766, 0.71642816, 0.33704934, -0.92663586, 0.7182766, -0.89741784, 0.607312, 0.94216955, -0.5632253, -0.9296498, 0.48671103, -0.6660965, -0.62302756, 0.3280536, 0.12368389, -0.060489323, -0.22521012, 0.6382601, 0.6737987, -0.88647765, 0.21333638, -0.8636773, -0.5348918, 0.28579423, -0.042251896, -0.2966326, -0.74195075, -0.7017104, -0.88129336, 0.3019684, 0.10312227, 0.24226807, -0.81501895, 0.7903999, 0.33623412, 0.023124034, 0.20236303, 0.63082236, 0.39836267, -0.17543215, -0.29591373, -0.43478465, -0.46752656, -0.85309833, -0.9684407, -0.5122291, 0.39150688, -0.35456404, 0.9474614, -0.7166421, 0.23873425, 0.71645814, -0.085828386, -0.9792796, -0.13263641, 0.7374506, -0.07089792, 0.94356734, -0.42923868, 0.54899794, -0.7215975, -0.5538582, -0.85044324, -0.10388134, -0.40613204, -0.20985448, -0.86050135, 0.37397838, -0.9872412, -0.68728685, 0.48347333, -0.9174799, 0.13718769, 0.67793506, -0.99140817, 0.4129872, -0.9823813, 0.96623456, -0.831321, 0.60181546, -0.26189464, -0.62318164, -0.4627205, -0.751261, -0.10138178, 0.9805383, -0.73263747, -0.45053592, -0.7185931, 0.4799637, -0.25284916, -0.46009713, -0.8036124, -0.051971912, -0.41232097, 0.24419358, -0.879898, -0.92817414, 0.21234931, -0.8109529, -0.1862978, -0.50246185, -0.17896132, 0.7535505, -0.993688, -0.24734518, -0.043339133, -0.99758434, -0.75771046, 0.36570835, 0.018927617, 0.93519604, -0.5067134, -0.1532102, 0.1057352, 0.4521451, 0.759278, -0.042160667, 0.9054742, 0.98111945, -0.22748712, -0.88627917, -0.6742356, 0.62778616, -0.12887472, -0.36329725, 0.956655, 0.3169419, 0.12511712, 0.17566083, -0.985832, -0.7833663, 0.01659951, 0.5779257, 0.7195476, -0.25276598, 0.41268614, 0.6102157, 0.3910573, 0.36507517, -0.87422514, 0.09684046, 0.4899849, -0.25907683, -0.75355214, 0.67161196, 0.2902832, 0.1882314, -0.080104835, -0.12115977, -0.1024924, 0.18792915, 0.75976527, -0.04746129, -0.598337, 0.57335234, -0.29442382, -0.1263175, 0.16447927, -0.87815684, -0.66545975, -0.3503321, 0.11924049, -0.7797911, -0.43715543, -0.24087399, 0.7348232, 0.43986437, -0.13149592, -0.5919556, -0.9276143, -0.2543498, -0.019787062, -0.4690497, 0.13744944, 0.9223061, -0.93155617, 0.8841293, 0.99319315, -0.18144311, -0.3641968, 0.9331982, 0.61640745, 0.7875198, -0.8700095, 0.3752019, 0.29205334, 0.20713764, -0.5240359, 0.66595674, -0.83754504, -0.3859174, -0.009247643, 0.3474524, 0.47527856, -0.78309965, 0.81193274, 0.34459445, -0.17881465, 0.10939735, -0.24055211, 0.8250001, -0.0402441, 0.28384936, 0.89640987, -0.06316434, -0.14441508, -0.23861231, -0.16653576, 0.01989196, -0.80322695, -0.9830986, -0.50063616, 0.65646094, 0.77428865, 0.9700597, -0.28479692, -0.96216404, -0.023343107, -0.8060319, -0.5935619, -0.8601494, 0.8143264, -0.88298136, 0.6453002, 0.16653529, -0.2652074, 0.8428528, 0.18045472, 0.3627715, 0.03299398, 0.46565077, -0.73469514, 0.5551141, 0.27769092, 0.54690677, -0.27927715, -0.40915003, -0.6378804, 0.1728824, -0.30585736, 0.05714741, -0.71052814, 0.0020188307, 0.20267569, 0.78106785, -0.63748026, 0.6831587, 0.6819032, -0.40201175, 0.041175958, 0.09366147, 0.21424113, 0.24577805, -0.9048533, -0.30849636, 0.11674549, -0.6532647, 0.6514807, -0.17568529, -0.2109635, 0.90701437, 0.66865283, -0.2354456, -0.5138188, 0.7031211, -0.66832423, 0.121814944, -0.040435184, -0.759874, 0.8331919, 0.006420617, -0.86332655, -0.12911154, -0.23132113, -0.5373565, 0.31141305, 0.48245463, 0.74514073, -0.14728418, 0.6408918, -0.9110481, -0.0055931606, 0.6779313, -0.2612814, -0.17322516, -0.9319598, 0.7084777, 0.27983513, 0.8072571, 0.12810533, -0.7074252, 0.61180204, 0.37345338, -0.62032855, -0.695032, -0.27823287, 0.94738877, -0.9265859, -0.14500628, -0.84314567, 0.48685208, -0.29309455, 0.9658159, 0.60487765, -0.4034864, 0.44934, 0.80503654, 0.27222553, 0.1959608, 0.92370856, 0.27214497, 0.9234234, 0.48882583, 0.41247717, -0.6448422, -0.8740173, -0.50408024, 0.10383284, -0.40869576, 0.42048728, 0.36514392, -0.16436735, 0.9198979, -0.54096663, 0.06311536, -0.30052146, -0.8774272, 0.7257867, -0.4869317, 0.030111013, 0.82667315, -0.4069228, -0.88810563, 0.36166012, 0.11983828, 0.033275105, -0.080855615, 0.98366165, -0.83630824, 0.27093214, 0.90235734, 0.018449033, -0.7292547, 0.420429, 0.3852486, 0.08282463, 0.5032741, -0.5201179, -0.4136252, 0.25199407, -0.38202924, -0.9607018, 0.81737, 0.36464614, -0.91711897, -0.58388484, 0.16398701, -0.2967962, -0.7374876, 0.93533975, -0.10753412, -0.82066244, 0.930314, 0.9039111, -0.9962111, -0.6610348, 0.055775438, 0.99094254, 0.6537572, 0.19258277, 0.35647288, 0.008594638, 0.14268255, 0.8427306, -0.3137619, 0.095576994, 0.13780557, -0.25236055, -0.79347986, 0.5431292, 0.05162452, 0.48006606, 0.03338375, -0.8234408, -0.38820985, 0.01153279, 0.57432693, -0.105387196, -0.76895803, 0.37652677, 0.19933015, 0.68477833, -0.8526187, 0.58237386, 0.30544487, 0.013085355, -0.31138003, 0.11890122, -0.8562645, -0.7385787, 0.7545103, -0.78210926, 0.55267185, 0.31912518, -0.9090624, -0.58107203, -0.5210011, 0.57229006, -0.3428647, 0.8911155, -0.6434062, -0.8793039, 0.951282, -0.765875, -0.24696368, -0.62277174, -0.6334174, 0.95839393, -0.83107865, 0.8351126, 0.54704875, -0.69422436, 0.51071715, 0.4650126, -0.32537276, 0.391246, -0.37995264, 0.1858069, 0.35762262, 0.62153625, -0.20541713, 0.054062575, 0.8235446, -0.8881133, 0.045351267, 0.62808454, 0.4939206, 0.93944114, 0.9363806, -0.06881743, -0.9102662, 0.7252865, 0.11772574, 0.6910712, -0.30512553, -0.4956308, -0.67312133, -0.43439233, 0.3507021, -0.29467246, -0.5951237, 0.87256485, -0.05258947, -0.37543708, -0.5176316, 0.014571031, 0.027422594, -0.82261735, 0.08359148, 0.8784359, 0.39586726, 0.54562396, 0.09903036, -0.8236893, -0.7664637, 0.87845296, 0.5422404, -0.27576992, -0.4226538, 0.5027674, 0.044003118, -0.52136165, 0.91375375, -0.53302836, 0.41600993, -0.865396, -0.47808042, -0.73681766, -0.17773697, -0.9196156, 0.48833647, 0.18402642, 0.7503951, -0.101847254, 0.5836826, -0.18513845, -0.8635889, -0.9359316, 0.87850326, 0.00825273, -0.7675462, -0.06944682, -0.024247063, -0.84830356, 0.780431, -0.35130012, -0.38912335, 0.5552023, 0.5547362, -0.009734079, 0.59551406, -0.9061937, 0.4171966, -0.83339244, 0.09046935, -0.2821574, -0.47376418, -0.8000222, -0.69981974, 0.91922915, -0.8502416, 0.6988275, -0.07154932, -0.18262869, -0.34789315, -0.06669249, -0.11808587, 0.5945107, 0.949439, -0.94527245, -0.43320748, -0.48386675, -0.8765376, -0.43733412, -0.630048, 0.040151242, -0.97604275, 0.92987263, -0.8313938, -0.29418653, 0.36195448, -0.047473058, 0.9102213, -0.4029165, -0.72849363, 0.10842993, -0.5550048, 0.9631059, 0.2998727, 0.39623982, -0.27259338, 0.8477896, -0.5331028, 0.56974477, 0.79244006, -0.88325447, 0.8904285, -0.6981748, 0.040797684, 0.8536969, -0.9058326, 0.69860566, -0.6474726, 0.70192647, 0.9725399, 0.88247603, -0.27804187, 0.46812466, 0.896114, 0.27429438, -0.88882077, 0.50490326, -0.19773652, -0.51759255, -0.33325946, -0.61688876, -0.62782747, 0.266961, -0.049078073, 0.341478, 0.92310953, -0.5744669, -0.5842385, 0.3400143, 0.93725324, 0.7813497, 0.37551555, -0.11359349, 0.6738246, 0.52147937, 0.73594034, 0.6765954, 0.7698651, -0.4607018, -0.55550957, -0.6739369, 0.19136791, -0.66439426, -0.9983513, -0.33591387, 0.45576042, -0.270181, -0.6427224, 0.92916816, -0.31923813, -0.16782051, -0.43591267, -0.12616849, -0.72187114, 0.96295434, -0.13317958, -0.38027865, 0.14131136, 0.24462155, 0.5723767, -0.19976766, 0.3733932, 0.07454366, -0.86003697, 0.37806758, 0.91022044, 0.95626056, 0.6091487, -0.6124481, -0.94171715, 0.7310972, -0.3193718, -0.06389477, -0.4279147, -0.90968066, 0.9952207, -0.1853893, -0.61432683, -0.12982091, 0.49157482, 0.026699113, 0.88337696, 0.866663, -0.6233181, -0.94302106, -0.081108786, 0.6558347, 0.7262327, -0.4785058, 0.54425496, 0.20292036, -0.9551996, -0.7021186, 0.17653167, -0.40287524, 0.25822845, 0.70784515, 0.39203802, 0.38436997, -0.62359184, -0.14986904, -0.7539131, -0.5800106, 0.30821922, -0.08552395, 0.088308156, 0.6703769, 0.51822, -0.4833268, 0.45271638, 0.44328946, -0.94026136, 0.7721397, -0.1968465, -0.13154697, -0.4560559, 0.3625136, 0.17117642, 0.15948364, -0.56523937, 0.09476978, 0.97563493, -0.79683226, -0.8166444, 0.50527555, 0.8864227, 0.17831795, -0.8022446, 0.6880029, -0.29035506, -0.72392666, -0.6899776, 0.4975499, 0.56258714, 0.5933735, 0.048071936, -0.2903439, 0.4693019, -0.97794646, 0.2661409, 0.56364244, 0.6806388, 0.59905523, -0.51844215, -0.86772805, -0.9140471]","[-7.0, 4.0, 4.0, -2.0, -1.0, 4.0, -1.0, 2.0, -2.0, -3.0, -2.0, -1.0, 4.0, -2.0, 4.0, -2.0, -2.0, -3.0, -7.0, -1.0, -8.0, -2.0, -2.0, -7.0, 5.0, 10.0, -7.0, -8.0, 3.0, -7.0, -14.0, 4.0, -2.0, 4.0, 5.0, 3.0, 4.0, -6.0, -7.0, -7.0, 0.0, 5.0, -1.0, -4.0, 1.0, 5.0, 3.0, -7.0, -3.0, -2.0, 5.0, 3.0, 5.0, -1.0, 1.0, 1.0, -1.0, -2.0, 0.0, 4.0, 3.0, 4.0, -2.0, 0.0, 3.0, 4.0, -7.0, -3.0, -2.0, 5.0, 5.0, 2.0, -1.0, 4.0, -6.0, 3.0, 4.0, -3.0, -1.0, 6.0, -2.0, -6.0, -1.0, -7.0, 6.0, 10.0, -1.0, -1.0, 0.0, 4.0, -1.0, 6.0, -1.0, 10.0, -2.0, 4.0, 4.0, -3.0, -6.0, -4.0, -1.0, -1.0, 1.0, -1.0, -8.0, 5.0, 1.0, 3.0, 5.0, -3.0, -2.0, -7.0, -7.0, -2.0, 4.0, -8.0, 5.0, -7.0, 5.0, -3.0, 5.0, 5.0, 0.0, 4.0, -2.0, 3.0, -1.0, 4.0, 3.0, -2.0, 5.0, -1.0, -4.0, -7.0, -2.0, -8.0, -1.0, -8.0, 3.0, 4.0, 4.0, 5.0, -2.0, 4.0, 5.0, 4.0, -8.0, 0.0, -7.0, 4.0, -10.0, 5.0, -3.0, 0.0, -2.0, -7.0, 4.0, 4.0, 4.0, -1.0, -3.0, 4.0, 5.0, 3.0, -13.0, -1.0, -7.0, 4.0, -9.0, -5.0, 3.0, -1.0, 5.0, 3.0, 1.0, -2.0, -2.0, -2.0, -3.0, 0.0, 3.0, -2.0, -2.0, -5.0, -2.0, -2.0, 5.0, -6.0, 2.0, 10.0, -3.0, -2.0, 4.0, -4.0, -2.0, 0.0, -2.0, -8.0, -2.0, -2.0, -8.0, -2.0, -2.0, 5.0, -1.0, 5.0, -1.0, -3.0, -1.0, -1.0, 5.0, 4.0, -2.0, 4.0, 1.0, -8.0, 4.0, 4.0, -2.0, -3.0, 4.0, -7.0, -3.0, -7.0, 8.0, 5.0, 4.0, -3.0, 0.0, 4.0, -7.0, 0.0, 5.0, -2.0, 0.0, 4.0, 4.0, 4.0, -1.0, 3.0, 1.0, -1.0, -6.0, 3.0, 2.0, 0.0, 4.0, -5.0, -2.0, 6.0, -2.0, -5.0, -2.0, -1.0, -2.0, -4.0, -1.0, -4.0, -2.0, -2.0, -2.0, 5.0, -7.0, -2.0, 4.0, -1.0, -7.0, 1.0, -7.0, 5.0, 4.0, -1.0, -1.0, -6.0, 6.0, -1.0, 5.0, -2.0, -4.0, -7.0, 4.0, -1.0, 0.0, -1.0, -1.0, 12.0, 0.0, -1.0, 4.0, 4.0, -1.0, -2.0, -8.0, -2.0, -2.0, -1.0, -7.0, -1.0, -3.0, -2.0, 4.0, 3.0, 4.0, -1.0, -1.0, 0.0, -3.0, 4.0, 0.0, -2.0, 3.0, 3.0, -6.0, -1.0, -2.0, 0.0, 1.0, -1.0, 5.0, 4.0, -1.0, -8.0, -1.0, 3.0, 6.0, 1.0, -7.0, 4.0, 5.0, 2.0, 0.0, 0.0, 4.0, 10.0, -2.0, -2.0, -8.0, -2.0, 4.0, 12.0, -1.0, 5.0, -4.0, -7.0, -7.0, 0.0, -1.0, -1.0, -2.0, -1.0, -3.0, -1.0, -1.0, 4.0, 5.0, 5.0, -2.0, -7.0, 3.0, -1.0, -7.0, -1.0, 4.0, -7.0, 6.0, -1.0, 4.0, 10.0, 4.0, -7.0, -1.0, 13.0, 4.0, 9.0, 0.0, 4.0, -3.0, 4.0, 5.0, 4.0, 4.0, 4.0, -2.0, 5.0, -1.0, 4.0, 3.0, 5.0, 5.0, 3.0, 0.0, 5.0, -2.0, 11.0, 5.0, 11.0, -2.0, -2.0, 5.0, 10.0, -3.0, 5.0, 10.0, -1.0, 3.0, -1.0, -7.0, 5.0, -2.0, 4.0, -2.0, 3.0, 3.0, 1.0, -8.0, -2.0, -10.0, 5.0, 0.0, -3.0, -8.0, 1.0, 8.0, -6.0, 6.0, 3.0, -7.0, -7.0, -2.0, -1.0, -1.0, -1.0, -2.0, -2.0, -2.0, -2.0, -14.0, -7.0, -1.0, -7.0, -1.0, -8.0, 4.0, -2.0, 5.0, -2.0, 5.0, -2.0, 5.0, 4.0, -1.0, -2.0, 4.0, 4.0, 5.0, 4.0, 3.0, -1.0, 4.0, 2.0, 4.0, -2.0, -2.0, -1.0, 9.0, -1.0, -1.0, -8.0, 0.0, 5.0, 2.0, 4.0, -1.0, 5.0, -1.0, 5.0, -8.0, -1.0, -2.0, -1.0, -2.0, -2.0, -10.0, 5.0, -5.0, -1.0, 5.0, 11.0, -1.0, 0.0, -5.0, -2.0, -2.0, 2.0, -2.0, -2.0, -2.0, -8.0, 0.0, -2.0, -7.0, 4.0, -7.0, -1.0, -3.0, -5.0, 4.0, 2.0, -1.0, -2.0, 4.0, 5.0, -4.0, 4.0, -1.0, -1.0, -1.0, 3.0, 9.0, -7.0, 4.0, -2.0, -3.0, -2.0, -2.0, 5.0, 4.0, 4.0, -5.0, -1.0, -1.0, 3.0, -3.0, -1.0, -7.0, 0.0, -1.0, 4.0, 3.0, -5.0, 5.0, 4.0, -1.0, -1.0, 4.0, -3.0, -1.0, -1.0, -2.0, -2.0, 5.0, 5.0, -2.0, 1.0, -7.0, 5.0, 4.0, -2.0, -1.0, 3.0, -1.0, -7.0, -5.0, -2.0, -1.0, -1.0, 5.0, -1.0, 0.0, 4.0, -3.0, -7.0, -2.0, -1.0, -1.0, -2.0, 3.0, -3.0, -2.0, 1.0, 1.0, -3.0, 0.0, -1.0, -8.0, 4.0, 3.0, 1.0, -1.0, -2.0, -7.0, -2.0, -1.0, 3.0, -1.0, -1.0, 5.0, -3.0, 4.0, 0.0, -2.0, -7.0, -7.0, 3.0, 5.0, -1.0, 11.0, 4.0, -1.0, 4.0, -2.0, 0.0, 10.0, 0.0, -7.0, -2.0, -8.0, -2.0, 7.0, -1.0, -1.0, 4.0, 6.0, 5.0, 4.0, 2.0, -1.0, -2.0, 10.0, -4.0, -1.0, -2.0, 4.0, -1.0, -1.0, 0.0, 5.0, -1.0, 2.0, -1.0, -2.0, -1.0, -6.0, 2.0, -1.0, -2.0, 1.0, -2.0, 3.0, -2.0, -2.0, 6.0, -2.0, -2.0, 1.0, -2.0, -2.0, -6.0, 4.0, 1.0, 5.0, -3.0, -3.0, 5.0, 4.0, -6.0, -2.0, -1.0, -1.0, 0.0, -1.0, -3.0, 3.0, 3.0, 1.0, 0.0, 5.0, 1.0, -1.0, -1.0, -2.0, -1.0, 5.0, -3.0, 5.0, -1.0, -12.0, -2.0, -1.0, -1.0, -5.0, -7.0, -1.0, -2.0, -3.0, 6.0, 8.0, -3.0, 0.0, 4.0, 3.0, 5.0, -1.0, 3.0, 4.0, -1.0, 4.0, -1.0, 5.0, -15.0, -7.0, -1.0, -2.0, 1.0, -7.0, 5.0, -1.0, 1.0, -2.0, 6.0, 0.0, -4.0, -1.0, -2.0, 2.0, -2.0, 0.0, -6.0, -8.0, -2.0, 4.0, 4.0, -2.0, 1.0, 1.0, -5.0, 4.0, -1.0, -3.0, 10.0, -2.0, 5.0, 3.0, -1.0, 3.0, 5.0, 4.0, -2.0, -3.0, 4.0, 4.0, -1.0, 3.0, 10.0, -1.0, 2.0, -2.0, 4.0, -2.0, 5.0, -6.0, 5.0, -1.0, -5.0, 4.0, 0.0, 5.0, 0.0, -2.0, -2.0, -8.0, -2.0, -1.0, 5.0, -1.0, 5.0, -2.0, -1.0, -2.0, -2.0, -2.0, -2.0, 10.0, 4.0, 3.0, 3.0, 4.0, 10.0, 4.0, 4.0, -2.0, 0.0, -2.0, -13.0, 4.0, -1.0, 9.0, -2.0, 4.0, 3.0, 4.0, -1.0, -2.0, 5.0, -3.0, -7.0, -2.0, -2.0, -2.0, -7.0, -1.0, -2.0, 0.0, 10.0, 9.0, -1.0, 4.0, -2.0, -2.0, -7.0, 5.0, 11.0, 4.0, 5.0, -1.0, -8.0, 4.0, -2.0, -5.0, 4.0, -1.0, -7.0, -1.0, 4.0, 0.0, -1.0, -1.0, -8.0, -2.0, -1.0, 5.0, 4.0, -9.0, -4.0, -1.0, -14.0, 2.0, -12.0, -2.0, -7.0, 6.0, -1.0, 5.0, -8.0, -7.0, -1.0, -2.0, -4.0, 3.0, -2.0, -7.0, 0.0, 4.0, 5.0, 5.0, 9.0, 5.0, 2.0, -2.0, -1.0, 7.0, -1.0, 3.0, -1.0, 4.0, 4.0, -1.0, -2.0, 5.0, 4.0, -2.0, -2.0, -1.0, 4.0, -1.0, 0.0, -4.0, 3.0, -8.0, 4.0, -5.0, -1.0, -7.0, -2.0, -7.0, -1.0, 3.0, 5.0, -2.0, 5.0, -9.0, 5.0, -2.0, 0.0, -1.0, -5.0, -1.0, -1.0, -14.0, 0.0, 5.0, 11.0, -2.0, 5.0, 5.0, 4.0, 4.0, -1.0, -1.0, 4.0, -2.0, -1.0, -5.0, 4.0, 5.0, 4.0, 2.0, -7.0, -2.0, -2.0, 5.0, 6.0, -1.0, 4.0, 0.0, 5.0, 5.0, -7.0, -6.0, 6.0, 3.0, -7.0, -7.0, -3.0, -7.0, -1.0, 5.0, -6.0, -13.0, 10.0, -1.0, 6.0, 10.0, -1.0, 3.0, -2.0, 0.0, 1.0, -2.0, -3.0, -2.0, 5.0, 5.0, -3.0, -2.0, -6.0, 15.0, 5.0, 3.0, -4.0, 5.0, 0.0, -1.0, 5.0, -2.0, 4.0, -1.0, 5.0, 4.0, -1.0, 4.0, -1.0, 11.0, -2.0, -8.0, -1.0, 8.0, 5.0, 9.0, 2.0, -6.0, 4.0, 3.0, -8.0, -1.0, 11.0, -2.0, -2.0, -20.0, -2.0]",8.191414266461646,0.0033032894134521,0.0,0.0,0
82,82,"[0.59943753, -0.6207118, 0.35725766, 0.95389813, 0.7890804, 0.85394037, -0.51957065, -0.86456215, 0.7813533, 0.7858936, -0.7752656, 0.67426074, -0.8313175, 0.26717493, -0.7916769, -0.9552275, -0.6854395, -0.97261834, 0.40145904, -0.12601183, 0.4273659, 0.2481277, -0.8320046, 0.37033033, 0.93385524, -0.7658531, 0.37859598, -0.9922091, -0.3451451, -0.91783416, 0.45391184, 0.91675436, -0.21837899, 0.77743965, 0.5510034, 0.93151456, 0.0016251778, -0.46667475, -0.867156, 0.9475466, -0.18123914, -0.953066, -0.30169013, -0.29037526, 0.5327687, 0.19292231, 0.48838672, -0.16087514, -0.9138612, 0.29851612, 0.6133079, -0.53806335, 0.1405731, -0.9598779, 0.6779604, -0.44152853, -0.2755793, 0.1435013, 0.9448648, 0.010364602, 0.22939639, 0.293014, -0.85570323, 0.93839645, 0.112021655, -0.9958268, -0.33001712, 0.88911766, 0.9814365, -0.81774884, -0.43609655, -0.45796967, 0.10750036, 0.23515803, -0.011605172, 0.28816918, 0.03631846, -0.41765937, -0.26031408, 0.92452693, 0.9144766, -0.22994134, 0.4371789, 0.0037963898, -0.33609524, 0.013004933, -0.63773847, 0.93935406, 0.12556079, -0.033474743, -0.94433594, 0.43741453, -0.5319871, -0.122114554, 0.3513653, -0.16131239, 0.6493988, 0.8764249, -0.13638209, 0.88327193, -0.14740205, 0.98129827, 0.27349558, -0.72528136, 0.15359919, 0.9581908, 0.7231158, 0.5219066, -0.026358591, 0.6181206, -0.48992935, 0.98935115, 0.5144043, -0.21635738, 0.8698351, 0.0013227953, -0.107639186, -0.33467224, -0.89884377, -0.44469512, -0.36502784, -0.7227927, 0.7045619, -0.57951814, -0.35520694, -0.8668888, 0.094006695, 0.43297845, 0.31516686, -0.25465605, -0.3719784, 0.35041168, 0.41429132, -0.95241016, -0.111096375, -0.91900826, -0.46549544, -0.042157456, -0.4978092, -0.92331886, -0.23201227, 0.30153897, -0.5814324, 0.019609489, -0.032699145, 0.6255111, -0.28491613, 0.19147517, -0.49241748, 0.2474794, -0.5678306, -0.8125103, -0.34624407, -0.19654904, 0.6695528, 0.6044378, 0.3748438, -0.8585103, 0.66382915, 0.13693734, 0.44344044, 0.9834364, -0.9957767, -0.00519814, 0.68849033, -0.72507566, 0.5476375, -0.56807065, -0.8984094, 0.82462406, -0.4594588, 0.69729406, -0.55297375, -0.3887931, 0.44545242, -0.92983985, -0.76153207, -0.6088809, -0.5273383, -0.034283713, -0.61511385, 0.9444504, 0.19315518, -0.4564021, -0.39825952, 0.034145206, -0.2532733, 0.7622683, -0.77651525, -0.0790365, 0.81282794, 0.8420995, -0.87891287, 0.94420254, 0.46939492, 0.46191165, 0.35647875, 0.70258373, -0.2133285, 0.53683704, -0.83483535, -0.74645644, -0.8502288, 0.517641, -0.8464879, -0.56081283, 0.603563, -0.17335959, -0.55218977, 0.6809717, -0.47149032, 0.8960124, -0.046740796, 0.41709724, -0.4453434, 0.34942934, 0.111834, -0.92031425, 0.051414993, -0.46913594, 0.9066839, -0.19772443, -0.25837538, -0.3497115, -0.6894352, 0.007122114, 0.12253611, 0.7254548, -0.4553532, 0.15711634, 0.18103978, -0.3485773, 0.71271896, 0.27365988, 0.2355729, -0.6169273, 0.899976, -0.062006515, -0.66938657, -0.46523145, -0.009228753, -0.733015, -0.34633994, 0.6237579, 0.4123567, -0.008696384, -0.41083848, 0.09207115, -0.23778631, -0.92735666, 0.98255926, -0.810229, -0.68784976, 0.5249094, -0.056366798, 0.9309013, -0.9213, 0.5345725, 0.9353814, -0.45589128, -0.94231313, 0.87894183, 0.36370564, 0.04794397, -0.20777075, 0.23756133, -0.5247041, 0.44072893, 0.685192, 0.55294305, 0.40403342, 0.682667, 0.6455966, -0.035838205, 0.8784092, 0.37099418, -0.67017996, -0.47131732, 0.39996773, -0.6763002, 0.01362627, 0.58653283, 0.48990613, -0.57116175, -0.064376436, 0.8384799, 0.05739249, 0.19970083, -0.8248584, 0.72049284, -0.7692186, -0.49357435, -0.19334377, -0.027073301, 0.9818283, -0.57684755, -0.15273607, -0.06402278, 0.53771085, 0.21889645, 0.33383003, 0.14242792, -0.22177622, -0.058205754, 0.73813975, -0.78914636, -0.41201335, 0.69674635, 0.5205205, -0.3799124, -0.3294964, -0.28527015, 0.39725783, -0.3993113, -0.3842123, -0.36025977, -0.52876407, 0.91738, 0.09719033, -0.07030856, -0.5107612, -0.7110142, -0.7741136, -0.432447, 0.38778493, -0.30498227, -0.8804903, -0.37665, -0.85934854, 0.8693699, -0.67021203, 0.3494555, -0.3165022, 0.27852187, -0.2671357, 0.39712146, -0.20479114, 0.06138035, 0.06677438, 0.7999749, 0.9901951, 0.41207057, 0.8940391, -0.962044, 0.8975301, -0.60022396, -0.81328905, -0.7183045, 0.14459153, -0.58615613, -0.24820557, 0.13149413, 0.68355274, -0.03712244, 0.3086884, 0.71898067, -0.64337593, -0.5700623, -0.21727923, 0.6639582, 0.18035185, -0.08848444, -0.3480181, 0.93799794, -0.93407905, -0.9043166, 0.45299816, 0.19116856, 0.7158406, -0.9308692, -0.3846394, 0.8317404, -0.58962965, 0.23777775, -0.41714185, -0.5771547, 0.79928017, -0.83740526, 0.45444676, 0.8704078, -0.24016275, 0.019040566, 0.053516734, -0.6905766, -0.50545996, 0.2783328, -0.3620265, -0.5426026, -0.40344366, -0.13076933, -0.68560696, 0.9875697, 0.54860485, -0.9665131, 0.7117878, -0.9659653, -0.17652825, -0.33707574, 0.051330727, -0.89854825, -0.018013813, -0.6579239, 0.4985938, -0.8227978, -0.59549254, 0.82281125, -0.8513701, 0.91870284, 0.16501166, 0.6741087, 0.7438155, 0.73893625, 0.50209695, 0.6731148, -0.7354664, -0.0052573774, -0.076827414, -0.37312552, -0.52701694, 0.38727945, 0.2742881, 0.51060253, -0.7615766, -0.72009695, -0.723734, -0.8708902, 0.627065, 0.9183315, 0.27864867, -0.6724412, -0.83473647, -0.5290802, -0.3454144, -0.69227195, -0.38833892, 0.28086522, -0.62799597, -0.8077835, 0.7590035, -0.076014884, 0.079022504, 0.40303198, 0.27559343, 0.33403578, -0.3417351, 0.5123815, -0.5876102, 0.8470715, 0.44899365, -0.70126086, 0.934671, 0.30501786, 0.8778735, 0.8777709, 0.62437105, 0.86554897, 0.32663932, 0.58814144, -0.40006658, 0.82032406, 0.9326448, 0.6232196, 0.7492519, -0.1689118, -0.34698212, 0.08260313, 0.33440676, 0.59920555, 0.08765988, -0.23564546, -0.6012706, 0.2329335, -0.48147178, 0.8264192, -0.33658868, -0.6135796, -0.12113384, -0.84707516, -0.86557907, 0.8641648, 0.41766164, -0.54710716, -0.5477818, 0.03500681, -0.59166324, 0.9256382, 0.4491373, -0.20194167, 0.41117138, 0.76250714, 0.9919015, 0.32709023, -0.8362621, -0.89699936, -0.8023778, -0.25071782, -0.50977093, 0.9489396, -0.7024255, 0.24558431, -0.121255666, -0.34553117, -0.13374169, -0.74183875, -0.044308178, 0.943665, 0.11115356, 0.24567309, 0.57999253, -0.22777154, -0.055382323, -0.12767738, -0.12601852, -0.42270544, -0.9898688, 0.40251088, -0.79123485, 0.1481999, -0.23321824, 0.29385307, -0.25432315, -0.32213524, -0.9925039, 0.94503826, 0.41057786, -0.09627071, -0.75106955, 0.8462998, -0.8392999, -0.55856925, -0.7690073, -0.16853853, -0.13449477, 0.10963705, 0.13166675, -0.7383904, 0.9093409, -0.56118846, -0.6780488, -0.32151255, 0.5128462, 0.17289256, -0.8940114, -0.15864553, -0.4299336, -0.6567672, -0.3828933, 0.65174156, -0.9285884, -0.14525455, 0.7513084, -0.012921496, 0.5395164, -0.2576116, 0.9879471, -0.25463462, -0.77237713, 0.7503919, 0.13034566, 0.14684206, 0.64392716, -0.032199137, 0.5702103, -0.8945182, -0.88056636, -0.54594254, -0.07188456, 0.2705522, 0.43684548, 0.83802307, 0.38928306, -0.7940625, 0.2934614, 0.9484204, -0.91663456, 0.7399327, 0.33715042, 0.24424334, 0.1494892, 0.08847356, -0.11912491, -0.9140736, 0.173864, 0.46314803, 0.28297606, 0.123774186, -0.7613011, 0.60713565, -0.99280375, 0.20298655, 0.66381, -0.12133579, 0.4662544, -0.58114874, -0.03641427, -0.6053525, -0.77788776, -0.28018504, -0.5057511, 0.091180295, -0.7686751, -0.48278847, 0.75029707, 0.43688163, 0.8914884, 0.842679, 0.5238771, -0.64867, 0.011622147, 0.1724335, 0.5188607, 0.5511318, 0.6417485, 0.57370734, -0.77747583, 0.9515299, -0.21786374, -0.5943567, -0.034175806, -0.79230535, -0.08301556, 0.003242047, 0.35908014, -0.9438225, 0.560017, -0.9271361, 0.42449653, 0.21608411, -0.8800263, -0.80912304, 0.92107135, 0.8546154, 0.6356017, 0.33936793, -0.45043454, -0.12762737, -0.93872225, 0.9318947, 0.6118691, -0.51233166, -0.66603285, -0.89950866, -0.072667755, -0.83114743, -0.4584164, -0.73089373, 0.27567065, -0.5954423, -0.10940613, -0.028532099, -0.6354442, 0.8174373, -0.94812137, -0.56392986, 0.2151605, -0.38337943, -0.48996082, -0.8699331, 0.37817538, -0.9411481, -0.018748326, -0.60262394, -0.743809, -0.09220713, 0.99565446, -0.7706406, 0.54147005, 0.04309266, 0.6127457, -0.43528536, 0.34948605, -0.37736538, -0.09370548, 0.6290127, 0.6398004, 0.37542936, 0.5831865, -0.46659932, 0.081792735, 0.25274837, 0.4292561, -0.049124803, 0.31110224, -0.9982294, 0.787451, 0.80258864, -0.6476734, -0.130257, -0.6049735, 0.6095918, -0.60994893, 0.7951841, -0.75896287, -0.20139843, -0.05875481, -0.13606524, 0.89212275, -0.97206175, 0.60670197, -0.6559378, 0.6047004, -0.013870611, -0.16509707, 0.88308394, -0.6709129, -0.642045, 0.29109055, 0.35670647, 0.5470453, -0.6554277, -0.98698336, 0.8249836, 0.67102927, -0.95361704, -0.4523459, 0.61250126, -0.63777906, -0.59673655, 0.85272306, -0.6078177, -0.91309625, -0.37635356, -0.035499703, -0.9727652, 0.89714926, -0.51663107, 0.28819025, 0.72377807, 0.85487807, 0.37789056, 0.6013467, 0.53413063, -0.6704761, 0.16822596, 0.55527925, 0.9338486, 0.6210123, 0.37995017, -0.33239454, 0.77798283, 0.86260855, -0.7628751, 0.36709225, 0.10806448, -0.95003074, 0.1838414, -0.90055645, -0.6997316, 0.4054437, -0.27434707, 0.9836347, 0.26031554, 0.61100054, -0.61101633, -0.3556074, -0.11709508, 0.94943845, 0.31448814, -0.9522499, 0.2326171, 0.9526948, 0.5047787, -0.06768785, -0.81381285, -0.36184558, 0.66201746, -0.21683197, 0.5387216, -0.9023883, -0.39484698, 0.19099426, 0.8753831, 0.27299246, 0.072532214, 0.69694316, 0.24828799, -0.69334835, -0.4870731, 0.096402094, -0.2506373, -0.24548848, -0.28426513, 0.5960717, 0.060863867, -0.063845366, 0.5248091, 0.98178893, -0.40865162, -0.3163665, -0.07693079, -0.14789763, -0.9502957, 0.8490341, 0.09369838, -0.14401504, 0.055192247, -0.67967343, 0.39453733, -0.52958906, 0.930494, -0.15165101, -0.8116158, -0.71130884, -0.9258303, -0.38776326, 0.15370044, -0.4112161, -0.1418466, -0.397696, -0.38022128, -0.9141737, 0.77914464, 0.46976513, -0.69524866, 0.76244134, 0.599382, 0.0015817048, 0.42880914, 0.77195096, 0.71935815, 0.65816504, 0.2238791, -0.3748896, 0.017360138, -0.4734043, 0.4926377, 0.8616981, -0.6602519, 0.78137314, 0.452982, 0.33153495, -0.11675829, 0.73406094, -0.22531803, -0.43436134, -0.62185174, 0.34549746, 0.32807627, -0.8262243, -0.8327074, -0.31662408, 0.27672535, -0.25949058, -0.06405596, -0.28994906, -0.9796889, 0.45951706, -0.49795288, 0.11774065, 0.064135045, 0.89707464, -0.9252186, 0.83883494, -0.17452928, -0.7209098, -0.10334723, 0.3525019, 0.44898117, 0.4527206, 0.28745687, -0.33735496, 0.25625578, -0.982814, -0.075910956, 0.9375422, -0.27583712, -0.3388832, 0.76937336, 0.1937048, 0.5191154, 0.78294855, -0.3169162, 0.3226913, -0.23453037, 0.91616446, 0.8739061, -0.8552227, -0.3916252, 0.23003142, -0.86402005, -0.53588784, 0.95493394, 0.14917861, -0.8346344, 0.12135816, 0.54180694, 0.3739486, 0.20915192, 0.5766299, -0.6659225, 0.7271741, -0.36129263, 0.591336, -0.35165328, 0.34529498, 0.94851285, -0.10431946, 0.9845073, -0.07847305, 0.66102564, -0.1387266, 0.23679174, 0.4721644, 0.52029383, -0.39072928, 0.38440433, 0.40072143, 0.6601931, 0.8128276, 0.66658175, 0.5252853, 0.31319356, -0.21890795, -0.6998867, 0.91228944, 0.8119632, -0.9309511, 0.9276863, 0.51440156, -0.4032407, 0.3116374, -0.4529403, -0.95503044, -0.47227985, -0.626643, -0.48800123, -0.24955562, -0.7170273, 0.22716846, 0.6758326, -0.617937, 0.9179812, 0.08069149, 0.76872957, 0.5912732, 0.30842966, 0.098519325, 0.3198616, 0.54592985, -0.69353795, -0.78384167, 0.07425783, -0.46739054, 0.58015364, -0.36201802, 0.46422565, 0.26613134, -0.0029263105, 0.14982153, 0.3676758, -0.3217445, 0.874203, 0.034035355, 0.30252782, -0.3680632, 0.6530412, -0.9399604, 0.31092614, -0.8831055, -0.8668046, 0.11785729, -0.87254316, -0.65513396, -0.019307483, -0.5194168, -0.96732426, 0.034801334, -0.46632993, -0.58345276, 0.6960212, -0.4148914, 0.17230107, 0.22594945, 0.5824142, -0.4634237, 0.24775589, 0.04714777, 0.46380422, -0.49520782, -0.31373248, 0.8157823, 0.9575533, 0.3939369, 0.50682265, -0.18007915, 0.4786545, 0.9044783, 0.26294515, -0.1243992, -0.8667703, -0.46202877, -0.6515735, 0.7899775, 0.7112621, 0.97154474, -0.5553045, 0.6699952, -0.3108277, 0.02898791, -0.2311891]","[-7.0, 4.0, 4.0, -2.0, -1.0, 4.0, -1.0, 2.0, -2.0, -3.0, -2.0, -1.0, 4.0, -2.0, 4.0, -2.0, -2.0, -3.0, -7.0, -1.0, -8.0, -2.0, -2.0, -7.0, 5.0, 10.0, -7.0, -8.0, 3.0, -7.0, -14.0, 4.0, -2.0, 4.0, 5.0, 3.0, 4.0, -6.0, -7.0, -7.0, 0.0, 5.0, -1.0, -4.0, 1.0, 5.0, 3.0, -7.0, -3.0, -2.0, 5.0, 3.0, 5.0, -1.0, 1.0, 1.0, -1.0, -2.0, 0.0, 4.0, 3.0, 4.0, -2.0, 0.0, 3.0, 4.0, -7.0, -3.0, -2.0, 5.0, 5.0, 2.0, -1.0, 4.0, -6.0, 3.0, 4.0, -3.0, -1.0, 6.0, -2.0, -6.0, -1.0, -7.0, 6.0, 10.0, -1.0, -1.0, 0.0, 4.0, -1.0, 6.0, -1.0, 10.0, -2.0, 4.0, 4.0, -3.0, -6.0, -4.0, -1.0, -1.0, 1.0, -1.0, -8.0, 5.0, 1.0, 3.0, 5.0, -3.0, -2.0, -7.0, -7.0, -2.0, 4.0, -8.0, 5.0, -7.0, 5.0, -3.0, 5.0, 5.0, 0.0, 4.0, -2.0, 3.0, -1.0, 4.0, 3.0, -2.0, 5.0, -1.0, -4.0, -7.0, -2.0, -8.0, -1.0, -8.0, 3.0, 4.0, 4.0, 5.0, -2.0, 4.0, 5.0, 4.0, -8.0, 0.0, -7.0, 4.0, -10.0, 5.0, -3.0, 0.0, -2.0, -7.0, 4.0, 4.0, 4.0, -1.0, -3.0, 4.0, 5.0, 3.0, -13.0, -1.0, -7.0, 4.0, -9.0, -5.0, 3.0, -1.0, 5.0, 3.0, 1.0, -2.0, -2.0, -2.0, -3.0, 0.0, 3.0, -2.0, -2.0, -5.0, -2.0, -2.0, 5.0, -6.0, 2.0, 10.0, -3.0, -2.0, 4.0, -4.0, -2.0, 0.0, -2.0, -8.0, -2.0, -2.0, -8.0, -2.0, -2.0, 5.0, -1.0, 5.0, -1.0, -3.0, -1.0, -1.0, 5.0, 4.0, -2.0, 4.0, 1.0, -8.0, 4.0, 4.0, -2.0, -3.0, 4.0, -7.0, -3.0, -7.0, 8.0, 5.0, 4.0, -3.0, 0.0, 4.0, -7.0, 0.0, 5.0, -2.0, 0.0, 4.0, 4.0, 4.0, -1.0, 3.0, 1.0, -1.0, -6.0, 3.0, 2.0, 0.0, 4.0, -5.0, -2.0, 6.0, -2.0, -5.0, -2.0, -1.0, -2.0, -4.0, -1.0, -4.0, -2.0, -2.0, -2.0, 5.0, -7.0, -2.0, 4.0, -1.0, -7.0, 1.0, -7.0, 5.0, 4.0, -1.0, -1.0, -6.0, 6.0, -1.0, 5.0, -2.0, -4.0, -7.0, 4.0, -1.0, 0.0, -1.0, -1.0, 12.0, 0.0, -1.0, 4.0, 4.0, -1.0, -2.0, -8.0, -2.0, -2.0, -1.0, -7.0, -1.0, -3.0, -2.0, 4.0, 3.0, 4.0, -1.0, -1.0, 0.0, -3.0, 4.0, 0.0, -2.0, 3.0, 3.0, -6.0, -1.0, -2.0, 0.0, 1.0, -1.0, 5.0, 4.0, -1.0, -8.0, -1.0, 3.0, 6.0, 1.0, -7.0, 4.0, 5.0, 2.0, 0.0, 0.0, 4.0, 10.0, -2.0, -2.0, -8.0, -2.0, 4.0, 12.0, -1.0, 5.0, -4.0, -7.0, -7.0, 0.0, -1.0, -1.0, -2.0, -1.0, -3.0, -1.0, -1.0, 4.0, 5.0, 5.0, -2.0, -7.0, 3.0, -1.0, -7.0, -1.0, 4.0, -7.0, 6.0, -1.0, 4.0, 10.0, 4.0, -7.0, -1.0, 13.0, 4.0, 9.0, 0.0, 4.0, -3.0, 4.0, 5.0, 4.0, 4.0, 4.0, -2.0, 5.0, -1.0, 4.0, 3.0, 5.0, 5.0, 3.0, 0.0, 5.0, -2.0, 11.0, 5.0, 11.0, -2.0, -2.0, 5.0, 10.0, -3.0, 5.0, 10.0, -1.0, 3.0, -1.0, -7.0, 5.0, -2.0, 4.0, -2.0, 3.0, 3.0, 1.0, -8.0, -2.0, -10.0, 5.0, 0.0, -3.0, -8.0, 1.0, 8.0, -6.0, 6.0, 3.0, -7.0, -7.0, -2.0, -1.0, -1.0, -1.0, -2.0, -2.0, -2.0, -2.0, -14.0, -7.0, -1.0, -7.0, -1.0, -8.0, 4.0, -2.0, 5.0, -2.0, 5.0, -2.0, 5.0, 4.0, -1.0, -2.0, 4.0, 4.0, 5.0, 4.0, 3.0, -1.0, 4.0, 2.0, 4.0, -2.0, -2.0, -1.0, 9.0, -1.0, -1.0, -8.0, 0.0, 5.0, 2.0, 4.0, -1.0, 5.0, -1.0, 5.0, -8.0, -1.0, -2.0, -1.0, -2.0, -2.0, -10.0, 5.0, -5.0, -1.0, 5.0, 11.0, -1.0, 0.0, -5.0, -2.0, -2.0, 2.0, -2.0, -2.0, -2.0, -8.0, 0.0, -2.0, -7.0, 4.0, -7.0, -1.0, -3.0, -5.0, 4.0, 2.0, -1.0, -2.0, 4.0, 5.0, -4.0, 4.0, -1.0, -1.0, -1.0, 3.0, 9.0, -7.0, 4.0, -2.0, -3.0, -2.0, -2.0, 5.0, 4.0, 4.0, -5.0, -1.0, -1.0, 3.0, -3.0, -1.0, -7.0, 0.0, -1.0, 4.0, 3.0, -5.0, 5.0, 4.0, -1.0, -1.0, 4.0, -3.0, -1.0, -1.0, -2.0, -2.0, 5.0, 5.0, -2.0, 1.0, -7.0, 5.0, 4.0, -2.0, -1.0, 3.0, -1.0, -7.0, -5.0, -2.0, -1.0, -1.0, 5.0, -1.0, 0.0, 4.0, -3.0, -7.0, -2.0, -1.0, -1.0, -2.0, 3.0, -3.0, -2.0, 1.0, 1.0, -3.0, 0.0, -1.0, -8.0, 4.0, 3.0, 1.0, -1.0, -2.0, -7.0, -2.0, -1.0, 3.0, -1.0, -1.0, 5.0, -3.0, 4.0, 0.0, -2.0, -7.0, -7.0, 3.0, 5.0, -1.0, 11.0, 4.0, -1.0, 4.0, -2.0, 0.0, 10.0, 0.0, -7.0, -2.0, -8.0, -2.0, 7.0, -1.0, -1.0, 4.0, 6.0, 5.0, 4.0, 2.0, -1.0, -2.0, 10.0, -4.0, -1.0, -2.0, 4.0, -1.0, -1.0, 0.0, 5.0, -1.0, 2.0, -1.0, -2.0, -1.0, -6.0, 2.0, -1.0, -2.0, 1.0, -2.0, 3.0, -2.0, -2.0, 6.0, -2.0, -2.0, 1.0, -2.0, -2.0, -6.0, 4.0, 1.0, 5.0, -3.0, -3.0, 5.0, 4.0, -6.0, -2.0, -1.0, -1.0, 0.0, -1.0, -3.0, 3.0, 3.0, 1.0, 0.0, 5.0, 1.0, -1.0, -1.0, -2.0, -1.0, 5.0, -3.0, 5.0, -1.0, -12.0, -2.0, -1.0, -1.0, -5.0, -7.0, -1.0, -2.0, -3.0, 6.0, 8.0, -3.0, 0.0, 4.0, 3.0, 5.0, -1.0, 3.0, 4.0, -1.0, 4.0, -1.0, 5.0, -15.0, -7.0, -1.0, -2.0, 1.0, -7.0, 5.0, -1.0, 1.0, -2.0, 6.0, 0.0, -4.0, -1.0, -2.0, 2.0, -2.0, 0.0, -6.0, -8.0, -2.0, 4.0, 4.0, -2.0, 1.0, 1.0, -5.0, 4.0, -1.0, -3.0, 10.0, -2.0, 5.0, 3.0, -1.0, 3.0, 5.0, 4.0, -2.0, -3.0, 4.0, 4.0, -1.0, 3.0, 10.0, -1.0, 2.0, -2.0, 4.0, -2.0, 5.0, -6.0, 5.0, -1.0, -5.0, 4.0, 0.0, 5.0, 0.0, -2.0, -2.0, -8.0, -2.0, -1.0, 5.0, -1.0, 5.0, -2.0, -1.0, -2.0, -2.0, -2.0, -2.0, 10.0, 4.0, 3.0, 3.0, 4.0, 10.0, 4.0, 4.0, -2.0, 0.0, -2.0, -13.0, 4.0, -1.0, 9.0, -2.0, 4.0, 3.0, 4.0, -2.0, -2.0, 5.0, -3.0, -7.0, -2.0, -2.0, -2.0, -7.0, -1.0, -2.0, 0.0, 10.0, 9.0, -1.0, 4.0, -2.0, -2.0, -7.0, 5.0, 11.0, 4.0, 5.0, -1.0, -8.0, 4.0, -2.0, -5.0, 4.0, -1.0, -7.0, -1.0, 4.0, 0.0, -1.0, -1.0, -8.0, -2.0, -1.0, 5.0, 4.0, -9.0, -4.0, -1.0, -14.0, 2.0, -12.0, -2.0, -7.0, 6.0, -1.0, 5.0, -8.0, -7.0, -1.0, -2.0, -4.0, 3.0, -2.0, -7.0, 0.0, 4.0, 5.0, 5.0, 9.0, 5.0, 2.0, -2.0, -1.0, 7.0, -1.0, 3.0, -1.0, 4.0, 4.0, -1.0, -2.0, 5.0, 4.0, -2.0, -2.0, -1.0, 4.0, -1.0, 0.0, -4.0, 3.0, -8.0, 4.0, -5.0, -1.0, -7.0, -2.0, -7.0, -1.0, 3.0, 5.0, -2.0, 5.0, -9.0, 5.0, -2.0, 0.0, -1.0, -5.0, -1.0, -1.0, -14.0, 0.0, 5.0, 11.0, -2.0, 5.0, 5.0, 4.0, 4.0, -1.0, -1.0, 4.0, -2.0, -1.0, -5.0, 4.0, 5.0, 4.0, 2.0, -7.0, -2.0, -2.0, 5.0, 6.0, -1.0, 4.0, 0.0, 5.0, 5.0, -7.0, -6.0, 6.0, 3.0, -7.0, -7.0, -3.0, -7.0, -1.0, 5.0, -6.0, -13.0, 10.0, -1.0, 6.0, 10.0, -1.0, 3.0, -2.0, 0.0, 1.0, -2.0, -3.0, -2.0, 5.0, 5.0, -3.0, -2.0, -6.0, 15.0, 5.0, 3.0, -4.0, 5.0, 0.0, -1.0, 5.0, -2.0, 4.0, -1.0, 5.0, 4.0, -1.0, 4.0, -1.0, 11.0, -2.0, -8.0, -1.0, 8.0, 5.0, 9.0, 2.0, -6.0, 4.0, 3.0, -8.0, -1.0, 11.0, -2.0, -2.0, -20.0, -2.0]",8.192839107609505,0.0032587051391601,0.0,0.0,0
83,83,"[-0.3076983, -0.3633488, 0.79872066, 0.3689906, -0.120732084, -0.7535881, 0.6761829, -0.8061681, 0.20698637, -0.3670653, 0.82561594, -0.26449412, -0.27028793, -0.9421018, 0.5563063, -0.67997503, 0.90140253, -0.030340245, 0.39351124, -0.49301168, -0.8616535, 0.03018722, -0.8515397, 0.0737491, 0.8887527, 0.013734132, 0.43896848, -0.66663784, -0.54496896, 0.84670776, -0.85002065, 0.55838764, -0.8157116, -0.30957603, 0.0354766, -0.65965563, -0.90361786, -0.4183126, -0.483992, 0.215288, 0.092545435, 0.6245537, -0.4410945, -0.89534193, 0.5279674, -0.18735017, 0.06635797, 0.3069062, 0.21242352, -0.76304597, -0.8916629, -0.31958985, -0.8916995, -0.5290429, 0.8491877, -0.6098848, 0.39319316, 0.9831599, 0.8681099, -0.90592253, -0.54773235, 0.35540718, -0.7833128, -0.85196286, 0.80637705, -0.15221944, -0.90348727, -0.8051983, -0.24430978, -0.14206608, -0.8122583, -0.8880235, -0.26998848, 0.31988996, -0.7674744, -0.87713414, 0.46413946, -0.9506824, -0.58269215, -0.7671213, -0.95740783, 0.7489287, -0.9166351, 0.62095904, -0.5687499, 0.025989965, -0.6471963, 0.14862193, -0.9267199, 0.9291448, 0.81524235, 0.59245557, -0.95316225, 0.48547313, -0.9275672, -0.7136991, -0.059875034, -0.76316535, 0.52193487, 0.56459403, 0.152703, -0.20690738, -0.12182863, 0.9801594, -0.61618024, -0.6801838, 0.64072, 0.6125129, -0.31943154, 0.45538753, -0.56269985, 0.20928882, -0.84997314, -0.3759694, 0.12289738, -0.15949768, 0.6692589, 0.94085675, -0.72048604, 0.01848099, -0.99006397, -0.12986301, -0.29420972, 0.042757906, -0.7643292, -0.38814002, 0.36711738, 0.5816815, -0.93912244, -0.8162937, 0.74132025, -0.26317126, -0.36061537, -0.21968214, 0.84536093, -0.38761306, -0.44589475, 0.388617, 0.49604464, -0.019712662, 0.096456364, 0.60771054, 0.5144203, -0.004518313, 0.066389546, 0.85657114, -0.518523, -0.33091193, -0.39438853, -0.46629125, -0.8775855, -0.16141388, 0.2706867, -0.15396166, -0.06411638, -0.04047461, 0.30849358, -0.47222662, 0.44044012, -0.54254186, -0.15181157, -0.79781234, 0.12093282, -0.46500096, -0.15081573, 0.049602557, 0.52563405, -0.29857832, 0.037372947, 0.95361686, 0.91945314, -0.7579766, -0.70714664, 0.4248945, 0.7816506, 0.92736137, 0.65512127, 0.61068606, 0.5127652, -0.5712028, 0.90168446, 0.17390409, 0.32993546, 0.7274738, 0.02166878, -0.0030448444, -0.14179297, 0.69518405, -0.7475494, 0.4995841, -0.52638674, 0.79186547, -0.95568967, 0.0110580865, -0.22551829, 0.080414385, -0.4533996, 0.76041013, 0.052696023, -0.42469078, 0.29999277, 0.90464854, 0.770663, 0.720807, -0.09904016, 0.55643994, -0.5894124, -0.65748155, -0.04981171, -0.12000249, 0.6700444, 0.96971625, 0.051976662, -0.6041026, 0.5105319, -0.20674703, 0.6928574, -0.689051, 0.75154096, 0.12108751, 0.79139847, 0.11338371, -0.6105449, 0.12904258, 0.22887486, -0.5130445, -0.37669602, 0.054696277, 0.5623664, 0.15655999, 0.5123902, 0.24664588, 0.41095617, 0.7994692, 0.96088946, -0.44102326, 0.9186381, -0.13016793, 0.9716673, -0.57911956, -0.719666, -0.46150216, -0.5025804, -0.89416105, 0.7708487, 0.44223318, 0.5028781, 0.7835269, -0.9170679, 0.95139664, 0.6719402, 0.47550082, -0.4821921, -0.05993624, 0.976549, 0.22361848, 0.82284087, 0.43150583, -0.32368398, 0.65249366, 0.95963407, -0.40596655, -0.2483044, 0.83036864, -0.3247979, -0.5532395, 0.57912403, 0.8376418, 0.34231564, 0.44847894, -0.88829076, 0.58736795, -0.03843114, 0.5735858, -0.30860355, 0.10056909, -0.31184468, 0.96438247, 0.80017555, -0.5710964, -0.36826238, 0.85000414, 0.7462391, 0.123031, 0.79371196, -0.06553335, 0.3032643, -0.6093676, 0.9328853, 0.05948247, -0.07224826, 0.37800142, 0.5951203, 0.70173335, -0.63989186, 0.38515985, -0.9556813, 0.92121434, 0.1290883, 0.66944355, -0.90920955, 0.119848154, -0.45655122, -0.18867463, 0.2689597, -0.57775974, 0.31835276, -0.9836585, 0.86752826, 0.22821923, -0.11606869, 0.9718653, 0.35418522, -0.35277396, 0.0024965215, 0.38617375, -0.17499594, -0.29800045, 0.178406, 0.22312312, -0.22359213, 0.513, 0.5755908, 0.14757018, -0.45497343, 0.38352865, 0.38247162, 0.83368546, 0.046142768, -0.24705797, -0.76519966, 0.9835304, -0.5898219, -0.084908456, 0.86818606, -0.802005, -0.014981068, -0.3576992, 0.09774123, 0.93815607, -0.7014463, -0.84583664, 0.2906473, 0.7280027, 0.78022945, -0.84613514, 0.26451278, 0.47427732, 0.40646812, 0.45285168, 0.17233688, 0.8240323, 0.35813105, -0.27240285, -0.507778, -0.03511315, 0.4590838, -0.8475262, -0.853571, -0.24419494, 0.50283426, -0.13042767, -0.86308515, 0.1206091, 0.5864836, -0.11048178, 0.19135813, 0.9022917, 0.48012638, 0.019197026, 0.8821579, 0.3567437, 0.03176967, 0.20812507, -0.6573428, -0.37146127, -0.27482134, 0.35284922, 0.1717259, 0.60746616, 0.5936938, 0.14056604, 0.22997288, -0.015573933, -0.13391301, -0.8708257, 0.4338589, -0.7336285, 0.4994231, -0.19572294, -0.7621538, 0.66308784, -0.6305198, 0.01250064, -0.77008384, -0.67793083, -0.7897356, -0.23836386, -0.5418451, -0.97401637, 0.39955047, -0.7628483, 0.94150066, -0.71246403, -0.483513, 0.36489633, 0.18088602, -0.96771324, -0.2448055, -0.5583844, 0.2427353, -0.39137882, -0.73898023, -0.10103165, -0.16389102, -0.5695869, -0.7112161, 0.9083408, 0.76015073, 0.78667146, 0.46673355, -0.707877, -0.52496123, -0.6609694, -0.33554557, 0.36391753, -0.4307694, 0.5587522, 0.8748459, -0.029431218, 0.0032332218, 0.88574207, 0.96479887, 0.2241245, -0.58052164, 0.7174499, 0.10579658, 0.63129145, 0.13525237, -0.9102102, 0.66978836, -0.5696199, 0.18104018, 0.9089696, 0.24502993, -0.29224446, 0.58738005, 0.5830345, -0.8879455, 0.15325557, -0.2763082, -0.91967213, -0.6446029, -0.29384732, 0.994924, 0.8105445, 0.17862327, 0.45130408, -0.35035667, -0.4192964, -0.15321438, -0.8722347, -0.7625852, 0.30094337, 0.3093031, -0.9913577, -0.65828913, -0.78411186, 0.399519, 0.29720086, 0.18112154, 0.65721035, 0.14715168, 0.06339987, 0.8903907, 0.78300023, 0.064712934, -0.2644852, 0.7904715, 0.2065769, 0.9885906, 0.92610234, 0.8225375, -0.3692979, 0.122894384, -0.67228794, -0.66001594, 0.69345933, -0.9630196, -0.2789603, 0.31042442, -0.27124813, 0.64687103, 0.32759076, -0.78989536, -0.0053491485, -0.0750568, 0.16810282, -0.4440903, 0.9145073, -0.35810435, -0.9777742, -0.15260512, -0.34926715, 0.74232984, -0.9368542, 0.90195024, -0.859262, -0.05929664, 0.70636314, -0.85276115, -0.36362222, -0.08823554, 0.98878, -0.267826, 0.833534, -0.8393858, -0.31001425, -0.67542195, -0.10281683, -0.2796196, 0.3237803, -0.6783233, -0.6477256, -0.39195916, -0.34800637, -0.26782024, -0.47239903, -0.17851634, 0.39689764, 0.49136183, -0.085742466, 0.70928586, -0.64697045, -0.39966458, 0.99313235, -0.40201956, -0.9931826, -0.011485115, 0.62514603, -0.6397993, -0.94189954, -0.68851703, 0.56274164, -0.5077887, -0.034565616, -0.80294317, -0.13866681, 0.5807027, -0.18730755, 0.20767418, -0.78917956, 0.53925574, -0.69037825, -0.9398228, 0.5979554, -0.013551749, 0.8892144, -0.47356322, -0.73221403, 0.77058023, -0.12965496, -0.9068195, 0.6725293, -0.672769, 0.7592516, 0.50792867, -0.17253199, -0.93341327, -0.48489332, -0.61586654, -0.20357905, 0.038353514, 0.32657394, 0.9348933, 0.08964623, 0.7952439, -0.12008853, 0.47103575, -0.6086489, -0.34951124, -0.09517074, 0.99625635, 0.57837504, 0.05630376, -0.55057395, -0.52761865, -0.27444908, -0.0009488473, 0.16278383, -0.2397861, 0.89230126, 0.81224144, 0.2461849, 0.03694158, -0.30794746, 0.82919526, 0.9669947, -0.32867306, 0.8211865, -0.32978833, 0.55122703, -0.32891932, -0.8614391, -0.033263985, -0.9610666, 0.48969144, -0.44386443, -0.21037945, -0.9429487, -0.7674733, 0.17876302, 0.07790349, 0.11999205, -0.9964675, -0.9384706, 0.42011157, -0.8663248, -0.59499973, -0.25589263, 0.12648994, -0.9699913, -0.2727307, 0.6185625, 0.79371834, 0.8773634, 0.22808279, -0.43354407, -0.22619097, -0.2732708, 0.0003843695, 0.33888814, 0.13913542, -0.60672385, -0.48118806, 0.69123924, 0.5853723, -0.17488532, 0.8465043, -0.43861958, 0.18664302, 0.6014207, 0.5814593, 0.7603975, -0.917206, 0.8511716, -0.18960579, -0.18514436, 0.44590434, 0.72426605, -0.1497968, -0.055409234, 0.04082482, 0.84957993, -0.15356158, -0.060732923, 0.91214126, 0.6342287, -0.91317576, 0.26020262, -0.46087617, -0.8853595, 0.2766425, 0.69950145, 0.44312137, -0.0539977, -0.8534103, -0.37558177, 0.13293162, -0.37537578, 0.2578563, -0.95781064, 0.64300954, 0.026898777, -0.35164183, -0.07220054, -0.033443946, 0.95589596, 0.047028285, 0.17248653, 0.19597045, -0.21923551, -0.16784132, 0.8327506, 0.03728369, -0.18102717, 0.4751656, -0.0053209895, -0.6913659, 0.27045622, 0.8773677, -0.21478102, 0.15743668, 0.8936219, -0.04158886, -0.24665591, 0.44847566, -0.014021502, -0.2918922, -0.8602887, -0.79119575, 0.29113218, -0.017338876, 0.37755412, -0.6718154, 0.8142561, -0.67977643, 0.34532574, 0.4773013, -0.7460585, -0.8136265, -0.015740927, -0.7111472, -0.2011365, -0.4070629, 0.30833524, -0.76697737, 0.10563376, 0.71269715, 0.9580735, -0.23151703, -0.8123287, 0.36594966, 0.44584146, 0.9398921, -0.82059777, -0.6274859, -0.8093825, -0.23881856, 0.6971992, 0.24781556, -0.20628567, -0.54455584, -0.49074805, -0.34648824, 0.10094772, 0.40294737, 0.018526124, 0.54529727, -0.9629993, 0.41862285, 0.90883803, -0.95889467, 0.63977224, 0.053678602, 0.45940095, 0.9740231, 0.79822594, 0.8719093, 0.6768874, -0.13969, -0.7619555, -0.6610357, -0.8405611, 0.23984124, -0.34983388, -0.8196722, 0.78849196, 0.45586377, -0.76810515, 0.38256517, -0.16795738, 0.24447459, -0.67559856, -0.026065184, -0.27203074, 0.5734369, 0.4937865, -0.4974958, -0.16913843, -0.88347983, -0.67280024, -0.060847923, 0.55314153, 0.43911454, -0.5183877, -0.19032508, 0.6104054, -0.7307037, -0.67628396, -0.6525122, -0.38309854, 0.49197912, -0.69598764, -0.30237055, -0.70575917, -0.09665231, 0.49722412, -0.78104746, 0.08338528, -0.103909105, 0.2975992, -0.42828155, 0.6676143, 0.40493768, 0.5062976, 0.12149166, -0.6294213, 0.84736913, -0.6477521, 0.080172285, -0.5414081, -0.4777676, 0.28596702, -0.624697, -0.1002649, -0.33641347, -0.8355597, -0.7427604, -0.7511186, 0.67558485, 0.16918124, 0.04005361, -0.62784165, -0.20064735, 0.35681817, -0.23535521, -0.0063961293, -0.26933125, -0.97857004, -0.6731108, 0.035924084, -0.39478043, 0.33474278, -0.015976878, 0.1755064, 0.0043680263, -0.35574982, 0.20572062, 0.9176893, -0.18493134, -0.4254628, 0.68808323, -0.3024735, 0.52534246, 0.33248666, -0.97313607, -0.197503, -0.5880049, 0.90823686, 0.57637507, 0.09459663, -0.2135735, 0.9080833, -0.98179257, 0.06397353, 0.89976776, -0.3794932, -0.9471079, 0.7687073, -0.59101415, -0.29377583, 0.9627729, -0.7428211, -0.76731473, 0.39541, -0.22255181, -0.46612105, -0.9167899, 0.37232402, 0.11098854, -0.10168323, -0.6145046, 0.73993254, 0.2448858, 0.87861055, 0.16853231, -0.3673686, 0.2693741, -0.49454063, -0.34177667, -0.8463484, 0.04663802, -0.49059618, -0.6611344, 0.25408998, -0.09593899, -0.26264918, 0.8311923, 0.018708443, -0.53680193, -0.48532164, -0.2991607, -0.52335656, 0.61285025, 0.5562388, -0.98732734, 0.19427204, -0.57104236, 0.24763456, 0.9209349, 0.39714146, 0.14548019, 0.8307424, 0.7259878, -0.36668426, 0.13605082, 0.865131, -0.74853694, 0.56600046, -0.88204485, -0.4229447, 0.013336662, -0.4063273, 0.50778055, 0.627242, 0.07156528, 0.42077774, -0.45690468, 0.117157735, 0.16464512, 0.3272735, 0.07191853, -0.18646452, -0.7685255, -0.020693388, 0.40013945, 0.03774453, -0.28181002, -0.13780631, 0.7452697, -0.8284197, -0.22153975, 0.32957244, -0.46632937, -0.39905855, -0.7919174, -0.8817667, 0.4916811, -0.44391105, 0.75245565, 0.9579418, 0.008828528, -0.91672534, -0.2632122, 0.17925604, 0.53357273, -0.14940804, -0.06228135, 0.99804497, -0.20897225, -0.59670955, -0.7482484, 0.58722746, 0.19245978, 0.23030958, -0.009652707, 0.7538089, 0.80589104, 0.60692084, 0.362679, -0.9283954, -0.5150087, -0.21104756, -0.04306805, -0.5045907, 0.034056317, 0.6737161, 0.8702585, 0.5304186, 0.3975204, 0.92717004, 0.78810316, 0.52562225, 0.62970686, 0.6220823, 0.5377149, 0.74119127, -0.5604393, -0.033161316, -0.13158752, -0.23003195, 0.28725886, 0.57455033, -0.7799988, 0.75481933, 0.36099464, 0.015245797, 0.9864213, 0.3716537, -0.026628936, 0.29698458, -0.7776674, -0.31471962, -0.99254084, 0.7807065, 0.821444, 0.8643279, 0.20789424, 0.42365867, 0.019005938, -0.037451297, -0.0053832284, 0.5983761, -0.09114201, -0.94068736, -0.19413714, -0.2600364, -0.6137661, 0.14386697]","[-7.0, 4.0, 4.0, -2.0, -1.0, 4.0, -1.0, 2.0, -2.0, -3.0, -2.0, -1.0, 4.0, -2.0, 4.0, -2.0, -2.0, -3.0, -7.0, -1.0, -8.0, -2.0, -2.0, -7.0, 5.0, 10.0, -7.0, -8.0, 3.0, -7.0, -14.0, 4.0, -2.0, 4.0, 5.0, 3.0, 4.0, -6.0, -7.0, -7.0, 0.0, 5.0, -1.0, -4.0, 1.0, 5.0, 3.0, -7.0, -3.0, -2.0, 5.0, 3.0, 5.0, -1.0, 1.0, 1.0, -1.0, -2.0, 0.0, 4.0, 3.0, 4.0, -2.0, 0.0, 3.0, 4.0, -7.0, -3.0, -2.0, 5.0, 5.0, 2.0, -1.0, 4.0, -6.0, 3.0, 4.0, -3.0, -1.0, 6.0, -2.0, -6.0, -1.0, -7.0, 6.0, 10.0, -1.0, -1.0, 0.0, 4.0, -1.0, 6.0, -1.0, 10.0, -2.0, 4.0, 4.0, -3.0, -6.0, -4.0, -1.0, -1.0, 1.0, -1.0, -8.0, 5.0, 1.0, 3.0, 5.0, -3.0, -2.0, -7.0, -7.0, -2.0, 4.0, -8.0, 5.0, -7.0, 5.0, -3.0, 5.0, 5.0, 0.0, 4.0, -2.0, 3.0, -1.0, 4.0, 3.0, -2.0, 5.0, -1.0, -4.0, -7.0, -2.0, -8.0, -1.0, -8.0, 3.0, 4.0, 4.0, 5.0, -2.0, 4.0, 5.0, 4.0, -8.0, 0.0, -7.0, 4.0, -10.0, 5.0, -3.0, 0.0, -2.0, -7.0, 4.0, 4.0, 4.0, -1.0, -3.0, 4.0, 5.0, 3.0, -13.0, -1.0, -7.0, 4.0, -9.0, -5.0, 3.0, -1.0, 5.0, 3.0, 1.0, -2.0, -2.0, -2.0, -3.0, 0.0, 3.0, -2.0, -2.0, -5.0, -2.0, -2.0, 5.0, -6.0, 2.0, 10.0, -3.0, -2.0, 4.0, -4.0, -2.0, 0.0, -2.0, -8.0, -2.0, -2.0, -8.0, -2.0, -2.0, 5.0, -1.0, 5.0, -1.0, -3.0, -1.0, -1.0, 5.0, 4.0, -2.0, 4.0, 1.0, -8.0, 4.0, 4.0, -2.0, -3.0, 4.0, -7.0, -3.0, -7.0, 8.0, 5.0, 4.0, -3.0, 0.0, 4.0, -7.0, 0.0, 5.0, -2.0, 0.0, 4.0, 4.0, 4.0, -1.0, 3.0, 1.0, -1.0, -6.0, 3.0, 2.0, 0.0, 4.0, -5.0, -2.0, 6.0, -2.0, -5.0, -2.0, -1.0, -2.0, -4.0, -1.0, -4.0, -2.0, -2.0, -2.0, 5.0, -7.0, -2.0, 4.0, -1.0, -7.0, 1.0, -7.0, 5.0, 4.0, -1.0, -1.0, -6.0, 6.0, -1.0, 5.0, -2.0, -4.0, -7.0, 4.0, -1.0, 0.0, -1.0, -1.0, 12.0, 0.0, -1.0, 4.0, 4.0, -1.0, -2.0, -8.0, -2.0, -2.0, -1.0, -7.0, -1.0, -3.0, -2.0, 4.0, 3.0, 4.0, -1.0, -1.0, 0.0, -3.0, 4.0, 0.0, -2.0, 3.0, 3.0, -6.0, -1.0, -2.0, 0.0, 1.0, -1.0, 5.0, 4.0, -1.0, -8.0, -1.0, 3.0, 6.0, 1.0, -7.0, 4.0, 5.0, 2.0, 0.0, 0.0, 4.0, 10.0, -2.0, -2.0, -8.0, -2.0, 4.0, 12.0, -1.0, 5.0, -4.0, -7.0, -7.0, 0.0, -1.0, -1.0, -2.0, -1.0, -3.0, -1.0, -1.0, 4.0, 5.0, 5.0, -2.0, -7.0, 3.0, -1.0, -7.0, -1.0, 4.0, -7.0, 6.0, -1.0, 4.0, 10.0, 4.0, -7.0, -1.0, 13.0, 4.0, 9.0, 0.0, 4.0, -3.0, 4.0, 5.0, 4.0, 4.0, 4.0, -2.0, 5.0, -1.0, 4.0, 3.0, 5.0, 5.0, 3.0, 0.0, 5.0, -2.0, 11.0, 5.0, 11.0, -2.0, -2.0, 5.0, 10.0, -3.0, 5.0, 10.0, -1.0, 3.0, -1.0, -7.0, 5.0, -2.0, 4.0, -2.0, 3.0, 3.0, 1.0, -8.0, -2.0, -10.0, 5.0, 0.0, -3.0, -8.0, 1.0, 8.0, -6.0, 6.0, 3.0, -7.0, -7.0, -2.0, -1.0, -1.0, -1.0, -2.0, -2.0, -2.0, -2.0, -14.0, -7.0, -1.0, -7.0, -1.0, -8.0, 4.0, -2.0, 5.0, -2.0, 5.0, -2.0, 5.0, 4.0, -1.0, -2.0, 4.0, 4.0, 5.0, 4.0, 3.0, -1.0, 4.0, 2.0, 4.0, -2.0, -2.0, -1.0, 9.0, -1.0, -1.0, -8.0, 0.0, 5.0, 2.0, 4.0, -1.0, 5.0, -1.0, 5.0, -8.0, -1.0, -2.0, -1.0, -2.0, -2.0, -10.0, 5.0, -5.0, -1.0, 5.0, 11.0, -1.0, 0.0, -5.0, -2.0, -2.0, 2.0, -2.0, -2.0, -2.0, -8.0, 0.0, -2.0, -7.0, 4.0, -7.0, -1.0, -3.0, -5.0, 4.0, 2.0, -1.0, -2.0, 4.0, 5.0, -4.0, 4.0, -1.0, -1.0, -1.0, 3.0, 9.0, -7.0, 4.0, -2.0, -3.0, -2.0, -2.0, 5.0, 4.0, 4.0, -5.0, -1.0, -1.0, 3.0, -3.0, -1.0, -7.0, 0.0, -1.0, 4.0, 3.0, -5.0, 5.0, 4.0, -1.0, -1.0, 4.0, -3.0, -1.0, -1.0, -2.0, -2.0, 5.0, 5.0, -2.0, 1.0, -7.0, 5.0, 4.0, -2.0, -1.0, 3.0, -1.0, -7.0, -5.0, -2.0, -1.0, -1.0, 5.0, -1.0, 0.0, 4.0, -3.0, -7.0, -2.0, -1.0, -1.0, -2.0, 3.0, -3.0, -2.0, 1.0, 1.0, -3.0, 0.0, -1.0, -8.0, 4.0, 3.0, 1.0, -1.0, -2.0, -7.0, -2.0, -1.0, 3.0, -1.0, -1.0, 5.0, -3.0, 4.0, 0.0, -2.0, -7.0, -7.0, 3.0, 5.0, -1.0, 11.0, 4.0, -1.0, 4.0, -2.0, 0.0, 10.0, 0.0, -7.0, -2.0, -8.0, -2.0, 7.0, -1.0, -1.0, 4.0, 6.0, 5.0, 4.0, 2.0, -1.0, -2.0, 10.0, -4.0, -1.0, -2.0, 4.0, -1.0, -1.0, 0.0, 5.0, -1.0, 2.0, -1.0, -2.0, -1.0, -6.0, 2.0, -1.0, -2.0, 1.0, -2.0, 3.0, -2.0, -2.0, 6.0, -2.0, -2.0, 1.0, -2.0, -2.0, -6.0, 4.0, 1.0, 5.0, -3.0, -3.0, 5.0, 4.0, -6.0, -2.0, -1.0, -1.0, 0.0, -1.0, -3.0, 3.0, 3.0, 1.0, 0.0, 5.0, 1.0, -1.0, -1.0, -2.0, -1.0, 5.0, -3.0, 5.0, -1.0, -12.0, -2.0, -1.0, -1.0, -5.0, -7.0, -1.0, -2.0, -3.0, 6.0, 8.0, -3.0, 0.0, 4.0, 3.0, 5.0, -1.0, 3.0, 4.0, -1.0, 4.0, -1.0, 5.0, -15.0, -7.0, -1.0, -2.0, 1.0, -7.0, 5.0, -1.0, 1.0, -2.0, 6.0, 0.0, -4.0, -1.0, -2.0, 2.0, -2.0, 0.0, -6.0, -8.0, -2.0, 4.0, 4.0, -2.0, 1.0, 1.0, -5.0, 4.0, -1.0, -3.0, 10.0, -2.0, 5.0, 3.0, -1.0, 3.0, 5.0, 4.0, -2.0, -3.0, 4.0, 4.0, -1.0, 3.0, 10.0, -1.0, 2.0, -2.0, 4.0, -2.0, 5.0, -6.0, 5.0, -1.0, -5.0, 4.0, 0.0, 5.0, 0.0, -2.0, -2.0, -8.0, -2.0, -1.0, 5.0, -1.0, 5.0, -2.0, -1.0, -2.0, -2.0, -2.0, -2.0, 10.0, 4.0, 3.0, 3.0, 4.0, 10.0, 4.0, 4.0, -2.0, 0.0, -2.0, -13.0, 4.0, -1.0, 9.0, -2.0, 4.0, 3.0, 4.0, -2.0, -2.0, 5.0, -3.0, -7.0, -2.0, -2.0, -2.0, -7.0, -1.0, -2.0, 0.0, 10.0, 9.0, -1.0, 4.0, -2.0, -2.0, -7.0, 5.0, 11.0, 4.0, 5.0, -1.0, -8.0, 4.0, -2.0, -5.0, 4.0, -1.0, -7.0, -1.0, 4.0, 0.0, -1.0, -1.0, -8.0, -2.0, -1.0, 5.0, 4.0, -9.0, -4.0, -1.0, -14.0, 2.0, -12.0, -2.0, -7.0, 6.0, -1.0, 5.0, -8.0, -7.0, -1.0, -2.0, -4.0, 3.0, -2.0, -7.0, 0.0, 4.0, 5.0, 5.0, 9.0, 5.0, 2.0, -2.0, -1.0, 7.0, -1.0, 3.0, -1.0, 4.0, 4.0, -1.0, -2.0, 5.0, 4.0, -2.0, -2.0, -1.0, 4.0, -1.0, 0.0, -4.0, 3.0, -8.0, 4.0, -5.0, -1.0, -7.0, -2.0, -7.0, -1.0, 3.0, 5.0, -2.0, 5.0, -9.0, 5.0, -2.0, 0.0, -1.0, -5.0, -1.0, -1.0, -14.0, 0.0, 5.0, 11.0, -2.0, 5.0, 5.0, 4.0, 4.0, -1.0, -1.0, 4.0, -2.0, -1.0, -5.0, 4.0, 5.0, 4.0, 2.0, -7.0, -2.0, -2.0, 5.0, 6.0, -1.0, 4.0, 0.0, 5.0, 5.0, -7.0, -6.0, 6.0, 3.0, -7.0, -7.0, -3.0, -7.0, -1.0, 5.0, -6.0, -13.0, 10.0, -1.0, 6.0, 10.0, -1.0, 3.0, -2.0, 0.0, 1.0, -2.0, -3.0, -2.0, 5.0, 5.0, -3.0, -2.0, -6.0, 15.0, 5.0, 3.0, -4.0, 5.0, 0.0, -1.0, 5.0, -2.0, 4.0, -1.0, 5.0, 4.0, -1.0, 4.0, -1.0, 11.0, -2.0, -8.0, -1.0, 8.0, 5.0, 9.0, 2.0, -6.0, 4.0, 3.0, -8.0, -1.0, 11.0, -2.0, -2.0, -20.0, -2.0]",8.192839107609505,0.0033817291259765,0.0,0.0,0
84,84,"[-0.13453925, 0.25186756, -0.84708434, -0.17827976, -0.50108653, 0.28056687, 0.8481144, 0.4505754, 0.24545011, -0.10513358, 0.71345985, -0.9329418, -0.19617656, -0.21707292, 0.26908034, -0.4287476, -0.4566066, -0.18299972, -0.7237137, -0.040558435, 0.68076485, 0.096322395, -0.77354103, -0.49234545, 0.27132237, 0.6502609, 0.47685948, -0.44834104, 0.019460645, 0.7160063, 0.4871577, -0.57056797, 0.29173917, 0.94204, 0.9082103, 0.7827995, -0.34468007, -0.71509093, -0.5929366, -0.06971336, 0.12737055, -0.72281253, 0.6143724, 0.15091106, -0.8181368, -0.63778675, -0.84760964, -0.27758124, -0.19764268, 0.99041533, 0.46425352, -0.4833072, -0.08172618, -0.22157776, -0.29160705, 0.23865704, -0.31704193, -0.8995075, -0.91885316, -0.54402214, -0.75512856, -0.49591917, -0.9720909, 0.4616308, -0.23204044, -0.15972255, 0.85876316, -0.60940355, -0.7706062, 0.4632503, 0.5191781, 0.20601092, 0.13521324, 0.30958316, 0.41807693, -0.31464818, 0.98354954, -0.29190677, 0.07550876, 0.88984877, -0.38613504, 0.436574, 0.4377902, 0.30178383, 0.04201456, -0.23774058, 0.4148384, -0.63314414, 0.0657817, 0.7476853, 0.40893906, 0.041161522, 0.8299831, 0.6042787, 0.29401323, -0.90840065, -0.05667035, 0.14995722, 0.18062757, 0.13660055, 0.4988857, 0.9994623, 0.59331197, -0.3476825, 0.029710582, 0.9663479, -0.199097, -0.403769, 0.5030053, -0.6532775, -0.0928773, -0.4424219, 0.01156854, 0.9973686, 0.24931592, -0.92319244, 0.48275006, -0.35415372, -0.090031765, 0.36876473, 0.23841806, 0.7220511, -0.7324355, 0.31776914, -0.3770096, 0.57291114, 0.37228137, -0.3535926, -0.63257855, -0.88082385, 0.5373522, -0.13732909, -0.2316848, 0.964321, 0.055794775, -0.47622618, 0.217197, -0.1250607, 0.074318014, -0.26929292, -0.85179746, 0.37362963, -0.3351956, -0.7305654, -0.10746242, 0.22073331, -0.29590052, 0.81938154, 0.38495377, 0.22554371, -0.71354365, 0.49357483, 0.83170307, 0.7470995, -0.48185632, 0.12864357, 0.09342252, 0.40468284, 0.27474734, -0.27191898, 0.22553487, -0.49105227, 0.3278886, -0.03133376, 0.20223132, -0.6334604, 0.39950767, -0.6815967, 0.7132021, 0.4728136, 0.2960923, -0.29659718, 0.07789453, 0.13460796, -0.6086938, 0.13387729, 0.8161336, 0.18177618, 0.4773091, -0.07633665, 0.5851549, 0.3170669, 0.512784, -0.2516152, -0.62294763, 0.5927691, -0.71276844, -0.46418673, 0.5381934, -0.97393733, -0.645388, -0.30700544, -0.027275247, 0.09625208, -0.635397, -0.7012667, -0.7975916, 0.1576618, -0.10147612, 0.85542256, 0.85129577, -0.78114533, -0.7425069, -0.73249924, -0.24289526, -0.7314286, -0.35093054, -0.13510025, 0.42091373, -0.28524435, 0.2715722, 0.67925894, 0.64713603, -0.8637974, 0.42241836, -0.067585565, 0.6760162, -0.7215203, -0.9436943, 0.2618873, 0.51091135, -0.019180214, 0.8208728, -0.81927025, 0.8785841, -0.5817393, 0.7646202, 0.17213173, -0.44968837, 0.9197282, -0.95922345, 0.09492985, 0.9033497, 0.4311342, -0.025342338, 0.7087658, 0.049729757, 0.16661756, -0.26054943, -0.36505544, 0.38511777, 0.7714891, 0.5615503, -0.47165853, -0.08995428, -0.31752202, -0.018580427, 0.4561104, 0.44684297, 0.21387766, 0.10299888, 0.33517402, 0.55302876, 0.2250668, 0.61267966, -0.54875714, 0.35665238, -0.6046687, -0.8669748, -0.9459171, 0.67010295, 0.28399113, 0.5089325, -0.630397, -0.8926447, 0.7538229, -0.9655556, 0.5845347, -0.307563, 0.6524249, 0.6542074, 0.30720308, -0.5927187, 0.7200122, 0.92368203, -0.7845795, -0.8562037, -0.2909432, -0.19381884, -0.07190101, 0.08957097, -0.89884347, 0.8921946, -0.36695725, -0.3432831, -0.39011073, 0.89462316, -0.3155822, -0.17046674, -0.7895659, -0.9818475, -0.18348466, 0.2793373, 0.4723621, -0.5772069, 0.56552714, -0.89646494, -0.8943059, 0.3258062, 0.52953744, -0.56707954, -0.5412357, 0.44505027, -0.036168616, 0.6965143, -0.70051783, 0.8427275, -0.8918685, -0.5783039, 0.566512, 0.30949533, -0.73266035, -0.038545173, -0.2478146, -0.33708262, -0.32387704, 0.06839786, 0.52775383, -0.12896961, -0.8433061, -0.23899296, 0.9063881, 0.30704227, 0.9907233, -0.2565723, 0.02484342, 0.13890705, -0.06702789, 0.7992213, 0.31272393, 0.7445507, 0.19561264, 0.16285354, 0.8871643, 0.9131189, 0.4738321, -0.46633506, -0.6485582, 0.37585983, -0.47900024, -0.6127546, 0.036990497, 0.35144892, 0.8002084, -0.10040006, 0.2361661, 0.69252414, 0.55201286, 0.6509632, -0.12782028, 0.8479123, -0.24071305, 0.48421806, -0.7886927, 0.17324269, 0.009939411, 0.97118133, -0.6253124, -0.7581504, 0.06540157, 0.19482173, -0.14720777, 0.54040235, -0.44678068, 0.53961414, -0.39831316, 0.83285284, -0.47216877, -0.82223415, -0.10215856, 0.71254605, 0.3763673, -0.7653823, -0.46015424, -0.13834113, 0.45285514, -0.51426756, -0.9175106, 0.5323758, -0.2678923, -0.052594483, 0.25523272, 0.2718876, 0.9283204, 0.13030982, -0.65820885, 0.85307556, 0.3517428, -0.3522765, 0.5971003, 0.6052853, 0.20818688, 0.17260002, 0.09680013, 0.65307826, -0.97095084, -0.6596667, -0.71334195, 0.6141918, -0.2219158, 0.25343314, -0.53322935, -0.9082177, -0.7190492, 0.5639157, 0.4015408, -0.3332288, -0.7217389, 0.14743899, -0.14044346, 0.77798826, 0.87038547, 0.3764141, -0.9132565, -0.84724224, 0.10351231, -0.44983143, 0.13426948, -0.8256224, -0.445947, 0.005006044, 0.63239294, 0.31788266, 0.018641837, -0.28274098, 0.9700565, -0.98455715, 0.52946645, -0.2798971, -0.14633778, 0.76543915, -0.8671274, -0.68411976, -0.3340103, 0.74790794, -0.86576766, 0.7166957, -0.2792564, -0.9983693, 0.48262736, 0.69807106, 0.109341696, 0.58597326, 0.8790489, 0.77623314, -0.069267526, 0.92090374, 0.47092906, 0.07122132, -0.53005314, 0.007781239, -0.47827095, 0.56266385, -0.34062523, 0.7375006, -0.44940242, -0.94416964, -0.011975402, 0.95814925, -0.9126096, 0.03903569, -0.39869162, 0.1823608, -0.6234286, -0.705652, 0.5163882, 0.0020136482, -0.38025588, 0.013833856, -0.54057854, -0.17060655, -0.6060112, 0.66314256, -0.25994173, -0.6270425, -0.829109, -0.20128548, 0.29969606, 0.40706798, -0.19401453, -0.72288465, 0.13814983, 0.6585039, -0.8062823, -0.2325369, 0.6205484, -0.7291075, -0.6915437, -0.7215597, -0.9395263, -0.90744317, -0.78537035, 0.62652206, -0.40363738, 0.17415471, -0.76305646, -0.9679854, -0.97010976, 0.54169756, -0.12588094, -0.9308556, -0.6611732, -0.64028704, -0.35563126, -0.5770512, -0.43662676, 0.25987238, -0.6115538, 0.8849415, 0.84691185, -0.57167, -0.64533883, -0.8183431, 0.32196477, 0.40463537, 0.019289328, -0.8540569, 0.56533056, 0.96625066, -0.5513459, 0.33104652, -0.95118564, -0.18717, 0.8646397, 0.14977998, 0.6009271, 0.022579985, -0.3305181, -0.3888782, 0.79862714, -0.9418158, -0.50734866, 0.026951388, 0.23362818, -0.27883396, -0.7297362, -0.30545583, 0.23805627, 0.72828966, 0.9611688, -0.9190986, -0.8836585, 0.8255911, -0.4432353, -0.4581551, -0.47761503, 0.9827136, -0.53420067, 0.09610648, -0.98598975, 0.058248445, 0.6591278, 0.3482805, -0.62171435, 0.21989492, 0.086262815, 0.9223299, -0.33582535, 0.7296525, -0.9527519, 0.7675588, 0.4030542, -0.30227894, 0.4741704, -0.13910915, -0.7416339, -0.5967463, 0.71044815, -0.20370536, -0.07422208, 0.38964993, 0.6206373, 0.16969512, 0.9502264, -0.02194426, -0.078653395, -0.22070114, -0.9725751, 0.5861408, -0.93589073, 0.2413791, 0.24388993, 0.6094146, 0.9856002, -0.5393475, -0.4576207, -0.16624968, -0.75074804, 0.831822, -0.5369022, 0.17830344, -0.60437065, -0.32027936, 0.06609664, -0.30716303, 0.86396426, 0.0018969306, 0.20964198, 0.7724307, 0.57827646, -0.3375753, -0.041885756, 0.24541385, -0.021208217, -0.56512094, 0.8353058, -0.50174415, -0.26116768, 0.354918, 0.6578566, -0.37008357, -0.25236124, -0.18610929, -0.45520663, 0.2262583, -0.96554506, 0.78511816, 0.35081065, -0.89485127, 0.8165391, 0.116803885, 0.75666213, 0.43224934, -0.25460005, 0.3889466, 0.27274087, -0.4085681, -0.1322094, -0.051701967, -0.70515406, -0.97335434, 0.5213558, -0.20443131, 0.2731576, 0.024334941, 0.73120654, 0.8842676, -0.083747916, 0.55937755, -0.1573015, -0.09703952, 0.39719322, -0.5602419, 0.3169593, -0.48728052, -0.18742484, 0.12186064, -0.18453197, 0.21327753, 0.92641646, -0.76395804, 0.90813345, -0.10061205, -0.60906786, 0.09102257, -0.16342929, -0.8780547, 0.78844285, 0.3981694, -0.7269, 0.013981584, 0.40037784, -0.26260725, 0.011973261, -0.8280216, 0.5347354, 0.5621481, 0.024840126, 0.4873175, 0.57129204, -0.7647924, -0.67579585, 0.50444, -0.5229508, -0.95535463, -0.58523345, -0.14759104, -0.6863789, 0.89662576, 0.70160824, -0.38606852, 0.40704176, 0.32026026, -0.73007596, -0.56153476, 0.36636668, 0.9452914, 0.015048672, 0.13670729, 0.28262308, -0.86198735, -0.07478022, -0.430806, -0.982099, 0.93672526, 0.8365062, 0.9451033, -0.048265275, 0.5382659, 0.70029914, -0.2513395, 0.07289064, -0.28844577, -0.56868666, 0.7602325, 0.633154, -0.8943975, -0.39451787, -0.34406585, 0.6914176, -0.8209159, 0.11961326, -0.24826488, -0.9943661, 0.6813422, -0.9246714, 0.28310978, -0.01520079, 0.7822711, 0.63874775, 0.32611194, -0.21541025, 0.20093735, 0.106986135, -0.009087823, 0.9313856, 0.9553839, -0.8481489, 0.14226122, 0.7098948, -0.78386205, 0.1391404, -0.33504337, -0.14320442, -0.29389456, -0.6919209, 0.6652039, -0.97364223, -0.25558615, 0.61180973, -0.834623, -0.60091937, -0.6246469, 0.5385127, -0.81914026, -0.48020607, -0.7186873, 0.6448033, -0.62406814, 0.57022184, -0.4971873, -0.36862993, -0.4455682, 0.23902264, -0.23502918, 0.30250892, -0.18808775, 0.8145028, -0.8539535, -0.16470265, 0.85035014, -0.9727173, 0.1708406, 0.45906457, -0.32649177, -0.9840888, -0.06416073, 0.88446546, 0.085381396, -0.204371, -0.68159944, -0.9677002, 0.5232408, 0.759223, 0.6316599, 0.46243927, -0.48396415, 0.7474302, 0.7426688, 0.9092754, -0.96296626, -0.36128163, -0.762493, -0.025688063, 0.17813422, 0.015124025, -0.9593131, 0.05170966, 0.51396704, -0.1416265, 0.20057249, 0.15368222, 0.32785162, -0.35609284, -0.8264529, 0.62839794, 0.8857264, 0.211381, -0.54401046, 0.38298166, 0.06051933, 0.08721397, 0.042667974, 0.6290785, 0.06770323, 0.44256008, 0.07097053, -0.78933984, -0.75197476, -0.70013624, -0.5667374, -0.018955987, -0.79532963, -0.017512223, -0.22477287, 0.19186147, 0.26157656, 0.011823696, 0.27624333, 0.91514945, 0.82614446, 0.920193, -0.9081706, -0.23338297, -0.88904136, 0.676823, -0.46347687, -0.92260104, 0.49757287, 0.53882194, 0.7657235, 0.4838793, 0.6840899, 0.7397558, -0.31791964, -0.110494, 0.23661035, 0.3724984, 0.76027256, -0.3148668, 0.751974, 0.051096637, 0.06672153, -0.21212581, -0.830078, 0.40326333, -0.98375994, -0.9602501, -0.9210016, -0.29395148, 0.9603422, -0.6226026, 0.27610093, -0.13410597, -0.95099074, 0.6758532, 0.8258812, 0.83428055, -0.90234095, 0.605484, 0.22374432, 0.6501382, 0.053063337, 0.7977235, -0.84791785, -0.9047931, -0.19514084, -0.9411401, -0.8759078, 0.23714702, 0.47111338, 0.011252605, -0.101732686, -0.34624326, 0.3474676, -0.5516531, 0.6965308, -0.28257394, 0.24957204, -0.25407115, 0.62777424, 0.9296497, 0.8850253, -0.3749224, 0.56018925, 0.23376699, -0.12992424, -0.03920342, 0.13220215, 0.096043974, -0.6474864, -0.53452164, -0.91966385, 0.6285897, -0.52232903, 0.21866831, 0.06855096, -0.8757854, 0.49501958, 0.05663316, 0.8672969, 0.63686204, -0.83098173, 0.9184363, -0.413688, -0.6430966, -0.2464714, -0.55102426, -0.09575958, 0.7484309, 0.61787945, -0.00973049, -0.72398204, -0.16116269, -0.58129805, -0.053103928, -0.062077545, 0.39720392, -0.027653638, -0.14780648, 0.50787044, 0.31007704, -0.20975578, 0.36733273, 0.716229, 0.41771454, -0.60717857, 0.223373, 0.15017693, 0.062930934, 0.83523947, -0.07438245, 0.5159147, 0.6379453, 0.76182914, -0.41632825, 0.13497813, -0.89464873, 0.14617753, -0.5635666, -0.8943379, -0.41511586, 0.5250731, 0.77382994, 0.5924146, 0.68255377, 0.43755168, 0.68842953, -0.13427097, 0.45079762, -0.26542008, 0.015310349, -0.36215842, 0.78994894, -0.77373797, -0.0175038, -0.577529, -0.05181339, -0.18615396, -0.52337354, -0.3018889, -0.5479761, -0.53465414, -0.686088, -0.40123117, 0.42008534, 0.69591814, 0.8732294, -0.35087708, 0.67875165, -0.15532571, -0.9657275, -0.77408725, 0.5572425, -0.20528242, 0.15662466, 0.042209357, -0.49754938, 0.16579293, 0.3909779, 0.21121123, 0.06711027, 0.6619034, 0.96964777, 0.46469802, -0.4257259, 0.6203704, 0.89206123, 0.063919604, 0.53151333, 0.6079037, -0.639325, 0.18348761, -0.3668079, -0.090769395, 0.010524858, -0.51528704, 0.043008566, 0.09193546, 0.77970296]","[-7.0, 4.0, 4.0, -2.0, -1.0, 4.0, -1.0, 2.0, -2.0, -3.0, -2.0, -1.0, 4.0, -2.0, 4.0, -2.0, -2.0, -3.0, -7.0, -1.0, -8.0, -2.0, -2.0, -7.0, 5.0, 10.0, -7.0, -8.0, 3.0, -7.0, -14.0, 4.0, -2.0, 4.0, 5.0, 3.0, 4.0, -6.0, -7.0, -7.0, 0.0, 5.0, -1.0, -4.0, 1.0, 5.0, 3.0, -7.0, -3.0, -2.0, 5.0, 3.0, 5.0, -1.0, 1.0, 1.0, -1.0, -2.0, 0.0, 4.0, 3.0, 4.0, -2.0, 0.0, 3.0, 4.0, -7.0, -3.0, -2.0, 5.0, 5.0, 2.0, -1.0, 4.0, -6.0, 3.0, 4.0, -3.0, -1.0, 6.0, -2.0, -6.0, -1.0, -7.0, 6.0, 10.0, -1.0, -1.0, 0.0, 4.0, -1.0, 6.0, -1.0, 10.0, -2.0, 4.0, 4.0, -3.0, -6.0, -4.0, -1.0, -1.0, 1.0, -1.0, -8.0, 5.0, 1.0, 3.0, 5.0, -3.0, -2.0, -7.0, -7.0, -2.0, 4.0, -8.0, 5.0, -7.0, 5.0, -3.0, 5.0, 5.0, 0.0, 4.0, -2.0, 3.0, -1.0, 4.0, 3.0, -2.0, 5.0, -1.0, -4.0, -7.0, -2.0, -8.0, -1.0, -8.0, 3.0, 4.0, 4.0, 5.0, -2.0, 4.0, 5.0, 4.0, -8.0, 0.0, -7.0, 4.0, -10.0, 5.0, -3.0, 0.0, -2.0, -7.0, 4.0, 4.0, 4.0, -1.0, -3.0, 4.0, 5.0, 3.0, -13.0, -1.0, -7.0, 4.0, -9.0, -5.0, 3.0, -1.0, 5.0, 3.0, 1.0, -2.0, -2.0, -2.0, -3.0, 0.0, 3.0, -2.0, -2.0, -5.0, -2.0, -2.0, 5.0, -6.0, 2.0, 10.0, -3.0, -2.0, 4.0, -4.0, -2.0, 0.0, -2.0, -8.0, -2.0, -2.0, -8.0, -2.0, -2.0, 5.0, -1.0, 5.0, -1.0, -3.0, -1.0, -1.0, 5.0, 4.0, -2.0, 4.0, 1.0, -8.0, 4.0, 4.0, -2.0, -3.0, 4.0, -7.0, -3.0, -7.0, 8.0, 5.0, 4.0, -3.0, 0.0, 4.0, -7.0, 0.0, 5.0, -2.0, 0.0, 4.0, 4.0, 4.0, -1.0, 3.0, 1.0, -1.0, -6.0, 3.0, 2.0, 0.0, 4.0, -5.0, -2.0, 6.0, -2.0, -5.0, -2.0, -1.0, -2.0, -4.0, -1.0, -4.0, -2.0, -2.0, -2.0, 5.0, -7.0, -2.0, 4.0, -1.0, -7.0, 1.0, -7.0, 5.0, 4.0, -1.0, -1.0, -6.0, 6.0, -1.0, 5.0, -2.0, -4.0, -7.0, 4.0, -1.0, 0.0, -1.0, -1.0, 12.0, 0.0, -1.0, 4.0, 4.0, -1.0, -2.0, -8.0, -2.0, -2.0, -1.0, -7.0, -1.0, -3.0, -2.0, 4.0, 3.0, 4.0, -1.0, -1.0, 0.0, -3.0, 4.0, 0.0, -2.0, 3.0, 3.0, -6.0, -1.0, -2.0, 0.0, 1.0, -1.0, 5.0, 4.0, -1.0, -8.0, -1.0, 3.0, 6.0, 1.0, -7.0, 4.0, 5.0, 2.0, 0.0, 0.0, 4.0, 10.0, -2.0, -2.0, -8.0, -2.0, 4.0, 12.0, -1.0, 5.0, -4.0, -7.0, -7.0, 0.0, -1.0, -1.0, -2.0, -1.0, -3.0, -1.0, -1.0, 4.0, 5.0, 5.0, -2.0, -7.0, 3.0, -1.0, -7.0, -1.0, 4.0, -7.0, 6.0, -1.0, 4.0, 10.0, 4.0, -7.0, -1.0, 13.0, 4.0, 9.0, 0.0, 4.0, -3.0, 4.0, 5.0, 4.0, 4.0, 4.0, -2.0, 5.0, -1.0, 4.0, 3.0, 5.0, 5.0, 3.0, 0.0, 5.0, -2.0, 11.0, 5.0, 11.0, -2.0, -2.0, 5.0, 10.0, -3.0, 5.0, 10.0, -1.0, 3.0, -1.0, -7.0, 5.0, -2.0, 4.0, -2.0, 3.0, 3.0, 1.0, -8.0, -2.0, -10.0, 5.0, 0.0, -3.0, -8.0, 1.0, 8.0, -6.0, 6.0, 3.0, -7.0, -7.0, -2.0, -1.0, -1.0, -1.0, -2.0, -2.0, -2.0, -2.0, -14.0, -7.0, -1.0, -7.0, -1.0, -8.0, 4.0, -2.0, 5.0, -2.0, 5.0, -2.0, 5.0, 4.0, -1.0, -2.0, 4.0, 4.0, 5.0, 4.0, 3.0, -1.0, 4.0, 2.0, 4.0, -2.0, -2.0, -1.0, 9.0, -1.0, -1.0, -8.0, 0.0, 5.0, 2.0, 4.0, -1.0, 5.0, -1.0, 5.0, -8.0, -1.0, -2.0, -1.0, -2.0, -2.0, -10.0, 5.0, -5.0, -1.0, 5.0, 11.0, -1.0, 0.0, -5.0, -2.0, -2.0, 2.0, -2.0, -2.0, -2.0, -8.0, 0.0, -2.0, -7.0, 4.0, -7.0, -1.0, -3.0, -5.0, 4.0, 2.0, -1.0, -2.0, 4.0, 5.0, -4.0, 4.0, -1.0, -1.0, -1.0, 3.0, 9.0, -7.0, 4.0, -2.0, -3.0, -2.0, -2.0, 5.0, 4.0, 4.0, -5.0, -1.0, -1.0, 3.0, -3.0, -1.0, -7.0, 0.0, -1.0, 4.0, 3.0, -5.0, 5.0, 4.0, -1.0, -1.0, 4.0, -3.0, -1.0, -1.0, -2.0, -2.0, 5.0, 5.0, -2.0, 1.0, -7.0, 5.0, 4.0, -2.0, -1.0, 3.0, -1.0, -7.0, -5.0, -2.0, -1.0, -1.0, 5.0, -1.0, 0.0, 4.0, -3.0, -7.0, -2.0, -1.0, -1.0, -2.0, 3.0, -3.0, -2.0, 1.0, 1.0, -3.0, 0.0, -1.0, -8.0, 4.0, 3.0, 1.0, -1.0, -2.0, -7.0, -2.0, -1.0, 3.0, -1.0, -1.0, 5.0, -3.0, 4.0, 0.0, -2.0, -7.0, -7.0, 3.0, 5.0, -1.0, 11.0, 4.0, -1.0, 4.0, -2.0, 0.0, 10.0, 0.0, -7.0, -2.0, -8.0, -2.0, 7.0, -1.0, -1.0, 4.0, 6.0, 5.0, 4.0, 2.0, -1.0, -2.0, 10.0, -4.0, -1.0, -2.0, 4.0, -1.0, -1.0, 0.0, 5.0, -1.0, 2.0, -1.0, -2.0, -1.0, -6.0, 2.0, -1.0, -2.0, 1.0, -2.0, 3.0, -2.0, -2.0, 6.0, -2.0, -2.0, 1.0, -2.0, -2.0, -6.0, 4.0, 1.0, 5.0, -3.0, -3.0, 5.0, 4.0, -6.0, -2.0, -1.0, -1.0, 0.0, -1.0, -3.0, 3.0, 3.0, 1.0, 0.0, 5.0, 1.0, -1.0, -1.0, -2.0, -1.0, 5.0, -3.0, 5.0, -1.0, -12.0, -2.0, -1.0, -1.0, -5.0, -7.0, -1.0, -2.0, -3.0, 6.0, 8.0, -3.0, 0.0, 4.0, 3.0, 5.0, -1.0, 3.0, 4.0, -1.0, 4.0, -1.0, 5.0, -15.0, -7.0, -1.0, -2.0, 1.0, -7.0, 5.0, -1.0, 1.0, -2.0, 6.0, 0.0, -4.0, -1.0, -2.0, 2.0, -2.0, 0.0, -6.0, -8.0, -2.0, 4.0, 4.0, -2.0, 1.0, 1.0, -5.0, 4.0, -1.0, -3.0, 10.0, -2.0, 5.0, 3.0, -1.0, 3.0, 5.0, 4.0, -2.0, -3.0, 4.0, 4.0, -1.0, 3.0, 10.0, -1.0, 2.0, -2.0, 4.0, -2.0, 5.0, -6.0, 5.0, -1.0, -5.0, 4.0, 0.0, 5.0, 0.0, -2.0, -2.0, -8.0, -2.0, -1.0, 5.0, -1.0, 5.0, -2.0, -1.0, -2.0, -2.0, -2.0, -2.0, 10.0, 4.0, 3.0, 3.0, 4.0, 10.0, 4.0, 4.0, -2.0, 0.0, -2.0, -13.0, 4.0, -1.0, 9.0, -2.0, 4.0, 3.0, 4.0, -1.0, -2.0, 5.0, -3.0, -7.0, -2.0, -2.0, -2.0, -7.0, -1.0, -2.0, 0.0, 10.0, 9.0, -1.0, 4.0, -2.0, -2.0, -7.0, 5.0, 11.0, 4.0, 5.0, -1.0, -8.0, 4.0, -2.0, -5.0, 4.0, -1.0, -7.0, -1.0, 4.0, 0.0, -1.0, -1.0, -8.0, -2.0, -1.0, 5.0, 4.0, -9.0, -4.0, -1.0, -14.0, 2.0, -12.0, -2.0, -7.0, 6.0, -1.0, 5.0, -8.0, -7.0, -1.0, -2.0, -4.0, 3.0, -2.0, -7.0, 0.0, 4.0, 5.0, 5.0, 9.0, 5.0, 2.0, -2.0, -1.0, 7.0, -1.0, 3.0, -1.0, 4.0, 4.0, -1.0, -2.0, 5.0, 4.0, -2.0, -2.0, -1.0, 4.0, -1.0, 0.0, -4.0, 3.0, -8.0, 4.0, -5.0, -1.0, -7.0, -2.0, -7.0, -1.0, 3.0, 5.0, -2.0, 5.0, -9.0, 5.0, -2.0, 0.0, -1.0, -5.0, -1.0, -1.0, -14.0, 0.0, 5.0, 11.0, -2.0, 5.0, 5.0, 4.0, 4.0, -1.0, -1.0, 4.0, -2.0, -1.0, -5.0, 4.0, 5.0, 4.0, 2.0, -7.0, -2.0, -2.0, 5.0, 6.0, -1.0, 4.0, 0.0, 5.0, 5.0, -7.0, -6.0, 6.0, 3.0, -7.0, -7.0, -3.0, -7.0, -1.0, 5.0, -6.0, -13.0, 10.0, -1.0, 6.0, 10.0, -1.0, 3.0, -2.0, 0.0, 1.0, -2.0, -3.0, -2.0, 5.0, 5.0, -3.0, -2.0, -6.0, 15.0, 5.0, 3.0, -4.0, 5.0, 0.0, -1.0, 5.0, -2.0, 4.0, -1.0, 5.0, 4.0, -1.0, 4.0, -1.0, 11.0, -2.0, -8.0, -1.0, 8.0, 5.0, 9.0, 2.0, -6.0, 4.0, 3.0, -8.0, -1.0, 11.0, -2.0, -2.0, -20.0, -2.0]",8.191414266461646,0.0032954216003417,0.0,0.0,0
85,85,"[0.4448623, -0.8288263, -0.3725347, 0.84452397, 0.7981735, 0.6441614, -0.8123784, 0.091399536, -0.43931413, -0.95566434, -0.35405764, -0.25474945, -0.05109448, -0.45383257, 0.5338686, 0.14646827, 0.016622849, -0.39102188, 0.5389694, 0.3884931, -0.5930349, -0.5874861, -0.31412196, 0.49626324, -0.59779114, 0.5947273, -0.7323767, 0.26405782, -0.835405, -0.9383578, 0.22977883, 0.27109078, -0.4111003, 0.8342933, 0.21584085, 0.5914239, 0.86181587, -0.63686305, -0.94344413, 0.5727196, 0.27666825, -0.63393265, 0.04883985, 0.47041857, 0.48830155, -0.030172609, 0.49709547, 0.2541602, -0.5750919, -0.31350765, -0.99162, 0.79409844, 0.39491355, 0.18521757, 0.20921364, -0.3616747, 0.079473875, 0.7712239, 0.5982952, 0.40902746, 0.6206404, 0.4371665, 0.5918678, -0.8980675, -0.683788, -0.8894452, -0.14633934, 0.4895477, -0.59341246, -0.2459632, 0.22750086, 0.05685288, -0.8567667, -0.243929, 0.67288, 0.63220453, 0.5279617, 0.09729337, -0.928998, -0.72452766, 0.6163427, 0.24425814, -0.6329748, -0.04143608, -0.62253356, 0.88560694, 0.79124075, -0.29894352, -0.48178124, -0.13383661, 0.12771739, 0.32725185, 0.84412867, -0.68778485, 0.11992993, 0.68069196, 0.9932477, 0.29262152, -0.67000395, 0.49548855, -0.5504155, 0.6369944, -0.6755392, -0.59388894, 0.42596987, -0.05463938, 0.0519867, -0.6498699, 0.18534747, -0.23479164, 0.53201526, -0.6252384, -0.2906351, -0.27596757, 0.05187758, 0.33863342, -0.96304244, 0.08611905, -0.14982617, 0.633794, -0.6417385, -0.66159797, -0.5216857, -0.22912408, 0.7738345, 0.79703355, 0.76329947, -0.26593256, -0.37335163, 0.10826619, -0.48211673, -0.3707626, 0.5028226, -0.25138417, -0.6360817, 0.05902405, 0.6744169, 0.03990523, -0.19295731, -0.38921362, 0.567081, -0.52467245, 0.009905007, -0.7236624, -0.8109264, -0.4927713, -0.55830693, -0.7796067, 0.6603087, -0.018692095, -0.9434005, 0.25161868, -0.9265142, -0.28914642, -0.23785734, 0.06668247, -0.01981427, -0.4765371, 0.6711531, 0.88440853, 0.8589872, 0.08110366, 0.40106866, -0.90265167, -0.6478995, 0.4729235, 0.9437676, 0.15326647, -0.14500612, 0.8691232, -0.4753254, 0.072898, 0.77246565, 0.7677419, -0.62801707, 0.1641158, 0.09432792, -0.7885772, 0.94416666, 0.56667477, 0.6285543, -0.090722494, 0.15489087, -0.021673726, -0.98687047, -0.9230203, 0.83825284, -0.051859435, 0.60183823, 0.19684455, -0.5694542, 0.4753379, -0.15817133, 0.9440739, 0.024061875, 0.98583627, 0.21789815, -0.17113017, -0.5879561, -0.7879763, -0.5653758, -0.7109578, 0.3105794, -0.73493856, 0.55923545, 0.07296432, 0.21066752, 0.8258139, 0.8285172, -0.6905995, -0.060059704, -0.22792578, -0.5822314, -0.7460141, -0.32893735, -0.20691697, 0.904684, -0.9316839, -0.82146734, -0.29614317, 0.3664315, -0.49421656, 0.95684844, -0.6576063, -0.7546561, 0.90346605, 0.14135757, 0.20214954, -0.98611546, 0.3308908, 0.5786773, -0.84801525, -0.6185031, -0.703397, 0.89152724, -0.7754033, 0.9250099, 0.35893887, -0.6161521, -0.6753635, -0.033278544, -0.5779862, 0.72791654, 0.61845636, -0.41090125, -0.70091194, -0.8977511, 0.14634265, 0.5233861, -0.4830173, -0.087442495, 0.5663611, 0.3466766, -0.42796138, -0.40802166, -0.100193106, -0.46532518, 0.8995416, 0.91796374, -0.6496203, 0.13808095, -0.8579755, 0.47064495, -0.29457217, -0.39701462, -0.5723887, 0.0948948, -0.5586154, -0.5839188, 0.49322122, -0.4929673, 0.8241421, 0.5510422, -0.3088771, -0.284745, 0.123270184, 0.96179056, -0.7993108, -0.5330685, 0.50283426, -0.41548103, -0.7611138, 0.43761766, 0.9704054, -0.96306705, 0.40537134, -0.86765915, 0.9215782, 0.13843586, 0.018783668, -0.062074482, -0.4961696, 0.82745385, -0.006209929, 0.8265857, 0.01561092, 0.08571337, 0.6967956, -0.38763496, -0.27593264, -0.79337406, -0.27243876, -0.4852034, 0.37180862, 0.97056043, 0.9035597, -0.46497536, -0.56878376, -0.13499936, 0.1090352, 0.9411436, 0.9164509, -0.70140445, -0.6856567, 0.9088635, -0.68467313, 0.19935507, -0.91831934, -0.9247839, 0.59454364, 0.99746823, -0.09579465, 0.5623011, 0.64550394, -0.06699765, -0.73383546, 0.074105814, 0.96746564, 0.40087047, 0.0029073942, 0.77280205, 0.49180758, -0.21489824, 0.95790976, 0.024953028, 0.5365157, -0.31126374, 0.34820995, 0.64466876, -0.5877119, 0.7285898, 0.89190245, 0.1502851, 0.31825262, 0.42828614, -0.8572244, 0.35166046, 0.044556014, 0.5957195, -0.49412537, 0.3102149, 0.62016785, -0.13618009, 0.31154615, 0.4048481, 0.036947016, -0.31405833, -0.16813393, 0.65520424, 0.07202613, 0.49268395, 0.37597162, -0.40051293, -0.18077584, 0.40666494, 0.8186005, -0.5039404, -0.26843232, 0.61696166, -0.43576917, -0.0754088, 0.15570743, 0.5786884, -0.72247386, -0.2973526, 0.47822154, -0.8291031, -0.9224912, -0.39203843, -0.8211337, 0.60181254, -0.5907252, -0.72248334, 0.27756512, 0.09872845, 0.7750583, -0.9839656, -0.0008409963, -0.98885894, -0.2716213, 0.04614868, 0.7098427, 0.8524495, 0.35212356, 0.2067281, -0.010498075, 0.9633016, -0.90516675, -0.4956999, -0.20793788, -0.119720735, -0.38366175, -0.09754304, 0.8799064, -0.173845, -0.6246584, 0.35004073, 0.5663922, -0.41358653, -0.8470254, -0.13838963, -0.3270653, -0.4405938, -0.5277174, -0.9547926, 0.6700098, 0.09261195, 0.874175, -0.87243986, 0.9446004, -0.087729715, -0.8382022, -0.63092285, -0.5806957, 0.07848818, -0.8481489, -0.2619333, 0.32573706, 0.47590125, 0.33878124, 0.31386393, -0.5294695, -0.7942779, -0.98162806, 0.861565, -0.6163037, -0.47449294, -0.52386737, -0.7487025, -0.49147084, 0.7213436, -0.4409146, 0.48371387, 0.36570233, 0.8383384, -0.06301095, -0.83732367, 0.8932085, -0.06390675, -0.1377633, 0.92020077, 0.6277899, 0.8251159, -0.7303048, -0.48668975, -0.1959057, 0.29672164, 0.22973451, 0.7726049, -0.03111544, 0.6158449, 0.7293286, -0.7948594, 0.41939324, -0.61136496, 0.4513687, 0.29490867, -0.8193396, -0.16919123, -0.006923805, 0.29617292, -0.40112087, 0.022582294, -0.025257891, 0.25987202, 0.03206958, -0.59537286, -0.32269755, -0.621591, 0.3977561, -0.5129966, 0.6794715, -0.6655469, -0.27555847, -0.14989552, -0.34461758, -0.41169104, 0.99698466, -0.36278138, 0.00384705, -0.38204342, -0.20521127, 0.66196686, -0.39203316, -0.6784649, 0.45206308, -0.20917171, 0.6818564, 0.48192254, -0.5068247, 0.7361324, -0.4827759, -0.414839, -0.08307888, 0.25786224, 0.9519636, 0.81017053, 0.098135106, -0.8161725, -0.105516225, 0.29709047, -0.0020303573, -0.47128475, -0.07072994, -0.065825626, -0.77144206, 0.45174208, -0.210105, -0.21065457, -0.93900996, 0.72441155, 0.84959936, -0.29588223, 0.28264183, -0.86343133, -0.48968756, 0.49496898, 0.428784, -0.23218375, -0.93966776, 0.5380397, -0.3168252, -0.27763692, 0.9689888, -0.20460708, 0.5193672, 0.8103987, -0.9682294, -0.1299254, 0.9727142, -0.26574406, -0.3956407, -0.11355867, 0.58171415, 0.772569, -0.08333532, 0.41349602, 0.9591509, -0.5688166, 0.76921433, -0.4224645, -0.64850515, 0.06677807, -0.31157976, 0.9707052, 0.27986008, 0.75268614, 0.9705836, 0.76501197, 0.7014502, 0.2293982, 0.65337414, -0.48474008, -0.25574893, -0.6476482, -0.5132326, 0.032080118, 0.15009455, 0.80220807, -0.4366396, 0.7425489, -0.8314083, -0.90906554, 0.13982302, -0.43806437, -0.21728508, -0.28480047, 0.34428778, -0.06646484, -0.033909075, -0.66685855, -0.5076116, 0.7133623, -0.70618427, -0.7669376, -0.103460856, 0.8484628, 0.7932044, 0.15320204, 0.30958322, 0.09482324, 0.74516827, 0.59040815, 0.815099, -0.25195244, -0.98088276, -0.95237035, -0.93981415, -0.6014856, 0.7670938, -0.7043468, -0.96365774, -0.564739, 0.31043243, -0.2888523, 0.9450701, -0.7478436, 0.6104865, -0.0767821, 0.4454691, 0.7535576, -0.17221035, -0.9224385, 0.25285608, 0.763793, 0.6755046, -0.5221198, -0.93039656, -0.5051103, 0.20186496, -0.83687824, -0.89502543, 0.83017963, 0.7077829, -0.1793852, 0.30319706, -0.28175214, 0.9049575, -0.060293794, -0.451002, -0.11494235, -0.8750989, 0.28947914, -0.11037103, -0.48216316, -0.3638188, 0.9953, -0.047413196, 0.78434026, -0.56392974, 0.30315614, 0.04142819, 0.4071109, -0.83434093, 0.3463508, 0.6411487, -0.072075404, 0.37756723, 0.87127316, 0.35771495, -0.21400648, -0.36537692, 0.059619453, 0.89499825, 0.23473677, -0.81035125, 0.65712684, -0.5506629, -0.0492878, 0.88826954, 0.73309076, 0.53473717, 0.9816183, -0.19744879, 0.013613269, -0.8878231, -0.94328725, 0.9069138, 0.62546414, 0.014836394, -0.40351117, -0.6662893, 0.21676062, 0.44844338, -0.08871098, -0.22906277, -0.8010554, 0.20201464, -0.6649865, 0.18098429, 0.41280195, -0.734755, -0.45422974, 0.6045576, 0.18111125, -0.11776611, 0.6696204, 0.49414602, -0.97936547, -0.7832136, -0.6373864, -0.94805765, -0.45464754, -0.6286132, 0.28877026, 0.3327877, -0.28875232, -0.59346235, 0.04956507, 0.060759325, -0.55716354, 0.083949834, 0.0740874, -0.66727436, 0.4049467, -0.463165, -0.00052498316, 0.92541224, -0.34522513, -0.30508122, 0.4566225, -0.85929817, -0.25962698, -0.66675085, 0.77790564, -0.73882306, 0.737883, -0.45659617, 0.44931424, -0.92781556, 0.7480565, -0.3060981, -0.070751406, 0.40541223, 0.790432, -0.3221136, -0.7581216, -0.2110999, 0.1574689, 0.17283095, 0.17211227, -0.45698228, -0.6581014, -0.11650023, -0.2410168, 0.15539132, 0.9945838, 0.10308498, -0.5613946, 0.4017262, -0.0113237975, 0.5963819, 0.95146996, 0.8313243, -0.25132102, 0.6747663, 0.54378957, 0.2546487, -0.8990376, -0.45465377, 0.8444659, -0.26456916, -0.1589025, 0.0597697, -0.9744729, 0.10540485, 0.6606946, -0.8746655, 0.5496805, -0.42409775, -0.41191006, -0.5063864, 0.41471648, -0.72372836, -0.8661981, 0.29802024, 0.07004338, -0.094269425, 0.9762871, -0.86688524, 0.49702266, 0.8417734, -0.4773524, -0.64888936, -0.04923637, 0.57925653, 0.7334692, -0.3774407, 0.11887953, -0.79307026, 0.2380966, 0.49429497, 0.15822299, -0.9869546, -0.22152619, 0.3507903, 0.7121033, -0.6924446, -0.63949454, -0.41709816, -0.50768125, -0.65594107, 0.030696865, 0.69857806, -0.47212148, 0.57631713, -0.87587935, -0.68201584, -0.7817503, -0.14439861, 0.71442634, -0.5288283, -0.3994072, 0.8817226, 0.2103832, -0.6472979, -0.46632555, 0.6026336, 0.4447781, 0.4430341, 0.9439851, -0.11484816, 0.4084152, -0.9631562, -0.7084513, 0.91602355, 0.2484121, 0.99236685, -0.67117465, 0.016768286, 0.06033741, -0.9248125, -0.1529062, -0.3591833, -0.4470709, -0.06472488, 0.4134064, -0.35201553, -0.43460092, 0.84803057, 0.05608948, -0.26384568, 0.7731795, 0.08125977, 0.7611294, -0.6221526, -0.5826521, -0.6057152, -0.56252444, 0.43072772, 0.5863875, -0.27274963, -0.18641002, 0.34944156, -0.075419426, -0.6233357, 0.37315512, -0.03350197, 0.87382853, 0.38047943, -0.61712414, -0.013455916, 0.42045614, 0.15188344, -0.6286534, -0.9800436, 0.95555776, -0.79546696, -0.52273893, -0.9040169, 0.9084963, -0.32839096, -0.2898696, 0.4685997, -0.8394576, -0.6197239, 0.35460496, -0.17777218, 0.4902388, -0.20023242, 0.7120481, -0.0013935034, -0.45926657, 0.22681826, 0.56837326, 0.3959203, 0.8884481, 0.31760886, -0.9568804, -0.98323417, 0.97212315, 0.8163422, 0.9566292, 0.769318, 0.5132036, -0.44153675, -0.013360967, -0.60135823, 0.44900322, 0.6629292, 0.41132632, -0.6310888, -0.3843407, 0.44484675, 0.11001151, 0.17774254, -0.30682597, 0.5363563, 0.9781702, -0.22309083, 0.7099852, 0.34891948, 0.66919327, -0.93498236, -0.7421535, 0.46949404, 0.2558211, 0.102927834, 0.65372396, 0.67373866, -0.06999782, -0.95398676, -0.06414927, 0.7322677, 0.15314004, 0.8061533, 0.7345323, -0.014779725, 0.63414174, -0.05374268, 0.7280123, 0.9031558, 0.3592533, -0.8712051, 0.6910604, -0.108636424, 0.8624112, -0.9383586, 0.011511321, -0.62085265, 0.5065613, -0.8561878, 0.2597309, 0.8394136, 0.38788456, 0.31587377, -0.6655403, -0.30536285, -0.0046930364, 0.8402526, -0.089079514, 0.74822235, 0.079835534, 0.56549466, 0.19168554, -0.14518633, 0.43904296, -0.4358644, -0.11960027, -0.59493077, 0.43127075, 0.822529, 0.8639986, -0.33932906, -0.68362945, -0.5376729, 0.43390328, -0.9712888, -0.7272957, 0.7829849, 0.3726883, -0.7571751, 0.25539994, -0.92241806, -0.39125985, 0.08816966, -0.039588742, -0.5158625, -0.7108274, 0.006852371, 0.51065236, -0.04731627, 0.13654682, -0.15086196, -0.55128473, 0.2851815, 0.08598039, 0.37213022, -0.6746018, -0.4011175, 0.08418108, -0.50302595, 0.28136343, 0.5333451, -0.9786514, -0.49324378, 0.6502251, -0.62600714, 0.069927566, -0.6781339, 0.667648, 0.072903164, 0.14202826, 0.07147652, 0.16639902, -0.73505825, 0.6724821, -0.1663955, -0.74025416, 0.5679704]","[-7.0, 4.0, 4.0, -2.0, -1.0, 4.0, -1.0, 2.0, -2.0, -3.0, -2.0, -1.0, 4.0, -2.0, 4.0, -2.0, -2.0, -3.0, -7.0, -1.0, -8.0, -2.0, -2.0, -7.0, 5.0, 10.0, -7.0, -8.0, 3.0, -7.0, -14.0, 4.0, -2.0, 4.0, 5.0, 3.0, 4.0, -6.0, -7.0, -7.0, 0.0, 5.0, -1.0, -4.0, 1.0, 5.0, 3.0, -7.0, -3.0, -2.0, 5.0, 3.0, 5.0, -1.0, 1.0, 1.0, -1.0, -2.0, 0.0, 4.0, 3.0, 4.0, -2.0, 0.0, 3.0, 4.0, -7.0, -3.0, -2.0, 5.0, 5.0, 2.0, -1.0, 4.0, -6.0, 3.0, 4.0, -3.0, -1.0, 6.0, -2.0, -6.0, -1.0, -7.0, 6.0, 10.0, -1.0, -1.0, 0.0, 4.0, -1.0, 6.0, -1.0, 10.0, -2.0, 4.0, 4.0, -3.0, -6.0, -4.0, -1.0, -1.0, 1.0, -1.0, -8.0, 5.0, 1.0, 3.0, 5.0, -3.0, -2.0, -7.0, -7.0, -2.0, 4.0, -8.0, 5.0, -7.0, 5.0, -3.0, 5.0, 5.0, 0.0, 4.0, -2.0, 3.0, -1.0, 4.0, 3.0, -2.0, 5.0, -1.0, -4.0, -7.0, -2.0, -8.0, -1.0, -8.0, 3.0, 4.0, 4.0, 5.0, -2.0, 4.0, 5.0, 4.0, -8.0, 0.0, -7.0, 4.0, -10.0, 5.0, -3.0, 0.0, -2.0, -7.0, 4.0, 4.0, 4.0, -1.0, -3.0, 4.0, 5.0, 3.0, -13.0, -1.0, -7.0, 4.0, -9.0, -5.0, 3.0, -1.0, 5.0, 3.0, 1.0, -2.0, -2.0, -2.0, -3.0, 0.0, 3.0, -2.0, -2.0, -5.0, -2.0, -2.0, 5.0, -6.0, 2.0, 10.0, -3.0, -2.0, 4.0, -4.0, -2.0, 0.0, -2.0, -8.0, -2.0, -2.0, -8.0, -2.0, -2.0, 5.0, -1.0, 5.0, -1.0, -3.0, -1.0, -1.0, 5.0, 4.0, -2.0, 4.0, 1.0, -8.0, 4.0, 4.0, -2.0, -3.0, 4.0, -7.0, -3.0, -7.0, 8.0, 5.0, 4.0, -3.0, 0.0, 4.0, -7.0, 0.0, 5.0, -2.0, 0.0, 4.0, 4.0, 4.0, -1.0, 3.0, 1.0, -1.0, -6.0, 3.0, 2.0, 0.0, 4.0, -5.0, -2.0, 6.0, -2.0, -5.0, -2.0, -1.0, -2.0, -4.0, -1.0, -4.0, -2.0, -2.0, -2.0, 5.0, -7.0, -2.0, 4.0, -1.0, -7.0, 1.0, -7.0, 5.0, 4.0, -1.0, -1.0, -6.0, 6.0, -1.0, 5.0, -2.0, -4.0, -7.0, 4.0, -1.0, 0.0, -1.0, -1.0, 12.0, 0.0, -1.0, 4.0, 4.0, -1.0, -2.0, -8.0, -2.0, -2.0, -1.0, -7.0, -1.0, -3.0, -2.0, 4.0, 3.0, 4.0, -1.0, -1.0, 0.0, -3.0, 4.0, 0.0, -2.0, 3.0, 3.0, -6.0, -1.0, -2.0, 0.0, 1.0, -1.0, 5.0, 4.0, -1.0, -8.0, -1.0, 3.0, 6.0, 1.0, -7.0, 4.0, 5.0, 2.0, 0.0, 0.0, 4.0, 10.0, -2.0, -2.0, -8.0, -2.0, 4.0, 12.0, -1.0, 5.0, -4.0, -7.0, -7.0, 0.0, -1.0, -1.0, -2.0, -1.0, -3.0, -1.0, -1.0, 4.0, 5.0, 5.0, -2.0, -7.0, 3.0, -1.0, -7.0, -1.0, 4.0, -7.0, 6.0, -1.0, 4.0, 10.0, 4.0, -7.0, -1.0, 13.0, 4.0, 9.0, 0.0, 4.0, -3.0, 4.0, 5.0, 4.0, 4.0, 4.0, -2.0, 5.0, -1.0, 4.0, 3.0, 5.0, 5.0, 3.0, 0.0, 5.0, -2.0, 11.0, 5.0, 11.0, -2.0, -2.0, 5.0, 10.0, -3.0, 5.0, 10.0, -1.0, 3.0, -1.0, -7.0, 5.0, -2.0, 4.0, -2.0, 3.0, 3.0, 1.0, -8.0, -2.0, -10.0, 5.0, 0.0, -3.0, -8.0, 1.0, 8.0, -6.0, 6.0, 3.0, -7.0, -7.0, -2.0, -1.0, -1.0, -1.0, -2.0, -2.0, -2.0, -2.0, -14.0, -7.0, -1.0, -7.0, -1.0, -8.0, 4.0, -2.0, 5.0, -2.0, 5.0, -2.0, 5.0, 4.0, -1.0, -2.0, 4.0, 4.0, 5.0, 4.0, 3.0, -1.0, 4.0, 2.0, 4.0, -2.0, -2.0, -1.0, 9.0, -1.0, -1.0, -8.0, 0.0, 5.0, 2.0, 4.0, -1.0, 5.0, -1.0, 5.0, -8.0, -1.0, -2.0, -1.0, -2.0, -2.0, -10.0, 5.0, -5.0, -1.0, 5.0, 11.0, -1.0, 0.0, -5.0, -2.0, -2.0, 2.0, -2.0, -2.0, -2.0, -8.0, 0.0, -2.0, -7.0, 4.0, -7.0, -1.0, -3.0, -5.0, 4.0, 2.0, -1.0, -2.0, 4.0, 5.0, -4.0, 4.0, -1.0, -1.0, -1.0, 3.0, 9.0, -7.0, 4.0, -2.0, -3.0, -2.0, -2.0, 5.0, 4.0, 4.0, -5.0, -1.0, -1.0, 3.0, -3.0, -1.0, -7.0, 0.0, -1.0, 4.0, 3.0, -5.0, 5.0, 4.0, -1.0, -1.0, 4.0, -3.0, -1.0, -1.0, -2.0, -2.0, 5.0, 5.0, -2.0, 1.0, -7.0, 5.0, 4.0, -2.0, -1.0, 3.0, -1.0, -7.0, -5.0, -2.0, -1.0, -1.0, 5.0, -1.0, 0.0, 4.0, -3.0, -7.0, -2.0, -1.0, -1.0, -2.0, 3.0, -3.0, -2.0, 1.0, 1.0, -3.0, 0.0, -1.0, -8.0, 4.0, 3.0, 1.0, -1.0, -2.0, -7.0, -2.0, -1.0, 3.0, -1.0, -1.0, 5.0, -3.0, 4.0, 0.0, -2.0, -7.0, -7.0, 3.0, 5.0, -1.0, 11.0, 4.0, -1.0, 4.0, -2.0, 0.0, 10.0, 0.0, -7.0, -2.0, -8.0, -2.0, 7.0, -1.0, -1.0, 4.0, 6.0, 5.0, 4.0, 2.0, -1.0, -2.0, 10.0, -4.0, -1.0, -2.0, 4.0, -1.0, -1.0, 0.0, 5.0, -1.0, 2.0, -1.0, -2.0, -1.0, -6.0, 2.0, -1.0, -2.0, 1.0, -2.0, 3.0, -2.0, -2.0, 6.0, -2.0, -2.0, 1.0, -2.0, -2.0, -6.0, 4.0, 1.0, 5.0, -3.0, -3.0, 5.0, 4.0, -6.0, -2.0, -1.0, -1.0, 0.0, -1.0, -3.0, 3.0, 3.0, 1.0, 0.0, 5.0, 1.0, -1.0, -1.0, -2.0, -1.0, 5.0, -3.0, 5.0, -1.0, -12.0, -2.0, -1.0, -1.0, -5.0, -7.0, -1.0, -2.0, -3.0, 6.0, 8.0, -3.0, 0.0, 4.0, 3.0, 5.0, -1.0, 3.0, 4.0, -1.0, 4.0, -1.0, 5.0, -15.0, -7.0, -1.0, -2.0, 1.0, -7.0, 5.0, -1.0, 1.0, -2.0, 6.0, 0.0, -4.0, -1.0, -2.0, 2.0, -2.0, 0.0, -6.0, -8.0, -2.0, 4.0, 4.0, -2.0, 1.0, 1.0, -5.0, 4.0, -1.0, -3.0, 10.0, -2.0, 5.0, 3.0, -1.0, 3.0, 5.0, 4.0, -2.0, -3.0, 4.0, 4.0, -1.0, 3.0, 10.0, -1.0, 2.0, -2.0, 4.0, -2.0, 5.0, -6.0, 5.0, -1.0, -5.0, 4.0, 0.0, 5.0, 0.0, -2.0, -2.0, -8.0, -2.0, -1.0, 5.0, -1.0, 5.0, -2.0, -1.0, -2.0, -2.0, -2.0, -2.0, 10.0, 4.0, 3.0, 3.0, 4.0, 10.0, 4.0, 4.0, -2.0, 0.0, -2.0, -13.0, 4.0, -1.0, 9.0, -2.0, 4.0, 3.0, 4.0, -2.0, -2.0, 5.0, -3.0, -7.0, -2.0, -2.0, -2.0, -7.0, -1.0, -2.0, 0.0, 10.0, 9.0, -1.0, 4.0, -2.0, -2.0, -7.0, 5.0, 11.0, 4.0, 5.0, -1.0, -8.0, 4.0, -2.0, -5.0, 4.0, -1.0, -7.0, -1.0, 4.0, 0.0, -1.0, -1.0, -8.0, -2.0, -1.0, 5.0, 4.0, -9.0, -4.0, -1.0, -14.0, 2.0, -12.0, -2.0, -7.0, 6.0, -1.0, 5.0, -8.0, -7.0, -1.0, -2.0, -4.0, 3.0, -2.0, -7.0, 0.0, 4.0, 5.0, 5.0, 9.0, 5.0, 2.0, -2.0, -1.0, 7.0, -1.0, 3.0, -1.0, 4.0, 4.0, -1.0, -2.0, 5.0, 4.0, -2.0, -2.0, -1.0, 4.0, -1.0, 0.0, -4.0, 3.0, -8.0, 4.0, -5.0, -1.0, -7.0, -2.0, -7.0, -1.0, 3.0, 5.0, -2.0, 5.0, -9.0, 5.0, -2.0, 0.0, -1.0, -5.0, -1.0, -1.0, -14.0, 0.0, 5.0, 11.0, -2.0, 5.0, 5.0, 4.0, 4.0, -1.0, -1.0, 4.0, -2.0, -1.0, -5.0, 4.0, 5.0, 4.0, 2.0, -7.0, -2.0, -2.0, 5.0, 6.0, -1.0, 4.0, 0.0, 5.0, 5.0, -7.0, -6.0, 6.0, 3.0, -7.0, -7.0, -3.0, -7.0, -1.0, 5.0, -6.0, -13.0, 10.0, -1.0, 6.0, 10.0, -1.0, 3.0, -2.0, 0.0, 1.0, -2.0, -3.0, -2.0, 5.0, 5.0, -3.0, -2.0, -6.0, 15.0, 5.0, 3.0, -4.0, 5.0, 0.0, -1.0, 5.0, -2.0, 4.0, -1.0, 5.0, 4.0, -1.0, 4.0, -1.0, 11.0, -2.0, -8.0, -1.0, 8.0, 5.0, 9.0, 2.0, -6.0, 4.0, 3.0, -8.0, -1.0, 11.0, -2.0, -2.0, -20.0, -2.0]",8.192839107609505,0.003321886062622,0.0,0.0,0
86,86,"[-0.64641684, 0.6423556, 0.44546607, -0.110481106, -0.24579793, 0.9200136, 0.29282764, -0.60940486, -0.2588567, 0.5460459, 0.91815996, -0.31558517, -0.78184503, 0.60841423, 0.32334313, -0.47657526, 0.7226627, -0.044789463, 0.8297565, -0.634479, -0.43886903, -0.99265283, -0.8013714, -0.69636965, 0.54113495, -0.067359746, 0.67438656, 0.9874486, 0.90519065, -0.37701398, -0.1561981, 0.41696492, -0.6481635, -0.59283984, -0.9553414, 0.36903712, 0.4131659, -0.15185544, -0.38640666, 0.069684155, 0.5540137, 0.6640534, 0.28402162, 0.5650692, -0.07260692, -0.024180017, 0.50988275, 0.22711816, -0.94432837, 0.0058373017, 0.95033413, 0.3006741, -0.93762094, -0.46928206, 0.23688583, -0.0679347, 0.5274365, -0.29403165, -0.13539688, 0.9560175, 0.4255349, 0.46356043, 0.22439492, 0.14077958, -0.7949927, -0.8248134, 0.7476805, 0.48658744, -0.73796475, 0.8871973, -0.23362917, 0.4151029, 0.18655376, -0.5765096, 0.295229, 0.6584867, -0.295864, -0.944297, 0.74053055, -0.79567623, 0.6718917, -0.4675539, -0.30487064, 0.4856576, 0.83610386, -0.15465286, -0.93921596, -0.40222925, 0.73215765, 0.9840265, -0.8339315, 0.29780975, -0.7960979, 0.748244, 0.73406285, -0.011335649, -0.33378053, 0.8234646, -0.61413854, 0.5933735, -0.22203799, -0.5946165, -0.7816418, 0.4170174, -0.49243683, 0.7891862, -0.8661804, 0.8764342, -0.50001156, -0.052995697, 0.22470438, 0.6896217, 0.69965506, 0.60670656, -0.52000546, 0.55817807, 0.82003164, -0.74857765, 0.08910833, -0.5866778, -0.96612126, -0.4627542, 0.90177697, 0.4206959, 0.014233731, -0.22796007, 0.80157316, 0.24695045, -0.6741816, -0.26881382, -0.441712, 0.15403357, 0.66172487, 0.11944558, -0.26594657, 0.42423704, 0.44657102, -0.6574059, -0.4296716, -0.4728802, 0.9020377, 0.5944854, -0.86079335, 0.88263243, 0.005543656, -0.83071417, 0.1450209, 0.71259713, 0.53916335, 0.92803216, -0.09299988, -0.6946198, -0.0063447673, 0.5759031, -0.05020179, 0.89923483, 0.28176787, 0.5261633, -0.75475043, 0.41814482, -0.6693932, 0.4627166, -0.5311639, -0.7627322, -0.16838525, -0.20996305, 0.30206457, 0.5528918, -0.033424776, 0.25928673, 0.9405133, -0.22327389, 0.7291785, -0.96282274, -0.6558967, -0.22206546, -0.8558287, 0.19924666, 0.49932715, -0.7908968, -0.858882, -0.10506849, 0.6265776, -0.59778863, 0.85798216, -0.7155901, -0.1981496, -0.3697793, -0.117366426, 0.9359026, 0.0879094, 0.3527896, 0.3522425, 0.5610236, 0.78026724, -0.1441827, -0.41968518, 0.21190393, -0.8119131, 0.36129537, -0.64161885, -0.2192386, 0.9399004, 0.4861473, -0.5904977, -0.88327754, -0.27319333, -0.87168187, 0.100845434, -0.5195461, -0.6758451, -0.99296856, 0.7004459, 0.2651303, -0.40322244, 0.1815031, 0.7059166, -0.061773706, 0.21950522, -0.9899411, 0.3629357, -0.020045014, -0.16871826, 0.7212311, 0.6374616, 0.025246078, 0.42283246, 0.2962716, 0.8851139, -0.9792665, -0.95328486, -0.0053701396, 0.3314666, -0.99037826, 0.29377535, -0.4665676, 0.87564725, -0.8410597, 0.33268094, -0.35005185, 0.0036882665, -0.31952906, -0.0273084, 0.1630728, 0.72108555, -0.91669905, -0.5949972, -0.9201423, 0.299416, -0.9002378, 0.39652383, 0.3426238, -0.016268102, 0.9099814, 0.25394675, 0.002218424, 0.1996077, -0.03499669, -0.2662343, 0.43047982, -0.5537222, 0.4790401, 0.5617778, -0.39723912, -0.51909393, 0.52615076, -0.55189943, -0.40117356, -0.4960864, 0.5234555, 0.3902318, -0.10448149, -0.6405884, -0.41688475, -0.4081974, 0.57568824, -0.6962202, -0.22864632, 0.37861308, 0.20540734, 0.88961166, -0.7654203, -0.86305165, 0.2089292, 0.7794799, -0.5057476, -0.98258406, 0.91816545, -0.40444943, 0.42792937, 0.86423147, 0.046691008, -0.6815666, 0.51145697, -0.66692716, -0.91072035, -0.25053507, 0.74080104, 0.113220215, -0.96733314, 0.27759942, -0.11677857, -0.90006596, 0.4055928, -0.3327844, -0.25503471, -0.6686066, 0.4256586, 0.5796474, 0.91422987, -0.063959844, -0.9929437, -0.09858533, 0.6637034, 0.8288065, 0.07962275, 0.2668656, -0.1123248, 0.03741328, 0.61611235, -0.5856485, -0.8102009, 0.9109358, -0.10772001, -0.30177024, 0.5663562, -0.20883767, -0.8318349, -0.9017297, -0.53171897, -0.35626164, -0.22996911, 0.6621839, -0.9980972, -0.20967627, -0.6650098, -0.5071859, -0.04286583, 0.2239861, -0.49599615, -0.6684115, 0.36997128, 0.13647874, 0.45443952, -0.76256794, -0.38031143, 0.04269418, 0.8053089, 0.604459, -0.6474938, 0.38339603, 0.24839145, 0.41462162, -0.30620384, 0.1863429, -0.962287, -0.5033381, -0.91537434, -0.15641655, 0.23531777, -0.7393481, -0.6569429, -0.075168714, -0.77378213, -0.027436795, 0.90104634, -0.6405471, -0.24167974, -0.6340126, -0.87668955, 0.79616755, -0.07654383, 0.015235158, -0.15125448, -0.84067506, 0.67548573, -0.10102967, 0.7252543, 0.16903964, 0.8305209, -0.6645778, -0.71076137, -0.35446608, -0.61030227, -0.96352696, 0.74206734, -0.538348, 0.7969784, -0.00304694, 0.29961836, 0.2544473, 0.75274366, -0.9421712, -0.42937568, -0.09792859, 0.7361853, 0.78154266, -0.4344002, -0.6610298, -0.9503852, -0.1376505, -0.19662435, -0.1695911, 0.59680355, 0.04964902, -0.9589363, 0.10448823, 0.7763714, -0.7213512, -0.58171326, 0.120800406, -0.23705828, -0.77087873, -0.41981265, 0.73068225, -0.8882287, 0.23716983, 0.86875176, 0.2957871, 0.56893665, -0.35765177, 0.16713089, 0.75794023, -0.1887084, -0.93174046, -0.6437647, -0.7155653, 0.54933715, 0.43922967, 0.313866, 0.7180042, 0.64337444, 0.65062326, 0.81440586, -0.2036647, -0.30699223, -0.21086429, 0.6604833, 0.058720767, -0.5944554, -0.2127864, -0.065229125, 0.040910754, 0.42084754, -0.5607191, -0.53483605, -0.69102585, -0.36865202, -0.21946743, 0.9830981, 0.549908, -0.25905925, -0.6558912, 0.51544255, 0.7561525, -0.6753732, -0.7029483, 0.95248985, -0.95134604, -0.41131774, 0.022476146, -0.82896626, -0.6382515, 0.99827915, -0.031793937, 0.15419908, 0.38651064, -0.35392803, 0.5766526, -0.71211857, -0.9734056, -0.0038906864, -0.72784984, -0.3698959, 0.51061755, 0.057717104, 0.8470866, 0.9252679, 0.07302016, -0.8679846, -0.14667356, 0.8699228, 0.36962754, 0.33643728, -0.3122565, -0.015461134, 0.5264441, -0.064558536, 0.83403313, -0.9108644, -0.43921235, -0.7659406, 0.4583671, 0.51387954, -0.15971096, 0.15504546, 0.16769163, -0.5479424, -0.77572834, 0.71623904, -0.8718216, 0.41000837, -0.52435946, -0.3172243, -0.13971412, -0.19657321, -0.5697145, -0.28669855, 0.3637678, -0.8612875, -0.4886282, 0.06940797, 0.5244422, -0.6188888, -0.12828332, -0.52966475, -0.6379179, -0.92308074, 0.29207808, -0.58437616, 0.44370607, 0.7729352, -0.7198405, -0.33069143, -0.14034425, -0.73672336, -0.24582465, -0.3313466, -0.88850254, -0.98308444, -0.87779826, 0.89975667, 0.94720656, -0.4405997, 0.43814406, -0.97899336, -0.1231263, 0.49762726, 0.30938113, 0.62243617, -0.8080195, 0.23753813, -0.19514933, 0.077162884, -0.33425596, -0.0010370344, 0.53543025, 0.0016050334, 0.45740893, -0.2800854, -0.35657448, 0.9645353, 0.24750449, 0.0086953025, -0.60768914, 0.88015246, 0.94097304, -0.14258574, 0.6276684, 0.6956893, -0.19398494, 0.16237308, 0.24323884, -0.052801315, -0.26874173, 0.9786471, 0.07883571, 0.21813641, -0.57060784, 0.25998878, -0.60714906, 0.71440864, 0.058600277, 0.44801039, -0.7422767, 0.614781, 0.79855233, -0.73025334, 0.08395614, 0.7412793, -0.5334123, 0.17362341, -0.18536142, 0.95314914, 0.68554395, 0.23056239, 0.54829925, 0.0747552, -0.96668434, 0.08999358, 0.45544204, 0.043953527, -0.7593837, -0.56159896, 0.40808722, 0.28533208, -0.40499938, -0.3318857, 0.1238359, 0.4296345, -0.51943266, -0.6791155, -0.4470939, 0.42799306, 0.9411802, 0.45217937, -0.87777376, 0.4399721, 0.56156147, -0.14298242, 0.38947478, 0.9070101, 0.0725209, -0.85938257, 0.33118173, -0.13444047, 0.9262246, 0.02779549, 0.38516665, -0.066111274, -0.82130295, -0.9998099, -0.72797185, -0.68748033, -0.89724964, -0.49009553, 0.4960566, 0.091544874, 0.16629478, -0.55504483, 0.26899895, 0.55434465, 0.5264451, -0.12347719, -0.1201055, 0.28423604, 0.9997691, 0.4916144, -0.96752965, 0.9290966, -0.4833745, -0.88797575, -0.4917577, 0.37498784, -0.35320163, 0.13917382, 0.76459146, -0.7120195, -0.22015972, 0.02935631, -0.66222376, -0.20704795, -0.82086927, -0.84279877, -0.9626987, -0.8174827, -0.92697793, -0.46611315, -0.6584068, 0.116424106, 0.8666424, 0.27877635, 0.31611156, -0.24686228, -0.8359314, 0.020309743, -0.43289405, 0.31352192, -0.25368562, 0.2061884, 0.12329976, 0.52258265, 0.70714694, 0.44662437, 0.21657532, 0.67125803, -0.5043511, -0.40244794, -0.76723886, 0.04365216, 0.60170937, 0.9678285, 0.5441591, -0.37846598, 0.568986, -0.7003184, -0.6208824, -0.20774415, -0.6730849, -0.9788517, 0.6348727, 0.8257685, -0.059750155, -0.95082814, 0.78549385, -0.27342013, -0.31628692, -0.2749819, -0.29774442, 0.1404708, 0.06329298, -0.6182409, -0.36973172, -0.10745119, 0.450047, 0.84654254, -0.9267433, 0.68880135, 0.29094496, -0.3765183, 0.005039126, 0.8715165, -0.3170958, -0.06710462, -0.49015808, -0.8795777, -0.28777295, -0.8142079, 0.22289959, 0.53904366, -0.38642272, 0.75228906, 0.5357201, -0.6504483, 0.79174197, -0.7262654, 0.589592, -0.77963257, -0.35741085, 0.4160095, -0.3302215, 0.26719153, 0.802119, -0.43214205, 0.63648134, -0.12867631, -0.22154553, -0.8228074, 0.46228087, 0.11664676, -0.9485735, 0.37170842, 0.6240831, 0.24308828, -0.11912616, -0.7624286, -0.811914, -0.40485385, 0.0656283, -0.11295687, 0.2807313, -0.28648403, -0.043710317, -0.44333696, -0.7524449, -0.6660043, -0.7137464, 0.901067, -0.41971996, 0.027161937, -0.8638705, -0.329084, 0.86335284, -0.06826517, 0.85311687, -0.8441986, -0.19783685, 0.26588526, 0.3527274, 0.24976741, 0.85091966, 0.39148462, 0.6244523, -0.7129757, 0.8780264, 0.98488367, 0.7490472, 0.9429935, -0.014241527, 0.5867858, -0.30620322, 0.5113314, 0.55560094, 0.000583327, 0.18533175, 0.54232293, 0.8344244, -0.48868412, -0.9128219, 0.65752083, 0.9882476, -0.25933167, 0.49667442, 0.88333654, -0.45977303, 0.51921266, -0.40766266, 0.6746025, -0.009526997, -0.24498445, -0.70597386, 0.48125646, 0.4872756, -0.88837993, 0.9662926, -0.5738666, 0.19290218, 0.39894447, -0.48805007, 0.61814725, -0.5045126, -0.54150325, 0.35723516, -0.24674354, -0.6646535, -0.6928428, -0.97084403, 0.19396988, -0.55915415, 0.24810886, 0.14501221, 0.5969814, -0.8598243, -0.30182657, 0.22191764, 0.8665603, 0.8978308, 0.69823444, -0.40170872, 0.51274925, 0.9154444, -0.8356159, 0.82578844, 0.53453434, 0.4753752, -0.053953953, -0.43527466, 0.3587816, 0.5928925, 0.20829082, 0.85991246, 0.7525504, 0.07159974, -0.8293215, -0.21113203, -0.05949073, 0.10509545, 0.81271136, -0.2597985, -0.6425992, 0.17223644, -0.041200243, -0.900596, -0.63091046, -0.04882619, 0.84320724, -0.8792546, -0.57534915, -0.4176857, -0.18615258, -0.3498642, -0.72879374, -0.57972527, -0.63318896, -0.44569686, -0.90191203, 0.66743565, 0.46773034, -0.11029959, 0.54846144, -0.77052873, -0.85980195, 0.81247574, -0.8368721, -0.5829362, -0.8386251, 0.8695489, -0.32957977, -0.85178316, -0.2980587, 0.15346816, 0.6719124, 0.5293483, 0.9344874, 0.6816499, 0.29887125, 0.21709839, -0.6508169, 0.7553125, -0.074265644, -0.15543945, -0.85798, -0.018536244, -0.5830859, 0.41043708, -0.492113, 0.37232286, 0.9048255, 0.12261027, 0.7008455, -0.8531647, 0.12135018, -0.78950185, -0.4720533, 0.32017016, -0.5006674, -0.40620977, 0.6523948, 0.09939225, 0.4449915, -0.09532312, 0.5691164, -0.9262015, -0.36357364, 0.42779928, -0.1687916, -0.45740592, 0.006661553, -0.27930984, 0.9999278, 0.6839532, -0.051823426, -0.23382366, -0.33989936, -0.21339555, -0.45332688, -0.7728998, -0.45268044, 0.8914033, -0.9435136, 0.9301314, -0.44815835, -0.22212991, 0.8306748, 0.14991546, -0.8520763, 0.74338716, 0.44362095, -0.69348454, -0.37059665, -0.6522719, 0.3505002, 0.5132749, -0.9830081, -0.29892555, -0.71925706, 0.2729238, 0.25054142, 0.7261446, 0.5167266, 0.27876005, 0.8846756, -0.39534757, -0.32484052, 0.88345003, 0.5528922, -0.35453105, 0.5052151, 0.3435744, -0.81248116, 0.9861438, 0.7061185, -0.52712977, -0.40222192, -0.3490856, -0.1904527, 0.015656248, 0.63044274, -0.24568996, -0.26757008, 0.37136444, 0.73323494, -0.67419374, 0.4766007, 0.5210606, -0.1837184, 0.046069358, -0.30588683, -0.86207527, -0.40544736, -0.9693629, 0.11303637, -0.8370687, -0.33114627, 0.6584446, 0.8118476, -0.4294096, -0.5928922, 0.02985286, -0.3769572, 0.3529146, 0.94930553, -0.32540223, 0.705242, 0.06970924, -0.58731514, 0.9371269, 0.31741574, 0.062116068, 0.50606704]","[-7.0, 4.0, 4.0, -2.0, -1.0, 4.0, -1.0, 2.0, -2.0, -3.0, -2.0, -1.0, 4.0, -2.0, 4.0, -2.0, -2.0, -3.0, -7.0, -1.0, -8.0, -2.0, -2.0, -7.0, 5.0, 10.0, -7.0, -8.0, 3.0, -7.0, -14.0, 4.0, -2.0, 4.0, 5.0, 3.0, 4.0, -6.0, -7.0, -7.0, 0.0, 5.0, -1.0, -4.0, 1.0, 5.0, 3.0, -7.0, -3.0, -2.0, 5.0, 3.0, 5.0, -1.0, 1.0, 1.0, -1.0, -2.0, 0.0, 4.0, 3.0, 4.0, -2.0, 0.0, 3.0, 4.0, -7.0, -3.0, -2.0, 5.0, 5.0, 2.0, -1.0, 4.0, -6.0, 3.0, 4.0, -3.0, -1.0, 6.0, -2.0, -6.0, -1.0, -7.0, 6.0, 10.0, -1.0, -1.0, 0.0, 4.0, -1.0, 6.0, -1.0, 10.0, -2.0, 4.0, 4.0, -3.0, -6.0, -4.0, -1.0, -1.0, 1.0, -1.0, -8.0, 5.0, 1.0, 3.0, 5.0, -3.0, -2.0, -7.0, -7.0, -2.0, 4.0, -8.0, 5.0, -7.0, 5.0, -3.0, 5.0, 5.0, 0.0, 4.0, -2.0, 3.0, -1.0, 4.0, 3.0, -2.0, 5.0, -1.0, -4.0, -7.0, -2.0, -8.0, -1.0, -8.0, 3.0, 4.0, 4.0, 5.0, -2.0, 4.0, 5.0, 4.0, -8.0, 0.0, -7.0, 4.0, -10.0, 5.0, -3.0, 0.0, -2.0, -7.0, 4.0, 4.0, 4.0, -1.0, -3.0, 4.0, 5.0, 3.0, -13.0, -1.0, -7.0, 4.0, -9.0, -5.0, 3.0, -1.0, 5.0, 3.0, 1.0, -2.0, -2.0, -2.0, -3.0, 0.0, 3.0, -2.0, -2.0, -5.0, -2.0, -2.0, 5.0, -6.0, 2.0, 10.0, -3.0, -2.0, 4.0, -4.0, -2.0, 0.0, -2.0, -8.0, -2.0, -2.0, -8.0, -2.0, -2.0, 5.0, -1.0, 5.0, -1.0, -3.0, -1.0, -1.0, 5.0, 4.0, -2.0, 4.0, 1.0, -8.0, 4.0, 4.0, -2.0, -3.0, 4.0, -7.0, -3.0, -7.0, 8.0, 5.0, 4.0, -3.0, 0.0, 4.0, -7.0, 0.0, 5.0, -2.0, 0.0, 4.0, 4.0, 4.0, -1.0, 3.0, 1.0, -1.0, -6.0, 3.0, 2.0, 0.0, 4.0, -5.0, -2.0, 6.0, -2.0, -5.0, -2.0, -1.0, -2.0, -4.0, -1.0, -4.0, -2.0, -2.0, -2.0, 5.0, -7.0, -2.0, 4.0, -1.0, -7.0, 1.0, -7.0, 5.0, 4.0, -1.0, -1.0, -6.0, 6.0, -1.0, 5.0, -2.0, -4.0, -7.0, 4.0, -1.0, 0.0, -1.0, -1.0, 12.0, 0.0, -1.0, 4.0, 4.0, -1.0, -2.0, -8.0, -2.0, -2.0, -1.0, -7.0, -1.0, -3.0, -2.0, 4.0, 3.0, 4.0, -1.0, -1.0, 0.0, -3.0, 4.0, 0.0, -2.0, 3.0, 3.0, -6.0, -1.0, -2.0, 0.0, 1.0, -1.0, 5.0, 4.0, -1.0, -8.0, -1.0, 3.0, 6.0, 1.0, -7.0, 4.0, 5.0, 2.0, 0.0, 0.0, 4.0, 10.0, -2.0, -2.0, -8.0, -2.0, 4.0, 12.0, -1.0, 5.0, -4.0, -7.0, -7.0, 0.0, -1.0, -1.0, -2.0, -1.0, -3.0, -1.0, -1.0, 4.0, 5.0, 5.0, -2.0, -7.0, 3.0, -1.0, -7.0, -1.0, 4.0, -7.0, 6.0, -1.0, 4.0, 10.0, 4.0, -7.0, -1.0, 13.0, 4.0, 9.0, 0.0, 4.0, -3.0, 4.0, 5.0, 4.0, 4.0, 4.0, -2.0, 5.0, -1.0, 4.0, 3.0, 5.0, 5.0, 3.0, 0.0, 5.0, -2.0, 11.0, 5.0, 11.0, -2.0, -2.0, 5.0, 10.0, -3.0, 5.0, 10.0, -1.0, 3.0, -1.0, -7.0, 5.0, -2.0, 4.0, -2.0, 3.0, 3.0, 1.0, -8.0, -2.0, -10.0, 5.0, 0.0, -3.0, -8.0, 1.0, 8.0, -6.0, 6.0, 3.0, -7.0, -7.0, -2.0, -1.0, -1.0, -1.0, -2.0, -2.0, -2.0, -2.0, -14.0, -7.0, -1.0, -7.0, -1.0, -8.0, 4.0, -2.0, 5.0, -2.0, 5.0, -2.0, 5.0, 4.0, -1.0, -2.0, 4.0, 4.0, 5.0, 4.0, 3.0, -1.0, 4.0, 2.0, 4.0, -2.0, -2.0, -1.0, 9.0, -1.0, -1.0, -8.0, 0.0, 5.0, 2.0, 4.0, -1.0, 5.0, -1.0, 5.0, -8.0, -1.0, -2.0, -1.0, -2.0, -2.0, -10.0, 5.0, -5.0, -1.0, 5.0, 11.0, -1.0, 0.0, -5.0, -2.0, -2.0, 2.0, -2.0, -2.0, -2.0, -8.0, 0.0, -2.0, -7.0, 4.0, -7.0, -1.0, -3.0, -5.0, 4.0, 2.0, -1.0, -2.0, 4.0, 5.0, -4.0, 4.0, -1.0, -1.0, -1.0, 3.0, 9.0, -7.0, 4.0, -2.0, -3.0, -2.0, -2.0, 5.0, 4.0, 4.0, -5.0, -1.0, -1.0, 3.0, -3.0, -1.0, -7.0, 0.0, -1.0, 4.0, 3.0, -5.0, 5.0, 4.0, -1.0, -1.0, 4.0, -3.0, -1.0, -1.0, -2.0, -2.0, 5.0, 5.0, -2.0, 1.0, -7.0, 5.0, 4.0, -2.0, -1.0, 3.0, -1.0, -7.0, -5.0, -2.0, -1.0, -1.0, 5.0, -1.0, 0.0, 4.0, -3.0, -7.0, -2.0, -1.0, -1.0, -2.0, 3.0, -3.0, -2.0, 1.0, 1.0, -3.0, 0.0, -1.0, -8.0, 4.0, 3.0, 1.0, -1.0, -2.0, -7.0, -2.0, -1.0, 3.0, -1.0, -1.0, 5.0, -3.0, 4.0, 0.0, -2.0, -7.0, -7.0, 3.0, 5.0, -1.0, 11.0, 4.0, -1.0, 4.0, -2.0, 0.0, 10.0, 0.0, -7.0, -2.0, -8.0, -2.0, 7.0, -1.0, -1.0, 4.0, 6.0, 5.0, 4.0, 2.0, -1.0, -2.0, 10.0, -4.0, -1.0, -2.0, 4.0, -1.0, -1.0, 0.0, 5.0, -1.0, 2.0, -1.0, -2.0, -1.0, -6.0, 2.0, -1.0, -2.0, 1.0, -2.0, 3.0, -2.0, -2.0, 6.0, -2.0, -2.0, 1.0, -2.0, -2.0, -6.0, 4.0, 1.0, 5.0, -3.0, -3.0, 5.0, 4.0, -6.0, -2.0, -1.0, -1.0, 0.0, -1.0, -3.0, 3.0, 3.0, 1.0, 0.0, 5.0, 1.0, -1.0, -1.0, -2.0, -1.0, 5.0, -3.0, 5.0, -1.0, -12.0, -2.0, -1.0, -1.0, -5.0, -7.0, -1.0, -2.0, -3.0, 6.0, 8.0, -3.0, 0.0, 4.0, 3.0, 5.0, -1.0, 3.0, 4.0, -1.0, 4.0, -1.0, 5.0, -15.0, -7.0, -1.0, -2.0, 1.0, -7.0, 5.0, -1.0, 1.0, -2.0, 6.0, 0.0, -4.0, -1.0, -2.0, 2.0, -2.0, 0.0, -6.0, -8.0, -2.0, 4.0, 4.0, -2.0, 1.0, 1.0, -5.0, 4.0, -1.0, -3.0, 10.0, -2.0, 5.0, 3.0, -1.0, 3.0, 5.0, 4.0, -2.0, -3.0, 4.0, 4.0, -1.0, 3.0, 10.0, -1.0, 2.0, -2.0, 4.0, -2.0, 5.0, -6.0, 5.0, -1.0, -5.0, 4.0, 0.0, 5.0, 0.0, -2.0, -2.0, -8.0, -2.0, -1.0, 5.0, -1.0, 5.0, -2.0, -1.0, -2.0, -2.0, -2.0, -2.0, 10.0, 4.0, 3.0, 3.0, 4.0, 10.0, 4.0, 4.0, -2.0, 0.0, -2.0, -13.0, 4.0, -1.0, 9.0, -2.0, 4.0, 3.0, 4.0, -1.0, -2.0, 5.0, -3.0, -7.0, -2.0, -2.0, -2.0, -7.0, -1.0, -2.0, 0.0, 10.0, 9.0, -1.0, 4.0, -2.0, -2.0, -7.0, 5.0, 11.0, 4.0, 5.0, -1.0, -8.0, 4.0, -2.0, -5.0, 4.0, -1.0, -7.0, -1.0, 4.0, 0.0, -1.0, -1.0, -8.0, -2.0, -1.0, 5.0, 4.0, -9.0, -4.0, -1.0, -14.0, 2.0, -12.0, -2.0, -7.0, 6.0, -1.0, 5.0, -8.0, -7.0, -1.0, -2.0, -4.0, 3.0, -2.0, -7.0, 0.0, 4.0, 5.0, 5.0, 9.0, 5.0, 2.0, -2.0, -1.0, 7.0, -1.0, 3.0, -1.0, 4.0, 4.0, -1.0, -2.0, 5.0, 4.0, -2.0, -2.0, -1.0, 4.0, -1.0, 0.0, -4.0, 3.0, -8.0, 4.0, -5.0, -1.0, -7.0, -2.0, -7.0, -1.0, 3.0, 5.0, -2.0, 5.0, -9.0, 5.0, -2.0, 0.0, -1.0, -5.0, -1.0, -1.0, -14.0, 0.0, 5.0, 11.0, -2.0, 5.0, 5.0, 4.0, 4.0, -1.0, -1.0, 4.0, -2.0, -1.0, -5.0, 4.0, 5.0, 4.0, 2.0, -7.0, -2.0, -2.0, 5.0, 6.0, -1.0, 4.0, 0.0, 5.0, 5.0, -7.0, -6.0, 6.0, 3.0, -7.0, -7.0, -3.0, -7.0, -1.0, 5.0, -6.0, -13.0, 10.0, -1.0, 6.0, 10.0, -1.0, 3.0, -2.0, 0.0, 1.0, -2.0, -3.0, -2.0, 5.0, 5.0, -3.0, -2.0, -6.0, 15.0, 5.0, 3.0, -4.0, 5.0, 0.0, -1.0, 5.0, -2.0, 4.0, -1.0, 5.0, 4.0, -1.0, 4.0, -1.0, 11.0, -2.0, -8.0, -1.0, 8.0, 5.0, 9.0, 2.0, -6.0, 4.0, 3.0, -8.0, -1.0, 11.0, -2.0, -2.0, -20.0, -2.0]",8.191414266461646,0.0034325122833251,0.0,0.0,0
87,87,"[-0.21255507, -0.5571945, 0.61896247, 0.55851734, -0.34949917, -0.15547074, -0.18213326, -0.91387445, 0.98055536, 0.013199724, -0.8906118, 0.9183996, 0.4158809, 0.50011295, -0.12226975, -0.50235397, 0.61802477, -0.82334554, 0.13472053, 0.33972195, -0.0046356837, 0.6466163, -0.14207542, -0.56310195, -0.25701484, -0.38266563, 0.6535594, 0.30038998, 0.090297885, -0.3357411, -0.54894215, -0.71214134, -0.0640874, -0.44662872, -0.8940656, -0.76446295, -0.55436724, -0.8505363, -0.9942341, -0.25135505, -0.24960046, 0.28213182, -0.081004634, -0.6253231, -0.13488992, 0.46929893, -0.91580814, 0.08240718, -0.80713004, -0.60344523, 0.47736484, 0.107265435, 0.67484903, 0.5518294, -0.12513606, -0.18231602, -0.9983529, 0.40857083, -0.022733327, 0.63912565, 0.51509196, 0.4876003, 0.105264656, -0.2992207, 0.64010066, -0.84445626, -0.3344886, -0.3032416, -0.16439573, 0.66748655, -0.6826078, 0.00064584153, -0.92320323, 0.8625093, 0.7923175, -0.22338797, -0.21408184, -0.36692217, 0.26828223, 0.096503876, -0.87376463, -0.5275848, -0.88404924, -0.40386298, 0.69789857, -0.46650368, -0.2582711, 0.31695202, 0.20745014, -0.6031138, 0.15994024, -0.5661688, -0.79553646, -0.99872667, -0.9828591, 0.11826537, -0.0014899168, 0.544128, 0.1957916, -0.40294206, -0.9411698, 0.35943717, 0.43751124, -0.7366764, -0.7150982, 0.08561948, -0.8683477, -0.55315286, -0.5390025, 0.96924174, 0.81841403, -0.22511196, -0.5703303, -0.22198485, -0.9266583, 0.17422318, 0.25581616, 0.29004, 0.13561153, 0.8513627, 0.074365325, 0.57114005, -0.2106082, -0.022158256, -0.1215911, 0.47790614, 0.038129427, -0.7006559, -0.4975403, -0.9617828, 0.7273354, -0.21229593, 0.98570025, 0.41623235, -0.8778979, -0.83517295, -0.14291076, -0.8445169, -0.52069134, -0.13442126, -0.5644987, -0.8560305, 0.65221363, 0.17499945, -0.87966293, 0.18087722, 0.18455723, 0.29738808, 0.96561843, 0.7983669, 0.80070966, -0.8697948, 0.17880967, -0.051540963, -0.753581, -0.49899206, -0.95187855, -0.22015204, -0.4237183, 0.39665556, 0.47296587, 0.531318, 0.4549071, -0.5387169, -0.9982844, 0.69550955, 0.68386626, 0.10606084, -0.7161328, -0.06598512, 0.77168244, 0.1442214, 0.02276867, 0.75936913, -0.83180654, 0.50927407, -0.069252186, -0.6436261, -0.38493115, -0.17718536, -0.5657365, -0.049555525, -0.94293493, 0.25749063, 0.20346375, 0.8243495, -0.49362522, 0.50228703, 0.20610611, -0.9179145, -0.19485462, 0.9666511, -0.96818584, -0.36804956, -0.123910114, 0.6078808, -0.13018332, -0.06313656, 0.85750735, -0.5952671, -0.95530576, -0.6923613, 0.5954799, 0.54039276, -0.02486838, -0.41959405, 0.80215406, 0.14416611, 0.33797947, 0.926991, 0.32653433, 0.68833613, -0.9051056, -0.732661, 0.6720235, -0.45323727, 0.7149094, 0.09446662, -0.82363594, 0.11614086, 0.79767466, 0.5532645, -0.68144196, -0.10292966, 0.22034556, -0.17662077, -0.7655093, -0.06870503, 0.5444088, 0.36778367, -0.18700121, 0.01327808, 0.9830267, 0.3591856, -0.31874913, -0.42127487, -0.5057824, 0.5182578, -0.12549019, -0.6700227, -0.8370461, 0.4665018, 0.47826687, -0.32038313, -0.6052955, -0.47229612, 0.94409215, 0.61031455, -0.19323935, 0.84111667, 0.9243247, 0.045294404, -0.9890822, 0.43583933, -0.9387825, 0.9543558, 0.985692, -0.9486843, -0.7789843, -0.2722546, -0.6643414, 0.5390261, 0.20942326, -0.027059106, -0.9776049, 0.45742437, -0.45950893, 0.07100718, -0.03354574, -0.8814692, -0.072797164, -0.39210147, -0.43886188, -0.3301659, -0.016463567, -0.3107422, -0.7483017, 0.16964151, 0.19465607, 0.7748022, -0.022324877, 0.48411658, -0.41379517, 0.66638756, 0.33652702, -0.5232114, 0.4984532, 0.5050586, 0.77730274, 0.057678636, 0.4599766, -0.21301807, 0.38501632, 0.9493996, -0.9643787, 0.0047246474, 0.5066148, -0.17240365, -0.66202205, -0.3926114, 0.9331144, -0.6087458, 0.07433221, -0.68071795, -0.36181703, 0.99428564, 0.72192574, 0.64149797, -0.31231323, 0.21940733, 0.856476, 0.532853, 0.09378661, -0.23301594, 0.8266874, -0.6723994, -0.18542877, 0.952921, -0.37455454, -0.9479595, -0.5639804, 0.8653623, 0.31533936, -0.79532, -0.9076397, 0.5250788, 0.7211737, 0.09746209, 0.2546836, -0.18504219, -0.15905793, -0.87116927, -0.25798962, 0.14314142, -0.9146906, 0.03403626, -0.5753633, -0.4893115, 0.27216762, -0.3771207, -0.15465213, -0.999683, -0.37184063, -0.94608873, 0.2950945, -0.69320744, -0.007923135, 0.5738257, -0.64017904, -0.3483511, 0.61329925, -0.572639, 0.3589241, -0.638469, -0.7271035, 0.0020860687, -0.19507629, 0.42414245, -0.9432363, 0.018127497, 0.059215993, -0.071710266, 0.016701767, 0.88659203, -0.42313418, -0.69517404, 0.5127234, 0.18188816, -0.7732445, -0.9382963, -0.5199041, -0.28385884, 0.7570134, 0.72453576, -0.19198218, 0.19237511, -0.045582674, -0.91247284, -0.74366754, 0.40233967, 0.11070646, -0.43856066, -0.20215444, -0.3656229, 0.78280693, -0.4859447, -0.41189462, -0.3493887, 0.48829296, -0.28749147, 0.93996435, 0.26299855, -0.49829668, 0.6646734, -0.89731246, -0.19752714, 0.9076494, -0.10135805, -0.9040537, 0.00012389006, -0.03228824, -0.5147174, 0.15498209, -0.87890625, 0.17255826, -0.855136, 0.08284863, -0.73294854, 0.83587575, 0.48313788, -0.5523176, -0.9063498, -0.021695482, -0.3964121, -0.23138802, -0.7955742, -0.35279554, 0.5460943, 0.78056234, 0.101849794, -0.51691043, -0.43935287, 0.6440601, -0.45156157, -0.8072466, -0.24495217, -0.15104167, 0.18190858, 0.547863, 0.49914593, 0.19083154, -0.9336079, 0.49916944, -0.2901516, 0.1677935, 0.20571181, 0.42265224, -0.20511386, -0.91492075, -0.58388615, 0.97771317, -0.53884774, -0.43972567, 0.9301789, 0.79690605, -0.09655735, 0.020736385, -0.82294345, -0.8060226, -0.17758046, -0.45067763, -0.18392746, -0.38136625, 0.56701547, 0.24654981, -0.20528279, -0.11396737, -0.8985009, 0.7755583, -0.68271554, -0.88907146, 0.56787735, 0.725546, 0.78520983, 0.35891664, 0.645747, 0.8348307, -0.08607236, -0.103469074, -0.9828451, 0.9289255, 0.4644287, 0.885097, 0.46258095, -0.08609073, 0.84584266, -0.6560439, 0.32246324, -0.48202956, 0.72659934, -0.98364794, 0.13043325, -0.8138831, 0.2931132, -0.42208353, 0.0770823, 0.36625564, -0.5321237, -0.8179976, 0.15895419, -0.96352035, -0.11641315, 0.5725332, -0.20978065, 0.086350404, -0.8045328, -0.13873781, 0.37543872, 0.19974339, -0.77881813, 0.9174705, 0.6551758, 0.2515777, -0.6083867, 0.44579235, 0.73714274, 0.91015124, 0.6895649, -0.36389032, 0.43606058, 0.64528084, -0.04674817, 0.35168326, -0.087610126, 0.8338837, 0.93265325, -0.5223365, -0.7333433, 0.15891597, 0.6876422, -0.16571517, 0.82643974, 0.64726377, -0.42132926, 0.040615372, 0.89998806, 0.26135492, -0.43918213, -0.14115337, -0.49548677, 0.2858415, 0.64220494, -0.17004092, 0.05950137, -0.085074835, 0.7876254, 0.5732295, -0.12151054, 0.95133716, -0.45998248, 0.60151905, -0.5731725, 0.83942944, -0.43474966, -0.3288496, 0.7903685, 0.7199315, 0.6911321, -0.69024247, -0.30191976, 0.08695439, -0.09068021, 0.53570557, -0.17127565, -0.4281508, -0.7011469, 0.6713931, 0.66500616, -0.00073876925, -0.82827693, -0.04769182, 0.07958183, 0.48076737, -0.4621802, 0.8676546, -0.9707172, -0.47359464, -0.854362, -0.6750302, 0.6997884, 0.0026183424, 0.64356107, 0.17857139, 0.9728899, 0.47114974, -0.81747186, -0.96813154, 0.4750644, -0.4301348, 0.63530225, -0.12487271, 0.041816283, 0.21274884, -0.83080745, 0.5492257, -0.81557465, 0.5631247, 0.027103312, -0.05055952, -0.30596057, -0.40202755, -0.7133428, 0.23085444, -0.80558306, 0.56686336, 0.49895695, -0.69803584, -0.6041066, 0.47705156, -0.41238424, 0.8116417, -0.5746304, -0.8751725, -0.20139834, -0.38571838, -0.096326746, -0.409795, 0.41798887, -0.5409042, 0.9389321, 0.71452296, -0.6486572, -0.361775, -0.9547689, -0.6802228, 0.74230933, -0.38995498, 0.3225104, 0.368425, -0.18361212, 0.9535087, 0.061808668, 0.9581268, -0.77732825, 0.80127573, 0.77438736, -0.32594448, -0.6081914, 0.83598864, 0.059916154, -0.71887726, -0.80274534, 0.7940112, 0.36099395, 0.74419636, 0.46910876, 0.5324271, -0.7133802, -0.016300501, 0.53452927, 0.9738236, -0.42383277, -0.8463618, -0.43496352, 0.99202573, 0.21101134, 0.7963706, 0.74209136, -0.29342023, -0.17464939, 0.25892195, 0.1105329, 0.052971, 0.9677147, -0.3095449, 0.85867226, 0.13848029, -0.5212366, 0.8938571, -0.1890584, -0.4763647, 0.118438326, 0.17196581, -0.5947018, -0.7510869, 0.21172185, 0.49054265, 0.8173701, -0.488069, -0.06849242, 0.22694, 0.92299473, 0.44146627, -0.35008138, 0.036281362, 0.6900065, -0.62251973, 0.4839553, -0.10161135, -0.6355425, -0.62871426, -0.73194826, -0.4717583, -0.26085773, -0.48636386, 0.30302957, -0.034399826, 0.9412069, 0.40751988, -0.21952708, 0.71545506, 0.89338315, -0.68000275, 0.29950586, 0.5781366, 0.31311747, 0.22912271, 0.340011, 0.5360004, -0.66193235, 0.9800853, 0.033458278, -0.20340164, -0.96311027, -0.30889118, 0.92418426, -0.88534355, 0.10102162, 0.7693627, 0.0415998, -0.07141362, 0.71160626, -0.7613612, 0.496348, -0.57801926, 0.9918291, -0.6136016, 0.14960581, 0.07345325, -0.13817203, -0.92996687, 0.88534236, 0.75172883, -0.27933854, 0.9610438, -0.3480063, -0.43581882, 0.943827, 0.35677174, 0.8478788, 0.7267568, 0.8581551, 0.21014161, 0.3076702, 0.47044626, -0.7890469, -0.34160802, -0.8744746, -0.4629655, -0.71151847, 0.9130431, -0.65153503, -0.4759881, -0.559121, 0.9220639, -0.17394052, -0.4053727, -0.8959812, -0.22153597, 0.35077137, 0.21591881, 0.10196191, 0.6600525, 0.30429167, -0.4521574, -0.44390252, 0.37469774, 0.27102527, 0.7701297, 0.9196219, -0.32946166, -0.44327894, -0.39846027, 0.016379906, -0.27012694, 0.096809804, 0.68234754, -0.24862245, -0.28436604, -0.41323873, -0.5645484, -0.12560874, -0.9389307, -0.7166834, -0.72333324, 0.70264685, 0.24521168, -0.5594687, -0.37926364, -0.15785849, -0.06870389, -0.23226348, -0.102670625, 0.116062306, -0.37233526, 0.37915, -0.24786074, -0.36147425, -0.6085026, -0.1078232, -0.8136273, -0.607917, -0.62460625, -0.35192594, 0.3947069, -0.92601776, -0.7612506, -0.328599, 0.92406577, 0.085830875, 0.10036554, 0.24145848, 0.6138336, 0.75297767, 0.8593416, -0.2521671, 0.5020457, -0.27092072, -0.7450934, -0.6981546, -0.11598373, -0.01121913, 0.66692334, -0.5347797, -0.68404454, 0.66496956, 0.8542886, 0.4023903, 0.37770963, -0.7186887, -0.45990285, 0.7252221, -0.2180057, 0.9774189, 0.45741034, -0.9732283, -0.3257817, 0.24441503, 0.82141185, -0.09392004, 0.41273257, 0.20556906, 0.16285732, -0.46386003, -0.23626518, 0.04882524, 0.73237276, -0.6779655, -0.5662304, 0.5043998, -0.2533437, 0.41372246, 0.86040765, -0.06554555, -0.33525956, 0.42194355, 0.09612304, 0.87351465, -0.6489658, -0.5911714, 0.91817766, -0.59814453, -0.38792834, 0.67170876, 0.06793706, -0.0956437, 0.9785992, -0.96194285, 0.08879807, 0.90479535, 0.8563312, -0.14491738, 0.40372887, 0.39208964, 0.9524698, -0.035402324, 0.21374765, -0.858227, 0.20114455, -0.21000127, 0.4260572, -0.61472505, -0.92681336, -0.25462967, -0.9656681, 0.14394268, -0.738161, -0.2726644, 0.44397736, 0.99927044, 0.44225726, 0.9689222, -0.8303407, -0.47317645, -0.07033023, -0.45004264, -0.50463426, 0.47729993, -0.6329134, -0.25996703, 0.4047041, 0.819684, -0.25817594, 0.4140688, 0.36674947, -0.3638558, -0.6889577, -0.767912, -0.02444494, -0.59374386, 0.453171, 0.115885206, -0.23754258, -0.16907404, 0.40113094, 0.8007321, 0.53379744, -0.9568468, 0.11947298, -0.15461059, -0.08385945, 0.12917458, -0.688046, -0.24164145, -0.96216035, 0.2425774, -0.896289, -0.16816096, 0.0036115767, 0.011830777, -0.7157095, -0.5915095, 0.7531219, 0.9496296, 0.45304915, 0.7548152, -0.5501842, 0.24188559, -0.17551932, 0.085167475, 0.23974134, -0.22623923, -0.17786661, 0.26465482, -0.12019779, -0.75849766, -0.56333524, -0.8746632, 0.43732554, 0.6235959, -0.098262206, 0.0052095735, -0.11687478, 0.6025383, 0.514176, 0.92709196, -0.14108813, 0.19031927, 0.71015394, 0.26261765, -0.5335283, -0.88123244, -0.4154693, -0.89023596, -0.58418775, 0.19383033, 0.2434389, 0.56114227, 0.96079266, 0.3533749, 0.5364596, 0.015186152, 0.682185, 0.75932556, -0.2702742, 0.9623811, 0.16722852, -0.04023494, -0.32533047, 0.019704226, 0.37238327, -0.21902029, -0.18103023, -0.07608008, -0.727691, 0.2412279, 0.2640294, 0.50690943, 0.11547933, -0.77194667, 0.93084174, 0.68245816, 0.013941242, 0.7000225, 0.42127177, -0.5163681, 0.28915632, -0.3076095, -0.4964962, -0.5718874, 0.7593612, 0.28023756, -0.8004727, 0.74178344, 0.76989746, -0.5860659, -0.8820233, -0.3208094, -0.29445964, 0.22826202]","[-7.0, 4.0, 4.0, -2.0, -1.0, 4.0, -1.0, 2.0, -2.0, -3.0, -2.0, -1.0, 4.0, -2.0, 4.0, -2.0, -2.0, -3.0, -7.0, -1.0, -8.0, -2.0, -2.0, -7.0, 5.0, 10.0, -7.0, -8.0, 3.0, -7.0, -14.0, 4.0, -2.0, 4.0, 5.0, 3.0, 4.0, -6.0, -7.0, -7.0, 0.0, 5.0, -1.0, -4.0, 1.0, 5.0, 3.0, -7.0, -3.0, -2.0, 5.0, 3.0, 5.0, -1.0, 1.0, 1.0, -1.0, -2.0, 0.0, 4.0, 3.0, 4.0, -2.0, 0.0, 3.0, 4.0, -7.0, -3.0, -2.0, 5.0, 5.0, 2.0, -1.0, 4.0, -6.0, 3.0, 4.0, -3.0, -1.0, 6.0, -2.0, -6.0, -1.0, -7.0, 6.0, 10.0, -1.0, -1.0, 0.0, 4.0, -1.0, 6.0, -1.0, 10.0, -2.0, 4.0, 4.0, -3.0, -6.0, -4.0, -1.0, -1.0, 1.0, -1.0, -8.0, 5.0, 1.0, 3.0, 5.0, -3.0, -2.0, -7.0, -7.0, -2.0, 4.0, -8.0, 5.0, -7.0, 5.0, -3.0, 5.0, 5.0, 0.0, 4.0, -2.0, 3.0, -1.0, 4.0, 3.0, -2.0, 5.0, -1.0, -4.0, -7.0, -2.0, -8.0, -1.0, -8.0, 3.0, 4.0, 4.0, 5.0, -2.0, 4.0, 5.0, 4.0, -8.0, 0.0, -7.0, 4.0, -10.0, 5.0, -3.0, 0.0, -2.0, -7.0, 4.0, 4.0, 4.0, -1.0, -3.0, 4.0, 5.0, 3.0, -13.0, -1.0, -7.0, 4.0, -9.0, -5.0, 3.0, -1.0, 5.0, 3.0, 1.0, -2.0, -2.0, -2.0, -3.0, 0.0, 3.0, -2.0, -2.0, -5.0, -2.0, -2.0, 5.0, -6.0, 2.0, 10.0, -3.0, -2.0, 4.0, -4.0, -2.0, 0.0, -2.0, -8.0, -2.0, -2.0, -8.0, -2.0, -2.0, 5.0, -1.0, 5.0, -1.0, -3.0, -1.0, -1.0, 5.0, 4.0, -2.0, 4.0, 1.0, -8.0, 4.0, 4.0, -2.0, -3.0, 4.0, -7.0, -3.0, -7.0, 8.0, 5.0, 4.0, -3.0, 0.0, 4.0, -7.0, 0.0, 5.0, -2.0, 0.0, 4.0, 4.0, 4.0, -1.0, 3.0, 1.0, -1.0, -6.0, 3.0, 2.0, 0.0, 4.0, -5.0, -2.0, 6.0, -2.0, -5.0, -2.0, -1.0, -2.0, -4.0, -1.0, -4.0, -2.0, -2.0, -2.0, 5.0, -7.0, -2.0, 4.0, -1.0, -7.0, 1.0, -7.0, 5.0, 4.0, -1.0, -1.0, -6.0, 6.0, -1.0, 5.0, -2.0, -4.0, -7.0, 4.0, -1.0, 0.0, -1.0, -1.0, 12.0, 0.0, -1.0, 4.0, 4.0, -1.0, -2.0, -8.0, -2.0, -2.0, -1.0, -7.0, -1.0, -3.0, -2.0, 4.0, 3.0, 4.0, -1.0, -1.0, 0.0, -3.0, 4.0, 0.0, -2.0, 3.0, 3.0, -6.0, -1.0, -2.0, 0.0, 1.0, -1.0, 5.0, 4.0, -1.0, -8.0, -1.0, 3.0, 6.0, 1.0, -7.0, 4.0, 5.0, 2.0, 0.0, 0.0, 4.0, 10.0, -2.0, -2.0, -8.0, -2.0, 4.0, 12.0, -1.0, 5.0, -4.0, -7.0, -7.0, 0.0, -1.0, -1.0, -2.0, -1.0, -3.0, -1.0, -1.0, 4.0, 5.0, 5.0, -2.0, -7.0, 3.0, -1.0, -7.0, -1.0, 4.0, -7.0, 6.0, -1.0, 4.0, 10.0, 4.0, -7.0, -1.0, 13.0, 4.0, 9.0, 0.0, 4.0, -3.0, 4.0, 5.0, 4.0, 4.0, 4.0, -2.0, 5.0, -1.0, 4.0, 3.0, 5.0, 5.0, 3.0, 0.0, 5.0, -2.0, 11.0, 5.0, 11.0, -2.0, -2.0, 5.0, 10.0, -3.0, 5.0, 10.0, -1.0, 3.0, -1.0, -7.0, 5.0, -2.0, 4.0, -2.0, 3.0, 3.0, 1.0, -8.0, -2.0, -10.0, 5.0, 0.0, -3.0, -8.0, 1.0, 8.0, -6.0, 6.0, 3.0, -7.0, -7.0, -2.0, -1.0, -1.0, -1.0, -2.0, -2.0, -2.0, -2.0, -14.0, -7.0, -1.0, -7.0, -1.0, -8.0, 4.0, -2.0, 5.0, -2.0, 5.0, -2.0, 5.0, 4.0, -1.0, -2.0, 4.0, 4.0, 5.0, 4.0, 3.0, -1.0, 4.0, 2.0, 4.0, -2.0, -2.0, -1.0, 9.0, -1.0, -1.0, -8.0, 0.0, 5.0, 2.0, 4.0, -1.0, 5.0, -1.0, 5.0, -8.0, -1.0, -2.0, -1.0, -2.0, -2.0, -10.0, 5.0, -5.0, -1.0, 5.0, 11.0, -1.0, 0.0, -5.0, -2.0, -2.0, 2.0, -2.0, -2.0, -2.0, -8.0, 0.0, -2.0, -7.0, 4.0, -7.0, -1.0, -3.0, -5.0, 4.0, 2.0, -1.0, -2.0, 4.0, 5.0, -4.0, 4.0, -1.0, -1.0, -1.0, 3.0, 9.0, -7.0, 4.0, -2.0, -3.0, -2.0, -2.0, 5.0, 4.0, 4.0, -5.0, -1.0, -1.0, 3.0, -3.0, -1.0, -7.0, 0.0, -1.0, 4.0, 3.0, -5.0, 5.0, 4.0, -1.0, -1.0, 4.0, -3.0, -1.0, -1.0, -2.0, -2.0, 5.0, 5.0, -2.0, 1.0, -7.0, 5.0, 4.0, -2.0, -1.0, 3.0, -1.0, -7.0, -5.0, -2.0, -1.0, -1.0, 5.0, -1.0, 0.0, 4.0, -3.0, -7.0, -2.0, -1.0, -1.0, -2.0, 3.0, -3.0, -2.0, 1.0, 1.0, -3.0, 0.0, -1.0, -8.0, 4.0, 3.0, 1.0, -1.0, -2.0, -7.0, -2.0, -1.0, 3.0, -1.0, -1.0, 5.0, -3.0, 4.0, 0.0, -2.0, -7.0, -7.0, 3.0, 5.0, -1.0, 11.0, 4.0, -1.0, 4.0, -2.0, 0.0, 10.0, 0.0, -7.0, -2.0, -8.0, -2.0, 7.0, -1.0, -1.0, 4.0, 6.0, 5.0, 4.0, 2.0, -1.0, -2.0, 10.0, -4.0, -1.0, -2.0, 4.0, -1.0, -1.0, 0.0, 5.0, -1.0, 2.0, -1.0, -2.0, -1.0, -6.0, 2.0, -1.0, -2.0, 1.0, -2.0, 3.0, -2.0, -2.0, 6.0, -2.0, -2.0, 1.0, -2.0, -2.0, -6.0, 4.0, 1.0, 5.0, -3.0, -3.0, 5.0, 4.0, -6.0, -2.0, -1.0, -1.0, 0.0, -1.0, -3.0, 3.0, 3.0, 1.0, 0.0, 5.0, 1.0, -1.0, -1.0, -2.0, -1.0, 5.0, -3.0, 5.0, -1.0, -12.0, -2.0, -1.0, -1.0, -5.0, -7.0, -1.0, -2.0, -3.0, 6.0, 8.0, -3.0, 0.0, 4.0, 3.0, 5.0, -1.0, 3.0, 4.0, -1.0, 4.0, -1.0, 5.0, -15.0, -7.0, -1.0, -2.0, 1.0, -7.0, 5.0, -1.0, 1.0, -2.0, 6.0, 0.0, -4.0, -1.0, -2.0, 2.0, -2.0, 0.0, -6.0, -8.0, -2.0, 4.0, 4.0, -2.0, 1.0, 1.0, -5.0, 4.0, -1.0, -3.0, 10.0, -2.0, 5.0, 3.0, -1.0, 3.0, 5.0, 4.0, -2.0, -3.0, 4.0, 4.0, -1.0, 3.0, 10.0, -1.0, 2.0, -2.0, 4.0, -2.0, 5.0, -6.0, 5.0, -1.0, -5.0, 4.0, 0.0, 5.0, 0.0, -2.0, -2.0, -8.0, -2.0, -1.0, 5.0, -1.0, 5.0, -2.0, -1.0, -2.0, -2.0, -2.0, -2.0, 10.0, 4.0, 3.0, 3.0, 4.0, 10.0, 4.0, 4.0, -2.0, 0.0, -2.0, -13.0, 4.0, -1.0, 9.0, -2.0, 4.0, 3.0, 4.0, -1.0, -2.0, 5.0, -3.0, -7.0, -2.0, -2.0, -2.0, -7.0, -1.0, -2.0, 0.0, 10.0, 9.0, -1.0, 4.0, -2.0, -2.0, -7.0, 5.0, 11.0, 4.0, 5.0, -1.0, -8.0, 4.0, -2.0, -5.0, 4.0, -1.0, -7.0, -1.0, 4.0, 0.0, -1.0, -1.0, -8.0, -2.0, -1.0, 5.0, 4.0, -9.0, -4.0, -1.0, -14.0, 2.0, -12.0, -2.0, -7.0, 6.0, -1.0, 5.0, -8.0, -7.0, -1.0, -2.0, -4.0, 3.0, -2.0, -7.0, 0.0, 4.0, 5.0, 5.0, 9.0, 5.0, 2.0, -2.0, -1.0, 7.0, -1.0, 3.0, -1.0, 4.0, 4.0, -1.0, -2.0, 5.0, 4.0, -2.0, -2.0, -1.0, 4.0, -1.0, 0.0, -4.0, 3.0, -8.0, 4.0, -5.0, -1.0, -7.0, -2.0, -7.0, -1.0, 3.0, 5.0, -2.0, 5.0, -9.0, 5.0, -2.0, 0.0, -1.0, -5.0, -1.0, -1.0, -14.0, 0.0, 5.0, 11.0, -2.0, 5.0, 5.0, 4.0, 4.0, -1.0, -1.0, 4.0, -2.0, -1.0, -5.0, 4.0, 5.0, 4.0, 2.0, -7.0, -2.0, -2.0, 5.0, 6.0, -1.0, 4.0, 0.0, 5.0, 5.0, -7.0, -6.0, 6.0, 3.0, -7.0, -7.0, -3.0, -7.0, -1.0, 5.0, -6.0, -13.0, 10.0, -1.0, 6.0, 10.0, -1.0, 3.0, -2.0, 0.0, 1.0, -2.0, -3.0, -2.0, 5.0, 5.0, -3.0, -2.0, -6.0, 15.0, 5.0, 3.0, -4.0, 5.0, 0.0, -1.0, 5.0, -2.0, 4.0, -1.0, 5.0, 4.0, -1.0, 4.0, -1.0, 11.0, -2.0, -8.0, -1.0, 8.0, 5.0, 9.0, 2.0, -6.0, 4.0, 3.0, -8.0, -1.0, 11.0, -2.0, -2.0, -20.0, -2.0]",8.191414266461646,0.0032801628112792,0.0,0.0,0
88,88,"[-0.8617841, 0.7297102, -0.02087576, -0.9437528, 0.49194682, -0.5633647, 0.3611332, 0.732184, 0.15476061, -0.6894625, 0.22502224, 0.20512995, -0.2082968, -0.5096904, 0.6948833, 0.5672897, 0.4792595, -0.12352022, 0.1431154, 0.9039846, 0.19242653, 0.2112757, -0.18318613, -0.5389321, 0.13025838, 0.78767353, -0.2664311, -0.32353017, -0.6544986, -0.36315277, 0.34316823, -0.2360663, 0.21663128, 0.40166157, -0.73998326, -0.81240135, -0.94746417, 0.14977923, 0.032010186, 0.8406055, 0.52176625, -0.007545464, 0.102182396, -0.91791904, -0.17135385, -0.84635496, -0.6862251, -0.70351124, -0.071392775, 0.34829465, -0.16448425, 0.30388272, -0.5800536, -0.02661786, 0.44675058, 0.2116764, -0.36129943, -0.13822292, 0.57466596, -0.9308379, -0.3973649, 0.6931494, 0.8647298, 0.99273485, -0.04905753, 0.9330524, -0.2609662, 0.21724382, -0.6574194, -0.98549396, -0.30800876, 0.93350255, 0.23756991, 0.25676268, 0.9951553, -0.9279925, 0.80626494, 0.41813266, -0.01296869, 0.48321494, 0.8891167, 0.4018444, -0.9593605, -0.24422602, -0.64666057, -0.69768053, -0.31004164, 0.8090591, 0.395033, -0.91167325, 0.0816668, 0.7550412, 0.018210173, -0.1335065, -0.9670668, 0.2453831, 0.2762195, -0.12558514, 0.8964274, -0.895218, 0.36042678, 0.8052342, 0.22115992, 0.37167892, -0.06594102, 0.7178726, 0.70584905, -0.5844557, -0.7493362, 0.92135745, -0.29460728, 0.013146375, -0.124109596, 0.032460544, -0.9824638, -0.8998799, 0.8730981, -0.39313418, 0.0295459, 0.41006708, 0.523734, 0.7417984, 0.17920884, 0.5315031, 0.44858077, -0.5935931, -0.23756152, -0.777859, -0.31149685, 0.41490245, -0.23254167, -0.71256757, 0.5141531, -0.9503492, -0.43625793, -0.23805174, 0.86391634, -0.32167143, -0.9208248, 0.06450127, -0.7906636, 0.9946544, 0.32051566, -0.09344057, -0.4193671, -0.8148318, 0.35770595, 0.9330657, 0.72368056, -0.52611107, -0.038029797, 0.57874054, 0.71368134, 0.99786985, 0.67605937, 0.7493125, 0.61047715, 0.771614, -0.25404328, -0.25858822, -0.80615836, -0.06844318, 0.9804617, -0.61573315, 0.72993153, 0.7183251, -0.22611995, -0.852914, 0.7756882, -0.5570129, 0.019391483, 0.5448215, -0.4213352, 0.65678436, -0.08820129, 0.84844846, 0.8584014, -0.7402677, 0.66458565, -0.41664028, 0.027841276, -0.40129593, -0.2728112, 0.4035075, 0.29874197, 0.6288258, 0.36918232, -0.9205454, -0.76341945, -0.76472056, 0.1604073, -0.95800006, 0.06517993, 0.82743514, 0.22366028, -0.893747, 0.28395748, 0.4986367, 0.086673565, 0.77218336, -0.88687414, -0.5101635, -0.21385796, 0.09915965, -0.84092253, 0.2091761, -0.10994283, -0.06732275, 0.4817161, -0.1194262, 0.62689865, -0.55710095, -0.52122086, 0.28841054, -0.2815247, -0.013975939, 0.57050186, -0.5224941, 0.6196951, -0.051614694, -0.6916497, -0.14559983, 0.1026508, -0.12486172, -0.051050406, -0.48451346, -0.79179233, -0.8245746, 0.9912357, 0.6500522, -0.033313487, -0.38603187, 0.45088536, -0.55734044, 0.55813533, -0.7365384, 0.15346906, 0.21486811, 0.12851064, 0.57439905, -0.76455563, -0.7400656, 0.036299404, 0.32098854, 0.18587528, -0.7120023, -0.6825112, 0.31105757, -0.17411983, -0.32995716, 0.3414973, 0.10701634, -0.9075913, 0.48761272, 0.5699145, -0.5002005, 0.5213705, 0.15664421, -0.2739373, 0.6433493, 0.669848, -0.5070292, -0.9699664, -0.058027487, 0.49066684, -0.06298924, 0.48871368, 0.5813187, 0.15791364, 0.9360052, 0.34990537, -0.8016637, -0.4251369, -0.9501689, -0.52618897, 0.53645283, 0.7350319, -0.8802715, 0.24804708, -0.2715094, -0.39975253, 0.80218107, 0.8307615, 0.20808321, 0.85775536, -0.43929797, 0.29802513, 0.5619871, -0.959891, -0.66471326, -0.937338, 0.85465693, -0.65218043, 0.73238677, 0.84771276, -0.2870726, -0.9497039, -0.8228759, 0.30078775, -0.8625924, -0.46677896, 0.7801777, 0.92741084, 0.50256735, 0.57641876, 0.19440748, 0.9499383, 0.7287897, -0.42660394, 0.6848381, 0.9933267, 0.3172201, -0.5022192, -0.8281439, 0.2577773, -0.83657485, 0.3694983, 0.4195, 0.0285887, -0.35742384, -0.4973637, 0.42807057, 0.80110735, -0.72097856, 0.61974186, 0.836847, 0.6769434, 0.14331596, 0.7155569, -0.53844243, -0.45741063, -0.9086473, 0.93318087, -0.86429185, -0.22859736, 0.6125922, 0.26809162, 0.89590424, 0.41282636, 0.51197696, 0.30154872, -0.027917746, 0.4614333, -0.5437798, -0.95140535, 0.027244532, -0.9814489, -0.48756912, 0.22294559, -0.8929544, -0.40469974, -0.89399606, -0.6545895, -0.030061794, -0.7822522, 0.23931515, 0.2867879, -0.46948147, -0.8516892, -0.51005745, 0.45294392, 0.71802074, -0.4244362, -0.045858137, -0.0024373366, 0.7750045, 0.38702604, -0.72428524, 0.2324264, -0.38286734, 0.37849906, 0.7856094, 0.5781443, -0.7929723, -0.5033704, 0.54116625, 0.27831477, -0.20599248, -0.18854122, -0.8965227, 0.66152436, 0.64321536, -0.14843394, -0.8968016, 0.5660669, -0.34492394, -0.506705, 0.87135917, 0.5807157, -0.6247167, 0.7936306, -0.29429677, -0.27290198, 0.19774614, 0.22574429, 0.90527225, -0.27955076, 0.46083626, 0.82462585, -0.75498456, -0.3469774, 0.55248666, 0.7275375, 0.7063663, 0.41368964, -0.99804324, -0.030329036, -0.9759685, 0.056066964, 0.8170897, 0.8498961, 0.4464326, -0.25942376, -0.040458042, -0.35675865, 0.9121566, -0.65225804, 0.062788785, 0.11584913, 0.5391009, -0.64022505, 0.7447689, 0.64395744, -0.24168472, -0.44788522, -0.41145644, -0.20576961, -0.57178277, -0.94094825, -0.5653794, -0.071778275, -0.9465074, 0.8279113, -0.6171168, -0.78383625, -0.80411893, -0.91374975, -0.80719465, 0.34053114, -0.27198327, -0.13932513, 0.23229945, -0.57793564, -0.18895714, -0.9988624, 0.2755627, 0.3382584, 0.45036379, 0.9289146, 0.25594476, -0.34449032, -0.6592042, 0.770171, 0.8477779, -0.31560707, -0.90407205, -0.06184251, -0.81381047, -0.0038329696, 0.69212025, 0.17672122, 0.27556005, 0.929164, -0.91132754, -0.6039506, -0.5656677, 0.31881562, 0.78132206, 0.13764635, 0.45173815, 0.32632712, 0.3244885, -0.52551013, -0.006647267, -0.805561, 0.8734367, -0.0056934846, 0.21769437, 0.5032383, 0.9114108, 0.08296775, 0.08983371, 0.17871983, 0.942069, -0.08889811, -0.15060182, -0.78342986, 0.018244045, 0.72294164, -0.02509228, 0.74948764, 0.897521, -0.28491187, 0.80605656, -0.25742108, -0.42970014, 0.39250308, -0.18457638, -0.6274667, -0.5173018, -0.34904045, -0.57670486, -0.6144762, 0.97469467, -0.29231346, -0.9578452, -0.051343486, -0.47314706, 0.2475214, 0.5065565, -0.023950549, 0.046920292, 0.025132354, -0.8158547, -0.5138779, 0.03560928, 0.37093627, -0.21480484, -0.051225428, -0.43017116, 0.9118118, 0.65972704, 0.6628389, 0.19351004, 0.64443624, 0.1197729, -0.049141996, 0.6752852, -0.16933595, 0.13640383, -0.34158674, -0.15283832, 0.57311594, -0.8624056, 0.4367761, -0.30804846, -0.1019567, 0.4224711, -0.7051044, 0.13722342, 0.79766876, 0.60560226, -0.0669574, -0.93461853, -0.3940611, -0.052698165, -0.65552014, 0.5517093, 0.0915582, -0.8687432, 0.18358286, 0.67616975, -0.5596197, -0.2667936, -0.3022651, -0.120191924, 0.760059, 0.9682511, 0.298858, 0.9549672, 0.49600652, -0.13856676, 0.67921376, -0.5892859, 0.5580154, -0.73528236, 0.79866153, -0.66091007, -0.056095153, 0.94099605, 0.28471622, 0.37017953, 0.6438418, -0.04829672, -0.02655025, 0.58960944, 0.48592958, -0.13360399, 0.7477587, 0.20276478, -0.227523, -0.35059652, -0.7418558, 0.49296004, 0.094019875, -0.10909613, 0.087182544, 0.19400325, -0.890572, 0.8647213, 0.3243487, 0.05016434, -0.40896523, 0.6804064, -0.390754, -0.29926184, -0.6065226, -0.062067732, 0.77728647, -0.6097625, -0.25194582, -0.753362, -0.35702005, 0.0017048008, -0.7753925, -0.4432281, 0.09207998, 0.26115, 0.12218794, -0.4331509, -0.21092835, 0.8615911, -0.6349475, 0.5276814, -0.2877528, -0.77697086, 0.3781601, 0.5053168, 0.61541885, -0.7098107, 0.849442, 0.32832816, -0.3395716, -0.56101584, -0.7766847, -0.14691752, -0.3619998, -0.8423243, 0.17603646, -0.86757034, 0.8903019, -0.7445782, -0.1600291, 0.101263896, 0.44371498, -0.34482765, -0.6688974, 0.8559123, 0.012345883, 0.61302274, -0.41586727, -0.08407505, 0.6568958, 0.93130314, 0.870121, 0.8645469, -0.4435148, -0.39897773, -0.73456925, -0.45169157, 0.115352996, 0.7779162, -0.1458606, 0.68213123, 0.0181661, -0.46934518, -0.6442397, 0.7084282, 0.5301266, -0.13025628, -0.055040643, 0.6146483, -0.4335597, -0.88748455, 0.6272063, 0.2913923, -0.4649468, -0.2689408, 0.43301532, -0.75291127, 0.03453602, -0.6366436, -0.17180717, 0.192882, -0.0935195, 0.036622934, 0.05066668, -0.7472773, 0.29928875, 0.85265684, 0.15146744, 0.6953325, -0.25253016, -0.6575762, 0.29259932, 0.9106243, 0.58997655, 0.01688484, -0.5172125, 0.85508406, 0.734133, -0.6457102, 0.3882684, -0.9445008, 0.060510907, 0.28704366, 0.3363798, 0.32309267, -0.11169404, -0.6268183, 0.7458269, -0.7776977, 0.07772812, -0.60896814, 0.31836134, -0.4181567, -0.4749639, 0.116301745, -0.367344, 0.74887526, 0.4414413, 0.32674548, 0.22031952, 0.09946963, -0.3296372, -0.65423405, -0.44702855, 0.19148797, -0.22805986, 0.28431395, -0.050535705, 0.04323229, 0.21270712, 0.5956908, 0.5054737, 0.5231465, -0.16618162, 0.33548197, -0.16551782, 0.09290047, 0.35233158, -0.23775123, -0.8380353, 0.77112216, -0.29024318, -0.1264045, 0.89801717, 0.33996478, 0.42422035, -0.23404408, 0.25930217, -0.19404006, -0.88651484, 0.32311198, -0.8325262, 0.8160588, -0.034625918, -0.09659677, -0.68082416, 0.31699643, -0.75459176, -0.03415803, 0.22377303, 0.2054156, -0.69838715, 0.72350115, 0.80536896, -0.6923575, 0.25502107, -0.96983755, -0.26928046, 0.6778129, 0.042382695, 0.20915528, 0.17782508, 0.51405996, 0.7864917, -0.37338382, 0.09032938, 0.30152234, 0.95057535, -0.93787783, 0.8495212, -0.5307673, 0.69462544, 0.4537217, 0.65399086, 0.2700238, -0.68310386, -0.8080382, -0.3585547, -0.5627115, -0.9955017, -0.4656657, 0.9190351, -0.53303874, 0.7139965, 0.25510293, 0.24065459, -0.0981764, 0.46431205, 0.40299717, 0.005458681, 0.024905004, 0.639452, 0.36815038, -0.7776397, -0.354184, -0.67897516, -0.14839669, 0.95160365, -0.031368725, -0.3200906, 0.721456, 0.70438796, -0.9357669, -0.3246978, -0.54669863, -0.18796577, 0.27511987, 0.8336695, -0.65890604, 0.89884704, 0.076564424, 0.17917214, -0.03213139, 0.9920931, -0.20730448, -0.8040449, -0.82010233, -0.02367509, 0.56817347, -0.9602846, 0.09618908, -0.29507992, 0.58567345, 0.03891668, 0.58704853, -0.09758452, 0.736743, -0.21286424, 0.5400066, 0.7337347, -0.12749638, -0.067824624, 0.595443, -0.81932414, -0.6839753, 0.5111121, 0.62805814, -0.1727127, -0.059556738, 0.17883766, -0.9039938, 0.8844249, -0.46993926, 0.37020555, -0.22980593, 0.59516734, -0.9636525, 0.014947808, -0.62851137, 0.3829501, 0.32842374, 0.7079303, -0.95804286, -0.60526335, 0.73281956, 0.23229378, -0.7848652, 0.030726032, -0.19159693, -0.717045, 0.86343145, 0.50113624, 0.61847746, 0.36936283, 0.07756343, 0.08268413, -0.29592714, 0.40055224, 0.4308525, 0.9176801, 0.26383266, -0.30926713, -0.916858, 0.9629771, -0.87024295, -0.8542025, 0.69874835, -0.7889165, -0.9389474, -0.2570064, 0.124170244, -0.84042126, -0.0929166, 0.10373141, -0.86353356, -0.4587366, -0.85894567, 0.56948704, -0.36789548, 0.77428514, 0.30987555, -0.7775723, 0.23201156, 0.22265638, -0.8604599, -0.45849106, 0.31573996, 0.7214461, -0.58057404, -0.70808583, 0.27723044, -0.18071656, -0.85776645, 0.48939556, 0.5075361, 0.9808085, 0.23789996, 0.37504485, 0.57941836, -0.65134853, 0.9788139, 0.94634545, 0.9073964, 0.22265184, 0.17938629, -0.90071, 0.8023315, -0.29737088, 0.5235557, 0.98371565, -0.8575991, -0.7472749, 0.31188145, 0.7306389, -0.8021935, -0.6930097, -0.35566166, -0.8068859, -0.73679703, -0.73137057, -0.46753743, 0.6654589, -0.86572945, 0.98534787, 0.14656956, 0.55477154, -0.18442146, 0.6530147, 0.93284386, 0.93151426, -0.9321275, -0.62540823, -0.4885838, -0.6413214, -0.30150965, 0.30165112, -0.12705854, -0.71833926, 0.15424418, 0.8159914, -0.25222975, 0.3651838, 0.4575086, -0.77792466, -0.6395155, -0.24537599, -0.2173865, -0.8298833, -0.7015663, -0.6622701, -0.32409316, -0.79626393, 0.74617845, 0.9584106, 0.48375982, -0.17495471, 0.96324897, -0.81429696, -0.52946293, -0.9921317, -0.6150805, -0.81796753, -0.007481482, -0.2305447, 0.5007976, -0.09293007, 0.44030097, -0.53495854, -0.3148925, -0.18957295, -0.29135993, 0.8249489, -0.32220796, 0.12935472, 0.68599856, -0.14531249, 0.48846492, -0.42688665, -0.45573273, 0.11907607, -0.14930472, 0.3463574, -0.011408828, -0.56973094, -0.27443248, 0.8112577, 0.0625362]","[-7.0, 4.0, 4.0, -2.0, -1.0, 4.0, -1.0, 2.0, -2.0, -3.0, -2.0, -1.0, 4.0, -2.0, 4.0, -2.0, -2.0, -3.0, -7.0, -1.0, -8.0, -2.0, -2.0, -7.0, 5.0, 10.0, -7.0, -8.0, 3.0, -7.0, -14.0, 4.0, -2.0, 4.0, 5.0, 3.0, 4.0, -6.0, -7.0, -7.0, 0.0, 5.0, -1.0, -4.0, 1.0, 5.0, 3.0, -7.0, -3.0, -2.0, 5.0, 3.0, 5.0, -1.0, 1.0, 1.0, -1.0, -2.0, 0.0, 4.0, 3.0, 4.0, -2.0, 0.0, 3.0, 4.0, -7.0, -3.0, -2.0, 5.0, 5.0, 2.0, -1.0, 4.0, -6.0, 3.0, 4.0, -3.0, -1.0, 6.0, -2.0, -6.0, -1.0, -7.0, 6.0, 10.0, -1.0, -1.0, 0.0, 4.0, -1.0, 6.0, -1.0, 10.0, -2.0, 4.0, 4.0, -3.0, -6.0, -4.0, -1.0, -1.0, 1.0, -1.0, -8.0, 5.0, 1.0, 3.0, 5.0, -3.0, -2.0, -7.0, -7.0, -2.0, 4.0, -8.0, 5.0, -7.0, 5.0, -3.0, 5.0, 5.0, 0.0, 4.0, -2.0, 3.0, -1.0, 4.0, 3.0, -2.0, 5.0, -1.0, -4.0, -7.0, -2.0, -8.0, -1.0, -8.0, 3.0, 4.0, 4.0, 5.0, -2.0, 4.0, 5.0, 4.0, -8.0, 0.0, -7.0, 4.0, -10.0, 5.0, -3.0, 0.0, -2.0, -7.0, 4.0, 4.0, 4.0, -1.0, -3.0, 4.0, 5.0, 3.0, -13.0, -1.0, -7.0, 4.0, -9.0, -5.0, 3.0, -1.0, 5.0, 3.0, 1.0, -2.0, -2.0, -2.0, -3.0, 0.0, 3.0, -2.0, -2.0, -5.0, -2.0, -2.0, 5.0, -6.0, 2.0, 10.0, -3.0, -2.0, 4.0, -4.0, -2.0, 0.0, -2.0, -8.0, -2.0, -2.0, -8.0, -2.0, -2.0, 5.0, -1.0, 5.0, -1.0, -3.0, -1.0, -1.0, 5.0, 4.0, -2.0, 4.0, 1.0, -8.0, 4.0, 4.0, -2.0, -3.0, 4.0, -7.0, -3.0, -7.0, 8.0, 5.0, 4.0, -3.0, 0.0, 4.0, -7.0, 0.0, 5.0, -2.0, 0.0, 4.0, 4.0, 4.0, -1.0, 3.0, 1.0, -1.0, -6.0, 3.0, 2.0, 0.0, 4.0, -5.0, -2.0, 6.0, -2.0, -5.0, -2.0, -1.0, -2.0, -4.0, -1.0, -4.0, -2.0, -2.0, -2.0, 5.0, -7.0, -2.0, 4.0, -1.0, -7.0, 1.0, -7.0, 5.0, 4.0, -1.0, -1.0, -6.0, 6.0, -1.0, 5.0, -2.0, -4.0, -7.0, 4.0, -1.0, 0.0, -1.0, -1.0, 12.0, 0.0, -1.0, 4.0, 4.0, -1.0, -2.0, -8.0, -2.0, -2.0, -1.0, -7.0, -1.0, -3.0, -2.0, 4.0, 3.0, 4.0, -1.0, -1.0, 0.0, -3.0, 4.0, 0.0, -2.0, 3.0, 3.0, -6.0, -1.0, -2.0, 0.0, 1.0, -1.0, 5.0, 4.0, -1.0, -8.0, -1.0, 3.0, 6.0, 1.0, -7.0, 4.0, 5.0, 2.0, 0.0, 0.0, 4.0, 10.0, -2.0, -2.0, -8.0, -2.0, 4.0, 12.0, -1.0, 5.0, -4.0, -7.0, -7.0, 0.0, -1.0, -1.0, -2.0, -1.0, -3.0, -1.0, -1.0, 4.0, 5.0, 5.0, -2.0, -7.0, 3.0, -1.0, -7.0, -1.0, 4.0, -7.0, 6.0, -1.0, 4.0, 10.0, 4.0, -7.0, -1.0, 13.0, 4.0, 9.0, 0.0, 4.0, -3.0, 4.0, 5.0, 4.0, 4.0, 4.0, -2.0, 5.0, -1.0, 4.0, 3.0, 5.0, 5.0, 3.0, 0.0, 5.0, -2.0, 11.0, 5.0, 11.0, -2.0, -2.0, 5.0, 10.0, -3.0, 5.0, 10.0, -1.0, 3.0, -1.0, -7.0, 5.0, -2.0, 4.0, -2.0, 3.0, 3.0, 1.0, -8.0, -2.0, -10.0, 5.0, 0.0, -3.0, -8.0, 1.0, 8.0, -6.0, 6.0, 3.0, -7.0, -7.0, -2.0, -1.0, -1.0, -1.0, -2.0, -2.0, -2.0, -2.0, -14.0, -7.0, -1.0, -7.0, -1.0, -8.0, 4.0, -2.0, 5.0, -2.0, 5.0, -2.0, 5.0, 4.0, -1.0, -2.0, 4.0, 4.0, 5.0, 4.0, 3.0, -1.0, 4.0, 2.0, 4.0, -2.0, -2.0, -1.0, 9.0, -1.0, -1.0, -8.0, 0.0, 5.0, 2.0, 4.0, -1.0, 5.0, -1.0, 5.0, -8.0, -1.0, -2.0, -1.0, -2.0, -2.0, -10.0, 5.0, -5.0, -1.0, 5.0, 11.0, -1.0, 0.0, -5.0, -2.0, -2.0, 2.0, -2.0, -2.0, -2.0, -8.0, 0.0, -2.0, -7.0, 4.0, -7.0, -1.0, -3.0, -5.0, 4.0, 2.0, -1.0, -2.0, 4.0, 5.0, -4.0, 4.0, -1.0, -1.0, -1.0, 3.0, 9.0, -7.0, 4.0, -2.0, -3.0, -2.0, -2.0, 5.0, 4.0, 4.0, -5.0, -1.0, -1.0, 3.0, -3.0, -1.0, -7.0, 0.0, -1.0, 4.0, 3.0, -5.0, 5.0, 4.0, -1.0, -1.0, 4.0, -3.0, -1.0, -1.0, -2.0, -2.0, 5.0, 5.0, -2.0, 1.0, -7.0, 5.0, 4.0, -2.0, -1.0, 3.0, -1.0, -7.0, -5.0, -2.0, -1.0, -1.0, 5.0, -1.0, 0.0, 4.0, -3.0, -7.0, -2.0, -1.0, -1.0, -2.0, 3.0, -3.0, -2.0, 1.0, 1.0, -3.0, 0.0, -1.0, -8.0, 4.0, 3.0, 1.0, -1.0, -2.0, -7.0, -2.0, -1.0, 3.0, -1.0, -1.0, 5.0, -3.0, 4.0, 0.0, -2.0, -7.0, -7.0, 3.0, 5.0, -1.0, 11.0, 4.0, -1.0, 4.0, -2.0, 0.0, 10.0, 0.0, -7.0, -2.0, -8.0, -2.0, 7.0, -1.0, -1.0, 4.0, 6.0, 5.0, 4.0, 2.0, -1.0, -2.0, 10.0, -4.0, -1.0, -2.0, 4.0, -1.0, -1.0, 0.0, 5.0, -1.0, 2.0, -1.0, -2.0, -1.0, -6.0, 2.0, -1.0, -2.0, 1.0, -2.0, 3.0, -2.0, -2.0, 6.0, -2.0, -2.0, 1.0, -2.0, -2.0, -6.0, 4.0, 1.0, 5.0, -3.0, -3.0, 5.0, 4.0, -6.0, -2.0, -1.0, -1.0, 0.0, -1.0, -3.0, 3.0, 3.0, 1.0, 0.0, 5.0, 1.0, -1.0, -1.0, -2.0, -1.0, 5.0, -3.0, 5.0, -1.0, -12.0, -2.0, -1.0, -1.0, -5.0, -7.0, -1.0, -2.0, -3.0, 6.0, 8.0, -3.0, 0.0, 4.0, 3.0, 5.0, -1.0, 3.0, 4.0, -1.0, 4.0, -1.0, 5.0, -15.0, -7.0, -1.0, -2.0, 1.0, -7.0, 5.0, -1.0, 1.0, -2.0, 6.0, 0.0, -4.0, -1.0, -2.0, 2.0, -2.0, 0.0, -6.0, -8.0, -2.0, 4.0, 4.0, -2.0, 1.0, 1.0, -5.0, 4.0, -1.0, -3.0, 10.0, -2.0, 5.0, 3.0, -1.0, 3.0, 5.0, 4.0, -2.0, -3.0, 4.0, 4.0, -1.0, 3.0, 10.0, -1.0, 2.0, -2.0, 4.0, -2.0, 5.0, -6.0, 5.0, -1.0, -5.0, 4.0, 0.0, 5.0, 0.0, -2.0, -2.0, -8.0, -2.0, -1.0, 5.0, -1.0, 5.0, -2.0, -1.0, -2.0, -2.0, -2.0, -2.0, 10.0, 4.0, 3.0, 3.0, 4.0, 10.0, 4.0, 4.0, -2.0, 0.0, -2.0, -13.0, 4.0, -1.0, 9.0, -2.0, 4.0, 3.0, 4.0, -2.0, -2.0, 5.0, -3.0, -7.0, -2.0, -2.0, -2.0, -7.0, -1.0, -2.0, 0.0, 10.0, 9.0, -1.0, 4.0, -2.0, -2.0, -7.0, 5.0, 11.0, 4.0, 5.0, -1.0, -8.0, 4.0, -2.0, -5.0, 4.0, -1.0, -7.0, -1.0, 4.0, 0.0, -1.0, -1.0, -8.0, -2.0, -1.0, 5.0, 4.0, -9.0, -4.0, -1.0, -14.0, 2.0, -12.0, -2.0, -7.0, 6.0, -1.0, 5.0, -8.0, -7.0, -1.0, -2.0, -4.0, 3.0, -2.0, -7.0, 0.0, 4.0, 5.0, 5.0, 9.0, 5.0, 2.0, -2.0, -1.0, 7.0, -1.0, 3.0, -1.0, 4.0, 4.0, -1.0, -2.0, 5.0, 4.0, -2.0, -2.0, -1.0, 4.0, -1.0, 0.0, -4.0, 3.0, -8.0, 4.0, -5.0, -1.0, -7.0, -2.0, -7.0, -1.0, 3.0, 5.0, -2.0, 5.0, -9.0, 5.0, -2.0, 0.0, -1.0, -5.0, -1.0, -1.0, -14.0, 0.0, 5.0, 11.0, -2.0, 5.0, 5.0, 4.0, 4.0, -1.0, -1.0, 4.0, -2.0, -1.0, -5.0, 4.0, 5.0, 4.0, 2.0, -7.0, -2.0, -2.0, 5.0, 6.0, -1.0, 4.0, 0.0, 5.0, 5.0, -7.0, -6.0, 6.0, 3.0, -7.0, -7.0, -3.0, -7.0, -1.0, 5.0, -6.0, -13.0, 10.0, -1.0, 6.0, 10.0, -1.0, 3.0, -2.0, 0.0, 1.0, -2.0, -3.0, -2.0, 5.0, 5.0, -3.0, -2.0, -6.0, 15.0, 5.0, 3.0, -4.0, 5.0, 0.0, -1.0, 5.0, -2.0, 4.0, -1.0, 5.0, 4.0, -1.0, 4.0, -1.0, 11.0, -2.0, -8.0, -1.0, 8.0, 5.0, 9.0, 2.0, -6.0, 4.0, 3.0, -8.0, -1.0, 11.0, -2.0, -2.0, -20.0, -2.0]",8.192839107609505,0.0032489299774169,0.0,0.0,0
89,89,"[-0.031305127, 0.5113652, -0.45917034, 0.023242233, -0.017708521, -0.6991411, -0.5093115, 0.15680379, 0.6862227, -0.8054826, 0.5133628, 0.47319204, -0.37216225, -0.999076, -0.16037534, 0.71565515, -0.029379118, 0.36483088, -0.052813143, -0.6866158, -0.30363825, 0.5233306, -0.5064287, -0.03650552, 0.8789143, -0.5360932, 0.8075494, 0.85471845, -0.063168585, -0.54339355, -0.8875539, -0.33042118, -0.9505001, 0.73610413, 0.9209108, -0.8443146, -0.5287469, 0.075909875, 0.42487675, -0.2013372, 0.5456137, -0.44549263, 0.21289402, 0.54714066, -0.98400307, -0.02326159, -0.49402827, 0.26978967, -0.24133928, -0.7805108, 0.4873748, 0.17564872, 0.3572983, -0.48664233, -0.21360543, 0.17447507, 0.75193095, -0.89783376, 0.3485115, -0.8585841, -0.7225736, 0.19927855, -0.13870886, -0.8968339, 0.57681686, 0.24535896, -0.4318714, -0.87494075, -0.099386595, -0.056616645, 0.84234643, 0.16666265, 0.64114094, 0.4012709, -0.84857106, 0.7828854, 0.57391226, -0.17083433, -0.42368248, 0.5662173, -0.99051785, 0.08943823, 0.14515941, -0.94577235, 0.63321704, -0.3833732, -0.3464987, 0.7565111, -0.14610907, 0.6889162, -0.050961856, 0.7069037, 0.210281, -0.8802499, 0.9190617, 0.06375773, -0.7302367, 0.20572002, 0.006121492, 0.8657756, 0.09847988, -0.9963564, -0.9431996, 0.18149595, 0.21704826, -0.7340232, 0.3308886, 0.42535067, -0.06417154, -0.56860733, 0.6756534, 0.3360501, 0.5318586, -0.32208136, -0.75985897, 0.92589617, -0.061832603, -0.280209, -0.4043454, 0.5662503, 0.9354456, -0.35074118, 0.6014602, 0.6141003, -0.91655016, -0.8314289, 0.70807356, 0.30422655, 0.32679838, -0.6168082, 0.40574878, 0.46010408, 0.4704845, -0.56111556, -0.48934072, -0.48887375, -0.6936157, -0.05544221, -0.73323405, 0.45775163, 0.93239576, -0.028369024, 0.016497517, 0.4520253, 0.5388721, 0.95473945, -0.8395176, 0.93503827, -0.29200497, -0.86558723, -0.17772953, 0.16903532, -0.77670974, 0.42891613, 0.7136579, -0.7460366, 0.21574399, -0.7199442, 0.0038856748, 0.8056251, -0.8254687, -0.21549758, -0.38502324, 0.22241451, 0.94375205, -0.41895384, -0.8525379, -0.50351024, 0.49925196, 0.57130784, 0.62416136, -0.5926869, -0.27363947, 0.663451, 0.73195237, 0.5281039, 0.7937529, 0.6131047, -0.9352381, 0.2675974, 0.028090233, -0.56392545, 0.70693886, -0.9539462, -0.06580497, 0.9838225, -0.9936676, 0.43338153, 0.7907949, -0.24663003, 0.82227135, -0.84319156, -0.33003068, -0.59011453, 0.28540015, 0.73425686, -0.7826715, -0.32775602, -0.42359066, 0.5670027, -0.28356123, 0.7431499, -0.7597426, 0.7502301, 0.8215639, 0.954004, -0.6273823, 0.5196562, -0.02724956, 0.9172336, 0.5863631, -0.6448094, -0.5002703, -0.24435782, 0.0176757, -0.64661586, -0.8666341, 0.23244311, 0.9578809, -0.57348776, 0.83774525, -0.404434, 0.054519642, 0.27352858, 0.91745526, -0.29599842, 0.17980632, 0.06653423, 0.8269123, -0.59375644, -0.3130602, 0.25717387, -0.3032769, 0.18938528, -0.647202, 0.60431737, 0.9372863, 0.96868783, 0.9070254, 0.11664445, 0.55286175, -0.4241453, 0.77646357, -0.38312098, 0.20442575, 0.013368074, 0.20702383, -0.2335939, -0.52465194, -0.61085504, 0.9928449, 0.9486789, -0.4306023, 0.12916483, 0.1554706, -0.2295521, -0.9165587, 0.9977075, -0.06940916, 0.18242814, -0.14915043, -0.11727838, 0.9687641, -0.84006965, -0.62102574, 0.13706689, 0.49021176, 0.18032438, 0.51654863, -0.2527929, -0.42510593, 0.60548484, 0.83739716, -0.09555003, -0.7571416, -0.87485236, 0.08105777, -0.92365086, 0.016187653, 0.50880253, 0.009481042, -0.070599966, -0.37844738, 0.6063741, 0.75488573, 0.8662866, 0.27116805, -0.5109503, 0.7852358, 0.80225104, -0.23320326, -0.8149255, -0.17836612, 0.6072616, -0.21342099, -0.70852333, 0.16535647, 0.70901823, -0.40079644, -0.4063459, 0.07577775, 0.4566541, -0.5543381, -0.8589453, -0.853906, -0.95089084, -0.6484852, 0.16817524, 0.17211024, 0.33229676, -0.48958927, -0.22144324, 0.07758048, 0.394856, -0.2506807, -0.011081327, 0.28441843, 0.15835297, -0.92227376, -0.54630244, -0.3267976, 0.33130154, -0.020190557, -0.2754372, -0.4885931, 0.37769625, -0.45754507, 0.3696528, -0.74961305, 0.70302534, -0.019768696, 0.49835068, -0.5176965, 0.8605303, 0.38501477, 0.3325652, 0.9858154, 0.38269293, -0.23960069, -0.8072836, 0.59865785, -0.27414313, -0.17485492, -0.5304146, -0.22212705, -0.24753335, 0.11168099, 0.7099868, 0.263561, 0.6770198, 0.60696137, 0.27001083, -0.41289377, 0.035332184, -0.88163847, 0.5609993, 0.38649866, 0.02572334, -0.095668085, 0.57679725, 0.0025991702, 0.9907109, -0.6279495, -0.75321424, 0.96830237, -0.8834768, -0.75523597, 0.03393943, -0.4707715, -0.1789531, -0.8617511, 0.16412883, 0.56123763, 0.9275304, -0.6218978, -0.6102659, 0.9918622, 0.59100795, 0.015302734, -0.7079556, 0.16912189, 0.6251804, 0.8395035, -0.41550407, -0.12511365, -0.24303511, 0.7778442, -0.20778914, 0.9249054, 0.19668941, 0.7657968, -0.23681723, 0.8462537, 0.28064436, -0.3326573, 0.32971004, -0.2758118, -0.5422277, 0.056755308, -0.434597, 0.3280034, -0.36149475, 0.2908003, -0.9868248, 0.38728836, -0.45287433, -0.57868576, 0.9214943, -0.044519152, 0.038348407, 0.47322595, -0.45931524, -0.9430112, -0.9815956, 0.9839208, 0.44220772, 0.059775446, -0.7402559, 0.12382974, -0.31475866, 0.8614362, 0.7647711, 0.8636518, 0.8122761, 0.0062304675, 0.07193454, 0.12729646, -0.5036045, 0.28482056, 0.30796272, -0.50739425, 0.8055239, 0.29077232, 0.67877585, -0.75282156, 0.8107687, 0.024700148, 0.88178974, -0.29656854, -0.29837662, 0.7583121, -0.61060584, -0.4270154, 0.37578073, 0.8061338, -0.08315233, 0.32552773, 0.41249654, -0.3366504, 0.4887102, 0.69440866, 0.09069907, -0.815539, 0.4492235, -0.44412506, -0.3967519, -0.8703666, 0.1363222, 0.835795, 0.8671394, -0.23069821, -0.8307274, 0.96864784, -0.80636233, 0.038577363, 0.68567294, -0.42444962, -0.8271576, 0.70435125, -0.07142884, 0.68646455, -0.3661623, -0.39350578, 0.69545203, -0.870554, 0.73560846, 0.85349715, -0.6605805, -0.2390628, 0.0043377113, -0.66095275, -0.22819299, 0.9377623, 0.12365542, -0.05137667, 0.4241879, -0.18809338, 0.24869919, 0.5918833, -0.025145268, -0.62586087, -0.11899041, 0.44943902, 0.5393517, -0.56941503, -0.9564459, -0.023709478, 0.560547, 0.341814, 0.8862623, -0.6982307, -0.8424685, -0.2671091, -0.66948044, -0.9462255, 0.384788, 0.40784064, -0.57020193, 0.37872, -0.47523382, 0.51422846, 0.03228853, -0.9730042, -0.8346147, -0.4643215, 0.9123179, -0.33061364, -0.15518485, 0.4733975, 0.7156007, 0.31370926, 0.40920028, 0.19397761, -0.9970716, 0.5249634, -0.8088595, -0.6647547, 0.2874583, -0.74122006, -0.2572071, -0.08893009, 0.28366122, 0.3208189, 0.39953297, 0.44174334, 0.7563043, 0.69275945, 0.62150896, -0.075806886, -0.32290906, 0.56638277, 0.37170443, -0.95279384, 0.5912143, 0.43028066, -0.82297254, 0.94510394, 0.9697137, -0.2657668, 0.37739262, -0.36069152, -0.16733687, 0.7080318, 0.6057591, 0.756929, 0.70283484, 0.48309904, -0.120618716, 0.83583933, 0.076112084, 0.072799295, 0.7199516, -0.9225141, -0.37028816, -0.38569242, -0.88686323, 0.39561573, 0.6274094, -0.46875098, 0.21087512, -0.15422049, 0.99635756, 0.57218486, -0.91965985, -0.9377686, -0.48245016, 0.6676215, 0.76976526, 0.02030898, -0.27777296, 0.4505122, -0.026135346, -0.2325406, 0.59925246, -0.63192576, 0.29413974, -0.8685448, 0.63312864, 0.59742504, -0.34033594, -0.72659063, -0.62551075, 0.79908437, 0.9262063, -0.2501427, -0.94062155, 0.08260526, 0.40429848, 0.5803714, -0.6291875, 0.46176317, -0.20715865, -0.4578895, 0.07815246, -0.4125595, 0.7249403, -0.86062837, 0.60041845, 0.4808896, 0.86310226, -0.59247893, -0.89027387, -0.5394294, 0.9217776, -0.44201657, -0.07267616, 0.7890208, -0.7507159, 0.2522897, -0.82261837, -0.4823381, -0.91691935, 0.52506655, -0.8235656, 0.5384665, 0.39181978, 0.17296515, 0.9894012, -0.37500337, 0.22726673, 0.1981375, -0.34180894, -0.34352607, 0.32517728, 0.0141584715, 0.02506942, -0.15075688, 0.3693631, 0.1569433, -0.41391215, 0.31073293, 0.835276, 0.9243232, -0.6407215, -0.9283209, 0.97000027, 0.015660249, -0.68099385, -0.57850885, 0.35013786, 0.5141349, -0.90124387, 0.60497856, 3.4679237e-05, 0.47297552, 0.801497, -0.57673526, 0.07312778, 0.34219977, -0.8920682, 0.80509615, 0.52446693, -0.51150453, 0.26867634, 0.16662446, 0.18782684, 0.6480443, -0.41109714, -0.354133, -0.13301374, -0.19109713, 0.022232948, -0.65488124, 0.32203528, 0.17706665, -0.57851243, 0.5636866, 0.42912573, -0.83172137, 0.63487303, -0.9766857, -0.62229323, 0.96755767, -0.8998496, -0.62786067, -0.20218362, 0.9193274, -0.6403973, 0.5633146, -0.06089613, -0.5448943, -0.62529254, 0.8774832, -0.771653, 0.6297946, 0.56554484, -0.89069146, -0.665956, -0.109415464, 0.1473477, -0.8270375, 0.072728544, 0.44852018, 0.43835574, 0.5059826, 0.9980364, 0.06498109, -0.16093686, -0.709734, -0.7587259, 0.23558457, -0.5431631, -0.94813097, 0.7597189, 0.7184535, 0.88818526, 0.13554567, -0.0838641, -0.03141285, -0.13894926, -0.93288887, -0.85363585, 0.60910016, -0.7323035, 0.2961122, -0.5317537, -0.8341449, 0.27181464, 0.36057737, 0.8561662, -0.30470726, 0.4885008, -0.56285924, -0.9303892, -0.67927855, -0.43647337, -0.36096618, -0.1443804, -0.22974224, 0.2670701, -0.85149074, -0.63544947, -0.2449868, -0.0025979867, -0.709083, 0.67911154, -0.31611353, -0.5685193, 0.07771596, -0.08587129, -0.86385834, 0.85832745, 0.16399968, 0.3550206, -0.5312077, 0.08384459, -0.56853235, -0.943528, 0.364187, 0.43516466, 0.9913004, -0.8857822, -0.40136594, -0.5886456, -0.23596276, 0.26671508, 0.3032799, 0.37797812, -0.961089, -0.5777976, -0.2283476, 0.79874444, -0.32297295, 0.44189402, -0.4929557, 0.89263314, 0.062434454, -0.90325767, -0.68512374, -0.24943094, -0.69102997, -0.03833243, -0.7899499, 0.2715289, -0.3626487, -0.3810311, -0.16908512, 0.039552025, 0.38249305, -0.5466825, -0.4703258, -0.8800535, 0.3328195, -0.45558912, 0.6955985, -0.51741093, -0.07399019, -0.6704962, 0.25364769, 0.04582656, 0.29366785, -0.13628471, -0.016657684, 0.42840677, 0.82464993, -0.66961986, -0.67905635, -0.2993118, -0.1902036, -0.32836455, -0.12025452, 0.8872562, -0.21321392, -0.22057791, 0.057114594, 0.055102106, -0.80650973, -0.52247876, -0.5244046, -0.44003054, -0.38720414, 0.30783334, -0.5613021, -0.7049514, 0.7901803, -0.16657859, 0.79166746, 0.88943714, -0.41327843, 0.43540806, -0.27888232, 0.83013934, -0.23393968, -0.27629817, 0.813597, -0.9096408, -0.10276134, -0.2696416, -0.09743017, -0.33561105, 0.8692465, 0.339, 0.9605675, 0.9182097, -0.57168907, 0.25242978, 0.7932566, -0.69155186, 0.31277323, 0.26941782, 0.2306522, -0.18724674, 0.5262382, 0.7650229, -0.22999541, -0.3229559, -0.28818232, 0.24318977, 0.14898625, -0.95054907, 0.5812242, -0.8334857, 0.6025826, 0.16224241, 0.12785058, -0.6002334, 0.37333515, -0.24413708, 0.51461136, 0.48863447, 0.86847293, -0.21076086, -0.7736838, 0.84692, 0.65716153, -0.47313052, 0.8918797, -0.3562599, -0.5149198, 0.28772563, -0.14318946, -0.35791218, 0.04368868, 0.60680413, 0.39235815, 0.6730704, -0.86025196, 0.706288, 0.5630157, -0.98601186, 0.95582616, -0.33230367, 0.3565893, 0.797463, 0.01720356, -0.3701631, 0.9710475, -0.5690756, -0.06945638, -0.8253675, 0.65864754, 0.24757405, -0.6695465, 0.5722674, 0.3643461, 0.20762682, 0.97929233, -0.9500533, -0.42018437, -0.8846696, 0.90195006, -0.59661216, 0.17510886, -0.841836, -0.67632043, 0.90588117, 0.989223, -0.2330605, 0.73281914, -0.10259624, -0.47944665, 0.17456569, -0.35784823, -0.4633839, -0.902762, 0.9289257, -0.6424877, 0.8078265, -0.5678474, -0.9507552, 0.34914938, -0.5307148, 0.10769775, -0.70202035, 0.37926897, -0.25592294, 0.2134804, -0.497348, -0.08602873, -0.08113726, 0.71804947, -0.20994365, 0.12916254, 0.6462652, -0.67944366, 0.35685742, 0.8434843, 0.20977882, -0.85822695, -0.9528475, -0.52319115, -0.27108595, 0.22011514, -0.5866809, 0.41595092, 0.8169371, -0.26725003, 0.78217953, -0.009191951, -0.5019697, 0.1840795, 0.17210823, 0.03024862, -0.42414314, 0.6215408, 0.1962259, -0.744569, -0.9600573, -0.12094283, 0.69104207, 0.30355424, 0.49786845, -0.52937347, -0.97326756, -0.54690796, 0.0639755, 0.9804585, -0.7232476, -0.2578138, 0.7118179, 0.8212415, 0.6070808, -0.46247786, 0.4352916, -0.37927005, 0.67654854, -0.26458922, -0.7303845, 0.3407702, 0.50584984, -0.266745, 0.6780742, -0.5950465, -0.92755115, -0.48682588, 0.61263627, -0.91970897, -0.9955447, -0.38092792, -0.05542591]","[-7.0, 4.0, 4.0, -2.0, -1.0, 4.0, -1.0, 2.0, -2.0, -3.0, -2.0, -1.0, 4.0, -2.0, 4.0, -2.0, -2.0, -3.0, -7.0, -1.0, -8.0, -2.0, -2.0, -7.0, 5.0, 10.0, -7.0, -8.0, 3.0, -7.0, -14.0, 4.0, -2.0, 4.0, 5.0, 3.0, 4.0, -6.0, -7.0, -7.0, 0.0, 5.0, -1.0, -4.0, 1.0, 5.0, 3.0, -7.0, -3.0, -2.0, 5.0, 3.0, 5.0, -1.0, 1.0, 1.0, -1.0, -2.0, 0.0, 4.0, 3.0, 4.0, -2.0, 0.0, 3.0, 4.0, -7.0, -3.0, -2.0, 5.0, 5.0, 2.0, -1.0, 4.0, -6.0, 3.0, 4.0, -3.0, -1.0, 6.0, -2.0, -6.0, -1.0, -7.0, 6.0, 10.0, -1.0, -1.0, 0.0, 4.0, -1.0, 6.0, -1.0, 10.0, -2.0, 4.0, 4.0, -3.0, -6.0, -4.0, -1.0, -1.0, 1.0, -1.0, -8.0, 5.0, 1.0, 3.0, 5.0, -3.0, -2.0, -7.0, -7.0, -2.0, 4.0, -8.0, 5.0, -7.0, 5.0, -3.0, 5.0, 5.0, 0.0, 4.0, -2.0, 3.0, -1.0, 4.0, 3.0, -2.0, 5.0, -1.0, -4.0, -7.0, -2.0, -8.0, -1.0, -8.0, 3.0, 4.0, 4.0, 5.0, -2.0, 4.0, 5.0, 4.0, -8.0, 0.0, -7.0, 4.0, -10.0, 5.0, -3.0, 0.0, -2.0, -7.0, 4.0, 4.0, 4.0, -1.0, -3.0, 4.0, 5.0, 3.0, -13.0, -1.0, -7.0, 4.0, -9.0, -5.0, 3.0, -1.0, 5.0, 3.0, 1.0, -2.0, -2.0, -2.0, -3.0, 0.0, 3.0, -2.0, -2.0, -5.0, -2.0, -2.0, 5.0, -6.0, 2.0, 10.0, -3.0, -2.0, 4.0, -4.0, -2.0, 0.0, -2.0, -8.0, -2.0, -2.0, -8.0, -2.0, -2.0, 5.0, -1.0, 5.0, -1.0, -3.0, -1.0, -1.0, 5.0, 4.0, -2.0, 4.0, 1.0, -8.0, 4.0, 4.0, -2.0, -3.0, 4.0, -7.0, -3.0, -7.0, 8.0, 5.0, 4.0, -3.0, 0.0, 4.0, -7.0, 0.0, 5.0, -2.0, 0.0, 4.0, 4.0, 4.0, -1.0, 3.0, 1.0, -1.0, -6.0, 3.0, 2.0, 0.0, 4.0, -5.0, -2.0, 6.0, -2.0, -5.0, -2.0, -1.0, -2.0, -4.0, -1.0, -4.0, -2.0, -2.0, -2.0, 5.0, -7.0, -2.0, 4.0, -1.0, -7.0, 1.0, -7.0, 5.0, 4.0, -1.0, -1.0, -6.0, 6.0, -1.0, 5.0, -2.0, -4.0, -7.0, 4.0, -1.0, 0.0, -1.0, -1.0, 12.0, 0.0, -1.0, 4.0, 4.0, -1.0, -2.0, -8.0, -2.0, -2.0, -1.0, -7.0, -1.0, -3.0, -2.0, 4.0, 3.0, 4.0, -1.0, -1.0, 0.0, -3.0, 4.0, 0.0, -2.0, 3.0, 3.0, -6.0, -1.0, -2.0, 0.0, 1.0, -1.0, 5.0, 4.0, -1.0, -8.0, -1.0, 3.0, 6.0, 1.0, -7.0, 4.0, 5.0, 2.0, 0.0, 0.0, 4.0, 10.0, -2.0, -2.0, -8.0, -2.0, 4.0, 12.0, -1.0, 5.0, -4.0, -7.0, -7.0, 0.0, -1.0, -1.0, -2.0, -1.0, -3.0, -1.0, -1.0, 4.0, 5.0, 5.0, -2.0, -7.0, 3.0, -1.0, -7.0, -1.0, 4.0, -7.0, 6.0, -1.0, 4.0, 10.0, 4.0, -7.0, -1.0, 13.0, 4.0, 9.0, 0.0, 4.0, -3.0, 4.0, 5.0, 4.0, 4.0, 4.0, -2.0, 5.0, -1.0, 4.0, 3.0, 5.0, 5.0, 3.0, 0.0, 5.0, -2.0, 11.0, 5.0, 11.0, -2.0, -2.0, 5.0, 10.0, -3.0, 5.0, 10.0, -1.0, 3.0, -1.0, -7.0, 5.0, -2.0, 4.0, -2.0, 3.0, 3.0, 1.0, -8.0, -2.0, -10.0, 5.0, 0.0, -3.0, -8.0, 1.0, 8.0, -6.0, 6.0, 3.0, -7.0, -7.0, -2.0, -1.0, -1.0, -1.0, -2.0, -2.0, -2.0, -2.0, -14.0, -7.0, -1.0, -7.0, -1.0, -8.0, 4.0, -2.0, 5.0, -2.0, 5.0, -2.0, 5.0, 4.0, -1.0, -2.0, 4.0, 4.0, 5.0, 4.0, 3.0, -1.0, 4.0, 2.0, 4.0, -2.0, -2.0, -1.0, 9.0, -1.0, -1.0, -8.0, 0.0, 5.0, 2.0, 4.0, -1.0, 5.0, -1.0, 5.0, -8.0, -1.0, -2.0, -1.0, -2.0, -2.0, -10.0, 5.0, -5.0, -1.0, 5.0, 11.0, -1.0, 0.0, -5.0, -2.0, -2.0, 2.0, -2.0, -2.0, -2.0, -8.0, 0.0, -2.0, -7.0, 4.0, -7.0, -1.0, -3.0, -5.0, 4.0, 2.0, -1.0, -2.0, 4.0, 5.0, -4.0, 4.0, -1.0, -1.0, -1.0, 3.0, 9.0, -7.0, 4.0, -2.0, -3.0, -2.0, -2.0, 5.0, 4.0, 4.0, -5.0, -1.0, -1.0, 3.0, -3.0, -1.0, -7.0, 0.0, -1.0, 4.0, 3.0, -5.0, 5.0, 4.0, -1.0, -1.0, 4.0, -3.0, -1.0, -1.0, -2.0, -2.0, 5.0, 5.0, -2.0, 1.0, -7.0, 5.0, 4.0, -2.0, -1.0, 3.0, -1.0, -7.0, -5.0, -2.0, -1.0, -1.0, 5.0, -1.0, 0.0, 4.0, -3.0, -7.0, -2.0, -1.0, -1.0, -2.0, 3.0, -3.0, -2.0, 1.0, 1.0, -3.0, 0.0, -1.0, -8.0, 4.0, 3.0, 1.0, -1.0, -2.0, -7.0, -2.0, -1.0, 3.0, -1.0, -1.0, 5.0, -3.0, 4.0, 0.0, -2.0, -7.0, -7.0, 3.0, 5.0, -1.0, 11.0, 4.0, -1.0, 4.0, -2.0, 0.0, 10.0, 0.0, -7.0, -2.0, -8.0, -2.0, 7.0, -1.0, -1.0, 4.0, 6.0, 5.0, 4.0, 2.0, -1.0, -2.0, 10.0, -4.0, -1.0, -2.0, 4.0, -1.0, -1.0, 0.0, 5.0, -1.0, 2.0, -1.0, -2.0, -1.0, -6.0, 2.0, -1.0, -2.0, 1.0, -2.0, 3.0, -2.0, -2.0, 6.0, -2.0, -2.0, 1.0, -2.0, -2.0, -6.0, 4.0, 1.0, 5.0, -3.0, -3.0, 5.0, 4.0, -6.0, -2.0, -1.0, -1.0, 0.0, -1.0, -3.0, 3.0, 3.0, 1.0, 0.0, 5.0, 1.0, -1.0, -1.0, -2.0, -1.0, 5.0, -3.0, 5.0, -1.0, -12.0, -2.0, -1.0, -1.0, -5.0, -7.0, -1.0, -2.0, -3.0, 6.0, 8.0, -3.0, 0.0, 4.0, 3.0, 5.0, -1.0, 3.0, 4.0, -1.0, 4.0, -1.0, 5.0, -15.0, -7.0, -1.0, -2.0, 1.0, -7.0, 5.0, -1.0, 1.0, -2.0, 6.0, 0.0, -4.0, -1.0, -2.0, 2.0, -2.0, 0.0, -6.0, -8.0, -2.0, 4.0, 4.0, -2.0, 1.0, 1.0, -5.0, 4.0, -1.0, -3.0, 10.0, -2.0, 5.0, 3.0, -1.0, 3.0, 5.0, 4.0, -2.0, -3.0, 4.0, 4.0, -1.0, 3.0, 10.0, -1.0, 2.0, -2.0, 4.0, -2.0, 5.0, -6.0, 5.0, -1.0, -5.0, 4.0, 0.0, 5.0, 0.0, -2.0, -2.0, -8.0, -2.0, -1.0, 5.0, -1.0, 5.0, -2.0, -1.0, -2.0, -2.0, -2.0, -2.0, 10.0, 4.0, 3.0, 3.0, 4.0, 10.0, 4.0, 4.0, -2.0, 0.0, -2.0, -13.0, 4.0, -1.0, 9.0, -2.0, 4.0, 3.0, 4.0, -2.0, -2.0, 5.0, -3.0, -7.0, -2.0, -2.0, -2.0, -7.0, -1.0, -2.0, 0.0, 10.0, 9.0, -1.0, 4.0, -2.0, -2.0, -7.0, 5.0, 11.0, 4.0, 5.0, -1.0, -8.0, 4.0, -2.0, -5.0, 4.0, -1.0, -7.0, -1.0, 4.0, 0.0, -1.0, -1.0, -8.0, -2.0, -1.0, 5.0, 4.0, -9.0, -4.0, -1.0, -14.0, 2.0, -12.0, -2.0, -7.0, 6.0, -1.0, 5.0, -8.0, -7.0, -1.0, -2.0, -4.0, 3.0, -2.0, -7.0, 0.0, 4.0, 5.0, 5.0, 9.0, 5.0, 2.0, -2.0, -1.0, 7.0, -1.0, 3.0, -1.0, 4.0, 4.0, -1.0, -2.0, 5.0, 4.0, -2.0, -2.0, -1.0, 4.0, -1.0, 0.0, -4.0, 3.0, -8.0, 4.0, -5.0, -1.0, -7.0, -2.0, -7.0, -1.0, 3.0, 5.0, -2.0, 5.0, -9.0, 5.0, -2.0, 0.0, -1.0, -5.0, -1.0, -1.0, -14.0, 0.0, 5.0, 11.0, -2.0, 5.0, 5.0, 4.0, 4.0, -1.0, -1.0, 4.0, -2.0, -1.0, -5.0, 4.0, 5.0, 4.0, 2.0, -7.0, -2.0, -2.0, 5.0, 6.0, -1.0, 4.0, 0.0, 5.0, 5.0, -7.0, -6.0, 6.0, 3.0, -7.0, -7.0, -3.0, -7.0, -1.0, 5.0, -6.0, -13.0, 10.0, -1.0, 6.0, 10.0, -1.0, 3.0, -2.0, 0.0, 1.0, -2.0, -3.0, -2.0, 5.0, 5.0, -3.0, -2.0, -6.0, 15.0, 5.0, 3.0, -4.0, 5.0, 0.0, -1.0, 5.0, -2.0, 4.0, -1.0, 5.0, 4.0, -1.0, 4.0, -1.0, 11.0, -2.0, -8.0, -1.0, 8.0, 5.0, 9.0, 2.0, -6.0, 4.0, 3.0, -8.0, -1.0, 11.0, -2.0, -2.0, -20.0, -2.0]",8.192839107609505,0.0036818981170654,0.0,0.0,0
90,90,"[0.8968762, 0.04198328, -0.9363502, 0.16837738, 0.9242101, -0.6481413, 0.8503361, -0.034960583, -0.84490603, -0.9210354, 0.038788714, -0.6614419, 0.8848876, 0.663305, -0.884831, 0.5737427, -0.6624949, 0.16443665, -0.3866761, 0.1296524, -0.16411185, 0.7604007, 0.81374526, 0.21501847, -0.71754384, 0.7316369, 0.037130795, 0.12486208, 0.6291458, 0.6129765, 0.9061041, -0.6090518, -0.40568006, -0.2832695, -0.1923554, -0.76405513, 0.033059966, 0.46433544, -0.948572, -0.3249249, -0.43170837, 0.93228453, -0.5585376, -0.09544502, 0.55101174, -0.37307402, -0.038558673, 0.15215537, 0.7369171, 0.5716428, -0.9170865, -0.73359716, -0.5984953, 0.025490109, -0.87171614, -0.921398, 0.88200957, -0.5425914, 0.6039115, -0.7484425, 0.94288945, 0.30769405, 0.17179617, 0.16472732, -0.679851, -0.59098464, 0.78134906, -0.7296289, 0.08046165, 0.25280333, 0.9449205, -0.40640745, 0.44570956, 0.7406043, 0.6144469, 0.61732304, 0.49533486, 0.0062765614, -0.8830519, 0.411758, -0.9369355, -0.12012554, 0.14842895, 0.52232605, 0.91479695, -0.09809268, -0.015855126, 0.79021364, -0.52045095, 0.44260296, -0.017076813, 0.9805871, -0.13037752, 0.2715544, 0.570352, 0.8980294, 0.06905295, 0.7985925, -0.5112956, 0.5156223, 0.87294346, -0.22050418, -0.10767945, -0.2645833, -0.78918123, 0.49566618, 0.3646226, 0.71707404, 0.2786294, 0.16077915, 0.892178, -0.41804412, 0.9721412, 0.32512727, -0.30612093, -0.71526605, -0.003452368, 0.36883873, -0.32863647, -0.23630211, -0.90840113, 0.4937552, 0.31971353, 0.73167074, 0.25653005, -0.15763865, -0.690314, -0.8494726, -0.56532425, -0.52523726, -0.5919484, 0.76827735, 0.66060734, 0.9275566, 0.6549152, -0.29618588, -0.52457637, -0.23340905, 0.61839724, -0.32392022, 0.14755702, 0.8652939, -0.8660586, 0.6233787, -0.44109824, 0.039600972, -0.899762, -0.9712459, 0.488082, -0.009680539, 0.053699408, 0.33443996, -0.0136168, 0.23196833, 0.79012567, 0.12137815, -0.17153393, 0.6097957, 0.59903795, -0.1041507, -0.002809399, 0.7274529, 0.59091336, -0.44749853, 0.46801728, -0.62113017, -0.84276086, 0.7152474, 0.97250336, 0.42243928, -0.21790642, -0.8795337, -0.4587711, -0.48714054, -0.5156846, 0.629825, 0.74654686, -0.028374823, 0.11399317, 0.8255135, 0.6442429, -0.11506639, -0.855089, 0.9823451, -0.94839877, 0.78984255, -0.11873371, -0.74818975, 0.42647424, 0.25464317, -0.20615664, -0.03366907, 0.80692834, 0.8887306, -0.097283356, -0.8037335, 0.57364, 0.23229004, -0.25548998, 0.58517444, 0.8105845, 0.52456206, -0.61113936, 0.9706566, -0.4238111, 0.72259444, 0.7796637, -0.39326677, -0.6294551, 0.17862673, -0.4985528, 0.841853, -0.7732431, 0.7156361, 0.9698256, 0.9248077, 0.8158915, -0.9316094, -0.9352276, -0.8692685, -0.06692631, -0.9743252, 0.60152173, -0.0587385, -0.6144492, -0.33191645, 0.007936078, 0.8640293, 0.34862727, 0.010613239, 0.14402947, 0.98529124, -0.18339424, 0.73170924, -0.27421254, 0.31422636, -0.9378183, 0.15563942, -0.9200018, -0.08250987, -0.68112576, -0.84597725, 0.640201, -0.22281791, 0.096009515, -0.6396099, -0.24045159, -0.1239752, 0.96766305, -0.20858367, -0.96444565, 0.8312124, -0.4908738, -0.88284683, 0.926747, 0.93155736, 0.6012699, 0.43504712, -0.34472862, -0.057382468, 0.8002213, 0.018133655, -0.37792128, 0.76211256, -0.8839373, -0.80063903, 0.11851296, 0.80732346, -0.27312523, -0.11506678, -0.016543534, 0.78081554, 0.782415, 0.59306306, 0.7599695, 0.67367595, -0.6668298, -0.671952, 0.26402092, 0.22591874, 0.59431946, -0.8767585, 0.0609655, -0.013052142, -0.18510117, -0.4974942, -0.41884312, -0.5242297, 0.4545739, 0.2475486, 0.5037395, 0.27088785, 0.92741823, 0.22514576, 0.5692107, -0.25087723, -0.36029366, 0.8165145, 0.628337, 0.8411301, 0.47848868, -0.89405376, 0.82025534, 0.31491104, -0.85959685, -0.25351405, -0.66465604, 0.373551, -0.14811216, -0.18399583, -0.7859485, -0.011061234, -0.5117783, 0.054949, -0.13099569, 0.8089681, 0.82516915, -0.47642553, 0.64573073, -0.040460967, -0.4969781, -0.74365884, -0.6938345, -0.20911685, -0.5644734, -0.86876947, -0.21353503, -0.8899861, -0.95252603, -0.9820177, 0.7132286, -0.2743445, -0.3093911, 0.48043066, -0.35760853, -0.9646156, 0.81423026, -0.2764794, -0.21911669, -0.17902125, -0.41732275, 0.6615913, 0.39862847, 0.98154753, 0.03660553, 0.9873111, -0.5673224, -0.94460475, -0.7251195, 0.07607871, -0.28167984, 0.6859725, -0.24147236, -0.04590979, -0.6685439, -0.21859647, -0.51061314, -0.49097675, 0.8788407, -0.99778014, 0.7524675, 0.025579786, -0.83474404, -0.23577417, -0.086895525, 0.915537, -0.4772511, -0.8066311, -0.8774547, 0.018717686, 0.93539345, 0.67692935, 0.16749, -0.37180772, -0.29424053, 0.34935865, -0.37449917, -0.67857945, -0.4917667, -0.73628324, -0.122480474, 0.8314039, -0.37303403, 0.8042554, -0.24875732, 0.099113785, -0.003935734, 0.3077083, -0.8215482, -0.9836935, 0.88286024, -0.3786471, -0.7462118, 0.043505095, 0.14421992, 0.39166743, 0.31769618, 0.0016737503, -0.8537879, 0.5041136, -0.49760535, 0.9430469, 0.4810255, -0.98100543, 0.265052, -0.09026033, -0.022789061, -0.2398271, -0.74490803, 0.1958047, 0.020657727, 0.6037839, 0.13994855, -0.886217, 0.3646448, -0.08148426, -0.3776461, -0.8179651, 0.7514718, 0.48986205, 0.90945786, -0.07467876, -0.937424, -0.59588677, 0.5754484, 0.077945404, -0.8978074, 0.6919441, 0.6411087, 0.5911328, -0.85917807, -0.53384745, 0.12752473, -0.050919075, -0.065979436, -0.74708563, 0.36216733, 0.47108865, -0.871565, -0.3952663, -0.5999796, -0.57446045, 0.32857397, 0.22691317, 0.15251972, -0.7684336, -0.8748136, 0.81332225, 0.6957198, 0.7826189, 0.09172375, 0.6454757, 0.6659725, -0.6999568, -0.13665697, 0.52842337, 0.7390467, 0.09214438, 0.59983087, 0.34563658, 0.14976273, 0.6115145, -0.70715636, 0.9228757, -0.08642114, -0.6621994, -0.23961645, 0.24269871, -0.60242695, -0.58547366, 0.62578815, 0.12009252, 0.54174364, -0.021854961, -0.49283528, 0.63159794, -0.971396, 0.084572844, -0.81329334, 0.69455206, 0.96690106, -0.105347544, 0.7551532, -0.927659, -0.9906348, 0.3536184, 0.68482757, -0.63106614, 0.7081871, 0.07534163, 0.26821044, -0.5031765, 0.6542296, 0.21949986, -0.71196145, 0.53415596, 0.5559432, -0.16324326, -0.2899543, -0.5903117, -0.39439088, 0.9389031, -0.23128648, 0.06372522, -0.26191714, 0.7627765, 0.5163101, 0.9409159, -0.20954126, 0.4190653, 0.6813674, -0.7280387, -0.85899305, -0.8736331, 0.27897564, 0.6843706, 0.821662, 0.065333284, -0.86146635, 0.9819367, -0.96385, -0.8934361, -0.86402726, 0.7197792, -0.32164174, 0.53392184, -0.5462623, -0.27112934, -0.8940894, 0.059954453, 0.06334666, 0.1646228, -0.39714256, -0.32674065, -0.3285692, -0.37815815, -0.06792656, 0.17709807, -0.18502769, 0.32242125, -0.1793005, -0.1641476, -0.26467296, -0.8281064, -0.43385205, 0.10457355, 0.48150498, -0.4269582, 0.39161903, -0.8074113, 0.9954436, 0.8515237, -0.8181112, 0.4712845, 0.14638406, -0.9436108, -0.98514134, -0.7034657, -0.49365225, 0.30862114, 0.71128887, 0.8310166, 0.32827094, 0.47408924, -0.986124, 0.12894101, 0.7703522, 0.627217, -0.36737657, -0.02917222, 0.8749491, -0.17390382, 0.6080017, -0.30188286, 0.28362802, -0.46687317, 0.7913773, 0.23197228, 0.77690095, -0.44934928, 0.24675162, 0.024197184, -0.31068707, 0.9314766, -0.5163123, -0.31977832, -0.6473086, -0.8302721, -0.48887783, 0.33484095, 0.9458207, 0.8031173, 0.4076181, -0.20122047, 0.23749158, -0.107248224, -0.086551376, -0.20592166, -0.46149033, -0.15202892, 0.5508231, -0.7626711, 0.7401183, -0.37043402, 0.3114927, -0.20846543, 0.57599854, -0.22334366, 0.90821266, 0.20522003, -0.024660394, -0.60128427, 0.72200465, -0.019719552, 0.8070448, -0.7383307, 0.6687209, 0.54208875, -0.1101203, 0.7851105, -0.7920993, 0.28716335, 0.4552359, 0.3119949, 0.2615195, -0.16262995, -0.9746018, -0.022290252, 0.39822343, -0.51256, -0.6232154, 0.9576771, -0.4573003, -0.016742548, -0.93505996, -0.6745544, -0.5303326, -0.61306, 0.53093153, -0.8768632, -0.3201094, -0.34806526, 0.147983, -0.007977079, 0.5987744, 0.3142958, 0.1430421, -0.016468398, -0.11361203, -0.09783702, -0.47606155, 0.7071117, -0.1188288, -0.55650336, 0.4531949, 0.09622096, -0.8093272, -0.17636505, -0.60486627, -0.8127212, 0.8627476, -0.95599484, -0.6153707, -0.2203556, 0.8286329, -0.8917712, 0.1592108, 0.9798228, 0.5014862, 0.08370982, 0.9062197, -0.68560106, 0.16979684, 0.8142404, -0.46022603, -0.08669062, 0.06811532, -0.20384085, 0.17163293, 0.5423645, 0.95349103, 0.2051886, 0.8835512, 0.47895554, -0.33269766, -0.88563913, 0.8098899, -0.07062092, -0.6131132, -0.043968536, -0.014212677, 0.6017287, -0.50291044, -0.27355322, -0.21378322, -0.92052007, -0.68364966, -0.35778993, 0.8220057, 0.24760686, 0.5663241, 0.77068055, 0.9628513, -0.2589491, -0.07459887, 0.63313466, -0.30761606, 0.46754164, 0.38458654, -0.43042174, 0.40826318, -0.6537462, -0.5351824, 0.60357326, -0.8672713, 0.25104418, -0.0009877046, -0.20440428, 0.34976774, 0.9544369, 0.5880157, 0.30978373, -0.08509294, 0.9727192, -0.0075947605, -0.598223, 0.4324883, -0.69832474, -0.28842318, 0.17947115, 0.4473781, 0.73189, 0.063093774, 0.13687274, -0.95716196, 0.5694484, -0.8158596, -0.7201324, 0.5156109, -0.79642576, 0.36157697, -0.3114518, -0.04988446, 0.10102126, 0.115321755, -0.9556059, 0.29901418, 0.2830924, 0.3717306, 0.71291673, -0.099898905, -0.49770668, -0.38585007, -0.5802898, -0.27476957, -0.33607286, -0.47760963, 0.47839284, 0.83524096, 0.37519458, 0.2178066, -0.3785009, 0.55292684, 0.028466571, 0.49336368, -0.015903205, -0.2878002, -0.82054466, 0.5197043, 0.95580745, 0.040374245, 0.4443859, 0.54208416, 0.7646106, 0.5448666, 0.08800473, -0.8961292, -0.9439111, -0.95669353, -0.40911227, -0.90556896, 0.4552906, 0.6161614, -0.6085876, 0.9110993, -0.8323644, -0.22221945, -0.9299086, -0.45028502, -0.4514251, 0.65998465, 0.3993449, -0.34981933, 0.08667074, 0.12614144, -0.47663406, -0.42182726, 0.8962187, 0.05101663, -0.14753388, -0.13923012, -0.40357003, 0.5577982, -0.8241859, -0.8527356, -0.47796398, 0.0177692, 0.7581984, 0.24579148, -0.59968007, -0.356393, 0.53350717, -0.08967476, -0.9144638, -0.15758903, -0.6620737, -0.21620901, 0.22103663, 0.36097884, 0.9713169, -0.56268233, 0.13739388, -0.6536697, -0.089089386, 0.767596, -0.4886731, -0.29910016, 0.3346842, -0.24064122, 0.76434016, -0.5695465, 0.7460611, 0.25952825, -0.7215278, 0.3925085, 0.19903834, -0.6696401, -0.04065152, -0.02341224, 0.9203948, -0.96760505, -0.9870373, 0.145416, -0.6909804, 0.6904188, -0.71278, -0.8501591, -0.04278501, -0.08063164, -0.8159169, -0.8635666, -0.8916483, 0.3313054, -0.7601146, 0.9683741, -0.5888299, 0.97367775, -0.25577983, -0.011284333, -0.16199178, -0.9743619, 0.7304721, -0.49685866, -0.6097418, 0.33275917, -0.49521708, 0.4431446, 0.6053783, 0.37623343, 0.25219446, 0.037691537, 0.48779747, -0.019183842, -0.27051342, -0.116911136, -0.69739753, 0.73583496, 0.37397397, 0.009099257, 0.77974033, -0.09254894, -0.21209675, 0.20803848, -0.13381636, -0.88467866, -0.23650685, -0.10913228, -0.12773286, -0.18493557, 0.9379852, 0.816843, -0.08160285, 0.48536813, 0.9571347, -0.78557456, -0.68466, -0.8678153, 0.38971642, 0.42516437, 0.20590785, 0.74459076, 0.15743752, -0.43012583, -0.68675745, -0.66017884, -0.96995926, -0.007564609, 0.8842401, 0.75941, 0.89209706, 0.102270305, -0.64633274, 0.578282, 0.2933157, -0.034601722, -0.31370875, -0.14760572, 0.14621943, -0.8695262, -0.7967196, -0.2691623, 0.5810439, 0.56398135, 0.32047343, 0.13165133, -0.71319336, 0.18319051, 0.35219455, -0.09744422, -0.0009191783, -0.36956313, -0.51858735, 0.5467596, 0.27305377, -0.81221783, -0.18658179, -0.23090358, 0.15218617, -0.081115425, 0.7181581, 0.20534176, 0.44737053, 0.9602166, 0.9908301, -0.51899207, -0.8995954, 0.32412025, 0.86876017, 0.4812773, -0.78050137, 0.105748385, 0.58245707, -0.7580203, 0.42237106, -0.5464908, 0.49471045, 0.81800115, 0.9361525, 0.49246532, -0.0694352, 0.6416482, 0.037288852, -0.39555377, -0.93715024, 0.8295313, -0.7980913, 0.6167405, -0.9541074, -0.92125463, 0.21232432, 0.020456234, -0.2342627, -0.999748, 0.14272065, 0.48953724, -0.4906577, -0.39383358, -0.006191474, 0.37330878, -0.50157315, -0.124422416, 0.29781717, 0.9107771, -0.18294933, 0.8888158, -0.030865462, -0.95819694, 0.8612349, 0.8541604, -0.82121605, 0.7552417, 0.7055095, 0.8570588, -0.32906556, -0.6667019, -0.9657714, -0.24481395, -0.18074563, 0.6838023, -0.26969245]","[-7.0, 4.0, 4.0, -2.0, -1.0, 4.0, -1.0, 2.0, -2.0, -3.0, -2.0, -1.0, 4.0, -2.0, 4.0, -2.0, -2.0, -3.0, -7.0, -1.0, -8.0, -2.0, -2.0, -7.0, 5.0, 10.0, -7.0, -8.0, 3.0, -7.0, -14.0, 4.0, -2.0, 4.0, 5.0, 3.0, 4.0, -6.0, -7.0, -7.0, 0.0, 5.0, -1.0, -4.0, 1.0, 5.0, 3.0, -7.0, -3.0, -2.0, 5.0, 3.0, 5.0, -1.0, 1.0, 1.0, -1.0, -2.0, 0.0, 4.0, 3.0, 4.0, -2.0, 0.0, 3.0, 4.0, -7.0, -3.0, -2.0, 5.0, 5.0, 2.0, -1.0, 4.0, -6.0, 3.0, 4.0, -3.0, -1.0, 6.0, -2.0, -6.0, -1.0, -7.0, 6.0, 10.0, -1.0, -1.0, 0.0, 4.0, -1.0, 6.0, -1.0, 10.0, -2.0, 4.0, 4.0, -3.0, -6.0, -4.0, -1.0, -1.0, 1.0, -1.0, -8.0, 5.0, 1.0, 3.0, 5.0, -3.0, -2.0, -7.0, -7.0, -2.0, 4.0, -8.0, 5.0, -7.0, 5.0, -3.0, 5.0, 5.0, 0.0, 4.0, -2.0, 3.0, -1.0, 4.0, 3.0, -2.0, 5.0, -1.0, -4.0, -7.0, -2.0, -8.0, -1.0, -8.0, 3.0, 4.0, 4.0, 5.0, -2.0, 4.0, 5.0, 4.0, -8.0, 0.0, -7.0, 4.0, -10.0, 5.0, -3.0, 0.0, -2.0, -7.0, 4.0, 4.0, 4.0, -1.0, -3.0, 4.0, 5.0, 3.0, -13.0, -1.0, -7.0, 4.0, -9.0, -5.0, 3.0, -1.0, 5.0, 3.0, 1.0, -2.0, -2.0, -2.0, -3.0, 0.0, 3.0, -2.0, -2.0, -5.0, -2.0, -2.0, 5.0, -6.0, 2.0, 10.0, -3.0, -2.0, 4.0, -4.0, -2.0, 0.0, -2.0, -8.0, -2.0, -2.0, -8.0, -2.0, -2.0, 5.0, -1.0, 5.0, -1.0, -3.0, -1.0, -1.0, 5.0, 4.0, -2.0, 4.0, 1.0, -8.0, 4.0, 4.0, -2.0, -3.0, 4.0, -7.0, -3.0, -7.0, 8.0, 5.0, 4.0, -3.0, 0.0, 4.0, -7.0, 0.0, 5.0, -2.0, 0.0, 4.0, 4.0, 4.0, -1.0, 3.0, 1.0, -1.0, -6.0, 3.0, 2.0, 0.0, 4.0, -5.0, -2.0, 6.0, -2.0, -5.0, -2.0, -1.0, -2.0, -4.0, -1.0, -4.0, -2.0, -2.0, -2.0, 5.0, -7.0, -2.0, 4.0, -1.0, -7.0, 1.0, -7.0, 5.0, 4.0, -1.0, -1.0, -6.0, 6.0, -1.0, 5.0, -2.0, -4.0, -7.0, 4.0, -1.0, 0.0, -1.0, -1.0, 12.0, 0.0, -1.0, 4.0, 4.0, -1.0, -2.0, -8.0, -2.0, -2.0, -1.0, -7.0, -1.0, -3.0, -2.0, 4.0, 3.0, 4.0, -1.0, -1.0, 0.0, -3.0, 4.0, 0.0, -2.0, 3.0, 3.0, -6.0, -1.0, -2.0, 0.0, 1.0, -1.0, 5.0, 4.0, -1.0, -8.0, -1.0, 3.0, 6.0, 1.0, -7.0, 4.0, 5.0, 2.0, 0.0, 0.0, 4.0, 10.0, -2.0, -2.0, -8.0, -2.0, 4.0, 12.0, -1.0, 5.0, -4.0, -7.0, -7.0, 0.0, -1.0, -1.0, -2.0, -1.0, -3.0, -1.0, -1.0, 4.0, 5.0, 5.0, -2.0, -7.0, 3.0, -1.0, -7.0, -1.0, 4.0, -7.0, 6.0, -1.0, 4.0, 10.0, 4.0, -7.0, -1.0, 13.0, 4.0, 9.0, 0.0, 4.0, -3.0, 4.0, 5.0, 4.0, 4.0, 4.0, -2.0, 5.0, -1.0, 4.0, 3.0, 5.0, 5.0, 3.0, 0.0, 5.0, -2.0, 11.0, 5.0, 11.0, -2.0, -2.0, 5.0, 10.0, -3.0, 5.0, 10.0, -1.0, 3.0, -1.0, -7.0, 5.0, -2.0, 4.0, -2.0, 3.0, 3.0, 1.0, -8.0, -2.0, -10.0, 5.0, 0.0, -3.0, -8.0, 1.0, 8.0, -6.0, 6.0, 3.0, -7.0, -7.0, -2.0, -1.0, -1.0, -1.0, -2.0, -2.0, -2.0, -2.0, -14.0, -7.0, -1.0, -7.0, -1.0, -8.0, 4.0, -2.0, 5.0, -2.0, 5.0, -2.0, 5.0, 4.0, -1.0, -2.0, 4.0, 4.0, 5.0, 4.0, 3.0, -1.0, 4.0, 2.0, 4.0, -2.0, -2.0, -1.0, 9.0, -1.0, -1.0, -8.0, 0.0, 5.0, 2.0, 4.0, -1.0, 5.0, -1.0, 5.0, -8.0, -1.0, -2.0, -1.0, -2.0, -2.0, -10.0, 5.0, -5.0, -1.0, 5.0, 11.0, -1.0, 0.0, -5.0, -2.0, -2.0, 2.0, -2.0, -2.0, -2.0, -8.0, 0.0, -2.0, -7.0, 4.0, -7.0, -1.0, -3.0, -5.0, 4.0, 2.0, -1.0, -2.0, 4.0, 5.0, -4.0, 4.0, -1.0, -1.0, -1.0, 3.0, 9.0, -7.0, 4.0, -2.0, -3.0, -2.0, -2.0, 5.0, 4.0, 4.0, -5.0, -1.0, -1.0, 3.0, -3.0, -1.0, -7.0, 0.0, -1.0, 4.0, 3.0, -5.0, 5.0, 4.0, -1.0, -1.0, 4.0, -3.0, -1.0, -1.0, -2.0, -2.0, 5.0, 5.0, -2.0, 1.0, -7.0, 5.0, 4.0, -2.0, -1.0, 3.0, -1.0, -7.0, -5.0, -2.0, -1.0, -1.0, 5.0, -1.0, 0.0, 4.0, -3.0, -7.0, -2.0, -1.0, -1.0, -2.0, 3.0, -3.0, -2.0, 1.0, 1.0, -3.0, 0.0, -1.0, -8.0, 4.0, 3.0, 1.0, -1.0, -2.0, -7.0, -2.0, -1.0, 3.0, -1.0, -1.0, 5.0, -3.0, 4.0, 0.0, -2.0, -7.0, -7.0, 3.0, 5.0, -1.0, 11.0, 4.0, -1.0, 4.0, -2.0, 0.0, 10.0, 0.0, -7.0, -2.0, -8.0, -2.0, 7.0, -1.0, -1.0, 4.0, 6.0, 5.0, 4.0, 2.0, -1.0, -2.0, 10.0, -4.0, -1.0, -2.0, 4.0, -1.0, -1.0, 0.0, 5.0, -1.0, 2.0, -1.0, -2.0, -1.0, -6.0, 2.0, -1.0, -2.0, 1.0, -2.0, 3.0, -2.0, -2.0, 6.0, -2.0, -2.0, 1.0, -2.0, -2.0, -6.0, 4.0, 1.0, 5.0, -3.0, -3.0, 5.0, 4.0, -6.0, -2.0, -1.0, -1.0, 0.0, -1.0, -3.0, 3.0, 3.0, 1.0, 0.0, 5.0, 1.0, -1.0, -1.0, -2.0, -1.0, 5.0, -3.0, 5.0, -1.0, -12.0, -2.0, -1.0, -1.0, -5.0, -7.0, -1.0, -2.0, -3.0, 6.0, 8.0, -3.0, 0.0, 4.0, 3.0, 5.0, -1.0, 3.0, 4.0, -1.0, 4.0, -1.0, 5.0, -15.0, -7.0, -1.0, -2.0, 1.0, -7.0, 5.0, -1.0, 1.0, -2.0, 6.0, 0.0, -4.0, -1.0, -2.0, 2.0, -2.0, 0.0, -6.0, -8.0, -2.0, 4.0, 4.0, -2.0, 1.0, 1.0, -5.0, 4.0, -1.0, -3.0, 10.0, -2.0, 5.0, 3.0, -1.0, 3.0, 5.0, 4.0, -2.0, -3.0, 4.0, 4.0, -1.0, 3.0, 10.0, -1.0, 2.0, -2.0, 4.0, -2.0, 5.0, -6.0, 5.0, -1.0, -5.0, 4.0, 0.0, 5.0, 0.0, -2.0, -2.0, -8.0, -2.0, -1.0, 5.0, -1.0, 5.0, -2.0, -1.0, -2.0, -2.0, -2.0, -2.0, 10.0, 4.0, 3.0, 3.0, 4.0, 10.0, 4.0, 4.0, -2.0, 0.0, -2.0, -13.0, 4.0, -1.0, 9.0, -2.0, 4.0, 3.0, 4.0, -1.0, -2.0, 5.0, -3.0, -7.0, -2.0, -2.0, -2.0, -7.0, -1.0, -2.0, 0.0, 10.0, 9.0, -1.0, 4.0, -2.0, -2.0, -7.0, 5.0, 11.0, 4.0, 5.0, -1.0, -8.0, 4.0, -2.0, -5.0, 4.0, -1.0, -7.0, -1.0, 4.0, 0.0, -1.0, -1.0, -8.0, -2.0, -1.0, 5.0, 4.0, -9.0, -4.0, -1.0, -14.0, 2.0, -12.0, -2.0, -7.0, 6.0, -1.0, 5.0, -8.0, -7.0, -1.0, -2.0, -4.0, 3.0, -2.0, -7.0, 0.0, 4.0, 5.0, 5.0, 9.0, 5.0, 2.0, -2.0, -1.0, 7.0, -1.0, 3.0, -1.0, 4.0, 4.0, -1.0, -2.0, 5.0, 4.0, -2.0, -2.0, -1.0, 4.0, -1.0, 0.0, -4.0, 3.0, -8.0, 4.0, -5.0, -1.0, -7.0, -2.0, -7.0, -1.0, 3.0, 5.0, -2.0, 5.0, -9.0, 5.0, -2.0, 0.0, -1.0, -5.0, -1.0, -1.0, -14.0, 0.0, 5.0, 11.0, -2.0, 5.0, 5.0, 4.0, 4.0, -1.0, -1.0, 4.0, -2.0, -1.0, -5.0, 4.0, 5.0, 4.0, 2.0, -7.0, -2.0, -2.0, 5.0, 6.0, -1.0, 4.0, 0.0, 5.0, 5.0, -7.0, -6.0, 6.0, 3.0, -7.0, -7.0, -3.0, -7.0, -1.0, 5.0, -6.0, -13.0, 10.0, -1.0, 6.0, 10.0, -1.0, 3.0, -2.0, 0.0, 1.0, -2.0, -3.0, -2.0, 5.0, 5.0, -3.0, -2.0, -6.0, 15.0, 5.0, 3.0, -4.0, 5.0, 0.0, -1.0, 5.0, -2.0, 4.0, -1.0, 5.0, 4.0, -1.0, 4.0, -1.0, 11.0, -2.0, -8.0, -1.0, 8.0, 5.0, 9.0, 2.0, -6.0, 4.0, 3.0, -8.0, -1.0, 11.0, -2.0, -2.0, -20.0, -2.0]",8.191414266461646,0.0033237934112548,0.0,0.0,0
91,91,"[0.24941368, 0.26253346, -0.9578938, 0.4179829, 0.57877374, -0.28135446, 0.33946255, 0.58760816, 0.08606966, -0.96791524, -0.08572681, -0.30012155, -0.20317356, -0.24411243, -0.42404917, 0.5850237, 0.5735807, -0.95201236, 0.124626875, -0.40494058, 0.20498767, 0.40543118, -0.2144933, -0.99655384, -0.21720178, -0.49490836, -0.6570953, 0.6483723, 0.21774277, 0.8451609, -0.8602934, -0.9283683, -0.5403407, -0.38550267, -0.08248313, -0.013277197, -0.949234, -0.4317616, -0.9611256, 0.45427242, 0.95018864, -0.65159553, 0.5283283, 0.63374656, 0.018364813, -0.3750184, -0.40355164, 0.15367807, 0.75413454, -0.7190964, -0.6234726, 0.9281853, 0.5334806, -0.2705038, 0.13321258, -0.71805364, -0.7730545, 0.7984764, -0.23556922, 0.9387484, -0.4868123, 0.35770136, -0.6741984, -0.5819356, -0.5291182, -0.6220098, 0.00077291916, -0.24517648, 0.80466634, 0.5371912, 0.7225129, 0.32271445, 0.5280168, 0.37838325, -0.63630897, 0.44168925, 0.5823846, 0.32678875, 0.19499835, -0.6098718, -0.8460809, -0.5462491, -0.7738214, -0.2833684, -0.50165313, 0.1449445, -0.82498676, 0.08246036, 0.6647784, 0.18325832, -0.3406612, -0.11175104, 0.65175253, -0.05835233, -0.54220575, -0.5013863, 0.3579059, 0.26921135, 0.7847901, 0.16660275, 0.16786344, 0.6090155, -0.23150422, 0.7833738, 0.19527468, -0.47052738, -0.78399205, 0.21523993, 0.7271833, -0.9352312, 0.3831436, -0.18416895, -0.4027374, 0.36594844, 0.14606534, -0.3157924, -0.47851193, -0.84463024, -0.40679243, 0.07898158, -0.9732305, -0.045741525, 0.27183706, 0.5082518, 0.4519778, 0.6690212, -0.073923916, 0.27417478, -0.72593033, 0.0039407136, -0.16070801, -0.8408792, -0.6113663, 0.64287096, -0.5678005, -0.555912, -0.8368312, 0.6887776, 0.25223988, 0.27340338, -0.85500306, -0.79570466, -0.7412271, 0.6725049, -0.26695138, 0.49062282, -0.31414202, 0.4794724, 0.9220471, 0.666514, 0.7017111, 0.7764536, 0.60156935, -0.5098189, 0.9671719, 0.96098065, -0.96022755, 0.4790226, 0.43854702, -0.73681647, 0.9543007, -0.6052891, -0.87963, -0.0040035397, 0.014928597, 0.23017885, 0.89443904, -0.36693096, 0.19866043, 0.37960294, 0.5767542, -0.7597328, 0.44040388, 0.44235975, 0.4687884, -0.32972986, 0.72623134, 0.31297767, -0.081223324, 0.9924039, 0.81335914, 0.61659724, -0.16417918, 0.21490946, -0.95870996, 0.12673801, -0.4544015, 0.60764647, -0.09285849, -0.09982089, -0.352912, -0.4070873, -0.69743395, 0.58032435, -0.465977, 0.97170734, -0.15972713, -0.74768764, -0.80242336, 0.55087036, -0.45108163, 0.01290569, -0.56577456, -0.04899258, 0.68855673, 0.28246862, 0.57744604, -0.67598176, 0.22823927, -0.049889654, 0.3321281, 0.5002941, -0.76483476, 0.06570068, 0.8431699, 0.8429165, 0.36042827, -0.6522509, 0.18731405, -0.1376149, 0.3205473, 0.096809395, -0.54605436, 0.94874614, 0.13136962, 0.94341916, 0.6915711, -0.42647514, 0.30737635, -0.92074037, 0.23553029, 0.4001126, -0.5263846, 0.6323216, -0.84417367, 0.23502372, -0.56609297, 0.56170183, -0.36027738, 0.84606236, 0.47868586, 0.49966112, -0.26064998, -0.21364294, 0.9262221, -0.5218082, 0.0031886252, -0.10868894, 0.868314, 0.09986369, 0.043319423, 0.12734647, 0.43586233, 0.16355132, -0.8469097, 0.37531173, -0.48707178, -0.4320212, -0.5033158, 0.63226587, -0.58134544, -0.33540526, -0.27702892, 0.5654274, 0.13763584, 0.95312, 0.032214787, 0.24378179, -0.54070157, -0.81841224, -0.22567976, 0.27948153, 0.00637885, -0.2732924, -0.41417944, 0.05672561, -0.9520306, -0.64184153, 0.5356561, 0.06161889, -0.5414473, 0.7395025, 0.82116693, 0.8902726, -0.4019232, -0.84852207, -0.9206159, -0.2839695, -0.09402654, 0.92259294, 0.0013561066, 0.59845203, -0.32257318, 0.14797792, 0.061103597, 0.56175804, -0.005568787, -0.08981399, 0.7222549, -0.16239543, -0.38767692, -0.37059203, 0.44336092, -0.6107477, 0.30283272, 0.56062704, 0.4786618, 0.34955686, 0.06910754, 0.5417154, 0.60022634, -0.797912, 0.86980486, 0.37700605, -0.44186202, -0.20811796, -0.856358, 0.9772034, 0.12628764, -0.7799811, 0.23052412, 0.6956617, -0.6415944, 0.31092244, 0.86880094, -0.5016547, -0.28351203, -0.4804223, -0.9586446, -0.8094166, -0.78255075, -0.56320465, -0.70058566, 0.06917088, -0.21489051, -0.5904043, 0.5814775, 0.92260724, -0.83315605, 0.042140875, 0.6487882, 0.7682166, -0.5187224, -0.68464214, -0.33495754, -0.7929996, -0.36070704, -0.25262085, -0.94879586, 0.4203567, 0.14731693, -0.2871709, 0.98039544, -0.18028231, -0.72657853, 0.10983749, 0.6795805, 0.11950886, 0.545657, 0.6280236, 0.45903754, -0.15431668, 0.6741737, 0.7443472, -0.039222986, -0.8649301, 0.7929236, 0.44881618, 0.06213129, -0.91743624, 0.4523248, 0.50235885, 0.15694574, -0.27322626, 0.8011831, 0.98802286, 0.206208, -0.95559466, 0.8416723, 0.14708027, 0.14355539, -0.2768248, -0.64990455, 0.9695423, 0.31284687, -0.6110447, 0.8021443, -0.36815336, 0.27874643, -0.08263616, -0.22508037, 0.48425615, -0.14201313, 0.2501645, -0.96029234, -0.11565482, -0.9014764, -0.08359437, -0.3358164, 0.653189, -0.83675086, 0.91784495, 0.15617715, 0.9783459, -0.61090475, 0.7137249, 0.46417674, 0.43933654, -0.4971648, -0.37354237, 0.13736302, 0.7873657, -0.04805933, -0.862911, 0.5807446, 0.41957802, 0.22739114, 0.80369073, 0.48545226, 0.6950903, -0.4324731, 0.02986411, 0.31717756, -0.8659654, -0.11754393, -0.5629942, -0.8983604, -0.054121234, -0.9545834, -0.42467743, 0.03326613, -0.14663671, -0.32875887, 0.14322063, 0.09346392, -0.7026656, 0.11145317, -0.21391445, -0.91286725, -0.1064464, 0.49211136, -0.99748665, 0.39736652, -0.34651703, 0.08897764, 0.89312154, -0.87720513, 0.5478838, -0.11147899, 0.72195977, 0.12750797, 0.68126976, -0.40888283, -0.39973655, -0.7969064, -0.6734292, 0.8203128, -0.942418, 0.86646354, -0.5936762, -0.8673064, -0.70213425, 0.44796264, -0.055417936, 0.70212054, -0.5103018, 0.65251225, -0.8611853, -0.8921067, -0.12492505, 0.78891116, 0.24829523, -0.54298425, 0.70006317, -0.63021576, -0.60826105, -0.65682733, 0.36389166, -0.41099775, 0.49838153, 0.78365946, 0.754176, -0.6276934, 0.22625254, -0.7955169, 0.8250215, -0.1865887, 0.6794326, 0.9450163, -0.98626965, -0.54405946, 0.06266996, 0.79131573, 0.26642805, -0.5788697, -0.37021595, -0.20261967, -0.053119678, 0.9269137, 0.77378976, -0.6059438, -0.64580816, -0.4296642, -0.24229036, -0.96192884, 0.008134883, -0.70622116, -0.87713003, -0.920587, 0.18321668, -0.5405998, 0.33915386, 0.31524998, -0.5436555, -0.012569088, 0.3226824, 0.17114197, 0.35540986, -0.19641653, 0.63124305, 0.34582496, -0.71482927, 0.9802771, -0.8987522, 0.5360065, -0.8586107, -0.21526092, -0.77494395, 0.35765052, -0.5507982, 0.8745818, -0.89639896, -0.25430912, 0.5916674, 0.79708594, 0.50235206, -0.30282038, -0.0050888574, -0.16883978, -0.20968889, -0.73192847, -0.1822455, 0.73692626, 0.7954732, 0.586117, -0.12063126, -0.12706941, -0.5927526, -0.3326225, 0.4845837, -0.78534377, -0.7159048, -0.87479055, 0.7179024, 0.25793472, -0.8642769, 0.6794276, -0.7791808, -0.8313728, 0.9149191, 0.24337183, 0.08688675, 0.56270045, -0.33691883, 0.3612134, 0.39323843, -0.24327382, -0.096210495, -0.44541162, 0.7802486, 0.6353184, -0.45135465, 0.66952515, -0.35495338, -0.43191743, 0.9420321, 0.1566812, 0.4458022, 0.8197897, 0.71843535, 0.4039477, 0.28888458, 0.15399922, 0.052990258, -0.5313191, 0.915118, 0.28217104, 0.222176, -0.19709481, -0.28588367, -0.24434254, 0.33127505, 0.68024135, -0.16823925, -0.766281, 0.84375924, -0.4254779, -0.529932, 0.9145077, -0.97062874, -0.115048215, -0.56230825, -0.13056771, -0.07372079, -0.5037885, -0.35990247, -0.2194547, 0.9114497, 0.0053807665, -0.8567569, 0.103252314, -0.57682514, 0.9309164, 0.3415126, -0.2889889, -0.98478967, 0.6914179, -0.31651673, 0.8682684, 0.5599983, -0.84228194, -0.9303822, 0.737989, -0.9472265, 0.20428, -0.118658006, -0.4037143, 0.07768171, -0.6975648, -0.37545475, 0.40728027, 0.6751137, 0.3142249, -0.3452841, 0.85328966, 0.5443753, -0.26066762, -0.5473905, -0.16921002, 0.49077746, 0.8622156, 0.96739125, -0.46889833, -0.7146911, -0.86393785, 0.26210395, -0.7675891, -0.21965468, 0.13139212, -0.2927337, 0.86419934, 0.4388523, 0.075512394, 0.45845398, 0.7163822, 0.6740059, -0.3921177, -0.6521913, -0.46432874, -0.15256488, 0.7001981, -0.35815546, -0.25441167, 0.62075675, 0.3750656, 0.3767727, 0.42277166, 0.52446574, -0.14112797, -0.30636278, 0.5903802, -0.07190105, 0.7195118, 0.38859656, -0.81236154, -0.21008278, -0.3428405, -0.33508173, 0.35403946, -0.062429827, -0.5448493, 0.16003095, 0.664499, 0.27587953, 0.25687233, -0.5042842, 0.6106882, 0.027574025, 0.7710413, -0.1942019, -0.48524225, -0.7189496, -0.9603029, 0.9134758, 0.39619836, 0.291779, -0.4003059, 0.038386904, -0.25616384, -0.74998355, -0.70847183, -0.38030484, -0.966989, -0.6104825, 0.8196867, -0.25666225, 0.8197494, -0.26359734, -0.5137244, -0.17753316, 0.73814535, -0.76253915, -0.7369928, -0.07105668, 0.31172857, 0.911573, -0.37027594, -0.12843055, 0.19718677, 0.6503496, -0.58965206, 0.50149244, -0.26236662, 0.006463032, 0.84933394, 0.8418057, -0.27722123, 0.39346957, -0.7797763, -0.16559586, -0.545822, -0.016293017, 0.15867874, -0.2431367, -0.33903694, -0.28213564, 0.20387149, 0.15134837, -0.25475818, 0.9654241, -0.81747454, -0.54003364, 0.93956494, 0.19313537, -0.26441273, 0.8095705, 0.35601363, -0.27148986, 0.12731995, 0.18529813, -0.7016074, 0.027594607, 0.1048425, 0.28267828, 0.5351066, -0.30507967, -0.6271874, -0.08319094, 0.3858594, 0.13217245, -0.31184304, -0.25659758, 0.8147811, 0.6516504, -0.8143997, 0.07214476, -0.20012492, 0.75057834, 0.4872328, 0.5660022, 0.3142203, -0.7696257, -0.73817754, -0.95104045, -0.57627565, 0.16618693, -0.85798013, -0.91286284, 0.4037258, -0.53541476, -0.64783525, -0.5211055, -0.5060122, 0.34359288, 0.376351, 0.34001017, 0.63975424, 0.7306692, 0.8108963, -0.30960637, -0.70335966, 0.9508846, 0.30184332, 0.24909577, -0.002355725, 0.21268353, -0.7350895, 0.64370817, -0.8381922, 0.1608795, 0.28640717, 0.19578817, 0.3743781, -0.024978092, -0.17708474, -0.13777933, -0.8799581, -0.4408237, 0.8796501, 0.5987138, -0.96668684, 0.57833177, -0.7547935, -0.41846845, 0.6254546, -0.48938602, -0.061341867, 0.5833199, 0.48334616, -0.6837762, 0.5566093, 0.01920149, -0.08040266, 0.8945287, 0.13079607, 0.15794918, -0.2403714, -0.03751667, -0.83767873, -0.31140468, -0.0691591, -0.7987612, -0.855724, 0.16283585, -0.46935567, 0.69833064, -0.31209728, -0.59027576, -0.61245257, -0.9886226, 0.07429956, -0.10063569, -0.18457684, -0.79148304, -0.18550988, 0.27383465, -0.31282562, -0.044863902, 0.8424135, -0.6081144, -0.6021923, -0.97653216, 0.52863854, -0.14106108, -0.3071613, 0.8248239, -0.66996217, 0.6959163, 0.17317812, -0.61262697, -0.64865756, 0.512033, 0.3854488, -0.52967787, 0.3344832, 0.78449804, -0.92932475, -0.74852055, 0.9575034, 0.34096703, -0.26717263, -0.474041, -0.79051334, 0.7638197, -0.9490985, 0.8047069, -0.36041597, 0.52085394, 0.029725216, -0.7404483, 0.7346692, 0.36825216, 0.18502907, -0.098525055, -0.21878284, 0.48065972, 0.17293602, -0.46434903, -0.74460256, -0.39347064, -0.58566254, -0.48244345, -0.7741124, -0.30291775, 0.8925607, 0.87750983, 0.008653223, 0.8099537, -0.9685026, 0.483986, 0.9775099, 0.6907008, 0.85846347, -0.7804361, -0.6627498, -0.086220786, 0.02539488, 0.23846942, 0.41948795, -0.4555991, -0.31956288, 0.29663157, 0.5146359, 0.17448592, -0.7233228, -0.18316206, -0.6757858, -0.77294785, 0.01727728, -0.76880974, 0.2820788, -0.0036637986, 0.54441607, -0.76146185, 0.83937126, -0.44746062, 0.2593961, 0.27846164, 0.18920785, 0.70310104, -0.64493054, -0.0047992948, -0.22110373, -0.23452877, 0.10560823, -0.001887175, -0.01703856, 0.87192696, 0.50310385, -0.9516734, -0.036742076, -0.49116412, -0.46282437, 0.94833547, 0.9857995, -0.19089949, -0.29147002, 0.18161798, 0.6368976, 0.6658951, 0.9652389, -0.6171534, 0.9129734, 0.6421953, -0.7342481, -0.75559944, -0.90610874, 0.46758932, 0.25326836, 0.7705512, 0.67449605, 0.2015534, 0.5516657, -0.98023695, 0.4732245, 0.9160561, -0.78771025, -0.50841624, -0.54363126, 0.6733992, -0.37737674, -0.21789362, 0.29255998, 0.032478824, 0.43389484, 0.4244751, -0.53519905, 0.1486622, 0.45766395, -0.10007229, -0.54005, -0.6065463, -0.9616889, 0.989558, -0.2510019, -0.25438744, -0.65246546, 0.46975133, 0.9139123, 0.6977778, -0.16384031, -0.33361435, 0.23878549, 0.6580278, -0.75940615, 0.26702288, 0.025458138, 0.9314147, 0.8564897, -0.9510884]","[-7.0, 4.0, 4.0, -2.0, -1.0, 4.0, -1.0, 2.0, -2.0, -3.0, -2.0, -1.0, 4.0, -2.0, 4.0, -2.0, -2.0, -3.0, -7.0, -1.0, -8.0, -2.0, -2.0, -7.0, 5.0, 10.0, -7.0, -8.0, 3.0, -7.0, -14.0, 4.0, -2.0, 4.0, 5.0, 3.0, 4.0, -6.0, -7.0, -7.0, 0.0, 5.0, -1.0, -4.0, 1.0, 5.0, 3.0, -7.0, -3.0, -2.0, 5.0, 3.0, 5.0, -1.0, 1.0, 1.0, -1.0, -2.0, 0.0, 4.0, 3.0, 4.0, -2.0, 0.0, 3.0, 4.0, -7.0, -3.0, -2.0, 5.0, 5.0, 2.0, -1.0, 4.0, -6.0, 3.0, 4.0, -3.0, -1.0, 6.0, -2.0, -6.0, -1.0, -7.0, 6.0, 10.0, -1.0, -1.0, 0.0, 4.0, -1.0, 6.0, -1.0, 10.0, -2.0, 4.0, 4.0, -3.0, -6.0, -4.0, -1.0, -1.0, 1.0, -1.0, -8.0, 5.0, 1.0, 3.0, 5.0, -3.0, -2.0, -7.0, -7.0, -2.0, 4.0, -8.0, 5.0, -7.0, 5.0, -3.0, 5.0, 5.0, 0.0, 4.0, -2.0, 3.0, -1.0, 4.0, 3.0, -2.0, 5.0, -1.0, -4.0, -7.0, -2.0, -8.0, -1.0, -8.0, 3.0, 4.0, 4.0, 5.0, -2.0, 4.0, 5.0, 4.0, -8.0, 0.0, -7.0, 4.0, -10.0, 5.0, -3.0, 0.0, -2.0, -7.0, 4.0, 4.0, 4.0, -1.0, -3.0, 4.0, 5.0, 3.0, -13.0, -1.0, -7.0, 4.0, -9.0, -5.0, 3.0, -1.0, 5.0, 3.0, 1.0, -2.0, -2.0, -2.0, -3.0, 0.0, 3.0, -2.0, -2.0, -5.0, -2.0, -2.0, 5.0, -6.0, 2.0, 10.0, -3.0, -2.0, 4.0, -4.0, -2.0, 0.0, -2.0, -8.0, -2.0, -2.0, -8.0, -2.0, -2.0, 5.0, -1.0, 5.0, -1.0, -3.0, -1.0, -1.0, 5.0, 4.0, -2.0, 4.0, 1.0, -8.0, 4.0, 4.0, -2.0, -3.0, 4.0, -7.0, -3.0, -7.0, 8.0, 5.0, 4.0, -3.0, 0.0, 4.0, -7.0, 0.0, 5.0, -2.0, 0.0, 4.0, 4.0, 4.0, -1.0, 3.0, 1.0, -1.0, -6.0, 3.0, 2.0, 0.0, 4.0, -5.0, -2.0, 6.0, -2.0, -5.0, -2.0, -1.0, -2.0, -4.0, -1.0, -4.0, -2.0, -2.0, -2.0, 5.0, -7.0, -2.0, 4.0, -1.0, -7.0, 1.0, -7.0, 5.0, 4.0, -1.0, -1.0, -6.0, 6.0, -1.0, 5.0, -2.0, -4.0, -7.0, 4.0, -1.0, 0.0, -1.0, -1.0, 12.0, 0.0, -1.0, 4.0, 4.0, -1.0, -2.0, -8.0, -2.0, -2.0, -1.0, -7.0, -1.0, -3.0, -2.0, 4.0, 3.0, 4.0, -1.0, -1.0, 0.0, -3.0, 4.0, 0.0, -2.0, 3.0, 3.0, -6.0, -1.0, -2.0, 0.0, 1.0, -1.0, 5.0, 4.0, -1.0, -8.0, -1.0, 3.0, 6.0, 1.0, -7.0, 4.0, 5.0, 2.0, 0.0, 0.0, 4.0, 10.0, -2.0, -2.0, -8.0, -2.0, 4.0, 12.0, -1.0, 5.0, -4.0, -7.0, -7.0, 0.0, -1.0, -1.0, -2.0, -1.0, -3.0, -1.0, -1.0, 4.0, 5.0, 5.0, -2.0, -7.0, 3.0, -1.0, -7.0, -1.0, 4.0, -7.0, 6.0, -1.0, 4.0, 10.0, 4.0, -7.0, -1.0, 13.0, 4.0, 9.0, 0.0, 4.0, -3.0, 4.0, 5.0, 4.0, 4.0, 4.0, -2.0, 5.0, -1.0, 4.0, 3.0, 5.0, 5.0, 3.0, 0.0, 5.0, -2.0, 11.0, 5.0, 11.0, -2.0, -2.0, 5.0, 10.0, -3.0, 5.0, 10.0, -1.0, 3.0, -1.0, -7.0, 5.0, -2.0, 4.0, -2.0, 3.0, 3.0, 1.0, -8.0, -2.0, -10.0, 5.0, 0.0, -3.0, -8.0, 1.0, 8.0, -6.0, 6.0, 3.0, -7.0, -7.0, -2.0, -1.0, -1.0, -1.0, -2.0, -2.0, -2.0, -2.0, -14.0, -7.0, -1.0, -7.0, -1.0, -8.0, 4.0, -2.0, 5.0, -2.0, 5.0, -2.0, 5.0, 4.0, -1.0, -2.0, 4.0, 4.0, 5.0, 4.0, 3.0, -1.0, 4.0, 2.0, 4.0, -2.0, -2.0, -1.0, 9.0, -1.0, -1.0, -8.0, 0.0, 5.0, 2.0, 4.0, -1.0, 5.0, -1.0, 5.0, -8.0, -1.0, -2.0, -1.0, -2.0, -2.0, -10.0, 5.0, -5.0, -1.0, 5.0, 11.0, -1.0, 0.0, -5.0, -2.0, -2.0, 2.0, -2.0, -2.0, -2.0, -8.0, 0.0, -2.0, -7.0, 4.0, -7.0, -1.0, -3.0, -5.0, 4.0, 2.0, -1.0, -2.0, 4.0, 5.0, -4.0, 4.0, -1.0, -1.0, -1.0, 3.0, 9.0, -7.0, 4.0, -2.0, -3.0, -2.0, -2.0, 5.0, 4.0, 4.0, -5.0, -1.0, -1.0, 3.0, -3.0, -1.0, -7.0, 0.0, -1.0, 4.0, 3.0, -5.0, 5.0, 4.0, -1.0, -1.0, 4.0, -3.0, -1.0, -1.0, -2.0, -2.0, 5.0, 5.0, -2.0, 1.0, -7.0, 5.0, 4.0, -2.0, -1.0, 3.0, -1.0, -7.0, -5.0, -2.0, -1.0, -1.0, 5.0, -1.0, 0.0, 4.0, -3.0, -7.0, -2.0, -1.0, -1.0, -2.0, 3.0, -3.0, -2.0, 1.0, 1.0, -3.0, 0.0, -1.0, -8.0, 4.0, 3.0, 1.0, -1.0, -2.0, -7.0, -2.0, -1.0, 3.0, -1.0, -1.0, 5.0, -3.0, 4.0, 0.0, -2.0, -7.0, -7.0, 3.0, 5.0, -1.0, 11.0, 4.0, -1.0, 4.0, -2.0, 0.0, 10.0, 0.0, -7.0, -2.0, -8.0, -2.0, 7.0, -1.0, -1.0, 4.0, 6.0, 5.0, 4.0, 2.0, -1.0, -2.0, 10.0, -4.0, -1.0, -2.0, 4.0, -1.0, -1.0, 0.0, 5.0, -1.0, 2.0, -1.0, -2.0, -1.0, -6.0, 2.0, -1.0, -2.0, 1.0, -2.0, 3.0, -2.0, -2.0, 6.0, -2.0, -2.0, 1.0, -2.0, -2.0, -6.0, 4.0, 1.0, 5.0, -3.0, -3.0, 5.0, 4.0, -6.0, -2.0, -1.0, -1.0, 0.0, -1.0, -3.0, 3.0, 3.0, 1.0, 0.0, 5.0, 1.0, -1.0, -1.0, -2.0, -1.0, 5.0, -3.0, 5.0, -1.0, -12.0, -2.0, -1.0, -1.0, -5.0, -7.0, -1.0, -2.0, -3.0, 6.0, 8.0, -3.0, 0.0, 4.0, 3.0, 5.0, -1.0, 3.0, 4.0, -1.0, 4.0, -1.0, 5.0, -15.0, -7.0, -1.0, -2.0, 1.0, -7.0, 5.0, -1.0, 1.0, -2.0, 6.0, 0.0, -4.0, -1.0, -2.0, 2.0, -2.0, 0.0, -6.0, -8.0, -2.0, 4.0, 4.0, -2.0, 1.0, 1.0, -5.0, 4.0, -1.0, -3.0, 10.0, -2.0, 5.0, 3.0, -1.0, 3.0, 5.0, 4.0, -2.0, -3.0, 4.0, 4.0, -1.0, 3.0, 10.0, -1.0, 2.0, -2.0, 4.0, -2.0, 5.0, -6.0, 5.0, -1.0, -5.0, 4.0, 0.0, 5.0, 0.0, -2.0, -2.0, -8.0, -2.0, -1.0, 5.0, -1.0, 5.0, -2.0, -1.0, -2.0, -2.0, -2.0, -2.0, 10.0, 4.0, 3.0, 3.0, 4.0, 10.0, 4.0, 4.0, -2.0, 0.0, -2.0, -13.0, 4.0, -1.0, 9.0, -2.0, 4.0, 3.0, 4.0, -2.0, -2.0, 5.0, -3.0, -7.0, -2.0, -2.0, -2.0, -7.0, -1.0, -2.0, 0.0, 10.0, 9.0, -1.0, 4.0, -2.0, -2.0, -7.0, 5.0, 11.0, 4.0, 5.0, -1.0, -8.0, 4.0, -2.0, -5.0, 4.0, -1.0, -7.0, -1.0, 4.0, 0.0, -1.0, -1.0, -8.0, -2.0, -1.0, 5.0, 4.0, -9.0, -4.0, -1.0, -14.0, 2.0, -12.0, -2.0, -7.0, 6.0, -1.0, 5.0, -8.0, -7.0, -1.0, -2.0, -4.0, 3.0, -2.0, -7.0, 0.0, 4.0, 5.0, 5.0, 9.0, 5.0, 2.0, -2.0, -1.0, 7.0, -1.0, 3.0, -1.0, 4.0, 4.0, -1.0, -2.0, 5.0, 4.0, -2.0, -2.0, -1.0, 4.0, -1.0, 0.0, -4.0, 3.0, -8.0, 4.0, -5.0, -1.0, -7.0, -2.0, -7.0, -1.0, 3.0, 5.0, -2.0, 5.0, -9.0, 5.0, -2.0, 0.0, -1.0, -5.0, -1.0, -1.0, -14.0, 0.0, 5.0, 11.0, -2.0, 5.0, 5.0, 4.0, 4.0, -1.0, -1.0, 4.0, -2.0, -1.0, -5.0, 4.0, 5.0, 4.0, 2.0, -7.0, -2.0, -2.0, 5.0, 6.0, -1.0, 4.0, 0.0, 5.0, 5.0, -7.0, -6.0, 6.0, 3.0, -7.0, -7.0, -3.0, -7.0, -1.0, 5.0, -6.0, -13.0, 10.0, -1.0, 6.0, 10.0, -1.0, 3.0, -2.0, 0.0, 1.0, -2.0, -3.0, -2.0, 5.0, 5.0, -3.0, -2.0, -6.0, 15.0, 5.0, 3.0, -4.0, 5.0, 0.0, -1.0, 5.0, -2.0, 4.0, -1.0, 5.0, 4.0, -1.0, 4.0, -1.0, 11.0, -2.0, -8.0, -1.0, 8.0, 5.0, 9.0, 2.0, -6.0, 4.0, 3.0, -8.0, -1.0, 11.0, -2.0, -2.0, -20.0, -2.0]",8.192839107609505,0.0032966136932373,0.0,0.0,0
92,92,"[0.60030705, 0.67397714, -0.46054974, -0.87572956, -0.66998255, 0.73193043, -0.48608762, -0.6617333, 0.6408051, 0.013942187, 0.9409365, -0.99077165, -0.35697326, 0.8443417, -0.29488087, 0.25389597, -0.39703584, 0.98315835, -0.09897465, 0.12993696, 0.35569623, -0.49237716, -0.34744322, 0.42630467, 0.5550541, 0.9833993, -0.39827156, -0.12542172, -0.4462787, -0.78227043, 0.994133, 0.42845035, -0.7853286, 0.5737548, 0.5241029, 0.83594227, -0.90756685, 0.59794396, 0.40914294, -0.5905545, -0.8293199, -0.9119014, -0.94546396, 0.9342392, -0.23079187, -0.1804324, -0.84515744, 0.3192608, 0.8789535, 0.6579428, -0.6727352, 0.13455042, 0.67311215, -0.499976, -0.6521467, -0.54854804, 0.029469868, 0.31984937, 0.69872284, -0.7717533, 0.94435525, 0.48458064, 0.17354657, 0.37599808, 0.47183213, -0.11466786, -0.37540475, -0.9218266, -0.023818986, 0.60203403, 0.47301593, 0.53290194, -0.37229192, 0.67172253, -0.30382723, 0.96310544, 0.3581695, 0.7487125, -0.66332096, -0.8430893, 0.18445778, -0.74586457, -0.116951935, 0.09573949, -0.6812527, -0.32911867, -0.9194066, 0.25208366, -0.49145022, -0.6954793, 0.9329684, 0.11919329, 0.62260735, 0.49574146, 0.19877973, -0.7628402, -0.03871916, 0.49365458, -0.717218, -0.78336585, 0.52215576, 0.54705137, -0.93024117, 0.22667032, -0.502688, 0.37273178, 0.03607236, -0.8447484, -0.16144869, 0.4914876, 0.20849617, 0.3348102, -0.67195994, -0.65547746, 0.5549677, -0.5299297, -0.92615503, 0.69984144, -0.3562906, 0.2869155, -0.85277796, 0.5915541, -0.312035, -0.63888985, 0.7541301, -0.5827636, 0.67559046, -0.19335157, 0.32096, -0.002327274, -0.3799978, 0.8360611, 0.09267235, 0.009913539, 0.58254284, -0.050811168, 0.7727642, -0.5220513, 0.5643262, 0.24021408, 0.49988475, -0.8287697, 0.2925236, -0.8489404, -0.10600568, -0.36405253, -0.81179446, 0.0036065336, 0.05846628, -0.7834997, -0.5814236, -0.6615203, -0.27201608, -0.4516388, 0.31220806, 0.9399256, -0.84923506, 0.9340846, -0.022954278, 0.22963002, -0.13212344, 0.19345874, -0.35470176, -0.23822261, 0.13509023, 0.72916675, 0.6639989, 0.8823068, 0.20522882, 0.4963226, -0.040331714, 0.26664445, 0.69833887, -0.57675904, 0.6798744, -0.8037458, -0.3141422, -0.17587322, -0.00596394, -0.43799195, -0.5689868, 0.8171158, -0.5147697, 0.6994867, 0.6467658, 0.6596257, 0.4342029, 0.85385036, -0.23985906, -0.165279, -0.40697372, 0.5516767, 0.6462328, -0.96479154, -0.834567, 0.396909, 0.7408859, 0.7119835, -0.2975425, -0.50933075, 0.45548618, -0.7387285, 0.3265411, -0.9810544, -0.8804791, 0.4537984, 0.31999567, -0.18173404, 0.60784703, 0.6359148, -0.041291233, 0.5310067, -0.8115546, -0.3783651, 0.13063098, -0.67473316, 0.4329997, -0.49137422, 0.23710473, 0.5488908, 0.35048082, -0.46400213, -0.8506884, -0.7859668, 0.6750824, -0.15506868, 0.970945, -0.11107911, -0.611759, 0.8247404, 0.6107211, -0.74481153, 0.9556462, 0.3320619, 0.3139084, -0.58966327, 0.7292365, -0.09891156, 0.59724635, 0.5658744, 0.62472653, 0.11721052, 0.55353916, 0.101346314, -0.49760723, -0.6932416, -0.5090979, 0.567958, -0.83148074, 0.008953183, 0.22793408, -0.045725416, 0.42916608, -0.46918613, 0.32164046, 0.12917076, -0.43686396, 0.79789704, -0.009620924, -0.8104624, -0.41017783, 0.44746813, -0.14180642, 0.30943257, -0.10098082, -0.27110848, -0.5151461, 0.05147156, -0.5322026, 0.2023712, 0.18377209, -0.51466596, -0.18952565, -0.72836095, 0.0695803, 0.4824607, 0.30262285, -0.84236497, 0.20946252, 0.21076386, -0.98416007, 0.67111105, 0.67321074, -0.44529852, -0.9947686, 0.1279923, -0.90885156, -0.7074014, 0.8183872, -0.23353636, 0.5111172, 0.72238714, 0.7822952, -0.09581022, 0.22975783, 0.74644685, -0.94878256, -0.22290489, 0.95884186, -0.8182487, -0.3811754, -0.7220837, -0.09615355, 0.5162506, -0.2861211, -0.7637816, 0.19656113, -0.20433989, 0.67921096, 0.3787029, -0.0018491759, -0.92626125, 0.8046714, -0.74922794, 0.32640976, 0.6300001, 0.9761424, -0.48079193, 0.28605148, -0.8078058, 0.5872381, -0.5175983, 0.6577137, 0.43929374, 0.37576038, 0.44189882, -0.90300655, 0.33837444, -0.06250293, 0.17714837, -0.76987016, -0.12364224, -0.99843156, -0.639066, 0.807447, 0.6734185, -0.26826128, 0.5658305, 0.6992096, 0.72639984, 0.6604246, 0.88001716, -0.5967506, 0.30490473, -0.07957699, 0.7649634, -0.39294448, -0.92713386, -0.18502733, 0.19674145, 0.8654444, -0.9163749, -0.032888956, 0.9012101, 0.6183389, 0.64200836, 0.7503415, -0.021308627, 0.7525259, -0.94745445, -0.5218324, 0.45698205, -0.10294, 0.85566074, -0.86185503, 0.37179473, -0.31040215, -0.54669005, 0.509834, 0.055353843, -0.10007581, -0.53018, -0.05442363, 0.11175612, 0.6002936, -0.73987836, 0.12683469, 0.22868021, -0.74932367, -0.4364692, -0.07265522, 0.9146477, 0.55930185, -0.80755055, 0.09396188, -0.12808104, -0.42182305, -0.054286793, 0.049999382, -0.22907394, -0.62568647, -0.46451408, 0.9554436, 0.8755763, -0.076517664, 0.8284567, -0.9573677, 0.788861, 0.3048676, 0.87692815, -0.63897514, -0.8363068, 0.16924009, -0.843041, 0.12515193, -0.5609118, 0.8785533, 0.09242174, -0.603724, -0.99138844, 0.24776912, 0.92036235, -0.21789233, 0.4028003, -0.6767008, 0.50544685, 0.13885692, -0.060974393, -0.7298365, -0.65246034, 0.45768636, 0.8209323, 0.4167184, -0.9815885, 0.72615504, -0.54691756, 0.47499233, 0.9937591, 0.3598982, 0.78215444, 0.5745226, -0.20328084, 0.91088235, 0.44578686, -0.6802671, 0.3338953, -0.011724393, -0.2013597, 0.27124363, -0.0198434, 0.14126411, 0.57600194, -0.08263091, -0.8385357, -0.040381923, -0.42646915, 0.05485885, 0.5266851, 0.24462906, -0.6255823, -0.98664653, 0.7271903, -0.71892786, 0.33339345, -0.44735837, -0.55489326, 0.09403607, -0.26816764, -0.17301184, 0.1909652, 0.3913311, 0.7579818, 0.6193035, 0.0003126692, 0.37211335, 0.3428182, -0.3281024, -0.7410422, 0.3748941, 0.14290337, -0.10024485, -0.7209203, -0.045254327, 0.2801328, -0.007865226, -0.5698537, -0.35354707, 0.76666284, -0.041755814, 0.06758748, -0.75114065, 0.3586307, -0.002876929, 0.19838148, -0.4715648, -0.34310943, 0.48866034, -0.66826934, -0.4190705, -0.38627446, 0.58964616, 0.14317448, -0.42569855, -0.3701765, 0.3148101, -0.012071756, 0.7416078, -0.9480079, 0.6172205, 0.71039724, 0.7190311, 0.6982436, 0.264596, -0.23379524, 0.87891173, 0.5172473, 0.3138421, -0.09304581, -0.9959113, -0.047202967, 0.37306416, 0.83959424, -0.0063330596, 0.7584162, -0.39074853, -0.72354543, 0.57641, -0.3561989, -0.97168946, -0.22179085, -0.69854844, 0.53128284, -0.6802911, 0.23884824, 0.07637078, -0.58022636, 0.24112852, 0.3299603, 0.63251513, 0.02764304, 0.7217443, -0.49773097, -0.6981344, 0.06426756, -0.22249238, 0.9447913, -0.7952722, 0.6190841, 0.79635316, -0.049042687, 0.6213331, -0.29429248, 0.19072264, 0.29493973, -0.74528164, 0.43190312, -0.11853934, -0.73322845, 0.4341207, -0.7469094, 0.6081971, -0.851472, 0.36882666, -0.044058383, -0.10207252, -0.645079, 0.50259817, -0.8446982, 0.84636456, -0.85007393, 0.55226016, -0.8603222, -0.6198439, 0.6276058, 0.9582006, -0.41021615, 0.37331337, -0.03934649, 0.037094925, 0.12823093, -0.1429711, -0.8548626, -0.10342775, 0.48974943, -0.18107723, 0.33185586, -0.14186868, 0.74564266, 0.26228526, -0.3899343, 0.571332, -0.31911805, 0.72118074, -0.52483475, 0.7389201, -0.6997407, 0.46531758, -0.961709, 0.1504918, -0.15245081, 0.20225143, 0.53331286, 0.5015094, -0.27091223, -0.97453237, -0.24050267, 0.3603619, 0.95556164, 0.98315734, -0.78390914, -0.44998997, 0.6689295, 0.2080868, 0.7464105, 0.23154533, 0.6556755, -0.9278838, 0.21848553, 0.050295454, 0.5641387, 0.35254177, -0.5571208, -0.7527254, 0.22587307, 0.164099, 0.4198289, 0.2961386, -0.49038532, -0.21070845, -0.11237032, -0.14536053, 0.35133392, 0.2267024, -0.7465577, 0.5686342, -0.54324615, -0.5785647, -0.49429756, 0.6286534, 0.870098, 0.893808, 0.9210536, -0.5964851, 0.65151227, 0.7251934, -0.6887278, -0.44895503, 0.8810796, -0.73468137, -0.33912948, 0.78176636, -0.053003892, 0.9609913, -0.53398335, 0.3437343, -0.12412877, 0.93756264, 0.61879724, 0.13351633, -0.33823523, -0.70558095, -0.4471123, 0.73787963, 0.09445163, 0.1688596, 0.35336748, 0.66497934, -0.5143073, -0.8329561, -0.25945255, 0.10476284, 0.6420829, 0.13070624, 0.82500017, 0.8804943, -0.08025619, -0.977012, -0.48012385, -0.61058336, -0.97646374, -0.89235866, -0.38634077, 0.8740936, 0.9740126, -0.76999176, 0.049078017, -0.0026454688, 0.27680644, -0.67360926, 0.8933402, -0.19619106, -0.32427967, -0.60803676, -0.4696177, -0.8394751, 0.43944257, 0.009351519, -0.23411027, -0.555624, -0.30457884, 0.46188542, -0.95269734, -0.13276659, -0.031225631, 0.67982936, -0.8956035, -0.46738973, 0.2303633, 0.24019143, 0.31146914, 0.10003717, 0.063811995, -0.5177163, 0.30069143, 0.08022698, -0.9356146, -0.5202692, -0.47589362, 0.07231465, 0.38568074, 0.119881146, -0.7729108, -0.19489858, -0.1941628, -0.080648564, 0.32995465, -0.23489293, -0.05383185, -0.27310207, 0.99467736, -0.9367814, -0.9210102, 0.547255, 0.48361385, 0.79720044, -0.13663432, 0.4067499, -0.037300363, -0.53563356, 0.8302037, -0.27033314, -0.9700946, 0.5051419, 0.04952018, -0.61804825, -0.5677425, -0.8537492, 0.5252025, 0.81760716, -0.5508243, -0.9779897, 0.9860392, -0.54384065, -0.50048876, -0.62399846, 0.05068429, 0.49395794, 0.64007175, 0.5308767, -0.052555777, -0.11863912, -0.386043, 0.7136221, 0.37504905, -0.575665, -0.87876064, 0.93393487, 0.3691926, 0.95508265, -0.47885177, 0.5638721, 0.7400231, -0.6864241, 0.7769974, 0.83170366, -0.6127218, 0.6358077, 0.87288857, 0.6817118, 0.38824642, -0.5630815, -0.6628271, -0.8209388, 0.8212426, -0.23651823, -0.944546, -0.87062275, 0.86738545, -0.062011886, 0.406431, 0.28000578, 0.0823311, 0.27229393, -0.42112195, -0.8355879, 0.7551258, -0.8945787, 0.8188116, -0.99203765, 0.545194, -0.3404447, 0.6469846, 0.8344565, 0.9348193, 0.530177, 0.3149223, -0.55346316, -0.78053087, 0.7422488, -0.97459555, -0.29157695, -0.36841562, -0.7066704, -0.8745042, -0.63181835, -0.7026903, 0.71642953, -0.69142574, 0.606167, 0.15564281, -0.8312223, 0.11823909, 0.7516117, 0.106728226, -0.015917456, 0.121891886, 0.79822505, -0.10937563, 0.11543157, -0.26354924, -0.23121756, 0.5390892, 0.07989853, -0.14487827, 0.22747062, 0.7929114, -0.7258613, -0.8966994, -0.24308467, 0.45673212, 0.3021858, 0.6067939, -0.45667335, 0.72782314, 0.12809776, 0.46520975, -0.22650923, 0.165733, -0.29544672, 0.9645989, 0.00063499535, -0.3279873, 0.9049344, -0.9186695, -0.786747, -0.037133433, 0.042669017, -0.91573083, -0.41698232, -0.9907512, 0.105238736, -0.7058536, 0.4352341, 0.95346636, -0.05787389, 0.7942211, 0.8905654, 0.0203666, -0.6274933, -0.72341, -0.50461495, -0.5277584, -0.24026047, -0.17982593, -0.6171365, 0.5263318, -0.09490103, 0.45648068, -0.069754206, -0.81889033, -0.26321906, -0.878212, -0.060439147, 0.45162174, 0.29933247, 0.62515754, 0.4941679, 0.5162677, 0.90634227, -0.020657433, 0.6255457, -0.7028145, -0.76295054, 0.86956114, -0.45507684, -0.47585335, 0.37900427, 0.8810056, 0.3454678, 0.91831505, 0.7469706, 0.15643837, 0.44441482, 0.017222771, 0.5212773, 0.36610806, 0.87241375, -0.3330465, -0.3630448, -0.23989387, 0.9551438, -0.18167862, -0.6923188, -0.28221092, 0.5345765, -0.47985554, 0.40874952, 0.60239524, 0.63728285, -0.31188357, 0.14424962, -0.8934048, 0.5288614, -0.9417489, -0.13605754, 0.8985653, 0.7026437, 0.07883202, 0.6799109, 0.3613399, -0.85327166, 0.7895554, -0.012939779, -0.118051484, -0.39542374, 0.5357981, 0.506383, 0.04387814, -0.2616768, -0.58867264, -0.47053698, 0.38728282, 0.37672365, 0.46469653, -0.106569596, -0.9490232, -0.1485503, -0.82938313, -0.16703305, -0.39539078, 0.20304346, -0.1917469, 0.18501523, 0.13386585, 0.56145465, -0.7616491, 0.9098016, -0.79064274, -0.5645723, 0.25135422, 0.9771412, 0.27301908, 0.89712834, 0.40307778, 0.031869434, -0.84051263, 0.24075378, -0.28520304, 0.20162638, 0.3484816, 0.3653698, -0.88604146, 0.36730725, 0.75251263, -0.20190595, 0.72415656, 0.8964612, 0.6477437, -0.7838076, -0.34694508, 0.14928864, -0.7376536, -0.19257064, -0.5976762, -0.83491886, 0.6912029, 0.24706581, -0.41670695, -0.25316966, -0.61637723, 0.7229882, 0.25206363, -0.40889075, -0.32630524, 0.32779565, -0.15278783, -0.5509415, -0.8767274, 0.40675196, 0.18876876, 0.6331839, -0.123636775, 0.77338004, 0.8032685, -0.43350527, 0.32447773, -0.44964954, -0.6053346, 0.6476888, 0.23404211]","[-7.0, 4.0, 4.0, -2.0, -1.0, 4.0, -1.0, 2.0, -2.0, -3.0, -2.0, -1.0, 4.0, -2.0, 4.0, -2.0, -2.0, -3.0, -7.0, -1.0, -8.0, -2.0, -2.0, -7.0, 5.0, 10.0, -7.0, -8.0, 3.0, -7.0, -14.0, 4.0, -2.0, 4.0, 5.0, 3.0, 4.0, -6.0, -7.0, -7.0, 0.0, 5.0, -1.0, -4.0, 1.0, 4.0, 3.0, -7.0, -3.0, -2.0, 5.0, 3.0, 5.0, -1.0, 1.0, 1.0, -1.0, -2.0, 0.0, 4.0, 3.0, 4.0, -2.0, 0.0, 3.0, 4.0, -7.0, -3.0, -2.0, 5.0, 5.0, 2.0, -1.0, 4.0, -6.0, 3.0, 4.0, -3.0, -1.0, 6.0, -2.0, -6.0, -1.0, -7.0, 6.0, 10.0, -1.0, -1.0, 0.0, 4.0, -1.0, 6.0, -1.0, 10.0, -2.0, 4.0, 4.0, -3.0, -6.0, -4.0, -1.0, -1.0, 1.0, -1.0, -8.0, 5.0, 1.0, 3.0, 5.0, -3.0, -2.0, -7.0, -7.0, -2.0, 4.0, -8.0, 5.0, -7.0, 5.0, -3.0, 5.0, 5.0, 0.0, 4.0, -2.0, 3.0, -1.0, 4.0, 3.0, -2.0, 5.0, -1.0, -4.0, -7.0, -2.0, -8.0, -1.0, -8.0, 3.0, 4.0, 4.0, 5.0, -2.0, 4.0, 5.0, 4.0, -8.0, 0.0, -7.0, 4.0, -10.0, 5.0, -3.0, 0.0, -2.0, -7.0, 4.0, 4.0, 4.0, -1.0, -3.0, 4.0, 5.0, 3.0, -13.0, -1.0, -7.0, 3.0, -9.0, -5.0, 3.0, -1.0, 5.0, 3.0, 1.0, -2.0, -2.0, -2.0, -3.0, 0.0, 3.0, -2.0, -2.0, -5.0, -2.0, -2.0, 5.0, -6.0, 2.0, 10.0, -3.0, -2.0, 4.0, -4.0, -2.0, 0.0, -2.0, -8.0, -2.0, -2.0, -8.0, -2.0, -2.0, 5.0, -1.0, 5.0, -1.0, -3.0, -1.0, -1.0, 5.0, 4.0, -2.0, 4.0, 1.0, -8.0, 4.0, 4.0, -2.0, -3.0, 4.0, -7.0, -3.0, -7.0, 8.0, 5.0, 4.0, -3.0, 0.0, 4.0, -7.0, 0.0, 5.0, -2.0, 0.0, 4.0, 4.0, 4.0, -1.0, 3.0, 1.0, -1.0, -6.0, 3.0, 2.0, 0.0, 4.0, -5.0, -2.0, 6.0, -2.0, -5.0, -2.0, -1.0, -2.0, -4.0, -1.0, -4.0, -2.0, -2.0, -1.0, 5.0, -7.0, -2.0, 4.0, -1.0, -7.0, 1.0, -7.0, 5.0, 4.0, -1.0, -1.0, -6.0, 6.0, -1.0, 5.0, -2.0, -4.0, -7.0, 4.0, -1.0, 0.0, -1.0, -1.0, 12.0, 0.0, -1.0, 4.0, 4.0, -1.0, -2.0, -8.0, -2.0, -2.0, -1.0, -7.0, -1.0, -3.0, -2.0, 4.0, 4.0, 4.0, -1.0, -1.0, 0.0, -3.0, 4.0, 0.0, -2.0, 3.0, 3.0, -6.0, -1.0, -2.0, 0.0, 1.0, -1.0, 5.0, 4.0, -1.0, -8.0, -1.0, 3.0, 6.0, 1.0, -7.0, 4.0, 5.0, 2.0, 0.0, 0.0, 4.0, 10.0, -2.0, -2.0, -8.0, -2.0, 4.0, 12.0, -1.0, 5.0, -4.0, -7.0, -7.0, 0.0, -1.0, -1.0, -2.0, -1.0, -3.0, -1.0, -1.0, 4.0, 5.0, 5.0, -2.0, -7.0, 3.0, -1.0, -7.0, -1.0, 4.0, -7.0, 6.0, -1.0, 4.0, 10.0, 4.0, -7.0, -1.0, 13.0, 4.0, 9.0, 0.0, 4.0, -3.0, 4.0, 5.0, 4.0, 4.0, 4.0, -2.0, 5.0, -1.0, 4.0, 3.0, 5.0, 5.0, 3.0, 0.0, 5.0, -2.0, 11.0, 5.0, 11.0, -2.0, -3.0, 5.0, 10.0, -3.0, 5.0, 10.0, -1.0, 3.0, -1.0, -7.0, 5.0, -2.0, 4.0, -2.0, 3.0, 3.0, 1.0, -8.0, -2.0, -10.0, 5.0, 0.0, -3.0, -8.0, 1.0, 8.0, -6.0, 6.0, 3.0, -7.0, -7.0, -2.0, -1.0, -1.0, -1.0, -2.0, -2.0, -2.0, -2.0, -14.0, -7.0, -1.0, -7.0, -1.0, -8.0, 4.0, -2.0, 5.0, -2.0, 5.0, -2.0, 5.0, 4.0, -1.0, -2.0, 4.0, 4.0, 5.0, 4.0, 3.0, -1.0, 4.0, 2.0, 4.0, -2.0, -2.0, -1.0, 9.0, -1.0, -1.0, -8.0, 0.0, 5.0, 2.0, 4.0, -1.0, 5.0, -1.0, 5.0, -8.0, -1.0, -2.0, -1.0, -2.0, -1.0, -10.0, 5.0, -5.0, -1.0, 5.0, 11.0, -1.0, 0.0, -5.0, -2.0, -2.0, 2.0, -2.0, -2.0, -2.0, -8.0, 0.0, -2.0, -7.0, 4.0, -7.0, -1.0, -3.0, -5.0, 4.0, 2.0, -1.0, -2.0, 4.0, 5.0, -4.0, 4.0, -1.0, -1.0, -1.0, 3.0, 9.0, -7.0, 4.0, -2.0, -3.0, -2.0, -2.0, 5.0, 4.0, 4.0, -5.0, -1.0, -1.0, 3.0, -3.0, -1.0, -7.0, 0.0, -1.0, 4.0, 3.0, -6.0, 5.0, 4.0, -1.0, -1.0, 4.0, -3.0, -1.0, -1.0, -2.0, -2.0, 5.0, 5.0, -2.0, 1.0, -7.0, 5.0, 4.0, -2.0, -1.0, 3.0, -1.0, -7.0, -5.0, -2.0, -1.0, -1.0, 5.0, -1.0, 0.0, 4.0, -3.0, -7.0, -2.0, -1.0, -1.0, -2.0, 3.0, -3.0, -2.0, 1.0, 1.0, -3.0, 0.0, -1.0, -8.0, 4.0, 3.0, 1.0, -1.0, -2.0, -7.0, -2.0, -1.0, 3.0, -1.0, -1.0, 5.0, -3.0, 4.0, 0.0, -2.0, -7.0, -7.0, 3.0, 5.0, -1.0, 11.0, 4.0, -1.0, 4.0, -2.0, 0.0, 10.0, 0.0, -7.0, -2.0, -8.0, -2.0, 7.0, -1.0, -1.0, 4.0, 6.0, 5.0, 4.0, 2.0, -1.0, -2.0, 10.0, -4.0, -1.0, -2.0, 4.0, -1.0, -1.0, 0.0, 5.0, -1.0, 2.0, -1.0, -2.0, -1.0, -6.0, 2.0, -1.0, -2.0, 1.0, -2.0, 3.0, -2.0, -2.0, 6.0, -2.0, -2.0, 1.0, -2.0, -2.0, -6.0, 4.0, 1.0, 5.0, -3.0, -3.0, 5.0, 4.0, -6.0, -2.0, -1.0, -1.0, 0.0, -1.0, -3.0, 3.0, 3.0, 1.0, 0.0, 5.0, 1.0, -1.0, -1.0, -2.0, -1.0, 5.0, -3.0, 5.0, -1.0, -12.0, -2.0, -1.0, -1.0, -5.0, -7.0, -1.0, -2.0, -3.0, 6.0, 8.0, -3.0, 0.0, 4.0, 3.0, 5.0, -1.0, 3.0, 4.0, -1.0, 4.0, -1.0, 5.0, -15.0, -7.0, -1.0, -2.0, 1.0, -7.0, 5.0, -1.0, 1.0, -2.0, 6.0, 0.0, -4.0, -1.0, -2.0, 2.0, -2.0, 0.0, -6.0, -8.0, -2.0, 4.0, 4.0, -2.0, 1.0, 1.0, -5.0, 4.0, -1.0, -3.0, 10.0, -2.0, 5.0, 3.0, -1.0, 3.0, 5.0, 4.0, -2.0, -3.0, 4.0, 4.0, 0.0, 3.0, 10.0, -1.0, 2.0, -2.0, 4.0, -2.0, 5.0, -6.0, 5.0, -1.0, -5.0, 4.0, 0.0, 5.0, 0.0, -2.0, -2.0, -8.0, -2.0, -1.0, 5.0, -1.0, 5.0, -2.0, -2.0, -2.0, -2.0, -2.0, -2.0, 10.0, 4.0, 3.0, 3.0, 4.0, 10.0, 4.0, 4.0, -2.0, 0.0, -2.0, -13.0, 4.0, -1.0, 9.0, -2.0, 4.0, 3.0, 4.0, -1.0, -2.0, 5.0, -3.0, -7.0, -2.0, -2.0, -2.0, -7.0, -1.0, -2.0, 0.0, 10.0, 9.0, -1.0, 4.0, -2.0, -2.0, -7.0, 5.0, 11.0, 4.0, 5.0, -1.0, -8.0, 4.0, -2.0, -5.0, 4.0, -1.0, -7.0, -1.0, 4.0, 0.0, -1.0, -1.0, -8.0, -2.0, -1.0, 5.0, 4.0, -9.0, -4.0, -1.0, -14.0, 2.0, -12.0, -2.0, -7.0, 6.0, -1.0, 5.0, -8.0, -7.0, -1.0, -2.0, -4.0, 3.0, -2.0, -7.0, 0.0, 4.0, 5.0, 5.0, 9.0, 5.0, 2.0, -2.0, -1.0, 7.0, -2.0, 3.0, -1.0, 4.0, 4.0, -1.0, -2.0, 5.0, 4.0, -2.0, -2.0, -1.0, 4.0, -1.0, 0.0, -4.0, 3.0, -8.0, 4.0, -5.0, -1.0, -7.0, -2.0, -7.0, -1.0, 3.0, 5.0, -2.0, 5.0, -9.0, 5.0, -2.0, 0.0, -1.0, -5.0, -1.0, -1.0, -14.0, 0.0, 5.0, 11.0, -2.0, 5.0, 5.0, 4.0, 4.0, -1.0, -1.0, 4.0, -2.0, -1.0, -5.0, 4.0, 5.0, 4.0, 2.0, -7.0, -2.0, -2.0, 5.0, 6.0, -1.0, 4.0, 0.0, 5.0, 5.0, -7.0, -6.0, 6.0, 3.0, -7.0, -7.0, -3.0, -7.0, -1.0, 5.0, -6.0, -13.0, 10.0, -1.0, 6.0, 10.0, -1.0, 3.0, -2.0, 0.0, 1.0, -2.0, -3.0, -2.0, 5.0, 5.0, -3.0, -2.0, -6.0, 15.0, 5.0, 3.0, -4.0, 5.0, 0.0, -1.0, 5.0, -2.0, 4.0, -1.0, 5.0, 4.0, -1.0, 4.0, -1.0, 11.0, -2.0, -8.0, -1.0, 8.0, 5.0, 9.0, 2.0, -6.0, 4.0, 3.0, -8.0, -1.0, 11.0, -2.0, -2.0, -20.0, -2.0]",8.341353054528478,0.003270149230957,0.0,0.0,0
93,93,"[-0.29300913, -0.31483784, -0.96820664, -0.09268138, 0.0049955575, 0.14467743, 0.19834164, -0.83160686, 0.65587324, 0.062853254, -0.4297756, -0.04799848, 0.3303805, -0.85610974, -0.948474, 0.562364, 0.77333426, 0.24770112, 0.38856736, -0.43810388, -0.17469102, 0.5618416, -0.08702099, 0.20599802, -0.9389183, -0.06760164, -0.69132876, -0.030690331, -0.5138162, 0.626919, -0.40290654, -0.68017936, 0.079075254, -0.66218525, 0.35872546, -0.84749395, -0.28208128, 0.30647603, -0.79816025, 0.20078018, -0.6565507, -0.85890776, 0.09315458, -0.82005376, -0.13894174, -0.98499733, 0.4231962, 0.50560504, 0.9693751, -0.1094702, 0.06635478, -0.29976338, 0.20900624, 0.7188194, 0.60659, 0.3346233, -0.028049685, 0.0730004, -0.3546669, 0.64696777, 0.4756095, -0.47938532, -0.9514231, 0.8408771, 0.32052097, -0.228338, -0.12830831, 0.5276819, 0.4900963, 0.26175234, -0.29236746, 0.69931394, -0.1667883, 0.42368394, -0.28817388, -0.043617498, -0.0325011, 0.89831597, -0.19247885, 0.551387, 0.37919542, -0.15792978, -0.23559085, -0.21412493, -0.6449358, 0.15524067, 0.1403115, -0.6372896, -0.045356024, 0.5491082, -0.51751715, 0.833681, 0.9237115, -0.66359574, -0.9763973, 0.5613758, -0.60644436, 0.8484512, -0.014778427, 0.5877315, 0.25327814, 0.49926642, 0.261778, 0.33591434, 0.50308126, -0.97063863, -0.41819564, -0.95221317, 0.48889357, -0.15790822, 0.5893523, -0.8609965, -0.85520214, -0.15850288, 0.72013646, 0.540265, -0.3743545, 0.4488793, 0.6313853, 0.35683328, 0.53017485, 0.5261533, -0.98297447, -0.93257993, 0.8292079, -0.8669461, -0.9377776, -0.38935164, -0.57186586, 0.191192, -0.14976941, -0.60727257, -0.24527195, -0.25560826, 0.9306319, -0.61496794, -0.5927554, 0.64623517, 0.06228039, 0.47627845, 0.12914824, 0.78504306, 0.702887, 0.121713236, -0.3620853, -0.2535854, 0.41739225, 0.024351217, 0.34796372, -0.25380224, -0.2990088, -0.8277456, 0.005303899, 0.96241635, 0.6515253, -0.251212, 0.6451353, -0.29648262, 0.53131944, 0.22925319, 0.66537577, 0.64008224, -0.8552185, 0.84870386, 0.7356636, 0.516616, 0.8891625, 0.0008842507, -0.5003202, 0.5703504, 0.6682926, 0.6784385, -0.95906126, -0.77686924, 0.9445843, 0.6251347, 0.18873724, -0.5980969, -0.18917455, -0.75468403, -0.8938822, -0.90027624, -0.39999646, -0.76352113, -0.07926458, -0.17708385, -0.3573363, -0.7794641, 0.88345104, 0.16523018, 0.0021947017, 0.28882658, -0.21120809, 0.5182622, 0.3345946, 0.84114265, 0.45965806, 0.4127541, 0.25837567, 0.7073996, -0.120127, 0.9408931, -0.8439862, 0.13389301, -0.093088664, -0.60643846, -0.8221718, 0.30172232, 0.19134608, -0.15591304, 0.15080334, -0.40243575, 0.7992793, -0.76201224, -0.9708503, -0.07152704, 0.05593254, -0.7208773, -0.6784569, -0.63242644, -0.21551672, -0.8558881, 0.82901937, -0.5383384, -0.6566329, 0.48652738, -0.8560256, -0.97617596, -0.61231256, -0.17542477, 0.7825517, -0.22802216, -0.68329525, -0.45080927, -0.0984508, 0.17570476, -0.02845295, 0.2902025, 0.42298612, -0.7296489, -0.07754649, -0.2424654, -0.013712447, -0.8579583, 0.81292814, 0.69909364, 0.020807711, 0.0959014, -0.2602915, -0.2756833, -0.8541146, -0.12458949, 0.30212617, -0.2474151, 0.113689095, 0.6967349, 0.660733, 0.5270004, 0.5435123, 0.5100905, 0.82976186, -0.6495818, -0.49809077, -0.70033306, 0.7351572, 0.44489136, 0.8617784, 0.4808629, -0.57400125, -0.82650924, 0.5217974, -0.32435536, -0.55935603, 0.9525272, -0.95747685, 0.17255962, 0.39130312, -0.45499814, 0.8063118, -0.8958757, -0.91280895, -0.28698716, -0.95085156, 0.77939653, -0.03749537, -0.43652165, -0.9143223, 0.9092473, 0.92598677, 0.7997557, -0.5310541, -0.4403104, -0.8672672, 0.64898384, 0.8606797, 0.522888, 0.4707143, 0.8796418, 0.14325917, -0.4069913, -0.87049013, -0.47929114, 0.3151834, -0.6039968, -0.3470701, -0.9474818, -0.11036734, -0.880808, 0.82452506, 0.85697806, -0.08483032, 0.50091076, -0.8999885, -0.30877784, 0.79476017, -0.4850206, 0.43425724, 0.77568364, -0.25403115, -0.40629312, 0.14566462, -0.7832678, -0.1388888, -0.43051463, -0.6121435, -0.18806128, 0.88791937, -0.11470624, -0.24460436, -0.5712246, -0.06634283, 0.337423, 0.64856905, -0.6727095, -0.4032899, -0.5438152, 0.9943988, -0.6371148, -0.8215868, -0.08986319, -0.79036206, 0.5222907, -0.90245736, 0.36276013, 0.420461, -0.47958124, 0.59096056, -0.8792358, -0.76578003, -0.26690662, 0.0053622075, 0.1626291, 0.8824801, -0.9851439, 0.96561706, 0.8371752, 0.051075637, 0.12770459, -0.73021585, 0.86814797, -0.1291623, 0.36326814, 0.5584861, 0.75970477, 0.2294081, 0.9167498, -0.66876525, 0.41131103, 0.6963915, -0.028309153, -0.13259721, 0.5978909, 0.3448381, -0.21200821, 0.020646282, -0.5041139, 0.44697654, 0.31837478, 0.1705376, 0.7048406, -0.23778933, 0.31347996, -0.3763443, -0.9924598, 0.3265845, 0.29775643, 0.27639732, -0.7847751, -0.31364572, -0.2971955, 0.6205373, 0.8941693, 0.7742708, -0.1263984, -0.40254042, 0.0676815, 0.47971675, 0.658098, -0.40260023, 0.2846873, 0.78000766, -0.5944593, 0.79841405, 0.93553066, -0.7762308, 0.40634802, -0.13202822, -0.775849, 0.15045936, -0.8963044, 0.05877118, -0.19487041, 0.9091865, -0.034805376, -0.5833066, 0.4036913, -0.401579, -0.9111139, -0.8569639, 0.3824818, 0.62842005, -0.3028675, -0.40338105, -0.31632772, -0.36857644, -0.592632, 0.15567288, -0.90066224, 0.019291924, -0.42019954, -0.16339685, -0.55619246, -0.42367002, -0.86859727, -0.65303403, 0.25712273, -0.19722973, -0.47246164, 0.674249, 0.5611793, -0.34940085, 0.53414637, -0.34237957, 0.72598857, -0.3827111, -0.58848053, -0.13312905, -0.019549672, 0.09879039, -0.41478625, 0.7152566, -0.063254304, -0.28894317, -0.39703533, 0.23537238, -0.068410836, 0.018528003, -0.15674913, 0.7857083, -0.3271085, 0.6376822, 0.23269576, -0.0758025, 0.8242219, -0.60976106, 0.2835642, 0.09610701, -0.020261426, -0.69138104, -0.46647355, 0.4199696, 0.33069187, 0.60720366, -0.8011973, -0.3746983, 0.2361785, 0.2861435, 0.55711865, -0.6321461, 0.98937535, 0.076374, 0.21499532, -0.38846594, -0.10677869, 0.099856496, 0.04511827, 0.8140707, 0.14322428, 0.71036524, -0.79763377, -0.18648264, -0.31924418, 0.088680886, 0.009752499, 0.8556386, -0.89914846, -0.7746145, -0.024097612, -0.8768315, 0.0077227866, -0.5502464, -0.39839494, 0.7886262, 0.6372058, -0.07705335, -0.7703332, 0.8592643, 0.15482597, -0.26821053, 0.115418084, -0.4996858, 0.42622772, 0.13284922, -0.76136994, 0.7897245, 0.030541398, -0.90750957, 0.23347077, -0.9584816, -0.6552434, 0.6697832, -0.77485096, 0.32432634, -0.99190474, 0.034842648, -0.8303914, 0.16640328, -0.13677223, 0.3549803, -0.038659286, 0.61766994, -0.22959737, -0.49109817, 0.58530027, 0.48880318, 0.2082999, 0.6135703, 0.6243899, 0.34938532, -0.4688972, -0.38335538, 0.9607375, -0.2724316, 0.8405928, -0.30140072, -0.9167526, -0.2665647, -0.056881662, -0.5782039, 0.25380582, -0.9877122, 0.16550876, 0.022591831, 0.19900243, -0.14242108, -0.3806084, 0.94029284, -0.5051178, -0.1435814, -0.5744369, -0.7104629, -0.26779345, -0.972142, 0.9667645, -0.4267723, -0.9901268, -0.8679608, 0.61128485, 0.47166714, -0.6544624, 0.6940228, 0.3039952, 0.41454294, -0.6457195, -0.45253494, 0.8502334, 0.0686046, 0.12236281, -0.016949262, -0.4388675, 0.56156355, -0.35532665, 0.32646874, 0.39479056, 0.3109874, 0.5006332, -0.91384, -0.24088728, 0.21238805, 0.59853226, 0.23137347, -0.7439891, 0.48516095, -0.33747187, 0.6900518, 0.7571436, 0.21447504, 0.046348467, -0.24306616, 0.6230312, -0.3807942, 0.78855306, -0.68233454, -0.7665444, -0.7254853, 0.3794725, -0.41935042, -0.91903, -0.13941285, -0.11916376, 0.66275406, 0.41279876, 0.24005619, -0.66039765, 0.046235617, 0.8200966, 0.48204565, -0.92155385, 0.9927173, -0.3905409, -0.70385563, 0.8038432, 0.6490714, 0.3203947, 0.45118314, -0.86030847, -0.68075967, -0.9993257, 0.79229754, 0.064649135, 0.98253924, -0.7828028, 0.8163224, -0.9201064, 0.037805717, -0.2586492, -0.42270535, -0.9092364, 0.4124496, 0.3203213, -0.50285167, 0.13599382, -0.55398524, -0.69551116, -0.82167536, 0.6491238, -0.5281971, 0.018185517, -0.05716456, -0.21010768, -0.40428033, 0.19797584, -0.22827104, 0.3008853, -0.13570453, -0.24162693, 0.9809235, 0.573685, 0.7994844, 0.07550028, -0.7729122, 0.53807765, 0.9094146, -0.9195559, -0.53721744, -0.8706765, -0.99559456, -0.14538278, -0.13241063, 0.6567876, -0.27490303, 0.4565705, -0.09482208, 0.70264524, -0.5444111, -0.7839914, -0.15721034, 0.8441908, 0.9827832, -0.92416966, -0.28102964, 0.94052833, 0.59190726, 0.32675272, -0.15231916, -0.6716585, -0.8964774, 0.7746041, 0.20406678, -0.67180854, -0.8155754, -0.89456165, -0.21020664, 0.17931457, 0.6726506, -0.8740873, 0.8242795, -0.15158862, -0.441472, -0.60486037, 0.5055592, 0.5815343, -0.496587, 0.9972102, 0.6005949, -0.45808092, -0.9249083, 0.7873669, -0.07626513, -0.53598654, -0.30978167, 0.68672746, 0.027417116, 0.53082466, -0.9948023, -0.17401615, 0.08649632, -0.23737945, -0.62719536, -0.29768786, -0.22523654, -0.7510211, -0.61265486, 0.16669545, -0.05768603, -0.8452734, 0.25602, 0.74405235, 0.9039385, 0.4273933, -0.17698033, 0.15311274, -0.7408419, -0.7458926, -0.22875124, -0.7672813, 0.00024023403, -0.97139484, -0.017705655, -0.61188483, -0.63580865, 0.11067802, -0.4156304, -0.40370664, 0.6953631, 0.6704537, 0.32519585, -0.72124475, -0.7980548, -0.16493057, 0.51608294, 0.51991683, 0.5144701, 0.17177211, -0.98927116, -0.8813043, 0.4098835, -0.017972676, 0.4985606, 0.36233434, 0.066527285, -0.17028782, -0.2459911, 0.6718525, -0.9251197, -0.65629977, 0.19167483, 0.36644828, -0.8917566, 0.5748909, -0.059585515, 0.4452907, 0.8003599, 0.81229675, -0.28461868, -0.91953844, 0.8134447, 0.16792369, 0.6380226, -0.06727516, 0.91908413, 0.46222237, 0.9377369, 0.022944842, -0.4849159, -0.69332725, 0.6290428, -0.09860227, -0.920243, -0.8783104, -0.3657927, -0.63724023, -0.42698348, -0.86710787, -0.12721337, -0.4823163, 0.403673, 0.6879176, 0.82493156, -0.32867792, 0.9448025, 0.8531232, 0.89477813, -0.574337, 0.34979767, 0.6437328, 0.5638636, -0.033039372, 0.8186741, 0.9157747, 0.5489351, 0.7576849, -0.2652712, -0.4273866, -0.101742245, 0.07795246, 0.90440166, 0.31018287, 0.56278753, -0.594988, -0.40592346, -0.18232985, -0.8287146, -0.2700597, -0.9690062, -0.7050663, 0.6032173, 0.3569628, -0.45020294, 0.7403009, 0.6672063, 0.20896804, -0.5748538, -0.2844297, 0.64778036, -0.8939198, 0.47790805, -0.6549989, -0.6829618, 0.8250764, 0.592046, 0.48459148, 0.69759744, 0.292521, -0.1124093, -0.72007185, -0.99791104, 0.18864393, 0.3596309, 0.585127, -0.97989184, 0.62732387, 0.34325156, -0.008686011, 0.23987329, 0.63077295, -0.9904266, 0.6949511, -0.60387254, -0.5744373, -0.04879298, -0.79801184, 0.6012504, -0.15165174, -0.36931422, 0.52214074, -0.45924565, -0.3049847, 0.73314965, -0.14062753, -0.892289, -0.08717441, -0.6579094, -0.23268537, 0.9383533, -0.20976204, -0.70579153, -0.3193566, -0.804153, -0.941402, -0.73396593, -0.08503409, -0.28271857, -0.86975944, 0.90140176, -0.2739705, -0.7147135, 0.01988907, -0.5121671, 0.53100115, 0.41045764, 0.9602918, 0.24107082, 0.9456858, -0.9785539, -0.66121143, -0.63318837, -0.9395241, 0.9004272, -0.86906433, -0.6989796, 0.2509308, 0.90219665, 0.6927456, 0.86431754, -0.49612716, -0.22795516, -0.855424, -0.53776276, 0.95321846, -0.7455232, 0.15654112, -0.35619235, -0.3782749, -0.45079997, 0.31074575, -0.615249, 0.56889826, -0.19505636, 0.8820428, -0.044297058, -0.48969895, 0.03409301, 0.5112479, -0.9428775, 0.11515332, -0.5790337, -0.2093424, 0.68875253, 0.7441533, -0.33891904, 0.39366454, 0.39554507, -0.4691066, 0.94004846, 0.14425148, -0.5888672, -0.23375262, 0.8611615, -0.81363094, -0.60408485, 0.6329198, 0.51892316, -0.54707444, 0.42077172, -0.7442933, 0.8469194, -0.5077919, -0.88165414, 0.14649904, -0.7333224, -0.74219316, 0.9062255, -0.42943913, -0.28467992, -0.7849154, 0.31917283, -0.7271494, 0.511976, -0.954475, -0.57539, 0.073568776, 0.64175445, -0.3813408, 0.24899873, 0.89263797, -0.459339, -0.12019348, 0.9040902, 0.07819466, -0.39582777, 0.42150256, 0.7374619, -0.2771265, 0.11990901, 0.6386253, 0.45932966, 0.3547849, -0.2404713, 0.04545079, 0.9314669, 0.70468044, 0.27144814, 0.8989243, 0.6036247, -0.62740463, 0.43196568, 0.2295204, 0.46513176, 0.03373179, -0.23792808, -0.72720635, -0.38246614, -0.6913988, -0.687095, -0.21689518, -0.59008676, 0.8907049, 0.78314435, -0.9326195]","[-7.0, 4.0, 4.0, -2.0, -1.0, 4.0, -1.0, 2.0, -2.0, -3.0, -2.0, -1.0, 4.0, -2.0, 4.0, -2.0, -2.0, -3.0, -7.0, -1.0, -8.0, -2.0, -2.0, -7.0, 5.0, 10.0, -7.0, -8.0, 3.0, -7.0, -14.0, 4.0, -2.0, 4.0, 5.0, 3.0, 4.0, -6.0, -7.0, -7.0, 0.0, 5.0, -1.0, -4.0, 1.0, 4.0, 3.0, -7.0, -3.0, -2.0, 5.0, 3.0, 5.0, -1.0, 1.0, 1.0, -1.0, -2.0, 0.0, 4.0, 3.0, 4.0, -2.0, 0.0, 3.0, 4.0, -7.0, -3.0, -2.0, 5.0, 5.0, 2.0, -1.0, 4.0, -6.0, 3.0, 4.0, -3.0, -1.0, 6.0, -2.0, -6.0, -1.0, -7.0, 6.0, 10.0, -1.0, -1.0, 0.0, 4.0, -1.0, 6.0, -1.0, 10.0, -2.0, 4.0, 4.0, -3.0, -6.0, -4.0, -1.0, -1.0, 1.0, -1.0, -8.0, 5.0, 1.0, 4.0, 5.0, -3.0, -2.0, -7.0, -7.0, -2.0, 4.0, -8.0, 5.0, -7.0, 5.0, -3.0, 5.0, 5.0, 0.0, 4.0, -2.0, 3.0, -1.0, 4.0, 3.0, -2.0, 5.0, -1.0, -4.0, -7.0, -2.0, -8.0, -1.0, -8.0, 3.0, 4.0, 4.0, 5.0, -2.0, 4.0, 5.0, 4.0, -8.0, 0.0, -7.0, 4.0, -10.0, 5.0, -3.0, 0.0, -2.0, -7.0, 4.0, 4.0, 4.0, -1.0, -3.0, 4.0, 5.0, 3.0, -13.0, -1.0, -7.0, 3.0, -9.0, -5.0, 3.0, -1.0, 5.0, 3.0, 1.0, -2.0, -2.0, -2.0, -3.0, 0.0, 3.0, -2.0, -2.0, -5.0, -2.0, -2.0, 5.0, -6.0, 2.0, 10.0, -3.0, -2.0, 4.0, -4.0, -2.0, 0.0, -2.0, -8.0, -2.0, -2.0, -8.0, -2.0, -2.0, 5.0, -1.0, 5.0, -1.0, -3.0, -1.0, -1.0, 5.0, 4.0, -2.0, 4.0, 1.0, -8.0, 4.0, 5.0, -2.0, -3.0, 4.0, -7.0, -3.0, -7.0, 8.0, 5.0, 4.0, -3.0, 0.0, 4.0, -7.0, 0.0, 5.0, -2.0, 0.0, 4.0, 4.0, 4.0, -1.0, 3.0, 1.0, -1.0, -6.0, 3.0, 2.0, 0.0, 4.0, -5.0, -2.0, 6.0, -2.0, -5.0, -2.0, -1.0, -2.0, -4.0, -1.0, -4.0, -2.0, -2.0, -1.0, 5.0, -7.0, -2.0, 4.0, -1.0, -7.0, 1.0, -7.0, 5.0, 4.0, -1.0, -1.0, -6.0, 6.0, -1.0, 5.0, -2.0, -4.0, -7.0, 4.0, -1.0, 0.0, -1.0, -1.0, 12.0, 0.0, -1.0, 4.0, 4.0, -1.0, -2.0, -8.0, -2.0, -2.0, -1.0, -7.0, -1.0, -3.0, -2.0, 4.0, 4.0, 4.0, -1.0, -1.0, 0.0, -3.0, 4.0, 0.0, -2.0, 3.0, 3.0, -6.0, -1.0, -2.0, 0.0, 1.0, -1.0, 5.0, 4.0, -1.0, -8.0, -1.0, 3.0, 6.0, 1.0, -7.0, 4.0, 5.0, 2.0, 0.0, 0.0, 4.0, 10.0, -2.0, -2.0, -8.0, -2.0, 4.0, 12.0, -1.0, 5.0, -4.0, -7.0, -7.0, 0.0, -1.0, -1.0, -2.0, -1.0, -3.0, -1.0, -1.0, 4.0, 5.0, 5.0, -2.0, -7.0, 3.0, -1.0, -7.0, -1.0, 4.0, -7.0, 6.0, -1.0, 4.0, 10.0, 4.0, -7.0, -1.0, 13.0, 4.0, 9.0, 0.0, 4.0, -3.0, 4.0, 5.0, 4.0, 4.0, 4.0, -2.0, 5.0, -1.0, 4.0, 3.0, 5.0, 5.0, 3.0, 0.0, 5.0, -2.0, 11.0, 5.0, 11.0, -2.0, -3.0, 5.0, 10.0, -3.0, 5.0, 10.0, -1.0, 3.0, -1.0, -7.0, 5.0, -2.0, 4.0, -2.0, 3.0, 3.0, 1.0, -8.0, -2.0, -10.0, 5.0, 0.0, -3.0, -8.0, 1.0, 8.0, -6.0, 6.0, 3.0, -7.0, -7.0, -2.0, -1.0, -1.0, -1.0, -2.0, -2.0, -2.0, -2.0, -14.0, -7.0, -1.0, -7.0, -1.0, -8.0, 4.0, -2.0, 5.0, -2.0, 5.0, -2.0, 5.0, 4.0, -1.0, -2.0, 4.0, 4.0, 5.0, 4.0, 3.0, -1.0, 4.0, 2.0, 4.0, -2.0, -2.0, -1.0, 9.0, -1.0, -1.0, -8.0, 0.0, 5.0, 2.0, 4.0, -1.0, 5.0, -1.0, 5.0, -8.0, -1.0, -2.0, -1.0, -2.0, -1.0, -10.0, 5.0, -5.0, -1.0, 5.0, 11.0, -1.0, 0.0, -5.0, -2.0, -2.0, 2.0, -2.0, -2.0, -2.0, -8.0, 0.0, -2.0, -7.0, 4.0, -7.0, -1.0, -3.0, -5.0, 4.0, 2.0, -1.0, -2.0, 4.0, 5.0, -4.0, 4.0, -1.0, -1.0, -1.0, 3.0, 9.0, -7.0, 4.0, -2.0, -3.0, -2.0, -2.0, 5.0, 4.0, 5.0, -5.0, -1.0, -1.0, 3.0, -3.0, -1.0, -7.0, 0.0, -1.0, 4.0, 3.0, -6.0, 5.0, 4.0, -1.0, -1.0, 4.0, -3.0, -1.0, -1.0, -2.0, -2.0, 5.0, 5.0, -2.0, 1.0, -7.0, 5.0, 4.0, -2.0, -1.0, 3.0, -1.0, -7.0, -5.0, -2.0, -1.0, -1.0, 5.0, -1.0, 0.0, 4.0, -3.0, -7.0, -2.0, -1.0, -1.0, -2.0, 3.0, -3.0, -2.0, 1.0, 1.0, -3.0, 0.0, -1.0, -8.0, 4.0, 3.0, 1.0, -1.0, -2.0, -7.0, -2.0, -1.0, 3.0, -1.0, -1.0, 5.0, -3.0, 4.0, 0.0, -2.0, -7.0, -7.0, 3.0, 5.0, -1.0, 11.0, 4.0, -1.0, 4.0, -2.0, 0.0, 10.0, 0.0, -7.0, -2.0, -8.0, -2.0, 7.0, -1.0, -1.0, 4.0, 6.0, 5.0, 4.0, 2.0, -1.0, -2.0, 10.0, -4.0, -1.0, -2.0, 4.0, -1.0, -1.0, 0.0, 5.0, -1.0, 2.0, -1.0, -2.0, -1.0, -6.0, 2.0, -1.0, -2.0, 1.0, -2.0, 3.0, -2.0, -2.0, 6.0, -2.0, -2.0, 1.0, -2.0, -2.0, -6.0, 4.0, 1.0, 5.0, -3.0, -3.0, 5.0, 4.0, -6.0, -2.0, -1.0, 0.0, 0.0, -1.0, -3.0, 3.0, 3.0, 1.0, 0.0, 5.0, 1.0, -1.0, -1.0, -2.0, -1.0, 5.0, -3.0, 5.0, -1.0, -12.0, -2.0, -1.0, -1.0, -5.0, -7.0, -1.0, -2.0, -3.0, 6.0, 8.0, -3.0, 0.0, 4.0, 3.0, 5.0, -1.0, 3.0, 4.0, -1.0, 4.0, -1.0, 5.0, -15.0, -7.0, -1.0, -2.0, 1.0, -7.0, 5.0, -1.0, 1.0, -2.0, 6.0, 0.0, -4.0, -1.0, -2.0, 2.0, -2.0, 0.0, -6.0, -8.0, -2.0, 4.0, 4.0, -2.0, 1.0, 1.0, -5.0, 4.0, -1.0, -3.0, 10.0, -2.0, 5.0, 3.0, -1.0, 3.0, 5.0, 4.0, -2.0, -3.0, 4.0, 4.0, 0.0, 3.0, 10.0, -1.0, 2.0, -2.0, 4.0, -2.0, 5.0, -6.0, 5.0, -1.0, -5.0, 5.0, 0.0, 4.0, 0.0, -2.0, -2.0, -8.0, -2.0, -1.0, 5.0, -1.0, 5.0, -2.0, -2.0, -2.0, -2.0, -2.0, -2.0, 10.0, 4.0, 3.0, 3.0, 4.0, 10.0, 4.0, 4.0, -2.0, 0.0, -2.0, -13.0, 4.0, -1.0, 9.0, -2.0, 4.0, 3.0, 4.0, -1.0, -2.0, 5.0, -3.0, -7.0, -2.0, -2.0, -2.0, -7.0, -1.0, -2.0, 0.0, 10.0, 9.0, -1.0, 4.0, -2.0, -2.0, -7.0, 5.0, 11.0, 4.0, 5.0, -1.0, -8.0, 4.0, -2.0, -5.0, 4.0, -1.0, -7.0, -1.0, 4.0, 0.0, -1.0, -1.0, -8.0, -2.0, -1.0, 5.0, 4.0, -9.0, -4.0, -1.0, -14.0, 2.0, -12.0, -2.0, -7.0, 6.0, -1.0, 5.0, -8.0, -7.0, -1.0, -2.0, -4.0, 3.0, -2.0, -7.0, 0.0, 4.0, 5.0, 5.0, 9.0, 5.0, 2.0, -2.0, 0.0, 7.0, -2.0, 3.0, -1.0, 4.0, 4.0, -1.0, -2.0, 5.0, 4.0, -2.0, -2.0, -1.0, 4.0, -1.0, 0.0, -4.0, 3.0, -8.0, 4.0, -5.0, -1.0, -7.0, -2.0, -7.0, -1.0, 3.0, 5.0, -3.0, 5.0, -9.0, 5.0, -2.0, 0.0, -1.0, -5.0, -1.0, -1.0, -14.0, 0.0, 5.0, 11.0, -2.0, 5.0, 5.0, 4.0, 4.0, -1.0, -1.0, 4.0, -2.0, -1.0, -5.0, 4.0, 5.0, 4.0, 2.0, -7.0, -2.0, -2.0, 5.0, 6.0, -1.0, 4.0, 0.0, 5.0, 5.0, -7.0, -6.0, 6.0, 3.0, -7.0, -7.0, -3.0, -7.0, -1.0, 5.0, -6.0, -13.0, 10.0, -1.0, 6.0, 10.0, -1.0, 3.0, -2.0, 0.0, 1.0, -2.0, -3.0, -2.0, 5.0, 5.0, -3.0, -2.0, -6.0, 15.0, 5.0, 3.0, -4.0, 5.0, 1.0, -1.0, 5.0, -2.0, 4.0, -1.0, 5.0, 4.0, -1.0, 4.0, -1.0, 11.0, -2.0, -8.0, -1.0, 8.0, 5.0, 9.0, 2.0, -6.0, 4.0, 3.0, -8.0, -1.0, 11.0, -2.0, -2.0, -20.0, -2.0]",8.480004861467792,0.0034682750701904,0.0,0.0,0
94,94,"[-0.39412662, 0.725143, 0.46218434, 0.9499979, -0.7810716, 0.93590105, 0.22249271, 0.22605483, 0.7450558, 0.5814733, -0.19110088, -0.957969, -0.53478575, 0.3494183, -0.81563675, 0.50360864, -0.13779701, -0.38617125, 0.09347135, 0.4393974, -0.5194261, -0.36421767, -0.90033007, -0.64928627, -0.07694229, -0.55391616, -0.11193158, 0.050088234, 0.48764825, 0.14929226, 0.6911937, 0.4242803, -0.62456405, 0.2414253, -0.8099796, -0.5170313, -0.50810707, 0.6198235, -0.47596547, -0.63670546, 0.39639556, 0.52246094, -0.8993384, 0.43495592, 0.19353661, -0.19289227, -0.12514375, 0.071405, -0.58351165, -0.5790754, 0.5623027, 0.49774483, 0.76537395, 0.9361885, -0.16110656, -0.4239285, 0.7884917, -0.37856108, -0.2156512, 0.46341744, -0.25272208, -0.63267857, -0.24106228, -0.2799348, -0.39327046, 0.1783068, -0.79961747, 0.88787365, 0.54603666, 0.08828124, -0.17508098, -0.1715619, -0.8420296, 0.37490958, -0.19637121, 0.49789318, 0.008244832, -0.6741862, -0.7974564, 0.9477338, -0.029214224, -0.6893375, 0.8488819, 0.62628967, 0.6063596, -0.8473479, -0.15597218, -0.39578304, 0.6593801, 0.36219802, 0.77885747, -0.48605794, 0.4950211, -0.66058046, 0.7737495, -0.5889191, -0.6226575, 0.5869154, 0.2526477, 0.5672078, -0.23424855, -0.52633244, 0.5850397, 0.58915454, -0.3556976, -0.66002554, 0.68529403, 0.24483792, 0.8513143, 0.5366827, 0.37018716, -0.26801363, -0.59597236, 0.061198577, 0.92032546, -0.5965302, 0.16823801, -0.20814791, 0.31365618, -0.47638065, -0.21362568, 0.7429504, -0.00023710175, 0.46045592, 0.71889013, -0.18452881, -0.8951458, 0.95713615, -0.9944895, -0.12996379, 0.77130294, 0.8466508, -0.41012776, 0.48099306, 0.8243746, -0.44753733, 0.83507055, 0.5074376, 0.21397147, 0.2637002, 0.7161879, -0.46729895, -0.47855926, 0.6201841, -0.5418378, -0.9673263, 0.6402896, -0.39725408, -0.085539505, 0.6251978, -0.39069012, 0.45416304, -0.807077, 0.49316362, -0.8906611, -0.2536209, 0.35576174, 0.9266617, 0.2163758, -0.5261516, -0.66801554, -0.06897572, -0.9647142, 0.957995, 0.7875404, 0.25162125, 0.30656052, -0.6750245, 0.72002137, 0.8811845, 0.6125182, -0.004800128, -0.51365775, 0.621245, 0.5431876, -0.039597318, -0.4571815, 0.5902209, 0.2940952, 0.2575763, -0.44516936, -0.4747487, 0.7213745, -0.36741358, -0.1997327, 0.3369876, -0.59675586, -0.035883814, 0.8138122, -0.38049397, -0.989772, 0.88397145, -0.3531423, 0.5379026, -0.6944253, -0.058855373, -0.21570903, -0.9431763, -0.44358897, -0.70819205, 0.46260297, -0.5961061, -0.0006762191, -0.6373961, 0.28838462, -0.94630843, 0.2708063, -0.78227043, 0.2397885, -0.24092199, 0.7266841, -0.9381083, 0.2142453, -0.21836801, 0.061549805, 0.17565879, 0.067060694, -0.65978354, -0.45516312, 0.3349892, 0.78487605, -0.63261634, 0.08946149, 0.23859534, -0.7618648, 0.6664782, -0.4906265, -0.69553554, 0.84386563, 0.21152699, 0.24598707, 0.8328577, 0.51639926, 0.61338985, -0.9301485, 0.59197223, 0.07734768, 0.39938384, 0.012888839, 0.03089357, -0.83557564, -0.1857033, -0.16065459, -0.93708193, -0.68180984, 0.26181477, -0.18259887, -0.7651636, 0.9129129, -0.17114677, -0.22463384, -0.78839225, 0.2101673, -0.06665572, 0.36035573, 0.3737616, 0.5566752, 0.5921203, -0.45624992, 0.54851824, -0.82982236, 0.56474733, -0.5847774, -0.9973741, -0.21776028, -0.96652985, -0.96893126, 0.5212847, -0.45799205, 0.010627848, -0.43484408, 0.99973464, 0.15025964, -0.19143973, 0.17893381, 0.88619167, 0.68190694, -0.330608, -0.17806749, -0.2838355, -0.8960976, 0.9745457, 0.16031992, -0.15505935, 0.448066, -0.56963456, 0.49756423, 0.15043898, 0.02985578, -0.3178533, -0.20728652, 0.9013441, 0.1068688, -0.004809407, 0.53839624, 0.47961426, 0.5609339, 0.97611725, -0.6530129, 0.65673774, 0.11648299, -0.6286176, -0.9188893, 0.48579112, 0.07856756, 0.94389933, 0.55081207, -0.18335797, -0.67033076, 0.74259865, 0.8587255, -0.9607, -0.85356915, 0.9544131, 0.13925216, 0.24994297, 0.3217839, -0.42346606, 0.8157103, -0.32471728, -0.40511855, 0.7904894, -0.04575972, -0.23420554, -0.66366494, 0.08496968, -0.19049199, -0.07388803, 0.09027238, 0.92206746, -0.155519, -0.8304716, -0.427542, 0.36718154, 0.5760313, -0.5945288, -0.34476498, -0.31177562, -0.08046218, 0.22881071, -0.97791374, 0.221428, -0.99911016, 0.6518508, 0.2142887, -0.81813455, -0.5285637, -0.84608334, -0.27965152, 0.8301115, 0.4519908, 0.93865824, 0.59558034, -0.71065646, -0.57911444, -0.48343137, 0.7646861, -0.8324029, -0.56893027, 0.7715147, 0.3576525, 0.4344779, -0.8413243, 0.7770544, -0.7360975, -0.48369402, -0.22140433, 0.3061282, -0.5045489, -0.7078951, 0.9467982, -0.35790274, -0.922908, -0.9003047, -0.068981774, 0.21500362, 0.78686655, -0.71036106, 0.035641056, -0.6717358, -0.86002, -2.2361663e-05, 0.4849552, 0.033048265, 0.41310915, 0.8356429, 0.74727494, -0.072318636, 0.7751084, -0.38312125, 0.2793707, 0.6871708, 0.2067863, 0.43058884, -0.31447715, 0.049977645, -0.76430523, -0.5607348, 0.55400306, 0.4431406, -0.0010476486, 0.062331893, 0.7352729, 0.35969698, -0.64818805, 0.46751648, -0.78478944, -0.44550335, -0.44417676, 0.17170686, -0.260484, -0.59696114, 0.85606754, -0.051127926, 0.6604268, 0.5359944, 0.8855459, 0.07619905, -0.49968007, -0.22499405, -0.30607855, -0.52353966, -0.84842294, -0.36815727, -0.47539994, 0.5660468, 0.0977579, 0.8293325, 0.2955849, -0.122707546, -0.6923537, -0.9113232, -0.89901304, -0.49157947, -0.7043877, 0.10574409, -0.8771333, 0.90187055, 0.19380619, 0.5377901, 0.6911666, 0.60250354, -0.19872649, -0.62661785, 0.3520183, -0.21876688, 0.13238552, 0.70931214, 0.043890867, -0.98832166, -0.89433134, 0.4380652, -0.63761425, 0.67321247, 0.6568207, -0.6052664, 0.8310953, -0.45805016, -0.8428058, 0.4946513, 0.834042, -0.19641477, -0.5823912, -0.5651854, -0.47522917, 0.65942645, -0.24820927, 0.34374398, -0.75591284, 0.5585514, -0.35927474, -0.34551692, -0.0672984, 0.1091464, 0.070370115, -0.14883582, 0.9303125, 0.65051425, -0.20219775, -0.14958227, 0.7422588, 0.4792058, -0.95770735, -0.50176513, -0.62379026, 0.46802458, -0.07440736, 0.9333625, -0.78093404, 0.71689963, 0.6967277, 0.28832588, -0.58531314, -0.7165382, -0.034238596, -0.61749536, 0.67859894, -0.6544218, 0.6729202, 0.47426018, 0.67469364, -0.6655122, 0.7163223, 0.57991, 0.83380866, -0.82399124, 0.76642346, -0.3820826, -0.5446148, 0.94406825, -0.24608076, -0.7565703, -0.017328633, -0.0058641983, 0.25811774, 0.5870795, -0.54056567, 0.91934997, 0.5961948, 0.5350116, -0.26828787, -0.08258177, 0.0003179668, 0.6526161, -0.9038898, 0.58186984, 0.12565488, 0.26245245, 0.004094834, 0.65216357, -0.10240485, -0.20297925, 0.62519395, 0.6194763, 0.36730692, 0.8963102, -0.07175475, -0.08453363, -0.17033024, 0.8501163, 0.73855424, -0.43071747, 0.50750196, -0.26044616, -0.8765972, -0.43785414, 0.15651852, 0.4879211, -0.8984213, 0.97031546, 0.15868138, 0.88683164, 0.85422826, -0.65936106, -0.57779384, 0.96911514, -0.43069026, 0.5053582, 0.7879678, -0.4482408, -0.15456773, 0.6074323, -0.10498295, -0.2666695, -0.78485024, -0.5417131, 0.29847288, -0.3142155, 0.5159419, 0.86722606, -0.92556095, 0.8895993, 0.69572014, 0.07934033, -0.84149843, 0.24882303, -0.7029166, -0.7015317, 0.7315902, 0.914805, 0.02164442, 0.95039654, -0.3537126, 0.738142, -0.506867, -0.9874149, 0.06874793, -0.955206, -0.936132, 0.6671324, -0.8772387, 0.7124393, -0.010531811, 0.62673676, -0.57757074, 0.12590365, -0.07793547, 0.8956068, 0.69592834, 0.76030993, 0.10460735, 0.34124833, 0.31401846, -0.3607183, 0.0681273, -0.27798754, -0.22134492, 0.78741884, 0.36050996, -0.70770305, 0.34152403, 0.23812504, -0.06426768, -0.38491726, -0.65990275, 0.28587395, 0.043161802, 0.504005, 0.54432255, 0.898653, -0.014642683, 0.589085, -0.27994433, -0.90294766, -0.28832898, 0.51169467, -0.20036788, -0.44775778, -0.9897925, -0.8930461, -0.16301163, 0.3556105, 0.14369021, 0.6818595, -0.4194889, 0.8137461, 0.76775473, 0.9622274, 0.9195238, 0.052352533, 0.69621086, 0.0208629, -0.3542214, -0.44618282, -0.7730161, -0.99861115, 0.28841722, -0.5260124, -0.38939226, 0.017389212, -0.35127464, 0.8007277, -0.024686648, 0.27222028, 0.8842282, -0.7814242, 0.07108739, -0.6546474, -0.5707867, -0.9140709, -0.073708415, 0.38643062, 0.32103276, 0.57832825, 0.4425207, 0.78594816, -0.7758406, -0.5343631, 0.21823433, 0.995004, -0.5871246, 0.2845441, -0.05206036, 0.46294105, -0.7609631, 0.5634552, -0.817162, 0.9520594, 0.6768993, 0.72651285, 0.9134158, -0.6079977, -0.61834157, -0.4447445, 0.1645324, -0.34465694, 0.875463, -0.56016946, -0.42965573, 0.557541, 0.37418747, -0.3173671, 0.36887974, -0.72325796, 0.3674574, 0.5818262, 0.07011646, -0.71410805, -0.14021672, -0.5343154, -0.3509165, 0.117378965, -0.23146206, 0.38812575, -0.16390885, -0.5346149, 0.9500282, 0.23546971, -0.21447854, 0.48261172, -0.8164134, -0.56175005, -0.77877945, -0.1971538, -0.8081987, -0.8181476, -0.2330486, -0.72652566, 0.62446856, 0.73888916, 0.4201389, -0.71491545, 0.8866766, -0.16917558, -0.85551816, 0.3242058, -0.77483684, 0.6354212, -0.7207952, 0.9804459, 0.7137793, -0.6086374, 0.6228594, 0.64182097, -0.2215183, -0.1603388, 0.9269453, -0.60684395, -0.039289877, -0.5134482, 0.91162586, 0.34983054, 0.34906352, 0.9153135, -0.27564678, -0.26169604, -0.520745, 0.48670077, -0.55558854, 0.54493725, -0.8457301, 0.17541647, -0.8380958, 0.9242851, 0.13200511, -0.088489175, -0.04435128, -0.42255488, 0.86099833, -0.213271, 0.056556463, -0.51515, 0.62707514, 0.7564495, -0.95398045, -0.41252995, -0.5710086, 0.96668124, -0.05294833, 0.7210566, -0.5272744, -0.8871703, 0.70260197, -0.21475211, 0.25167543, 0.8731558, -0.44369468, 0.5332118, 0.85135406, -0.6610757, -0.089219056, -0.3553993, -0.9268875, 0.62343836, 0.60455257, 0.9924771, -0.93746954, -0.53975517, 0.24463844, -0.95321697, 0.42930615, -0.5193039, -0.011724018, 0.79284656, 0.8595001, 0.055446774, 0.080128655, 0.21919405, 0.9482321, -0.9748555, -0.2829767, 0.9758013, 0.8214084, 0.17721775, -0.5950355, -0.69860375, 0.74053925, -0.47405976, -0.40723735, -0.98611456, -0.8537642, 0.95811224, -0.729964, 0.6782733, 0.08194856, -0.6589881, 0.27285668, -0.09319621, -0.7358061, 0.1797162, 0.7162657, -0.2482686, 0.009183216, 0.43150827, -0.57753134, -0.6944389, 0.33286926, 0.14365931, -0.3775635, -0.90678054, 0.38085622, 0.97631574, 0.5617311, -0.4291989, -0.8629678, 0.08401452, -0.77790684, 0.37092337, 0.8668553, -0.26208326, 0.11665968, 0.6214353, -0.7206937, -0.9824428, -0.12685966, -0.11191103, -0.64002335, 0.4906862, -0.8292735, -0.51741666, -0.9400786, -0.46007717, -0.18850563, -0.39798182, -0.38762403, 0.8850261, -0.91647756, -0.6037898, 0.8450501, 0.077846095, -0.41580096, 0.59321696, 0.21321388, 0.4538864, 0.3612208, 0.050041914, 0.7307744, 0.10766249, 0.5242751, 0.11340401, 0.72832054, -0.98126084, -0.68719566, 0.24457899, 0.20739356, -0.18946072, 0.9260778, -0.8903906, -0.48901132, -0.28935868, 0.51233435, 0.6428621, 0.56519675, 0.8791804, 0.007075479, 0.46268702, -0.97841096, -0.5101026, 0.71293503, -0.024643552, 0.12785241, 0.456213, 0.72305125, 0.056021385, -0.29286286, 0.091872096, 0.6193674, -0.5714464, -0.03278616, 0.37635416, 0.8711477, 0.49038422, -0.10407375, -0.1611521, -0.5761912, 0.4868514, -0.89045155, -0.62221885, 0.4344819, -0.96383274, 0.109405756, 0.7748076, -0.8328032, 0.91679573, -0.5859203, -0.2819445, 0.36708176, 0.97769207, 0.4305527, -0.19418652, -0.5338209, -0.08376348, 0.19418244, 0.9624783, 0.5374426, -0.545752, 0.44071656, -0.6088318, 0.70295393, -0.10376818, -0.6734237, 0.20601125, 0.5302771, 0.7024302, 0.2544151, -0.82877594, -0.95962524, -0.6657541, -0.7961783, -0.6946664, 0.9222854, -0.8658937, 0.2882737, -0.5883949, -0.66296923, 0.38691497, 0.80537444, 0.9493591, 0.77784234, 0.7231564, 0.5832507, -0.9107902, 0.8216254, -0.7936457, -0.5621698, -0.96435076, 0.9671229, -0.3583619, -0.2962363, -0.4626225, 0.17325054, 0.81034786, -0.16811629, 0.018829765, 0.14416194, -0.8090354, -0.43710345, 0.7109607, 0.53693205, -0.3358116, -0.81396496, -0.57514054, 0.74180645, -0.51163256, -0.32221484, 0.11374484, -0.51149017, -0.7036918, 0.541844, -0.8328851, 0.0848241, -0.8777101, -0.03686439, 0.75290376, -0.15071654, 0.9192167, -0.9762149, -0.27675918, -0.7131158, -0.8557857, -0.14975254, 0.20624164, 0.7518751, -0.6241226, 0.5463469, 0.50785375, 0.87349486, -0.48791564, -0.74999326, 0.878993]","[-7.0, 4.0, 4.0, -2.0, -1.0, 4.0, -1.0, 2.0, -2.0, -3.0, -2.0, -1.0, 4.0, -2.0, 4.0, -2.0, -2.0, -3.0, -7.0, -1.0, -8.0, -2.0, -2.0, -7.0, 5.0, 10.0, -7.0, -8.0, 3.0, -7.0, -14.0, 4.0, -2.0, 4.0, 5.0, 3.0, 4.0, -6.0, -7.0, -7.0, 0.0, 5.0, -1.0, -4.0, 1.0, 5.0, 3.0, -7.0, -3.0, -2.0, 5.0, 3.0, 5.0, -1.0, 1.0, 1.0, -1.0, -2.0, 0.0, 4.0, 3.0, 4.0, -2.0, 0.0, 3.0, 4.0, -7.0, -3.0, -2.0, 5.0, 5.0, 2.0, -1.0, 4.0, -6.0, 3.0, 4.0, -3.0, -1.0, 6.0, -2.0, -6.0, -1.0, -7.0, 6.0, 10.0, -1.0, -1.0, 0.0, 4.0, -1.0, 6.0, -1.0, 10.0, -2.0, 4.0, 4.0, -3.0, -6.0, -4.0, -1.0, -1.0, 1.0, -1.0, -8.0, 5.0, 1.0, 3.0, 5.0, -3.0, -2.0, -7.0, -7.0, -2.0, 4.0, -8.0, 5.0, -7.0, 5.0, -3.0, 5.0, 5.0, 0.0, 4.0, -2.0, 3.0, -1.0, 4.0, 3.0, -2.0, 5.0, -1.0, -4.0, -7.0, -2.0, -8.0, -1.0, -8.0, 3.0, 4.0, 4.0, 5.0, -2.0, 4.0, 5.0, 4.0, -8.0, 0.0, -7.0, 4.0, -10.0, 5.0, -3.0, 0.0, -2.0, -7.0, 4.0, 4.0, 4.0, -1.0, -3.0, 4.0, 5.0, 3.0, -13.0, -1.0, -7.0, 4.0, -9.0, -5.0, 3.0, -1.0, 5.0, 3.0, 1.0, -2.0, -2.0, -2.0, -3.0, 0.0, 3.0, -2.0, -2.0, -5.0, -2.0, -2.0, 5.0, -6.0, 2.0, 10.0, -3.0, -2.0, 4.0, -4.0, -2.0, 0.0, -2.0, -8.0, -2.0, -2.0, -8.0, -2.0, -2.0, 5.0, -1.0, 5.0, -1.0, -3.0, -1.0, -1.0, 5.0, 4.0, -2.0, 4.0, 1.0, -8.0, 4.0, 4.0, -2.0, -3.0, 4.0, -7.0, -3.0, -7.0, 8.0, 5.0, 4.0, -3.0, 0.0, 4.0, -7.0, 0.0, 5.0, -2.0, 0.0, 4.0, 4.0, 4.0, -1.0, 3.0, 1.0, -1.0, -6.0, 3.0, 2.0, 0.0, 4.0, -5.0, -2.0, 6.0, -2.0, -5.0, -2.0, -1.0, -2.0, -4.0, -1.0, -4.0, -2.0, -2.0, -2.0, 5.0, -7.0, -2.0, 4.0, -1.0, -7.0, 1.0, -7.0, 5.0, 4.0, -1.0, -1.0, -6.0, 6.0, -1.0, 5.0, -2.0, -4.0, -7.0, 4.0, -1.0, 0.0, -1.0, -1.0, 12.0, 0.0, -1.0, 4.0, 4.0, -1.0, -2.0, -8.0, -2.0, -2.0, -1.0, -7.0, -1.0, -3.0, -2.0, 4.0, 3.0, 4.0, -1.0, -1.0, 0.0, -3.0, 4.0, 0.0, -2.0, 3.0, 3.0, -6.0, -1.0, -2.0, 0.0, 1.0, -1.0, 5.0, 4.0, -1.0, -8.0, -1.0, 3.0, 6.0, 1.0, -7.0, 4.0, 5.0, 2.0, 0.0, 0.0, 4.0, 10.0, -2.0, -2.0, -8.0, -2.0, 4.0, 12.0, -1.0, 5.0, -4.0, -7.0, -7.0, 0.0, -1.0, -1.0, -2.0, -1.0, -3.0, -1.0, -1.0, 4.0, 5.0, 5.0, -2.0, -7.0, 3.0, -1.0, -7.0, -1.0, 4.0, -7.0, 6.0, -1.0, 4.0, 10.0, 4.0, -7.0, -1.0, 13.0, 4.0, 9.0, 0.0, 4.0, -3.0, 4.0, 5.0, 4.0, 4.0, 4.0, -2.0, 5.0, -1.0, 4.0, 3.0, 5.0, 5.0, 3.0, 0.0, 5.0, -2.0, 11.0, 5.0, 11.0, -2.0, -2.0, 5.0, 10.0, -3.0, 5.0, 10.0, -1.0, 3.0, -1.0, -7.0, 5.0, -2.0, 4.0, -2.0, 3.0, 3.0, 1.0, -8.0, -2.0, -10.0, 5.0, 0.0, -3.0, -8.0, 1.0, 8.0, -6.0, 6.0, 3.0, -7.0, -7.0, -2.0, -1.0, -1.0, -1.0, -2.0, -2.0, -2.0, -2.0, -14.0, -7.0, -1.0, -7.0, -1.0, -8.0, 4.0, -2.0, 5.0, -2.0, 5.0, -2.0, 5.0, 4.0, -1.0, -2.0, 4.0, 4.0, 5.0, 4.0, 3.0, -1.0, 4.0, 2.0, 4.0, -2.0, -2.0, -1.0, 9.0, -1.0, -1.0, -8.0, 0.0, 5.0, 2.0, 4.0, -1.0, 5.0, -1.0, 5.0, -8.0, -1.0, -2.0, -1.0, -2.0, -2.0, -10.0, 5.0, -5.0, -1.0, 5.0, 11.0, -1.0, 0.0, -5.0, -2.0, -2.0, 2.0, -2.0, -2.0, -2.0, -8.0, 0.0, -2.0, -7.0, 4.0, -7.0, -1.0, -3.0, -5.0, 4.0, 2.0, -1.0, -2.0, 4.0, 5.0, -4.0, 4.0, -1.0, -1.0, -1.0, 3.0, 9.0, -7.0, 4.0, -2.0, -3.0, -2.0, -2.0, 5.0, 4.0, 4.0, -5.0, -1.0, -1.0, 3.0, -3.0, -1.0, -7.0, 0.0, -1.0, 4.0, 3.0, -5.0, 5.0, 4.0, -1.0, -1.0, 4.0, -3.0, -1.0, -1.0, -2.0, -2.0, 5.0, 5.0, -2.0, 1.0, -7.0, 5.0, 4.0, -2.0, -1.0, 3.0, -1.0, -7.0, -5.0, -2.0, -1.0, -1.0, 5.0, -1.0, 0.0, 4.0, -3.0, -7.0, -2.0, -1.0, -1.0, -2.0, 3.0, -3.0, -2.0, 1.0, 1.0, -3.0, 0.0, -1.0, -8.0, 4.0, 3.0, 1.0, -1.0, -2.0, -7.0, -2.0, -1.0, 3.0, -1.0, -1.0, 5.0, -3.0, 4.0, 0.0, -2.0, -7.0, -7.0, 3.0, 5.0, -1.0, 11.0, 4.0, -1.0, 4.0, -2.0, 0.0, 10.0, 0.0, -7.0, -2.0, -8.0, -2.0, 7.0, -1.0, -1.0, 4.0, 6.0, 5.0, 4.0, 2.0, -1.0, -2.0, 10.0, -4.0, -1.0, -2.0, 4.0, -1.0, -1.0, 0.0, 5.0, -1.0, 2.0, -1.0, -2.0, -1.0, -6.0, 2.0, -1.0, -2.0, 1.0, -2.0, 3.0, -2.0, -2.0, 6.0, -2.0, -2.0, 1.0, -2.0, -2.0, -6.0, 4.0, 1.0, 5.0, -3.0, -3.0, 5.0, 4.0, -6.0, -2.0, -1.0, -1.0, 0.0, -1.0, -3.0, 3.0, 3.0, 1.0, 0.0, 5.0, 1.0, -1.0, -1.0, -2.0, -1.0, 5.0, -3.0, 5.0, -1.0, -12.0, -2.0, -1.0, -1.0, -5.0, -7.0, -1.0, -2.0, -3.0, 6.0, 8.0, -3.0, 0.0, 4.0, 3.0, 5.0, -1.0, 3.0, 4.0, -1.0, 4.0, -1.0, 5.0, -15.0, -7.0, -1.0, -2.0, 1.0, -7.0, 5.0, -1.0, 1.0, -2.0, 6.0, 0.0, -4.0, -1.0, -2.0, 2.0, -2.0, 0.0, -6.0, -8.0, -2.0, 4.0, 4.0, -2.0, 1.0, 1.0, -5.0, 4.0, -1.0, -3.0, 10.0, -2.0, 5.0, 3.0, -1.0, 3.0, 5.0, 4.0, -2.0, -3.0, 4.0, 4.0, -1.0, 3.0, 10.0, -1.0, 2.0, -2.0, 4.0, -2.0, 5.0, -6.0, 5.0, -1.0, -5.0, 4.0, 0.0, 5.0, 0.0, -2.0, -2.0, -8.0, -2.0, -1.0, 5.0, -1.0, 5.0, -2.0, -1.0, -2.0, -2.0, -2.0, -2.0, 10.0, 4.0, 3.0, 3.0, 4.0, 10.0, 4.0, 4.0, -2.0, 0.0, -2.0, -13.0, 4.0, -1.0, 9.0, -2.0, 4.0, 3.0, 4.0, -2.0, -2.0, 5.0, -3.0, -7.0, -2.0, -2.0, -2.0, -7.0, -1.0, -2.0, 0.0, 10.0, 9.0, -1.0, 4.0, -2.0, -2.0, -7.0, 5.0, 11.0, 4.0, 5.0, -1.0, -8.0, 4.0, -2.0, -5.0, 4.0, -1.0, -7.0, -1.0, 4.0, 0.0, -1.0, -1.0, -8.0, -2.0, -1.0, 5.0, 4.0, -9.0, -4.0, -1.0, -14.0, 2.0, -12.0, -2.0, -7.0, 6.0, -1.0, 5.0, -8.0, -7.0, -1.0, -2.0, -4.0, 3.0, -2.0, -7.0, 0.0, 4.0, 5.0, 5.0, 9.0, 5.0, 2.0, -2.0, -1.0, 7.0, -1.0, 3.0, -1.0, 4.0, 4.0, -1.0, -2.0, 5.0, 4.0, -2.0, -2.0, -1.0, 4.0, -1.0, 0.0, -4.0, 3.0, -8.0, 4.0, -5.0, -1.0, -7.0, -2.0, -7.0, -1.0, 3.0, 5.0, -2.0, 5.0, -9.0, 5.0, -2.0, 0.0, -1.0, -5.0, -1.0, -1.0, -14.0, 0.0, 5.0, 11.0, -2.0, 5.0, 5.0, 4.0, 4.0, -1.0, -1.0, 4.0, -2.0, -1.0, -5.0, 4.0, 5.0, 4.0, 2.0, -7.0, -2.0, -2.0, 5.0, 6.0, -1.0, 4.0, 0.0, 5.0, 5.0, -7.0, -6.0, 6.0, 3.0, -7.0, -7.0, -3.0, -7.0, -1.0, 5.0, -6.0, -13.0, 10.0, -1.0, 6.0, 10.0, -1.0, 3.0, -2.0, 0.0, 1.0, -2.0, -3.0, -2.0, 5.0, 5.0, -3.0, -2.0, -6.0, 15.0, 5.0, 3.0, -4.0, 5.0, 0.0, -1.0, 5.0, -2.0, 4.0, -1.0, 5.0, 4.0, -1.0, 4.0, -1.0, 11.0, -2.0, -8.0, -1.0, 8.0, 5.0, 9.0, 2.0, -6.0, 4.0, 3.0, -8.0, -1.0, 11.0, -2.0, -2.0, -20.0, -2.0]",8.192839107609505,0.0032727718353271,0.0,0.0,0
95,95,"[0.9831409, 0.8061118, 0.8397565, -0.22035629, 0.21429297, -0.86271524, 0.84587884, -0.5357862, 0.27369905, 0.58143765, 0.6629923, -0.45462212, 0.15002547, -0.22758818, -0.9912801, 0.50449365, -0.23990211, -0.30938357, -0.86635464, 0.09928588, -0.6167297, -0.42310184, -0.6688247, -0.9733718, 0.7713103, -0.83854294, 0.1329795, -0.072892055, 0.35135368, 0.75187767, 0.9877055, 0.63956946, -0.46764004, 0.119019315, -0.9840665, -0.047916263, 0.50807375, 0.865881, 0.118971445, 0.95168674, -0.15784286, -0.4444638, -0.9953682, 0.79565644, -0.1484323, -0.4424237, -0.37667227, 0.13247974, 0.9713801, -0.62487817, 0.7219451, 0.58192295, -0.33364788, 0.38075495, 0.4048742, 0.30105513, -0.608543, -0.08919455, -0.18292569, -0.7050884, -0.71826905, 0.14168124, -0.12236984, -0.5811937, -0.6161013, -0.859535, -0.27399835, -0.39047444, -0.36825788, 0.0092691155, 0.46833143, 0.64121133, 0.89891434, -0.103763424, -0.24450764, -0.9509402, -0.015766043, -0.7316562, -0.90419763, -0.4920333, 0.022743154, 0.11179635, 0.6897499, -0.39222246, -0.5672839, 0.22653829, 0.9359664, 0.50032663, -0.12470372, 0.12419099, 0.2626804, 0.22171874, -0.3439242, 0.7783586, -0.98845303, -0.865115, -0.5989147, 0.5125512, -0.056827188, 0.18568338, -0.032504257, 0.22859682, 0.7479499, 0.9885118, -0.3418605, -0.55248153, -0.63297623, -0.79223573, -0.5382807, 0.7969039, -0.4328963, -0.11020828, 0.3260631, -0.39618233, 0.503727, -0.4500793, -0.73042786, 0.5282258, -0.2822239, -0.73082453, 0.98295635, -0.8436252, 0.075309284, 0.8356297, -0.10459998, 0.17245986, -0.9510548, 0.9244506, -0.67737854, 0.34326655, -0.78483427, 0.92420876, 0.15299323, 0.7054492, 0.2601214, -0.7951864, 0.8907479, -0.15811333, 0.8566827, -0.88828766, 0.12331472, -0.23987146, -0.20001587, 0.8744056, -0.4530712, 0.8078363, -0.13579793, 0.7264986, -0.55353874, -0.35711148, -0.39509824, -0.9090102, -0.7841901, -0.42712235, 0.58794194, -0.5732461, 0.072407775, -0.62210107, 0.2829616, -0.38503647, 0.07440437, -0.71557885, 0.6968094, -0.5565446, -0.7788576, 0.45813432, 0.11686149, 0.93820345, 0.75529706, 0.53323984, 0.97592795, 0.9160153, 0.9215172, 0.3629448, 0.6101889, 0.9922625, -0.7729339, -0.5445889, 0.9313659, 0.1754258, 0.4522817, 0.72618383, -0.8041302, -0.09997072, 0.47632048, 0.5914423, 0.32742518, 0.33198422, 0.05589394, -0.4165757, 0.882441, -0.65086746, 0.29932594, 0.1778536, 0.7929211, -0.43949905, 0.054265037, 0.40306213, -0.7807721, 0.81048566, 0.42534935, 0.0011566991, -0.07159545, 0.64223415, -0.9353586, 0.56231487, -0.6966188, 0.19118719, 0.60410935, 0.8099431, -0.89616656, 0.38376692, -0.37475988, -0.8136256, -0.32656908, -0.24010214, 0.08924736, 0.5013154, 0.0740881, -0.7711633, 0.2548794, 0.8194441, 0.2816809, 0.5559471, 0.06922512, 0.74424696, -0.32552794, -0.77296305, -0.54395497, -0.8450562, 0.4825061, -0.9559642, -0.27960375, 0.7333515, -0.522029, -0.9522255, 0.9502551, -0.005771639, -0.44216847, 0.05536561, 0.033196628, -0.89704883, -0.45925808, 0.017321093, 0.8504329, 0.9604273, -0.36594447, 0.015076312, 0.26073733, -0.28966317, -0.12583946, -0.86772275, 0.09945189, 0.5347012, -0.98689944, -0.30776927, 0.9676763, -0.3957155, 0.28308824, -0.86087656, 0.43995562, 0.087428935, -0.10908011, -0.073280886, -0.6985396, -0.4663139, -0.13864106, 0.70782256, 0.33771944, 0.98877317, 0.3190465, 0.30102655, -0.3390958, 0.3214937, 0.14376166, 0.8155945, 0.51705843, -0.09054849, 0.6262676, -0.31514695, 0.71352, 0.57683074, 0.1386594, 0.43574166, 0.18428159, -0.10713973, -0.63557327, -0.16297588, 0.14942749, 0.8238734, 0.18081188, -0.7502777, 0.8523299, 0.010149874, 0.5580529, 0.6014046, 0.29389971, 0.50985587, 0.88357717, 0.3224139, -0.89949167, -0.5680386, -0.9115421, 0.11024961, -0.6409552, 0.4022422, -0.20014939, 0.6871156, -0.7480778, 0.39077425, -0.60599536, 0.5471321, -0.28663206, 0.13661523, -0.09335535, -0.8719457, -0.8115671, 0.37656525, -0.2029917, -0.93071085, 0.66534644, 0.6058659, -0.4951964, -0.7028355, 0.063403346, 0.8342893, -0.40680215, -0.057184223, -0.42693835, 0.12878238, -0.23470426, -0.18278764, -0.80349123, -0.40664306, -0.5214956, -0.30678523, 0.5457146, 0.3538416, 0.8773635, -0.6878886, -0.4534548, -0.9345326, -0.7413868, -0.5371775, 0.7354649, -0.8358311, 0.81888795, 0.8408572, 0.52363324, -0.7797578, 0.16320537, 0.107552014, -0.49766603, -0.5311125, 0.8548953, 0.25322688, 0.037775546, -0.3576306, -0.76608264, -0.59667844, -0.59045064, -0.2595389, -0.67172664, -0.5314657, 0.19753899, -0.8508895, -0.47494185, 0.14658783, 0.66916126, 0.45899096, -0.42236304, 0.107379116, -0.61355543, -0.7536972, -0.7796754, -0.9895111, 0.018700983, 0.17094527, 0.8419182, -0.18882501, -0.8886849, 0.35875782, -0.87024665, 0.4481806, 0.13810559, -0.93039954, -0.5346589, -0.6677322, -0.7833244, -0.01428735, -0.36953118, -0.89005125, 0.8924784, 0.5367994, -0.9683515, -0.26221874, -0.9977732, -0.52032006, -0.15520202, 0.35142052, 0.07764921, 0.6252826, 0.2399079, -0.5810914, 0.6748952, -0.43089053, 0.040927574, -0.517372, -0.79622525, 0.30077338, -0.4882871, 0.15406914, 0.91745716, 0.6068967, -0.09823308, 0.50236845, -0.81324995, 0.3683222, 0.0091815, 0.16556254, -0.96732885, 0.43195862, 0.21303661, -0.95889807, -0.2748343, 0.66092855, 0.7730327, 0.89970976, 0.9593008, 0.9557333, -0.87041706, 0.019760177, 0.1680663, 0.07738457, -0.7340323, 0.48421013, 0.90164256, 0.38347036, 0.6872255, -0.32029116, 0.85813206, 0.84276694, -0.0076215193, -0.59793884, 0.12989606, -0.3075601, 0.26966333, 0.27771688, 0.6017482, -0.5730992, 0.638452, -0.71899843, -0.20363347, 0.12745124, -0.8994516, -0.93858844, 0.9199994, 0.8570082, 0.99655056, -0.2913686, -0.62182146, -0.0035842126, 0.7375615, -0.8445485, 0.8206272, -0.44327912, -0.24662563, 0.061388787, 0.8724474, -0.727263, -0.74522245, -0.674019, -0.14532134, 0.058562886, -0.17227563, -0.40308198, 0.7477532, 0.015072337, -0.55899745, 0.91802585, 0.010724936, 0.79258484, 0.48445055, -0.8168506, 0.0020973932, -0.7927359, 0.896788, -0.10767736, -0.27996445, -0.110277764, -0.51922596, 0.65735936, -0.30192924, -0.24735744, 0.8119218, 0.24264297, 0.12749341, 0.7140913, 0.20229708, 0.20696512, 0.65252227, 0.31714293, 0.6874478, -0.29751128, -0.22935939, 0.6203365, -0.118209906, -0.38910767, 0.8764381, -0.1958536, -0.43417034, 0.53347325, -0.96371627, -0.15165952, -0.0625395, -0.050041836, 0.16736443, 0.7054739, -0.34352288, -0.836518, -0.15882882, 0.8224869, 0.043130748, 0.59807914, -0.22583179, -0.38281286, 0.9114212, -0.9082798, 0.8872565, 0.06745209, -0.7354483, 0.053363636, 0.5973806, -0.4630961, -0.7887933, -0.5321004, 0.9077229, 0.9279679, 0.73630416, -0.24894725, 0.54731727, 0.9968943, 0.12633711, -0.15072294, 0.23636642, 0.5320506, -0.052145243, -0.16409142, 0.7353963, -0.4629652, -0.103061415, 0.45794097, 0.24711873, 0.05144067, 0.43073884, -0.54219455, 0.8000741, 0.18540907, 0.92494935, -0.32687047, 0.36894193, 0.31191775, 0.93665904, -0.7377252, 0.6189731, -0.88460666, 0.33999494, -0.57371056, -0.33086562, -0.82352257, 0.019175781, 0.22414452, -0.94682264, 0.35413936, 0.31656906, 0.27650678, -0.7778019, 0.5537639, -0.99891925, -0.74079543, 0.76138353, 0.89579785, -0.91437614, 0.4046416, -0.73191345, -0.6495064, -0.15181023, -0.24955218, 0.77173007, -0.66673756, 0.14432476, 0.4843486, 0.738814, 0.8336542, -0.8645279, -0.4228551, -0.9918199, 0.79172957, 0.30138496, -0.024528293, -0.1794876, 0.317118, -0.18982802, 0.31018445, 0.13531345, 0.12678696, -0.9609455, -0.9757565, -0.3760459, 0.5738544, 0.5670746, 0.56379104, 0.56554186, 0.46520638, -0.10952092, 0.4434754, 0.36677456, 0.38181177, 0.6188148, -0.7083552, 0.1985617, -0.85600483, 0.5890079, 0.13844769, -0.09042916, -0.8651947, -0.87238616, -0.26695582, 0.17226136, -0.1815923, 0.45304763, 0.9532722, -0.6562584, 0.15915325, 0.48647553, 0.52847964, -0.93479055, 0.11161138, 0.7818857, 0.2615526, -0.4875442, 0.6397089, -0.5042678, -0.48439905, -0.25775185, -0.9591658, -0.21897265, 0.5219799, 0.01698574, 0.90022343, 0.9923674, 0.44742918, 0.1031685, -0.35800916, -0.7931726, -0.35198525, 0.18932326, -0.52008116, -0.2703744, -0.25137678, -0.701909, -0.14597507, -0.50777185, -0.56550413, -0.10400282, 0.4186079, 0.95935154, 0.5454508, 0.4240003, -0.1854526, 0.7032022, 0.2139965, 0.20699671, -0.11217423, -0.13106999, -0.933544, -0.97776496, 0.33550733, -0.47929662, -0.6745907, -0.4043431, -0.91890067, 0.9400819, -0.41285405, 0.36585253, -0.3011451, -0.9335329, -0.47505054, -0.36753213, 0.50360274, 0.51858646, -0.5446547, -0.74175024, -0.6185799, -0.3072469, -0.0856229, -0.76153004, -0.843469, 0.17014202, 0.61495686, 0.78155917, -0.076681934, -0.3154907, 0.7056166, -0.91646516, 0.95173174, -0.36006674, 0.23792861, 0.008574072, 0.95769733, 0.5773606, 0.22800598, 0.76361275, 0.391419, -0.878656, -0.9322108, 0.4864827, 0.5562411, 0.11512391, 0.29640135, 0.41387025, -0.35077578, -0.340054, 0.23701538, 0.9601261, -0.44066253, -0.5552814, 0.45571628, 0.28865492, -0.41920865, -0.38758218, 0.6425338, -0.5702018, 0.67652625, 0.7285529, -0.6879296, -0.26186445, 0.8275337, -0.7436662, -0.96414506, 0.05178025, -0.36274004, -0.58045447, 0.0358888, 0.80349433, 0.81815976, -0.33147845, -0.60989547, 0.60867244, -0.18902424, 0.6816725, -0.78252196, 0.89740974, -0.887994, -0.593179, -0.35960755, -0.09984609, -0.08090576, 0.25247476, -0.8935524, 0.3877359, 0.28340945, -0.9067834, 0.42055985, -0.5654617, 0.3236725, 0.6786574, 0.16604818, -0.6223297, -0.79444295, 0.28519008, -0.9054843, -0.9287104, 0.3754783, -0.02741397, -0.4944096, 0.69544077, 0.16036658, -0.48677012, -0.9573113, 0.6494491, -0.87658346, -0.45972252, -0.49084595, 0.6228039, -0.81402373, 0.9740338, -0.31085184, 0.75449014, 0.22930816, 0.39599225, -0.4913322, -0.74053437, -0.13803731, 0.8621883, -0.38826907, -0.023897244, 0.5782076, 0.42657852, 0.65750146, 0.4651046, 0.07968025, -0.12615469, 0.8361777, -0.654702, 0.0874431, -0.034110192, -0.9715808, -0.560701, -0.98861146, -0.9730396, 0.83697224, 0.092305094, 0.36666682, -0.92926264, 0.2432869, -0.24903484, -0.6593453, 0.59236884, -0.6970484, -0.15597539, -0.5475902, -0.73089486, -0.73384094, -0.45805392, -0.34072623, -0.32294652, 0.5075068, -0.9731961, -0.57699203, 0.031849448, 0.7693467, -0.86129975, -0.5171235, 0.39653215, 0.83083284, 0.5896859, -0.90626645, -0.3446666, 0.015278438, -0.6405691, -0.08212821, -0.91174316, -0.16192971, 0.14199267, 0.4630892, 0.85555124, 0.70632845, -0.8452327, 0.6598969, -0.110399954, -0.04976747, 0.16715012, 0.38810647, -0.7727333, 0.73703295, -0.55814135, -0.5123029, 0.4165962, 0.24344383, -0.8513047, 0.02219454, 0.7980722, 0.4328267, 0.7916472, 0.97470134, 0.30431765, -0.49468055, 0.5233987, -0.12372382, 0.9344749, 0.04899252, 0.6431562, 0.5481358, -0.7071897, 0.7962617, -0.8244332, 0.7158581, -0.93766063, 0.1965721, 0.523565, -0.29565322, -0.54162353, -0.06674615, 0.863469, 0.99202883, -0.60580397, -0.65705055, -0.1749159, -0.6614684, 0.58044493, 0.5651161, 0.0062624956, -0.2738407, -0.69233084, 0.080905065, 0.76283616, 0.62311494, 0.563255, -0.6797995, 0.23565058, -0.99100566, -0.64908135, -0.6786368, 0.70403415, -0.13976738, 0.22626182, 0.1573314, 0.4901059, 0.7423842, -0.56157696, -0.16123487, -0.6364548, 0.28097966, 0.1078586, -0.07116834, -0.6540648, -0.41156137, 0.5514256, 0.06228869, -0.1618291, -0.7329205, -0.006662141, 0.5329231, 0.5637736, -0.29129234, -0.880235, -0.039593607, 0.898334, -0.014116742, -0.37820417, -0.7188065, 0.88356596, 0.0045728087, -0.9320969, 0.53793705, -0.55770624, -0.70006657, 0.5762821, -0.5377636, 0.73129606, 0.87529963, 0.57144916, 0.5425133, -0.9609807, 0.63896674, -0.15932143, 0.5496232, 0.85801244, 0.29767686, -0.07660688, -0.24433091, -0.1337748, 0.7924692, 0.31658906, -0.41398418, 0.7748162, 0.2949506, -0.4639521, -0.78345966, 0.9832262, -0.3935977, -0.072021715, -0.8423956, 0.081449226, -0.5193157, 0.37739977, -0.667382, -0.43045068, 0.5945297, 0.7854107, -0.9837398, 0.8067096, -0.8635056, -0.22162946, 0.30451736, 0.7798034, 0.097102985, 0.2536496, 0.56270546, 0.49470556, 0.39410704, -0.09954117, -0.1350587, 0.48798528, 0.5382374, -0.56717944, 0.7390129, -0.56789416, 0.25839093, -0.7228918, 0.3915513, 0.057015978, 0.5484971, 0.88906056, 0.935979, -0.7265741, -0.89576447, 0.59160817, -0.92264086]","[-7.0, 4.0, 4.0, -2.0, -1.0, 4.0, -1.0, 2.0, -2.0, -3.0, -2.0, -1.0, 4.0, -2.0, 4.0, -2.0, -2.0, -3.0, -7.0, -1.0, -8.0, -2.0, -2.0, -7.0, 5.0, 10.0, -7.0, -8.0, 3.0, -7.0, -14.0, 4.0, -2.0, 4.0, 5.0, 3.0, 4.0, -6.0, -7.0, -7.0, 0.0, 5.0, -1.0, -4.0, 1.0, 5.0, 3.0, -7.0, -3.0, -2.0, 5.0, 3.0, 5.0, -1.0, 1.0, 1.0, -1.0, -2.0, 0.0, 4.0, 3.0, 4.0, -2.0, 0.0, 3.0, 4.0, -7.0, -3.0, -2.0, 5.0, 5.0, 2.0, -1.0, 4.0, -6.0, 3.0, 4.0, -3.0, -1.0, 6.0, -2.0, -6.0, -1.0, -7.0, 6.0, 10.0, -1.0, -1.0, 0.0, 4.0, -1.0, 6.0, -1.0, 10.0, -2.0, 4.0, 4.0, -3.0, -6.0, -4.0, -1.0, -1.0, 1.0, -1.0, -8.0, 5.0, 1.0, 3.0, 5.0, -3.0, -2.0, -7.0, -7.0, -2.0, 4.0, -8.0, 5.0, -7.0, 5.0, -3.0, 5.0, 5.0, 0.0, 4.0, -2.0, 3.0, -1.0, 4.0, 3.0, -2.0, 5.0, -1.0, -4.0, -7.0, -2.0, -8.0, -1.0, -8.0, 3.0, 4.0, 4.0, 5.0, -2.0, 4.0, 5.0, 4.0, -8.0, 0.0, -7.0, 4.0, -10.0, 5.0, -3.0, 0.0, -2.0, -7.0, 4.0, 4.0, 4.0, -1.0, -3.0, 4.0, 5.0, 3.0, -13.0, -1.0, -7.0, 4.0, -9.0, -5.0, 3.0, -1.0, 5.0, 3.0, 1.0, -2.0, -2.0, -2.0, -3.0, 0.0, 3.0, -2.0, -2.0, -5.0, -2.0, -2.0, 5.0, -6.0, 2.0, 10.0, -3.0, -2.0, 4.0, -4.0, -2.0, 0.0, -2.0, -8.0, -2.0, -2.0, -8.0, -2.0, -2.0, 5.0, -1.0, 5.0, -1.0, -3.0, -1.0, -1.0, 5.0, 4.0, -2.0, 4.0, 1.0, -8.0, 4.0, 4.0, -2.0, -3.0, 4.0, -7.0, -3.0, -7.0, 8.0, 5.0, 4.0, -3.0, 0.0, 4.0, -7.0, 0.0, 5.0, -2.0, 0.0, 4.0, 4.0, 4.0, -1.0, 3.0, 1.0, -1.0, -6.0, 3.0, 2.0, 0.0, 4.0, -5.0, -2.0, 6.0, -2.0, -5.0, -2.0, -1.0, -2.0, -4.0, -1.0, -4.0, -2.0, -2.0, -2.0, 5.0, -7.0, -2.0, 4.0, -1.0, -7.0, 1.0, -7.0, 5.0, 4.0, -1.0, -1.0, -6.0, 6.0, -1.0, 5.0, -2.0, -4.0, -7.0, 4.0, -1.0, 0.0, -1.0, -1.0, 12.0, 0.0, -1.0, 4.0, 4.0, -1.0, -2.0, -8.0, -2.0, -2.0, -1.0, -7.0, -1.0, -3.0, -2.0, 4.0, 3.0, 4.0, -1.0, -1.0, 0.0, -3.0, 4.0, 0.0, -2.0, 3.0, 3.0, -6.0, -1.0, -2.0, 0.0, 1.0, -1.0, 5.0, 4.0, -1.0, -8.0, -1.0, 3.0, 6.0, 1.0, -7.0, 4.0, 5.0, 2.0, 0.0, 0.0, 4.0, 10.0, -2.0, -2.0, -8.0, -2.0, 4.0, 12.0, -1.0, 5.0, -4.0, -7.0, -7.0, 0.0, -1.0, -1.0, -2.0, -1.0, -3.0, -1.0, -1.0, 4.0, 5.0, 5.0, -2.0, -7.0, 3.0, -1.0, -7.0, -1.0, 4.0, -7.0, 6.0, -1.0, 4.0, 10.0, 4.0, -7.0, -1.0, 13.0, 4.0, 9.0, 0.0, 4.0, -3.0, 4.0, 5.0, 4.0, 4.0, 4.0, -2.0, 5.0, -1.0, 4.0, 3.0, 5.0, 5.0, 3.0, 0.0, 5.0, -2.0, 11.0, 5.0, 11.0, -2.0, -2.0, 5.0, 10.0, -3.0, 5.0, 10.0, -1.0, 3.0, -1.0, -7.0, 5.0, -2.0, 4.0, -2.0, 3.0, 3.0, 1.0, -8.0, -2.0, -10.0, 5.0, 0.0, -3.0, -8.0, 1.0, 8.0, -6.0, 6.0, 3.0, -7.0, -7.0, -2.0, -1.0, -1.0, -1.0, -2.0, -2.0, -2.0, -2.0, -14.0, -7.0, -1.0, -7.0, -1.0, -8.0, 4.0, -2.0, 5.0, -2.0, 5.0, -2.0, 5.0, 4.0, -1.0, -2.0, 4.0, 4.0, 5.0, 4.0, 3.0, -1.0, 4.0, 2.0, 4.0, -2.0, -2.0, -1.0, 9.0, -1.0, -1.0, -8.0, 0.0, 5.0, 2.0, 4.0, -1.0, 5.0, -1.0, 5.0, -8.0, -1.0, -2.0, -1.0, -2.0, -2.0, -10.0, 5.0, -5.0, -1.0, 5.0, 11.0, -1.0, 0.0, -5.0, -2.0, -2.0, 2.0, -2.0, -2.0, -2.0, -8.0, 0.0, -2.0, -7.0, 4.0, -7.0, -1.0, -3.0, -5.0, 4.0, 2.0, -1.0, -2.0, 4.0, 5.0, -4.0, 4.0, -1.0, -1.0, -1.0, 3.0, 9.0, -7.0, 4.0, -2.0, -3.0, -2.0, -2.0, 5.0, 4.0, 4.0, -5.0, -1.0, -1.0, 3.0, -3.0, -1.0, -7.0, 0.0, -1.0, 4.0, 3.0, -5.0, 5.0, 4.0, -1.0, -1.0, 4.0, -3.0, -1.0, -1.0, -2.0, -2.0, 5.0, 5.0, -2.0, 1.0, -7.0, 5.0, 4.0, -2.0, -1.0, 3.0, -1.0, -7.0, -5.0, -2.0, -1.0, -1.0, 5.0, -1.0, 0.0, 4.0, -3.0, -7.0, -2.0, -1.0, -1.0, -2.0, 3.0, -3.0, -2.0, 1.0, 1.0, -3.0, 0.0, -1.0, -8.0, 4.0, 3.0, 1.0, -1.0, -2.0, -7.0, -2.0, -1.0, 3.0, -1.0, -1.0, 5.0, -3.0, 4.0, 0.0, -2.0, -7.0, -7.0, 3.0, 5.0, -1.0, 11.0, 4.0, -1.0, 4.0, -2.0, 0.0, 10.0, 0.0, -7.0, -2.0, -8.0, -2.0, 7.0, -1.0, -1.0, 4.0, 6.0, 5.0, 4.0, 2.0, -1.0, -2.0, 10.0, -4.0, -1.0, -2.0, 4.0, -1.0, -1.0, 0.0, 5.0, -1.0, 2.0, -1.0, -2.0, -1.0, -6.0, 2.0, -1.0, -2.0, 1.0, -2.0, 3.0, -2.0, -2.0, 6.0, -2.0, -2.0, 1.0, -2.0, -2.0, -6.0, 4.0, 1.0, 5.0, -3.0, -3.0, 5.0, 4.0, -6.0, -2.0, -1.0, -1.0, 0.0, -1.0, -3.0, 3.0, 3.0, 1.0, 0.0, 5.0, 1.0, -1.0, -1.0, -2.0, -1.0, 5.0, -3.0, 5.0, -1.0, -12.0, -2.0, -1.0, -1.0, -5.0, -7.0, -1.0, -2.0, -3.0, 6.0, 8.0, -3.0, 0.0, 4.0, 3.0, 5.0, -1.0, 3.0, 4.0, -1.0, 4.0, -1.0, 5.0, -15.0, -7.0, -1.0, -2.0, 1.0, -7.0, 5.0, -1.0, 1.0, -2.0, 6.0, 0.0, -4.0, -1.0, -2.0, 2.0, -2.0, 0.0, -6.0, -8.0, -2.0, 4.0, 4.0, -2.0, 1.0, 1.0, -5.0, 4.0, -1.0, -3.0, 10.0, -2.0, 5.0, 3.0, -1.0, 3.0, 5.0, 4.0, -2.0, -3.0, 4.0, 4.0, -1.0, 3.0, 10.0, -1.0, 2.0, -2.0, 4.0, -2.0, 5.0, -6.0, 5.0, -1.0, -5.0, 4.0, 0.0, 5.0, 0.0, -2.0, -2.0, -8.0, -2.0, -1.0, 5.0, -1.0, 5.0, -2.0, -1.0, -2.0, -2.0, -2.0, -2.0, 10.0, 4.0, 3.0, 3.0, 4.0, 10.0, 4.0, 4.0, -2.0, 0.0, -2.0, -13.0, 4.0, -1.0, 9.0, -2.0, 4.0, 3.0, 4.0, -2.0, -2.0, 5.0, -3.0, -7.0, -2.0, -2.0, -2.0, -7.0, -1.0, -2.0, 0.0, 10.0, 9.0, -1.0, 4.0, -2.0, -2.0, -7.0, 5.0, 11.0, 4.0, 5.0, -1.0, -8.0, 4.0, -2.0, -5.0, 4.0, -1.0, -7.0, -1.0, 4.0, 0.0, -1.0, -1.0, -8.0, -2.0, -1.0, 5.0, 4.0, -9.0, -4.0, -1.0, -14.0, 2.0, -12.0, -2.0, -7.0, 6.0, -1.0, 5.0, -8.0, -7.0, -1.0, -2.0, -4.0, 3.0, -2.0, -7.0, 0.0, 4.0, 5.0, 5.0, 9.0, 5.0, 2.0, -2.0, -1.0, 7.0, -1.0, 3.0, -1.0, 4.0, 4.0, -1.0, -2.0, 5.0, 4.0, -2.0, -2.0, -1.0, 4.0, -1.0, 0.0, -4.0, 3.0, -8.0, 4.0, -5.0, -1.0, -7.0, -2.0, -7.0, -1.0, 3.0, 5.0, -2.0, 5.0, -9.0, 5.0, -2.0, 0.0, -1.0, -5.0, -1.0, -1.0, -14.0, 0.0, 5.0, 11.0, -2.0, 5.0, 5.0, 4.0, 4.0, -1.0, -1.0, 4.0, -2.0, -1.0, -5.0, 4.0, 5.0, 4.0, 2.0, -7.0, -2.0, -2.0, 5.0, 6.0, -1.0, 4.0, 0.0, 5.0, 5.0, -7.0, -6.0, 6.0, 3.0, -7.0, -7.0, -3.0, -7.0, -1.0, 5.0, -6.0, -13.0, 10.0, -1.0, 6.0, 10.0, -1.0, 3.0, -2.0, 0.0, 1.0, -2.0, -3.0, -2.0, 5.0, 5.0, -3.0, -2.0, -6.0, 15.0, 5.0, 3.0, -4.0, 5.0, 0.0, -1.0, 5.0, -2.0, 4.0, -1.0, 5.0, 4.0, -1.0, 4.0, -1.0, 11.0, -2.0, -8.0, -1.0, 8.0, 5.0, 9.0, 2.0, -6.0, 4.0, 3.0, -8.0, -1.0, 11.0, -2.0, -2.0, -20.0, -2.0]",8.192839107609505,0.0214152336120605,0.0,0.0,0
96,96,"[0.08041106, -0.4913324, -0.47079727, 0.1689647, -0.12342054, 0.85387397, 0.29917395, 0.013543679, 0.43244419, 0.45017433, 0.3771237, -0.09777235, 0.2246986, -0.038346678, 0.90112185, -0.10802549, -0.33018613, 0.5431796, 0.4690086, -0.0056350054, -0.06631382, -0.113301806, -0.96974176, -0.6098507, 0.49198452, -0.41219732, 0.71895194, -0.3290694, 0.7357367, -0.6945678, 0.91419375, -0.29765174, -0.11878712, -0.79196346, -0.10870307, -0.7886507, -0.1575467, 0.9193336, -0.7407404, 0.14008054, 0.7078572, 0.510051, -0.9427061, -0.48620346, 0.786576, -0.9684197, -0.35348132, 0.9408092, -0.98054177, -0.1440867, 0.17018501, -0.6855751, 0.9926093, 0.4918257, 0.09993054, -0.48486784, 0.3599644, -0.8717432, 0.340317, -0.8281486, 0.39964437, 0.06604561, 0.3751538, -0.5964794, 0.9468716, -0.6041991, 0.49729827, -0.82045656, -0.7838132, -0.18090862, 0.7048401, -0.37020558, 0.9426013, -0.4939517, 0.88518244, 0.67886126, 0.6725312, 0.32083336, 0.0007109611, -0.52013564, 0.086315125, 0.8948845, 0.3524254, -0.095606945, 0.97644174, -0.8016074, -0.15072647, -0.22390577, 0.10793213, 0.46020794, 0.9252275, 0.81204873, -0.9931703, -0.31690618, 0.5206542, 0.5232649, -0.021336688, -0.8944453, -0.12295948, -0.20943631, 0.103375405, -0.5820602, 0.7880833, 0.89279014, 0.40501884, -0.32765827, 0.44681445, -0.22353394, 0.24114741, 0.12321898, -0.7685069, 0.02987633, 0.8539117, -0.769363, -0.22231211, 0.087206304, 0.20867717, 0.35541672, 0.082519144, 0.76578623, -0.93195873, 0.39884, 0.37012985, 0.6767337, 0.56801933, -0.47135207, -0.8794005, 0.7500627, 0.18853691, 0.79024, -0.33954015, 0.36296827, 0.6314571, 0.13887396, -0.7944005, -0.9932952, -0.5048932, 0.95531476, -0.24298477, -0.03388533, -0.4254231, -0.47749808, 0.27487534, -0.8153302, 0.91659415, 0.5475788, 0.38582796, -0.7488113, -0.6084363, -0.40015036, 0.2997307, -0.34724823, 0.093385905, 0.6356668, -0.30242017, -0.240943, -0.19862796, -0.111558564, 0.8407678, 0.42642444, -0.691622, -0.21696284, 0.4650622, 0.6598124, 0.13326247, -0.5919913, 0.5448592, 0.6167391, -0.09818629, -0.60592467, 0.39880064, -0.64742357, 0.7319094, -0.20710626, -0.10908094, -0.014545422, 0.67460865, 0.52900755, 0.14612946, 0.99832696, 0.9180053, 0.058697883, 0.4269643, 0.49306458, 0.2151089, 0.9272786, -0.953762, 0.0075656413, -0.36230788, -0.45393193, 0.87467813, 0.3156941, 0.22041672, 0.95351, -0.22147007, -0.9694851, 0.6031345, -0.5314926, 0.03931019, -0.9178968, 0.25659776, 0.05014965, 0.16265772, -0.2518178, 0.29659307, -0.44227678, -0.861964, -0.7577218, -0.20177588, 0.9771097, -0.94141555, -0.78219324, -0.086803846, 0.18609184, -0.07921812, -0.5790422, -0.21957053, -0.4159461, -0.88253367, 0.9410814, -0.28182524, 0.43099272, -0.41470557, 0.2878533, 0.94077593, -0.23714364, 0.8024515, 0.07324314, -0.75815076, 0.16396254, -0.3668332, -0.8570087, 0.73052204, 0.6695723, 0.94758505, -0.6836451, -0.515862, -0.91276526, -0.7762415, 0.8150005, -0.19429271, 0.25264916, 0.59117043, 0.27291992, -0.2160975, -0.31699488, -0.85860723, 0.50489295, 0.48330474, 0.53775215, -0.3007393, -0.603077, 0.7651966, -0.889987, 0.031638764, 0.6078386, -0.014191509, 0.48074037, -0.7001896, -0.09733406, -0.5555298, -0.54614586, -0.7587934, 0.927155, -0.9281488, 0.97370267, 0.2949441, 0.50409234, -0.24431047, -0.15123658, 0.5407907, -0.89277625, -0.21370584, 0.8898758, -0.77421856, -0.2738708, -0.46093258, 0.01858075, 0.46391279, -0.7880336, 0.5996595, 0.85291785, 0.77836376, -0.2481246, -0.12047524, -0.9271758, -0.18976772, 0.4520653, 0.6259606, -0.09113386, 0.6195098, 0.5858199, -0.9343355, -0.83026236, -0.7190831, -0.60821104, -0.13583302, -0.86278445, 0.024613246, 0.770359, 0.21574719, 0.68290776, 0.631106, -0.4560492, 0.06919568, -0.08185955, -0.2669636, -0.117867775, -0.3815001, 0.52361333, -0.1008384, -0.21093556, -0.3786208, 0.44843116, -0.38971585, 0.25645837, 0.26280597, -0.13318625, 0.15454136, 0.25953364, 0.5035825, -0.4352147, 0.7776609, -0.11514532, 0.31355432, -0.3494113, 0.7740495, -0.93211734, -0.9746918, 0.57515734, -0.9122966, 0.18723387, -0.9400563, 0.12962532, -0.32557556, 0.7477998, -0.042963553, -0.76543206, -0.007398513, 0.17546318, -0.46146032, 0.58546484, -0.95231396, -0.1683187, -0.5711589, 0.18650495, 0.6104483, 0.40162995, 0.91616064, 0.24596636, -0.7287733, 0.3638017, 0.38894066, -0.9480806, 0.25864804, -0.08866686, -0.31403685, 0.52360517, 0.67372954, -0.8985265, 0.23516503, 0.15165725, 0.004293184, 0.16282684, -0.12489506, -0.55418956, 0.05681966, -0.8515088, 0.33305004, 0.012785085, 0.8586592, -0.9136953, 0.46116975, 0.74912953, 0.68961567, -0.402731, 0.040191073, -0.49542826, -0.30212146, -0.0024106535, -0.27753842, 0.81072706, -0.52963895, 0.22553904, -0.29965264, 0.63685274, 0.39729056, -0.69318515, -0.981266, -0.46050373, -0.79332834, -0.34245378, -0.9079188, -0.8391611, 0.5202927, 0.9945949, -0.93471897, 0.025322383, 0.27611586, -0.489182, -0.19982646, 0.82488877, -0.89224267, -0.079612195, 0.40228698, 0.6725212, -0.64650804, -0.35752437, 0.9704283, -0.76213825, 0.5779822, -0.34968266, 0.789015, -0.6239988, -0.4181864, 0.49089804, 0.6689922, 0.62184024, -0.3961986, 0.7238585, 0.7733492, 0.1082765, -0.8910065, -0.8164362, -0.8503968, 0.7520671, -0.06949788, -0.16041696, -0.45682108, 0.19445658, 0.54580283, -0.2765772, 0.020431915, -0.932402, -0.7956561, 0.54984367, -0.5968139, 0.5922922, -0.2000906, -0.32402954, 0.9192232, 0.92759925, -0.39351925, 0.87336236, 0.12303851, 0.20695512, -0.15584458, -0.3345626, 0.099503115, -0.1924503, 0.64026356, 0.16461076, -0.6693006, -0.25181553, 0.3952933, -0.013659778, -0.56690264, 0.0015795825, -0.34321547, -0.906409, 0.42389175, -0.24562158, -0.15940005, -0.0058643473, 0.82394004, -0.65577996, -0.14898418, -0.013809516, -0.907124, 0.925733, -0.72718745, 0.34251937, -0.3901333, -0.90570563, 0.35392317, 0.3529114, 0.9784791, -0.45294952, 0.4167429, 0.8495414, 0.11015456, -0.91282266, 0.34635657, 0.2578392, 0.7411314, -0.813439, -0.9123353, 0.71012646, 0.5674451, -0.3160937, -0.18167967, -0.78872764, 0.6525234, 0.28294072, 0.29516393, 0.53796667, 0.27940586, -0.8181955, -0.7069887, 0.45098662, 0.54558617, 0.91067934, 0.7393572, -0.4531503, 0.4204258, -0.55123144, -0.7180599, 0.5375561, 0.08602945, 0.98495775, 0.22297141, 0.42556444, 0.55625737, -0.59977746, 0.7711873, -0.9555697, 0.350506, 0.9555539, 0.011384239, -0.30102527, -0.22713278, -0.11613612, 0.13757142, -0.9044122, 0.30092168, -0.93497616, -0.94272256, -0.72061783, 0.22998618, -0.49904847, -0.24866979, 0.28054598, 0.7670972, -0.8416259, -0.3343856, 0.20704564, -0.15409556, -0.36551207, -0.9194527, 0.60444486, 0.36622342, -0.85321194, -0.9001685, 0.54771256, -0.9567623, -0.81996584, 0.56806797, 0.07155963, 0.0887935, -0.9336882, -0.46648654, -0.36535195, 0.20361112, -0.5704176, 0.7619405, -0.38864294, 0.08209587, -0.55002457, -0.841257, 0.21243355, 0.22341786, -0.8738637, 0.40127376, -0.6087317, 0.9020857, -0.47359452, 0.24796203, -0.1729962, -0.60764086, 0.9145362, 0.33571953, -0.1272874, 0.4976879, 0.50252086, 0.325223, -0.839929, -0.5482676, -0.5317654, -0.09712157, -0.038872454, 0.45913476, 0.58806664, 0.029288383, -0.67040175, 0.3835069, -0.8266272, 0.25246796, -0.39521497, 0.92465174, -0.20086579, -0.8262604, -0.512935, 0.6569246, -0.79982823, 0.9494965, -0.7584293, 0.65522057, 0.75547546, 0.41800216, -0.6729421, -0.9110421, -0.6276986, 0.12881012, -0.81799257, 0.7977628, -0.115858085, 0.90448356, -0.088691324, -0.63747215, 0.29164496, -0.4879251, -0.6346171, -0.93735677, 0.51630086, 0.24470244, -0.9317715, 0.7994638, 0.39165068, 0.9506857, -0.04959128, -0.8678821, 0.1813491, 0.48004687, 0.09845433, 0.24657686, -0.020132553, -0.6933503, -0.52016574, -0.51643485, -0.30287364, 0.7592113, 0.99798214, 0.32295665, 0.35949346, 0.59555167, -0.052819088, 0.20123836, 0.47959712, -0.97445333, -0.17760389, 0.98042434, 0.04478375, -0.16959988, 0.8776435, -0.741581, -0.38155684, 0.95364153, 0.23709905, 0.5835424, 0.9598743, 0.06289394, 0.7106447, 0.7064565, 0.87916875, 0.59260356, 0.749144, 0.19453008, 0.74287003, 0.2134755, -0.6475266, 0.112900145, -0.69193596, -0.595429, -0.4601715, 0.15864204, 0.82102454, -0.27066332, -0.35856518, -0.71530575, -0.89059675, 0.6719363, -0.3987297, 0.98575467, -0.76554996, 0.8606466, 0.20804518, 0.9781765, -0.16769485, -0.90890604, 0.49033007, 0.4591308, -0.8793809, 0.58814365, 0.30141288, 0.0018846391, -0.6958155, -0.9238082, -0.016411502, 0.095875554, -0.35768026, -0.4920402, -0.85044175, -0.5828091, -0.60864013, -0.63498694, 0.87158835, -0.65006244, -0.6172283, -0.043405674, 0.37006718, 0.377654, 0.3155383, 0.98598313, -0.8405335, 0.94350314, 0.35525653, 0.9332385, -0.5726334, -0.35467967, 0.5746928, 0.75863564, -0.766902, -0.11461008, 0.008668554, -0.5021407, -0.20354886, 0.6952496, -0.8553061, -0.21141376, 0.64223546, 0.7269087, -0.33994657, 0.022639208, 0.8387465, 0.68050295, 0.5204601, 0.30915326, -0.91549426, 0.68321025, 0.3029251, -0.35126746, 0.6201288, 0.65063465, 0.055246554, 0.9073806, 0.6198327, 0.1968681, -0.34332392, -0.41955626, -0.45806226, 0.20390578, -0.53667325, -0.6255495, 0.94416165, -0.990838, -0.7630921, 0.42712343, 0.6879893, -0.6070291, 0.8410147, -0.623284, -0.8838642, 0.57530785, -0.59093016, -0.16268456, 0.7359176, 0.78078157, 0.94874465, -0.6671535, -0.46364757, 0.58137625, 0.77581245, 0.19809121, 0.26055408, 0.8536102, 0.6536941, 0.17992342, -0.63799506, -0.5501957, -0.0682316, 0.6660467, 0.9011233, 0.32667595, 0.3461402, -0.9038786, 0.19405504, 0.04241927, -0.7232161, -0.5014462, -0.6712563, -0.09173528, -0.66204864, -0.91453886, -0.021529784, -0.78784984, 0.3710104, 0.16538714, 0.25727898, -0.3350656, -0.07353543, 0.41963944, -0.69419754, 0.4819258, 0.118311815, 0.8824916, -0.094114445, 0.63338447, 0.20234567, -0.31477198, 0.6593807, -0.87944424, 0.7831471, 0.45398724, -0.14233933, -0.88078016, -0.55884933, -0.8901211, -0.91589636, -0.8290183, 0.05050386, -0.65949583, -0.34606874, 0.82256615, 0.033364143, -0.21159677, 0.7994638, -0.025110245, 0.5188987, 0.77261066, 0.38368887, -0.90899056, 0.9169644, -0.14047836, -0.20587352, -0.8458328, 0.15250099, -0.13603598, 0.87364835, -0.74736404, -0.77403533, -0.087410666, 0.34928912, -0.43745658, -0.82981735, 0.8939208, 0.20272268, -0.16767652, 0.5734649, -0.73234904, -0.81495, -0.38063765, -0.6254241, 0.85302246, -0.9621161, 0.7919656, -0.6787845, -0.108308844, 0.803569, 0.10409333, 0.16362125, 0.976135, -0.11961834, 0.7139929, 0.2223913, 0.106556416, -0.18508671, 0.7232728, -0.69353724, 0.6611075, 0.42044693, -0.42260808, -0.621669, 0.6756422, -0.8899917, 0.017642679, 0.53244466, -0.4082857, -0.52119994, -0.40796024, 0.29164684, 0.2810446, -0.5708161, 0.5791246, 0.21341436, -0.5696488, -0.76755226, 0.3153621, 0.22574809, -0.28818724, -0.7542822, -0.22103612, 0.6384105, 0.7783357, -0.61014134, 0.054411378, 0.78930926, -0.5552573, 0.642885, 0.5446505, -0.38959208, -0.078589536, -0.38345116, -0.38358557, -0.05112116, -0.027231677, -0.10320813, -0.7522133, -0.8118238, 0.08747851, 0.13428365, 0.22205828, -0.18103415, 0.6490881, -0.85498095, -0.4821033, 0.9121423, -0.49076778, -0.16054615, -0.28434876, -0.18998659, -0.79211336, 0.34772643, 0.89721847, 0.7890505, 0.39821187, 0.5626477, 0.50273347, -0.26061153, 0.91186583, -0.9385368, 0.8863582, -0.25410363, 0.26942348, 0.097947024, 0.44939885, -0.5160408, -0.5566822, 0.52923363, -0.99509984, 0.5630387, 0.6579177, -0.1927399, 0.18210375, 0.36606437, -0.5421694, -0.9622871, -0.25437412, 0.30642894, -0.68651503, -0.8085986, -0.7370813, 0.7232891, -0.15173778, -0.54235005, -0.020845374, -0.040523395, 0.8022286, -0.9488444, -0.41562167, 0.15205595, 0.4258383, 0.73244286, -0.3794492, -0.4188535, -0.7776237, -0.22970428, -0.27677754, -0.96639705, 0.9622912, -0.1471475, 0.51947033, 0.90681094, 0.16535445, -0.86575574, -0.5954117, 0.3046697, -0.642889, 0.4061609, -0.33595255, -0.97876745, 0.75940615, 0.117498755, -0.66436607, -0.8673873, 0.963967, 0.50258905, -0.43353555, 0.9173526, -0.17186928, -0.42752096, -0.6017951, 0.98281825, 0.7676122, -0.04650285, -0.267008, -0.67812777, 0.5109012, 0.67197675, 0.2701901, 0.7588634, 0.33538666, 0.4556691, 0.19324677, -0.75351006, -0.8564095, -0.1255102, 0.78814226, -0.24501814, -0.8805101, 0.9742659]","[-7.0, 4.0, 4.0, -2.0, -1.0, 4.0, -1.0, 2.0, -2.0, -3.0, -2.0, -1.0, 4.0, -2.0, 4.0, -2.0, -2.0, -3.0, -7.0, -1.0, -8.0, -2.0, -2.0, -7.0, 5.0, 10.0, -7.0, -8.0, 3.0, -7.0, -14.0, 4.0, -2.0, 4.0, 5.0, 3.0, 4.0, -6.0, -7.0, -7.0, 0.0, 5.0, -1.0, -4.0, 1.0, 5.0, 3.0, -7.0, -3.0, -2.0, 5.0, 3.0, 5.0, -1.0, 1.0, 1.0, -1.0, -2.0, 0.0, 4.0, 3.0, 4.0, -2.0, 0.0, 3.0, 4.0, -7.0, -3.0, -2.0, 5.0, 5.0, 2.0, -1.0, 4.0, -6.0, 3.0, 4.0, -3.0, -1.0, 6.0, -2.0, -6.0, -1.0, -7.0, 6.0, 10.0, -1.0, -1.0, 0.0, 4.0, -1.0, 6.0, -1.0, 10.0, -2.0, 4.0, 4.0, -3.0, -6.0, -4.0, -1.0, -1.0, 1.0, -1.0, -8.0, 5.0, 1.0, 3.0, 5.0, -3.0, -2.0, -7.0, -7.0, -2.0, 4.0, -8.0, 5.0, -7.0, 5.0, -3.0, 5.0, 5.0, 0.0, 4.0, -2.0, 3.0, -1.0, 4.0, 3.0, -2.0, 5.0, -1.0, -4.0, -7.0, -2.0, -8.0, -1.0, -8.0, 3.0, 4.0, 4.0, 5.0, -2.0, 4.0, 5.0, 4.0, -8.0, 0.0, -7.0, 4.0, -10.0, 5.0, -3.0, 0.0, -2.0, -7.0, 4.0, 4.0, 4.0, -1.0, -3.0, 4.0, 5.0, 3.0, -13.0, -1.0, -7.0, 4.0, -9.0, -5.0, 3.0, -1.0, 5.0, 3.0, 1.0, -2.0, -2.0, -2.0, -3.0, 0.0, 3.0, -2.0, -2.0, -5.0, -2.0, -2.0, 5.0, -6.0, 2.0, 10.0, -3.0, -2.0, 4.0, -4.0, -2.0, 0.0, -2.0, -8.0, -2.0, -2.0, -8.0, -2.0, -2.0, 5.0, -1.0, 5.0, -1.0, -3.0, -1.0, -1.0, 5.0, 4.0, -2.0, 4.0, 1.0, -8.0, 4.0, 4.0, -2.0, -3.0, 4.0, -7.0, -3.0, -7.0, 8.0, 5.0, 4.0, -3.0, 0.0, 4.0, -7.0, 0.0, 5.0, -2.0, 0.0, 4.0, 4.0, 4.0, -1.0, 3.0, 1.0, -1.0, -6.0, 3.0, 2.0, 0.0, 4.0, -5.0, -2.0, 6.0, -2.0, -5.0, -2.0, -1.0, -2.0, -4.0, -1.0, -4.0, -2.0, -2.0, -2.0, 5.0, -7.0, -2.0, 4.0, -1.0, -7.0, 1.0, -7.0, 5.0, 4.0, -1.0, -1.0, -6.0, 6.0, -1.0, 5.0, -2.0, -4.0, -7.0, 4.0, -1.0, 0.0, -1.0, -1.0, 12.0, 0.0, -1.0, 4.0, 4.0, -1.0, -2.0, -8.0, -2.0, -2.0, -1.0, -7.0, -1.0, -3.0, -2.0, 4.0, 3.0, 4.0, -1.0, -1.0, 0.0, -3.0, 4.0, 0.0, -2.0, 3.0, 3.0, -6.0, -1.0, -2.0, 0.0, 1.0, -1.0, 5.0, 4.0, -1.0, -8.0, -1.0, 3.0, 6.0, 1.0, -7.0, 4.0, 5.0, 2.0, 0.0, 0.0, 4.0, 10.0, -2.0, -2.0, -8.0, -2.0, 4.0, 12.0, -1.0, 5.0, -4.0, -7.0, -7.0, 0.0, -1.0, -1.0, -2.0, -1.0, -3.0, -1.0, -1.0, 4.0, 5.0, 5.0, -2.0, -7.0, 3.0, -1.0, -7.0, -1.0, 4.0, -7.0, 6.0, -1.0, 4.0, 10.0, 4.0, -7.0, -1.0, 13.0, 4.0, 9.0, 0.0, 4.0, -3.0, 4.0, 5.0, 4.0, 4.0, 4.0, -2.0, 5.0, -1.0, 4.0, 3.0, 5.0, 5.0, 3.0, 0.0, 5.0, -2.0, 11.0, 5.0, 11.0, -2.0, -2.0, 5.0, 10.0, -3.0, 5.0, 10.0, -1.0, 3.0, -1.0, -7.0, 5.0, -2.0, 4.0, -2.0, 3.0, 3.0, 1.0, -8.0, -2.0, -10.0, 5.0, 0.0, -3.0, -8.0, 1.0, 8.0, -6.0, 6.0, 3.0, -7.0, -7.0, -2.0, -1.0, -1.0, -1.0, -2.0, -2.0, -2.0, -2.0, -14.0, -7.0, -1.0, -7.0, -1.0, -8.0, 4.0, -2.0, 5.0, -2.0, 5.0, -2.0, 5.0, 4.0, -1.0, -2.0, 4.0, 4.0, 5.0, 4.0, 3.0, -1.0, 4.0, 2.0, 4.0, -2.0, -2.0, -1.0, 9.0, -1.0, -1.0, -8.0, 0.0, 5.0, 2.0, 4.0, -1.0, 5.0, -1.0, 5.0, -8.0, -1.0, -2.0, -1.0, -2.0, -2.0, -10.0, 5.0, -5.0, -1.0, 5.0, 11.0, -1.0, 0.0, -5.0, -2.0, -2.0, 2.0, -2.0, -2.0, -2.0, -8.0, 0.0, -2.0, -7.0, 4.0, -7.0, -1.0, -3.0, -5.0, 4.0, 2.0, -1.0, -2.0, 4.0, 5.0, -4.0, 4.0, -1.0, -1.0, -1.0, 3.0, 9.0, -7.0, 4.0, -2.0, -3.0, -2.0, -2.0, 5.0, 4.0, 4.0, -5.0, -1.0, -1.0, 3.0, -3.0, -1.0, -7.0, 0.0, -1.0, 4.0, 3.0, -5.0, 5.0, 4.0, -1.0, -1.0, 4.0, -3.0, -1.0, -1.0, -2.0, -2.0, 5.0, 5.0, -2.0, 1.0, -7.0, 5.0, 4.0, -2.0, -1.0, 3.0, -1.0, -7.0, -5.0, -2.0, -1.0, -1.0, 5.0, -1.0, 0.0, 4.0, -3.0, -7.0, -2.0, -1.0, -1.0, -2.0, 3.0, -3.0, -2.0, 1.0, 1.0, -3.0, 0.0, -1.0, -8.0, 4.0, 3.0, 1.0, -1.0, -2.0, -7.0, -2.0, -1.0, 3.0, -1.0, -1.0, 5.0, -3.0, 4.0, 0.0, -2.0, -7.0, -7.0, 3.0, 5.0, -1.0, 11.0, 4.0, -1.0, 4.0, -2.0, 0.0, 10.0, 0.0, -7.0, -2.0, -8.0, -2.0, 7.0, -1.0, -1.0, 4.0, 6.0, 5.0, 4.0, 2.0, -1.0, -2.0, 10.0, -4.0, -1.0, -2.0, 4.0, -1.0, -1.0, 0.0, 5.0, -1.0, 2.0, -1.0, -2.0, -1.0, -6.0, 2.0, -1.0, -2.0, 1.0, -2.0, 3.0, -2.0, -2.0, 6.0, -2.0, -2.0, 1.0, -2.0, -2.0, -6.0, 4.0, 1.0, 5.0, -3.0, -3.0, 5.0, 4.0, -6.0, -2.0, -1.0, -1.0, 0.0, -1.0, -3.0, 3.0, 3.0, 1.0, 0.0, 5.0, 1.0, -1.0, -1.0, -2.0, -1.0, 5.0, -3.0, 5.0, -1.0, -12.0, -2.0, -1.0, -1.0, -5.0, -7.0, -1.0, -2.0, -3.0, 6.0, 8.0, -3.0, 0.0, 4.0, 3.0, 5.0, -1.0, 3.0, 4.0, -1.0, 4.0, -1.0, 5.0, -15.0, -7.0, -1.0, -2.0, 1.0, -7.0, 5.0, -1.0, 1.0, -2.0, 6.0, 0.0, -4.0, -1.0, -2.0, 2.0, -2.0, 0.0, -6.0, -8.0, -2.0, 4.0, 4.0, -2.0, 1.0, 1.0, -5.0, 4.0, -1.0, -3.0, 10.0, -2.0, 5.0, 3.0, -1.0, 3.0, 5.0, 4.0, -2.0, -3.0, 4.0, 4.0, -1.0, 3.0, 10.0, -1.0, 2.0, -2.0, 4.0, -2.0, 5.0, -6.0, 5.0, -1.0, -5.0, 4.0, 0.0, 5.0, 0.0, -2.0, -2.0, -8.0, -2.0, -1.0, 5.0, -1.0, 5.0, -2.0, -1.0, -2.0, -2.0, -2.0, -2.0, 10.0, 4.0, 3.0, 3.0, 4.0, 10.0, 4.0, 4.0, -2.0, 0.0, -2.0, -13.0, 4.0, -1.0, 9.0, -2.0, 4.0, 3.0, 4.0, -2.0, -2.0, 5.0, -3.0, -7.0, -2.0, -2.0, -2.0, -7.0, -1.0, -2.0, 0.0, 10.0, 9.0, -1.0, 4.0, -2.0, -2.0, -7.0, 5.0, 11.0, 4.0, 5.0, -1.0, -8.0, 4.0, -2.0, -5.0, 4.0, -1.0, -7.0, -1.0, 4.0, 0.0, -1.0, -1.0, -8.0, -2.0, -1.0, 5.0, 4.0, -9.0, -4.0, -1.0, -14.0, 2.0, -12.0, -2.0, -7.0, 6.0, -1.0, 5.0, -8.0, -7.0, -1.0, -2.0, -4.0, 3.0, -2.0, -7.0, 0.0, 4.0, 5.0, 5.0, 9.0, 5.0, 2.0, -2.0, -1.0, 7.0, -1.0, 3.0, -1.0, 4.0, 4.0, -1.0, -2.0, 5.0, 4.0, -2.0, -2.0, -1.0, 4.0, -1.0, 0.0, -4.0, 3.0, -8.0, 4.0, -5.0, -1.0, -7.0, -2.0, -7.0, -1.0, 3.0, 5.0, -2.0, 5.0, -9.0, 5.0, -2.0, 0.0, -1.0, -5.0, -1.0, -1.0, -14.0, 0.0, 5.0, 11.0, -2.0, 5.0, 5.0, 4.0, 4.0, -1.0, -1.0, 4.0, -2.0, -1.0, -5.0, 4.0, 5.0, 4.0, 2.0, -7.0, -2.0, -2.0, 5.0, 6.0, -1.0, 4.0, 0.0, 5.0, 5.0, -7.0, -6.0, 6.0, 3.0, -7.0, -7.0, -3.0, -7.0, -1.0, 5.0, -6.0, -13.0, 10.0, -1.0, 6.0, 10.0, -1.0, 3.0, -2.0, 0.0, 1.0, -2.0, -3.0, -2.0, 5.0, 5.0, -3.0, -2.0, -6.0, 15.0, 5.0, 3.0, -4.0, 5.0, 0.0, -1.0, 5.0, -2.0, 4.0, -1.0, 5.0, 4.0, -1.0, 4.0, -1.0, 11.0, -2.0, -8.0, -1.0, 8.0, 5.0, 9.0, 2.0, -6.0, 4.0, 3.0, -8.0, -1.0, 11.0, -2.0, -2.0, -20.0, -2.0]",8.192839107609505,0.0035185813903808,0.0,0.0,0
97,97,"[0.21673493, -0.2438022, 0.16027096, -0.7147754, -0.78213793, 0.2676426, -0.46942848, 0.6423063, 0.31597766, -0.55442625, -0.67504036, -0.0777032, 0.5423333, -0.04012117, -0.5290963, -0.87485427, 0.84060824, -0.50040334, -0.3758418, -0.50814223, 0.8339105, 0.5551556, 0.95965844, 0.53332573, -0.80567753, -0.62226266, -0.9099252, -0.048656788, -0.012974203, -0.7423937, 0.04863258, -0.6593012, -0.89972895, 0.7696927, 0.3991113, -0.19204463, 0.016865158, 0.28360412, 0.2267063, -0.08042178, 0.7771424, -0.14871117, 0.80048305, -0.52649117, 0.8994052, 0.84617287, 0.9583988, -0.65661234, 0.10905819, 0.4913871, 0.34770527, 0.62103283, -0.81680435, -0.04574921, 0.51377875, 0.39904255, -0.705777, -0.7091224, 0.93299615, 0.36145186, -0.9231802, -0.78958195, -0.73192674, -0.1632138, 0.40371922, 0.9482966, 0.9294898, -0.2368404, -0.49631637, -0.0065189027, 0.6608709, 0.30735615, -0.20144609, 0.7870597, 0.6924443, 0.6231066, -0.8697008, 0.3980511, -0.49960718, 0.679981, 0.3548031, 0.9404565, 0.5232452, 0.6026234, -0.8301295, -0.37606344, -0.7797038, 0.61638427, -0.295699, -0.04916948, 0.5419239, -0.6626099, 0.23857737, 0.56953, -0.028320638, 0.32240063, 0.7811923, 0.67629606, -0.30729702, -0.33410934, 0.9984134, -0.61474544, -0.83184636, 0.5264775, 0.48310348, 0.26908726, 0.2666003, 0.49533626, -0.14448848, 0.68074596, 0.33938557, -0.33267236, 0.4571229, 0.9457677, -0.5824555, 0.9482983, -0.51777756, 0.3140657, -0.84450835, -0.9208184, -0.30185837, -0.87932545, -0.47390956, -0.4936774, 0.0726097, 0.27452958, 0.323956, -0.5547511, 0.9241839, -0.788559, -0.7993417, -0.84101516, -0.9949407, -0.5405648, 0.78651714, 0.17513102, 0.7358087, -0.032066174, 0.550838, -0.22406182, -0.26285642, -0.48155278, -0.20226663, -0.9635234, 0.9039761, -0.3521753, 0.8051457, -0.09017964, -0.042388257, 0.8211241, -0.30523568, 0.9624857, 0.13495372, 0.3858164, 0.12460662, 0.32309234, 0.58430195, 0.0138418665, -0.59793395, 0.037155125, 0.5989279, -0.2571491, 0.35386276, 0.13616093, -0.20038596, -0.24131614, 0.8288758, 0.45080793, -0.6715029, 0.9280198, 0.17320293, 0.09123909, 0.9720904, -0.68975323, -0.17612927, -0.5833188, -0.14741355, -0.26110616, -0.63615334, 0.53333294, 0.7674746, -0.24814394, -0.18649286, 0.25296634, -0.67093575, -0.39132106, 0.65843505, 0.62524414, -0.749519, -0.8791854, 0.80007213, 0.3220472, -0.88177943, -0.5857203, -0.8497606, -0.9534631, -0.8655023, -0.5018671, -0.84586656, -0.05296976, -0.754244, -0.6439986, 0.62045044, 0.37897953, -0.80572146, 0.062395018, -0.5677834, 0.16949624, 0.14647019, 0.68783486, -0.7510862, 0.3734465, 0.17151785, 0.9973948, 0.38138622, 0.64965636, -0.51226383, -0.6071733, -0.87226707, 0.32460514, -0.5119599, 0.56282896, -0.27032796, -0.16582693, 0.10572673, 0.07512735, -0.31897458, -0.24602161, 0.7762631, -0.9829244, -0.57617706, 0.68879104, 0.44717944, 0.293748, -0.6947367, 0.07232462, 0.41015148, -0.8832628, -0.75352377, -0.8532333, -0.103635825, 0.49063995, 0.56718475, -0.9781162, 0.029280584, -0.0049550286, -0.072791405, 0.06486909, -0.64166915, -0.22887461, -0.76354295, 0.6235746, 0.40269637, 0.17410019, -0.3448507, 0.23310699, -0.8256948, -0.115297385, -0.51794, -0.3500647, 0.007450812, 0.42940393, -0.3042213, -0.13215849, -0.7994139, -0.1771883, 0.27880177, 0.18754934, -0.5910559, 0.7203118, -0.05422897, -0.2942444, -0.27527115, 0.20957293, 0.8952457, 0.59432286, 0.4898838, 0.78492665, 0.5503832, 0.123071924, 0.5379757, 0.5174172, -0.5887611, 0.98448825, 0.78084886, -0.24279496, -0.95485836, -0.8868155, -0.09089477, 0.29979265, -0.82951057, 0.9829677, -0.20632091, -0.977588, -0.9938906, -0.33664882, 0.8314153, 0.5725133, 0.27745256, -0.71852046, 0.27055603, -0.7510203, 0.7577139, 0.56080306, 0.30296624, 0.65746826, -0.08884245, -0.72479117, 0.15175469, 0.748572, -0.87282765, -0.54487485, -0.6543013, -0.15060066, 0.4989888, 0.45082417, 0.030476227, 0.00364587, 0.023647208, -0.89077836, -0.3219715, -0.2234919, -0.17832573, 0.8336118, 0.42898855, -0.53116477, -0.6941447, -0.69850373, -0.60426825, -0.5303677, -0.123973355, 0.6381111, 0.14840136, 0.39993164, 0.63182926, 0.6951369, -0.8807233, 0.9787444, -0.89820385, 0.31775665, 0.33290124, 0.30516466, 0.6721895, 0.35994118, 0.95657337, 0.65430385, 0.92373085, 0.56076366, 0.12024474, 0.67854524, 0.6489714, -0.18244453, -0.291995, 0.74203074, -0.72607815, -0.35215813, -0.78965634, -0.97115755, -0.007888198, 0.5328864, 0.64652705, -0.49250796, -0.12701038, 0.6137487, -0.7977888, -0.5143274, 0.84956264, 0.19751623, 0.5362102, 0.5219732, -0.012520588, -0.93256086, 0.37120962, -0.37273717, -0.5833082, -0.23330328, 0.5963148, -0.35606787, 0.57367647, 0.30807516, 0.41702583, 0.24457002, 0.9029062, -0.8142424, -0.7778348, 0.4505879, -0.6391678, 0.6657287, -0.33184248, 0.6402772, 0.18512167, 0.75689155, 0.86055535, -0.26190174, -0.97041976, -0.9146587, -0.7973374, 0.47994444, 0.3878857, -0.57411015, 0.2418451, -0.18790412, -0.06690588, 0.01361587, 0.9504755, -0.082966246, 0.82184625, 0.8982866, -0.3293811, -0.6247745, 0.58361447, -0.3469453, 0.26900357, 0.94724965, 0.23547488, -0.27467233, 0.06725391, 0.51218075, 0.8326347, -0.6053099, 0.41176608, -0.95964324, 0.5725583, -0.88858694, -0.854485, -0.22732444, 0.09299631, 0.75773114, -0.074711695, 0.22925942, 0.9891679, -0.23088102, 0.35137916, 0.8987703, -0.5468091, -0.5677591, 0.97006416, 0.08216836, 0.74296767, 0.69637555, 0.26507112, -0.69664365, -0.24263155, -0.8104807, 0.48142144, 0.104322664, -0.2972875, -0.2263921, -0.9721836, -0.33476487, -0.28226715, -0.6278784, 0.29648748, -0.079236574, 0.08598881, -0.08953009, 0.16414794, 0.8796085, 0.17013982, 0.17684592, -0.031285882, -0.9235192, -0.5525635, 0.92718065, -0.15427138, 0.31669986, 0.028037563, 0.9961379, -0.018212494, 0.24204732, -0.33647257, -0.14187506, 0.79525304, -0.055153977, 0.30088952, 0.85063004, -0.051515676, -0.59817374, 0.6771933, 0.44324708, 0.9767387, 0.09484238, -0.59776765, 0.6794302, 0.27869684, -0.11585471, 0.35539794, -0.76349074, -0.99916035, 0.67902124, -0.5393374, -0.23825954, 0.16445147, 0.76683915, 0.5813645, -0.24727722, -0.73404574, -0.718547, 0.5939183, -0.12852156, 0.11630677, -0.09049443, 0.30164528, -0.7094562, -0.71171135, 0.86342317, 0.014956862, 0.14409855, 0.48415413, -0.8725098, 0.82931376, -0.06748455, -0.039211623, -0.13545884, 0.8731425, -0.22568233, 0.78828967, 0.9585562, -0.45910698, 0.5482687, -0.90083677, 0.22192796, -0.13863862, -0.3920344, -0.9331822, -0.10926744, 0.6738762, 0.08056832, -0.99660486, 0.9268323, -0.7301632, 0.72503924, -0.25058982, -0.5175608, 0.39262635, 0.43370533, -0.29840836, 0.992124, -0.83419573, -0.46974432, -0.22582282, 0.011946039, -0.14446041, 0.27838898, -0.63826656, -0.75342697, -0.68672156, 0.2946486, -0.17530172, 0.06449752, -0.54980254, -0.1439832, -0.35351682, -0.7333744, -0.18888365, -0.062298957, 0.77404314, 0.13133825, -0.9036284, 0.8552422, 0.78616273, 0.2716324, 0.7513314, 0.043790523, -0.5770897, 0.18731427, -0.753466, -0.8587323, 0.76178986, -0.24953839, -0.5558303, 0.3193055, 0.16052938, 0.2363387, -0.4163085, 0.41927534, -0.5383509, 0.3439213, -0.23023538, 0.59038776, -0.33366475, -0.39625165, 0.84151447, 0.019516984, 0.99011356, -0.09200909, 0.09026581, 0.7065784, 0.7015764, 0.44698292, 0.9562927, -0.64297295, 0.47460964, 0.5044306, 0.1704947, 0.8807182, 0.9832335, 0.32423666, -0.328914, 0.54635805, -0.12176404, -0.19495331, 0.904784, -0.847498, -0.9468722, 0.3858073, 0.156704, -0.9427871, 0.9332212, -0.54946804, -0.86943644, 0.40386415, 0.82423437, 0.28799206, 0.9944652, 0.8371319, 0.6500964, 0.47595558, 0.7661885, -0.06727751, -0.8005389, 0.53197664, -0.10466865, 0.109993555, -0.841312, -0.75030124, 0.5812452, 0.7089076, 0.30800593, -0.87402016, 0.034681316, 0.4936987, 0.4857509, 0.79758507, 0.23212251, -0.50190675, -0.6774393, 0.73959506, -0.19472608, -0.17163625, -0.17547747, -0.7938878, -0.3735038, 0.55852336, 0.7378216, 0.407938, -0.92314214, 0.6687204, -0.5142494, -0.00097295264, -0.17604977, 0.30244392, 0.76649207, 0.057303127, -0.47256738, -0.9511207, 0.45260847, -0.7014398, -0.4752665, 0.49491304, 0.958432, 0.44966763, 0.17581646, 0.8878885, 0.78157616, 0.7025856, -0.005261747, -0.718221, -0.0060600587, -0.11030242, -0.6466849, -0.48815963, -0.38177857, -0.85180604, 0.8985442, -0.60707086, -0.41593668, 0.9064783, -0.40460098, -0.09153296, -0.3988164, -0.09567929, -0.8636089, -0.20098282, 0.99141675, 0.7257363, 0.29939315, 0.8767748, 0.5846722, -0.027483618, -0.34897196, -0.33795947, 0.71161234, 0.9746835, 0.9950546, 0.69482684, 0.80736476, -0.1380181, 0.7068954, 0.18395174, -0.8666461, -0.6809824, 0.35372263, 0.38582093, 0.55560446, -0.83378327, 0.6721092, -0.64228964, -0.9305833, 0.20904844, -0.40393692, 0.54594916, -0.2879762, 0.5266744, -0.43839043, -0.7319281, -0.017806811, -0.99718136, -0.30531618, -0.4951919, -0.28823653, -0.5830276, -0.6143459, 0.08017681, 0.954142, 0.44534326, 0.73478293, 0.32780373, 0.48173895, -0.42900485, -0.31089482, 0.35747683, -0.45156264, -0.1907392, -0.9286391, -0.4692166, -0.07124554, -0.92716026, 0.6229911, 0.27690747, 0.5381222, 0.259612, 0.7404729, -0.0433665, 0.73883677, 0.329536, -0.5953262, 0.19512369, -0.19513957, -0.6526688, 0.9361061, -0.8651238, 0.91418356, 0.5189678, -0.7776087, 0.60035247, 0.019358126, -0.370487, 0.8944386, -0.98763895, -0.81096345, -0.94325227, 0.4272942, -0.81258607, -0.60828894, -0.42705953, -0.5213954, 0.91330856, -0.4858506, 0.33377743, -0.3902386, -0.8162046, 0.6536014, 0.68174696, 0.31915903, 0.7791065, 0.5747213, -0.55070126, 0.21522647, 0.6116586, 0.10919193, 0.80191773, -0.5948326, 0.10981577, -0.2689533, 0.44959587, -0.7031231, -0.90302646, -0.52026075, -0.4476494, -0.847509, 0.60292894, 0.3669631, -0.71992296, 0.12149335, -0.040863752, 0.13530749, 0.91500443, 0.74554217, -0.5676442, 0.16868009, 0.06861809, -0.31599483, -0.5727257, 0.9999533, 0.7296543, 0.14445041, -0.0859985, -0.8056353, 0.41900802, 0.40620545, -0.06549051, 0.114595026, 0.9832039, 0.75760907, -0.09701177, -0.96121716, 0.56559014, 0.40561116, 0.28971934, 0.33094317, 0.92456603, -0.5557489, 0.33359936, -0.9919365, -0.31985366, -0.11723569, -0.034321476, 0.53254026, 0.182306, -0.4248991, 0.30023804, -0.44822037, 0.70284855, 0.59567255, 0.5322147, -0.4403788, -0.9908181, 0.03486282, 0.62368816, 0.06074148, 0.95156103, 0.3789615, 0.4462838, -0.058463488, 0.41363588, -0.6667358, 0.010508255, -0.059361257, 0.9651486, 0.60376203, 0.93425596, 0.38816524, -0.7639415, 0.58690524, -0.7713768, -0.97851783, -0.26961887, -0.64106613, -0.74775517, 0.44445923, 0.9790884, 0.16164225, 0.35932195, 0.13300414, -0.53318626, -0.00066258706, 0.19176713, 0.9811165, -0.48517078, -0.15299305, -0.46885687, -0.9585726, -0.6978257, 0.37058812, 0.02739986, -0.4641583, 0.43482903, -0.70632625, 0.5339975, -0.19616707, 0.7974638, -0.86292416, 0.21299006, 0.14169288, 0.72147447, 0.75259596, -0.0045658895, 0.090631, 0.5380436, -0.29626343, -0.3398553, 0.3972124, 0.7151555, 0.7296668, 0.6099448, 0.63207114, 0.2790633, -0.9355913, -0.12708737, -0.36603191, -0.8387623, 0.7456907, 0.5370831, 0.22510704, 0.20443524, 0.7343892, -0.9678522, -0.4314186, 0.43062326, 0.7656555, -0.4782291, 0.050286837, -0.68646944, 0.27180824, 0.93871516, -0.1809469, 0.5636759, 0.32831267, -0.23567097, -0.8972534, -0.6471132, 0.8520501, -0.69705486, 0.9082377, -0.4943832, -0.32385167, 0.017688781, 0.14587007, -0.7805775, 0.8053436, 0.95606184, 0.85996985, 0.5849038, -0.90535486, 0.13133879, -0.47613636, 0.50998837, 0.93954676, 0.32956013, -0.82872194, -0.13301122, 0.22273855, -0.8221442, 0.32888365, -0.30286288, -0.5878166, -0.79386747, 0.58684796, 0.27867562, -0.17691015, -0.65859365, 0.09645734, 0.8979485, -0.54630655, 0.40131018, 0.20153253, 0.9422916, 0.8960131, 0.5400339, -0.8286489, -0.6833975, 0.28058925, 0.57268506, -0.5455567, 0.9742648, 0.07579055, 0.5077553, 0.042751912, 0.13982859, -0.33940503, -0.6603156, 0.89413697, -0.033308055, -0.22666141, -0.06519974, 0.20394903, 0.079932675, 0.8502799, 0.8169361, -0.0051966356, -0.19629672, -0.36009204, 0.22966284, 0.3005379, -0.75607806, -0.058423005, -0.19797945, 0.16168559, 0.6701306, 0.19956401, 0.9460485, -0.8394078, -0.46756646, 0.48625737, -0.3559236, -0.9368114, 0.53758264, -0.78117853, 0.3513005]","[-7.0, 4.0, 4.0, -2.0, -1.0, 4.0, -1.0, 2.0, -2.0, -3.0, -2.0, -1.0, 4.0, -2.0, 4.0, -2.0, -2.0, -3.0, -7.0, -1.0, -8.0, -2.0, -2.0, -7.0, 5.0, 10.0, -7.0, -8.0, 3.0, -7.0, -14.0, 4.0, -2.0, 4.0, 5.0, 3.0, 4.0, -6.0, -7.0, -7.0, 0.0, 5.0, -1.0, -4.0, 1.0, 5.0, 3.0, -7.0, -3.0, -2.0, 5.0, 3.0, 5.0, -1.0, 1.0, 1.0, -1.0, -2.0, 0.0, 4.0, 3.0, 4.0, -2.0, 0.0, 3.0, 4.0, -7.0, -3.0, -2.0, 5.0, 5.0, 2.0, -1.0, 4.0, -6.0, 3.0, 4.0, -3.0, -1.0, 6.0, -2.0, -6.0, -1.0, -7.0, 6.0, 10.0, -1.0, -1.0, 0.0, 4.0, -1.0, 6.0, -1.0, 10.0, -2.0, 4.0, 4.0, -3.0, -6.0, -4.0, -1.0, -1.0, 1.0, -1.0, -8.0, 5.0, 1.0, 3.0, 5.0, -3.0, -2.0, -7.0, -7.0, -2.0, 4.0, -8.0, 5.0, -7.0, 5.0, -3.0, 5.0, 5.0, 0.0, 4.0, -2.0, 3.0, -1.0, 4.0, 3.0, -2.0, 5.0, -1.0, -4.0, -7.0, -2.0, -8.0, -1.0, -8.0, 3.0, 4.0, 4.0, 5.0, -2.0, 4.0, 5.0, 4.0, -8.0, 0.0, -7.0, 4.0, -10.0, 5.0, -3.0, 0.0, -2.0, -7.0, 4.0, 4.0, 4.0, -1.0, -3.0, 4.0, 5.0, 3.0, -13.0, -1.0, -7.0, 4.0, -9.0, -5.0, 3.0, -1.0, 5.0, 3.0, 1.0, -2.0, -2.0, -2.0, -3.0, 0.0, 3.0, -2.0, -2.0, -5.0, -2.0, -2.0, 5.0, -6.0, 2.0, 10.0, -3.0, -2.0, 4.0, -4.0, -2.0, 0.0, -2.0, -8.0, -2.0, -2.0, -8.0, -2.0, -2.0, 5.0, -1.0, 5.0, -1.0, -3.0, -1.0, -1.0, 5.0, 4.0, -2.0, 4.0, 1.0, -8.0, 4.0, 4.0, -2.0, -3.0, 4.0, -7.0, -3.0, -7.0, 8.0, 5.0, 4.0, -3.0, 0.0, 4.0, -7.0, 0.0, 5.0, -2.0, 0.0, 4.0, 4.0, 4.0, -1.0, 3.0, 1.0, -1.0, -6.0, 3.0, 2.0, 0.0, 4.0, -5.0, -2.0, 6.0, -2.0, -5.0, -2.0, -1.0, -2.0, -4.0, -1.0, -4.0, -2.0, -2.0, -2.0, 5.0, -7.0, -2.0, 4.0, -1.0, -7.0, 1.0, -7.0, 5.0, 4.0, -1.0, -1.0, -6.0, 6.0, -1.0, 5.0, -2.0, -4.0, -7.0, 4.0, -1.0, 0.0, -1.0, -1.0, 12.0, 0.0, -1.0, 4.0, 4.0, -1.0, -2.0, -8.0, -2.0, -2.0, -1.0, -7.0, -1.0, -3.0, -2.0, 4.0, 3.0, 4.0, -1.0, -1.0, 0.0, -3.0, 4.0, 0.0, -2.0, 3.0, 3.0, -6.0, -1.0, -2.0, 0.0, 1.0, -1.0, 5.0, 4.0, -1.0, -8.0, -1.0, 3.0, 6.0, 1.0, -7.0, 4.0, 5.0, 2.0, 0.0, 0.0, 4.0, 10.0, -2.0, -2.0, -8.0, -2.0, 4.0, 12.0, -1.0, 5.0, -4.0, -7.0, -7.0, 0.0, -1.0, -1.0, -2.0, -1.0, -3.0, -1.0, -1.0, 4.0, 5.0, 5.0, -2.0, -7.0, 3.0, -1.0, -7.0, -1.0, 4.0, -7.0, 6.0, -1.0, 4.0, 10.0, 4.0, -7.0, -1.0, 13.0, 4.0, 9.0, 0.0, 4.0, -3.0, 4.0, 5.0, 4.0, 4.0, 4.0, -2.0, 5.0, -1.0, 4.0, 3.0, 5.0, 5.0, 3.0, 0.0, 5.0, -2.0, 11.0, 5.0, 11.0, -2.0, -2.0, 5.0, 10.0, -3.0, 5.0, 10.0, -1.0, 3.0, -1.0, -7.0, 5.0, -2.0, 4.0, -2.0, 3.0, 3.0, 1.0, -8.0, -2.0, -10.0, 5.0, 0.0, -3.0, -8.0, 1.0, 8.0, -6.0, 6.0, 3.0, -7.0, -7.0, -2.0, -1.0, -1.0, -1.0, -2.0, -2.0, -2.0, -2.0, -14.0, -7.0, -1.0, -7.0, -1.0, -8.0, 4.0, -2.0, 5.0, -2.0, 5.0, -2.0, 5.0, 4.0, -1.0, -2.0, 4.0, 4.0, 5.0, 4.0, 3.0, -1.0, 4.0, 2.0, 4.0, -2.0, -2.0, -1.0, 9.0, -1.0, -1.0, -8.0, 0.0, 5.0, 2.0, 4.0, -1.0, 5.0, -1.0, 5.0, -8.0, -1.0, -2.0, -1.0, -2.0, -2.0, -10.0, 5.0, -5.0, -1.0, 5.0, 11.0, -1.0, 0.0, -5.0, -2.0, -2.0, 2.0, -2.0, -2.0, -2.0, -8.0, 0.0, -2.0, -7.0, 4.0, -7.0, -1.0, -3.0, -5.0, 4.0, 2.0, -1.0, -2.0, 4.0, 5.0, -4.0, 4.0, -1.0, -1.0, -1.0, 3.0, 9.0, -7.0, 4.0, -2.0, -3.0, -2.0, -2.0, 5.0, 4.0, 4.0, -5.0, -1.0, -1.0, 3.0, -3.0, -1.0, -7.0, 0.0, -1.0, 4.0, 3.0, -5.0, 5.0, 4.0, -1.0, -1.0, 4.0, -3.0, -1.0, -1.0, -2.0, -2.0, 5.0, 5.0, -2.0, 1.0, -7.0, 5.0, 4.0, -2.0, -1.0, 3.0, -1.0, -7.0, -5.0, -2.0, -1.0, -1.0, 5.0, -1.0, 0.0, 4.0, -3.0, -7.0, -2.0, -1.0, -1.0, -2.0, 3.0, -3.0, -2.0, 1.0, 1.0, -3.0, 0.0, -1.0, -8.0, 4.0, 3.0, 1.0, -1.0, -2.0, -7.0, -2.0, -1.0, 3.0, -1.0, -1.0, 5.0, -3.0, 4.0, 0.0, -2.0, -7.0, -7.0, 3.0, 5.0, -1.0, 11.0, 4.0, -1.0, 4.0, -2.0, 0.0, 10.0, 0.0, -7.0, -2.0, -8.0, -2.0, 7.0, -1.0, -1.0, 4.0, 6.0, 5.0, 4.0, 2.0, -1.0, -2.0, 10.0, -4.0, -1.0, -2.0, 4.0, -1.0, -1.0, 0.0, 5.0, -1.0, 2.0, -1.0, -2.0, -1.0, -6.0, 2.0, -1.0, -2.0, 1.0, -2.0, 3.0, -2.0, -2.0, 6.0, -2.0, -2.0, 1.0, -2.0, -2.0, -6.0, 4.0, 1.0, 5.0, -3.0, -3.0, 5.0, 4.0, -6.0, -2.0, -1.0, -1.0, 0.0, -1.0, -3.0, 3.0, 3.0, 1.0, 0.0, 5.0, 1.0, -1.0, -1.0, -2.0, -1.0, 5.0, -3.0, 5.0, -1.0, -12.0, -2.0, -1.0, -1.0, -5.0, -7.0, -1.0, -2.0, -3.0, 6.0, 8.0, -3.0, 0.0, 4.0, 3.0, 5.0, -1.0, 3.0, 4.0, -1.0, 4.0, -1.0, 5.0, -15.0, -7.0, -1.0, -2.0, 1.0, -7.0, 5.0, -1.0, 1.0, -2.0, 6.0, 0.0, -4.0, -1.0, -2.0, 2.0, -2.0, 0.0, -6.0, -8.0, -2.0, 4.0, 4.0, -2.0, 1.0, 1.0, -5.0, 4.0, -1.0, -3.0, 10.0, -2.0, 5.0, 3.0, -1.0, 3.0, 5.0, 4.0, -2.0, -3.0, 4.0, 4.0, -1.0, 3.0, 10.0, -1.0, 2.0, -2.0, 4.0, -2.0, 5.0, -6.0, 5.0, -1.0, -5.0, 4.0, 0.0, 5.0, 0.0, -2.0, -2.0, -8.0, -2.0, -1.0, 5.0, -1.0, 5.0, -2.0, -1.0, -2.0, -2.0, -2.0, -2.0, 10.0, 4.0, 3.0, 3.0, 4.0, 10.0, 4.0, 4.0, -2.0, 0.0, -2.0, -13.0, 4.0, -1.0, 9.0, -2.0, 4.0, 3.0, 4.0, -2.0, -2.0, 5.0, -3.0, -7.0, -2.0, -2.0, -2.0, -7.0, -1.0, -2.0, 0.0, 10.0, 9.0, -1.0, 4.0, -2.0, -2.0, -7.0, 5.0, 11.0, 4.0, 5.0, -1.0, -8.0, 4.0, -2.0, -5.0, 4.0, -1.0, -7.0, -1.0, 4.0, 0.0, -1.0, -1.0, -8.0, -2.0, -1.0, 5.0, 4.0, -9.0, -4.0, -1.0, -14.0, 2.0, -12.0, -2.0, -7.0, 6.0, -1.0, 5.0, -8.0, -7.0, -1.0, -2.0, -4.0, 3.0, -2.0, -7.0, 0.0, 4.0, 5.0, 5.0, 9.0, 5.0, 2.0, -2.0, -1.0, 7.0, -1.0, 3.0, -1.0, 4.0, 4.0, -1.0, -2.0, 5.0, 4.0, -2.0, -2.0, -1.0, 4.0, -1.0, 0.0, -4.0, 3.0, -8.0, 4.0, -5.0, -1.0, -7.0, -2.0, -7.0, -1.0, 3.0, 5.0, -2.0, 5.0, -9.0, 5.0, -2.0, 0.0, -1.0, -5.0, -1.0, -1.0, -14.0, 0.0, 5.0, 11.0, -2.0, 5.0, 5.0, 4.0, 4.0, -1.0, -1.0, 4.0, -2.0, -1.0, -5.0, 4.0, 5.0, 4.0, 2.0, -7.0, -2.0, -2.0, 5.0, 6.0, -1.0, 4.0, 0.0, 5.0, 5.0, -7.0, -6.0, 6.0, 3.0, -7.0, -7.0, -3.0, -7.0, -1.0, 5.0, -6.0, -13.0, 10.0, -1.0, 6.0, 10.0, -1.0, 3.0, -2.0, 0.0, 1.0, -2.0, -3.0, -2.0, 5.0, 5.0, -3.0, -2.0, -6.0, 15.0, 5.0, 3.0, -4.0, 5.0, 0.0, -1.0, 5.0, -2.0, 4.0, -1.0, 5.0, 4.0, -1.0, 4.0, -1.0, 11.0, -2.0, -8.0, -1.0, 8.0, 5.0, 9.0, 2.0, -6.0, 4.0, 3.0, -8.0, -1.0, 11.0, -2.0, -2.0, -20.0, -2.0]",8.192839107609505,0.0040986537933349,0.0,0.0,0
98,98,"[-0.5704166, -0.030612754, -0.92831194, 0.38607898, 0.40484205, -0.6991885, 0.9802146, -0.75829077, -0.3820986, -0.4940324, -0.8211737, 0.19344603, -0.9210241, -0.4870772, 0.20579396, 0.96349835, 0.3532833, -0.3962505, 0.9479435, -0.256103, -0.8017198, 0.28458267, -0.6123457, -0.022531075, -0.9702388, -0.22645007, -0.72519886, -0.36100453, 0.96988094, -0.7512218, 0.9818234, -0.7118773, 0.71796787, -0.105743, -0.5237103, -0.5468605, 0.97550774, -0.36332235, 0.23559374, -0.084237434, 0.36399895, -0.764258, 0.108374685, 0.85045123, -0.24853168, 0.18527588, -0.22189516, 0.79109365, -0.8307241, 0.17977268, 0.90409195, -0.27117115, -0.8592107, -0.46572304, -0.25654572, -0.632879, 0.5480154, -0.0473244, 0.660311, 0.9340524, 0.22834378, -0.40171307, 0.2108248, -0.1524823, 0.2096453, 0.45626336, 0.8845709, -0.31589627, 0.23697172, 0.8431842, 0.31676242, -0.6419054, -0.21147028, -0.08864006, -0.14810105, -0.98755723, -0.34036165, 0.9197097, 0.74527055, -0.8458671, 0.34751925, -0.38942355, 0.5771465, -0.48411617, -0.9481815, 0.36765006, -0.62846565, -0.81380624, -0.991389, -0.59555936, 0.7803291, -0.80705506, 0.55718994, 0.798254, -0.41294086, -0.7016362, -0.441397, -0.95746255, -0.79116756, 0.118991636, -0.39021596, -0.42776197, -0.7997592, -0.6051802, -0.9819735, 0.47169778, 0.43499026, 0.45833662, -0.90059304, 0.41144177, -0.57902473, -0.40507543, -0.6979436, -0.2397235, 0.7854752, 0.48831722, -0.22914639, -0.27309984, 0.21529236, 0.12305599, -0.84109133, 0.25444302, 0.7784674, 0.59419596, -0.17422155, 0.53241575, -0.40855688, -0.21372026, 0.86844665, -0.6884923, 0.05071539, -0.83529264, -0.6379294, 0.056496833, -0.17528412, 0.87830025, 0.005540863, 0.16890937, -0.95172215, 0.3029217, 0.85945904, -0.4903345, -0.99783665, 0.58943874, -0.7800405, 0.10316978, 0.019234668, -0.4940323, -0.49938473, 0.48070374, -0.81981695, -0.9097378, 0.46880198, -0.97747314, 0.12543125, 0.48477468, -0.2231758, 0.7342727, -0.3006829, 0.35570994, 0.15362689, -0.96792585, 0.5276085, 0.02682984, 0.5419142, -0.6476387, 0.97229266, -0.43880865, -0.6222643, -0.042158235, -0.919994, -0.6547173, -0.7798475, -0.48600447, -0.42558342, -0.39661035, 0.8816455, 0.046006504, 0.112506345, 0.057237923, 0.22146206, -0.41767007, 0.45980418, 0.5915286, -0.656271, -0.9944894, -0.42872536, 0.20013008, -0.07192133, -0.67903453, 0.24658068, 0.81554836, 0.20890614, 0.4875073, -0.28942385, -0.3881817, 0.91670054, 0.67599756, 0.71647125, 0.30275142, 0.84081143, 0.6432901, 0.3633938, 0.89161354, 0.46010014, 0.95867175, -0.12936422, -0.03165719, -0.10164645, -0.98037946, 0.2770518, 0.17284423, -0.86935985, -0.407656, 0.47124115, -0.4661522, 0.843107, 0.7721504, 0.27139828, -0.06773799, 0.47953096, -0.980272, 0.73926383, -0.89168596, 0.8962074, 0.4979596, 0.17280915, -0.98338926, -0.1331156, 0.104016446, -0.86379474, -0.58133537, 0.44549903, -0.47475395, 0.73015034, 0.4204211, 0.26369056, -0.2878869, 0.27020675, -0.48028567, -0.45756543, 0.042499118, -0.011879828, -0.57926226, -0.52450764, 0.50153166, 0.4681717, -0.17765585, -0.36890906, -0.93396, -0.32566047, 0.32555223, -0.17972362, 0.90722066, 0.14744984, 0.10997547, 0.45063677, 0.6552425, -0.548058, 0.033961978, -0.44681707, 0.120840535, 0.20217, -0.9441124, -0.6470045, -0.13893653, -0.4405231, -0.5997197, -0.67474216, 0.51916784, -0.39157528, -0.82634735, 0.5637902, 0.1551426, 0.49170154, -0.45249137, 0.8806882, 0.19300565, 0.022635074, -0.46749675, 0.677573, -0.18308873, -0.79901195, -0.522174, -0.23018938, 0.7582888, -0.7277153, 0.6492694, -0.007509717, -0.32769775, 0.21191022, -0.097861834, -0.4186615, -0.7859177, -0.36197641, 0.41942498, 0.93781555, 0.37247065, 0.5782549, -0.21422847, -0.045405865, -0.25295365, 0.91448236, -0.0002484534, 0.08214832, 0.82838255, 0.8525102, -0.10370055, 0.3454514, 0.79086083, 0.11754857, 0.39793313, -0.78958553, 0.33619958, 0.51446503, 0.92607856, 0.8812183, 0.5966638, 0.26313615, -0.4187112, 0.81829524, -0.6105163, 0.110574804, 0.32004264, -0.24793294, -0.15245552, -0.6108672, 0.31173465, -0.85822326, -0.3860049, 0.11605445, 0.063346736, -0.27781355, -0.8345907, -0.1200596, 0.72830516, -0.053153273, -0.5820774, -0.56174976, -0.8107018, -0.6895209, 0.093781784, 0.73525554, 0.5881065, -0.028936455, -0.6453258, -0.9828637, -0.069456264, 0.1294787, -0.33658704, 0.841312, -0.499546, -0.22145195, -0.75678325, -0.68281823, 0.88010406, 0.34940267, 0.6206335, -0.81582564, -0.782387, 0.6068247, -0.81871384, -0.30020544, 0.40868023, 0.535424, -0.18517438, -0.7936265, -0.017758776, 0.659485, -0.39906755, 0.18383005, -0.47505042, -0.5436276, -0.6157853, -0.772833, -0.42153192, -0.36486676, 0.44947752, 0.91653556, 0.47647065, 0.46839872, -0.32466212, -0.85441667, -0.090652324, -0.19406404, 0.7145629, -0.5586999, 0.7450779, -0.27680308, -0.22305357, 0.016432809, -0.23630826, 0.9802056, -0.74826527, -0.12140056, -0.75906116, -0.56617785, -0.71154416, -0.42328927, -0.67129964, 0.08160187, 0.7038689, -0.71996534, -0.8561701, -0.9706074, -0.9846883, -0.565261, 0.22071116, 0.42214915, -0.3815821, 0.573894, -0.8487363, -0.81229156, 0.60508084, -0.58486885, 0.38488394, -0.80411756, -0.24216995, 0.41414043, 0.5209752, 0.6088448, -0.6380553, 0.60666764, 0.3046996, -0.8517904, -0.054261763, 0.5938179, -0.5997116, -0.9867299, 0.9507935, -0.26469573, 0.06552661, -0.93786234, -0.806701, 0.82259864, -0.5538531, -0.62788075, 0.5982526, -0.035069354, 0.80277145, 0.37556714, 0.46853095, -0.87338644, 0.30059117, 0.06365675, 0.48898873, 0.8062931, -0.965985, 0.80739564, 0.8078701, 0.030989904, 0.26442337, -0.1925453, -0.7686382, -0.48491716, -0.5434187, 0.44642016, -0.8070358, 0.27903974, -0.1523909, -0.5471578, 0.35197356, -0.8148541, -0.92900336, -0.40636933, -0.8189101, 0.6151959, -0.40367085, 0.77603877, 0.66294926, -0.8074164, 0.9573899, 0.79946756, 0.65823436, -0.3415188, 0.06288812, 0.87394744, 0.22184394, -0.13232337, 0.92442566, 0.43561724, -0.68528813, -0.8698897, 0.31271404, 0.4467444, 0.8774425, -0.5595212, -0.7444786, -0.66453254, 0.22310731, 0.4575221, 0.2720893, -0.3427911, -0.61909753, 0.35034245, 0.4640757, 0.48579305, 0.9885059, -0.13153228, 0.86818373, -0.9807212, 0.499403, -0.9822685, -0.8864285, -0.6069911, 0.97000694, 0.7817608, -0.34990904, -0.23381902, 0.9643007, 0.1253209, -0.097580716, -0.8748166, 0.7137881, -0.12400566, -0.58288294, -0.4984638, -0.10791048, 0.68972164, 0.50363743, 0.8816198, -0.8825054, 0.8639552, 0.5774696, -0.66923064, 0.72261554, 0.07309196, -0.5620141, 0.09965604, -0.7479582, -0.51990896, -0.03155394, 0.48021406, 0.6719313, -0.0868495, 0.9762792, -0.813818, 0.19921713, 0.52607054, -0.12722969, -0.72808206, 0.7625445, -0.5992037, -0.33693004, -0.4510265, 0.5295878, -0.60217285, 0.3076243, 0.8498372, -0.8171059, 0.14486489, -0.43719855, 0.31829938, -0.19896536, -0.98272604, 0.7015204, 0.8770889, -0.066938266, -0.84067434, -0.0806272, -0.045599062, 0.8030553, -0.48901278, 0.2599163, 0.7877666, 0.98001456, 0.7445699, -0.9908139, 0.6463046, -0.17613874, 0.5446266, 0.17598481, 0.20158467, 0.7544251, 0.15285255, 0.9106353, -0.49774912, 0.6643037, -0.6525042, 0.63587666, -0.87898093, -0.999751, -0.6028957, -0.8353825, -0.40811917, 0.48590848, -0.5003268, 0.32616246, 0.24751802, 0.7680805, 0.36747915, -0.8864968, -0.20400801, 0.8208792, -0.71763253, 0.30381006, 0.76462, -0.5551347, -0.056920428, -0.52940077, -0.30593535, 0.42325804, 0.65791935, 0.90158534, 0.28668168, -0.26945293, 0.41255412, -0.8013275, -0.12590359, 0.9653981, 0.47090507, 0.72204757, -0.34943736, 0.6486762, -0.22028379, 0.052428678, 0.3551364, -0.71755123, 0.4925483, 0.7534413, -0.016699962, -0.9125937, -0.5324872, 0.5937848, 0.20832354, -0.80102766, 0.53510725, 0.086250946, -0.9207321, 0.38877523, 0.1261749, 0.27183816, 0.24709141, 0.6836116, -0.2907307, 0.8849979, -0.16595125, -0.00016300565, 0.44823667, -0.33296058, -0.6073683, -0.009678489, -0.26669255, 0.7456611, 0.23155807, 0.99726003, -0.56243676, -0.35387373, 0.53677166, -0.9203483, -0.4917848, -0.43190652, -0.26533383, 0.5510167, -0.54015607, 0.6047488, -0.3273413, -0.91088873, -0.7397902, -0.91536915, 0.1952367, -0.4914628, 0.14408392, -0.23993057, -0.84835535, 0.74738944, 0.93986756, -0.45570385, -0.4412398, -0.052058145, -0.20678546, 0.906067, -0.99895704, -0.3802721, -0.57063746, 0.93639755, 0.81929976, -0.7189903, -0.9694492, -0.94152975, -0.4824432, -0.111046284, -0.7555353, -0.5723731, 0.6672002, 0.49515057, 0.8392796, 0.027587278, -0.7479799, -0.26861113, 0.2641266, 0.15280037, -0.10293016, -0.30947492, 0.49444336, -0.63024414, -0.016054494, -0.9298933, 0.17748663, 0.8440545, -0.62027, -0.31639668, -0.8853074, 0.80946064, -0.9904098, -0.38308012, -0.5428347, 0.21863948, 0.98492575, 0.13736254, -0.19240122, 0.8266136, 0.4526584, 0.8504041, -0.14828514, -0.56895846, -0.7826939, -0.21172057, 0.67520636, -0.9398655, -0.19824103, -0.740227, 0.2314765, 0.041531283, 0.16462068, -0.14536417, 0.90167964, -0.003713366, -0.73694664, 0.5141984, -0.59848404, 0.5644344, -0.07291993, -0.13983414, 0.69832003, 0.6447812, -0.54211485, 0.37331608, -0.43128312, 0.9526272, -0.5865924, 0.331872, 0.14469105, 0.7937533, -0.8767849, -0.86283034, -0.48668027, -0.9634144, -0.70241207, 0.18915592, -0.39361414, -0.901979, 0.3145978, -0.07801706, 0.3234352, -0.63283736, 0.025398513, 0.16165105, -0.91879046, -0.78906614, -0.70601636, 0.7281658, 0.3487314, 0.36870015, 0.19506326, 0.08140372, -0.7757408, 0.1950514, 0.10867949, 0.8890725, 0.23550807, 0.7520978, 0.07531437, 0.7611584, -0.64081717, 0.20014487, 0.63031477, 0.34348723, -0.8570184, 0.47958928, 0.8345119, -0.9267192, 0.17600389, 0.6302844, 0.33082417, -0.46574742, 0.2562084, -0.34517667, -0.65776074, 0.46512273, 0.6760473, 0.2146604, 0.057156604, 0.59294105, 0.33509544, -0.270057, -0.7469564, 0.46486083, 0.9349748, 0.021812147, -0.08205235, 0.18429808, 0.24577685, 0.14463873, 0.31314856, -0.879841, 0.48610535, -0.627722, -0.11870993, -0.3013876, 0.98149717, 0.92889345, 0.7712386, -0.8589209, 0.23764916, -0.4642, -0.907441, -0.057460465, -0.06287332, 0.998535, 0.97931755, -0.9576857, 0.38671473, 0.9537959, -0.12074959, 0.4107769, -0.9915509, -0.3827224, -0.5145849, 0.64364696, -0.8778861, -0.5661064, -0.5397724, 0.41987088, 0.99912596, 0.00078320235, 0.9589488, -0.3541085, 0.34287396, -0.647376, -0.4603028, 0.35888082, -0.79012734, -0.83529747, -0.29727745, -0.105631344, -0.9282627, -0.4807816, -0.62553585, 0.8338692, 0.8903496, 0.35110772, -0.09347568, -0.46806917, 0.9637345, -0.8570265, 0.50205207, -0.5217928, 0.30450025, -0.35533375, -0.4859985, -0.2865034, 0.9133191, -0.8253216, 0.36490607, -0.3177398, -0.04457351, 0.36472368, 0.9614159, -0.3342128, -0.37219137, 0.43721956, 0.50850046, -0.11948738, -0.94980973, 0.4831543, 0.37415406, -0.3347213, -0.88211256, -0.114088535, -0.27944538, 0.12942038, 0.2919848, 0.99515396, 0.6511591, -0.7021205, 0.2668555, -0.20706843, 0.8041859, 0.30644885, -0.8891927, 0.64722264, 0.30911154, -0.9051411, 0.80192107, -0.20791999, 0.10144793, -0.27339658, -0.938514, 0.837131, -0.098346375, 0.95521045, -0.028004682, -0.33749294, 0.4646372, 0.05706223, 0.16517745, 0.35520056, 0.710211, 0.6210149, 0.49531683, 0.5359645, 0.5667223, -0.8715033, -0.3981897, 0.035499703, -0.7050182, -0.17502955, -0.6784686, 0.18919551, -0.006915371, 0.46896908, -0.7129241, -0.346744, 0.24112353, -0.92819333, 0.9704997, 0.79650056, -0.14828347, -0.9782282, 0.061776116, 0.42994982, 0.01242496, 0.98058814, -0.88747185, -0.37996385, -0.62630916, -0.9609436, -0.11703521, -0.47477007, 0.31614158, -0.071254715, -0.6340902, 0.6924027, -0.7830593, -0.26399985, 0.106127255, -0.2514967, 0.5095468, 0.15565774, 0.2427479, 0.08817182, 0.8305089, -0.84856784, -0.692719, -0.90658975, 0.68247545, 0.03688772, 0.18559873, 0.33316594, 0.6499277, -0.7017333, -0.42138126, -0.61759746, 0.41086942, 0.47857395, -0.9710123, 0.31546304, -0.050306663, -0.33983067, 0.62714976, -0.11731739, 0.14575511, -0.1782021, 0.2843098, 0.97261775, 0.16153356, -0.008360026, -0.056145728, 0.48518988, -0.15370385, 0.113284566, -0.900639, 0.95195115, -0.6372729, -0.45411995, -0.95455825, -0.93934983, 0.699686, 0.33891746, -0.9886341, -0.27085397, 0.73277014, -0.28436613, -0.8907627, -0.90928394, 0.8993707, -0.1754947, -0.7814471, -0.32227024]","[-7.0, 4.0, 4.0, -2.0, -1.0, 4.0, -1.0, 2.0, -2.0, -3.0, -2.0, -1.0, 4.0, -2.0, 4.0, -2.0, -2.0, -3.0, -7.0, -1.0, -8.0, -2.0, -2.0, -7.0, 5.0, 10.0, -7.0, -8.0, 3.0, -7.0, -14.0, 4.0, -2.0, 4.0, 5.0, 3.0, 4.0, -6.0, -7.0, -7.0, 0.0, 5.0, -1.0, -4.0, 1.0, 5.0, 3.0, -7.0, -3.0, -2.0, 5.0, 3.0, 5.0, -1.0, 1.0, 1.0, -1.0, -2.0, 0.0, 4.0, 3.0, 4.0, -2.0, 0.0, 3.0, 4.0, -7.0, -3.0, -2.0, 5.0, 5.0, 2.0, -1.0, 4.0, -6.0, 3.0, 4.0, -3.0, -1.0, 6.0, -2.0, -6.0, -1.0, -7.0, 6.0, 10.0, -1.0, -1.0, 0.0, 4.0, -1.0, 6.0, -1.0, 10.0, -2.0, 4.0, 4.0, -3.0, -6.0, -4.0, -1.0, -1.0, 1.0, -1.0, -8.0, 5.0, 1.0, 3.0, 5.0, -3.0, -2.0, -7.0, -7.0, -2.0, 4.0, -8.0, 5.0, -7.0, 5.0, -3.0, 5.0, 5.0, 0.0, 4.0, -2.0, 3.0, -1.0, 4.0, 3.0, -2.0, 5.0, -1.0, -4.0, -7.0, -2.0, -8.0, -1.0, -8.0, 3.0, 4.0, 4.0, 5.0, -2.0, 4.0, 5.0, 4.0, -8.0, 0.0, -7.0, 4.0, -10.0, 5.0, -3.0, 0.0, -2.0, -7.0, 4.0, 4.0, 4.0, -1.0, -3.0, 4.0, 5.0, 3.0, -13.0, -1.0, -7.0, 4.0, -9.0, -5.0, 3.0, -1.0, 5.0, 3.0, 1.0, -2.0, -2.0, -2.0, -3.0, 0.0, 3.0, -2.0, -2.0, -5.0, -2.0, -2.0, 5.0, -6.0, 2.0, 10.0, -3.0, -2.0, 4.0, -4.0, -2.0, 0.0, -2.0, -8.0, -2.0, -2.0, -8.0, -2.0, -2.0, 5.0, -1.0, 5.0, -1.0, -3.0, -1.0, -1.0, 5.0, 4.0, -2.0, 4.0, 1.0, -8.0, 4.0, 4.0, -2.0, -3.0, 4.0, -7.0, -3.0, -7.0, 8.0, 5.0, 4.0, -3.0, 0.0, 4.0, -7.0, 0.0, 5.0, -2.0, 0.0, 4.0, 4.0, 4.0, -1.0, 3.0, 1.0, -1.0, -6.0, 3.0, 2.0, 0.0, 4.0, -5.0, -2.0, 6.0, -2.0, -5.0, -2.0, -1.0, -2.0, -4.0, -1.0, -4.0, -2.0, -2.0, -2.0, 5.0, -7.0, -2.0, 4.0, -1.0, -7.0, 1.0, -7.0, 5.0, 4.0, -1.0, -1.0, -6.0, 6.0, -1.0, 5.0, -2.0, -4.0, -7.0, 4.0, -1.0, 0.0, -1.0, -1.0, 12.0, 0.0, -1.0, 4.0, 4.0, -1.0, -2.0, -8.0, -2.0, -2.0, -1.0, -7.0, -1.0, -3.0, -2.0, 4.0, 3.0, 4.0, -1.0, -1.0, 0.0, -3.0, 4.0, 0.0, -2.0, 3.0, 3.0, -6.0, -1.0, -2.0, 0.0, 1.0, -1.0, 5.0, 4.0, -1.0, -8.0, -1.0, 3.0, 6.0, 1.0, -7.0, 4.0, 5.0, 2.0, 0.0, 0.0, 4.0, 10.0, -2.0, -2.0, -8.0, -2.0, 4.0, 12.0, -1.0, 5.0, -4.0, -7.0, -7.0, 0.0, -1.0, -1.0, -2.0, -1.0, -3.0, -1.0, -1.0, 4.0, 5.0, 5.0, -2.0, -7.0, 3.0, -1.0, -7.0, -1.0, 4.0, -7.0, 6.0, -1.0, 4.0, 10.0, 4.0, -7.0, -1.0, 13.0, 4.0, 9.0, 0.0, 4.0, -3.0, 4.0, 5.0, 4.0, 4.0, 4.0, -2.0, 5.0, -1.0, 4.0, 3.0, 5.0, 5.0, 3.0, 0.0, 5.0, -2.0, 11.0, 5.0, 11.0, -2.0, -2.0, 5.0, 10.0, -3.0, 5.0, 10.0, -1.0, 3.0, -1.0, -7.0, 5.0, -2.0, 4.0, -2.0, 3.0, 3.0, 1.0, -8.0, -2.0, -10.0, 5.0, 0.0, -3.0, -8.0, 1.0, 8.0, -6.0, 6.0, 3.0, -7.0, -7.0, -2.0, -1.0, -1.0, -1.0, -2.0, -2.0, -2.0, -2.0, -14.0, -7.0, -1.0, -7.0, -1.0, -8.0, 4.0, -2.0, 5.0, -2.0, 5.0, -2.0, 5.0, 4.0, -1.0, -2.0, 4.0, 4.0, 5.0, 4.0, 3.0, -1.0, 4.0, 2.0, 4.0, -2.0, -2.0, -1.0, 9.0, -1.0, -1.0, -8.0, 0.0, 5.0, 2.0, 4.0, -1.0, 5.0, -1.0, 5.0, -8.0, -1.0, -2.0, -1.0, -2.0, -2.0, -10.0, 5.0, -5.0, -1.0, 5.0, 11.0, -1.0, 0.0, -5.0, -2.0, -2.0, 2.0, -2.0, -2.0, -2.0, -8.0, 0.0, -2.0, -7.0, 4.0, -7.0, -1.0, -3.0, -5.0, 4.0, 2.0, -1.0, -2.0, 4.0, 5.0, -4.0, 4.0, -1.0, -1.0, -1.0, 3.0, 9.0, -7.0, 4.0, -2.0, -3.0, -2.0, -2.0, 5.0, 4.0, 4.0, -5.0, -1.0, -1.0, 3.0, -3.0, -1.0, -7.0, 0.0, -1.0, 4.0, 3.0, -5.0, 5.0, 4.0, -1.0, -1.0, 4.0, -3.0, -1.0, -1.0, -2.0, -2.0, 5.0, 5.0, -2.0, 1.0, -7.0, 5.0, 4.0, -2.0, -1.0, 3.0, -1.0, -7.0, -5.0, -2.0, -1.0, -1.0, 5.0, -1.0, 0.0, 4.0, -3.0, -7.0, -2.0, -1.0, -1.0, -2.0, 3.0, -3.0, -2.0, 1.0, 1.0, -3.0, 0.0, -1.0, -8.0, 4.0, 3.0, 1.0, -1.0, -2.0, -7.0, -2.0, -1.0, 3.0, -1.0, -1.0, 5.0, -3.0, 4.0, 0.0, -2.0, -7.0, -7.0, 3.0, 5.0, -1.0, 11.0, 4.0, -1.0, 4.0, -2.0, 0.0, 10.0, 0.0, -7.0, -2.0, -8.0, -2.0, 7.0, -1.0, -1.0, 4.0, 6.0, 5.0, 4.0, 2.0, -1.0, -2.0, 10.0, -4.0, -1.0, -2.0, 4.0, -1.0, -1.0, 0.0, 5.0, -1.0, 2.0, -1.0, -2.0, -1.0, -6.0, 2.0, -1.0, -2.0, 1.0, -2.0, 3.0, -2.0, -2.0, 6.0, -2.0, -2.0, 1.0, -2.0, -2.0, -6.0, 4.0, 1.0, 5.0, -3.0, -3.0, 5.0, 4.0, -6.0, -2.0, -1.0, -1.0, 0.0, -1.0, -3.0, 3.0, 3.0, 1.0, 0.0, 5.0, 1.0, -1.0, -1.0, -2.0, -1.0, 5.0, -3.0, 5.0, -1.0, -12.0, -2.0, -1.0, -1.0, -5.0, -7.0, -1.0, -2.0, -3.0, 6.0, 8.0, -3.0, 0.0, 4.0, 3.0, 5.0, -1.0, 3.0, 4.0, -1.0, 4.0, -1.0, 5.0, -15.0, -7.0, -1.0, -2.0, 1.0, -7.0, 5.0, -1.0, 1.0, -2.0, 6.0, 0.0, -4.0, -1.0, -2.0, 2.0, -2.0, 0.0, -6.0, -8.0, -2.0, 4.0, 4.0, -2.0, 1.0, 1.0, -5.0, 4.0, -1.0, -3.0, 10.0, -2.0, 5.0, 3.0, -1.0, 3.0, 5.0, 4.0, -2.0, -3.0, 4.0, 4.0, -1.0, 3.0, 10.0, -1.0, 2.0, -2.0, 4.0, -2.0, 5.0, -6.0, 5.0, -1.0, -5.0, 4.0, 0.0, 5.0, 0.0, -2.0, -2.0, -8.0, -2.0, -1.0, 5.0, -1.0, 5.0, -2.0, -1.0, -2.0, -2.0, -2.0, -2.0, 10.0, 4.0, 3.0, 3.0, 4.0, 10.0, 4.0, 4.0, -2.0, 0.0, -2.0, -13.0, 4.0, -1.0, 9.0, -2.0, 4.0, 3.0, 4.0, -2.0, -2.0, 5.0, -3.0, -7.0, -2.0, -2.0, -2.0, -7.0, -1.0, -2.0, 0.0, 10.0, 9.0, -1.0, 4.0, -2.0, -2.0, -7.0, 5.0, 11.0, 4.0, 5.0, -1.0, -8.0, 4.0, -2.0, -5.0, 4.0, -1.0, -7.0, -1.0, 4.0, 0.0, -1.0, -1.0, -8.0, -2.0, -1.0, 5.0, 4.0, -9.0, -4.0, -1.0, -14.0, 2.0, -12.0, -2.0, -7.0, 6.0, -1.0, 5.0, -8.0, -7.0, -1.0, -2.0, -4.0, 3.0, -2.0, -7.0, 0.0, 4.0, 5.0, 5.0, 9.0, 5.0, 2.0, -2.0, -1.0, 7.0, -1.0, 3.0, -1.0, 4.0, 4.0, -1.0, -2.0, 5.0, 4.0, -2.0, -2.0, -1.0, 4.0, -1.0, 0.0, -4.0, 3.0, -8.0, 4.0, -5.0, -1.0, -7.0, -2.0, -7.0, -1.0, 3.0, 5.0, -2.0, 5.0, -9.0, 5.0, -2.0, 0.0, -1.0, -5.0, -1.0, -1.0, -14.0, 0.0, 5.0, 11.0, -2.0, 5.0, 5.0, 4.0, 4.0, -1.0, -1.0, 4.0, -2.0, -1.0, -5.0, 4.0, 5.0, 4.0, 2.0, -7.0, -2.0, -2.0, 5.0, 6.0, -1.0, 4.0, 0.0, 5.0, 5.0, -7.0, -6.0, 6.0, 3.0, -7.0, -7.0, -3.0, -7.0, -1.0, 5.0, -6.0, -13.0, 10.0, -1.0, 6.0, 10.0, -1.0, 3.0, -2.0, 0.0, 1.0, -2.0, -3.0, -2.0, 5.0, 5.0, -3.0, -2.0, -6.0, 15.0, 5.0, 3.0, -4.0, 5.0, 0.0, -1.0, 5.0, -2.0, 4.0, -1.0, 5.0, 4.0, -1.0, 4.0, -1.0, 11.0, -2.0, -8.0, -1.0, 8.0, 5.0, 9.0, 2.0, -6.0, 4.0, 3.0, -8.0, -1.0, 11.0, -2.0, -2.0, -20.0, -2.0]",8.192839107609505,0.0032684803009033,0.0,0.0,0
99,99,"[-0.88616455, 0.6811262, 0.4290563, 0.6890095, 0.587818, -0.3414722, -0.3740755, -0.2469688, 0.7218871, 0.03544073, -0.7025604, -0.33134213, 0.80143315, 0.85127413, -0.32694998, 0.93682724, -0.07940924, -0.95048547, -0.3221107, 0.9793692, 0.47350717, 0.19016317, 0.5726792, -0.30247873, 0.13950537, 0.8191612, 0.8155564, -0.7683012, -0.44870287, 0.45603627, 0.8394088, 0.050627045, -0.051332533, 0.6433864, 0.8644367, -0.33074385, 0.10795355, 0.94867784, 0.35122243, -0.4416524, -0.38348466, 0.69846517, -0.6172194, 0.99069405, -0.20595556, -0.04667241, 0.011697048, -0.94755673, -0.46406555, 0.8470209, -0.331361, -0.0076836464, -0.32033816, -0.8156969, -0.20615223, -0.20187318, -0.80961704, -0.14256378, -0.90615535, 0.38462126, -0.9908828, 0.66551024, -0.0030936096, 0.9458455, -0.22617453, 0.46350342, -0.6691357, -0.071305156, -0.041185047, 0.019443732, -0.14911066, 0.10290359, 0.4424992, -0.06906727, 0.996149, -0.97518116, 0.6090261, -0.80132097, 0.07394691, 0.3161213, 0.8959879, 0.22824512, -0.9486486, 0.69998664, -0.16378668, 0.42380813, -0.97791475, -0.012900956, 0.6644239, -0.9979061, -0.694284, 0.6571193, 0.023645177, -0.1328064, 0.9818074, -0.7428107, 0.6692654, 0.29305553, 0.86663216, 0.14477697, 0.717219, -0.89135545, 0.72998613, 0.7587122, 0.16485463, -0.8643487, -0.86137545, -0.04599824, 0.8878999, 0.5646231, -0.47125477, -0.940933, 0.42103627, 0.42405155, -0.68650323, -0.2076823, -0.24359843, 0.74623436, 0.24330291, -0.84949374, 0.042216055, -0.416036, 0.95825434, -0.2263751, 0.9797233, 0.27860022, 0.21269268, 0.91648513, -0.86606646, -0.94980913, -0.7641809, 0.011052923, 0.6592852, -0.5663661, -0.22047444, 0.48364767, -0.14788564, -0.5150568, -0.3561729, -0.16290855, 0.66274023, 0.793859, -0.8928937, 0.40534195, 0.3256071, 0.69790477, -0.4401051, 0.082374886, -0.35189086, -0.7012865, 0.28594506, 0.94285595, 0.9859174, -0.35068434, 0.55090994, -0.98555577, -0.5100794, -0.8224597, 0.07560556, 0.03525194, 0.85668546, 0.39942476, -0.069538325, -0.6904466, 0.93735147, 0.9923008, 0.035734136, -0.7631345, -0.5705731, 0.5692885, 0.6044847, 0.9180877, -0.3122287, 0.0075290543, 0.17130063, 0.5770459, -0.8902391, -0.074340716, 0.46877924, 0.7388767, -0.31733298, 0.7042035, -0.30636972, 0.58284616, -0.9259862, -0.58042777, -0.112694815, 0.16600955, 0.4131488, -0.11232381, -0.2964921, 0.086632885, 0.76226497, -0.47524127, 0.5483955, 0.9225551, 0.576459, -0.35646817, -0.90360904, -0.2804971, 0.8303547, 0.12005239, 0.3341048, 0.7682986, 0.8907501, -0.8319277, 0.9505673, -0.82754827, -0.9172724, 0.4987635, 0.15813236, -0.9305705, -0.62247837, -0.07056506, -0.7021115, -0.31882182, -0.9150834, 0.64357543, -0.36411738, -0.645969, -0.9587001, 0.05753419, 0.37353346, 0.1270291, 0.03227658, -0.3198516, 0.7482981, -0.8560555, 0.189718, 0.8431689, -0.8335901, -0.7654467, -0.19057061, -0.38357535, 0.59047276, 0.6271061, -0.01479289, 0.71839535, 0.6352367, -0.99129945, 0.17442779, 0.10460005, 0.2388623, -0.4601098, -0.79306215, 0.4489401, 0.9685586, 0.9972423, 0.94838035, 0.06981102, 0.9659877, 0.5189079, -0.44592026, 0.28352213, 0.30866784, 0.39508706, -0.94392097, -0.47986177, -0.5411068, -0.91351205, -0.38356793, 0.08645121, -0.58703935, -0.8283309, -0.89045393, 0.57012385, 0.7609393, 0.724329, 0.27245423, 0.9377232, -0.9942464, 0.64726555, -0.23417637, 0.2633827, 0.13151374, -0.20421983, -0.69879633, -0.37173384, 0.96578497, -0.88230383, 0.34205732, -0.62252694, 0.786825, 0.03902029, -0.7515468, -0.0061864406, -0.55985624, 0.8349991, 0.749746, 0.013952685, 0.7156243, 0.7978684, 0.080679215, 0.12064698, -0.43162376, 0.24957813, -0.67305875, 0.80088145, 0.6327589, 0.028139012, -0.160076, 0.47809765, -0.48222682, -0.8486531, 0.16677347, -0.57279205, -0.88134897, 0.058127146, -0.41557533, 0.9585999, 0.5424163, -0.6216228, -0.27795237, 0.31067374, -0.10071648, -0.42090854, -0.5731314, -0.9639188, -0.06376591, 0.5211853, 0.8505689, 0.3393789, 0.2861641, -0.703571, 0.5385759, 0.56132215, 0.5763919, -0.28964224, 0.70074797, 0.32040372, 0.65755475, 0.5027688, -0.063478224, 0.7660872, -0.4850138, -0.86195105, -0.28679216, -0.623152, 0.777849, -0.5999918, -0.27068424, -0.95074606, -0.80022264, -0.00722871, -0.10489459, -0.15288077, -0.08916931, -0.5598437, 0.01063535, 0.12687308, -0.9221345, 0.85612947, -0.6492597, 0.13032137, -0.018673738, 0.6403986, 0.24426828, 0.4875132, 0.31794393, 0.48422515, 0.27008137, -0.4340986, 0.2047326, 0.7514928, -0.55067545, -0.68198365, 0.8622865, 0.66733235, 0.23085043, -0.3947876, 0.81126523, -0.8325549, -0.22863348, -0.9777746, -0.088117205, 0.9771741, 0.25970533, -0.64408296, 0.70956075, -0.15368864, 0.8618315, -0.34138894, -0.07160631, 0.6864352, 0.44292584, 0.1348717, -0.9764707, 0.08201236, -0.40762064, 0.6164837, 0.14086066, -0.04325942, -0.6074034, 0.992725, -0.75803626, 0.0641402, -0.109169856, -0.025469765, 0.07220871, -0.9418642, 0.32014883, 0.71348506, 0.83595544, 0.11642906, -0.28778383, -0.9716678, -0.17960855, 0.19758013, -0.69883555, -0.7040377, -0.82132655, 0.5183145, 0.54304546, 0.78865457, -0.43880174, -0.9424297, 0.6831602, 0.9587906, -0.9831715, 0.76980835, -0.56705165, -0.89327866, 0.8744133, 0.57658714, 0.90946895, -0.6646107, -0.0070025693, -0.6913001, 0.021955011, -0.36686113, 0.009879933, -0.8704004, 0.53836465, 0.39101714, -0.34746045, 0.5446489, 0.9223816, -0.22756751, 0.6782967, 0.30103463, 0.7417678, -0.83309835, -0.6766702, 0.98275024, -0.64191747, -0.45800817, 0.7004934, -0.9999427, -0.996298, -0.6679926, 0.59048915, -0.81067055, 0.53081256, -0.32640222, -0.11756474, -0.66634476, 0.14068902, 0.6982395, 0.73742706, 0.16653526, 0.7121435, -0.77612704, 0.16297394, 0.2047278, 0.70079476, 0.71039337, 0.3303427, 0.15648432, -0.94614536, 0.337144, -0.69062, -0.029391598, -0.11269011, 0.91693467, 0.4960073, -0.17149721, 0.09404102, 0.8351768, 0.55946094, 0.5557191, 0.054836214, -0.9098186, -0.22514156, 0.035778474, 0.9133386, -0.79937345, 0.2248259, -0.97572815, 0.9744814, 0.39817318, -0.1482847, -0.18596128, 0.79099625, 0.07028659, -0.021857554, -0.7750327, -0.49556962, -0.11084161, -0.7760925, -0.5524604, 0.77960867, -0.5740102, -0.1853876, 0.7885166, -0.6128901, 0.9666845, -0.35481954, -0.27796024, 0.07970016, 0.9386606, 0.049312267, -0.9944711, -0.37521952, -0.4079794, 0.41190743, 0.60607594, 0.39032704, -0.056173597, 0.7977188, -0.04664077, 0.09227768, 0.7278986, -0.84583825, -0.22865574, -0.72499096, 0.29777706, -0.4585945, -0.9099377, -0.14636907, 0.88408154, 0.6831309, -0.7896376, 0.3309592, 0.76948357, 0.54413044, -0.8440952, -0.5489431, 0.7969465, -0.63249046, -0.91163105, 0.29321486, 0.32618108, 0.90390646, 0.45865163, -0.04302723, -0.6282344, -0.24766415, 0.6041013, 0.47024414, 0.5524935, 0.08535086, 0.25690132, -0.2918381, 0.58703893, -0.71908987, -0.62143147, -0.83692735, -0.26202115, -0.069473006, 0.80502194, -0.2827127, 0.24681355, -0.53897285, 0.3714425, 0.82832175, 0.8871882, -0.11989087, -0.1387115, -0.8261592, -0.64476657, -0.59879184, 0.4001961, 0.6419406, 0.3176416, 0.57856333, 0.94077116, 0.58506703, -0.28027865, 0.47512397, -0.9159195, -0.048288394, 0.48189294, 0.76126254, -0.2484559, -0.6142619, -0.05847768, 0.96806633, 0.9020583, -0.8591807, 0.032619607, -0.3399718, -0.2714519, 0.72199327, -0.16140656, 0.14914443, 0.62775785, 0.24988411, -0.7964838, 0.42984763, -0.8588771, -0.71762085, 0.9827363, -0.27127376, 0.4115272, -0.24420807, 0.6562502, -0.9098386, 0.7044943, -0.95426816, 0.24139532, -0.22199729, 0.5206668, 0.696575, -0.31591365, 0.19563656, 0.56679213, 0.2697248, 0.119358905, 0.84821534, -0.13736291, -0.047306467, -0.15913849, -0.7036441, 0.8455843, 0.72834826, -0.5966867, 0.7634234, -0.3746739, 0.39854622, -0.82432073, -0.91733366, 0.7258446, 0.70070726, -0.280355, 0.575461, -0.22007622, -0.34706393, -0.51834875, 0.3076338, 0.3775081, -0.31860244, -0.73387134, -0.8181532, 0.42416295, 0.82182175, 0.6219556, -0.77479666, -0.3842609, -0.43464586, -0.67591375, 0.915803, -0.88805455, -0.9985879, 0.983712, -0.5062983, -0.3817851, 0.48302612, -0.5291399, -0.41403428, -0.1474883, 0.09418594, -0.68232393, -0.97461367, -0.04571361, -0.7188404, 0.16140026, 0.048487756, -0.2080359, -0.52865946, 0.01162663, -0.6008551, -0.04984317, 0.08104845, 0.46515355, -0.59217215, 0.03671828, -0.54138213, -0.029968714, 0.6472952, -0.91301656, 0.9566906, 0.23669024, 0.40202403, -0.71944827, 0.5588733, 0.67304, 0.8047672, 0.85922897, -0.12699564, 0.49467885, -0.63767546, 0.3787992, 0.24432245, -0.51688504, 0.91035646, -0.67955446, -0.8076823, -0.76971686, 0.7872785, -0.43745032, -0.53317326, -0.9163501, -0.4724711, 0.67210233, 0.64329606, -0.37554386, -0.5719006, 0.42858905, -0.7697578, -0.81714875, -0.5082296, -0.08559814, -0.6193133, 0.42505383, 0.52828646, -0.71176875, -0.7186238, 0.28528953, 0.12786715, 0.7802583, -0.926586, -0.48359117, -0.57812876, 0.43793958, -0.10830904, -0.25083128, 0.17872183, -0.3532568, -0.24120782, 0.14332616, -0.81493783, 0.11265036, -0.36127242, 0.40781558, -0.25770643, -0.96796095, 0.2598217, -0.8564724, -0.2310611, -0.27890304, 0.4435687, 0.32520333, 0.22654745, -0.16276245, -0.5426864, 0.52556455, 0.5789813, 0.9775072, -0.35819408, -0.65219945, -0.4164439, 0.9003798, 0.9019598, 0.51100117, -0.83018875, -0.14452887, -0.70906967, -0.034607165, -0.86084783, -0.077517316, -0.2263819, -0.658307, -0.33198327, -0.8897915, 0.990494, -0.14155954, 0.014758916, 0.48639685, 0.12151251, 0.07366382, -0.3998826, -0.50046515, 0.3704062, 0.31567603, -0.96434075, 0.73637664, 0.012539497, 0.109474696, 0.62738776, -0.62733793, 0.13179506, 0.008754774, -0.19564186, 0.06812579, 0.47073838, -0.11786523, 0.54772836, -0.97868156, 0.5132209, -0.8617909, -0.6421694, 0.95465076, 0.28620145, -0.7398268, -0.2347313, 0.07616271, 0.44590363, -0.48356384, -0.56483793, -0.89466804, 0.13980855, -0.16515864, 0.008624552, 0.5005449, -0.35317805, -0.1950973, 0.67569554, -0.7796126, -0.32486996, -0.9676837, -0.4116533, 0.7485467, 0.093647435, 0.41871512, 0.21141104, 0.4160083, 0.17819963, 0.7434176, -0.12483747, 0.7607137, -0.023862202, -0.20930058, -0.97603405, 0.99153703, 0.71130574, 0.76732093, 0.9921663, 0.09495492, 0.30832914, 0.23585792, -0.6940707, 0.055550642, -0.71599823, 0.8167861, -0.8235124, -0.48893777, 0.49074233, -0.12180229, 0.62599486, -0.48380896, -0.13474768, -0.16112366, 0.9842467, -0.28445467, -0.9610333, -0.89041543, 0.6773077, 0.4989352, 0.54954255, 0.8888202, 0.7050374, -0.45850128, -0.9771056, -0.770123, -0.51704246, 0.021081943, 0.10366193, 0.9927371, 0.6462777, 0.26614416, -0.32015756, -0.42564824, 0.019522943, -0.633534, -0.78684926, 0.40948582, 0.96893126, 0.19642872, -0.81523377, -0.08400866, 0.5523174, -0.4895129, 0.41443154, 0.8053057, -0.2675797, -0.5382739, -0.2402822, -0.21247897, -0.22563437, 0.6998546, 0.00067753356, -0.20915897, 0.59707725, 0.19894701, -0.66361016, -0.6681563, 0.5844797, 0.67041546, 0.6074638, 0.5796243, 0.24331842, 0.6225592, -0.2674336, 0.43510342, -0.44246873, 0.22094496, -0.086558886, 0.2809842, -0.8576613, 0.91693765, 0.47002277, 0.97724545, 0.7414433, -0.72203004, -0.31191328, 0.9115341, 0.65416163, -0.9498079, 0.4909671, 0.98723596, 0.5658026, 0.53922564, 0.8593036, 0.04710288, 0.93427515, 0.7353078, 0.36985728, 0.35073474, -0.49428993, -0.16433364, 0.9583603, 0.32668564, 0.7732307, 0.99643064, -0.028101679, -0.6131247, -0.927568, -0.9904915, -0.97084045, 0.29039943, 0.6448136, 0.23476017, -0.96286035, 0.14777897, 0.97354686, 0.18006772, -0.50291014, -0.42185345, -0.35153437, 0.5810258, -0.19530484, 0.7953967, 0.012043699, -0.7939396, 0.7257809, 0.22631748, 0.50709, 0.15985158, 0.24160793, 0.11464935, 0.8499569, 0.37608364, -0.63303703, 0.13327631, 0.7192606, -0.619195, -0.6070656, 0.58029675, 0.16757676, -0.6279658, 0.38682967, -0.5644069, -0.5492593, -0.32405326, 0.92659324, 0.09054239, 0.1091724, -0.6670508, -0.75316113, -0.7129935, -0.6586055, 0.106566474, -0.06344291, -0.54822874, -0.3330419, -0.7574027, 0.16890927, 0.52530056, -0.0029025865, -0.84712136, -0.03221338, -0.55093473, -0.4470896, -0.043161135, -0.35712013, -0.3308697, -0.025611, 0.5114398, 0.31128803, -0.99430645, 0.9329656, -0.8292455, -0.03581883, -0.56477016, 0.8814832, 0.27383915, 0.27233317, -0.3478774, 0.06950913, 0.034476638]","[-7.0, 4.0, 4.0, -2.0, -1.0, 4.0, -1.0, 2.0, -2.0, -3.0, -2.0, -1.0, 4.0, -2.0, 4.0, -2.0, -2.0, -3.0, -7.0, -1.0, -8.0, -2.0, -2.0, -7.0, 5.0, 10.0, -7.0, -8.0, 3.0, -7.0, -14.0, 4.0, -2.0, 4.0, 5.0, 3.0, 4.0, -6.0, -7.0, -7.0, 0.0, 5.0, -1.0, -4.0, 1.0, 5.0, 3.0, -7.0, -3.0, -2.0, 5.0, 3.0, 5.0, -1.0, 1.0, 1.0, -1.0, -2.0, 0.0, 4.0, 3.0, 4.0, -2.0, 0.0, 3.0, 4.0, -7.0, -3.0, -2.0, 5.0, 5.0, 2.0, -1.0, 4.0, -6.0, 3.0, 4.0, -3.0, -1.0, 6.0, -2.0, -6.0, -1.0, -7.0, 6.0, 10.0, -1.0, -1.0, 0.0, 4.0, -1.0, 6.0, -1.0, 10.0, -2.0, 4.0, 4.0, -3.0, -6.0, -4.0, -1.0, -1.0, 1.0, -1.0, -8.0, 5.0, 1.0, 3.0, 5.0, -3.0, -2.0, -7.0, -7.0, -2.0, 4.0, -8.0, 5.0, -7.0, 5.0, -3.0, 5.0, 5.0, 0.0, 4.0, -2.0, 3.0, -1.0, 4.0, 3.0, -2.0, 5.0, -1.0, -4.0, -7.0, -2.0, -8.0, -1.0, -8.0, 3.0, 4.0, 4.0, 5.0, -2.0, 4.0, 5.0, 4.0, -8.0, 0.0, -7.0, 4.0, -10.0, 5.0, -3.0, 0.0, -2.0, -7.0, 4.0, 4.0, 4.0, -1.0, -3.0, 4.0, 5.0, 3.0, -13.0, -1.0, -7.0, 4.0, -9.0, -5.0, 3.0, -1.0, 5.0, 3.0, 1.0, -2.0, -2.0, -2.0, -3.0, 0.0, 3.0, -2.0, -2.0, -5.0, -2.0, -2.0, 5.0, -6.0, 2.0, 10.0, -3.0, -2.0, 4.0, -4.0, -2.0, 0.0, -2.0, -8.0, -2.0, -2.0, -8.0, -2.0, -2.0, 5.0, -1.0, 5.0, -1.0, -3.0, -1.0, -1.0, 5.0, 4.0, -2.0, 4.0, 1.0, -8.0, 4.0, 4.0, -2.0, -3.0, 4.0, -7.0, -3.0, -7.0, 8.0, 5.0, 4.0, -3.0, 0.0, 4.0, -7.0, 0.0, 5.0, -2.0, 0.0, 4.0, 4.0, 4.0, -1.0, 3.0, 1.0, -1.0, -6.0, 3.0, 2.0, 0.0, 4.0, -5.0, -2.0, 6.0, -2.0, -5.0, -2.0, -1.0, -2.0, -4.0, -1.0, -4.0, -2.0, -2.0, -2.0, 5.0, -7.0, -2.0, 4.0, -1.0, -7.0, 1.0, -7.0, 5.0, 4.0, -1.0, -1.0, -6.0, 6.0, -1.0, 5.0, -2.0, -4.0, -7.0, 4.0, -1.0, 0.0, -1.0, -1.0, 12.0, 0.0, -1.0, 4.0, 4.0, -1.0, -2.0, -8.0, -2.0, -2.0, -1.0, -7.0, -1.0, -3.0, -2.0, 4.0, 3.0, 4.0, -1.0, -1.0, 0.0, -3.0, 4.0, 0.0, -2.0, 3.0, 3.0, -6.0, -1.0, -2.0, 0.0, 1.0, -1.0, 5.0, 4.0, -1.0, -8.0, -1.0, 3.0, 6.0, 1.0, -7.0, 4.0, 5.0, 2.0, 0.0, 0.0, 4.0, 10.0, -2.0, -2.0, -8.0, -2.0, 4.0, 12.0, -1.0, 5.0, -4.0, -7.0, -7.0, 0.0, -1.0, -1.0, -2.0, -1.0, -3.0, -1.0, -1.0, 4.0, 5.0, 5.0, -2.0, -7.0, 3.0, -1.0, -7.0, -1.0, 4.0, -7.0, 6.0, -1.0, 4.0, 10.0, 4.0, -7.0, -1.0, 13.0, 4.0, 9.0, 0.0, 4.0, -3.0, 4.0, 5.0, 4.0, 4.0, 4.0, -2.0, 5.0, -1.0, 4.0, 3.0, 5.0, 5.0, 3.0, 0.0, 5.0, -2.0, 11.0, 5.0, 11.0, -2.0, -2.0, 5.0, 10.0, -3.0, 5.0, 10.0, -1.0, 3.0, -1.0, -7.0, 5.0, -2.0, 4.0, -2.0, 3.0, 3.0, 1.0, -8.0, -2.0, -10.0, 5.0, 0.0, -3.0, -8.0, 1.0, 8.0, -6.0, 6.0, 3.0, -7.0, -7.0, -2.0, -1.0, -1.0, -1.0, -2.0, -2.0, -2.0, -2.0, -14.0, -7.0, -1.0, -7.0, -1.0, -8.0, 4.0, -2.0, 5.0, -2.0, 5.0, -2.0, 5.0, 4.0, -1.0, -2.0, 4.0, 4.0, 5.0, 4.0, 3.0, -1.0, 4.0, 2.0, 4.0, -2.0, -2.0, -1.0, 9.0, -1.0, -1.0, -8.0, 0.0, 5.0, 2.0, 4.0, -1.0, 5.0, -1.0, 5.0, -8.0, -1.0, -2.0, -1.0, -2.0, -2.0, -10.0, 5.0, -5.0, -1.0, 5.0, 11.0, -1.0, 0.0, -5.0, -2.0, -2.0, 2.0, -2.0, -2.0, -2.0, -8.0, 0.0, -2.0, -7.0, 4.0, -7.0, -1.0, -3.0, -5.0, 4.0, 2.0, -1.0, -2.0, 4.0, 5.0, -4.0, 4.0, -1.0, -1.0, -1.0, 3.0, 9.0, -7.0, 4.0, -2.0, -3.0, -2.0, -2.0, 5.0, 4.0, 4.0, -5.0, -1.0, -1.0, 3.0, -3.0, -1.0, -7.0, 0.0, -1.0, 4.0, 3.0, -5.0, 5.0, 4.0, -1.0, -1.0, 4.0, -3.0, -1.0, -1.0, -2.0, -2.0, 5.0, 5.0, -2.0, 1.0, -7.0, 5.0, 4.0, -2.0, -1.0, 3.0, -1.0, -7.0, -5.0, -2.0, -1.0, -1.0, 5.0, -1.0, 0.0, 4.0, -3.0, -7.0, -2.0, -1.0, -1.0, -2.0, 3.0, -3.0, -2.0, 1.0, 1.0, -3.0, 0.0, -1.0, -8.0, 4.0, 3.0, 1.0, -1.0, -2.0, -7.0, -2.0, -1.0, 3.0, -1.0, -1.0, 5.0, -3.0, 4.0, 0.0, -2.0, -7.0, -7.0, 3.0, 5.0, -1.0, 11.0, 4.0, -1.0, 4.0, -2.0, 0.0, 10.0, 0.0, -7.0, -2.0, -8.0, -2.0, 7.0, -1.0, -1.0, 4.0, 6.0, 5.0, 4.0, 2.0, -1.0, -2.0, 10.0, -4.0, -1.0, -2.0, 4.0, -1.0, -1.0, 0.0, 5.0, -1.0, 2.0, -1.0, -2.0, -1.0, -6.0, 2.0, -1.0, -2.0, 1.0, -2.0, 3.0, -2.0, -2.0, 6.0, -2.0, -2.0, 1.0, -2.0, -2.0, -6.0, 4.0, 1.0, 5.0, -3.0, -3.0, 5.0, 4.0, -6.0, -2.0, -1.0, -1.0, 0.0, -1.0, -3.0, 3.0, 3.0, 1.0, 0.0, 5.0, 1.0, -1.0, -1.0, -2.0, -1.0, 5.0, -3.0, 5.0, -1.0, -12.0, -2.0, -1.0, -1.0, -5.0, -7.0, -1.0, -2.0, -3.0, 6.0, 8.0, -3.0, 0.0, 4.0, 3.0, 5.0, -1.0, 3.0, 4.0, -1.0, 4.0, -1.0, 5.0, -15.0, -7.0, -1.0, -2.0, 1.0, -7.0, 5.0, -1.0, 1.0, -2.0, 6.0, 0.0, -4.0, -1.0, -2.0, 2.0, -2.0, 0.0, -6.0, -8.0, -2.0, 4.0, 4.0, -2.0, 1.0, 1.0, -5.0, 4.0, -1.0, -3.0, 10.0, -2.0, 5.0, 3.0, -1.0, 3.0, 5.0, 4.0, -2.0, -3.0, 4.0, 4.0, -1.0, 3.0, 10.0, -1.0, 2.0, -2.0, 4.0, -2.0, 5.0, -6.0, 5.0, -1.0, -5.0, 4.0, 0.0, 5.0, 0.0, -2.0, -2.0, -8.0, -2.0, -1.0, 5.0, -1.0, 5.0, -2.0, -1.0, -2.0, -2.0, -2.0, -2.0, 10.0, 4.0, 3.0, 3.0, 4.0, 10.0, 4.0, 4.0, -2.0, 0.0, -2.0, -13.0, 4.0, -1.0, 9.0, -2.0, 4.0, 3.0, 4.0, -2.0, -2.0, 5.0, -3.0, -7.0, -2.0, -2.0, -2.0, -7.0, -1.0, -2.0, 0.0, 10.0, 9.0, -1.0, 4.0, -2.0, -2.0, -7.0, 5.0, 11.0, 4.0, 5.0, -1.0, -8.0, 4.0, -2.0, -5.0, 4.0, -1.0, -7.0, -1.0, 4.0, 0.0, -1.0, -1.0, -8.0, -2.0, -1.0, 5.0, 4.0, -9.0, -4.0, -1.0, -14.0, 2.0, -12.0, -2.0, -7.0, 6.0, -1.0, 5.0, -8.0, -7.0, -1.0, -2.0, -4.0, 3.0, -2.0, -7.0, 0.0, 4.0, 5.0, 5.0, 9.0, 5.0, 2.0, -2.0, -1.0, 7.0, -1.0, 3.0, -1.0, 4.0, 4.0, -1.0, -2.0, 5.0, 4.0, -2.0, -2.0, -1.0, 4.0, -1.0, 0.0, -4.0, 3.0, -8.0, 4.0, -5.0, -1.0, -7.0, -2.0, -7.0, -1.0, 3.0, 5.0, -2.0, 5.0, -9.0, 5.0, -2.0, 0.0, -1.0, -5.0, -1.0, -1.0, -14.0, 0.0, 5.0, 11.0, -2.0, 5.0, 5.0, 4.0, 4.0, -1.0, -1.0, 4.0, -2.0, -1.0, -5.0, 4.0, 5.0, 4.0, 2.0, -7.0, -2.0, -2.0, 5.0, 6.0, -1.0, 4.0, 0.0, 5.0, 5.0, -7.0, -6.0, 6.0, 3.0, -7.0, -7.0, -3.0, -7.0, -1.0, 5.0, -6.0, -13.0, 10.0, -1.0, 6.0, 10.0, -1.0, 3.0, -2.0, 0.0, 1.0, -2.0, -3.0, -2.0, 5.0, 5.0, -3.0, -2.0, -6.0, 15.0, 5.0, 3.0, -4.0, 5.0, 0.0, -1.0, 5.0, -2.0, 4.0, -1.0, 5.0, 4.0, -1.0, 4.0, -1.0, 11.0, -2.0, -8.0, -1.0, 8.0, 5.0, 9.0, 2.0, -6.0, 4.0, 3.0, -8.0, -1.0, 11.0, -2.0, -2.0, -20.0, -2.0]",8.192839107609505,0.0033481121063232,0.0,0.0,0
