time,gap
0,10000.0
1,10000.0
2,10000.0
3,10000.0
4,10000.0
5,10000.0
6,10000.0
7,10000.0
8,10000.0
9,10000.0
10,10000.0
11,10000.0
12,10000.0
13,10000.0
14,10000.0
15,10000.0
16,10000.0
17,10000.0
18,10000.0
19,10000.0
20,10000.0
21,10000.0
22,10000.0
23,10000.0
24,10000.0
25,10000.0
26,10000.0
27,10000.0
28,10000.0
29,10000.0
30,10000.0
31,10000.0
32,10000.0
33,10000.0
34,10000.0
35,10000.0
36,10000.0
37,10000.0
38,10000.0
39,10000.0
40,10000.0
41,10000.0
42,10000.0
43,10000.0
44,10000.0
45,10000.0
46,10000.0
47,10000.0
48,10000.0
49,10000.0
50,10000.0
51,10000.0
52,10000.0
53,10000.0
54,10000.0
55,10000.0
56,10000.0
57,10000.0
58,10000.0
59,10000.0
60,10000.0
61,10000.0
62,10000.0
63,10000.0
64,10000.0
65,10000.0
66,10000.0
67,10000.0
68,10000.0
69,10000.0
70,10000.0
71,10000.0
72,10000.0
73,10000.0
74,10000.0
75,10000.0
76,10000.0
77,10000.0
78,10000.0
79,10000.0
80,10000.0
81,10000.0
82,10000.0
83,10000.0
84,10000.0
85,10000.0
86,10000.0
87,10000.0
88,10000.0
89,10000.0
90,10000.0
91,10000.0
92,10000.0
93,10000.0
94,10000.0
95,10000.0
96,10000.0
97,10000.0
98,10000.0
99,10000.0
100,10000.0
101,10000.0
102,10000.0
103,10000.0
104,10000.0
105,10000.0
106,10000.0
107,10000.0
108,10000.0
109,10000.0
110,10000.0
111,10000.0
112,10000.0
113,10000.0
114,10000.0
115,10000.0
116,10000.0
117,10000.0
118,10000.0
119,10000.0
120,10000.0
121,10000.0
122,10000.0
123,10000.0
124,10000.0
125,10000.0
126,10000.0
127,10000.0
128,10000.0
129,10000.0
130,10000.0
131,10000.0
132,10000.0
133,10000.0
134,10000.0
135,10000.0
136,10000.0
137,10000.0
138,10000.0
139,10000.0
140,10000.0
141,10000.0
142,10000.0
143,10000.0
144,10000.0
145,10000.0
146,10000.0
147,10000.0
148,10000.0
149,10000.0
150,10000.0
151,10000.0
152,10000.0
153,10000.0
154,10000.0
155,10000.0
156,10000.0
157,10000.0
158,10000.0
159,10000.0
160,10000.0
161,10000.0
162,10000.0
163,10000.0
164,10000.0
165,10000.0
166,10000.0
167,10000.0
168,10000.0
169,10000.0
170,10000.0
171,10000.0
172,10000.0
173,10000.0
174,10000.0
175,10000.0
176,10000.0
177,10000.0
178,10000.0
179,10000.0
180,10000.0
181,10000.0
182,10000.0
183,10000.0
184,10000.0
185,10000.0
186,10000.0
187,10000.0
188,10000.0
189,10000.0
190,10000.0
191,10000.0
192,10000.0
193,10000.0
194,10000.0
195,10000.0
196,10000.0
197,10000.0
198,10000.0
199,10000.0
200,10000.0
201,10000.0
202,10000.0
203,10000.0
204,10000.0
205,10000.0
206,10000.0
207,10000.0
208,10000.0
209,10000.0
210,10000.0
211,10000.0
212,10000.0
213,10000.0
214,10000.0
215,10000.0
216,10000.0
217,10000.0
218,10000.0
219,10000.0
220,10000.0
221,10000.0
222,10000.0
223,10000.0
224,10000.0
225,10000.0
226,10000.0
227,10000.0
228,10000.0
229,10000.0
230,10000.0
231,10000.0
232,10000.0
233,10000.0
234,10000.0
235,10000.0
236,10000.0
237,10000.0
238,10000.0
239,10000.0
240,10000.0
241,10000.0
242,10000.0
243,10000.0
244,10000.0
245,10000.0
246,10000.0
247,10000.0
248,10000.0
249,10000.0
250,10000.0
251,10000.0
252,10000.0
253,10000.0
254,10000.0
255,10000.0
256,10000.0
257,10000.0
258,10000.0
259,10000.0
260,10000.0
261,10000.0
262,10000.0
263,10000.0
264,10000.0
265,10000.0
266,10000.0
267,10000.0
268,10000.0
269,10000.0
270,10000.0
271,10000.0
272,10000.0
273,10000.0
274,10000.0
275,10000.0
276,10000.0
277,10000.0
278,10000.0
279,10000.0
280,10000.0
281,10000.0
282,10000.0
283,10000.0
284,10000.0
285,10000.0
286,10000.0
287,10000.0
288,10000.0
289,10000.0
290,10000.0
291,10000.0
292,10000.0
293,10000.0
294,10000.0
295,10000.0
296,10000.0
297,10000.0
298,10000.0
299,10000.0
300,10000.0
301,10000.0
302,10000.0
303,10000.0
304,10000.0
305,10000.0
306,10000.0
307,10000.0
308,10000.0
309,10000.0
310,10000.0
311,10000.0
312,10000.0
313,10000.0
314,10000.0
315,10000.0
316,10000.0
317,10000.0
318,10000.0
319,10000.0
320,10000.0
321,10000.0
322,10000.0
323,10000.0
324,10000.0
325,10000.0
326,10000.0
327,10000.0
328,10000.0
329,10000.0
330,10000.0
331,10000.0
332,10000.0
333,10000.0
334,10000.0
335,10000.0
336,10000.0
337,10000.0
338,10000.0
339,10000.0
340,10000.0
341,10000.0
342,10000.0
343,10000.0
344,10000.0
345,10000.0
346,10000.0
347,10000.0
348,10000.0
349,10000.0
350,10000.0
351,10000.0
352,10000.0
353,10000.0
354,10000.0
355,10000.0
356,10000.0
357,10000.0
358,10000.0
359,10000.0
360,10000.0
361,10000.0
362,10000.0
363,10000.0
364,10000.0
365,10000.0
366,10000.0
367,10000.0
368,10000.0
369,10000.0
370,10000.0
371,10000.0
372,10000.0
373,10000.0
374,10000.0
375,10000.0
376,10000.0
377,10000.0
378,10000.0
379,10000.0
380,10000.0
381,10000.0
382,10000.0
383,10000.0
384,10000.0
385,10000.0
386,10000.0
387,10000.0
388,10000.0
389,10000.0
390,10000.0
391,10000.0
392,10000.0
393,10000.0
394,10000.0
395,10000.0
396,10000.0
397,10000.0
398,10000.0
399,10000.0
400,10000.0
401,10000.0
402,10000.0
403,10000.0
404,10000.0
405,10000.0
406,10000.0
407,10000.0
408,10000.0
409,10000.0
410,10000.0
411,10000.0
412,10000.0
413,10000.0
414,10000.0
415,10000.0
416,10000.0
417,10000.0
418,10000.0
419,10000.0
420,10000.0
421,10000.0
422,10000.0
423,10000.0
424,10000.0
425,10000.0
426,10000.0
427,10000.0
428,10000.0
429,10000.0
430,10000.0
431,10000.0
432,10000.0
433,10000.0
434,10000.0
435,10000.0
436,10000.0
437,10000.0
438,10000.0
439,10000.0
440,10000.0
441,10000.0
442,10000.0
443,10000.0
444,10000.0
445,10000.0
446,10000.0
447,10000.0
448,10000.0
449,10000.0
450,10000.0
451,10000.0
452,10000.0
453,10000.0
454,10000.0
455,10000.0
456,10000.0
457,10000.0
458,10000.0
459,10000.0
460,10000.0
461,10000.0
462,10000.0
463,10000.0
464,10000.0
465,10000.0
466,10000.0
467,10000.0
468,10000.0
469,10000.0
470,10000.0
471,10000.0
472,10000.0
473,10000.0
474,10000.0
475,10000.0
476,10000.0
477,10000.0
478,10000.0
479,10000.0
480,10000.0
481,10000.0
482,10000.0
483,10000.0
484,10000.0
485,10000.0
486,10000.0
487,10000.0
488,10000.0
489,10000.0
490,10000.0
491,10000.0
492,10000.0
493,10000.0
494,10000.0
495,10000.0
496,10000.0
497,10000.0
498,10000.0
499,10000.0
500,10000.0
501,10000.0
502,10000.0
503,10000.0
504,10000.0
505,10000.0
506,10000.0
507,10000.0
508,10000.0
509,10000.0
510,10000.0
511,10000.0
512,10000.0
513,10000.0
514,10000.0
515,10000.0
516,10000.0
517,10000.0
518,10000.0
519,10000.0
520,10000.0
521,10000.0
522,10000.0
523,10000.0
524,10000.0
525,10000.0
526,10000.0
527,10000.0
528,10000.0
529,10000.0
530,10000.0
531,10000.0
532,10000.0
533,10000.0
534,10000.0
535,10000.0
536,10000.0
537,10000.0
538,10000.0
539,10000.0
540,10000.0
541,10000.0
542,10000.0
543,10000.0
544,10000.0
545,10000.0
546,10000.0
547,10000.0
548,10000.0
549,10000.0
550,10000.0
551,10000.0
552,10000.0
553,10000.0
554,10000.0
555,10000.0
556,10000.0
557,10000.0
558,10000.0
559,10000.0
560,10000.0
561,10000.0
562,10000.0
563,10000.0
564,10000.0
565,10000.0
566,10000.0
567,10000.0
568,10000.0
569,10000.0
570,10000.0
571,10000.0
572,10000.0
573,10000.0
574,10000.0
575,10000.0
576,10000.0
577,10000.0
578,10000.0
579,10000.0
580,10000.0
581,10000.0
582,10000.0
583,10000.0
584,10000.0
585,10000.0
586,10000.0
587,10000.0
588,10000.0
589,10000.0
590,10000.0
591,10000.0
592,10000.0
593,10000.0
594,10000.0
595,10000.0
596,10000.0
597,10000.0
598,10000.0
599,10000.0
600,10000.0
601,10000.0
602,10000.0
603,10000.0
604,10000.0
605,10000.0
606,10000.0
607,10000.0
608,10000.0
609,10000.0
610,10000.0
611,10000.0
612,10000.0
613,10000.0
614,10000.0
615,10000.0
616,10000.0
617,10000.0
618,10000.0
619,10000.0
620,10000.0
621,10000.0
622,10000.0
623,10000.0
624,10000.0
625,10000.0
626,10000.0
627,10000.0
628,10000.0
629,10000.0
630,10000.0
631,10000.0
632,10000.0
633,10000.0
634,10000.0
635,10000.0
636,10000.0
637,10000.0
638,10000.0
639,10000.0
640,10000.0
641,10000.0
642,10000.0
643,10000.0
644,10000.0
645,10000.0
646,10000.0
647,10000.0
648,10000.0
649,10000.0
650,10000.0
651,10000.0
652,10000.0
653,10000.0
654,10000.0
655,10000.0
656,10000.0
657,10000.0
658,10000.0
659,10000.0
660,10000.0
661,10000.0
662,10000.0
663,10000.0
664,10000.0
665,10000.0
666,10000.0
667,10000.0
668,10000.0
669,10000.0
670,10000.0
671,10000.0
672,10000.0
673,10000.0
674,10000.0
675,10000.0
676,10000.0
677,10000.0
678,10000.0
679,10000.0
680,10000.0
681,10000.0
682,10000.0
683,10000.0
684,10000.0
685,10000.0
686,10000.0
687,10000.0
688,10000.0
689,10000.0
690,10000.0
691,10000.0
692,10000.0
693,10000.0
694,10000.0
695,10000.0
696,10000.0
697,10000.0
698,10000.0
699,10000.0
700,10000.0
701,10000.0
702,10000.0
703,10000.0
704,10000.0
705,10000.0
706,10000.0
707,10000.0
708,10000.0
709,10000.0
710,10000.0
711,10000.0
712,10000.0
713,10000.0
714,10000.0
715,10000.0
716,10000.0
717,10000.0
718,10000.0
719,10000.0
720,10000.0
721,10000.0
722,10000.0
723,10000.0
724,10000.0
725,10000.0
726,10000.0
727,10000.0
728,10000.0
729,10000.0
730,10000.0
731,10000.0
732,10000.0
733,10000.0
734,10000.0
735,10000.0
736,10000.0
737,10000.0
738,10000.0
739,10000.0
740,10000.0
741,10000.0
742,10000.0
743,10000.0
744,10000.0
745,10000.0
746,10000.0
747,10000.0
748,10000.0
749,10000.0
750,10000.0
751,10000.0
752,10000.0
753,10000.0
754,10000.0
755,10000.0
756,10000.0
757,10000.0
758,10000.0
759,10000.0
760,10000.0
761,10000.0
762,10000.0
763,10000.0
764,10000.0
765,10000.0
766,10000.0
767,10000.0
768,10000.0
769,10000.0
770,10000.0
771,10000.0
772,10000.0
773,10000.0
774,10000.0
775,10000.0
776,10000.0
777,10000.0
778,10000.0
779,10000.0
780,10000.0
781,10000.0
782,10000.0
783,10000.0
784,10000.0
785,10000.0
786,10000.0
787,10000.0
788,10000.0
789,10000.0
790,10000.0
791,10000.0
792,10000.0
793,10000.0
794,10000.0
795,10000.0
796,10000.0
797,10000.0
798,10000.0
799,10000.0
800,10000.0
801,10000.0
802,10000.0
803,10000.0
804,10000.0
805,10000.0
806,10000.0
807,10000.0
808,10000.0
809,10000.0
810,10000.0
811,10000.0
812,10000.0
813,10000.0
814,10000.0
815,10000.0
816,10000.0
817,10000.0
818,10000.0
819,10000.0
820,10000.0
821,10000.0
822,10000.0
823,10000.0
824,10000.0
825,10000.0
826,10000.0
827,10000.0
828,10000.0
829,10000.0
830,10000.0
831,10000.0
832,10000.0
833,10000.0
834,10000.0
835,10000.0
836,10000.0
837,10000.0
838,10000.0
839,10000.0
840,10000.0
841,10000.0
842,10000.0
843,10000.0
844,10000.0
845,10000.0
846,10000.0
847,10000.0
848,10000.0
849,10000.0
850,10000.0
851,10000.0
852,10000.0
853,10000.0
854,10000.0
855,10000.0
856,10000.0
857,10000.0
858,10000.0
859,10000.0
860,10000.0
861,10000.0
862,10000.0
863,10000.0
864,10000.0
865,10000.0
866,10000.0
867,10000.0
868,10000.0
869,10000.0
870,10000.0
871,10000.0
872,10000.0
873,10000.0
874,10000.0
875,10000.0
876,10000.0
877,10000.0
878,10000.0
879,10000.0
880,10000.0
881,10000.0
882,10000.0
883,10000.0
884,10000.0
885,10000.0
886,10000.0
887,10000.0
888,10000.0
889,10000.0
890,10000.0
891,10000.0
892,10000.0
893,10000.0
894,10000.0
895,10000.0
896,10000.0
897,10000.0
898,10000.0
899,10000.0
900,10000.0
901,10000.0
902,10000.0
903,10000.0
904,10000.0
905,10000.0
906,10000.0
907,10000.0
908,10000.0
909,10000.0
910,10000.0
911,10000.0
912,10000.0
913,10000.0
914,10000.0
915,10000.0
916,10000.0
917,10000.0
918,10000.0
919,10000.0
920,10000.0
921,10000.0
922,10000.0
923,10000.0
924,10000.0
925,10000.0
926,10000.0
927,10000.0
928,10000.0
929,10000.0
930,10000.0
931,10000.0
932,10000.0
933,10000.0
934,10000.0
935,10000.0
936,10000.0
937,10000.0
938,10000.0
939,10000.0
940,10000.0
941,10000.0
942,10000.0
943,10000.0
944,10000.0
945,10000.0
946,10000.0
947,10000.0
948,10000.0
949,10000.0
950,10000.0
951,10000.0
952,10000.0
953,10000.0
954,10000.0
955,10000.0
956,10000.0
957,10000.0
958,10000.0
959,10000.0
960,10000.0
961,10000.0
962,10000.0
963,10000.0
964,10000.0
965,10000.0
966,10000.0
967,10000.0
968,10000.0
969,10000.0
970,10000.0
971,10000.0
972,10000.0
973,10000.0
974,10000.0
975,10000.0
976,10000.0
977,10000.0
978,10000.0
979,10000.0
980,10000.0
981,10000.0
982,10000.0
983,10000.0
984,10000.0
985,10000.0
986,10000.0
987,10000.0
988,10000.0
989,10000.0
990,10000.0
991,10000.0
992,10000.0
993,10000.0
994,10000.0
995,10000.0
996,10000.0
997,10000.0
998,10000.0
999,10000.0
1000,10000.0
1001,10000.0
1002,10000.0
1003,10000.0
1004,10000.0
1005,10000.0
1006,10000.0
1007,10000.0
1008,10000.0
1009,10000.0
1010,10000.0
1011,10000.0
1012,10000.0
1013,10000.0
1014,10000.0
1015,10000.0
1016,10000.0
1017,10000.0
1018,10000.0
1019,10000.0
1020,10000.0
1021,10000.0
1022,10000.0
1023,10000.0
1024,10000.0
1025,10000.0
1026,10000.0
1027,10000.0
1028,10000.0
1029,10000.0
1030,10000.0
1031,10000.0
1032,10000.0
1033,10000.0
1034,10000.0
1035,10000.0
1036,10000.0
1037,10000.0
1038,10000.0
1039,10000.0
1040,10000.0
1041,10000.0
1042,10000.0
1043,10000.0
1044,10000.0
1045,10000.0
1046,10000.0
1047,10000.0
1048,10000.0
1049,10000.0
1050,10000.0
1051,10000.0
1052,10000.0
1053,10000.0
1054,10000.0
1055,10000.0
1056,10000.0
1057,10000.0
1058,10000.0
1059,10000.0
1060,10000.0
1061,10000.0
1062,10000.0
1063,10000.0
1064,10000.0
1065,10000.0
1066,10000.0
1067,10000.0
1068,10000.0
1069,10000.0
1070,10000.0
1071,10000.0
1072,10000.0
1073,10000.0
1074,10000.0
1075,10000.0
1076,10000.0
1077,10000.0
1078,10000.0
1079,10000.0
1080,10000.0
1081,10000.0
1082,10000.0
1083,10000.0
1084,10000.0
1085,10000.0
1086,10000.0
1087,10000.0
1088,10000.0
1089,10000.0
1090,10000.0
1091,10000.0
1092,10000.0
1093,10000.0
1094,10000.0
1095,10000.0
1096,10000.0
1097,10000.0
1098,10000.0
1099,10000.0
1100,10000.0
1101,10000.0
1102,10000.0
1103,10000.0
1104,10000.0
1105,10000.0
1106,10000.0
1107,10000.0
1108,10000.0
1109,10000.0
1110,10000.0
1111,10000.0
1112,10000.0
1113,10000.0
1114,10000.0
1115,10000.0
1116,10000.0
1117,10000.0
1118,10000.0
1119,10000.0
1120,10000.0
1121,10000.0
1122,10000.0
1123,10000.0
1124,10000.0
1125,10000.0
1126,10000.0
1127,10000.0
1128,10000.0
1129,10000.0
1130,10000.0
1131,10000.0
1132,10000.0
1133,10000.0
1134,10000.0
1135,10000.0
1136,10000.0
1137,10000.0
1138,10000.0
1139,10000.0
1140,10000.0
1141,10000.0
1142,10000.0
1143,10000.0
1144,10000.0
1145,10000.0
1146,10000.0
1147,10000.0
1148,10000.0
1149,10000.0
1150,10000.0
1151,10000.0
1152,10000.0
1153,10000.0
1154,10000.0
1155,10000.0
1156,10000.0
1157,10000.0
1158,10000.0
1159,10000.0
1160,10000.0
1161,10000.0
1162,10000.0
1163,10000.0
1164,10000.0
1165,10000.0
1166,10000.0
1167,10000.0
1168,10000.0
1169,10000.0
1170,10000.0
1171,10000.0
1172,10000.0
1173,10000.0
1174,10000.0
1175,10000.0
1176,10000.0
1177,10000.0
1178,10000.0
1179,10000.0
1180,10000.0
1181,10000.0
1182,10000.0
1183,10000.0
1184,10000.0
1185,10000.0
1186,10000.0
1187,10000.0
1188,10000.0
1189,10000.0
1190,10000.0
1191,10000.0
1192,10000.0
1193,10000.0
1194,10000.0
1195,10000.0
1196,10000.0
1197,10000.0
1198,10000.0
1199,10000.0
1200,10000.0
1201,10000.0
1202,10000.0
1203,10000.0
1204,10000.0
1205,10000.0
1206,10000.0
1207,10000.0
1208,10000.0
1209,10000.0
1210,10000.0
1211,10000.0
1212,10000.0
1213,10000.0
1214,10000.0
1215,10000.0
1216,10000.0
1217,10000.0
1218,10000.0
1219,10000.0
1220,10000.0
1221,10000.0
1222,10000.0
1223,10000.0
1224,10000.0
1225,10000.0
1226,10000.0
1227,10000.0
1228,10000.0
1229,10000.0
1230,10000.0
1231,10000.0
1232,10000.0
1233,10000.0
1234,10000.0
1235,10000.0
1236,10000.0
1237,10000.0
1238,10000.0
1239,10000.0
1240,10000.0
1241,10000.0
1242,10000.0
1243,10000.0
1244,10000.0
1245,10000.0
1246,10000.0
1247,10000.0
1248,10000.0
1249,10000.0
1250,10000.0
1251,10000.0
1252,10000.0
1253,10000.0
1254,10000.0
1255,10000.0
1256,10000.0
1257,10000.0
1258,10000.0
1259,10000.0
1260,10000.0
1261,10000.0
1262,10000.0
1263,10000.0
1264,10000.0
1265,10000.0
1266,10000.0
1267,10000.0
1268,10000.0
1269,10000.0
1270,10000.0
1271,10000.0
1272,10000.0
1273,10000.0
1274,10000.0
1275,10000.0
1276,10000.0
1277,10000.0
1278,10000.0
1279,10000.0
1280,10000.0
1281,10000.0
1282,10000.0
1283,10000.0
1284,10000.0
1285,10000.0
1286,10000.0
1287,10000.0
1288,10000.0
1289,10000.0
1290,10000.0
1291,10000.0
1292,10000.0
1293,10000.0
1294,10000.0
1295,10000.0
1296,10000.0
1297,10000.0
1298,10000.0
1299,10000.0
1300,10000.0
1301,10000.0
1302,10000.0
1303,10000.0
1304,10000.0
1305,10000.0
1306,10000.0
1307,10000.0
1308,10000.0
1309,10000.0
1310,10000.0
1311,10000.0
1312,10000.0
1313,10000.0
1314,10000.0
1315,10000.0
1316,10000.0
1317,10000.0
1318,10000.0
1319,10000.0
1320,10000.0
1321,10000.0
1322,10000.0
1323,10000.0
1324,10000.0
1325,10000.0
1326,10000.0
1327,10000.0
1328,10000.0
1329,10000.0
1330,10000.0
1331,10000.0
1332,10000.0
1333,10000.0
1334,10000.0
1335,10000.0
1336,10000.0
1337,10000.0
1338,10000.0
1339,10000.0
1340,10000.0
1341,10000.0
1342,10000.0
1343,10000.0
1344,10000.0
1345,10000.0
1346,10000.0
1347,10000.0
1348,10000.0
1349,10000.0
1350,10000.0
1351,10000.0
1352,10000.0
1353,10000.0
1354,10000.0
1355,10000.0
1356,10000.0
1357,10000.0
1358,10000.0
1359,10000.0
1360,10000.0
1361,10000.0
1362,10000.0
1363,10000.0
1364,10000.0
1365,10000.0
1366,10000.0
1367,10000.0
1368,10000.0
1369,10000.0
1370,10000.0
1371,10000.0
1372,10000.0
1373,10000.0
1374,10000.0
1375,10000.0
1376,10000.0
1377,10000.0
1378,10000.0
1379,10000.0
1380,10000.0
1381,10000.0
1382,10000.0
1383,10000.0
1384,10000.0
1385,10000.0
1386,10000.0
1387,10000.0
1388,10000.0
1389,10000.0
1390,10000.0
1391,10000.0
1392,10000.0
1393,10000.0
1394,10000.0
1395,10000.0
1396,10000.0
1397,10000.0
1398,10000.0
1399,10000.0
1400,10000.0
1401,10000.0
1402,10000.0
1403,10000.0
1404,10000.0
1405,10000.0
1406,10000.0
1407,10000.0
1408,10000.0
1409,10000.0
1410,10000.0
1411,10000.0
1412,10000.0
1413,10000.0
1414,10000.0
1415,10000.0
1416,10000.0
1417,10000.0
1418,10000.0
1419,10000.0
1420,10000.0
1421,10000.0
1422,10000.0
1423,10000.0
1424,10000.0
1425,10000.0
1426,10000.0
1427,10000.0
1428,10000.0
1429,10000.0
1430,10000.0
1431,10000.0
1432,10000.0
1433,10000.0
1434,10000.0
1435,10000.0
1436,10000.0
1437,10000.0
1438,10000.0
1439,10000.0
1440,10000.0
1441,10000.0
1442,10000.0
1443,10000.0
1444,10000.0
1445,10000.0
1446,10000.0
1447,10000.0
1448,10000.0
1449,10000.0
1450,10000.0
1451,10000.0
1452,10000.0
1453,10000.0
1454,10000.0
1455,10000.0
1456,10000.0
1457,10000.0
1458,10000.0
1459,10000.0
1460,10000.0
1461,10000.0
1462,10000.0
1463,10000.0
1464,10000.0
1465,10000.0
1466,10000.0
1467,10000.0
1468,10000.0
1469,10000.0
1470,10000.0
1471,10000.0
1472,10000.0
1473,10000.0
1474,10000.0
1475,10000.0
1476,10000.0
1477,10000.0
1478,10000.0
1479,10000.0
1480,10000.0
1481,10000.0
1482,10000.0
1483,10000.0
1484,10000.0
1485,10000.0
1486,10000.0
1487,10000.0
1488,10000.0
1489,10000.0
1490,10000.0
1491,10000.0
1492,10000.0
1493,10000.0
1494,10000.0
1495,10000.0
1496,10000.0
1497,10000.0
1498,10000.0
1499,10000.0
1500,10000.0
1501,10000.0
1502,10000.0
1503,10000.0
1504,10000.0
1505,10000.0
1506,10000.0
1507,10000.0
1508,10000.0
1509,10000.0
1510,10000.0
1511,10000.0
1512,10000.0
1513,10000.0
1514,10000.0
1515,10000.0
1516,10000.0
1517,10000.0
1518,10000.0
1519,10000.0
1520,10000.0
1521,10000.0
1522,10000.0
1523,10000.0
1524,10000.0
1525,10000.0
1526,10000.0
1527,10000.0
1528,10000.0
1529,10000.0
1530,10000.0
1531,10000.0
1532,10000.0
1533,10000.0
1534,10000.0
1535,10000.0
1536,10000.0
1537,10000.0
1538,10000.0
1539,10000.0
1540,10000.0
1541,10000.0
1542,10000.0
1543,10000.0
1544,10000.0
1545,10000.0
1546,10000.0
1547,10000.0
1548,10000.0
1549,10000.0
1550,10000.0
1551,10000.0
1552,10000.0
1553,10000.0
1554,10000.0
1555,10000.0
1556,10000.0
1557,10000.0
1558,10000.0
1559,10000.0
1560,10000.0
1561,10000.0
1562,10000.0
1563,10000.0
1564,10000.0
1565,10000.0
1566,10000.0
1567,10000.0
1568,10000.0
1569,10000.0
1570,10000.0
1571,10000.0
1572,10000.0
1573,10000.0
1574,10000.0
1575,10000.0
1576,10000.0
1577,10000.0
1578,10000.0
1579,10000.0
1580,10000.0
1581,10000.0
1582,10000.0
1583,10000.0
1584,10000.0
1585,10000.0
1586,10000.0
1587,10000.0
1588,10000.0
1589,10000.0
1590,10000.0
1591,10000.0
1592,10000.0
1593,10000.0
1594,10000.0
1595,10000.0
1596,10000.0
1597,10000.0
1598,10000.0
1599,10000.0
1600,10000.0
1601,10000.0
1602,10000.0
1603,10000.0
1604,10000.0
1605,10000.0
1606,10000.0
1607,10000.0
1608,10000.0
1609,10000.0
1610,10000.0
1611,10000.0
1612,10000.0
1613,10000.0
1614,10000.0
1615,10000.0
1616,10000.0
1617,10000.0
1618,10000.0
1619,10000.0
1620,10000.0
1621,10000.0
1622,10000.0
1623,10000.0
1624,10000.0
1625,10000.0
1626,10000.0
1627,10000.0
1628,10000.0
1629,10000.0
1630,10000.0
1631,10000.0
1632,10000.0
1633,10000.0
1634,10000.0
1635,10000.0
1636,10000.0
1637,10000.0
1638,10000.0
1639,10000.0
1640,10000.0
1641,10000.0
1642,10000.0
1643,10000.0
1644,10000.0
1645,10000.0
1646,10000.0
1647,10000.0
1648,10000.0
1649,10000.0
1650,10000.0
1651,10000.0
1652,10000.0
1653,10000.0
1654,10000.0
1655,10000.0
1656,10000.0
1657,10000.0
1658,10000.0
1659,10000.0
1660,10000.0
1661,10000.0
1662,10000.0
1663,10000.0
1664,10000.0
1665,10000.0
1666,10000.0
1667,10000.0
1668,10000.0
1669,10000.0
1670,10000.0
1671,10000.0
1672,10000.0
1673,10000.0
1674,10000.0
1675,10000.0
1676,10000.0
1677,10000.0
1678,10000.0
1679,10000.0
1680,10000.0
1681,10000.0
1682,10000.0
1683,10000.0
1684,10000.0
1685,10000.0
1686,10000.0
1687,10000.0
1688,10000.0
1689,10000.0
1690,10000.0
1691,10000.0
1692,10000.0
1693,10000.0
1694,10000.0
1695,10000.0
1696,10000.0
1697,10000.0
1698,10000.0
1699,10000.0
1700,10000.0
1701,10000.0
1702,10000.0
1703,10000.0
1704,10000.0
1705,10000.0
1706,10000.0
1707,10000.0
1708,10000.0
1709,10000.0
1710,10000.0
1711,10000.0
1712,10000.0
1713,10000.0
1714,10000.0
1715,10000.0
1716,10000.0
1717,10000.0
1718,10000.0
1719,10000.0
1720,10000.0
1721,10000.0
1722,10000.0
1723,10000.0
1724,10000.0
1725,10000.0
1726,10000.0
1727,10000.0
1728,10000.0
1729,10000.0
1730,10000.0
1731,10000.0
1732,10000.0
1733,10000.0
1734,10000.0
1735,10000.0
1736,10000.0
1737,10000.0
1738,10000.0
1739,10000.0
1740,10000.0
1741,10000.0
1742,10000.0
1743,10000.0
1744,10000.0
1745,10000.0
1746,10000.0
1747,10000.0
1748,10000.0
1749,10000.0
1750,10000.0
1751,10000.0
1752,10000.0
1753,10000.0
1754,10000.0
1755,10000.0
1756,10000.0
1757,10000.0
1758,10000.0
1759,10000.0
1760,10000.0
1761,10000.0
1762,10000.0
1763,10000.0
1764,10000.0
1765,10000.0
1766,10000.0
1767,10000.0
1768,10000.0
1769,10000.0
1770,10000.0
1771,10000.0
1772,10000.0
1773,10000.0
1774,10000.0
1775,10000.0
1776,10000.0
1777,10000.0
1778,10000.0
1779,10000.0
1780,10000.0
1781,10000.0
1782,10000.0
1783,10000.0
1784,10000.0
1785,10000.0
1786,10000.0
1787,10000.0
1788,10000.0
1789,10000.0
1790,10000.0
1791,10000.0
1792,10000.0
1793,10000.0
1794,10000.0
1795,10000.0
1796,10000.0
1797,10000.0
1798,10000.0
1799,10000.0
1800,10000.0
1801,10000.0
1802,10000.0
1803,10000.0
1804,10000.0
1805,10000.0
1806,10000.0
1807,10000.0
1808,10000.0
1809,10000.0
1810,10000.0
1811,10000.0
1812,10000.0
1813,10000.0
1814,10000.0
1815,10000.0
1816,10000.0
1817,10000.0
1818,10000.0
1819,10000.0
1820,10000.0
1821,10000.0
1822,10000.0
1823,10000.0
1824,10000.0
1825,10000.0
1826,10000.0
1827,10000.0
1828,10000.0
1829,10000.0
1830,10000.0
1831,10000.0
1832,10000.0
1833,10000.0
1834,10000.0
1835,10000.0
1836,10000.0
1837,10000.0
1838,10000.0
1839,10000.0
1840,10000.0
1841,10000.0
1842,10000.0
1843,10000.0
1844,10000.0
1845,10000.0
1846,10000.0
1847,10000.0
1848,10000.0
1849,10000.0
1850,10000.0
1851,10000.0
1852,10000.0
1853,10000.0
1854,10000.0
1855,10000.0
1856,10000.0
1857,10000.0
1858,10000.0
1859,10000.0
1860,10000.0
1861,10000.0
1862,10000.0
1863,10000.0
1864,10000.0
1865,10000.0
1866,10000.0
1867,10000.0
1868,10000.0
1869,10000.0
1870,10000.0
1871,10000.0
1872,10000.0
1873,10000.0
1874,10000.0
1875,10000.0
1876,10000.0
1877,10000.0
1878,10000.0
1879,10000.0
1880,10000.0
1881,10000.0
1882,10000.0
1883,10000.0
1884,10000.0
1885,10000.0
1886,10000.0
1887,10000.0
1888,10000.0
1889,10000.0
1890,10000.0
1891,10000.0
1892,10000.0
1893,10000.0
1894,10000.0
1895,10000.0
1896,10000.0
1897,10000.0
1898,10000.0
1899,10000.0
1900,10000.0
1901,10000.0
1902,10000.0
1903,10000.0
1904,10000.0
1905,10000.0
1906,10000.0
1907,10000.0
1908,10000.0
1909,10000.0
1910,10000.0
1911,10000.0
1912,10000.0
1913,10000.0
1914,10000.0
1915,10000.0
1916,10000.0
1917,10000.0
1918,10000.0
1919,10000.0
1920,10000.0
1921,10000.0
1922,10000.0
1923,10000.0
1924,10000.0
1925,10000.0
1926,10000.0
1927,10000.0
1928,10000.0
1929,10000.0
1930,10000.0
1931,10000.0
1932,10000.0
1933,10000.0
1934,10000.0
1935,10000.0
1936,10000.0
1937,10000.0
1938,10000.0
1939,10000.0
1940,10000.0
1941,10000.0
1942,10000.0
1943,10000.0
1944,10000.0
1945,10000.0
1946,10000.0
1947,10000.0
1948,10000.0
1949,10000.0
1950,10000.0
1951,10000.0
1952,10000.0
1953,10000.0
1954,10000.0
1955,10000.0
1956,10000.0
1957,10000.0
1958,10000.0
1959,10000.0
1960,10000.0
1961,10000.0
1962,10000.0
1963,10000.0
1964,10000.0
1965,10000.0
1966,10000.0
1967,10000.0
1968,10000.0
1969,10000.0
1970,10000.0
1971,10000.0
1972,10000.0
1973,10000.0
1974,10000.0
1975,10000.0
1976,10000.0
1977,10000.0
1978,10000.0
1979,10000.0
1980,10000.0
1981,10000.0
1982,10000.0
1983,10000.0
1984,10000.0
1985,10000.0
1986,10000.0
1987,10000.0
1988,10000.0
1989,10000.0
1990,10000.0
1991,10000.0
1992,10000.0
1993,10000.0
1994,10000.0
1995,10000.0
1996,10000.0
1997,10000.0
1998,10000.0
1999,10000.0
2000,10000.0
2001,10000.0
2002,10000.0
2003,10000.0
2004,10000.0
2005,10000.0
2006,10000.0
2007,10000.0
2008,10000.0
2009,10000.0
2010,10000.0
2011,10000.0
2012,10000.0
2013,10000.0
2014,10000.0
2015,10000.0
2016,10000.0
2017,10000.0
2018,10000.0
2019,10000.0
2020,10000.0
2021,10000.0
2022,10000.0
2023,10000.0
2024,10000.0
2025,10000.0
2026,10000.0
2027,10000.0
2028,10000.0
2029,10000.0
2030,10000.0
2031,10000.0
2032,10000.0
2033,10000.0
2034,10000.0
2035,10000.0
2036,10000.0
2037,10000.0
2038,10000.0
2039,10000.0
2040,10000.0
2041,10000.0
2042,10000.0
2043,10000.0
2044,10000.0
2045,10000.0
2046,10000.0
2047,10000.0
2048,10000.0
2049,10000.0
2050,10000.0
2051,10000.0
2052,10000.0
2053,10000.0
2054,10000.0
2055,10000.0
2056,10000.0
2057,10000.0
2058,10000.0
2059,10000.0
2060,10000.0
2061,10000.0
2062,10000.0
2063,10000.0
2064,10000.0
2065,10000.0
2066,10000.0
2067,10000.0
2068,10000.0
2069,10000.0
2070,10000.0
2071,10000.0
2072,10000.0
2073,10000.0
2074,10000.0
2075,10000.0
2076,10000.0
2077,10000.0
2078,10000.0
2079,10000.0
2080,10000.0
2081,10000.0
2082,10000.0
2083,10000.0
2084,10000.0
2085,10000.0
2086,10000.0
2087,10000.0
2088,10000.0
2089,10000.0
2090,10000.0
2091,10000.0
2092,10000.0
2093,10000.0
2094,10000.0
2095,10000.0
2096,10000.0
2097,10000.0
2098,10000.0
2099,10000.0
2100,10000.0
2101,10000.0
2102,10000.0
2103,10000.0
2104,10000.0
2105,10000.0
2106,10000.0
2107,10000.0
2108,10000.0
2109,10000.0
2110,10000.0
2111,10000.0
2112,10000.0
2113,10000.0
2114,10000.0
2115,10000.0
2116,10000.0
2117,10000.0
2118,10000.0
2119,10000.0
2120,10000.0
2121,10000.0
2122,10000.0
2123,10000.0
2124,10000.0
2125,10000.0
2126,10000.0
2127,10000.0
2128,10000.0
2129,10000.0
2130,10000.0
2131,10000.0
2132,10000.0
2133,10000.0
2134,10000.0
2135,10000.0
2136,10000.0
2137,10000.0
2138,10000.0
2139,10000.0
2140,10000.0
2141,10000.0
2142,10000.0
2143,10000.0
2144,10000.0
2145,10000.0
2146,10000.0
2147,10000.0
2148,10000.0
2149,10000.0
2150,10000.0
2151,10000.0
2152,10000.0
2153,10000.0
2154,10000.0
2155,10000.0
2156,10000.0
2157,10000.0
2158,10000.0
2159,10000.0
2160,10000.0
2161,10000.0
2162,10000.0
2163,10000.0
2164,10000.0
2165,10000.0
2166,10000.0
2167,10000.0
2168,10000.0
2169,10000.0
2170,10000.0
2171,10000.0
2172,10000.0
2173,10000.0
2174,10000.0
2175,10000.0
2176,10000.0
2177,10000.0
2178,10000.0
2179,10000.0
2180,10000.0
2181,10000.0
2182,10000.0
2183,10000.0
2184,10000.0
2185,10000.0
2186,10000.0
2187,10000.0
2188,10000.0
2189,10000.0
2190,10000.0
2191,10000.0
2192,10000.0
2193,10000.0
2194,10000.0
2195,10000.0
2196,10000.0
2197,10000.0
2198,10000.0
2199,10000.0
2200,10000.0
2201,10000.0
2202,10000.0
2203,10000.0
2204,10000.0
2205,10000.0
2206,10000.0
2207,10000.0
2208,10000.0
2209,10000.0
2210,10000.0
2211,10000.0
2212,10000.0
2213,10000.0
2214,10000.0
2215,10000.0
2216,10000.0
2217,10000.0
2218,10000.0
2219,10000.0
2220,10000.0
2221,10000.0
2222,10000.0
2223,10000.0
2224,10000.0
2225,10000.0
2226,10000.0
2227,10000.0
2228,10000.0
2229,10000.0
2230,10000.0
2231,10000.0
2232,10000.0
2233,10000.0
2234,10000.0
2235,10000.0
2236,10000.0
2237,10000.0
2238,10000.0
2239,10000.0
2240,10000.0
2241,10000.0
2242,10000.0
2243,10000.0
2244,10000.0
2245,10000.0
2246,10000.0
2247,10000.0
2248,10000.0
2249,10000.0
2250,10000.0
2251,10000.0
2252,10000.0
2253,10000.0
2254,10000.0
2255,10000.0
2256,10000.0
2257,10000.0
2258,10000.0
2259,10000.0
2260,10000.0
2261,10000.0
2262,10000.0
2263,10000.0
2264,10000.0
2265,10000.0
2266,10000.0
2267,10000.0
2268,10000.0
2269,10000.0
2270,10000.0
2271,10000.0
2272,10000.0
2273,10000.0
2274,10000.0
2275,10000.0
2276,10000.0
2277,10000.0
2278,10000.0
2279,10000.0
2280,10000.0
2281,10000.0
2282,10000.0
2283,10000.0
2284,10000.0
2285,10000.0
2286,10000.0
2287,10000.0
2288,10000.0
2289,10000.0
2290,10000.0
2291,10000.0
2292,10000.0
2293,10000.0
2294,10000.0
2295,10000.0
2296,10000.0
2297,10000.0
2298,10000.0
2299,10000.0
2300,10000.0
2301,10000.0
2302,10000.0
2303,10000.0
2304,10000.0
2305,10000.0
2306,10000.0
2307,10000.0
2308,10000.0
2309,10000.0
2310,10000.0
2311,10000.0
2312,10000.0
2313,10000.0
2314,10000.0
2315,10000.0
2316,10000.0
2317,10000.0
2318,10000.0
2319,10000.0
2320,10000.0
2321,10000.0
2322,10000.0
2323,10000.0
2324,10000.0
2325,10000.0
2326,10000.0
2327,10000.0
2328,10000.0
2329,10000.0
2330,10000.0
2331,10000.0
2332,10000.0
2333,10000.0
2334,10000.0
2335,10000.0
2336,10000.0
2337,10000.0
2338,10000.0
2339,10000.0
2340,10000.0
2341,10000.0
2342,10000.0
2343,10000.0
2344,10000.0
2345,10000.0
2346,10000.0
2347,10000.0
2348,10000.0
2349,10000.0
2350,10000.0
2351,10000.0
2352,10000.0
2353,10000.0
2354,10000.0
2355,10000.0
2356,10000.0
2357,10000.0
2358,10000.0
2359,10000.0
2360,10000.0
2361,10000.0
2362,10000.0
2363,10000.0
2364,10000.0
2365,10000.0
2366,10000.0
2367,10000.0
2368,10000.0
2369,10000.0
2370,10000.0
2371,10000.0
2372,10000.0
2373,10000.0
2374,10000.0
2375,10000.0
2376,10000.0
2377,10000.0
2378,10000.0
2379,10000.0
2380,10000.0
2381,10000.0
2382,10000.0
2383,10000.0
2384,10000.0
2385,10000.0
2386,10000.0
2387,10000.0
2388,10000.0
2389,10000.0
2390,10000.0
2391,10000.0
2392,10000.0
2393,10000.0
2394,10000.0
2395,10000.0
2396,10000.0
2397,10000.0
2398,10000.0
2399,10000.0
2400,10000.0
2401,10000.0
2402,10000.0
2403,10000.0
2404,10000.0
2405,10000.0
2406,10000.0
2407,10000.0
2408,10000.0
2409,10000.0
2410,10000.0
2411,10000.0
2412,10000.0
2413,10000.0
2414,10000.0
2415,10000.0
2416,10000.0
2417,10000.0
2418,10000.0
2419,10000.0
2420,10000.0
2421,10000.0
2422,10000.0
2423,10000.0
2424,10000.0
2425,10000.0
2426,10000.0
2427,10000.0
2428,10000.0
2429,10000.0
2430,10000.0
2431,10000.0
2432,10000.0
2433,10000.0
2434,10000.0
2435,10000.0
2436,10000.0
2437,10000.0
2438,10000.0
2439,10000.0
2440,10000.0
2441,10000.0
2442,10000.0
2443,10000.0
2444,10000.0
2445,10000.0
2446,10000.0
2447,10000.0
2448,10000.0
2449,10000.0
2450,10000.0
2451,10000.0
2452,10000.0
2453,10000.0
2454,10000.0
2455,10000.0
2456,10000.0
2457,10000.0
2458,10000.0
2459,10000.0
2460,10000.0
2461,10000.0
2462,10000.0
2463,10000.0
2464,10000.0
2465,10000.0
2466,10000.0
2467,10000.0
2468,10000.0
2469,10000.0
2470,10000.0
2471,10000.0
2472,10000.0
2473,10000.0
2474,10000.0
2475,10000.0
2476,10000.0
2477,10000.0
2478,10000.0
2479,10000.0
2480,10000.0
2481,10000.0
2482,10000.0
2483,10000.0
2484,10000.0
2485,10000.0
2486,10000.0
2487,10000.0
2488,10000.0
2489,10000.0
2490,10000.0
2491,10000.0
2492,10000.0
2493,10000.0
2494,10000.0
2495,10000.0
2496,10000.0
2497,10000.0
2498,10000.0
2499,10000.0
2500,10000.0
2501,10000.0
2502,10000.0
2503,10000.0
2504,10000.0
2505,10000.0
2506,10000.0
2507,10000.0
2508,10000.0
2509,10000.0
2510,10000.0
2511,10000.0
2512,10000.0
2513,10000.0
2514,10000.0
2515,10000.0
2516,10000.0
2517,10000.0
2518,10000.0
2519,10000.0
2520,10000.0
2521,10000.0
2522,10000.0
2523,10000.0
2524,10000.0
2525,10000.0
2526,10000.0
2527,10000.0
2528,10000.0
2529,10000.0
2530,10000.0
2531,10000.0
2532,10000.0
2533,10000.0
2534,10000.0
2535,10000.0
2536,10000.0
2537,10000.0
2538,10000.0
2539,10000.0
2540,10000.0
2541,10000.0
2542,10000.0
2543,10000.0
2544,10000.0
2545,10000.0
2546,10000.0
2547,10000.0
2548,10000.0
2549,10000.0
2550,10000.0
2551,10000.0
2552,10000.0
2553,10000.0
2554,10000.0
2555,10000.0
2556,10000.0
2557,10000.0
2558,10000.0
2559,10000.0
2560,10000.0
2561,10000.0
2562,10000.0
2563,10000.0
2564,10000.0
2565,10000.0
2566,10000.0
2567,10000.0
2568,10000.0
2569,10000.0
2570,10000.0
2571,10000.0
2572,10000.0
2573,10000.0
2574,10000.0
2575,10000.0
2576,10000.0
2577,10000.0
2578,10000.0
2579,10000.0
2580,10000.0
2581,10000.0
2582,10000.0
2583,10000.0
2584,10000.0
2585,10000.0
2586,10000.0
2587,10000.0
2588,10000.0
2589,10000.0
2590,10000.0
2591,10000.0
2592,10000.0
2593,10000.0
2594,10000.0
2595,10000.0
2596,10000.0
2597,10000.0
2598,10000.0
2599,10000.0
2600,10000.0
2601,10000.0
2602,10000.0
2603,10000.0
2604,10000.0
2605,10000.0
2606,10000.0
2607,10000.0
2608,10000.0
2609,10000.0
2610,10000.0
2611,10000.0
2612,10000.0
2613,10000.0
2614,10000.0
2615,10000.0
2616,10000.0
2617,10000.0
2618,10000.0
2619,10000.0
2620,10000.0
2621,10000.0
2622,10000.0
2623,10000.0
2624,10000.0
2625,10000.0
2626,10000.0
2627,10000.0
2628,10000.0
2629,10000.0
2630,10000.0
2631,10000.0
2632,10000.0
2633,10000.0
2634,10000.0
2635,10000.0
2636,10000.0
2637,10000.0
2638,10000.0
2639,10000.0
2640,10000.0
2641,10000.0
2642,10000.0
2643,10000.0
2644,10000.0
2645,10000.0
2646,10000.0
2647,10000.0
2648,10000.0
2649,10000.0
2650,10000.0
2651,10000.0
2652,10000.0
2653,10000.0
2654,10000.0
2655,10000.0
2656,10000.0
2657,10000.0
2658,10000.0
2659,10000.0
2660,10000.0
2661,10000.0
2662,10000.0
2663,10000.0
2664,10000.0
2665,10000.0
2666,10000.0
2667,10000.0
2668,10000.0
2669,10000.0
2670,10000.0
2671,10000.0
2672,10000.0
2673,10000.0
2674,10000.0
2675,10000.0
2676,10000.0
2677,10000.0
2678,10000.0
2679,10000.0
2680,10000.0
2681,10000.0
2682,10000.0
2683,10000.0
2684,10000.0
2685,10000.0
2686,10000.0
2687,10000.0
2688,10000.0
2689,10000.0
2690,10000.0
2691,10000.0
2692,10000.0
2693,10000.0
2694,10000.0
2695,10000.0
2696,10000.0
2697,10000.0
2698,10000.0
2699,10000.0
2700,10000.0
2701,10000.0
2702,10000.0
2703,10000.0
2704,10000.0
2705,10000.0
2706,10000.0
2707,10000.0
2708,10000.0
2709,10000.0
2710,10000.0
2711,10000.0
2712,10000.0
2713,10000.0
2714,10000.0
2715,10000.0
2716,10000.0
2717,10000.0
2718,10000.0
2719,10000.0
2720,10000.0
2721,10000.0
2722,10000.0
2723,10000.0
2724,10000.0
2725,10000.0
2726,10000.0
2727,10000.0
2728,10000.0
2729,10000.0
2730,10000.0
2731,10000.0
2732,10000.0
2733,10000.0
2734,10000.0
2735,10000.0
2736,10000.0
2737,10000.0
2738,10000.0
2739,10000.0
2740,10000.0
2741,10000.0
2742,10000.0
2743,10000.0
2744,10000.0
2745,10000.0
2746,10000.0
2747,10000.0
2748,10000.0
2749,10000.0
2750,10000.0
2751,10000.0
2752,10000.0
2753,10000.0
2754,10000.0
2755,10000.0
2756,10000.0
2757,10000.0
2758,10000.0
2759,10000.0
2760,10000.0
2761,10000.0
2762,10000.0
2763,10000.0
2764,10000.0
2765,10000.0
2766,10000.0
2767,10000.0
2768,10000.0
2769,10000.0
2770,10000.0
2771,10000.0
2772,10000.0
2773,10000.0
2774,10000.0
2775,10000.0
2776,10000.0
2777,10000.0
2778,10000.0
2779,10000.0
2780,10000.0
2781,10000.0
2782,10000.0
2783,10000.0
2784,10000.0
2785,10000.0
2786,10000.0
2787,10000.0
2788,10000.0
2789,10000.0
2790,10000.0
2791,10000.0
2792,10000.0
2793,10000.0
2794,10000.0
2795,10000.0
2796,10000.0
2797,10000.0
2798,10000.0
2799,10000.0
2800,10000.0
2801,10000.0
2802,10000.0
2803,10000.0
2804,10000.0
2805,10000.0
2806,10000.0
2807,10000.0
2808,10000.0
2809,10000.0
2810,10000.0
2811,10000.0
2812,10000.0
2813,10000.0
2814,10000.0
2815,10000.0
2816,10000.0
2817,10000.0
2818,10000.0
2819,10000.0
2820,10000.0
2821,10000.0
2822,10000.0
2823,10000.0
2824,10000.0
2825,10000.0
2826,10000.0
2827,10000.0
2828,10000.0
2829,10000.0
2830,10000.0
2831,10000.0
2832,10000.0
2833,10000.0
2834,10000.0
2835,10000.0
2836,10000.0
2837,10000.0
2838,10000.0
2839,10000.0
2840,10000.0
2841,10000.0
2842,10000.0
2843,10000.0
2844,10000.0
2845,10000.0
2846,10000.0
2847,10000.0
2848,10000.0
2849,10000.0
2850,10000.0
2851,10000.0
2852,10000.0
2853,10000.0
2854,10000.0
2855,10000.0
2856,10000.0
2857,10000.0
2858,10000.0
2859,10000.0
2860,10000.0
2861,10000.0
2862,10000.0
2863,10000.0
2864,10000.0
2865,10000.0
2866,10000.0
2867,10000.0
2868,10000.0
2869,10000.0
2870,10000.0
2871,10000.0
2872,10000.0
2873,10000.0
2874,10000.0
2875,10000.0
2876,10000.0
2877,10000.0
2878,10000.0
2879,10000.0
2880,10000.0
2881,10000.0
2882,10000.0
2883,10000.0
2884,10000.0
2885,10000.0
2886,10000.0
2887,10000.0
2888,10000.0
2889,10000.0
2890,10000.0
2891,10000.0
2892,10000.0
2893,10000.0
2894,10000.0
2895,10000.0
2896,10000.0
2897,10000.0
2898,10000.0
2899,10000.0
2900,10000.0
2901,10000.0
2902,10000.0
2903,10000.0
2904,10000.0
2905,10000.0
2906,10000.0
2907,10000.0
2908,10000.0
2909,10000.0
2910,10000.0
2911,10000.0
2912,10000.0
2913,10000.0
2914,10000.0
2915,10000.0
2916,10000.0
2917,10000.0
2918,10000.0
2919,10000.0
2920,10000.0
2921,10000.0
2922,10000.0
2923,10000.0
2924,10000.0
2925,10000.0
2926,10000.0
2927,10000.0
2928,10000.0
2929,10000.0
2930,10000.0
2931,10000.0
2932,10000.0
2933,10000.0
2934,10000.0
2935,10000.0
2936,10000.0
2937,10000.0
2938,10000.0
2939,10000.0
2940,10000.0
2941,10000.0
2942,10000.0
2943,10000.0
2944,10000.0
2945,10000.0
2946,10000.0
2947,10000.0
2948,10000.0
2949,10000.0
2950,10000.0
2951,10000.0
2952,10000.0
2953,10000.0
2954,10000.0
2955,10000.0
2956,10000.0
2957,10000.0
2958,10000.0
2959,10000.0
2960,10000.0
2961,10000.0
2962,10000.0
2963,10000.0
2964,10000.0
2965,10000.0
2966,10000.0
2967,10000.0
2968,10000.0
2969,10000.0
2970,10000.0
2971,10000.0
2972,10000.0
2973,10000.0
2974,10000.0
2975,10000.0
2976,10000.0
2977,10000.0
2978,10000.0
2979,10000.0
2980,10000.0
2981,10000.0
2982,10000.0
2983,10000.0
2984,10000.0
2985,10000.0
2986,10000.0
2987,10000.0
2988,10000.0
2989,10000.0
2990,10000.0
2991,10000.0
2992,10000.0
2993,10000.0
2994,10000.0
2995,10000.0
2996,10000.0
2997,10000.0
2998,10000.0
2999,10000.0
3000,10000.0
3001,10000.0
3002,10000.0
3003,10000.0
3004,10000.0
3005,10000.0
3006,10000.0
3007,10000.0
3008,10000.0
3009,10000.0
3010,10000.0
3011,10000.0
3012,10000.0
3013,10000.0
3014,10000.0
3015,10000.0
3016,10000.0
3017,10000.0
3018,10000.0
3019,10000.0
3020,10000.0
3021,10000.0
3022,10000.0
3023,10000.0
3024,10000.0
3025,10000.0
3026,10000.0
3027,10000.0
3028,10000.0
3029,10000.0
3030,10000.0
3031,10000.0
3032,10000.0
3033,10000.0
3034,10000.0
3035,10000.0
3036,10000.0
3037,10000.0
3038,10000.0
3039,10000.0
3040,10000.0
3041,10000.0
3042,10000.0
3043,10000.0
3044,10000.0
3045,10000.0
3046,10000.0
3047,10000.0
3048,10000.0
3049,10000.0
3050,10000.0
3051,10000.0
3052,10000.0
3053,10000.0
3054,10000.0
3055,10000.0
3056,10000.0
3057,10000.0
3058,10000.0
3059,10000.0
3060,10000.0
3061,10000.0
3062,10000.0
3063,10000.0
3064,10000.0
3065,10000.0
3066,10000.0
3067,10000.0
3068,10000.0
3069,10000.0
3070,10000.0
3071,10000.0
3072,10000.0
3073,10000.0
3074,10000.0
3075,10000.0
3076,10000.0
3077,10000.0
3078,10000.0
3079,10000.0
3080,10000.0
3081,10000.0
3082,10000.0
3083,10000.0
3084,10000.0
3085,10000.0
3086,10000.0
3087,10000.0
3088,10000.0
3089,10000.0
3090,10000.0
3091,10000.0
3092,10000.0
3093,10000.0
3094,10000.0
3095,10000.0
3096,10000.0
3097,10000.0
3098,10000.0
3099,10000.0
3100,10000.0
3101,10000.0
3102,10000.0
3103,10000.0
3104,10000.0
3105,10000.0
3106,10000.0
3107,10000.0
3108,10000.0
3109,10000.0
3110,10000.0
3111,10000.0
3112,10000.0
3113,10000.0
3114,10000.0
3115,10000.0
3116,10000.0
3117,10000.0
3118,10000.0
3119,10000.0
3120,10000.0
3121,10000.0
3122,10000.0
3123,10000.0
3124,10000.0
3125,10000.0
3126,10000.0
3127,10000.0
3128,10000.0
3129,10000.0
3130,10000.0
3131,10000.0
3132,10000.0
3133,10000.0
3134,10000.0
3135,10000.0
3136,10000.0
3137,10000.0
3138,10000.0
3139,10000.0
3140,10000.0
3141,10000.0
3142,10000.0
3143,10000.0
3144,10000.0
3145,10000.0
3146,10000.0
3147,10000.0
3148,10000.0
3149,10000.0
3150,10000.0
3151,10000.0
3152,10000.0
3153,10000.0
3154,10000.0
3155,10000.0
3156,10000.0
3157,10000.0
3158,10000.0
3159,10000.0
3160,10000.0
3161,10000.0
3162,10000.0
3163,10000.0
3164,10000.0
3165,10000.0
3166,10000.0
3167,10000.0
3168,10000.0
3169,10000.0
3170,10000.0
3171,10000.0
3172,10000.0
3173,10000.0
3174,10000.0
3175,10000.0
3176,10000.0
3177,10000.0
3178,10000.0
3179,10000.0
3180,10000.0
3181,10000.0
3182,10000.0
3183,10000.0
3184,10000.0
3185,10000.0
3186,10000.0
3187,10000.0
3188,10000.0
3189,10000.0
3190,10000.0
3191,10000.0
3192,10000.0
3193,10000.0
3194,10000.0
3195,10000.0
3196,10000.0
3197,10000.0
3198,10000.0
3199,10000.0
3200,10000.0
3201,10000.0
3202,10000.0
3203,10000.0
3204,10000.0
3205,10000.0
3206,10000.0
3207,10000.0
3208,10000.0
3209,10000.0
3210,10000.0
3211,10000.0
3212,10000.0
3213,10000.0
3214,10000.0
3215,10000.0
3216,10000.0
3217,10000.0
3218,10000.0
3219,10000.0
3220,10000.0
3221,10000.0
3222,10000.0
3223,10000.0
3224,10000.0
3225,10000.0
3226,10000.0
3227,10000.0
3228,10000.0
3229,10000.0
3230,10000.0
3231,10000.0
3232,10000.0
3233,10000.0
3234,10000.0
3235,10000.0
3236,10000.0
3237,10000.0
3238,10000.0
3239,10000.0
3240,10000.0
3241,10000.0
3242,10000.0
3243,10000.0
3244,10000.0
3245,10000.0
3246,10000.0
3247,10000.0
3248,10000.0
3249,10000.0
3250,10000.0
3251,10000.0
3252,10000.0
3253,10000.0
3254,10000.0
3255,10000.0
3256,10000.0
3257,10000.0
3258,10000.0
3259,10000.0
3260,10000.0
3261,10000.0
3262,10000.0
3263,10000.0
3264,10000.0
3265,10000.0
3266,10000.0
3267,10000.0
3268,10000.0
3269,10000.0
3270,10000.0
3271,10000.0
3272,10000.0
3273,10000.0
3274,10000.0
3275,10000.0
3276,10000.0
3277,10000.0
3278,10000.0
3279,10000.0
3280,10000.0
3281,10000.0
3282,10000.0
3283,10000.0
3284,10000.0
3285,10000.0
3286,10000.0
3287,10000.0
3288,10000.0
3289,10000.0
3290,10000.0
3291,10000.0
3292,10000.0
3293,10000.0
3294,10000.0
3295,10000.0
3296,10000.0
3297,10000.0
3298,10000.0
3299,10000.0
3300,10000.0
3301,10000.0
3302,10000.0
3303,10000.0
3304,10000.0
3305,10000.0
3306,10000.0
3307,10000.0
3308,10000.0
3309,10000.0
3310,10000.0
3311,10000.0
3312,10000.0
3313,10000.0
3314,10000.0
3315,10000.0
3316,10000.0
3317,10000.0
3318,10000.0
3319,10000.0
3320,10000.0
3321,10000.0
3322,10000.0
3323,10000.0
3324,10000.0
3325,10000.0
3326,10000.0
3327,10000.0
3328,10000.0
3329,10000.0
3330,10000.0
3331,10000.0
3332,10000.0
3333,10000.0
3334,10000.0
3335,10000.0
3336,10000.0
3337,10000.0
3338,10000.0
3339,10000.0
3340,10000.0
3341,10000.0
3342,10000.0
3343,10000.0
3344,10000.0
3345,10000.0
3346,10000.0
3347,10000.0
3348,10000.0
3349,10000.0
3350,10000.0
3351,10000.0
3352,10000.0
3353,10000.0
3354,10000.0
3355,10000.0
3356,10000.0
3357,10000.0
3358,10000.0
3359,10000.0
3360,10000.0
3361,10000.0
3362,10000.0
3363,10000.0
3364,10000.0
3365,10000.0
3366,10000.0
3367,10000.0
3368,10000.0
3369,10000.0
3370,10000.0
3371,10000.0
3372,10000.0
3373,10000.0
3374,10000.0
3375,10000.0
3376,10000.0
3377,10000.0
3378,10000.0
3379,10000.0
3380,10000.0
3381,10000.0
3382,10000.0
3383,10000.0
3384,10000.0
3385,10000.0
3386,10000.0
3387,10000.0
3388,10000.0
3389,10000.0
3390,10000.0
3391,10000.0
3392,10000.0
3393,10000.0
3394,10000.0
3395,10000.0
3396,10000.0
3397,10000.0
3398,10000.0
3399,10000.0
3400,10000.0
3401,10000.0
3402,10000.0
3403,10000.0
3404,10000.0
3405,10000.0
3406,10000.0
3407,10000.0
3408,10000.0
3409,10000.0
3410,10000.0
3411,10000.0
3412,10000.0
3413,10000.0
3414,10000.0
3415,10000.0
3416,10000.0
3417,10000.0
3418,10000.0
3419,10000.0
3420,10000.0
3421,10000.0
3422,10000.0
3423,10000.0
3424,10000.0
3425,10000.0
3426,10000.0
3427,10000.0
3428,10000.0
3429,10000.0
3430,10000.0
3431,10000.0
3432,10000.0
3433,10000.0
3434,10000.0
3435,10000.0
3436,10000.0
3437,10000.0
3438,10000.0
3439,10000.0
3440,10000.0
3441,10000.0
3442,10000.0
3443,10000.0
3444,10000.0
3445,10000.0
3446,10000.0
3447,10000.0
3448,10000.0
3449,10000.0
3450,10000.0
3451,10000.0
3452,10000.0
3453,10000.0
3454,10000.0
3455,10000.0
3456,10000.0
3457,10000.0
3458,10000.0
3459,10000.0
3460,10000.0
3461,10000.0
3462,10000.0
3463,10000.0
3464,10000.0
3465,10000.0
3466,10000.0
3467,10000.0
3468,10000.0
3469,10000.0
3470,10000.0
3471,10000.0
3472,10000.0
3473,10000.0
3474,10000.0
3475,10000.0
3476,10000.0
3477,10000.0
3478,10000.0
3479,10000.0
3480,10000.0
3481,10000.0
3482,10000.0
3483,10000.0
3484,10000.0
3485,10000.0
3486,10000.0
3487,10000.0
3488,10000.0
3489,10000.0
3490,10000.0
3491,10000.0
3492,10000.0
3493,10000.0
3494,10000.0
3495,10000.0
3496,10000.0
3497,10000.0
3498,10000.0
3499,10000.0
3500,10000.0
3501,10000.0
3502,10000.0
3503,10000.0
3504,10000.0
3505,10000.0
3506,10000.0
3507,10000.0
3508,10000.0
3509,10000.0
3510,10000.0
3511,10000.0
3512,10000.0
3513,10000.0
3514,10000.0
3515,10000.0
3516,10000.0
3517,10000.0
3518,10000.0
3519,10000.0
3520,10000.0
3521,10000.0
3522,10000.0
3523,10000.0
3524,10000.0
3525,10000.0
3526,10000.0
3527,10000.0
3528,10000.0
3529,10000.0
3530,10000.0
3531,10000.0
3532,10000.0
3533,10000.0
3534,10000.0
3535,10000.0
3536,10000.0
3537,10000.0
3538,10000.0
3539,10000.0
3540,10000.0
3541,10000.0
3542,10000.0
3543,10000.0
3544,10000.0
3545,10000.0
3546,10000.0
3547,10000.0
3548,10000.0
3549,10000.0
3550,10000.0
3551,10000.0
3552,10000.0
3553,10000.0
3554,10000.0
3555,10000.0
3556,10000.0
3557,10000.0
3558,10000.0
3559,10000.0
3560,10000.0
3561,10000.0
3562,10000.0
3563,10000.0
3564,10000.0
3565,10000.0
3566,10000.0
3567,10000.0
3568,10000.0
3569,10000.0
3570,10000.0
3571,10000.0
3572,10000.0
3573,10000.0
3574,10000.0
3575,10000.0
3576,10000.0
3577,10000.0
3578,10000.0
3579,10000.0
3580,10000.0
3581,10000.0
3582,10000.0
3583,10000.0
3584,10000.0
3585,10000.0
3586,10000.0
3587,10000.0
3588,10000.0
3589,10000.0
3590,10000.0
3591,10000.0
3592,10000.0
3593,10000.0
3594,10000.0
3595,10000.0
3596,10000.0
3597,10000.0
3598,10000.0
3599,10000.0
3600,10000.0
3601,10000.0
3602,10000.0
3603,10000.0
3604,10000.0
3605,10000.0
3606,10000.0
3607,10000.0
3608,10000.0
3609,10000.0
3610,10000.0
3611,10000.0
3612,10000.0
3613,10000.0
3614,10000.0
3615,10000.0
3616,10000.0
3617,10000.0
3618,10000.0
3619,10000.0
3620,10000.0
3621,10000.0
3622,10000.0
3623,10000.0
3624,10000.0
3625,10000.0
3626,10000.0
3627,10000.0
3628,10000.0
3629,10000.0
3630,10000.0
3631,10000.0
3632,10000.0
3633,10000.0
3634,10000.0
3635,10000.0
3636,10000.0
3637,10000.0
3638,10000.0
3639,10000.0
3640,10000.0
3641,10000.0
3642,10000.0
3643,10000.0
3644,10000.0
3645,10000.0
3646,10000.0
3647,10000.0
3648,10000.0
3649,10000.0
3650,10000.0
3651,10000.0
3652,10000.0
3653,10000.0
3654,10000.0
3655,10000.0
3656,10000.0
3657,10000.0
3658,10000.0
3659,10000.0
3660,10000.0
3661,10000.0
3662,10000.0
3663,10000.0
3664,10000.0
3665,10000.0
3666,10000.0
3667,10000.0
3668,10000.0
3669,10000.0
3670,10000.0
3671,10000.0
3672,10000.0
3673,10000.0
3674,10000.0
3675,10000.0
3676,10000.0
3677,10000.0
3678,10000.0
3679,10000.0
3680,10000.0
3681,10000.0
3682,10000.0
3683,10000.0
3684,10000.0
3685,10000.0
3686,10000.0
3687,10000.0
3688,10000.0
3689,10000.0
3690,10000.0
3691,10000.0
3692,10000.0
3693,10000.0
3694,10000.0
3695,10000.0
3696,10000.0
3697,10000.0
3698,10000.0
3699,10000.0
3700,10000.0
3701,10000.0
3702,10000.0
3703,10000.0
3704,10000.0
3705,10000.0
3706,10000.0
3707,10000.0
3708,10000.0
3709,10000.0
3710,10000.0
3711,10000.0
3712,10000.0
3713,10000.0
3714,10000.0
3715,10000.0
3716,10000.0
3717,10000.0
3718,10000.0
3719,10000.0
3720,10000.0
3721,10000.0
3722,10000.0
3723,10000.0
3724,10000.0
3725,10000.0
3726,10000.0
3727,10000.0
3728,10000.0
3729,10000.0
3730,10000.0
3731,10000.0
3732,10000.0
3733,10000.0
3734,10000.0
3735,10000.0
3736,10000.0
3737,10000.0
3738,10000.0
3739,10000.0
3740,10000.0
3741,10000.0
3742,10000.0
3743,10000.0
3744,10000.0
3745,10000.0
3746,10000.0
3747,10000.0
3748,10000.0
3749,10000.0
3750,10000.0
3751,10000.0
3752,10000.0
3753,10000.0
3754,10000.0
3755,10000.0
3756,10000.0
3757,10000.0
3758,10000.0
3759,10000.0
3760,10000.0
3761,10000.0
3762,10000.0
3763,10000.0
3764,10000.0
3765,10000.0
3766,10000.0
3767,10000.0
3768,10000.0
3769,10000.0
3770,10000.0
3771,10000.0
3772,10000.0
3773,10000.0
3774,10000.0
3775,10000.0
3776,10000.0
3777,10000.0
3778,10000.0
3779,10000.0
3780,10000.0
3781,10000.0
3782,10000.0
3783,10000.0
3784,10000.0
3785,10000.0
3786,10000.0
3787,10000.0
3788,10000.0
3789,10000.0
3790,10000.0
3791,10000.0
3792,10000.0
3793,10000.0
3794,10000.0
3795,10000.0
3796,10000.0
3797,10000.0
3798,10000.0
3799,10000.0
3800,10000.0
3801,10000.0
3802,10000.0
3803,10000.0
3804,10000.0
3805,10000.0
3806,10000.0
3807,10000.0
3808,10000.0
3809,10000.0
3810,10000.0
3811,10000.0
3812,10000.0
3813,10000.0
3814,10000.0
3815,10000.0
3816,10000.0
3817,10000.0
3818,10000.0
3819,10000.0
3820,10000.0
3821,10000.0
3822,10000.0
3823,10000.0
3824,10000.0
3825,10000.0
3826,10000.0
3827,10000.0
3828,10000.0
3829,10000.0
3830,10000.0
3831,10000.0
3832,10000.0
3833,10000.0
3834,10000.0
3835,10000.0
3836,10000.0
3837,10000.0
3838,10000.0
3839,10000.0
3840,10000.0
3841,10000.0
3842,10000.0
3843,10000.0
3844,10000.0
3845,10000.0
3846,10000.0
3847,10000.0
3848,10000.0
3849,10000.0
3850,10000.0
3851,10000.0
3852,10000.0
3853,10000.0
3854,10000.0
3855,10000.0
3856,10000.0
3857,10000.0
3858,10000.0
3859,10000.0
3860,10000.0
3861,10000.0
3862,10000.0
3863,10000.0
3864,10000.0
3865,10000.0
3866,10000.0
3867,10000.0
3868,10000.0
3869,10000.0
3870,10000.0
3871,10000.0
3872,10000.0
3873,10000.0
3874,10000.0
3875,10000.0
3876,10000.0
3877,10000.0
3878,10000.0
3879,10000.0
3880,10000.0
3881,10000.0
3882,10000.0
3883,10000.0
3884,10000.0
3885,10000.0
3886,10000.0
3887,10000.0
3888,10000.0
3889,10000.0
3890,10000.0
3891,10000.0
3892,10000.0
3893,10000.0
3894,10000.0
3895,10000.0
3896,10000.0
3897,10000.0
3898,10000.0
3899,10000.0
3900,10000.0
3901,10000.0
3902,10000.0
3903,10000.0
3904,10000.0
3905,10000.0
3906,10000.0
3907,10000.0
3908,10000.0
3909,10000.0
3910,10000.0
3911,10000.0
3912,10000.0
3913,10000.0
3914,10000.0
3915,10000.0
3916,10000.0
3917,10000.0
3918,10000.0
3919,10000.0
3920,10000.0
3921,10000.0
3922,10000.0
3923,10000.0
3924,10000.0
3925,10000.0
3926,10000.0
3927,10000.0
3928,10000.0
3929,10000.0
3930,10000.0
3931,10000.0
3932,10000.0
3933,10000.0
3934,10000.0
3935,10000.0
3936,10000.0
3937,10000.0
3938,10000.0
3939,10000.0
3940,10000.0
3941,10000.0
3942,10000.0
3943,10000.0
3944,10000.0
3945,10000.0
3946,10000.0
3947,10000.0
3948,10000.0
3949,10000.0
3950,10000.0
3951,10000.0
3952,10000.0
3953,10000.0
3954,10000.0
3955,10000.0
3956,10000.0
3957,10000.0
3958,10000.0
3959,10000.0
3960,10000.0
3961,10000.0
3962,10000.0
3963,10000.0
3964,10000.0
3965,10000.0
3966,10000.0
3967,10000.0
3968,10000.0
3969,10000.0
3970,10000.0
3971,10000.0
3972,10000.0
3973,10000.0
3974,10000.0
3975,10000.0
3976,10000.0
3977,10000.0
3978,10000.0
3979,10000.0
3980,10000.0
3981,10000.0
3982,10000.0
3983,10000.0
3984,10000.0
3985,10000.0
3986,10000.0
3987,10000.0
3988,10000.0
3989,10000.0
3990,10000.0
3991,10000.0
3992,10000.0
3993,10000.0
3994,10000.0
3995,10000.0
3996,10000.0
3997,10000.0
3998,10000.0
3999,10000.0
4000,10000.0
4001,10000.0
4002,10000.0
4003,10000.0
4004,10000.0
4005,10000.0
4006,10000.0
4007,10000.0
4008,10000.0
4009,10000.0
4010,10000.0
4011,10000.0
4012,10000.0
4013,10000.0
4014,10000.0
4015,10000.0
4016,10000.0
4017,10000.0
4018,10000.0
4019,10000.0
4020,10000.0
4021,10000.0
4022,10000.0
4023,10000.0
4024,10000.0
4025,10000.0
4026,10000.0
4027,10000.0
4028,10000.0
4029,10000.0
4030,10000.0
4031,10000.0
4032,10000.0
4033,10000.0
4034,10000.0
4035,10000.0
4036,10000.0
4037,10000.0
4038,10000.0
4039,10000.0
4040,10000.0
4041,10000.0
4042,10000.0
4043,10000.0
4044,10000.0
4045,10000.0
4046,10000.0
4047,10000.0
4048,10000.0
4049,10000.0
4050,10000.0
4051,10000.0
4052,10000.0
4053,10000.0
4054,10000.0
4055,10000.0
4056,10000.0
4057,10000.0
4058,10000.0
4059,10000.0
4060,10000.0
4061,10000.0
4062,10000.0
4063,10000.0
4064,10000.0
4065,10000.0
4066,10000.0
4067,10000.0
4068,10000.0
4069,10000.0
4070,10000.0
4071,10000.0
4072,10000.0
4073,10000.0
4074,10000.0
4075,10000.0
4076,10000.0
4077,10000.0
4078,10000.0
4079,10000.0
4080,10000.0
4081,10000.0
4082,10000.0
4083,10000.0
4084,10000.0
4085,10000.0
4086,10000.0
4087,10000.0
4088,10000.0
4089,10000.0
4090,10000.0
4091,10000.0
4092,10000.0
4093,10000.0
4094,10000.0
4095,10000.0
4096,10000.0
4097,10000.0
4098,10000.0
4099,10000.0
4100,10000.0
4101,10000.0
4102,10000.0
4103,10000.0
4104,10000.0
4105,10000.0
4106,10000.0
4107,10000.0
4108,10000.0
4109,10000.0
4110,10000.0
4111,10000.0
4112,10000.0
4113,10000.0
4114,10000.0
4115,10000.0
4116,10000.0
4117,10000.0
4118,10000.0
4119,10000.0
4120,10000.0
4121,10000.0
4122,10000.0
4123,10000.0
4124,10000.0
4125,10000.0
4126,10000.0
4127,10000.0
4128,10000.0
4129,10000.0
4130,10000.0
4131,10000.0
4132,10000.0
4133,10000.0
4134,10000.0
4135,10000.0
4136,10000.0
4137,10000.0
4138,10000.0
4139,10000.0
4140,10000.0
4141,10000.0
4142,10000.0
4143,10000.0
4144,10000.0
4145,10000.0
4146,10000.0
4147,10000.0
4148,10000.0
4149,10000.0
4150,10000.0
4151,10000.0
4152,10000.0
4153,10000.0
4154,10000.0
4155,10000.0
4156,10000.0
4157,10000.0
4158,10000.0
4159,10000.0
4160,10000.0
4161,10000.0
4162,10000.0
4163,10000.0
4164,10000.0
4165,10000.0
4166,10000.0
4167,10000.0
4168,10000.0
4169,10000.0
4170,10000.0
4171,10000.0
4172,10000.0
4173,10000.0
4174,10000.0
4175,10000.0
4176,10000.0
4177,10000.0
4178,10000.0
4179,10000.0
4180,10000.0
4181,10000.0
4182,10000.0
4183,10000.0
4184,10000.0
4185,10000.0
4186,10000.0
4187,10000.0
4188,10000.0
4189,10000.0
4190,10000.0
4191,10000.0
4192,10000.0
4193,10000.0
4194,10000.0
4195,10000.0
4196,10000.0
4197,10000.0
4198,10000.0
4199,10000.0
4200,10000.0
4201,10000.0
4202,10000.0
4203,10000.0
4204,10000.0
4205,10000.0
4206,10000.0
4207,10000.0
4208,10000.0
4209,10000.0
4210,10000.0
4211,10000.0
4212,10000.0
4213,10000.0
4214,10000.0
4215,10000.0
4216,10000.0
4217,10000.0
4218,10000.0
4219,10000.0
4220,10000.0
4221,10000.0
4222,10000.0
4223,10000.0
4224,10000.0
4225,10000.0
4226,10000.0
4227,10000.0
4228,10000.0
4229,10000.0
4230,10000.0
4231,10000.0
4232,10000.0
4233,10000.0
4234,10000.0
4235,10000.0
4236,10000.0
4237,10000.0
4238,10000.0
4239,10000.0
4240,10000.0
4241,10000.0
4242,10000.0
4243,10000.0
4244,10000.0
4245,10000.0
4246,10000.0
4247,10000.0
4248,10000.0
4249,10000.0
4250,10000.0
4251,10000.0
4252,10000.0
4253,10000.0
4254,10000.0
4255,10000.0
4256,10000.0
4257,10000.0
4258,10000.0
4259,10000.0
4260,10000.0
4261,10000.0
4262,10000.0
4263,10000.0
4264,10000.0
4265,10000.0
4266,10000.0
4267,10000.0
4268,10000.0
4269,10000.0
4270,10000.0
4271,10000.0
4272,10000.0
4273,10000.0
4274,10000.0
4275,10000.0
4276,10000.0
4277,10000.0
4278,10000.0
4279,10000.0
4280,10000.0
4281,10000.0
4282,10000.0
4283,10000.0
4284,10000.0
4285,10000.0
4286,10000.0
4287,10000.0
4288,10000.0
4289,10000.0
4290,10000.0
4291,10000.0
4292,10000.0
4293,10000.0
4294,10000.0
4295,10000.0
4296,10000.0
4297,10000.0
4298,10000.0
4299,10000.0
4300,10000.0
4301,10000.0
4302,10000.0
4303,10000.0
4304,10000.0
4305,10000.0
4306,10000.0
4307,10000.0
4308,10000.0
4309,10000.0
4310,10000.0
4311,10000.0
4312,10000.0
4313,10000.0
4314,10000.0
4315,10000.0
4316,10000.0
4317,10000.0
4318,10000.0
4319,10000.0
4320,10000.0
4321,10000.0
4322,10000.0
4323,10000.0
4324,10000.0
4325,10000.0
4326,10000.0
4327,10000.0
4328,10000.0
4329,10000.0
4330,10000.0
4331,10000.0
4332,10000.0
4333,10000.0
4334,10000.0
4335,10000.0
4336,10000.0
4337,10000.0
4338,10000.0
4339,10000.0
4340,10000.0
4341,10000.0
4342,10000.0
4343,10000.0
4344,10000.0
4345,10000.0
4346,10000.0
4347,10000.0
4348,10000.0
4349,10000.0
4350,10000.0
4351,10000.0
4352,10000.0
4353,10000.0
4354,10000.0
4355,10000.0
4356,10000.0
4357,10000.0
4358,10000.0
4359,10000.0
4360,10000.0
4361,10000.0
4362,10000.0
4363,10000.0
4364,10000.0
4365,10000.0
4366,10000.0
4367,10000.0
4368,10000.0
4369,10000.0
4370,10000.0
4371,10000.0
4372,10000.0
4373,10000.0
4374,10000.0
4375,10000.0
4376,10000.0
4377,10000.0
4378,10000.0
4379,10000.0
4380,10000.0
4381,10000.0
4382,10000.0
4383,10000.0
4384,10000.0
4385,10000.0
4386,10000.0
4387,10000.0
4388,10000.0
4389,10000.0
4390,10000.0
4391,10000.0
4392,10000.0
4393,10000.0
4394,10000.0
4395,10000.0
4396,10000.0
4397,10000.0
4398,10000.0
4399,10000.0
4400,10000.0
4401,10000.0
4402,10000.0
4403,10000.0
4404,10000.0
4405,10000.0
4406,10000.0
4407,10000.0
4408,10000.0
4409,10000.0
4410,10000.0
4411,10000.0
4412,10000.0
4413,10000.0
4414,10000.0
4415,10000.0
4416,10000.0
4417,10000.0
4418,10000.0
4419,10000.0
4420,10000.0
4421,10000.0
4422,10000.0
4423,10000.0
4424,10000.0
4425,10000.0
4426,10000.0
4427,10000.0
4428,10000.0
4429,10000.0
4430,10000.0
4431,10000.0
4432,10000.0
4433,10000.0
4434,10000.0
4435,10000.0
4436,10000.0
4437,10000.0
4438,10000.0
4439,10000.0
4440,10000.0
4441,10000.0
4442,10000.0
4443,10000.0
4444,10000.0
4445,10000.0
4446,10000.0
4447,10000.0
4448,10000.0
4449,10000.0
4450,10000.0
4451,10000.0
4452,10000.0
4453,10000.0
4454,10000.0
4455,10000.0
4456,10000.0
4457,10000.0
4458,10000.0
4459,10000.0
4460,10000.0
4461,10000.0
4462,10000.0
4463,10000.0
4464,10000.0
4465,10000.0
4466,10000.0
4467,10000.0
4468,10000.0
4469,10000.0
4470,10000.0
4471,10000.0
4472,10000.0
4473,10000.0
4474,10000.0
4475,10000.0
4476,10000.0
4477,10000.0
4478,10000.0
4479,10000.0
4480,10000.0
4481,10000.0
4482,10000.0
4483,10000.0
4484,10000.0
4485,10000.0
4486,10000.0
4487,10000.0
4488,10000.0
4489,10000.0
4490,10000.0
4491,10000.0
4492,10000.0
4493,10000.0
4494,10000.0
4495,10000.0
4496,10000.0
4497,10000.0
4498,10000.0
4499,10000.0
4500,10000.0
4501,10000.0
4502,10000.0
4503,10000.0
4504,10000.0
4505,10000.0
4506,10000.0
4507,10000.0
4508,10000.0
4509,10000.0
4510,10000.0
4511,10000.0
4512,10000.0
4513,10000.0
4514,10000.0
4515,10000.0
4516,10000.0
4517,10000.0
4518,10000.0
4519,10000.0
4520,10000.0
4521,10000.0
4522,10000.0
4523,10000.0
4524,10000.0
4525,10000.0
4526,10000.0
4527,10000.0
4528,10000.0
4529,10000.0
4530,10000.0
4531,10000.0
4532,10000.0
4533,10000.0
4534,10000.0
4535,10000.0
4536,10000.0
4537,10000.0
4538,10000.0
4539,10000.0
4540,10000.0
4541,10000.0
4542,10000.0
4543,10000.0
4544,10000.0
4545,10000.0
4546,10000.0
4547,10000.0
4548,10000.0
4549,10000.0
4550,10000.0
4551,10000.0
4552,10000.0
4553,10000.0
4554,10000.0
4555,10000.0
4556,10000.0
4557,10000.0
4558,10000.0
4559,10000.0
4560,10000.0
4561,10000.0
4562,10000.0
4563,10000.0
4564,10000.0
4565,10000.0
4566,10000.0
4567,10000.0
4568,10000.0
4569,10000.0
4570,10000.0
4571,10000.0
4572,10000.0
4573,10000.0
4574,10000.0
4575,10000.0
4576,10000.0
4577,10000.0
4578,10000.0
4579,10000.0
4580,10000.0
4581,10000.0
4582,10000.0
4583,10000.0
4584,10000.0
4585,10000.0
4586,10000.0
4587,10000.0
4588,10000.0
4589,10000.0
4590,10000.0
4591,10000.0
4592,10000.0
4593,10000.0
4594,10000.0
4595,10000.0
4596,10000.0
4597,10000.0
4598,10000.0
4599,10000.0
4600,10000.0
4601,10000.0
4602,10000.0
4603,10000.0
4604,10000.0
4605,10000.0
4606,10000.0
4607,10000.0
4608,10000.0
4609,10000.0
4610,10000.0
4611,10000.0
4612,10000.0
4613,10000.0
4614,10000.0
4615,10000.0
4616,10000.0
4617,10000.0
4618,10000.0
4619,10000.0
4620,10000.0
4621,10000.0
4622,10000.0
4623,10000.0
4624,10000.0
4625,10000.0
4626,10000.0
4627,10000.0
4628,10000.0
4629,10000.0
4630,10000.0
4631,10000.0
4632,10000.0
4633,10000.0
4634,10000.0
4635,10000.0
4636,10000.0
4637,10000.0
4638,10000.0
4639,10000.0
4640,10000.0
4641,10000.0
4642,10000.0
4643,10000.0
4644,10000.0
4645,10000.0
4646,10000.0
4647,10000.0
4648,10000.0
4649,10000.0
4650,10000.0
4651,10000.0
4652,10000.0
4653,10000.0
4654,10000.0
4655,10000.0
4656,10000.0
4657,10000.0
4658,10000.0
4659,10000.0
4660,10000.0
4661,10000.0
4662,10000.0
4663,10000.0
4664,10000.0
4665,10000.0
4666,10000.0
4667,10000.0
4668,10000.0
4669,10000.0
4670,10000.0
4671,10000.0
4672,10000.0
4673,10000.0
4674,10000.0
4675,10000.0
4676,10000.0
4677,10000.0
4678,10000.0
4679,10000.0
4680,10000.0
4681,10000.0
4682,10000.0
4683,10000.0
4684,10000.0
4685,10000.0
4686,10000.0
4687,10000.0
4688,10000.0
4689,10000.0
4690,10000.0
4691,10000.0
4692,10000.0
4693,10000.0
4694,10000.0
4695,10000.0
4696,10000.0
4697,10000.0
4698,10000.0
4699,10000.0
4700,10000.0
4701,10000.0
4702,10000.0
4703,10000.0
4704,10000.0
4705,10000.0
4706,10000.0
4707,10000.0
4708,10000.0
4709,10000.0
4710,10000.0
4711,10000.0
4712,10000.0
4713,10000.0
4714,10000.0
4715,10000.0
4716,10000.0
4717,10000.0
4718,10000.0
4719,10000.0
4720,10000.0
4721,10000.0
4722,10000.0
4723,10000.0
4724,10000.0
4725,10000.0
4726,10000.0
4727,10000.0
4728,10000.0
4729,10000.0
4730,10000.0
4731,10000.0
4732,10000.0
4733,10000.0
4734,10000.0
4735,10000.0
4736,10000.0
4737,10000.0
4738,10000.0
4739,10000.0
4740,10000.0
4741,10000.0
4742,10000.0
4743,10000.0
4744,10000.0
4745,10000.0
4746,10000.0
4747,10000.0
4748,10000.0
4749,10000.0
4750,10000.0
4751,10000.0
4752,10000.0
4753,10000.0
4754,10000.0
4755,10000.0
4756,10000.0
4757,10000.0
4758,10000.0
4759,10000.0
4760,10000.0
4761,10000.0
4762,10000.0
4763,10000.0
4764,10000.0
4765,10000.0
4766,10000.0
4767,10000.0
4768,10000.0
4769,10000.0
4770,10000.0
4771,10000.0
4772,10000.0
4773,10000.0
4774,10000.0
4775,10000.0
4776,10000.0
4777,10000.0
4778,10000.0
4779,10000.0
4780,10000.0
4781,10000.0
4782,10000.0
4783,10000.0
4784,10000.0
4785,10000.0
4786,10000.0
4787,10000.0
4788,10000.0
4789,10000.0
4790,10000.0
4791,10000.0
4792,10000.0
4793,10000.0
4794,10000.0
4795,10000.0
4796,10000.0
4797,10000.0
4798,10000.0
4799,10000.0
4800,10000.0
4801,10000.0
4802,10000.0
4803,10000.0
4804,10000.0
4805,10000.0
4806,10000.0
4807,10000.0
4808,10000.0
4809,10000.0
4810,10000.0
4811,10000.0
4812,10000.0
4813,10000.0
4814,10000.0
4815,10000.0
4816,10000.0
4817,10000.0
4818,10000.0
4819,10000.0
4820,10000.0
4821,10000.0
4822,10000.0
4823,10000.0
4824,10000.0
4825,10000.0
4826,10000.0
4827,10000.0
4828,10000.0
4829,10000.0
4830,10000.0
4831,10000.0
4832,10000.0
4833,10000.0
4834,10000.0
4835,10000.0
4836,10000.0
4837,10000.0
4838,10000.0
4839,10000.0
4840,10000.0
4841,10000.0
4842,10000.0
4843,10000.0
4844,10000.0
4845,10000.0
4846,10000.0
4847,10000.0
4848,10000.0
4849,10000.0
4850,10000.0
4851,10000.0
4852,10000.0
4853,10000.0
4854,10000.0
4855,10000.0
4856,10000.0
4857,10000.0
4858,10000.0
4859,10000.0
4860,10000.0
4861,10000.0
4862,10000.0
4863,10000.0
4864,10000.0
4865,10000.0
4866,10000.0
4867,10000.0
4868,10000.0
4869,10000.0
4870,10000.0
4871,10000.0
4872,10000.0
4873,10000.0
4874,10000.0
4875,10000.0
4876,10000.0
4877,10000.0
4878,10000.0
4879,10000.0
4880,10000.0
4881,10000.0
4882,10000.0
4883,10000.0
4884,10000.0
4885,10000.0
4886,10000.0
4887,10000.0
4888,10000.0
4889,10000.0
4890,10000.0
4891,10000.0
4892,10000.0
4893,10000.0
4894,10000.0
4895,10000.0
4896,10000.0
4897,10000.0
4898,10000.0
4899,10000.0
4900,10000.0
4901,10000.0
4902,10000.0
4903,10000.0
4904,10000.0
4905,10000.0
4906,10000.0
4907,10000.0
4908,10000.0
4909,10000.0
4910,10000.0
4911,10000.0
4912,10000.0
4913,10000.0
4914,10000.0
4915,10000.0
4916,10000.0
4917,10000.0
4918,10000.0
4919,10000.0
4920,10000.0
4921,10000.0
4922,10000.0
4923,10000.0
4924,10000.0
4925,10000.0
4926,10000.0
4927,10000.0
4928,10000.0
4929,10000.0
4930,10000.0
4931,10000.0
4932,10000.0
4933,10000.0
4934,10000.0
4935,10000.0
4936,10000.0
4937,10000.0
4938,10000.0
4939,10000.0
4940,10000.0
4941,10000.0
4942,10000.0
4943,10000.0
4944,10000.0
4945,10000.0
4946,10000.0
4947,10000.0
4948,10000.0
4949,10000.0
4950,10000.0
4951,10000.0
4952,10000.0
4953,10000.0
4954,10000.0
4955,10000.0
4956,10000.0
4957,10000.0
4958,10000.0
4959,10000.0
4960,10000.0
4961,10000.0
4962,10000.0
4963,10000.0
4964,10000.0
4965,10000.0
4966,10000.0
4967,10000.0
4968,10000.0
4969,10000.0
4970,10000.0
4971,10000.0
4972,10000.0
4973,10000.0
4974,10000.0
4975,10000.0
4976,10000.0
4977,10000.0
4978,10000.0
4979,10000.0
4980,10000.0
4981,10000.0
4982,10000.0
4983,10000.0
4984,10000.0
4985,10000.0
4986,10000.0
4987,10000.0
4988,10000.0
4989,10000.0
4990,10000.0
4991,10000.0
4992,10000.0
4993,10000.0
4994,10000.0
4995,10000.0
4996,10000.0
4997,10000.0
4998,10000.0
4999,10000.0
5000,10000.0
5001,10000.0
5002,10000.0
5003,10000.0
5004,10000.0
5005,10000.0
5006,10000.0
5007,10000.0
5008,10000.0
5009,10000.0
5010,10000.0
5011,10000.0
5012,10000.0
5013,10000.0
5014,10000.0
5015,10000.0
5016,10000.0
5017,10000.0
5018,10000.0
5019,10000.0
5020,10000.0
5021,10000.0
5022,10000.0
5023,10000.0
5024,10000.0
5025,10000.0
5026,10000.0
5027,10000.0
5028,10000.0
5029,10000.0
5030,10000.0
5031,10000.0
5032,10000.0
5033,10000.0
5034,10000.0
5035,10000.0
5036,10000.0
5037,10000.0
5038,10000.0
5039,10000.0
5040,10000.0
5041,10000.0
5042,10000.0
5043,10000.0
5044,10000.0
5045,10000.0
5046,10000.0
5047,10000.0
5048,10000.0
5049,10000.0
5050,10000.0
5051,10000.0
5052,10000.0
5053,10000.0
5054,10000.0
5055,10000.0
5056,10000.0
5057,10000.0
5058,10000.0
5059,10000.0
5060,10000.0
5061,10000.0
5062,10000.0
5063,10000.0
5064,10000.0
5065,10000.0
5066,10000.0
5067,10000.0
5068,10000.0
5069,10000.0
5070,10000.0
5071,10000.0
5072,10000.0
5073,10000.0
5074,10000.0
5075,10000.0
5076,10000.0
5077,10000.0
5078,10000.0
5079,10000.0
5080,10000.0
5081,10000.0
5082,10000.0
5083,10000.0
5084,10000.0
5085,10000.0
5086,10000.0
5087,10000.0
5088,10000.0
5089,10000.0
5090,10000.0
5091,10000.0
5092,10000.0
5093,10000.0
5094,10000.0
5095,10000.0
5096,10000.0
5097,10000.0
5098,10000.0
5099,10000.0
5100,10000.0
5101,10000.0
5102,10000.0
5103,10000.0
5104,10000.0
5105,10000.0
5106,10000.0
5107,10000.0
5108,10000.0
5109,10000.0
5110,10000.0
5111,10000.0
5112,10000.0
5113,10000.0
5114,10000.0
5115,10000.0
5116,10000.0
5117,10000.0
5118,10000.0
5119,10000.0
5120,10000.0
5121,10000.0
5122,10000.0
5123,10000.0
5124,10000.0
5125,10000.0
5126,10000.0
5127,10000.0
5128,10000.0
5129,10000.0
5130,10000.0
5131,10000.0
5132,10000.0
5133,10000.0
5134,10000.0
5135,10000.0
5136,10000.0
5137,10000.0
5138,10000.0
5139,10000.0
5140,10000.0
5141,10000.0
5142,10000.0
5143,10000.0
5144,10000.0
5145,10000.0
5146,10000.0
5147,10000.0
5148,10000.0
5149,10000.0
5150,10000.0
5151,10000.0
5152,10000.0
5153,10000.0
5154,10000.0
5155,10000.0
5156,10000.0
5157,10000.0
5158,10000.0
5159,10000.0
5160,10000.0
5161,10000.0
5162,10000.0
5163,10000.0
5164,10000.0
5165,10000.0
5166,10000.0
5167,10000.0
5168,10000.0
5169,10000.0
5170,10000.0
5171,10000.0
5172,10000.0
5173,10000.0
5174,10000.0
5175,10000.0
5176,10000.0
5177,10000.0
5178,10000.0
5179,10000.0
5180,10000.0
5181,10000.0
5182,10000.0
5183,10000.0
5184,10000.0
5185,10000.0
5186,10000.0
5187,10000.0
5188,10000.0
5189,10000.0
5190,10000.0
5191,10000.0
5192,10000.0
5193,10000.0
5194,10000.0
5195,10000.0
5196,10000.0
5197,10000.0
5198,10000.0
5199,10000.0
5200,10000.0
5201,10000.0
5202,10000.0
5203,10000.0
5204,10000.0
5205,10000.0
5206,10000.0
5207,10000.0
5208,10000.0
5209,10000.0
5210,10000.0
5211,10000.0
5212,10000.0
5213,10000.0
5214,10000.0
5215,10000.0
5216,10000.0
5217,10000.0
5218,10000.0
5219,10000.0
5220,10000.0
5221,10000.0
5222,10000.0
5223,10000.0
5224,10000.0
5225,10000.0
5226,10000.0
5227,10000.0
5228,10000.0
5229,10000.0
5230,10000.0
5231,10000.0
5232,10000.0
5233,10000.0
5234,10000.0
5235,10000.0
5236,10000.0
5237,10000.0
5238,10000.0
5239,10000.0
5240,10000.0
5241,10000.0
5242,10000.0
5243,10000.0
5244,10000.0
5245,10000.0
5246,10000.0
5247,10000.0
5248,10000.0
5249,10000.0
5250,10000.0
5251,10000.0
5252,10000.0
5253,10000.0
5254,10000.0
5255,10000.0
5256,10000.0
5257,10000.0
5258,10000.0
5259,10000.0
5260,10000.0
5261,10000.0
5262,10000.0
5263,10000.0
5264,10000.0
5265,10000.0
5266,10000.0
5267,10000.0
5268,10000.0
5269,10000.0
5270,10000.0
5271,10000.0
5272,10000.0
5273,10000.0
5274,10000.0
5275,10000.0
5276,10000.0
5277,10000.0
5278,10000.0
5279,10000.0
5280,10000.0
5281,10000.0
5282,10000.0
5283,10000.0
5284,10000.0
5285,10000.0
5286,10000.0
5287,10000.0
5288,10000.0
5289,10000.0
5290,10000.0
5291,10000.0
5292,10000.0
5293,10000.0
5294,10000.0
5295,10000.0
5296,10000.0
5297,10000.0
5298,10000.0
5299,10000.0
5300,10000.0
5301,10000.0
5302,10000.0
5303,10000.0
5304,10000.0
5305,10000.0
5306,10000.0
5307,10000.0
5308,10000.0
5309,10000.0
5310,10000.0
5311,10000.0
5312,10000.0
5313,10000.0
5314,10000.0
5315,10000.0
5316,10000.0
5317,10000.0
5318,10000.0
5319,10000.0
5320,10000.0
5321,10000.0
5322,10000.0
5323,10000.0
5324,10000.0
5325,10000.0
5326,10000.0
5327,10000.0
5328,10000.0
5329,10000.0
5330,10000.0
5331,10000.0
5332,10000.0
5333,10000.0
5334,10000.0
5335,10000.0
5336,10000.0
5337,10000.0
5338,10000.0
5339,10000.0
5340,10000.0
5341,10000.0
5342,10000.0
5343,10000.0
5344,10000.0
5345,10000.0
5346,10000.0
5347,10000.0
5348,10000.0
5349,10000.0
5350,10000.0
5351,10000.0
5352,10000.0
5353,10000.0
5354,10000.0
5355,10000.0
5356,10000.0
5357,10000.0
5358,10000.0
5359,10000.0
5360,10000.0
5361,10000.0
5362,10000.0
5363,10000.0
5364,10000.0
5365,10000.0
5366,10000.0
5367,10000.0
5368,10000.0
5369,10000.0
5370,10000.0
5371,10000.0
5372,10000.0
5373,10000.0
5374,10000.0
5375,10000.0
5376,10000.0
5377,10000.0
5378,10000.0
5379,10000.0
5380,10000.0
5381,10000.0
5382,10000.0
5383,10000.0
5384,10000.0
5385,10000.0
5386,10000.0
5387,10000.0
5388,10000.0
5389,10000.0
5390,10000.0
5391,10000.0
5392,10000.0
5393,10000.0
5394,10000.0
5395,10000.0
5396,10000.0
5397,10000.0
5398,10000.0
5399,10000.0
5400,10000.0
5401,10000.0
5402,10000.0
5403,10000.0
5404,10000.0
5405,10000.0
5406,10000.0
5407,10000.0
5408,10000.0
5409,10000.0
5410,10000.0
5411,10000.0
5412,10000.0
5413,10000.0
5414,10000.0
5415,10000.0
5416,10000.0
5417,10000.0
5418,10000.0
5419,10000.0
5420,10000.0
5421,10000.0
5422,10000.0
5423,10000.0
5424,10000.0
5425,10000.0
5426,10000.0
5427,10000.0
5428,10000.0
5429,10000.0
5430,10000.0
5431,10000.0
5432,10000.0
5433,10000.0
5434,10000.0
5435,10000.0
5436,10000.0
5437,10000.0
5438,10000.0
5439,10000.0
5440,10000.0
5441,10000.0
5442,10000.0
5443,10000.0
5444,10000.0
5445,10000.0
5446,10000.0
5447,10000.0
5448,10000.0
5449,10000.0
5450,10000.0
5451,10000.0
5452,10000.0
5453,10000.0
5454,10000.0
5455,10000.0
5456,10000.0
5457,10000.0
5458,10000.0
5459,10000.0
5460,10000.0
5461,10000.0
5462,10000.0
5463,10000.0
5464,10000.0
5465,10000.0
5466,10000.0
5467,10000.0
5468,10000.0
5469,10000.0
5470,10000.0
5471,10000.0
5472,10000.0
5473,10000.0
5474,10000.0
5475,10000.0
5476,10000.0
5477,10000.0
5478,10000.0
5479,10000.0
5480,10000.0
5481,10000.0
5482,10000.0
5483,10000.0
5484,10000.0
5485,10000.0
5486,10000.0
5487,10000.0
5488,10000.0
5489,10000.0
5490,10000.0
5491,10000.0
5492,10000.0
5493,10000.0
5494,10000.0
5495,10000.0
5496,10000.0
5497,10000.0
5498,10000.0
5499,10000.0
5500,10000.0
5501,10000.0
5502,10000.0
5503,10000.0
5504,10000.0
5505,10000.0
5506,10000.0
5507,10000.0
5508,10000.0
5509,10000.0
5510,10000.0
5511,10000.0
5512,10000.0
5513,10000.0
5514,10000.0
5515,10000.0
5516,10000.0
5517,10000.0
5518,10000.0
5519,10000.0
5520,10000.0
5521,10000.0
5522,10000.0
5523,10000.0
5524,10000.0
5525,10000.0
5526,10000.0
5527,10000.0
5528,10000.0
5529,10000.0
5530,10000.0
5531,10000.0
5532,10000.0
5533,10000.0
5534,10000.0
5535,10000.0
5536,10000.0
5537,10000.0
5538,10000.0
5539,10000.0
5540,10000.0
5541,10000.0
5542,10000.0
5543,10000.0
5544,10000.0
5545,10000.0
5546,10000.0
5547,10000.0
5548,10000.0
5549,10000.0
5550,10000.0
5551,10000.0
5552,10000.0
5553,10000.0
5554,10000.0
5555,10000.0
5556,10000.0
5557,10000.0
5558,10000.0
5559,10000.0
5560,10000.0
5561,10000.0
5562,10000.0
5563,10000.0
5564,10000.0
5565,10000.0
5566,10000.0
5567,10000.0
5568,10000.0
5569,10000.0
5570,10000.0
5571,10000.0
5572,10000.0
5573,10000.0
5574,10000.0
5575,10000.0
5576,10000.0
5577,10000.0
5578,10000.0
5579,10000.0
5580,10000.0
5581,10000.0
5582,10000.0
5583,10000.0
5584,10000.0
5585,10000.0
5586,10000.0
5587,10000.0
5588,10000.0
5589,10000.0
5590,10000.0
5591,10000.0
5592,10000.0
5593,10000.0
5594,10000.0
5595,10000.0
5596,10000.0
5597,10000.0
5598,10000.0
5599,10000.0
5600,10000.0
5601,10000.0
5602,10000.0
5603,10000.0
5604,10000.0
5605,10000.0
5606,10000.0
5607,10000.0
5608,10000.0
5609,10000.0
5610,10000.0
5611,10000.0
5612,10000.0
5613,10000.0
5614,10000.0
5615,10000.0
5616,10000.0
5617,10000.0
5618,10000.0
5619,10000.0
5620,10000.0
5621,10000.0
5622,10000.0
5623,10000.0
5624,10000.0
5625,10000.0
5626,10000.0
5627,10000.0
5628,10000.0
5629,10000.0
5630,10000.0
5631,10000.0
5632,10000.0
5633,10000.0
5634,10000.0
5635,10000.0
5636,10000.0
5637,10000.0
5638,10000.0
5639,10000.0
5640,10000.0
5641,10000.0
5642,10000.0
5643,10000.0
5644,10000.0
5645,10000.0
5646,10000.0
5647,10000.0
5648,10000.0
5649,10000.0
5650,10000.0
5651,10000.0
5652,10000.0
5653,10000.0
5654,10000.0
5655,10000.0
5656,10000.0
5657,10000.0
5658,10000.0
5659,10000.0
5660,10000.0
5661,10000.0
5662,10000.0
5663,10000.0
5664,10000.0
5665,10000.0
5666,10000.0
5667,10000.0
5668,10000.0
5669,10000.0
5670,10000.0
5671,10000.0
5672,10000.0
5673,10000.0
5674,10000.0
5675,10000.0
5676,10000.0
5677,10000.0
5678,10000.0
5679,10000.0
5680,10000.0
5681,10000.0
5682,10000.0
5683,10000.0
5684,10000.0
5685,10000.0
5686,10000.0
5687,10000.0
5688,10000.0
5689,10000.0
5690,10000.0
5691,10000.0
5692,10000.0
5693,10000.0
5694,10000.0
5695,10000.0
5696,10000.0
5697,10000.0
5698,10000.0
5699,10000.0
5700,10000.0
5701,10000.0
5702,10000.0
5703,10000.0
5704,10000.0
5705,10000.0
5706,10000.0
5707,10000.0
5708,10000.0
5709,10000.0
5710,10000.0
5711,10000.0
5712,10000.0
5713,10000.0
5714,10000.0
5715,10000.0
5716,10000.0
5717,10000.0
5718,10000.0
5719,10000.0
5720,10000.0
5721,10000.0
5722,10000.0
5723,10000.0
5724,10000.0
5725,10000.0
5726,10000.0
5727,10000.0
5728,10000.0
5729,10000.0
5730,10000.0
5731,10000.0
5732,10000.0
5733,10000.0
5734,10000.0
5735,10000.0
5736,10000.0
5737,10000.0
5738,10000.0
5739,10000.0
5740,10000.0
5741,10000.0
5742,10000.0
5743,10000.0
5744,10000.0
5745,10000.0
5746,10000.0
5747,10000.0
5748,10000.0
5749,10000.0
5750,10000.0
5751,10000.0
5752,10000.0
5753,10000.0
5754,10000.0
5755,10000.0
5756,10000.0
5757,10000.0
5758,10000.0
5759,10000.0
5760,10000.0
5761,10000.0
5762,10000.0
5763,10000.0
5764,10000.0
5765,10000.0
5766,10000.0
5767,10000.0
5768,10000.0
5769,10000.0
5770,10000.0
5771,10000.0
5772,10000.0
5773,10000.0
5774,10000.0
5775,10000.0
5776,10000.0
5777,10000.0
5778,10000.0
5779,10000.0
5780,10000.0
5781,10000.0
5782,10000.0
5783,10000.0
5784,10000.0
5785,10000.0
5786,10000.0
5787,10000.0
5788,10000.0
5789,10000.0
5790,10000.0
5791,10000.0
5792,10000.0
5793,10000.0
5794,10000.0
5795,10000.0
5796,10000.0
5797,10000.0
5798,10000.0
5799,10000.0
5800,10000.0
5801,10000.0
5802,10000.0
5803,10000.0
5804,10000.0
5805,10000.0
5806,10000.0
5807,10000.0
5808,10000.0
5809,10000.0
5810,10000.0
5811,10000.0
5812,10000.0
5813,10000.0
5814,10000.0
5815,10000.0
5816,10000.0
5817,10000.0
5818,10000.0
5819,10000.0
5820,10000.0
5821,10000.0
5822,10000.0
5823,10000.0
5824,10000.0
5825,10000.0
5826,10000.0
5827,10000.0
5828,10000.0
5829,10000.0
5830,10000.0
5831,10000.0
5832,10000.0
5833,10000.0
5834,10000.0
5835,10000.0
5836,10000.0
5837,10000.0
5838,10000.0
5839,10000.0
5840,10000.0
5841,10000.0
5842,10000.0
5843,10000.0
5844,10000.0
5845,10000.0
5846,10000.0
5847,10000.0
5848,10000.0
5849,10000.0
5850,10000.0
5851,10000.0
5852,10000.0
5853,10000.0
5854,10000.0
5855,10000.0
5856,10000.0
5857,10000.0
5858,10000.0
5859,10000.0
5860,10000.0
5861,10000.0
5862,10000.0
5863,10000.0
5864,10000.0
5865,10000.0
5866,10000.0
5867,10000.0
5868,10000.0
5869,10000.0
5870,10000.0
5871,10000.0
5872,10000.0
5873,10000.0
5874,10000.0
5875,10000.0
5876,10000.0
5877,10000.0
5878,10000.0
5879,10000.0
5880,10000.0
5881,10000.0
5882,10000.0
5883,10000.0
5884,10000.0
5885,10000.0
5886,10000.0
5887,10000.0
5888,10000.0
5889,10000.0
5890,10000.0
5891,10000.0
5892,10000.0
5893,10000.0
5894,10000.0
5895,10000.0
5896,10000.0
5897,10000.0
5898,10000.0
5899,10000.0
5900,10000.0
5901,10000.0
5902,10000.0
5903,10000.0
5904,10000.0
5905,10000.0
5906,10000.0
5907,10000.0
5908,10000.0
5909,10000.0
5910,10000.0
5911,10000.0
5912,10000.0
5913,10000.0
5914,10000.0
5915,10000.0
5916,10000.0
5917,10000.0
5918,10000.0
5919,10000.0
5920,10000.0
5921,10000.0
5922,10000.0
5923,10000.0
5924,10000.0
5925,10000.0
5926,10000.0
5927,10000.0
5928,10000.0
5929,10000.0
5930,10000.0
5931,10000.0
5932,10000.0
5933,10000.0
5934,10000.0
5935,10000.0
5936,10000.0
5937,10000.0
5938,10000.0
5939,10000.0
5940,10000.0
5941,10000.0
5942,10000.0
5943,10000.0
5944,10000.0
5945,10000.0
5946,10000.0
5947,10000.0
5948,10000.0
5949,10000.0
5950,10000.0
5951,10000.0
5952,10000.0
5953,10000.0
5954,10000.0
5955,10000.0
5956,10000.0
5957,10000.0
5958,10000.0
5959,10000.0
5960,10000.0
5961,10000.0
5962,10000.0
5963,10000.0
5964,10000.0
5965,10000.0
5966,10000.0
5967,10000.0
5968,10000.0
5969,10000.0
5970,10000.0
5971,10000.0
5972,10000.0
5973,10000.0
5974,10000.0
5975,10000.0
5976,10000.0
5977,10000.0
5978,10000.0
5979,10000.0
5980,10000.0
5981,10000.0
5982,10000.0
5983,10000.0
5984,10000.0
5985,10000.0
5986,10000.0
5987,10000.0
5988,10000.0
5989,10000.0
5990,10000.0
5991,10000.0
5992,10000.0
5993,10000.0
5994,10000.0
5995,10000.0
5996,10000.0
5997,10000.0
5998,10000.0
5999,10000.0
6000,10000.0
6001,10000.0
6002,10000.0
6003,10000.0
6004,10000.0
6005,10000.0
6006,10000.0
6007,10000.0
6008,10000.0
6009,10000.0
6010,10000.0
6011,10000.0
6012,10000.0
6013,10000.0
6014,10000.0
6015,10000.0
6016,10000.0
6017,10000.0
6018,10000.0
6019,10000.0
6020,10000.0
6021,10000.0
6022,10000.0
6023,10000.0
6024,10000.0
6025,10000.0
6026,10000.0
6027,10000.0
6028,10000.0
6029,10000.0
6030,10000.0
6031,10000.0
6032,10000.0
6033,10000.0
6034,10000.0
6035,10000.0
6036,10000.0
6037,10000.0
6038,10000.0
6039,10000.0
6040,10000.0
6041,10000.0
6042,10000.0
6043,10000.0
6044,10000.0
6045,10000.0
6046,10000.0
6047,10000.0
6048,10000.0
6049,10000.0
6050,10000.0
6051,10000.0
6052,10000.0
6053,10000.0
6054,10000.0
6055,10000.0
6056,10000.0
6057,10000.0
6058,10000.0
6059,10000.0
6060,10000.0
6061,10000.0
6062,10000.0
6063,10000.0
6064,10000.0
6065,10000.0
6066,10000.0
6067,10000.0
6068,10000.0
6069,10000.0
6070,10000.0
6071,10000.0
6072,10000.0
6073,10000.0
6074,10000.0
6075,10000.0
6076,10000.0
6077,10000.0
6078,10000.0
6079,10000.0
6080,10000.0
6081,10000.0
6082,10000.0
6083,10000.0
6084,10000.0
6085,10000.0
6086,10000.0
6087,10000.0
6088,10000.0
6089,10000.0
6090,10000.0
6091,10000.0
6092,10000.0
6093,10000.0
6094,10000.0
6095,10000.0
6096,10000.0
6097,10000.0
6098,10000.0
6099,10000.0
6100,10000.0
6101,10000.0
6102,10000.0
6103,10000.0
6104,10000.0
6105,10000.0
6106,10000.0
6107,10000.0
6108,10000.0
6109,10000.0
6110,10000.0
6111,10000.0
6112,10000.0
6113,10000.0
6114,10000.0
6115,10000.0
6116,10000.0
6117,10000.0
6118,10000.0
6119,10000.0
6120,10000.0
6121,10000.0
6122,10000.0
6123,10000.0
6124,10000.0
6125,10000.0
6126,10000.0
6127,10000.0
6128,10000.0
6129,10000.0
6130,10000.0
6131,10000.0
6132,10000.0
6133,10000.0
6134,10000.0
6135,10000.0
6136,10000.0
6137,10000.0
6138,10000.0
6139,10000.0
6140,10000.0
6141,10000.0
6142,10000.0
6143,10000.0
6144,10000.0
6145,10000.0
6146,10000.0
6147,10000.0
6148,10000.0
6149,10000.0
6150,10000.0
6151,10000.0
6152,10000.0
6153,10000.0
6154,10000.0
6155,10000.0
6156,10000.0
6157,10000.0
6158,10000.0
6159,10000.0
6160,10000.0
6161,10000.0
6162,10000.0
6163,10000.0
6164,10000.0
6165,10000.0
6166,10000.0
6167,10000.0
6168,10000.0
6169,10000.0
6170,10000.0
6171,10000.0
6172,10000.0
6173,10000.0
6174,10000.0
6175,10000.0
6176,10000.0
6177,10000.0
6178,10000.0
6179,10000.0
6180,10000.0
6181,10000.0
6182,10000.0
6183,10000.0
6184,10000.0
6185,10000.0
6186,10000.0
6187,10000.0
6188,10000.0
6189,10000.0
6190,10000.0
6191,10000.0
6192,10000.0
6193,10000.0
6194,10000.0
6195,10000.0
6196,10000.0
6197,10000.0
6198,10000.0
6199,10000.0
6200,10000.0
6201,10000.0
6202,10000.0
6203,10000.0
6204,10000.0
6205,10000.0
6206,10000.0
6207,10000.0
6208,10000.0
6209,10000.0
6210,10000.0
6211,10000.0
6212,10000.0
6213,10000.0
6214,10000.0
6215,10000.0
6216,10000.0
6217,10000.0
6218,10000.0
6219,10000.0
6220,10000.0
6221,10000.0
6222,10000.0
6223,10000.0
6224,10000.0
6225,10000.0
6226,10000.0
6227,10000.0
6228,10000.0
6229,10000.0
6230,10000.0
6231,10000.0
6232,10000.0
6233,10000.0
6234,10000.0
6235,10000.0
6236,10000.0
6237,10000.0
6238,10000.0
6239,10000.0
6240,10000.0
6241,10000.0
6242,10000.0
6243,10000.0
6244,10000.0
6245,10000.0
6246,10000.0
6247,10000.0
6248,10000.0
6249,10000.0
6250,10000.0
6251,10000.0
6252,10000.0
6253,10000.0
6254,10000.0
6255,10000.0
6256,10000.0
6257,10000.0
6258,10000.0
6259,10000.0
6260,10000.0
6261,10000.0
6262,10000.0
6263,10000.0
6264,10000.0
6265,10000.0
6266,10000.0
6267,10000.0
6268,10000.0
6269,10000.0
6270,10000.0
6271,10000.0
6272,10000.0
6273,10000.0
6274,10000.0
6275,10000.0
6276,10000.0
6277,10000.0
6278,10000.0
6279,10000.0
6280,10000.0
6281,10000.0
6282,10000.0
6283,10000.0
6284,10000.0
6285,10000.0
6286,10000.0
6287,10000.0
6288,10000.0
6289,10000.0
6290,10000.0
6291,10000.0
6292,10000.0
6293,10000.0
6294,10000.0
6295,10000.0
6296,10000.0
6297,10000.0
6298,10000.0
6299,10000.0
6300,10000.0
6301,10000.0
6302,10000.0
6303,10000.0
6304,10000.0
6305,10000.0
6306,10000.0
6307,10000.0
6308,10000.0
6309,10000.0
6310,10000.0
6311,10000.0
6312,10000.0
6313,10000.0
6314,10000.0
6315,10000.0
6316,10000.0
6317,10000.0
6318,10000.0
6319,10000.0
6320,10000.0
6321,10000.0
6322,10000.0
6323,10000.0
6324,10000.0
6325,10000.0
6326,10000.0
6327,10000.0
6328,10000.0
6329,10000.0
6330,10000.0
6331,10000.0
6332,10000.0
6333,10000.0
6334,10000.0
6335,10000.0
6336,10000.0
6337,10000.0
6338,10000.0
6339,10000.0
6340,10000.0
6341,10000.0
6342,10000.0
6343,10000.0
6344,10000.0
6345,10000.0
6346,10000.0
6347,10000.0
6348,10000.0
6349,10000.0
6350,10000.0
6351,10000.0
6352,10000.0
6353,10000.0
6354,10000.0
6355,10000.0
6356,10000.0
6357,10000.0
6358,10000.0
6359,10000.0
6360,10000.0
6361,10000.0
6362,10000.0
6363,10000.0
6364,10000.0
6365,10000.0
6366,10000.0
6367,10000.0
6368,10000.0
6369,10000.0
6370,10000.0
6371,10000.0
6372,10000.0
6373,10000.0
6374,10000.0
6375,10000.0
6376,10000.0
6377,10000.0
6378,10000.0
6379,10000.0
6380,10000.0
6381,10000.0
6382,10000.0
6383,10000.0
6384,10000.0
6385,10000.0
6386,10000.0
6387,10000.0
6388,10000.0
6389,10000.0
6390,10000.0
6391,10000.0
6392,10000.0
6393,10000.0
6394,10000.0
6395,10000.0
6396,10000.0
6397,10000.0
6398,10000.0
6399,10000.0
6400,10000.0
6401,10000.0
6402,10000.0
6403,10000.0
6404,10000.0
6405,10000.0
6406,10000.0
6407,10000.0
6408,10000.0
6409,10000.0
6410,10000.0
6411,10000.0
6412,10000.0
6413,10000.0
6414,10000.0
6415,10000.0
6416,10000.0
6417,10000.0
6418,10000.0
6419,10000.0
6420,10000.0
6421,10000.0
6422,10000.0
6423,10000.0
6424,10000.0
6425,10000.0
6426,10000.0
6427,10000.0
6428,10000.0
6429,10000.0
6430,10000.0
6431,10000.0
6432,10000.0
6433,10000.0
6434,10000.0
6435,10000.0
6436,10000.0
6437,10000.0
6438,10000.0
6439,10000.0
6440,10000.0
6441,10000.0
6442,10000.0
6443,10000.0
6444,10000.0
6445,10000.0
6446,10000.0
6447,10000.0
6448,10000.0
6449,10000.0
6450,10000.0
6451,10000.0
6452,10000.0
6453,10000.0
6454,10000.0
6455,10000.0
6456,10000.0
6457,10000.0
6458,10000.0
6459,10000.0
6460,10000.0
6461,10000.0
6462,10000.0
6463,10000.0
6464,10000.0
6465,10000.0
6466,10000.0
6467,10000.0
6468,10000.0
6469,10000.0
6470,10000.0
6471,10000.0
6472,10000.0
6473,10000.0
6474,10000.0
6475,10000.0
6476,10000.0
6477,10000.0
6478,10000.0
6479,10000.0
6480,10000.0
6481,10000.0
6482,10000.0
6483,10000.0
6484,10000.0
6485,10000.0
6486,10000.0
6487,10000.0
6488,10000.0
6489,10000.0
6490,10000.0
6491,10000.0
6492,10000.0
6493,10000.0
6494,10000.0
6495,10000.0
6496,10000.0
6497,10000.0
6498,10000.0
6499,10000.0
6500,10000.0
6501,10000.0
6502,10000.0
6503,10000.0
6504,10000.0
6505,10000.0
6506,10000.0
6507,10000.0
6508,10000.0
6509,10000.0
6510,10000.0
6511,10000.0
6512,10000.0
6513,10000.0
6514,10000.0
6515,10000.0
6516,10000.0
6517,10000.0
6518,10000.0
6519,10000.0
6520,10000.0
6521,10000.0
6522,10000.0
6523,10000.0
6524,10000.0
6525,10000.0
6526,10000.0
6527,10000.0
6528,10000.0
6529,10000.0
6530,10000.0
6531,10000.0
6532,10000.0
6533,10000.0
6534,10000.0
6535,10000.0
6536,10000.0
6537,10000.0
6538,10000.0
6539,10000.0
6540,10000.0
6541,10000.0
6542,10000.0
6543,10000.0
6544,10000.0
6545,10000.0
6546,10000.0
6547,10000.0
6548,10000.0
6549,10000.0
6550,10000.0
6551,10000.0
6552,10000.0
6553,10000.0
6554,10000.0
6555,10000.0
6556,10000.0
6557,10000.0
6558,10000.0
6559,10000.0
6560,10000.0
6561,10000.0
6562,10000.0
6563,10000.0
6564,10000.0
6565,10000.0
6566,10000.0
6567,10000.0
6568,10000.0
6569,10000.0
6570,10000.0
6571,10000.0
6572,10000.0
6573,10000.0
6574,10000.0
6575,10000.0
6576,10000.0
6577,10000.0
6578,10000.0
6579,10000.0
6580,10000.0
6581,10000.0
6582,10000.0
6583,10000.0
6584,10000.0
6585,10000.0
6586,10000.0
6587,10000.0
6588,10000.0
6589,10000.0
6590,10000.0
6591,10000.0
6592,10000.0
6593,10000.0
6594,10000.0
6595,10000.0
6596,10000.0
6597,10000.0
6598,10000.0
6599,10000.0
6600,10000.0
6601,10000.0
6602,10000.0
6603,10000.0
6604,10000.0
6605,10000.0
6606,10000.0
6607,10000.0
6608,10000.0
6609,10000.0
6610,10000.0
6611,10000.0
6612,10000.0
6613,10000.0
6614,10000.0
6615,10000.0
6616,10000.0
6617,10000.0
6618,10000.0
6619,10000.0
6620,10000.0
6621,10000.0
6622,10000.0
6623,10000.0
6624,10000.0
6625,10000.0
6626,10000.0
6627,10000.0
6628,10000.0
6629,10000.0
6630,10000.0
6631,10000.0
6632,10000.0
6633,10000.0
6634,10000.0
6635,10000.0
6636,10000.0
6637,10000.0
6638,10000.0
6639,10000.0
6640,10000.0
6641,10000.0
6642,10000.0
6643,10000.0
6644,10000.0
6645,10000.0
6646,10000.0
6647,10000.0
6648,10000.0
6649,10000.0
6650,10000.0
6651,10000.0
6652,10000.0
6653,10000.0
6654,10000.0
6655,10000.0
6656,10000.0
6657,10000.0
6658,10000.0
6659,10000.0
6660,10000.0
6661,10000.0
6662,10000.0
6663,10000.0
6664,10000.0
6665,10000.0
6666,10000.0
6667,10000.0
6668,10000.0
6669,10000.0
6670,10000.0
6671,10000.0
6672,10000.0
6673,10000.0
6674,10000.0
6675,10000.0
6676,10000.0
6677,10000.0
6678,10000.0
6679,10000.0
6680,10000.0
6681,10000.0
6682,10000.0
6683,10000.0
6684,10000.0
6685,10000.0
6686,10000.0
6687,10000.0
6688,10000.0
6689,10000.0
6690,10000.0
6691,10000.0
6692,10000.0
6693,10000.0
6694,10000.0
6695,10000.0
6696,10000.0
6697,10000.0
6698,10000.0
6699,10000.0
6700,10000.0
6701,10000.0
6702,10000.0
6703,10000.0
6704,10000.0
6705,10000.0
6706,10000.0
6707,10000.0
6708,10000.0
6709,10000.0
6710,10000.0
6711,10000.0
6712,10000.0
6713,10000.0
6714,10000.0
6715,10000.0
6716,10000.0
6717,10000.0
6718,10000.0
6719,10000.0
6720,10000.0
6721,10000.0
6722,10000.0
6723,10000.0
6724,10000.0
6725,10000.0
6726,10000.0
6727,10000.0
6728,10000.0
6729,10000.0
6730,10000.0
6731,10000.0
6732,10000.0
6733,10000.0
6734,10000.0
6735,10000.0
6736,10000.0
6737,10000.0
6738,10000.0
6739,10000.0
6740,10000.0
6741,10000.0
6742,10000.0
6743,10000.0
6744,10000.0
6745,10000.0
6746,10000.0
6747,10000.0
6748,10000.0
6749,10000.0
6750,10000.0
6751,10000.0
6752,10000.0
6753,10000.0
6754,10000.0
6755,10000.0
6756,10000.0
6757,10000.0
6758,10000.0
6759,10000.0
6760,10000.0
6761,10000.0
6762,10000.0
6763,10000.0
6764,10000.0
6765,10000.0
6766,10000.0
6767,10000.0
6768,10000.0
6769,10000.0
6770,10000.0
6771,10000.0
6772,10000.0
6773,10000.0
6774,10000.0
6775,10000.0
6776,10000.0
6777,10000.0
6778,10000.0
6779,10000.0
6780,10000.0
6781,10000.0
6782,10000.0
6783,10000.0
6784,10000.0
6785,10000.0
6786,10000.0
6787,10000.0
6788,10000.0
6789,10000.0
6790,10000.0
6791,10000.0
6792,10000.0
6793,10000.0
6794,10000.0
6795,10000.0
6796,10000.0
6797,10000.0
6798,10000.0
6799,10000.0
6800,10000.0
6801,10000.0
6802,10000.0
6803,10000.0
6804,10000.0
6805,10000.0
6806,10000.0
6807,10000.0
6808,10000.0
6809,10000.0
6810,10000.0
6811,10000.0
6812,10000.0
6813,10000.0
6814,10000.0
6815,10000.0
6816,10000.0
6817,10000.0
6818,10000.0
6819,10000.0
6820,10000.0
6821,10000.0
6822,10000.0
6823,10000.0
6824,10000.0
6825,10000.0
6826,10000.0
6827,10000.0
6828,10000.0
6829,10000.0
6830,10000.0
6831,10000.0
6832,10000.0
6833,10000.0
6834,10000.0
6835,10000.0
6836,10000.0
6837,10000.0
6838,10000.0
6839,10000.0
6840,10000.0
6841,10000.0
6842,10000.0
6843,10000.0
6844,10000.0
6845,10000.0
6846,10000.0
6847,10000.0
6848,10000.0
6849,10000.0
6850,10000.0
6851,10000.0
6852,10000.0
6853,10000.0
6854,10000.0
6855,10000.0
6856,10000.0
6857,10000.0
6858,10000.0
6859,10000.0
6860,10000.0
6861,10000.0
6862,10000.0
6863,10000.0
6864,10000.0
6865,10000.0
6866,10000.0
6867,10000.0
6868,10000.0
6869,10000.0
6870,10000.0
6871,10000.0
6872,10000.0
6873,10000.0
6874,10000.0
6875,10000.0
6876,10000.0
6877,10000.0
6878,10000.0
6879,10000.0
6880,10000.0
6881,10000.0
6882,10000.0
6883,10000.0
6884,10000.0
6885,10000.0
6886,10000.0
6887,10000.0
6888,10000.0
6889,10000.0
6890,10000.0
6891,10000.0
6892,10000.0
6893,10000.0
6894,10000.0
6895,10000.0
6896,10000.0
6897,10000.0
6898,10000.0
6899,10000.0
6900,10000.0
6901,10000.0
6902,10000.0
6903,10000.0
6904,10000.0
6905,10000.0
6906,10000.0
6907,10000.0
6908,10000.0
6909,10000.0
6910,10000.0
6911,10000.0
6912,10000.0
6913,10000.0
6914,10000.0
6915,10000.0
6916,10000.0
6917,10000.0
6918,10000.0
6919,10000.0
6920,10000.0
6921,10000.0
6922,10000.0
6923,10000.0
6924,10000.0
6925,10000.0
6926,10000.0
6927,10000.0
6928,10000.0
6929,10000.0
6930,10000.0
6931,10000.0
6932,10000.0
6933,10000.0
6934,10000.0
6935,10000.0
6936,10000.0
6937,10000.0
6938,10000.0
6939,10000.0
6940,10000.0
6941,10000.0
6942,10000.0
6943,10000.0
6944,10000.0
6945,10000.0
6946,10000.0
6947,10000.0
6948,10000.0
6949,10000.0
6950,10000.0
6951,10000.0
6952,10000.0
6953,10000.0
6954,10000.0
6955,10000.0
6956,10000.0
6957,10000.0
6958,10000.0
6959,10000.0
6960,10000.0
6961,10000.0
6962,10000.0
6963,10000.0
6964,10000.0
6965,10000.0
6966,10000.0
6967,10000.0
6968,10000.0
6969,10000.0
6970,10000.0
6971,10000.0
6972,10000.0
6973,10000.0
6974,10000.0
6975,10000.0
6976,10000.0
6977,10000.0
6978,10000.0
6979,10000.0
6980,10000.0
6981,10000.0
6982,10000.0
6983,10000.0
6984,10000.0
6985,10000.0
6986,10000.0
6987,10000.0
6988,10000.0
6989,10000.0
6990,10000.0
6991,10000.0
6992,10000.0
6993,10000.0
6994,10000.0
6995,10000.0
6996,10000.0
6997,10000.0
6998,10000.0
6999,10000.0
7000,10000.0
7001,10000.0
7002,10000.0
7003,10000.0
7004,10000.0
7005,10000.0
7006,10000.0
7007,10000.0
7008,10000.0
7009,10000.0
7010,10000.0
7011,10000.0
7012,10000.0
7013,10000.0
7014,10000.0
7015,10000.0
7016,10000.0
7017,10000.0
7018,10000.0
7019,10000.0
7020,10000.0
7021,10000.0
7022,10000.0
7023,10000.0
7024,10000.0
7025,10000.0
7026,10000.0
7027,10000.0
7028,10000.0
7029,10000.0
7030,10000.0
7031,10000.0
7032,10000.0
7033,10000.0
7034,10000.0
7035,10000.0
7036,10000.0
7037,10000.0
7038,10000.0
7039,10000.0
7040,10000.0
7041,10000.0
7042,10000.0
7043,10000.0
7044,10000.0
7045,10000.0
7046,10000.0
7047,10000.0
7048,10000.0
7049,10000.0
7050,10000.0
7051,10000.0
7052,10000.0
7053,10000.0
7054,10000.0
7055,10000.0
7056,10000.0
7057,10000.0
7058,10000.0
7059,10000.0
7060,10000.0
7061,10000.0
7062,10000.0
7063,10000.0
7064,10000.0
7065,10000.0
7066,10000.0
7067,10000.0
7068,10000.0
7069,10000.0
7070,10000.0
7071,10000.0
7072,10000.0
7073,10000.0
7074,10000.0
7075,10000.0
7076,10000.0
7077,10000.0
7078,10000.0
7079,10000.0
7080,10000.0
7081,10000.0
7082,10000.0
7083,10000.0
7084,10000.0
7085,10000.0
7086,10000.0
7087,10000.0
7088,10000.0
7089,10000.0
7090,10000.0
7091,10000.0
7092,10000.0
7093,10000.0
7094,10000.0
7095,10000.0
7096,10000.0
7097,10000.0
7098,10000.0
7099,10000.0
7100,10000.0
7101,10000.0
7102,10000.0
7103,10000.0
7104,10000.0
7105,10000.0
7106,10000.0
7107,10000.0
7108,10000.0
7109,10000.0
7110,10000.0
7111,10000.0
7112,10000.0
7113,10000.0
7114,10000.0
7115,10000.0
7116,10000.0
7117,10000.0
7118,10000.0
7119,10000.0
7120,10000.0
7121,10000.0
7122,10000.0
7123,10000.0
7124,10000.0
7125,10000.0
7126,10000.0
7127,10000.0
7128,10000.0
7129,10000.0
7130,10000.0
7131,10000.0
7132,10000.0
7133,10000.0
7134,10000.0
7135,10000.0
7136,10000.0
7137,10000.0
7138,10000.0
7139,10000.0
7140,10000.0
7141,10000.0
7142,10000.0
7143,10000.0
7144,10000.0
7145,10000.0
7146,10000.0
7147,10000.0
7148,10000.0
7149,10000.0
7150,10000.0
7151,10000.0
7152,10000.0
7153,10000.0
7154,10000.0
7155,10000.0
7156,10000.0
7157,10000.0
7158,10000.0
7159,10000.0
7160,10000.0
7161,10000.0
7162,10000.0
7163,10000.0
7164,10000.0
7165,10000.0
7166,10000.0
7167,10000.0
7168,10000.0
7169,10000.0
7170,10000.0
7171,10000.0
7172,10000.0
7173,10000.0
7174,10000.0
7175,10000.0
7176,10000.0
7177,10000.0
7178,10000.0
7179,10000.0
7180,10000.0
7181,10000.0
7182,10000.0
7183,10000.0
7184,10000.0
7185,10000.0
7186,10000.0
7187,10000.0
7188,10000.0
7189,10000.0
7190,10000.0
7191,10000.0
7192,10000.0
7193,10000.0
7194,10000.0
7195,10000.0
7196,10000.0
7197,10000.0
7198,10000.0
7199,10000.0
7200,10000.0
7201,10000.0
7202,10000.0
7203,10000.0
7204,10000.0
7205,10000.0
7206,10000.0
7207,10000.0
7208,10000.0
7209,10000.0
7210,10000.0
7211,10000.0
7212,10000.0
7213,10000.0
7214,10000.0
7215,10000.0
7216,10000.0
7217,10000.0
7218,10000.0
7219,10000.0
7220,10000.0
7221,10000.0
7222,10000.0
7223,10000.0
7224,10000.0
7225,10000.0
7226,10000.0
7227,10000.0
7228,10000.0
7229,10000.0
7230,10000.0
7231,10000.0
7232,10000.0
7233,10000.0
7234,10000.0
7235,10000.0
7236,10000.0
7237,10000.0
7238,10000.0
7239,10000.0
7240,10000.0
7241,10000.0
7242,10000.0
7243,10000.0
7244,10000.0
7245,10000.0
7246,10000.0
7247,10000.0
7248,10000.0
7249,10000.0
7250,10000.0
7251,10000.0
7252,10000.0
7253,10000.0
7254,10000.0
7255,10000.0
7256,10000.0
7257,10000.0
7258,10000.0
7259,10000.0
7260,10000.0
7261,10000.0
7262,10000.0
7263,10000.0
7264,10000.0
7265,10000.0
7266,10000.0
7267,10000.0
7268,10000.0
7269,10000.0
7270,10000.0
7271,10000.0
7272,10000.0
7273,10000.0
7274,10000.0
7275,10000.0
7276,10000.0
7277,10000.0
7278,10000.0
7279,10000.0
7280,10000.0
7281,10000.0
7282,10000.0
7283,10000.0
7284,10000.0
7285,10000.0
7286,10000.0
7287,10000.0
7288,10000.0
7289,10000.0
7290,10000.0
7291,10000.0
7292,10000.0
7293,10000.0
7294,10000.0
7295,10000.0
7296,10000.0
7297,10000.0
7298,10000.0
7299,10000.0
7300,10000.0
7301,10000.0
7302,10000.0
7303,10000.0
7304,10000.0
7305,10000.0
7306,10000.0
7307,10000.0
7308,10000.0
7309,10000.0
7310,10000.0
7311,10000.0
7312,10000.0
7313,10000.0
7314,10000.0
7315,10000.0
7316,10000.0
7317,10000.0
7318,10000.0
7319,10000.0
7320,10000.0
7321,10000.0
7322,10000.0
7323,10000.0
7324,10000.0
7325,10000.0
7326,10000.0
7327,10000.0
7328,10000.0
7329,10000.0
7330,10000.0
7331,10000.0
7332,10000.0
7333,10000.0
7334,10000.0
7335,10000.0
7336,10000.0
7337,10000.0
7338,10000.0
7339,10000.0
7340,10000.0
7341,10000.0
7342,10000.0
7343,10000.0
7344,10000.0
7345,10000.0
7346,10000.0
7347,10000.0
7348,10000.0
7349,10000.0
7350,10000.0
7351,10000.0
7352,10000.0
7353,10000.0
7354,10000.0
7355,10000.0
7356,10000.0
7357,10000.0
7358,10000.0
7359,10000.0
7360,10000.0
7361,10000.0
7362,10000.0
7363,10000.0
7364,10000.0
7365,10000.0
7366,10000.0
7367,10000.0
7368,10000.0
7369,10000.0
7370,10000.0
7371,10000.0
7372,10000.0
7373,10000.0
7374,10000.0
7375,10000.0
7376,10000.0
7377,10000.0
7378,10000.0
7379,10000.0
7380,10000.0
7381,10000.0
7382,10000.0
7383,10000.0
7384,10000.0
7385,10000.0
7386,10000.0
7387,10000.0
7388,10000.0
7389,10000.0
7390,10000.0
7391,10000.0
7392,10000.0
7393,10000.0
7394,10000.0
7395,10000.0
7396,10000.0
7397,10000.0
7398,10000.0
7399,10000.0
7400,10000.0
7401,10000.0
7402,10000.0
7403,10000.0
7404,10000.0
7405,10000.0
7406,10000.0
7407,10000.0
7408,10000.0
7409,10000.0
7410,10000.0
7411,10000.0
7412,10000.0
7413,10000.0
7414,10000.0
7415,10000.0
7416,10000.0
7417,10000.0
7418,10000.0
7419,10000.0
7420,10000.0
7421,10000.0
7422,10000.0
7423,10000.0
7424,10000.0
7425,10000.0
7426,10000.0
7427,10000.0
7428,10000.0
7429,10000.0
7430,10000.0
7431,10000.0
7432,10000.0
7433,10000.0
7434,10000.0
7435,10000.0
7436,10000.0
7437,10000.0
7438,10000.0
7439,10000.0
7440,10000.0
7441,10000.0
7442,10000.0
7443,10000.0
7444,10000.0
7445,10000.0
7446,10000.0
7447,10000.0
7448,10000.0
7449,10000.0
7450,10000.0
7451,10000.0
7452,10000.0
7453,10000.0
7454,10000.0
7455,10000.0
7456,10000.0
7457,10000.0
7458,10000.0
7459,10000.0
7460,10000.0
7461,10000.0
7462,10000.0
7463,10000.0
7464,10000.0
7465,10000.0
7466,10000.0
7467,10000.0
7468,10000.0
7469,10000.0
7470,10000.0
7471,10000.0
7472,10000.0
7473,10000.0
7474,10000.0
7475,10000.0
7476,10000.0
7477,10000.0
7478,10000.0
7479,10000.0
7480,10000.0
7481,10000.0
7482,10000.0
7483,10000.0
7484,10000.0
7485,10000.0
7486,10000.0
7487,10000.0
7488,10000.0
7489,10000.0
7490,10000.0
7491,10000.0
7492,10000.0
7493,10000.0
7494,10000.0
7495,10000.0
7496,10000.0
7497,10000.0
7498,10000.0
7499,10000.0
7500,10000.0
7501,10000.0
7502,10000.0
7503,10000.0
7504,10000.0
7505,10000.0
7506,10000.0
7507,10000.0
7508,10000.0
7509,10000.0
7510,10000.0
7511,10000.0
7512,10000.0
7513,10000.0
7514,10000.0
7515,10000.0
7516,10000.0
7517,10000.0
7518,10000.0
7519,10000.0
7520,10000.0
7521,10000.0
7522,10000.0
7523,10000.0
7524,10000.0
7525,10000.0
7526,10000.0
7527,10000.0
7528,10000.0
7529,10000.0
7530,10000.0
7531,10000.0
7532,10000.0
7533,10000.0
7534,10000.0
7535,10000.0
7536,10000.0
7537,10000.0
7538,10000.0
7539,10000.0
7540,10000.0
7541,10000.0
7542,10000.0
7543,10000.0
7544,10000.0
7545,10000.0
7546,10000.0
7547,10000.0
7548,10000.0
7549,10000.0
7550,10000.0
7551,10000.0
7552,10000.0
7553,10000.0
7554,10000.0
7555,10000.0
7556,10000.0
7557,10000.0
7558,10000.0
7559,10000.0
7560,10000.0
7561,10000.0
7562,10000.0
7563,10000.0
7564,10000.0
7565,10000.0
7566,10000.0
7567,10000.0
7568,10000.0
7569,10000.0
7570,10000.0
7571,10000.0
7572,10000.0
7573,10000.0
7574,10000.0
7575,10000.0
7576,10000.0
7577,10000.0
7578,10000.0
7579,10000.0
7580,10000.0
7581,10000.0
7582,10000.0
7583,10000.0
7584,10000.0
7585,10000.0
7586,10000.0
7587,10000.0
7588,10000.0
7589,10000.0
7590,10000.0
7591,10000.0
7592,10000.0
7593,10000.0
7594,10000.0
7595,10000.0
7596,10000.0
7597,10000.0
7598,10000.0
7599,10000.0
7600,10000.0
7601,10000.0
7602,10000.0
7603,10000.0
7604,10000.0
7605,10000.0
7606,10000.0
7607,10000.0
7608,10000.0
7609,10000.0
7610,10000.0
7611,10000.0
7612,10000.0
7613,10000.0
7614,10000.0
7615,10000.0
7616,10000.0
7617,10000.0
7618,10000.0
7619,10000.0
7620,10000.0
7621,10000.0
7622,10000.0
7623,10000.0
7624,10000.0
7625,10000.0
7626,10000.0
7627,10000.0
7628,10000.0
7629,10000.0
7630,10000.0
7631,10000.0
7632,10000.0
7633,10000.0
7634,10000.0
7635,10000.0
7636,10000.0
7637,10000.0
7638,10000.0
7639,10000.0
7640,10000.0
7641,10000.0
7642,10000.0
7643,10000.0
7644,10000.0
7645,10000.0
7646,10000.0
7647,10000.0
7648,10000.0
7649,10000.0
7650,10000.0
7651,10000.0
7652,10000.0
7653,10000.0
7654,10000.0
7655,10000.0
7656,10000.0
7657,10000.0
7658,10000.0
7659,10000.0
7660,10000.0
7661,10000.0
7662,10000.0
7663,10000.0
7664,10000.0
7665,10000.0
7666,10000.0
7667,10000.0
7668,10000.0
7669,10000.0
7670,10000.0
7671,10000.0
7672,10000.0
7673,10000.0
7674,10000.0
7675,10000.0
7676,10000.0
7677,10000.0
7678,10000.0
7679,10000.0
7680,10000.0
7681,10000.0
7682,10000.0
7683,10000.0
7684,10000.0
7685,10000.0
7686,10000.0
7687,10000.0
7688,10000.0
7689,10000.0
7690,10000.0
7691,10000.0
7692,10000.0
7693,10000.0
7694,10000.0
7695,10000.0
7696,10000.0
7697,10000.0
7698,10000.0
7699,10000.0
7700,10000.0
7701,10000.0
7702,10000.0
7703,10000.0
7704,10000.0
7705,10000.0
7706,10000.0
7707,10000.0
7708,10000.0
7709,10000.0
7710,10000.0
7711,10000.0
7712,10000.0
7713,10000.0
7714,10000.0
7715,10000.0
7716,10000.0
7717,10000.0
7718,10000.0
7719,10000.0
7720,10000.0
7721,10000.0
7722,10000.0
7723,10000.0
7724,10000.0
7725,10000.0
7726,10000.0
7727,10000.0
7728,10000.0
7729,10000.0
7730,10000.0
7731,10000.0
7732,10000.0
7733,10000.0
7734,10000.0
7735,10000.0
7736,10000.0
7737,10000.0
7738,10000.0
7739,10000.0
7740,10000.0
7741,10000.0
7742,10000.0
7743,10000.0
7744,10000.0
7745,10000.0
7746,10000.0
7747,10000.0
7748,10000.0
7749,10000.0
7750,10000.0
7751,10000.0
7752,10000.0
7753,10000.0
7754,10000.0
7755,10000.0
7756,10000.0
7757,10000.0
7758,10000.0
7759,10000.0
7760,10000.0
7761,10000.0
7762,10000.0
7763,10000.0
7764,10000.0
7765,10000.0
7766,10000.0
7767,10000.0
7768,10000.0
7769,10000.0
7770,10000.0
7771,10000.0
7772,10000.0
7773,10000.0
7774,10000.0
7775,10000.0
7776,10000.0
7777,10000.0
7778,10000.0
7779,10000.0
7780,10000.0
7781,10000.0
7782,10000.0
7783,10000.0
7784,10000.0
7785,10000.0
7786,10000.0
7787,10000.0
7788,10000.0
7789,10000.0
7790,10000.0
7791,10000.0
7792,10000.0
7793,10000.0
7794,10000.0
7795,10000.0
7796,10000.0
7797,10000.0
7798,10000.0
7799,10000.0
7800,10000.0
7801,10000.0
7802,10000.0
7803,10000.0
7804,10000.0
7805,10000.0
7806,10000.0
7807,10000.0
7808,10000.0
7809,10000.0
7810,10000.0
7811,10000.0
7812,10000.0
7813,10000.0
7814,10000.0
7815,10000.0
7816,10000.0
7817,10000.0
7818,10000.0
7819,10000.0
7820,10000.0
7821,10000.0
7822,10000.0
7823,10000.0
7824,10000.0
7825,10000.0
7826,10000.0
7827,10000.0
7828,10000.0
7829,10000.0
7830,10000.0
7831,10000.0
7832,10000.0
7833,10000.0
7834,10000.0
7835,10000.0
7836,10000.0
7837,10000.0
7838,10000.0
7839,10000.0
7840,10000.0
7841,10000.0
7842,10000.0
7843,10000.0
7844,10000.0
7845,10000.0
7846,10000.0
7847,10000.0
7848,10000.0
7849,10000.0
7850,10000.0
7851,10000.0
7852,10000.0
7853,10000.0
7854,10000.0
7855,10000.0
7856,10000.0
7857,10000.0
7858,10000.0
7859,10000.0
7860,10000.0
7861,10000.0
7862,10000.0
7863,10000.0
7864,10000.0
7865,10000.0
7866,10000.0
7867,10000.0
7868,10000.0
7869,10000.0
7870,10000.0
7871,10000.0
7872,10000.0
7873,10000.0
7874,10000.0
7875,10000.0
7876,10000.0
7877,10000.0
7878,10000.0
7879,10000.0
7880,10000.0
7881,10000.0
7882,10000.0
7883,10000.0
7884,10000.0
7885,10000.0
7886,10000.0
7887,10000.0
7888,10000.0
7889,10000.0
7890,10000.0
7891,10000.0
7892,10000.0
7893,10000.0
7894,10000.0
7895,10000.0
7896,10000.0
7897,10000.0
7898,10000.0
7899,10000.0
7900,10000.0
7901,10000.0
7902,10000.0
7903,10000.0
7904,10000.0
7905,10000.0
7906,10000.0
7907,10000.0
7908,10000.0
7909,10000.0
7910,10000.0
7911,10000.0
7912,10000.0
7913,10000.0
7914,10000.0
7915,10000.0
7916,10000.0
7917,10000.0
7918,10000.0
7919,10000.0
7920,10000.0
7921,10000.0
7922,10000.0
7923,10000.0
7924,10000.0
7925,10000.0
7926,10000.0
7927,10000.0
7928,10000.0
7929,10000.0
7930,10000.0
7931,10000.0
7932,10000.0
7933,10000.0
7934,10000.0
7935,10000.0
7936,10000.0
7937,10000.0
7938,10000.0
7939,10000.0
7940,10000.0
7941,10000.0
7942,10000.0
7943,10000.0
7944,10000.0
7945,10000.0
7946,10000.0
7947,10000.0
7948,10000.0
7949,10000.0
7950,10000.0
7951,10000.0
7952,10000.0
7953,10000.0
7954,10000.0
7955,10000.0
7956,10000.0
7957,10000.0
7958,10000.0
7959,10000.0
7960,10000.0
7961,10000.0
7962,10000.0
7963,10000.0
7964,10000.0
7965,10000.0
7966,10000.0
7967,10000.0
7968,10000.0
7969,10000.0
7970,10000.0
7971,10000.0
7972,10000.0
7973,10000.0
7974,10000.0
7975,10000.0
7976,10000.0
7977,10000.0
7978,10000.0
7979,10000.0
7980,10000.0
7981,10000.0
7982,10000.0
7983,10000.0
7984,10000.0
7985,10000.0
7986,10000.0
7987,10000.0
7988,10000.0
7989,10000.0
7990,10000.0
7991,10000.0
7992,10000.0
7993,10000.0
7994,10000.0
7995,10000.0
7996,10000.0
7997,10000.0
7998,10000.0
7999,10000.0
8000,10000.0
8001,10000.0
8002,10000.0
8003,10000.0
8004,10000.0
8005,10000.0
8006,10000.0
8007,10000.0
8008,10000.0
8009,10000.0
8010,10000.0
8011,10000.0
8012,10000.0
8013,10000.0
8014,10000.0
8015,10000.0
8016,10000.0
8017,10000.0
8018,10000.0
8019,10000.0
8020,10000.0
8021,10000.0
8022,10000.0
8023,10000.0
8024,10000.0
8025,10000.0
8026,10000.0
8027,10000.0
8028,10000.0
8029,10000.0
8030,10000.0
8031,10000.0
8032,10000.0
8033,10000.0
8034,10000.0
8035,10000.0
8036,10000.0
8037,10000.0
8038,10000.0
8039,10000.0
8040,10000.0
8041,10000.0
8042,10000.0
8043,10000.0
8044,10000.0
8045,10000.0
8046,10000.0
8047,10000.0
8048,10000.0
8049,10000.0
8050,10000.0
8051,10000.0
8052,10000.0
8053,10000.0
8054,10000.0
8055,10000.0
8056,10000.0
8057,10000.0
8058,10000.0
8059,10000.0
8060,10000.0
8061,10000.0
8062,10000.0
8063,10000.0
8064,10000.0
8065,10000.0
8066,10000.0
8067,10000.0
8068,10000.0
8069,10000.0
8070,10000.0
8071,10000.0
8072,10000.0
8073,10000.0
8074,10000.0
8075,10000.0
8076,10000.0
8077,10000.0
8078,10000.0
8079,10000.0
8080,10000.0
8081,10000.0
8082,10000.0
8083,10000.0
8084,10000.0
8085,10000.0
8086,10000.0
8087,10000.0
8088,10000.0
8089,10000.0
8090,10000.0
8091,10000.0
8092,10000.0
8093,10000.0
8094,10000.0
8095,10000.0
8096,10000.0
8097,10000.0
8098,10000.0
8099,10000.0
8100,10000.0
8101,10000.0
8102,10000.0
8103,10000.0
8104,10000.0
8105,10000.0
8106,10000.0
8107,10000.0
8108,10000.0
8109,10000.0
8110,10000.0
8111,10000.0
8112,10000.0
8113,10000.0
8114,10000.0
8115,10000.0
8116,10000.0
8117,10000.0
8118,10000.0
8119,10000.0
8120,10000.0
8121,10000.0
8122,10000.0
8123,10000.0
8124,10000.0
8125,10000.0
8126,10000.0
8127,10000.0
8128,10000.0
8129,10000.0
8130,10000.0
8131,10000.0
8132,10000.0
8133,10000.0
8134,10000.0
8135,10000.0
8136,10000.0
8137,10000.0
8138,10000.0
8139,10000.0
8140,10000.0
8141,10000.0
8142,10000.0
8143,10000.0
8144,10000.0
8145,10000.0
8146,10000.0
8147,10000.0
8148,10000.0
8149,10000.0
8150,10000.0
8151,10000.0
8152,10000.0
8153,10000.0
8154,10000.0
8155,10000.0
8156,10000.0
8157,10000.0
8158,10000.0
8159,10000.0
8160,10000.0
8161,10000.0
8162,10000.0
8163,10000.0
8164,10000.0
8165,10000.0
8166,10000.0
8167,10000.0
8168,10000.0
8169,10000.0
8170,10000.0
8171,10000.0
8172,10000.0
8173,10000.0
8174,10000.0
8175,10000.0
8176,10000.0
8177,10000.0
8178,10000.0
8179,10000.0
8180,10000.0
8181,10000.0
8182,10000.0
8183,10000.0
8184,10000.0
8185,10000.0
8186,10000.0
8187,10000.0
8188,10000.0
8189,10000.0
8190,10000.0
8191,10000.0
8192,10000.0
8193,10000.0
8194,10000.0
8195,10000.0
8196,10000.0
8197,10000.0
8198,10000.0
8199,10000.0
8200,10000.0
8201,10000.0
8202,10000.0
8203,10000.0
8204,10000.0
8205,10000.0
8206,10000.0
8207,10000.0
8208,10000.0
8209,10000.0
8210,10000.0
8211,10000.0
8212,10000.0
8213,10000.0
8214,10000.0
8215,10000.0
8216,10000.0
8217,10000.0
8218,10000.0
8219,10000.0
8220,10000.0
8221,10000.0
8222,10000.0
8223,10000.0
8224,10000.0
8225,10000.0
8226,10000.0
8227,10000.0
8228,10000.0
8229,10000.0
8230,10000.0
8231,10000.0
8232,10000.0
8233,10000.0
8234,10000.0
8235,10000.0
8236,10000.0
8237,10000.0
8238,10000.0
8239,10000.0
8240,10000.0
8241,10000.0
8242,10000.0
8243,10000.0
8244,10000.0
8245,10000.0
8246,10000.0
8247,10000.0
8248,10000.0
8249,10000.0
8250,10000.0
8251,10000.0
8252,10000.0
8253,10000.0
8254,10000.0
8255,10000.0
8256,10000.0
8257,10000.0
8258,10000.0
8259,10000.0
8260,10000.0
8261,10000.0
8262,10000.0
8263,10000.0
8264,10000.0
8265,10000.0
8266,10000.0
8267,10000.0
8268,10000.0
8269,10000.0
8270,10000.0
8271,10000.0
8272,10000.0
8273,10000.0
8274,10000.0
8275,10000.0
8276,10000.0
8277,10000.0
8278,10000.0
8279,10000.0
8280,10000.0
8281,10000.0
8282,10000.0
8283,10000.0
8284,10000.0
8285,10000.0
8286,10000.0
8287,10000.0
8288,10000.0
8289,10000.0
8290,10000.0
8291,10000.0
8292,10000.0
8293,10000.0
8294,10000.0
8295,10000.0
8296,10000.0
8297,10000.0
8298,10000.0
8299,10000.0
8300,10000.0
8301,10000.0
8302,10000.0
8303,10000.0
8304,10000.0
8305,10000.0
8306,10000.0
8307,10000.0
8308,10000.0
8309,10000.0
8310,10000.0
8311,10000.0
8312,10000.0
8313,10000.0
8314,10000.0
8315,10000.0
8316,10000.0
8317,10000.0
8318,10000.0
8319,10000.0
8320,10000.0
8321,10000.0
8322,10000.0
8323,10000.0
8324,10000.0
8325,10000.0
8326,10000.0
8327,10000.0
8328,10000.0
8329,10000.0
8330,10000.0
8331,10000.0
8332,10000.0
8333,10000.0
8334,10000.0
8335,10000.0
8336,10000.0
8337,10000.0
8338,10000.0
8339,10000.0
8340,10000.0
8341,10000.0
8342,10000.0
8343,10000.0
8344,10000.0
8345,10000.0
8346,10000.0
8347,10000.0
8348,10000.0
8349,10000.0
8350,10000.0
8351,10000.0
8352,10000.0
8353,10000.0
8354,10000.0
8355,10000.0
8356,10000.0
8357,10000.0
8358,10000.0
8359,10000.0
8360,10000.0
8361,10000.0
8362,10000.0
8363,10000.0
8364,10000.0
8365,10000.0
8366,10000.0
8367,10000.0
8368,10000.0
8369,10000.0
8370,10000.0
8371,10000.0
8372,10000.0
8373,10000.0
8374,10000.0
8375,10000.0
8376,10000.0
8377,10000.0
8378,10000.0
8379,10000.0
8380,10000.0
8381,10000.0
8382,10000.0
8383,10000.0
8384,10000.0
8385,10000.0
8386,10000.0
8387,10000.0
8388,10000.0
8389,10000.0
8390,10000.0
8391,10000.0
8392,10000.0
8393,10000.0
8394,10000.0
8395,10000.0
8396,10000.0
8397,10000.0
8398,10000.0
8399,10000.0
8400,10000.0
8401,10000.0
8402,10000.0
8403,10000.0
8404,10000.0
8405,10000.0
8406,10000.0
8407,10000.0
8408,10000.0
8409,10000.0
8410,10000.0
8411,10000.0
8412,10000.0
8413,10000.0
8414,10000.0
8415,10000.0
8416,10000.0
8417,10000.0
8418,10000.0
8419,10000.0
8420,10000.0
8421,10000.0
8422,10000.0
8423,10000.0
8424,10000.0
8425,10000.0
8426,10000.0
8427,10000.0
8428,10000.0
8429,10000.0
8430,10000.0
8431,10000.0
8432,10000.0
8433,10000.0
8434,10000.0
8435,10000.0
8436,10000.0
8437,10000.0
8438,10000.0
8439,10000.0
8440,10000.0
8441,10000.0
8442,10000.0
8443,10000.0
8444,10000.0
8445,10000.0
8446,10000.0
8447,10000.0
8448,10000.0
8449,10000.0
8450,10000.0
8451,10000.0
8452,10000.0
8453,10000.0
8454,10000.0
8455,10000.0
8456,10000.0
8457,10000.0
8458,10000.0
8459,10000.0
8460,10000.0
8461,10000.0
8462,10000.0
8463,10000.0
8464,10000.0
8465,10000.0
8466,10000.0
8467,10000.0
8468,10000.0
8469,10000.0
8470,10000.0
8471,10000.0
8472,10000.0
8473,10000.0
8474,10000.0
8475,10000.0
8476,10000.0
8477,10000.0
8478,10000.0
8479,10000.0
8480,10000.0
8481,10000.0
8482,10000.0
8483,10000.0
8484,10000.0
8485,10000.0
8486,10000.0
8487,10000.0
8488,10000.0
8489,10000.0
8490,10000.0
8491,10000.0
8492,10000.0
8493,10000.0
8494,10000.0
8495,10000.0
8496,10000.0
8497,10000.0
8498,10000.0
8499,10000.0
8500,10000.0
8501,10000.0
8502,10000.0
8503,10000.0
8504,10000.0
8505,10000.0
8506,10000.0
8507,10000.0
8508,10000.0
8509,10000.0
8510,10000.0
8511,10000.0
8512,10000.0
8513,10000.0
8514,10000.0
8515,10000.0
8516,10000.0
8517,10000.0
8518,10000.0
8519,10000.0
8520,10000.0
8521,10000.0
8522,10000.0
8523,10000.0
8524,10000.0
8525,10000.0
8526,10000.0
8527,10000.0
8528,10000.0
8529,10000.0
8530,10000.0
8531,10000.0
8532,10000.0
8533,10000.0
8534,10000.0
8535,10000.0
8536,10000.0
8537,10000.0
8538,10000.0
8539,10000.0
8540,10000.0
8541,10000.0
8542,10000.0
8543,10000.0
8544,10000.0
8545,10000.0
8546,10000.0
8547,10000.0
8548,10000.0
8549,10000.0
8550,10000.0
8551,10000.0
8552,10000.0
8553,10000.0
8554,10000.0
8555,10000.0
8556,10000.0
8557,10000.0
8558,10000.0
8559,10000.0
8560,10000.0
8561,10000.0
8562,10000.0
8563,10000.0
8564,10000.0
8565,10000.0
8566,10000.0
8567,10000.0
8568,10000.0
8569,10000.0
8570,10000.0
8571,10000.0
8572,10000.0
8573,10000.0
8574,10000.0
8575,10000.0
8576,10000.0
8577,10000.0
8578,10000.0
8579,10000.0
8580,10000.0
8581,10000.0
8582,10000.0
8583,10000.0
8584,10000.0
8585,10000.0
8586,10000.0
8587,10000.0
8588,10000.0
8589,10000.0
8590,10000.0
8591,10000.0
8592,10000.0
8593,10000.0
8594,10000.0
8595,10000.0
8596,10000.0
8597,10000.0
8598,10000.0
8599,10000.0
8600,10000.0
8601,10000.0
8602,10000.0
8603,10000.0
8604,10000.0
8605,10000.0
8606,10000.0
8607,10000.0
8608,10000.0
8609,10000.0
8610,10000.0
8611,10000.0
8612,10000.0
8613,10000.0
8614,10000.0
8615,10000.0
8616,10000.0
8617,10000.0
8618,10000.0
8619,10000.0
8620,10000.0
8621,10000.0
8622,10000.0
8623,10000.0
8624,10000.0
8625,10000.0
8626,10000.0
8627,10000.0
8628,10000.0
8629,10000.0
8630,10000.0
8631,10000.0
8632,10000.0
8633,10000.0
8634,10000.0
8635,10000.0
8636,10000.0
8637,10000.0
8638,10000.0
8639,10000.0
8640,10000.0
8641,10000.0
8642,10000.0
8643,10000.0
8644,10000.0
8645,10000.0
8646,10000.0
8647,10000.0
8648,10000.0
8649,10000.0
8650,10000.0
8651,10000.0
8652,10000.0
8653,10000.0
8654,10000.0
8655,10000.0
8656,10000.0
8657,10000.0
8658,10000.0
8659,10000.0
8660,10000.0
8661,10000.0
8662,10000.0
8663,10000.0
8664,10000.0
8665,10000.0
8666,10000.0
8667,10000.0
8668,10000.0
8669,10000.0
8670,10000.0
8671,10000.0
8672,10000.0
8673,10000.0
8674,10000.0
8675,10000.0
8676,10000.0
8677,10000.0
8678,10000.0
8679,10000.0
8680,10000.0
8681,10000.0
8682,10000.0
8683,10000.0
8684,10000.0
8685,10000.0
8686,10000.0
8687,10000.0
8688,10000.0
8689,10000.0
8690,10000.0
8691,10000.0
8692,10000.0
8693,10000.0
8694,10000.0
8695,10000.0
8696,10000.0
8697,10000.0
8698,10000.0
8699,10000.0
8700,10000.0
8701,10000.0
8702,10000.0
8703,10000.0
8704,10000.0
8705,10000.0
8706,10000.0
8707,10000.0
8708,10000.0
8709,10000.0
8710,10000.0
8711,10000.0
8712,10000.0
8713,10000.0
8714,10000.0
8715,10000.0
8716,10000.0
8717,10000.0
8718,10000.0
8719,10000.0
8720,10000.0
8721,10000.0
8722,10000.0
8723,10000.0
8724,10000.0
8725,10000.0
8726,10000.0
8727,10000.0
8728,10000.0
8729,10000.0
8730,10000.0
8731,10000.0
8732,10000.0
8733,10000.0
8734,10000.0
8735,10000.0
8736,10000.0
8737,10000.0
8738,10000.0
8739,10000.0
8740,10000.0
8741,10000.0
8742,10000.0
8743,10000.0
8744,10000.0
8745,10000.0
8746,10000.0
8747,10000.0
8748,10000.0
8749,10000.0
8750,10000.0
8751,10000.0
8752,10000.0
8753,10000.0
8754,10000.0
8755,10000.0
8756,10000.0
8757,10000.0
8758,10000.0
8759,10000.0
8760,10000.0
8761,10000.0
8762,10000.0
8763,10000.0
8764,10000.0
8765,10000.0
8766,10000.0
8767,10000.0
8768,10000.0
8769,10000.0
8770,10000.0
8771,10000.0
8772,10000.0
8773,10000.0
8774,10000.0
8775,10000.0
8776,10000.0
8777,10000.0
8778,10000.0
8779,10000.0
8780,10000.0
8781,10000.0
8782,10000.0
8783,10000.0
8784,10000.0
8785,10000.0
8786,10000.0
8787,10000.0
8788,10000.0
8789,10000.0
8790,10000.0
8791,10000.0
8792,10000.0
8793,10000.0
8794,10000.0
8795,10000.0
8796,10000.0
8797,10000.0
8798,10000.0
8799,10000.0
8800,10000.0
8801,10000.0
8802,10000.0
8803,10000.0
8804,10000.0
8805,10000.0
8806,10000.0
8807,10000.0
8808,10000.0
8809,10000.0
8810,10000.0
8811,10000.0
8812,10000.0
8813,10000.0
8814,10000.0
8815,10000.0
8816,10000.0
8817,10000.0
8818,10000.0
8819,10000.0
8820,10000.0
8821,10000.0
8822,10000.0
8823,10000.0
8824,10000.0
8825,10000.0
8826,10000.0
8827,10000.0
8828,10000.0
8829,10000.0
8830,10000.0
8831,10000.0
8832,10000.0
8833,10000.0
8834,10000.0
8835,10000.0
8836,10000.0
8837,10000.0
8838,10000.0
8839,10000.0
8840,10000.0
8841,10000.0
8842,10000.0
8843,10000.0
8844,10000.0
8845,10000.0
8846,10000.0
8847,10000.0
8848,10000.0
8849,10000.0
8850,10000.0
8851,10000.0
8852,10000.0
8853,10000.0
8854,10000.0
8855,10000.0
8856,10000.0
8857,10000.0
8858,10000.0
8859,10000.0
8860,10000.0
8861,10000.0
8862,10000.0
8863,10000.0
8864,10000.0
8865,10000.0
8866,10000.0
8867,10000.0
8868,10000.0
8869,10000.0
8870,10000.0
8871,10000.0
8872,10000.0
8873,10000.0
8874,10000.0
8875,10000.0
8876,10000.0
8877,10000.0
8878,10000.0
8879,10000.0
8880,10000.0
8881,10000.0
8882,10000.0
8883,10000.0
8884,10000.0
8885,10000.0
8886,10000.0
8887,10000.0
8888,10000.0
8889,10000.0
8890,10000.0
8891,10000.0
8892,10000.0
8893,10000.0
8894,10000.0
8895,10000.0
8896,10000.0
8897,10000.0
8898,10000.0
8899,10000.0
8900,10000.0
8901,10000.0
8902,10000.0
8903,10000.0
8904,10000.0
8905,10000.0
8906,10000.0
8907,10000.0
8908,10000.0
8909,10000.0
8910,10000.0
8911,10000.0
8912,10000.0
8913,10000.0
8914,10000.0
8915,10000.0
8916,10000.0
8917,10000.0
8918,10000.0
8919,10000.0
8920,10000.0
8921,10000.0
8922,10000.0
8923,10000.0
8924,10000.0
8925,10000.0
8926,10000.0
8927,10000.0
8928,10000.0
8929,10000.0
8930,10000.0
8931,10000.0
8932,10000.0
8933,10000.0
8934,10000.0
8935,10000.0
8936,10000.0
8937,10000.0
8938,10000.0
8939,10000.0
8940,10000.0
8941,10000.0
8942,10000.0
8943,10000.0
8944,10000.0
8945,10000.0
8946,10000.0
8947,10000.0
8948,10000.0
8949,10000.0
8950,10000.0
8951,10000.0
8952,10000.0
8953,10000.0
8954,10000.0
8955,10000.0
8956,10000.0
8957,10000.0
8958,10000.0
8959,10000.0
8960,10000.0
8961,10000.0
8962,10000.0
8963,10000.0
8964,10000.0
8965,10000.0
8966,10000.0
8967,10000.0
8968,10000.0
8969,10000.0
8970,10000.0
8971,10000.0
8972,10000.0
8973,10000.0
8974,10000.0
8975,10000.0
8976,10000.0
8977,10000.0
8978,10000.0
8979,10000.0
8980,10000.0
8981,10000.0
8982,10000.0
8983,10000.0
8984,10000.0
8985,10000.0
8986,10000.0
8987,10000.0
8988,10000.0
8989,10000.0
8990,10000.0
8991,10000.0
8992,10000.0
8993,10000.0
8994,10000.0
8995,10000.0
8996,10000.0
8997,10000.0
8998,10000.0
8999,10000.0
9000,10000.0
9001,10000.0
9002,10000.0
9003,10000.0
9004,10000.0
9005,10000.0
9006,10000.0
9007,10000.0
9008,10000.0
9009,10000.0
9010,10000.0
9011,10000.0
9012,10000.0
9013,10000.0
9014,10000.0
9015,10000.0
9016,10000.0
9017,10000.0
9018,10000.0
9019,10000.0
9020,10000.0
9021,10000.0
9022,10000.0
9023,10000.0
9024,10000.0
9025,10000.0
9026,10000.0
9027,10000.0
9028,10000.0
9029,10000.0
9030,10000.0
9031,10000.0
9032,10000.0
9033,10000.0
9034,10000.0
9035,10000.0
9036,10000.0
9037,10000.0
9038,10000.0
9039,10000.0
9040,10000.0
9041,10000.0
9042,10000.0
9043,10000.0
9044,10000.0
9045,10000.0
9046,10000.0
9047,10000.0
9048,10000.0
9049,10000.0
9050,10000.0
9051,10000.0
9052,10000.0
9053,10000.0
9054,10000.0
9055,10000.0
9056,10000.0
9057,10000.0
9058,10000.0
9059,10000.0
9060,10000.0
9061,10000.0
9062,10000.0
9063,10000.0
9064,10000.0
9065,10000.0
9066,10000.0
9067,10000.0
9068,10000.0
9069,10000.0
9070,10000.0
9071,10000.0
9072,10000.0
9073,10000.0
9074,10000.0
9075,10000.0
9076,10000.0
9077,10000.0
9078,10000.0
9079,10000.0
9080,10000.0
9081,10000.0
9082,10000.0
9083,10000.0
9084,10000.0
9085,10000.0
9086,10000.0
9087,10000.0
9088,10000.0
9089,10000.0
9090,10000.0
9091,10000.0
9092,10000.0
9093,10000.0
9094,10000.0
9095,10000.0
9096,10000.0
9097,10000.0
9098,10000.0
9099,10000.0
9100,10000.0
9101,10000.0
9102,10000.0
9103,10000.0
9104,10000.0
9105,10000.0
9106,10000.0
9107,10000.0
9108,10000.0
9109,10000.0
9110,10000.0
9111,10000.0
9112,10000.0
9113,10000.0
9114,10000.0
9115,10000.0
9116,10000.0
9117,10000.0
9118,10000.0
9119,10000.0
9120,10000.0
9121,10000.0
9122,10000.0
9123,10000.0
9124,10000.0
9125,10000.0
9126,10000.0
9127,10000.0
9128,10000.0
9129,10000.0
9130,10000.0
9131,10000.0
9132,10000.0
9133,10000.0
9134,10000.0
9135,10000.0
9136,10000.0
9137,10000.0
9138,10000.0
9139,10000.0
9140,10000.0
9141,10000.0
9142,10000.0
9143,10000.0
9144,10000.0
9145,10000.0
9146,10000.0
9147,10000.0
9148,10000.0
9149,10000.0
9150,10000.0
9151,10000.0
9152,10000.0
9153,10000.0
9154,10000.0
9155,10000.0
9156,10000.0
9157,10000.0
9158,10000.0
9159,10000.0
9160,10000.0
9161,10000.0
9162,10000.0
9163,10000.0
9164,10000.0
9165,10000.0
9166,10000.0
9167,10000.0
9168,10000.0
9169,10000.0
9170,10000.0
9171,10000.0
9172,10000.0
9173,10000.0
9174,10000.0
9175,10000.0
9176,10000.0
9177,10000.0
9178,10000.0
9179,10000.0
9180,10000.0
9181,10000.0
9182,10000.0
9183,10000.0
9184,10000.0
9185,10000.0
9186,10000.0
9187,10000.0
9188,10000.0
9189,10000.0
9190,10000.0
9191,10000.0
9192,10000.0
9193,10000.0
9194,10000.0
9195,10000.0
9196,10000.0
9197,10000.0
9198,10000.0
9199,10000.0
9200,10000.0
9201,10000.0
9202,10000.0
9203,10000.0
9204,10000.0
9205,10000.0
9206,10000.0
9207,10000.0
9208,10000.0
9209,10000.0
9210,10000.0
9211,10000.0
9212,10000.0
9213,10000.0
9214,10000.0
9215,10000.0
9216,10000.0
9217,10000.0
9218,10000.0
9219,10000.0
9220,10000.0
9221,10000.0
9222,10000.0
9223,10000.0
9224,10000.0
9225,10000.0
9226,10000.0
9227,10000.0
9228,10000.0
9229,10000.0
9230,10000.0
9231,10000.0
9232,10000.0
9233,10000.0
9234,10000.0
9235,10000.0
9236,10000.0
9237,10000.0
9238,10000.0
9239,10000.0
9240,10000.0
9241,10000.0
9242,10000.0
9243,10000.0
9244,10000.0
9245,10000.0
9246,10000.0
9247,10000.0
9248,10000.0
9249,10000.0
9250,10000.0
9251,10000.0
9252,10000.0
9253,10000.0
9254,10000.0
9255,10000.0
9256,10000.0
9257,10000.0
9258,10000.0
9259,10000.0
9260,10000.0
9261,10000.0
9262,10000.0
9263,10000.0
9264,10000.0
9265,10000.0
9266,10000.0
9267,10000.0
9268,10000.0
9269,10000.0
9270,10000.0
9271,10000.0
9272,10000.0
9273,10000.0
9274,10000.0
9275,10000.0
9276,10000.0
9277,10000.0
9278,10000.0
9279,10000.0
9280,10000.0
9281,10000.0
9282,10000.0
9283,10000.0
9284,10000.0
9285,10000.0
9286,10000.0
9287,10000.0
9288,10000.0
9289,10000.0
9290,10000.0
9291,10000.0
9292,10000.0
9293,10000.0
9294,10000.0
9295,10000.0
9296,10000.0
9297,10000.0
9298,10000.0
9299,10000.0
9300,10000.0
9301,10000.0
9302,10000.0
9303,10000.0
9304,10000.0
9305,10000.0
9306,10000.0
9307,10000.0
9308,10000.0
9309,10000.0
9310,10000.0
9311,10000.0
9312,10000.0
9313,10000.0
9314,10000.0
9315,10000.0
9316,10000.0
9317,10000.0
9318,10000.0
9319,10000.0
9320,10000.0
9321,10000.0
9322,10000.0
9323,10000.0
9324,10000.0
9325,10000.0
9326,10000.0
9327,10000.0
9328,10000.0
9329,10000.0
9330,10000.0
9331,10000.0
9332,10000.0
9333,10000.0
9334,10000.0
9335,10000.0
9336,10000.0
9337,10000.0
9338,10000.0
9339,10000.0
9340,10000.0
9341,10000.0
9342,10000.0
9343,10000.0
9344,10000.0
9345,10000.0
9346,10000.0
9347,10000.0
9348,10000.0
9349,10000.0
9350,10000.0
9351,10000.0
9352,10000.0
9353,10000.0
9354,10000.0
9355,10000.0
9356,10000.0
9357,10000.0
9358,10000.0
9359,10000.0
9360,10000.0
9361,10000.0
9362,10000.0
9363,10000.0
9364,10000.0
9365,10000.0
9366,10000.0
9367,10000.0
9368,10000.0
9369,10000.0
9370,10000.0
9371,10000.0
9372,10000.0
9373,10000.0
9374,10000.0
9375,10000.0
9376,10000.0
9377,10000.0
9378,10000.0
9379,10000.0
9380,10000.0
9381,10000.0
9382,10000.0
9383,10000.0
9384,10000.0
9385,10000.0
9386,10000.0
9387,10000.0
9388,10000.0
9389,10000.0
9390,10000.0
9391,10000.0
9392,10000.0
9393,10000.0
9394,10000.0
9395,10000.0
9396,10000.0
9397,10000.0
9398,10000.0
9399,10000.0
9400,10000.0
9401,10000.0
9402,10000.0
9403,10000.0
9404,10000.0
9405,10000.0
9406,10000.0
9407,10000.0
9408,10000.0
9409,10000.0
9410,10000.0
9411,10000.0
9412,10000.0
9413,10000.0
9414,10000.0
9415,10000.0
9416,10000.0
9417,10000.0
9418,10000.0
9419,10000.0
9420,10000.0
9421,10000.0
9422,10000.0
9423,10000.0
9424,10000.0
9425,10000.0
9426,10000.0
9427,10000.0
9428,10000.0
9429,10000.0
9430,10000.0
9431,10000.0
9432,10000.0
9433,10000.0
9434,10000.0
9435,10000.0
9436,10000.0
9437,10000.0
9438,10000.0
9439,10000.0
9440,10000.0
9441,10000.0
9442,10000.0
9443,10000.0
9444,10000.0
9445,10000.0
9446,10000.0
9447,10000.0
9448,10000.0
9449,10000.0
9450,10000.0
9451,10000.0
9452,10000.0
9453,10000.0
9454,10000.0
9455,10000.0
9456,10000.0
9457,10000.0
9458,10000.0
9459,10000.0
9460,10000.0
9461,10000.0
9462,10000.0
9463,10000.0
9464,10000.0
9465,10000.0
9466,10000.0
9467,10000.0
9468,10000.0
9469,10000.0
9470,10000.0
9471,10000.0
9472,10000.0
9473,10000.0
9474,10000.0
9475,10000.0
9476,10000.0
9477,10000.0
9478,10000.0
9479,10000.0
9480,10000.0
9481,10000.0
9482,10000.0
9483,10000.0
9484,10000.0
9485,10000.0
9486,10000.0
9487,10000.0
9488,10000.0
9489,10000.0
9490,10000.0
9491,10000.0
9492,10000.0
9493,10000.0
9494,10000.0
9495,10000.0
9496,10000.0
9497,10000.0
9498,10000.0
9499,10000.0
9500,10000.0
9501,10000.0
9502,10000.0
9503,10000.0
9504,10000.0
9505,10000.0
9506,10000.0
9507,10000.0
9508,10000.0
9509,10000.0
9510,10000.0
9511,10000.0
9512,10000.0
9513,10000.0
9514,10000.0
9515,10000.0
9516,10000.0
9517,10000.0
9518,10000.0
9519,10000.0
9520,10000.0
9521,10000.0
9522,10000.0
9523,10000.0
9524,10000.0
9525,10000.0
9526,10000.0
9527,10000.0
9528,10000.0
9529,10000.0
9530,10000.0
9531,10000.0
9532,10000.0
9533,10000.0
9534,10000.0
9535,10000.0
9536,10000.0
9537,10000.0
9538,10000.0
9539,10000.0
9540,10000.0
9541,10000.0
9542,10000.0
9543,10000.0
9544,10000.0
9545,10000.0
9546,10000.0
9547,10000.0
9548,10000.0
9549,10000.0
9550,10000.0
9551,10000.0
9552,10000.0
9553,10000.0
9554,10000.0
9555,10000.0
9556,10000.0
9557,10000.0
9558,10000.0
9559,10000.0
9560,10000.0
9561,10000.0
9562,10000.0
9563,10000.0
9564,10000.0
9565,10000.0
9566,10000.0
9567,10000.0
9568,10000.0
9569,10000.0
9570,10000.0
9571,10000.0
9572,10000.0
9573,10000.0
9574,10000.0
9575,10000.0
9576,10000.0
9577,10000.0
9578,10000.0
9579,10000.0
9580,10000.0
9581,10000.0
9582,10000.0
9583,10000.0
9584,10000.0
9585,10000.0
9586,10000.0
9587,10000.0
9588,10000.0
9589,10000.0
9590,10000.0
9591,10000.0
9592,10000.0
9593,10000.0
9594,10000.0
9595,10000.0
9596,10000.0
9597,10000.0
9598,10000.0
9599,10000.0
9600,10000.0
9601,10000.0
9602,10000.0
9603,10000.0
9604,10000.0
9605,10000.0
9606,10000.0
9607,10000.0
9608,10000.0
9609,10000.0
9610,10000.0
9611,10000.0
9612,10000.0
9613,10000.0
9614,10000.0
9615,10000.0
9616,10000.0
9617,10000.0
9618,10000.0
9619,10000.0
9620,10000.0
9621,10000.0
9622,10000.0
9623,10000.0
9624,10000.0
9625,10000.0
9626,10000.0
9627,10000.0
9628,10000.0
9629,10000.0
9630,10000.0
9631,10000.0
9632,10000.0
9633,10000.0
9634,10000.0
9635,10000.0
9636,10000.0
9637,10000.0
9638,10000.0
9639,10000.0
9640,10000.0
9641,10000.0
9642,10000.0
9643,10000.0
9644,10000.0
9645,10000.0
9646,10000.0
9647,10000.0
9648,10000.0
9649,10000.0
9650,10000.0
9651,10000.0
9652,10000.0
9653,10000.0
9654,10000.0
9655,10000.0
9656,10000.0
9657,10000.0
9658,10000.0
9659,10000.0
9660,10000.0
9661,10000.0
9662,10000.0
9663,10000.0
9664,10000.0
9665,10000.0
9666,10000.0
9667,10000.0
9668,10000.0
9669,10000.0
9670,10000.0
9671,10000.0
9672,10000.0
9673,10000.0
9674,10000.0
9675,10000.0
9676,10000.0
9677,10000.0
9678,10000.0
9679,10000.0
9680,10000.0
9681,10000.0
9682,10000.0
9683,10000.0
9684,10000.0
9685,10000.0
9686,10000.0
9687,10000.0
9688,10000.0
9689,10000.0
9690,10000.0
9691,10000.0
9692,10000.0
9693,10000.0
9694,10000.0
9695,10000.0
9696,10000.0
9697,10000.0
9698,10000.0
9699,10000.0
9700,10000.0
9701,10000.0
9702,10000.0
9703,10000.0
9704,10000.0
9705,10000.0
9706,10000.0
9707,10000.0
9708,10000.0
9709,10000.0
9710,10000.0
9711,10000.0
9712,10000.0
9713,10000.0
9714,10000.0
9715,10000.0
9716,10000.0
9717,10000.0
9718,10000.0
9719,10000.0
9720,10000.0
9721,10000.0
9722,10000.0
9723,10000.0
9724,10000.0
9725,10000.0
9726,10000.0
9727,10000.0
9728,10000.0
9729,10000.0
9730,10000.0
9731,10000.0
9732,10000.0
9733,10000.0
9734,10000.0
9735,10000.0
9736,10000.0
9737,10000.0
9738,10000.0
9739,10000.0
9740,10000.0
9741,10000.0
9742,10000.0
9743,10000.0
9744,10000.0
9745,10000.0
9746,10000.0
9747,10000.0
9748,10000.0
9749,10000.0
9750,10000.0
9751,10000.0
9752,10000.0
9753,10000.0
9754,10000.0
9755,10000.0
9756,10000.0
9757,10000.0
9758,10000.0
9759,10000.0
9760,10000.0
9761,10000.0
9762,10000.0
9763,10000.0
9764,10000.0
9765,10000.0
9766,10000.0
9767,10000.0
9768,10000.0
9769,10000.0
9770,10000.0
9771,10000.0
9772,10000.0
9773,10000.0
9774,10000.0
9775,10000.0
9776,10000.0
9777,10000.0
9778,10000.0
9779,10000.0
9780,10000.0
9781,10000.0
9782,10000.0
9783,10000.0
9784,10000.0
9785,10000.0
9786,10000.0
9787,10000.0
9788,10000.0
9789,10000.0
9790,10000.0
9791,10000.0
9792,10000.0
9793,10000.0
9794,10000.0
9795,10000.0
9796,10000.0
9797,10000.0
9798,10000.0
9799,10000.0
9800,10000.0
9801,10000.0
9802,10000.0
9803,10000.0
9804,10000.0
9805,10000.0
9806,10000.0
9807,10000.0
9808,10000.0
9809,10000.0
9810,10000.0
9811,10000.0
9812,10000.0
9813,10000.0
9814,10000.0
9815,10000.0
9816,10000.0
9817,10000.0
9818,10000.0
9819,10000.0
9820,10000.0
9821,10000.0
9822,10000.0
9823,10000.0
9824,10000.0
9825,10000.0
9826,10000.0
9827,10000.0
9828,10000.0
9829,10000.0
9830,10000.0
9831,10000.0
9832,10000.0
9833,10000.0
9834,10000.0
9835,10000.0
9836,10000.0
9837,10000.0
9838,10000.0
9839,10000.0
9840,10000.0
9841,10000.0
9842,10000.0
9843,10000.0
9844,10000.0
9845,10000.0
9846,10000.0
9847,10000.0
9848,10000.0
9849,10000.0
9850,10000.0
9851,10000.0
9852,10000.0
9853,10000.0
9854,10000.0
9855,10000.0
9856,10000.0
9857,10000.0
9858,10000.0
9859,10000.0
9860,10000.0
9861,10000.0
9862,10000.0
9863,10000.0
9864,10000.0
9865,10000.0
9866,10000.0
9867,10000.0
9868,10000.0
9869,10000.0
9870,10000.0
9871,10000.0
9872,10000.0
9873,10000.0
9874,10000.0
9875,10000.0
9876,10000.0
9877,10000.0
9878,10000.0
9879,10000.0
9880,10000.0
9881,10000.0
9882,10000.0
9883,10000.0
9884,10000.0
9885,10000.0
9886,10000.0
9887,10000.0
9888,10000.0
9889,10000.0
9890,10000.0
9891,10000.0
9892,10000.0
9893,10000.0
9894,10000.0
9895,10000.0
9896,10000.0
9897,10000.0
9898,10000.0
9899,10000.0
9900,10000.0
9901,10000.0
9902,10000.0
9903,10000.0
9904,10000.0
9905,10000.0
9906,10000.0
9907,10000.0
9908,10000.0
9909,10000.0
9910,10000.0
9911,10000.0
9912,10000.0
9913,10000.0
9914,10000.0
9915,10000.0
9916,10000.0
9917,10000.0
9918,10000.0
9919,10000.0
9920,10000.0
9921,10000.0
9922,10000.0
9923,10000.0
9924,10000.0
9925,10000.0
9926,10000.0
9927,10000.0
9928,10000.0
9929,10000.0
9930,10000.0
9931,10000.0
9932,10000.0
9933,10000.0
9934,10000.0
9935,10000.0
9936,10000.0
9937,10000.0
9938,10000.0
9939,10000.0
9940,10000.0
9941,10000.0
9942,10000.0
9943,10000.0
9944,10000.0
9945,10000.0
9946,10000.0
9947,10000.0
9948,10000.0
9949,10000.0
9950,10000.0
9951,10000.0
9952,10000.0
9953,10000.0
9954,10000.0
9955,10000.0
9956,10000.0
9957,10000.0
9958,10000.0
9959,10000.0
9960,10000.0
9961,10000.0
9962,10000.0
9963,10000.0
9964,10000.0
9965,10000.0
9966,10000.0
9967,10000.0
9968,10000.0
9969,10000.0
9970,10000.0
9971,10000.0
9972,10000.0
9973,10000.0
9974,10000.0
9975,10000.0
9976,10000.0
9977,10000.0
9978,10000.0
9979,10000.0
9980,10000.0
9981,10000.0
9982,10000.0
9983,10000.0
9984,10000.0
9985,10000.0
9986,10000.0
9987,10000.0
9988,10000.0
9989,10000.0
9990,10000.0
9991,10000.0
9992,10000.0
9993,10000.0
9994,10000.0
9995,10000.0
9996,10000.0
9997,10000.0
9998,10000.0
9999,10000.0
10000,10000.0
10001,10000.0
10002,10000.0
10003,10000.0
10004,10000.0
10005,10000.0
10006,10000.0
10007,10000.0
10008,10000.0
10009,10000.0
10010,10000.0
10011,10000.0
10012,10000.0
10013,10000.0
10014,10000.0
10015,10000.0
10016,10000.0
10017,10000.0
10018,10000.0
10019,10000.0
10020,10000.0
10021,10000.0
10022,10000.0
10023,10000.0
10024,10000.0
10025,10000.0
10026,10000.0
10027,10000.0
10028,10000.0
10029,10000.0
10030,10000.0
10031,10000.0
10032,10000.0
10033,10000.0
10034,10000.0
10035,10000.0
10036,10000.0
10037,10000.0
10038,10000.0
10039,10000.0
10040,10000.0
10041,10000.0
10042,10000.0
10043,10000.0
10044,10000.0
10045,10000.0
10046,10000.0
10047,10000.0
10048,10000.0
10049,10000.0
10050,10000.0
10051,10000.0
10052,10000.0
10053,10000.0
10054,10000.0
10055,10000.0
10056,10000.0
10057,10000.0
10058,10000.0
10059,10000.0
10060,10000.0
10061,10000.0
10062,10000.0
10063,10000.0
10064,10000.0
10065,10000.0
10066,10000.0
10067,10000.0
10068,10000.0
10069,10000.0
10070,10000.0
10071,10000.0
10072,10000.0
10073,10000.0
10074,10000.0
10075,10000.0
10076,10000.0
10077,10000.0
10078,10000.0
10079,10000.0
10080,10000.0
10081,10000.0
10082,10000.0
10083,10000.0
10084,10000.0
10085,10000.0
10086,10000.0
10087,10000.0
10088,10000.0
10089,10000.0
10090,10000.0
10091,10000.0
10092,10000.0
10093,10000.0
10094,10000.0
10095,10000.0
10096,10000.0
10097,10000.0
10098,10000.0
10099,10000.0
10100,10000.0
10101,10000.0
10102,10000.0
10103,10000.0
10104,10000.0
10105,10000.0
10106,10000.0
10107,10000.0
10108,10000.0
10109,10000.0
10110,10000.0
10111,10000.0
10112,10000.0
10113,10000.0
10114,10000.0
10115,10000.0
10116,10000.0
10117,10000.0
10118,10000.0
10119,10000.0
10120,10000.0
10121,10000.0
10122,10000.0
10123,10000.0
10124,10000.0
10125,10000.0
10126,10000.0
10127,10000.0
10128,10000.0
10129,10000.0
10130,10000.0
10131,10000.0
10132,10000.0
10133,10000.0
10134,10000.0
10135,10000.0
10136,10000.0
10137,10000.0
10138,10000.0
10139,10000.0
10140,10000.0
10141,10000.0
10142,10000.0
10143,10000.0
10144,10000.0
10145,10000.0
10146,10000.0
10147,10000.0
10148,10000.0
10149,10000.0
10150,10000.0
10151,10000.0
10152,10000.0
10153,10000.0
10154,10000.0
10155,10000.0
10156,10000.0
10157,10000.0
10158,10000.0
10159,10000.0
10160,10000.0
10161,10000.0
10162,10000.0
10163,10000.0
10164,10000.0
10165,10000.0
10166,10000.0
10167,10000.0
10168,10000.0
10169,10000.0
10170,10000.0
10171,10000.0
10172,10000.0
10173,10000.0
10174,10000.0
10175,10000.0
10176,10000.0
10177,10000.0
10178,10000.0
10179,10000.0
10180,10000.0
10181,10000.0
10182,10000.0
10183,10000.0
10184,10000.0
10185,10000.0
10186,10000.0
10187,10000.0
10188,10000.0
10189,10000.0
10190,10000.0
10191,10000.0
10192,10000.0
10193,10000.0
10194,10000.0
10195,10000.0
10196,10000.0
10197,10000.0
10198,10000.0
10199,10000.0
10200,10000.0
10201,10000.0
10202,10000.0
10203,10000.0
10204,10000.0
10205,10000.0
10206,10000.0
10207,10000.0
10208,10000.0
10209,10000.0
10210,10000.0
10211,10000.0
10212,10000.0
10213,10000.0
10214,10000.0
10215,10000.0
10216,10000.0
10217,10000.0
10218,10000.0
10219,10000.0
10220,10000.0
10221,10000.0
10222,10000.0
10223,10000.0
10224,10000.0
10225,10000.0
10226,10000.0
10227,10000.0
10228,10000.0
10229,10000.0
10230,10000.0
10231,10000.0
10232,10000.0
10233,10000.0
10234,10000.0
10235,10000.0
10236,10000.0
10237,10000.0
10238,10000.0
10239,10000.0
10240,10000.0
10241,10000.0
10242,10000.0
10243,10000.0
10244,10000.0
10245,10000.0
10246,10000.0
10247,10000.0
10248,10000.0
10249,10000.0
10250,10000.0
10251,10000.0
10252,10000.0
10253,10000.0
10254,10000.0
10255,10000.0
10256,10000.0
10257,10000.0
10258,10000.0
10259,10000.0
10260,10000.0
10261,10000.0
10262,10000.0
10263,10000.0
10264,10000.0
10265,10000.0
10266,10000.0
10267,10000.0
10268,10000.0
10269,10000.0
10270,10000.0
10271,10000.0
10272,10000.0
10273,10000.0
10274,10000.0
10275,10000.0
10276,10000.0
10277,10000.0
10278,10000.0
10279,10000.0
10280,10000.0
10281,10000.0
10282,10000.0
10283,10000.0
10284,10000.0
10285,10000.0
10286,10000.0
10287,10000.0
10288,10000.0
10289,10000.0
10290,10000.0
10291,10000.0
10292,10000.0
10293,10000.0
10294,10000.0
10295,10000.0
10296,10000.0
10297,10000.0
10298,10000.0
10299,10000.0
10300,10000.0
10301,10000.0
10302,10000.0
10303,10000.0
10304,10000.0
10305,10000.0
10306,10000.0
10307,10000.0
10308,10000.0
10309,10000.0
10310,10000.0
10311,10000.0
10312,10000.0
10313,10000.0
10314,10000.0
10315,10000.0
10316,10000.0
10317,10000.0
10318,10000.0
10319,10000.0
10320,10000.0
10321,10000.0
10322,10000.0
10323,10000.0
10324,10000.0
10325,10000.0
10326,10000.0
10327,10000.0
10328,10000.0
10329,10000.0
10330,10000.0
10331,10000.0
10332,10000.0
10333,10000.0
10334,10000.0
10335,10000.0
10336,10000.0
10337,10000.0
10338,10000.0
10339,10000.0
10340,10000.0
10341,10000.0
10342,10000.0
10343,10000.0
10344,10000.0
10345,10000.0
10346,10000.0
10347,10000.0
10348,10000.0
10349,10000.0
10350,10000.0
10351,10000.0
10352,10000.0
10353,10000.0
10354,10000.0
10355,10000.0
10356,10000.0
10357,10000.0
10358,10000.0
10359,10000.0
10360,10000.0
10361,10000.0
10362,10000.0
10363,10000.0
10364,10000.0
10365,10000.0
10366,10000.0
10367,10000.0
10368,10000.0
10369,10000.0
10370,10000.0
10371,10000.0
10372,10000.0
10373,10000.0
10374,10000.0
10375,10000.0
10376,10000.0
10377,10000.0
10378,10000.0
10379,10000.0
10380,10000.0
10381,10000.0
10382,10000.0
10383,10000.0
10384,10000.0
10385,10000.0
10386,10000.0
10387,10000.0
10388,10000.0
10389,10000.0
10390,10000.0
10391,10000.0
10392,10000.0
10393,10000.0
10394,10000.0
10395,10000.0
10396,10000.0
10397,10000.0
10398,10000.0
10399,10000.0
10400,10000.0
10401,10000.0
10402,10000.0
10403,10000.0
10404,10000.0
10405,10000.0
10406,10000.0
10407,10000.0
10408,10000.0
10409,10000.0
10410,10000.0
10411,10000.0
10412,10000.0
10413,10000.0
10414,10000.0
10415,10000.0
10416,10000.0
10417,10000.0
10418,10000.0
10419,10000.0
10420,10000.0
10421,10000.0
10422,10000.0
10423,10000.0
10424,10000.0
10425,10000.0
10426,10000.0
10427,10000.0
10428,10000.0
10429,10000.0
10430,10000.0
10431,10000.0
10432,10000.0
10433,10000.0
10434,10000.0
10435,10000.0
10436,10000.0
10437,10000.0
10438,10000.0
10439,10000.0
10440,10000.0
10441,10000.0
10442,10000.0
10443,10000.0
10444,10000.0
10445,10000.0
10446,10000.0
10447,10000.0
10448,10000.0
10449,10000.0
10450,10000.0
10451,10000.0
10452,10000.0
10453,10000.0
10454,10000.0
10455,10000.0
10456,10000.0
10457,10000.0
10458,10000.0
10459,10000.0
10460,10000.0
10461,10000.0
10462,10000.0
10463,10000.0
10464,10000.0
10465,10000.0
10466,10000.0
10467,10000.0
10468,10000.0
10469,10000.0
10470,10000.0
10471,10000.0
10472,10000.0
10473,10000.0
10474,10000.0
10475,10000.0
10476,10000.0
10477,10000.0
10478,10000.0
10479,10000.0
10480,10000.0
10481,10000.0
10482,10000.0
10483,10000.0
10484,10000.0
10485,10000.0
10486,10000.0
10487,10000.0
10488,10000.0
10489,10000.0
10490,10000.0
10491,10000.0
10492,10000.0
10493,10000.0
10494,10000.0
10495,10000.0
10496,10000.0
10497,10000.0
10498,10000.0
10499,10000.0
10500,10000.0
10501,10000.0
10502,10000.0
10503,10000.0
10504,10000.0
10505,10000.0
10506,10000.0
10507,10000.0
10508,10000.0
10509,10000.0
10510,10000.0
10511,10000.0
10512,10000.0
10513,10000.0
10514,10000.0
10515,10000.0
10516,10000.0
10517,10000.0
10518,10000.0
10519,10000.0
10520,10000.0
10521,10000.0
10522,10000.0
10523,10000.0
10524,10000.0
10525,10000.0
10526,10000.0
10527,10000.0
10528,10000.0
10529,10000.0
10530,10000.0
10531,10000.0
10532,10000.0
10533,10000.0
10534,10000.0
10535,10000.0
10536,10000.0
10537,10000.0
10538,10000.0
10539,10000.0
10540,10000.0
10541,10000.0
10542,10000.0
10543,10000.0
10544,10000.0
10545,10000.0
10546,10000.0
10547,10000.0
10548,10000.0
10549,10000.0
10550,10000.0
10551,10000.0
10552,10000.0
10553,10000.0
10554,10000.0
10555,10000.0
10556,10000.0
10557,10000.0
10558,10000.0
10559,10000.0
10560,10000.0
10561,10000.0
10562,10000.0
10563,10000.0
10564,10000.0
10565,10000.0
10566,10000.0
10567,10000.0
10568,10000.0
10569,10000.0
10570,10000.0
10571,10000.0
10572,10000.0
10573,10000.0
10574,10000.0
10575,10000.0
10576,10000.0
10577,10000.0
10578,10000.0
10579,10000.0
10580,10000.0
10581,10000.0
10582,10000.0
10583,10000.0
10584,10000.0
10585,10000.0
10586,10000.0
10587,10000.0
10588,10000.0
10589,10000.0
10590,10000.0
10591,10000.0
10592,10000.0
10593,10000.0
10594,10000.0
10595,10000.0
10596,10000.0
10597,10000.0
10598,10000.0
10599,10000.0
10600,10000.0
10601,10000.0
10602,10000.0
10603,10000.0
10604,10000.0
10605,10000.0
10606,10000.0
10607,10000.0
10608,10000.0
10609,10000.0
10610,10000.0
10611,10000.0
10612,10000.0
10613,10000.0
10614,10000.0
10615,10000.0
10616,10000.0
10617,10000.0
10618,10000.0
10619,10000.0
10620,10000.0
10621,10000.0
10622,10000.0
10623,10000.0
10624,10000.0
10625,10000.0
10626,10000.0
10627,10000.0
10628,10000.0
10629,10000.0
10630,10000.0
10631,10000.0
10632,10000.0
10633,10000.0
10634,10000.0
10635,10000.0
10636,10000.0
10637,10000.0
10638,10000.0
10639,10000.0
10640,10000.0
10641,10000.0
10642,10000.0
10643,10000.0
10644,10000.0
10645,10000.0
10646,10000.0
10647,10000.0
10648,10000.0
10649,10000.0
10650,10000.0
10651,10000.0
10652,10000.0
10653,10000.0
10654,10000.0
10655,10000.0
10656,10000.0
10657,10000.0
10658,10000.0
10659,10000.0
10660,10000.0
10661,10000.0
10662,10000.0
10663,10000.0
10664,10000.0
10665,10000.0
10666,10000.0
10667,10000.0
10668,10000.0
10669,10000.0
10670,10000.0
10671,10000.0
10672,10000.0
10673,10000.0
10674,10000.0
10675,10000.0
10676,10000.0
10677,10000.0
10678,10000.0
10679,10000.0
10680,10000.0
10681,10000.0
10682,10000.0
10683,10000.0
10684,10000.0
10685,10000.0
10686,10000.0
10687,10000.0
10688,10000.0
10689,10000.0
10690,10000.0
10691,10000.0
10692,10000.0
10693,10000.0
10694,10000.0
10695,10000.0
10696,10000.0
10697,10000.0
10698,10000.0
10699,10000.0
10700,10000.0
10701,10000.0
10702,10000.0
10703,10000.0
10704,10000.0
10705,10000.0
10706,10000.0
10707,10000.0
10708,10000.0
10709,10000.0
10710,10000.0
10711,10000.0
10712,10000.0
10713,10000.0
10714,10000.0
10715,10000.0
10716,10000.0
10717,10000.0
10718,10000.0
10719,10000.0
10720,10000.0
10721,10000.0
10722,10000.0
10723,10000.0
10724,10000.0
10725,10000.0
10726,10000.0
10727,10000.0
10728,10000.0
10729,10000.0
10730,10000.0
10731,10000.0
10732,10000.0
10733,10000.0
10734,10000.0
10735,10000.0
10736,10000.0
10737,10000.0
10738,10000.0
10739,10000.0
10740,10000.0
10741,10000.0
10742,10000.0
10743,10000.0
10744,10000.0
10745,10000.0
10746,10000.0
10747,10000.0
10748,10000.0
10749,10000.0
10750,10000.0
10751,10000.0
10752,10000.0
10753,10000.0
10754,10000.0
10755,10000.0
10756,10000.0
10757,10000.0
10758,10000.0
10759,10000.0
10760,10000.0
10761,10000.0
10762,10000.0
10763,10000.0
10764,10000.0
10765,10000.0
10766,10000.0
10767,10000.0
10768,10000.0
10769,10000.0
10770,10000.0
10771,10000.0
10772,10000.0
10773,10000.0
10774,10000.0
10775,10000.0
10776,10000.0
10777,10000.0
10778,10000.0
10779,10000.0
10780,10000.0
10781,10000.0
10782,10000.0
10783,10000.0
10784,10000.0
10785,10000.0
10786,10000.0
10787,10000.0
10788,10000.0
10789,10000.0
10790,10000.0
10791,10000.0
10792,10000.0
10793,10000.0
10794,10000.0
10795,10000.0
10796,10000.0
10797,10000.0
10798,10000.0
10799,10000.0
10800,10000.0
0,10000.0
1,10000.0
2,10000.0
3,10000.0
4,10000.0
5,10000.0
6,10000.0
7,10000.0
8,10000.0
9,10000.0
10,10000.0
11,10000.0
12,10000.0
13,10000.0
14,10000.0
15,10000.0
16,10000.0
17,10000.0
18,10000.0
19,10000.0
20,10000.0
21,10000.0
22,10000.0
23,10000.0
24,10000.0
25,10000.0
26,10000.0
27,10000.0
28,10000.0
29,10000.0
30,10000.0
31,10000.0
32,10000.0
33,10000.0
34,10000.0
35,10000.0
36,10000.0
37,10000.0
38,10000.0
39,10000.0
40,10000.0
41,10000.0
42,10000.0
43,10000.0
44,10000.0
45,10000.0
46,10000.0
47,10000.0
48,10000.0
49,10000.0
50,10000.0
51,10000.0
52,10000.0
53,10000.0
54,10000.0
55,10000.0
56,10000.0
57,10000.0
58,10000.0
59,10000.0
60,10000.0
61,10000.0
62,10000.0
63,10000.0
64,10000.0
65,10000.0
66,10000.0
67,10000.0
68,10000.0
69,10000.0
70,10000.0
71,10000.0
72,10000.0
73,10000.0
74,10000.0
75,10000.0
76,10000.0
77,10000.0
78,10000.0
79,10000.0
80,10000.0
81,10000.0
82,10000.0
83,10000.0
84,10000.0
85,10000.0
86,10000.0
87,10000.0
88,10000.0
89,10000.0
90,10000.0
91,10000.0
92,10000.0
93,10000.0
94,10000.0
95,10000.0
96,10000.0
97,10000.0
98,10000.0
99,10000.0
100,10000.0
101,10000.0
102,10000.0
103,10000.0
104,10000.0
105,10000.0
106,10000.0
107,10000.0
108,10000.0
109,10000.0
110,10000.0
111,10000.0
112,10000.0
113,10000.0
114,10000.0
115,10000.0
116,10000.0
117,10000.0
118,10000.0
119,10000.0
120,10000.0
121,10000.0
122,10000.0
123,10000.0
124,10000.0
125,10000.0
126,10000.0
127,10000.0
128,10000.0
129,10000.0
130,10000.0
131,10000.0
132,10000.0
133,10000.0
134,10000.0
135,10000.0
136,10000.0
137,10000.0
138,10000.0
139,10000.0
140,10000.0
141,10000.0
142,10000.0
143,10000.0
144,10000.0
145,10000.0
146,10000.0
147,10000.0
148,10000.0
149,10000.0
150,10000.0
151,10000.0
152,10000.0
153,10000.0
154,10000.0
155,10000.0
156,10000.0
157,10000.0
158,10000.0
159,10000.0
160,10000.0
161,10000.0
162,10000.0
163,10000.0
164,10000.0
165,10000.0
166,10000.0
167,10000.0
168,10000.0
169,10000.0
170,10000.0
171,10000.0
172,10000.0
173,10000.0
174,10000.0
175,10000.0
176,10000.0
177,10000.0
178,10000.0
179,10000.0
180,10000.0
181,10000.0
182,10000.0
183,10000.0
184,10000.0
185,10000.0
186,10000.0
187,10000.0
188,10000.0
189,10000.0
190,10000.0
191,10000.0
192,10000.0
193,10000.0
194,10000.0
195,10000.0
196,10000.0
197,10000.0
198,10000.0
199,10000.0
200,10000.0
201,10000.0
202,10000.0
203,10000.0
204,10000.0
205,10000.0
206,10000.0
207,10000.0
208,10000.0
209,10000.0
210,10000.0
211,10000.0
212,10000.0
213,10000.0
214,10000.0
215,10000.0
216,10000.0
217,10000.0
218,10000.0
219,10000.0
220,10000.0
221,10000.0
222,10000.0
223,10000.0
224,10000.0
225,10000.0
226,10000.0
227,10000.0
228,10000.0
229,10000.0
230,10000.0
231,10000.0
232,10000.0
233,10000.0
234,10000.0
235,10000.0
236,10000.0
237,10000.0
238,10000.0
239,10000.0
240,10000.0
241,10000.0
242,10000.0
243,10000.0
244,10000.0
245,10000.0
246,10000.0
247,10000.0
248,10000.0
249,10000.0
250,10000.0
251,10000.0
252,10000.0
253,10000.0
254,10000.0
255,10000.0
256,10000.0
257,10000.0
258,10000.0
259,10000.0
260,10000.0
261,10000.0
262,10000.0
263,10000.0
264,10000.0
265,10000.0
266,10000.0
267,10000.0
268,10000.0
269,10000.0
270,10000.0
271,10000.0
272,10000.0
273,10000.0
274,10000.0
275,10000.0
276,10000.0
277,10000.0
278,10000.0
279,10000.0
280,10000.0
281,10000.0
282,10000.0
283,10000.0
284,10000.0
285,10000.0
286,10000.0
287,10000.0
288,10000.0
289,10000.0
290,10000.0
291,10000.0
292,10000.0
293,10000.0
294,10000.0
295,10000.0
296,10000.0
297,10000.0
298,10000.0
299,10000.0
300,10000.0
301,10000.0
302,10000.0
303,10000.0
304,10000.0
305,10000.0
306,10000.0
307,10000.0
308,10000.0
309,10000.0
310,10000.0
311,10000.0
312,10000.0
313,10000.0
314,10000.0
315,10000.0
316,10000.0
317,10000.0
318,10000.0
319,10000.0
320,10000.0
321,10000.0
322,10000.0
323,10000.0
324,10000.0
325,10000.0
326,10000.0
327,10000.0
328,10000.0
329,10000.0
330,10000.0
331,10000.0
332,10000.0
333,10000.0
334,10000.0
335,10000.0
336,10000.0
337,10000.0
338,10000.0
339,10000.0
340,10000.0
341,10000.0
342,10000.0
343,10000.0
344,10000.0
345,10000.0
346,10000.0
347,10000.0
348,10000.0
349,10000.0
350,10000.0
351,10000.0
352,10000.0
353,10000.0
354,10000.0
355,10000.0
356,10000.0
357,10000.0
358,10000.0
359,10000.0
360,10000.0
361,10000.0
362,10000.0
363,10000.0
364,10000.0
365,10000.0
366,10000.0
367,10000.0
368,10000.0
369,10000.0
370,10000.0
371,10000.0
372,10000.0
373,10000.0
374,10000.0
375,10000.0
376,10000.0
377,10000.0
378,10000.0
379,10000.0
380,10000.0
381,10000.0
382,10000.0
383,10000.0
384,10000.0
385,10000.0
386,10000.0
387,10000.0
388,10000.0
389,10000.0
390,10000.0
391,10000.0
392,10000.0
393,10000.0
394,10000.0
395,10000.0
396,10000.0
397,10000.0
398,10000.0
399,10000.0
400,10000.0
401,10000.0
402,10000.0
403,10000.0
404,10000.0
405,10000.0
406,10000.0
407,10000.0
408,10000.0
409,10000.0
410,10000.0
411,10000.0
412,10000.0
413,10000.0
414,10000.0
415,10000.0
416,10000.0
417,10000.0
418,10000.0
419,10000.0
420,10000.0
421,10000.0
422,10000.0
423,10000.0
424,10000.0
425,10000.0
426,10000.0
427,10000.0
428,10000.0
429,10000.0
430,10000.0
431,10000.0
432,10000.0
433,10000.0
434,10000.0
435,10000.0
436,10000.0
437,10000.0
438,10000.0
439,10000.0
440,10000.0
441,10000.0
442,10000.0
443,10000.0
444,10000.0
445,10000.0
446,10000.0
447,10000.0
448,10000.0
449,10000.0
450,10000.0
451,10000.0
452,10000.0
453,10000.0
454,10000.0
455,10000.0
456,10000.0
457,10000.0
458,10000.0
459,10000.0
460,10000.0
461,10000.0
462,10000.0
463,10000.0
464,10000.0
465,10000.0
466,10000.0
467,10000.0
468,10000.0
469,10000.0
470,10000.0
471,10000.0
472,10000.0
473,10000.0
474,10000.0
475,10000.0
476,10000.0
477,10000.0
478,10000.0
479,10000.0
480,10000.0
481,10000.0
482,10000.0
483,10000.0
484,10000.0
485,10000.0
486,10000.0
487,10000.0
488,10000.0
489,10000.0
490,10000.0
491,10000.0
492,10000.0
493,10000.0
494,10000.0
495,10000.0
496,10000.0
497,10000.0
498,10000.0
499,10000.0
500,10000.0
501,10000.0
502,10000.0
503,10000.0
504,10000.0
505,10000.0
506,10000.0
507,10000.0
508,10000.0
509,10000.0
510,10000.0
511,10000.0
512,10000.0
513,10000.0
514,10000.0
515,10000.0
516,10000.0
517,10000.0
518,10000.0
519,10000.0
520,10000.0
521,10000.0
522,10000.0
523,10000.0
524,10000.0
525,10000.0
526,10000.0
527,10000.0
528,10000.0
529,10000.0
530,10000.0
531,10000.0
532,10000.0
533,10000.0
534,10000.0
535,10000.0
536,10000.0
537,10000.0
538,10000.0
539,10000.0
540,10000.0
541,10000.0
542,10000.0
543,10000.0
544,10000.0
545,10000.0
546,10000.0
547,10000.0
548,10000.0
549,10000.0
550,10000.0
551,10000.0
552,10000.0
553,10000.0
554,10000.0
555,10000.0
556,10000.0
557,10000.0
558,10000.0
559,10000.0
560,10000.0
561,10000.0
562,10000.0
563,10000.0
564,10000.0
565,10000.0
566,10000.0
567,10000.0
568,10000.0
569,10000.0
570,10000.0
571,10000.0
572,10000.0
573,10000.0
574,10000.0
575,10000.0
576,10000.0
577,10000.0
578,10000.0
579,10000.0
580,10000.0
581,10000.0
582,10000.0
583,10000.0
584,10000.0
585,10000.0
586,10000.0
587,10000.0
588,10000.0
589,10000.0
590,10000.0
591,10000.0
592,10000.0
593,10000.0
594,10000.0
595,10000.0
596,10000.0
597,10000.0
598,10000.0
599,10000.0
600,10000.0
601,10000.0
602,10000.0
603,10000.0
604,10000.0
605,10000.0
606,10000.0
607,10000.0
608,10000.0
609,10000.0
610,10000.0
611,10000.0
612,10000.0
613,10000.0
614,10000.0
615,10000.0
616,10000.0
617,10000.0
618,10000.0
619,10000.0
620,10000.0
621,10000.0
622,10000.0
623,10000.0
624,10000.0
625,10000.0
626,10000.0
627,10000.0
628,10000.0
629,10000.0
630,10000.0
631,10000.0
632,10000.0
633,10000.0
634,10000.0
635,10000.0
636,10000.0
637,10000.0
638,10000.0
639,10000.0
640,10000.0
641,10000.0
642,10000.0
643,10000.0
644,10000.0
645,10000.0
646,10000.0
647,10000.0
648,10000.0
649,10000.0
650,10000.0
651,10000.0
652,10000.0
653,10000.0
654,10000.0
655,10000.0
656,10000.0
657,10000.0
658,10000.0
659,10000.0
660,10000.0
661,10000.0
662,10000.0
663,10000.0
664,10000.0
665,10000.0
666,10000.0
667,10000.0
668,10000.0
669,10000.0
670,10000.0
671,10000.0
672,10000.0
673,10000.0
674,10000.0
675,10000.0
676,10000.0
677,10000.0
678,10000.0
679,10000.0
680,10000.0
681,10000.0
682,10000.0
683,10000.0
684,10000.0
685,10000.0
686,10000.0
687,10000.0
688,10000.0
689,10000.0
690,10000.0
691,10000.0
692,10000.0
693,10000.0
694,10000.0
695,10000.0
696,10000.0
697,10000.0
698,10000.0
699,10000.0
700,10000.0
701,10000.0
702,10000.0
703,10000.0
704,10000.0
705,10000.0
706,10000.0
707,10000.0
708,10000.0
709,10000.0
710,10000.0
711,10000.0
712,10000.0
713,10000.0
714,10000.0
715,10000.0
716,10000.0
717,10000.0
718,10000.0
719,10000.0
720,10000.0
721,10000.0
722,10000.0
723,10000.0
724,10000.0
725,10000.0
726,10000.0
727,10000.0
728,10000.0
729,10000.0
730,10000.0
731,10000.0
732,10000.0
733,10000.0
734,10000.0
735,10000.0
736,10000.0
737,10000.0
738,10000.0
739,10000.0
740,10000.0
741,10000.0
742,10000.0
743,10000.0
744,10000.0
745,10000.0
746,10000.0
747,10000.0
748,10000.0
749,10000.0
750,10000.0
751,10000.0
752,10000.0
753,10000.0
754,10000.0
755,10000.0
756,10000.0
757,10000.0
758,10000.0
759,10000.0
760,10000.0
761,10000.0
762,10000.0
763,10000.0
764,10000.0
765,10000.0
766,10000.0
767,10000.0
768,10000.0
769,10000.0
770,10000.0
771,10000.0
772,10000.0
773,10000.0
774,10000.0
775,10000.0
776,10000.0
777,10000.0
778,10000.0
779,10000.0
780,10000.0
781,10000.0
782,10000.0
783,10000.0
784,10000.0
785,10000.0
786,10000.0
787,10000.0
788,10000.0
789,10000.0
790,10000.0
791,10000.0
792,10000.0
793,10000.0
794,10000.0
795,10000.0
796,10000.0
797,10000.0
798,10000.0
799,10000.0
800,10000.0
801,10000.0
802,10000.0
803,10000.0
804,10000.0
805,10000.0
806,10000.0
807,10000.0
808,10000.0
809,10000.0
810,10000.0
811,10000.0
812,10000.0
813,10000.0
814,10000.0
815,10000.0
816,10000.0
817,10000.0
818,10000.0
819,10000.0
820,10000.0
821,10000.0
822,10000.0
823,10000.0
824,10000.0
825,10000.0
826,10000.0
827,10000.0
828,10000.0
829,10000.0
830,10000.0
831,10000.0
832,10000.0
833,10000.0
834,10000.0
835,10000.0
836,10000.0
837,10000.0
838,10000.0
839,10000.0
840,10000.0
841,10000.0
842,10000.0
843,10000.0
844,10000.0
845,10000.0
846,10000.0
847,10000.0
848,10000.0
849,10000.0
850,10000.0
851,10000.0
852,10000.0
853,10000.0
854,10000.0
855,10000.0
856,10000.0
857,10000.0
858,10000.0
859,10000.0
860,10000.0
861,10000.0
862,10000.0
863,10000.0
864,10000.0
865,10000.0
866,10000.0
867,10000.0
868,10000.0
869,10000.0
870,10000.0
871,10000.0
872,10000.0
873,10000.0
874,10000.0
875,10000.0
876,10000.0
877,10000.0
878,10000.0
879,10000.0
880,10000.0
881,10000.0
882,10000.0
883,10000.0
884,10000.0
885,10000.0
886,10000.0
887,10000.0
888,10000.0
889,10000.0
890,10000.0
891,10000.0
892,10000.0
893,10000.0
894,10000.0
895,10000.0
896,10000.0
897,10000.0
898,10000.0
899,10000.0
900,10000.0
901,10000.0
902,10000.0
903,10000.0
904,10000.0
905,10000.0
906,10000.0
907,10000.0
908,10000.0
909,10000.0
910,10000.0
911,10000.0
912,10000.0
913,10000.0
914,10000.0
915,10000.0
916,10000.0
917,10000.0
918,10000.0
919,10000.0
920,10000.0
921,10000.0
922,10000.0
923,10000.0
924,10000.0
925,10000.0
926,10000.0
927,10000.0
928,10000.0
929,10000.0
930,10000.0
931,10000.0
932,10000.0
933,10000.0
934,10000.0
935,10000.0
936,10000.0
937,10000.0
938,10000.0
939,10000.0
940,10000.0
941,10000.0
942,10000.0
943,10000.0
944,10000.0
945,10000.0
946,10000.0
947,10000.0
948,10000.0
949,10000.0
950,10000.0
951,10000.0
952,10000.0
953,10000.0
954,10000.0
955,10000.0
956,10000.0
957,10000.0
958,10000.0
959,10000.0
960,10000.0
961,10000.0
962,10000.0
963,10000.0
964,10000.0
965,10000.0
966,10000.0
967,10000.0
968,10000.0
969,10000.0
970,10000.0
971,10000.0
972,10000.0
973,10000.0
974,10000.0
975,10000.0
976,10000.0
977,10000.0
978,10000.0
979,10000.0
980,10000.0
981,10000.0
982,10000.0
983,10000.0
984,10000.0
985,10000.0
986,10000.0
987,10000.0
988,10000.0
989,10000.0
990,10000.0
991,10000.0
992,10000.0
993,10000.0
994,10000.0
995,10000.0
996,10000.0
997,10000.0
998,10000.0
999,10000.0
1000,10000.0
1001,10000.0
1002,10000.0
1003,10000.0
1004,10000.0
1005,10000.0
1006,10000.0
1007,10000.0
1008,10000.0
1009,10000.0
1010,10000.0
1011,10000.0
1012,10000.0
1013,10000.0
1014,10000.0
1015,10000.0
1016,10000.0
1017,10000.0
1018,10000.0
1019,10000.0
1020,10000.0
1021,10000.0
1022,10000.0
1023,10000.0
1024,10000.0
1025,10000.0
1026,10000.0
1027,10000.0
1028,10000.0
1029,10000.0
1030,10000.0
1031,10000.0
1032,10000.0
1033,10000.0
1034,10000.0
1035,10000.0
1036,10000.0
1037,10000.0
1038,10000.0
1039,10000.0
1040,10000.0
1041,10000.0
1042,10000.0
1043,10000.0
1044,10000.0
1045,10000.0
1046,10000.0
1047,10000.0
1048,10000.0
1049,10000.0
1050,10000.0
1051,10000.0
1052,10000.0
1053,10000.0
1054,10000.0
1055,10000.0
1056,10000.0
1057,10000.0
1058,10000.0
1059,10000.0
1060,10000.0
1061,10000.0
1062,10000.0
1063,10000.0
1064,10000.0
1065,10000.0
1066,10000.0
1067,10000.0
1068,10000.0
1069,10000.0
1070,10000.0
1071,10000.0
1072,10000.0
1073,10000.0
1074,10000.0
1075,10000.0
1076,10000.0
1077,10000.0
1078,10000.0
1079,10000.0
1080,10000.0
1081,10000.0
1082,10000.0
1083,10000.0
1084,10000.0
1085,10000.0
1086,10000.0
1087,10000.0
1088,10000.0
1089,10000.0
1090,10000.0
1091,10000.0
1092,10000.0
1093,10000.0
1094,10000.0
1095,10000.0
1096,10000.0
1097,10000.0
1098,10000.0
1099,10000.0
1100,10000.0
1101,10000.0
1102,10000.0
1103,10000.0
1104,10000.0
1105,10000.0
1106,10000.0
1107,10000.0
1108,10000.0
1109,10000.0
1110,10000.0
1111,10000.0
1112,10000.0
1113,10000.0
1114,10000.0
1115,10000.0
1116,10000.0
1117,10000.0
1118,10000.0
1119,10000.0
1120,10000.0
1121,10000.0
1122,10000.0
1123,10000.0
1124,10000.0
1125,10000.0
1126,10000.0
1127,10000.0
1128,10000.0
1129,10000.0
1130,10000.0
1131,10000.0
1132,10000.0
1133,10000.0
1134,10000.0
1135,10000.0
1136,10000.0
1137,10000.0
1138,10000.0
1139,10000.0
1140,10000.0
1141,10000.0
1142,10000.0
1143,10000.0
1144,10000.0
1145,10000.0
1146,10000.0
1147,10000.0
1148,10000.0
1149,10000.0
1150,10000.0
1151,10000.0
1152,10000.0
1153,10000.0
1154,10000.0
1155,10000.0
1156,10000.0
1157,10000.0
1158,10000.0
1159,10000.0
1160,10000.0
1161,10000.0
1162,10000.0
1163,10000.0
1164,10000.0
1165,10000.0
1166,10000.0
1167,10000.0
1168,10000.0
1169,10000.0
1170,10000.0
1171,10000.0
1172,10000.0
1173,10000.0
1174,10000.0
1175,10000.0
1176,10000.0
1177,10000.0
1178,10000.0
1179,10000.0
1180,10000.0
1181,10000.0
1182,10000.0
1183,10000.0
1184,10000.0
1185,10000.0
1186,10000.0
1187,10000.0
1188,10000.0
1189,10000.0
1190,10000.0
1191,10000.0
1192,10000.0
1193,10000.0
1194,10000.0
1195,10000.0
1196,10000.0
1197,10000.0
1198,10000.0
1199,10000.0
1200,10000.0
1201,10000.0
1202,10000.0
1203,10000.0
1204,10000.0
1205,10000.0
1206,10000.0
1207,10000.0
1208,10000.0
1209,10000.0
1210,10000.0
1211,10000.0
1212,10000.0
1213,10000.0
1214,10000.0
1215,10000.0
1216,10000.0
1217,10000.0
1218,10000.0
1219,10000.0
1220,10000.0
1221,10000.0
1222,10000.0
1223,10000.0
1224,10000.0
1225,10000.0
1226,10000.0
1227,10000.0
1228,10000.0
1229,10000.0
1230,10000.0
1231,10000.0
1232,10000.0
1233,10000.0
1234,10000.0
1235,10000.0
1236,10000.0
1237,10000.0
1238,10000.0
1239,10000.0
1240,10000.0
1241,10000.0
1242,10000.0
1243,10000.0
1244,10000.0
1245,10000.0
1246,10000.0
1247,10000.0
1248,10000.0
1249,10000.0
1250,10000.0
1251,10000.0
1252,10000.0
1253,10000.0
1254,10000.0
1255,10000.0
1256,10000.0
1257,10000.0
1258,10000.0
1259,10000.0
1260,10000.0
1261,10000.0
1262,10000.0
1263,10000.0
1264,10000.0
1265,10000.0
1266,10000.0
1267,10000.0
1268,10000.0
1269,10000.0
1270,10000.0
1271,10000.0
1272,10000.0
1273,10000.0
1274,10000.0
1275,10000.0
1276,10000.0
1277,10000.0
1278,10000.0
1279,10000.0
1280,10000.0
1281,10000.0
1282,10000.0
1283,10000.0
1284,10000.0
1285,10000.0
1286,10000.0
1287,10000.0
1288,10000.0
1289,10000.0
1290,10000.0
1291,10000.0
1292,10000.0
1293,10000.0
1294,10000.0
1295,10000.0
1296,10000.0
1297,10000.0
1298,10000.0
1299,10000.0
1300,10000.0
1301,10000.0
1302,10000.0
1303,10000.0
1304,10000.0
1305,10000.0
1306,10000.0
1307,10000.0
1308,10000.0
1309,10000.0
1310,10000.0
1311,10000.0
1312,10000.0
1313,10000.0
1314,10000.0
1315,10000.0
1316,10000.0
1317,10000.0
1318,10000.0
1319,10000.0
1320,10000.0
1321,10000.0
1322,10000.0
1323,10000.0
1324,10000.0
1325,10000.0
1326,10000.0
1327,10000.0
1328,10000.0
1329,10000.0
1330,10000.0
1331,10000.0
1332,10000.0
1333,10000.0
1334,10000.0
1335,10000.0
1336,10000.0
1337,10000.0
1338,10000.0
1339,10000.0
1340,10000.0
1341,10000.0
1342,10000.0
1343,10000.0
1344,10000.0
1345,10000.0
1346,10000.0
1347,10000.0
1348,10000.0
1349,10000.0
1350,10000.0
1351,10000.0
1352,10000.0
1353,10000.0
1354,10000.0
1355,10000.0
1356,10000.0
1357,10000.0
1358,10000.0
1359,10000.0
1360,10000.0
1361,10000.0
1362,10000.0
1363,10000.0
1364,10000.0
1365,10000.0
1366,10000.0
1367,10000.0
1368,10000.0
1369,10000.0
1370,10000.0
1371,10000.0
1372,10000.0
1373,10000.0
1374,10000.0
1375,10000.0
1376,10000.0
1377,10000.0
1378,10000.0
1379,10000.0
1380,10000.0
1381,10000.0
1382,10000.0
1383,10000.0
1384,10000.0
1385,10000.0
1386,10000.0
1387,10000.0
1388,10000.0
1389,10000.0
1390,10000.0
1391,10000.0
1392,10000.0
1393,10000.0
1394,10000.0
1395,10000.0
1396,10000.0
1397,10000.0
1398,10000.0
1399,10000.0
1400,10000.0
1401,10000.0
1402,10000.0
1403,10000.0
1404,10000.0
1405,10000.0
1406,10000.0
1407,10000.0
1408,10000.0
1409,10000.0
1410,10000.0
1411,10000.0
1412,10000.0
1413,10000.0
1414,10000.0
1415,10000.0
1416,10000.0
1417,10000.0
1418,10000.0
1419,10000.0
1420,10000.0
1421,10000.0
1422,10000.0
1423,10000.0
1424,10000.0
1425,10000.0
1426,10000.0
1427,10000.0
1428,10000.0
1429,10000.0
1430,10000.0
1431,10000.0
1432,10000.0
1433,10000.0
1434,10000.0
1435,10000.0
1436,10000.0
1437,10000.0
1438,10000.0
1439,10000.0
1440,10000.0
1441,10000.0
1442,10000.0
1443,10000.0
1444,10000.0
1445,10000.0
1446,10000.0
1447,10000.0
1448,10000.0
1449,10000.0
1450,10000.0
1451,10000.0
1452,10000.0
1453,10000.0
1454,10000.0
1455,10000.0
1456,10000.0
1457,10000.0
1458,10000.0
1459,10000.0
1460,10000.0
1461,10000.0
1462,10000.0
1463,10000.0
1464,10000.0
1465,10000.0
1466,10000.0
1467,10000.0
1468,10000.0
1469,10000.0
1470,10000.0
1471,10000.0
1472,10000.0
1473,10000.0
1474,10000.0
1475,10000.0
1476,10000.0
1477,10000.0
1478,10000.0
1479,10000.0
1480,10000.0
1481,10000.0
1482,10000.0
1483,10000.0
1484,10000.0
1485,10000.0
1486,10000.0
1487,10000.0
1488,10000.0
1489,10000.0
1490,10000.0
1491,10000.0
1492,10000.0
1493,10000.0
1494,10000.0
1495,10000.0
1496,10000.0
1497,10000.0
1498,10000.0
1499,10000.0
1500,10000.0
1501,10000.0
1502,10000.0
1503,10000.0
1504,10000.0
1505,10000.0
1506,10000.0
1507,10000.0
1508,10000.0
1509,10000.0
1510,10000.0
1511,10000.0
1512,10000.0
1513,10000.0
1514,10000.0
1515,10000.0
1516,10000.0
1517,10000.0
1518,10000.0
1519,10000.0
1520,10000.0
1521,10000.0
1522,10000.0
1523,10000.0
1524,10000.0
1525,10000.0
1526,10000.0
1527,10000.0
1528,10000.0
1529,10000.0
1530,10000.0
1531,10000.0
1532,10000.0
1533,10000.0
1534,10000.0
1535,10000.0
1536,10000.0
1537,10000.0
1538,10000.0
1539,10000.0
1540,10000.0
1541,10000.0
1542,10000.0
1543,10000.0
1544,10000.0
1545,10000.0
1546,10000.0
1547,10000.0
1548,10000.0
1549,10000.0
1550,10000.0
1551,10000.0
1552,10000.0
1553,10000.0
1554,10000.0
1555,10000.0
1556,10000.0
1557,10000.0
1558,10000.0
1559,10000.0
1560,10000.0
1561,10000.0
1562,10000.0
1563,10000.0
1564,10000.0
1565,10000.0
1566,10000.0
1567,10000.0
1568,10000.0
1569,10000.0
1570,10000.0
1571,10000.0
1572,10000.0
1573,10000.0
1574,10000.0
1575,10000.0
1576,10000.0
1577,10000.0
1578,10000.0
1579,10000.0
1580,10000.0
1581,10000.0
1582,10000.0
1583,10000.0
1584,10000.0
1585,10000.0
1586,10000.0
1587,10000.0
1588,10000.0
1589,10000.0
1590,10000.0
1591,10000.0
1592,10000.0
1593,10000.0
1594,10000.0
1595,10000.0
1596,10000.0
1597,10000.0
1598,10000.0
1599,10000.0
1600,10000.0
1601,10000.0
1602,10000.0
1603,10000.0
1604,10000.0
1605,10000.0
1606,10000.0
1607,10000.0
1608,10000.0
1609,10000.0
1610,10000.0
1611,10000.0
1612,10000.0
1613,10000.0
1614,10000.0
1615,10000.0
1616,10000.0
1617,10000.0
1618,10000.0
1619,10000.0
1620,10000.0
1621,10000.0
1622,10000.0
1623,10000.0
1624,10000.0
1625,10000.0
1626,10000.0
1627,10000.0
1628,10000.0
1629,10000.0
1630,10000.0
1631,10000.0
1632,10000.0
1633,10000.0
1634,10000.0
1635,10000.0
1636,10000.0
1637,10000.0
1638,10000.0
1639,10000.0
1640,10000.0
1641,10000.0
1642,10000.0
1643,10000.0
1644,10000.0
1645,10000.0
1646,10000.0
1647,10000.0
1648,10000.0
1649,10000.0
1650,10000.0
1651,10000.0
1652,10000.0
1653,10000.0
1654,10000.0
1655,10000.0
1656,10000.0
1657,10000.0
1658,10000.0
1659,10000.0
1660,10000.0
1661,10000.0
1662,10000.0
1663,10000.0
1664,10000.0
1665,10000.0
1666,10000.0
1667,10000.0
1668,10000.0
1669,10000.0
1670,10000.0
1671,10000.0
1672,10000.0
1673,10000.0
1674,10000.0
1675,10000.0
1676,10000.0
1677,10000.0
1678,10000.0
1679,10000.0
1680,10000.0
1681,10000.0
1682,10000.0
1683,10000.0
1684,10000.0
1685,10000.0
1686,10000.0
1687,10000.0
1688,10000.0
1689,10000.0
1690,10000.0
1691,10000.0
1692,10000.0
1693,10000.0
1694,10000.0
1695,10000.0
1696,10000.0
1697,10000.0
1698,10000.0
1699,10000.0
1700,10000.0
1701,10000.0
1702,10000.0
1703,10000.0
1704,10000.0
1705,10000.0
1706,10000.0
1707,10000.0
1708,10000.0
1709,10000.0
1710,10000.0
1711,10000.0
1712,10000.0
1713,10000.0
1714,10000.0
1715,10000.0
1716,10000.0
1717,10000.0
1718,10000.0
1719,10000.0
1720,10000.0
1721,10000.0
1722,10000.0
1723,10000.0
1724,10000.0
1725,10000.0
1726,10000.0
1727,10000.0
1728,10000.0
1729,10000.0
1730,10000.0
1731,10000.0
1732,10000.0
1733,10000.0
1734,10000.0
1735,10000.0
1736,10000.0
1737,10000.0
1738,10000.0
1739,10000.0
1740,10000.0
1741,10000.0
1742,10000.0
1743,10000.0
1744,10000.0
1745,10000.0
1746,10000.0
1747,10000.0
1748,10000.0
1749,10000.0
1750,10000.0
1751,10000.0
1752,10000.0
1753,10000.0
1754,10000.0
1755,10000.0
1756,10000.0
1757,10000.0
1758,10000.0
1759,10000.0
1760,10000.0
1761,10000.0
1762,10000.0
1763,10000.0
1764,10000.0
1765,10000.0
1766,10000.0
1767,10000.0
1768,10000.0
1769,10000.0
1770,10000.0
1771,10000.0
1772,10000.0
1773,10000.0
1774,10000.0
1775,10000.0
1776,10000.0
1777,10000.0
1778,10000.0
1779,10000.0
1780,10000.0
1781,10000.0
1782,10000.0
1783,10000.0
1784,10000.0
1785,10000.0
1786,10000.0
1787,10000.0
1788,10000.0
1789,10000.0
1790,10000.0
1791,10000.0
1792,10000.0
1793,10000.0
1794,10000.0
1795,10000.0
1796,10000.0
1797,10000.0
1798,10000.0
1799,10000.0
1800,10000.0
1801,10000.0
1802,10000.0
1803,10000.0
1804,10000.0
1805,10000.0
1806,10000.0
1807,10000.0
1808,10000.0
1809,10000.0
1810,10000.0
1811,10000.0
1812,10000.0
1813,10000.0
1814,10000.0
1815,10000.0
1816,10000.0
1817,10000.0
1818,10000.0
1819,10000.0
1820,10000.0
1821,10000.0
1822,10000.0
1823,10000.0
1824,10000.0
1825,10000.0
1826,10000.0
1827,10000.0
1828,10000.0
1829,10000.0
1830,10000.0
1831,10000.0
1832,10000.0
1833,10000.0
1834,10000.0
1835,10000.0
1836,10000.0
1837,10000.0
1838,10000.0
1839,10000.0
1840,10000.0
1841,10000.0
1842,10000.0
1843,10000.0
1844,10000.0
1845,10000.0
1846,10000.0
1847,10000.0
1848,10000.0
1849,10000.0
1850,10000.0
1851,10000.0
1852,10000.0
1853,10000.0
1854,10000.0
1855,10000.0
1856,10000.0
1857,10000.0
1858,10000.0
1859,10000.0
1860,10000.0
1861,10000.0
1862,10000.0
1863,10000.0
1864,10000.0
1865,10000.0
1866,10000.0
1867,10000.0
1868,10000.0
1869,10000.0
1870,10000.0
1871,10000.0
1872,10000.0
1873,10000.0
1874,10000.0
1875,10000.0
1876,10000.0
1877,10000.0
1878,10000.0
1879,10000.0
1880,10000.0
1881,10000.0
1882,10000.0
1883,10000.0
1884,10000.0
1885,10000.0
1886,10000.0
1887,10000.0
1888,10000.0
1889,10000.0
1890,10000.0
1891,10000.0
1892,10000.0
1893,10000.0
1894,10000.0
1895,10000.0
1896,10000.0
1897,10000.0
1898,10000.0
1899,10000.0
1900,10000.0
1901,10000.0
1902,10000.0
1903,10000.0
1904,10000.0
1905,10000.0
1906,10000.0
1907,10000.0
1908,10000.0
1909,10000.0
1910,10000.0
1911,10000.0
1912,10000.0
1913,10000.0
1914,10000.0
1915,10000.0
1916,10000.0
1917,10000.0
1918,10000.0
1919,10000.0
1920,10000.0
1921,10000.0
1922,10000.0
1923,10000.0
1924,10000.0
1925,10000.0
1926,10000.0
1927,10000.0
1928,10000.0
1929,10000.0
1930,10000.0
1931,10000.0
1932,10000.0
1933,10000.0
1934,10000.0
1935,10000.0
1936,10000.0
1937,10000.0
1938,10000.0
1939,10000.0
1940,10000.0
1941,10000.0
1942,10000.0
1943,10000.0
1944,10000.0
1945,10000.0
1946,10000.0
1947,10000.0
1948,10000.0
1949,10000.0
1950,10000.0
1951,10000.0
1952,10000.0
1953,10000.0
1954,10000.0
1955,10000.0
1956,10000.0
1957,10000.0
1958,10000.0
1959,10000.0
1960,10000.0
1961,10000.0
1962,10000.0
1963,10000.0
1964,10000.0
1965,10000.0
1966,10000.0
1967,10000.0
1968,10000.0
1969,10000.0
1970,10000.0
1971,10000.0
1972,10000.0
1973,10000.0
1974,10000.0
1975,10000.0
1976,10000.0
1977,10000.0
1978,10000.0
1979,10000.0
1980,10000.0
1981,10000.0
1982,10000.0
1983,10000.0
1984,10000.0
1985,10000.0
1986,10000.0
1987,10000.0
1988,10000.0
1989,10000.0
1990,10000.0
1991,10000.0
1992,10000.0
1993,10000.0
1994,10000.0
1995,10000.0
1996,10000.0
1997,10000.0
1998,10000.0
1999,10000.0
2000,10000.0
2001,10000.0
2002,10000.0
2003,10000.0
2004,10000.0
2005,10000.0
2006,10000.0
2007,10000.0
2008,10000.0
2009,10000.0
2010,10000.0
2011,10000.0
2012,10000.0
2013,10000.0
2014,10000.0
2015,10000.0
2016,10000.0
2017,10000.0
2018,10000.0
2019,10000.0
2020,10000.0
2021,10000.0
2022,10000.0
2023,10000.0
2024,10000.0
2025,10000.0
2026,10000.0
2027,10000.0
2028,10000.0
2029,10000.0
2030,10000.0
2031,10000.0
2032,10000.0
2033,10000.0
2034,10000.0
2035,10000.0
2036,10000.0
2037,10000.0
2038,10000.0
2039,10000.0
2040,10000.0
2041,10000.0
2042,10000.0
2043,10000.0
2044,10000.0
2045,10000.0
2046,10000.0
2047,10000.0
2048,10000.0
2049,10000.0
2050,10000.0
2051,10000.0
2052,10000.0
2053,10000.0
2054,10000.0
2055,10000.0
2056,10000.0
2057,10000.0
2058,10000.0
2059,10000.0
2060,10000.0
2061,10000.0
2062,10000.0
2063,10000.0
2064,10000.0
2065,10000.0
2066,10000.0
2067,10000.0
2068,10000.0
2069,10000.0
2070,10000.0
2071,10000.0
2072,10000.0
2073,10000.0
2074,10000.0
2075,10000.0
2076,10000.0
2077,10000.0
2078,10000.0
2079,10000.0
2080,10000.0
2081,10000.0
2082,10000.0
2083,10000.0
2084,10000.0
2085,10000.0
2086,10000.0
2087,10000.0
2088,10000.0
2089,10000.0
2090,10000.0
2091,10000.0
2092,10000.0
2093,10000.0
2094,10000.0
2095,10000.0
2096,10000.0
2097,10000.0
2098,10000.0
2099,10000.0
2100,10000.0
2101,10000.0
2102,10000.0
2103,10000.0
2104,10000.0
2105,10000.0
2106,10000.0
2107,10000.0
2108,10000.0
2109,10000.0
2110,10000.0
2111,10000.0
2112,10000.0
2113,10000.0
2114,10000.0
2115,10000.0
2116,10000.0
2117,10000.0
2118,10000.0
2119,10000.0
2120,10000.0
2121,10000.0
2122,10000.0
2123,10000.0
2124,10000.0
2125,10000.0
2126,10000.0
2127,10000.0
2128,10000.0
2129,10000.0
2130,10000.0
2131,10000.0
2132,10000.0
2133,10000.0
2134,10000.0
2135,10000.0
2136,10000.0
2137,10000.0
2138,10000.0
2139,10000.0
2140,10000.0
2141,10000.0
2142,10000.0
2143,10000.0
2144,10000.0
2145,10000.0
2146,10000.0
2147,10000.0
2148,10000.0
2149,10000.0
2150,10000.0
2151,10000.0
2152,10000.0
2153,10000.0
2154,10000.0
2155,10000.0
2156,10000.0
2157,10000.0
2158,10000.0
2159,10000.0
2160,10000.0
2161,10000.0
2162,10000.0
2163,10000.0
2164,10000.0
2165,10000.0
2166,10000.0
2167,10000.0
2168,10000.0
2169,10000.0
2170,10000.0
2171,10000.0
2172,10000.0
2173,10000.0
2174,10000.0
2175,10000.0
2176,10000.0
2177,10000.0
2178,10000.0
2179,10000.0
2180,10000.0
2181,10000.0
2182,10000.0
2183,10000.0
2184,10000.0
2185,10000.0
2186,10000.0
2187,10000.0
2188,10000.0
2189,10000.0
2190,10000.0
2191,10000.0
2192,10000.0
2193,10000.0
2194,10000.0
2195,10000.0
2196,10000.0
2197,10000.0
2198,10000.0
2199,10000.0
2200,10000.0
2201,10000.0
2202,10000.0
2203,10000.0
2204,10000.0
2205,10000.0
2206,10000.0
2207,10000.0
2208,10000.0
2209,10000.0
2210,10000.0
2211,10000.0
2212,10000.0
2213,10000.0
2214,10000.0
2215,10000.0
2216,10000.0
2217,10000.0
2218,10000.0
2219,10000.0
2220,10000.0
2221,10000.0
2222,10000.0
2223,10000.0
2224,10000.0
2225,10000.0
2226,10000.0
2227,10000.0
2228,10000.0
2229,10000.0
2230,10000.0
2231,10000.0
2232,10000.0
2233,10000.0
2234,10000.0
2235,10000.0
2236,10000.0
2237,10000.0
2238,10000.0
2239,10000.0
2240,10000.0
2241,10000.0
2242,10000.0
2243,10000.0
2244,10000.0
2245,10000.0
2246,10000.0
2247,10000.0
2248,10000.0
2249,10000.0
2250,10000.0
2251,10000.0
2252,10000.0
2253,10000.0
2254,10000.0
2255,10000.0
2256,10000.0
2257,10000.0
2258,10000.0
2259,10000.0
2260,10000.0
2261,10000.0
2262,10000.0
2263,10000.0
2264,10000.0
2265,10000.0
2266,10000.0
2267,10000.0
2268,10000.0
2269,10000.0
2270,10000.0
2271,10000.0
2272,10000.0
2273,10000.0
2274,10000.0
2275,10000.0
2276,10000.0
2277,10000.0
2278,10000.0
2279,10000.0
2280,10000.0
2281,10000.0
2282,10000.0
2283,10000.0
2284,10000.0
2285,10000.0
2286,10000.0
2287,10000.0
2288,10000.0
2289,10000.0
2290,10000.0
2291,10000.0
2292,10000.0
2293,10000.0
2294,10000.0
2295,10000.0
2296,10000.0
2297,10000.0
2298,10000.0
2299,10000.0
2300,10000.0
2301,10000.0
2302,10000.0
2303,10000.0
2304,10000.0
2305,10000.0
2306,10000.0
2307,10000.0
2308,10000.0
2309,10000.0
2310,10000.0
2311,10000.0
2312,10000.0
2313,10000.0
2314,10000.0
2315,10000.0
2316,10000.0
2317,10000.0
2318,10000.0
2319,10000.0
2320,10000.0
2321,10000.0
2322,10000.0
2323,10000.0
2324,10000.0
2325,10000.0
2326,10000.0
2327,10000.0
2328,10000.0
2329,10000.0
2330,10000.0
2331,10000.0
2332,10000.0
2333,10000.0
2334,10000.0
2335,10000.0
2336,10000.0
2337,10000.0
2338,10000.0
2339,10000.0
2340,10000.0
2341,10000.0
2342,10000.0
2343,10000.0
2344,10000.0
2345,10000.0
2346,10000.0
2347,10000.0
2348,10000.0
2349,10000.0
2350,10000.0
2351,10000.0
2352,10000.0
2353,10000.0
2354,10000.0
2355,10000.0
2356,10000.0
2357,10000.0
2358,10000.0
2359,10000.0
2360,10000.0
2361,10000.0
2362,10000.0
2363,10000.0
2364,10000.0
2365,10000.0
2366,10000.0
2367,10000.0
2368,10000.0
2369,10000.0
2370,10000.0
2371,10000.0
2372,10000.0
2373,10000.0
2374,10000.0
2375,10000.0
2376,10000.0
2377,10000.0
2378,10000.0
2379,10000.0
2380,10000.0
2381,10000.0
2382,10000.0
2383,10000.0
2384,10000.0
2385,10000.0
2386,10000.0
2387,10000.0
2388,10000.0
2389,10000.0
2390,10000.0
2391,10000.0
2392,10000.0
2393,10000.0
2394,10000.0
2395,10000.0
2396,10000.0
2397,10000.0
2398,10000.0
2399,10000.0
2400,10000.0
2401,10000.0
2402,10000.0
2403,10000.0
2404,10000.0
2405,10000.0
2406,10000.0
2407,10000.0
2408,10000.0
2409,10000.0
2410,10000.0
2411,10000.0
2412,10000.0
2413,10000.0
2414,10000.0
2415,10000.0
2416,10000.0
2417,10000.0
2418,10000.0
2419,10000.0
2420,10000.0
2421,10000.0
2422,10000.0
2423,10000.0
2424,10000.0
2425,10000.0
2426,10000.0
2427,10000.0
2428,10000.0
2429,10000.0
2430,10000.0
2431,10000.0
2432,10000.0
2433,10000.0
2434,10000.0
2435,10000.0
2436,10000.0
2437,10000.0
2438,10000.0
2439,10000.0
2440,10000.0
2441,10000.0
2442,10000.0
2443,10000.0
2444,10000.0
2445,10000.0
2446,10000.0
2447,10000.0
2448,10000.0
2449,10000.0
2450,10000.0
2451,10000.0
2452,10000.0
2453,10000.0
2454,10000.0
2455,10000.0
2456,10000.0
2457,10000.0
2458,10000.0
2459,10000.0
2460,10000.0
2461,10000.0
2462,10000.0
2463,10000.0
2464,10000.0
2465,10000.0
2466,10000.0
2467,10000.0
2468,10000.0
2469,10000.0
2470,10000.0
2471,10000.0
2472,10000.0
2473,10000.0
2474,10000.0
2475,10000.0
2476,10000.0
2477,10000.0
2478,10000.0
2479,10000.0
2480,10000.0
2481,10000.0
2482,10000.0
2483,10000.0
2484,10000.0
2485,10000.0
2486,10000.0
2487,10000.0
2488,10000.0
2489,10000.0
2490,10000.0
2491,10000.0
2492,10000.0
2493,10000.0
2494,10000.0
2495,10000.0
2496,10000.0
2497,10000.0
2498,10000.0
2499,10000.0
2500,10000.0
2501,10000.0
2502,10000.0
2503,10000.0
2504,10000.0
2505,10000.0
2506,10000.0
2507,10000.0
2508,10000.0
2509,10000.0
2510,10000.0
2511,10000.0
2512,10000.0
2513,10000.0
2514,10000.0
2515,10000.0
2516,10000.0
2517,10000.0
2518,10000.0
2519,10000.0
2520,10000.0
2521,10000.0
2522,10000.0
2523,10000.0
2524,10000.0
2525,10000.0
2526,10000.0
2527,10000.0
2528,10000.0
2529,10000.0
2530,10000.0
2531,10000.0
2532,10000.0
2533,10000.0
2534,10000.0
2535,10000.0
2536,10000.0
2537,10000.0
2538,10000.0
2539,10000.0
2540,10000.0
2541,10000.0
2542,10000.0
2543,10000.0
2544,10000.0
2545,10000.0
2546,10000.0
2547,10000.0
2548,10000.0
2549,10000.0
2550,10000.0
2551,10000.0
2552,10000.0
2553,10000.0
2554,10000.0
2555,10000.0
2556,10000.0
2557,10000.0
2558,10000.0
2559,10000.0
2560,10000.0
2561,10000.0
2562,10000.0
2563,10000.0
2564,10000.0
2565,10000.0
2566,10000.0
2567,10000.0
2568,10000.0
2569,10000.0
2570,10000.0
2571,10000.0
2572,10000.0
2573,10000.0
2574,10000.0
2575,10000.0
2576,10000.0
2577,10000.0
2578,10000.0
2579,10000.0
2580,10000.0
2581,10000.0
2582,10000.0
2583,10000.0
2584,10000.0
2585,10000.0
2586,10000.0
2587,10000.0
2588,10000.0
2589,10000.0
2590,10000.0
2591,10000.0
2592,10000.0
2593,10000.0
2594,10000.0
2595,10000.0
2596,10000.0
2597,10000.0
2598,10000.0
2599,10000.0
2600,10000.0
2601,10000.0
2602,10000.0
2603,10000.0
2604,10000.0
2605,10000.0
2606,10000.0
2607,10000.0
2608,10000.0
2609,10000.0
2610,10000.0
2611,10000.0
2612,10000.0
2613,10000.0
2614,10000.0
2615,10000.0
2616,10000.0
2617,10000.0
2618,10000.0
2619,10000.0
2620,10000.0
2621,10000.0
2622,10000.0
2623,10000.0
2624,10000.0
2625,10000.0
2626,10000.0
2627,10000.0
2628,10000.0
2629,10000.0
2630,10000.0
2631,10000.0
2632,10000.0
2633,10000.0
2634,10000.0
2635,10000.0
2636,10000.0
2637,10000.0
2638,10000.0
2639,10000.0
2640,10000.0
2641,10000.0
2642,10000.0
2643,10000.0
2644,10000.0
2645,10000.0
2646,10000.0
2647,10000.0
2648,10000.0
2649,10000.0
2650,10000.0
2651,10000.0
2652,10000.0
2653,10000.0
2654,10000.0
2655,10000.0
2656,10000.0
2657,10000.0
2658,10000.0
2659,10000.0
2660,10000.0
2661,10000.0
2662,10000.0
2663,10000.0
2664,10000.0
2665,10000.0
2666,10000.0
2667,10000.0
2668,10000.0
2669,10000.0
2670,10000.0
2671,10000.0
2672,10000.0
2673,10000.0
2674,10000.0
2675,10000.0
2676,10000.0
2677,10000.0
2678,10000.0
2679,10000.0
2680,10000.0
2681,10000.0
2682,10000.0
2683,10000.0
2684,10000.0
2685,10000.0
2686,10000.0
2687,10000.0
2688,10000.0
2689,10000.0
2690,10000.0
2691,10000.0
2692,10000.0
2693,10000.0
2694,10000.0
2695,10000.0
2696,10000.0
2697,10000.0
2698,10000.0
2699,10000.0
2700,10000.0
2701,10000.0
2702,10000.0
2703,10000.0
2704,10000.0
2705,10000.0
2706,10000.0
2707,10000.0
2708,10000.0
2709,10000.0
2710,10000.0
2711,10000.0
2712,10000.0
2713,10000.0
2714,10000.0
2715,10000.0
2716,10000.0
2717,10000.0
2718,10000.0
2719,10000.0
2720,10000.0
2721,10000.0
2722,10000.0
2723,10000.0
2724,10000.0
2725,10000.0
2726,10000.0
2727,10000.0
2728,10000.0
2729,10000.0
2730,10000.0
2731,10000.0
2732,10000.0
2733,10000.0
2734,10000.0
2735,10000.0
2736,10000.0
2737,10000.0
2738,10000.0
2739,10000.0
2740,10000.0
2741,10000.0
2742,10000.0
2743,10000.0
2744,10000.0
2745,10000.0
2746,10000.0
2747,10000.0
2748,10000.0
2749,10000.0
2750,10000.0
2751,10000.0
2752,10000.0
2753,10000.0
2754,10000.0
2755,10000.0
2756,10000.0
2757,10000.0
2758,10000.0
2759,10000.0
2760,10000.0
2761,10000.0
2762,10000.0
2763,10000.0
2764,10000.0
2765,10000.0
2766,10000.0
2767,10000.0
2768,10000.0
2769,10000.0
2770,10000.0
2771,10000.0
2772,10000.0
2773,10000.0
2774,10000.0
2775,10000.0
2776,10000.0
2777,10000.0
2778,10000.0
2779,10000.0
2780,10000.0
2781,10000.0
2782,10000.0
2783,10000.0
2784,10000.0
2785,10000.0
2786,10000.0
2787,10000.0
2788,10000.0
2789,10000.0
2790,10000.0
2791,10000.0
2792,10000.0
2793,10000.0
2794,10000.0
2795,10000.0
2796,10000.0
2797,10000.0
2798,10000.0
2799,10000.0
2800,10000.0
2801,10000.0
2802,10000.0
2803,10000.0
2804,10000.0
2805,10000.0
2806,10000.0
2807,10000.0
2808,10000.0
2809,10000.0
2810,10000.0
2811,10000.0
2812,10000.0
2813,10000.0
2814,10000.0
2815,10000.0
2816,10000.0
2817,10000.0
2818,10000.0
2819,10000.0
2820,10000.0
2821,10000.0
2822,10000.0
2823,10000.0
2824,10000.0
2825,10000.0
2826,10000.0
2827,10000.0
2828,10000.0
2829,10000.0
2830,10000.0
2831,10000.0
2832,10000.0
2833,10000.0
2834,10000.0
2835,10000.0
2836,10000.0
2837,10000.0
2838,10000.0
2839,10000.0
2840,10000.0
2841,10000.0
2842,10000.0
2843,10000.0
2844,10000.0
2845,10000.0
2846,10000.0
2847,10000.0
2848,10000.0
2849,10000.0
2850,10000.0
2851,10000.0
2852,10000.0
2853,10000.0
2854,10000.0
2855,10000.0
2856,10000.0
2857,10000.0
2858,10000.0
2859,10000.0
2860,10000.0
2861,10000.0
2862,10000.0
2863,10000.0
2864,10000.0
2865,10000.0
2866,10000.0
2867,10000.0
2868,10000.0
2869,10000.0
2870,10000.0
2871,10000.0
2872,10000.0
2873,10000.0
2874,10000.0
2875,10000.0
2876,10000.0
2877,10000.0
2878,10000.0
2879,10000.0
2880,10000.0
2881,10000.0
2882,10000.0
2883,10000.0
2884,10000.0
2885,10000.0
2886,10000.0
2887,10000.0
2888,10000.0
2889,10000.0
2890,10000.0
2891,10000.0
2892,10000.0
2893,10000.0
2894,10000.0
2895,10000.0
2896,10000.0
2897,10000.0
2898,10000.0
2899,10000.0
2900,10000.0
2901,10000.0
2902,10000.0
2903,10000.0
2904,10000.0
2905,10000.0
2906,10000.0
2907,10000.0
2908,10000.0
2909,10000.0
2910,10000.0
2911,10000.0
2912,10000.0
2913,10000.0
2914,10000.0
2915,10000.0
2916,10000.0
2917,10000.0
2918,10000.0
2919,10000.0
2920,10000.0
2921,10000.0
2922,10000.0
2923,10000.0
2924,10000.0
2925,10000.0
2926,10000.0
2927,10000.0
2928,10000.0
2929,10000.0
2930,10000.0
2931,10000.0
2932,10000.0
2933,10000.0
2934,10000.0
2935,10000.0
2936,10000.0
2937,10000.0
2938,10000.0
2939,10000.0
2940,10000.0
2941,10000.0
2942,10000.0
2943,10000.0
2944,10000.0
2945,10000.0
2946,10000.0
2947,10000.0
2948,10000.0
2949,10000.0
2950,10000.0
2951,10000.0
2952,10000.0
2953,10000.0
2954,10000.0
2955,10000.0
2956,10000.0
2957,10000.0
2958,10000.0
2959,10000.0
2960,10000.0
2961,10000.0
2962,10000.0
2963,10000.0
2964,10000.0
2965,10000.0
2966,10000.0
2967,10000.0
2968,10000.0
2969,10000.0
2970,10000.0
2971,10000.0
2972,10000.0
2973,10000.0
2974,10000.0
2975,10000.0
2976,10000.0
2977,10000.0
2978,10000.0
2979,10000.0
2980,10000.0
2981,10000.0
2982,10000.0
2983,10000.0
2984,10000.0
2985,10000.0
2986,10000.0
2987,10000.0
2988,10000.0
2989,10000.0
2990,10000.0
2991,10000.0
2992,10000.0
2993,10000.0
2994,10000.0
2995,10000.0
2996,10000.0
2997,10000.0
2998,10000.0
2999,10000.0
3000,10000.0
3001,10000.0
3002,10000.0
3003,10000.0
3004,10000.0
3005,10000.0
3006,10000.0
3007,10000.0
3008,10000.0
3009,10000.0
3010,10000.0
3011,10000.0
3012,10000.0
3013,10000.0
3014,10000.0
3015,10000.0
3016,10000.0
3017,10000.0
3018,10000.0
3019,10000.0
3020,10000.0
3021,10000.0
3022,10000.0
3023,10000.0
3024,10000.0
3025,10000.0
3026,10000.0
3027,10000.0
3028,10000.0
3029,10000.0
3030,10000.0
3031,10000.0
3032,10000.0
3033,10000.0
3034,10000.0
3035,10000.0
3036,10000.0
3037,10000.0
3038,10000.0
3039,10000.0
3040,10000.0
3041,10000.0
3042,10000.0
3043,10000.0
3044,10000.0
3045,10000.0
3046,10000.0
3047,10000.0
3048,10000.0
3049,10000.0
3050,10000.0
3051,10000.0
3052,10000.0
3053,10000.0
3054,10000.0
3055,10000.0
3056,10000.0
3057,10000.0
3058,10000.0
3059,10000.0
3060,10000.0
3061,10000.0
3062,10000.0
3063,10000.0
3064,10000.0
3065,10000.0
3066,10000.0
3067,10000.0
3068,10000.0
3069,10000.0
3070,10000.0
3071,10000.0
3072,10000.0
3073,10000.0
3074,10000.0
3075,10000.0
3076,10000.0
3077,10000.0
3078,10000.0
3079,10000.0
3080,10000.0
3081,10000.0
3082,10000.0
3083,10000.0
3084,10000.0
3085,10000.0
3086,10000.0
3087,10000.0
3088,10000.0
3089,10000.0
3090,10000.0
3091,10000.0
3092,10000.0
3093,10000.0
3094,10000.0
3095,10000.0
3096,10000.0
3097,10000.0
3098,10000.0
3099,10000.0
3100,10000.0
3101,10000.0
3102,10000.0
3103,10000.0
3104,10000.0
3105,10000.0
3106,10000.0
3107,10000.0
3108,10000.0
3109,10000.0
3110,10000.0
3111,10000.0
3112,10000.0
3113,10000.0
3114,10000.0
3115,10000.0
3116,10000.0
3117,10000.0
3118,10000.0
3119,10000.0
3120,10000.0
3121,10000.0
3122,10000.0
3123,10000.0
3124,10000.0
3125,10000.0
3126,10000.0
3127,10000.0
3128,10000.0
3129,10000.0
3130,10000.0
3131,10000.0
3132,10000.0
3133,10000.0
3134,10000.0
3135,10000.0
3136,10000.0
3137,10000.0
3138,10000.0
3139,10000.0
3140,10000.0
3141,10000.0
3142,10000.0
3143,10000.0
3144,10000.0
3145,10000.0
3146,10000.0
3147,10000.0
3148,10000.0
3149,10000.0
3150,10000.0
3151,10000.0
3152,10000.0
3153,10000.0
3154,10000.0
3155,10000.0
3156,10000.0
3157,10000.0
3158,10000.0
3159,10000.0
3160,10000.0
3161,10000.0
3162,10000.0
3163,10000.0
3164,10000.0
3165,10000.0
3166,10000.0
3167,10000.0
3168,10000.0
3169,10000.0
3170,10000.0
3171,10000.0
3172,10000.0
3173,10000.0
3174,10000.0
3175,10000.0
3176,10000.0
3177,10000.0
3178,10000.0
3179,10000.0
3180,10000.0
3181,10000.0
3182,10000.0
3183,10000.0
3184,10000.0
3185,10000.0
3186,10000.0
3187,10000.0
3188,10000.0
3189,10000.0
3190,10000.0
3191,10000.0
3192,10000.0
3193,10000.0
3194,10000.0
3195,10000.0
3196,10000.0
3197,10000.0
3198,10000.0
3199,10000.0
3200,10000.0
3201,10000.0
3202,10000.0
3203,10000.0
3204,10000.0
3205,10000.0
3206,10000.0
3207,10000.0
3208,10000.0
3209,10000.0
3210,10000.0
3211,10000.0
3212,10000.0
3213,10000.0
3214,10000.0
3215,10000.0
3216,10000.0
3217,10000.0
3218,10000.0
3219,10000.0
3220,10000.0
3221,10000.0
3222,10000.0
3223,10000.0
3224,10000.0
3225,10000.0
3226,10000.0
3227,10000.0
3228,10000.0
3229,10000.0
3230,10000.0
3231,10000.0
3232,10000.0
3233,10000.0
3234,10000.0
3235,10000.0
3236,10000.0
3237,10000.0
3238,10000.0
3239,10000.0
3240,10000.0
3241,10000.0
3242,10000.0
3243,10000.0
3244,10000.0
3245,10000.0
3246,10000.0
3247,10000.0
3248,10000.0
3249,10000.0
3250,10000.0
3251,10000.0
3252,10000.0
3253,10000.0
3254,10000.0
3255,10000.0
3256,10000.0
3257,10000.0
3258,10000.0
3259,10000.0
3260,10000.0
3261,10000.0
3262,10000.0
3263,10000.0
3264,10000.0
3265,10000.0
3266,10000.0
3267,10000.0
3268,10000.0
3269,10000.0
3270,10000.0
3271,10000.0
3272,10000.0
3273,10000.0
3274,10000.0
3275,10000.0
3276,10000.0
3277,10000.0
3278,10000.0
3279,10000.0
3280,10000.0
3281,10000.0
3282,10000.0
3283,10000.0
3284,10000.0
3285,10000.0
3286,10000.0
3287,10000.0
3288,10000.0
3289,10000.0
3290,10000.0
3291,10000.0
3292,10000.0
3293,10000.0
3294,10000.0
3295,10000.0
3296,10000.0
3297,10000.0
3298,10000.0
3299,10000.0
3300,10000.0
3301,10000.0
3302,10000.0
3303,10000.0
3304,10000.0
3305,10000.0
3306,10000.0
3307,10000.0
3308,10000.0
3309,10000.0
3310,10000.0
3311,10000.0
3312,10000.0
3313,10000.0
3314,10000.0
3315,10000.0
3316,10000.0
3317,10000.0
3318,10000.0
3319,10000.0
3320,10000.0
3321,10000.0
3322,10000.0
3323,10000.0
3324,10000.0
3325,10000.0
3326,10000.0
3327,10000.0
3328,10000.0
3329,10000.0
3330,10000.0
3331,10000.0
3332,10000.0
3333,10000.0
3334,10000.0
3335,10000.0
3336,10000.0
3337,10000.0
3338,10000.0
3339,10000.0
3340,10000.0
3341,10000.0
3342,10000.0
3343,10000.0
3344,10000.0
3345,10000.0
3346,10000.0
3347,10000.0
3348,10000.0
3349,10000.0
3350,10000.0
3351,10000.0
3352,10000.0
3353,10000.0
3354,10000.0
3355,10000.0
3356,10000.0
3357,10000.0
3358,10000.0
3359,10000.0
3360,10000.0
3361,10000.0
3362,10000.0
3363,10000.0
3364,10000.0
3365,10000.0
3366,10000.0
3367,10000.0
3368,10000.0
3369,10000.0
3370,10000.0
3371,10000.0
3372,10000.0
3373,10000.0
3374,10000.0
3375,10000.0
3376,10000.0
3377,10000.0
3378,10000.0
3379,10000.0
3380,10000.0
3381,10000.0
3382,10000.0
3383,10000.0
3384,10000.0
3385,10000.0
3386,10000.0
3387,10000.0
3388,10000.0
3389,10000.0
3390,10000.0
3391,10000.0
3392,10000.0
3393,10000.0
3394,10000.0
3395,10000.0
3396,10000.0
3397,10000.0
3398,10000.0
3399,10000.0
3400,10000.0
3401,10000.0
3402,10000.0
3403,10000.0
3404,10000.0
3405,10000.0
3406,10000.0
3407,10000.0
3408,10000.0
3409,10000.0
3410,10000.0
3411,10000.0
3412,10000.0
3413,10000.0
3414,10000.0
3415,10000.0
3416,10000.0
3417,10000.0
3418,10000.0
3419,10000.0
3420,10000.0
3421,10000.0
3422,10000.0
3423,10000.0
3424,10000.0
3425,10000.0
3426,10000.0
3427,10000.0
3428,10000.0
3429,10000.0
3430,10000.0
3431,10000.0
3432,10000.0
3433,10000.0
3434,10000.0
3435,10000.0
3436,10000.0
3437,10000.0
3438,10000.0
3439,10000.0
3440,10000.0
3441,10000.0
3442,10000.0
3443,10000.0
3444,10000.0
3445,10000.0
3446,10000.0
3447,10000.0
3448,10000.0
3449,10000.0
3450,10000.0
3451,10000.0
3452,10000.0
3453,10000.0
3454,10000.0
3455,10000.0
3456,10000.0
3457,10000.0
3458,10000.0
3459,10000.0
3460,10000.0
3461,10000.0
3462,10000.0
3463,10000.0
3464,10000.0
3465,10000.0
3466,10000.0
3467,10000.0
3468,10000.0
3469,10000.0
3470,10000.0
3471,10000.0
3472,10000.0
3473,10000.0
3474,10000.0
3475,10000.0
3476,10000.0
3477,10000.0
3478,10000.0
3479,10000.0
3480,10000.0
3481,10000.0
3482,10000.0
3483,10000.0
3484,10000.0
3485,10000.0
3486,10000.0
3487,10000.0
3488,10000.0
3489,10000.0
3490,10000.0
3491,10000.0
3492,10000.0
3493,10000.0
3494,10000.0
3495,10000.0
3496,10000.0
3497,10000.0
3498,10000.0
3499,10000.0
3500,10000.0
3501,10000.0
3502,10000.0
3503,10000.0
3504,10000.0
3505,10000.0
3506,10000.0
3507,10000.0
3508,10000.0
3509,10000.0
3510,10000.0
3511,10000.0
3512,10000.0
3513,10000.0
3514,10000.0
3515,10000.0
3516,10000.0
3517,10000.0
3518,10000.0
3519,10000.0
3520,10000.0
3521,10000.0
3522,10000.0
3523,10000.0
3524,10000.0
3525,10000.0
3526,10000.0
3527,10000.0
3528,10000.0
3529,10000.0
3530,10000.0
3531,10000.0
3532,10000.0
3533,10000.0
3534,10000.0
3535,10000.0
3536,10000.0
3537,10000.0
3538,10000.0
3539,10000.0
3540,10000.0
3541,10000.0
3542,10000.0
3543,10000.0
3544,10000.0
3545,10000.0
3546,10000.0
3547,10000.0
3548,10000.0
3549,10000.0
3550,10000.0
3551,10000.0
3552,10000.0
3553,10000.0
3554,10000.0
3555,10000.0
3556,10000.0
3557,10000.0
3558,10000.0
3559,10000.0
3560,10000.0
3561,10000.0
3562,10000.0
3563,10000.0
3564,10000.0
3565,10000.0
3566,10000.0
3567,10000.0
3568,10000.0
3569,10000.0
3570,10000.0
3571,10000.0
3572,10000.0
3573,10000.0
3574,10000.0
3575,10000.0
3576,10000.0
3577,10000.0
3578,10000.0
3579,10000.0
3580,10000.0
3581,10000.0
3582,10000.0
3583,10000.0
3584,10000.0
3585,10000.0
3586,10000.0
3587,10000.0
3588,10000.0
3589,10000.0
3590,10000.0
3591,10000.0
3592,10000.0
3593,10000.0
3594,10000.0
3595,10000.0
3596,10000.0
3597,10000.0
3598,10000.0
3599,10000.0
3600,10000.0
3601,10000.0
3602,10000.0
3603,10000.0
3604,10000.0
3605,10000.0
3606,10000.0
3607,10000.0
3608,10000.0
3609,10000.0
3610,10000.0
3611,10000.0
3612,10000.0
3613,10000.0
3614,10000.0
3615,10000.0
3616,10000.0
3617,10000.0
3618,10000.0
3619,10000.0
3620,10000.0
3621,10000.0
3622,10000.0
3623,10000.0
3624,10000.0
3625,10000.0
3626,10000.0
3627,10000.0
3628,10000.0
3629,10000.0
3630,10000.0
3631,10000.0
3632,10000.0
3633,10000.0
3634,10000.0
3635,10000.0
3636,10000.0
3637,10000.0
3638,10000.0
3639,10000.0
3640,10000.0
3641,10000.0
3642,10000.0
3643,10000.0
3644,10000.0
3645,10000.0
3646,10000.0
3647,10000.0
3648,10000.0
3649,10000.0
3650,10000.0
3651,10000.0
3652,10000.0
3653,10000.0
3654,10000.0
3655,10000.0
3656,10000.0
3657,10000.0
3658,10000.0
3659,10000.0
3660,10000.0
3661,10000.0
3662,10000.0
3663,10000.0
3664,10000.0
3665,10000.0
3666,10000.0
3667,10000.0
3668,10000.0
3669,10000.0
3670,10000.0
3671,10000.0
3672,10000.0
3673,10000.0
3674,10000.0
3675,10000.0
3676,10000.0
3677,10000.0
3678,10000.0
3679,10000.0
3680,10000.0
3681,10000.0
3682,10000.0
3683,10000.0
3684,10000.0
3685,10000.0
3686,10000.0
3687,10000.0
3688,10000.0
3689,10000.0
3690,10000.0
3691,10000.0
3692,10000.0
3693,10000.0
3694,10000.0
3695,10000.0
3696,10000.0
3697,10000.0
3698,10000.0
3699,10000.0
3700,10000.0
3701,10000.0
3702,10000.0
3703,10000.0
3704,10000.0
3705,10000.0
3706,10000.0
3707,10000.0
3708,10000.0
3709,10000.0
3710,10000.0
3711,10000.0
3712,10000.0
3713,10000.0
3714,10000.0
3715,10000.0
3716,10000.0
3717,10000.0
3718,10000.0
3719,10000.0
3720,10000.0
3721,10000.0
3722,10000.0
3723,10000.0
3724,10000.0
3725,10000.0
3726,10000.0
3727,10000.0
3728,10000.0
3729,10000.0
3730,10000.0
3731,10000.0
3732,10000.0
3733,10000.0
3734,10000.0
3735,10000.0
3736,10000.0
3737,10000.0
3738,10000.0
3739,10000.0
3740,10000.0
3741,10000.0
3742,10000.0
3743,10000.0
3744,10000.0
3745,10000.0
3746,10000.0
3747,10000.0
3748,10000.0
3749,10000.0
3750,10000.0
3751,10000.0
3752,10000.0
3753,10000.0
3754,10000.0
3755,10000.0
3756,10000.0
3757,10000.0
3758,10000.0
3759,10000.0
3760,10000.0
3761,10000.0
3762,10000.0
3763,10000.0
3764,10000.0
3765,10000.0
3766,10000.0
3767,10000.0
3768,10000.0
3769,10000.0
3770,10000.0
3771,10000.0
3772,10000.0
3773,10000.0
3774,10000.0
3775,10000.0
3776,10000.0
3777,10000.0
3778,10000.0
3779,10000.0
3780,10000.0
3781,10000.0
3782,10000.0
3783,10000.0
3784,10000.0
3785,10000.0
3786,10000.0
3787,10000.0
3788,10000.0
3789,10000.0
3790,10000.0
3791,10000.0
3792,10000.0
3793,10000.0
3794,10000.0
3795,10000.0
3796,10000.0
3797,10000.0
3798,10000.0
3799,10000.0
3800,10000.0
3801,10000.0
3802,10000.0
3803,10000.0
3804,10000.0
3805,10000.0
3806,10000.0
3807,10000.0
3808,10000.0
3809,10000.0
3810,10000.0
3811,10000.0
3812,10000.0
3813,10000.0
3814,10000.0
3815,10000.0
3816,10000.0
3817,10000.0
3818,10000.0
3819,10000.0
3820,10000.0
3821,10000.0
3822,10000.0
3823,10000.0
3824,10000.0
3825,10000.0
3826,10000.0
3827,10000.0
3828,10000.0
3829,10000.0
3830,10000.0
3831,10000.0
3832,10000.0
3833,10000.0
3834,10000.0
3835,10000.0
3836,10000.0
3837,10000.0
3838,10000.0
3839,10000.0
3840,10000.0
3841,10000.0
3842,10000.0
3843,10000.0
3844,10000.0
3845,10000.0
3846,10000.0
3847,10000.0
3848,10000.0
3849,10000.0
3850,10000.0
3851,10000.0
3852,10000.0
3853,10000.0
3854,10000.0
3855,10000.0
3856,10000.0
3857,10000.0
3858,10000.0
3859,10000.0
3860,10000.0
3861,10000.0
3862,10000.0
3863,10000.0
3864,10000.0
3865,10000.0
3866,10000.0
3867,10000.0
3868,10000.0
3869,10000.0
3870,10000.0
3871,10000.0
3872,10000.0
3873,10000.0
3874,10000.0
3875,10000.0
3876,10000.0
3877,10000.0
3878,10000.0
3879,10000.0
3880,10000.0
3881,10000.0
3882,10000.0
3883,10000.0
3884,10000.0
3885,10000.0
3886,10000.0
3887,10000.0
3888,10000.0
3889,10000.0
3890,10000.0
3891,10000.0
3892,10000.0
3893,10000.0
3894,10000.0
3895,10000.0
3896,10000.0
3897,10000.0
3898,10000.0
3899,10000.0
3900,10000.0
3901,10000.0
3902,10000.0
3903,10000.0
3904,10000.0
3905,10000.0
3906,10000.0
3907,10000.0
3908,10000.0
3909,10000.0
3910,10000.0
3911,10000.0
3912,10000.0
3913,10000.0
3914,10000.0
3915,10000.0
3916,10000.0
3917,10000.0
3918,10000.0
3919,10000.0
3920,10000.0
3921,10000.0
3922,10000.0
3923,10000.0
3924,10000.0
3925,10000.0
3926,10000.0
3927,10000.0
3928,10000.0
3929,10000.0
3930,10000.0
3931,10000.0
3932,10000.0
3933,10000.0
3934,10000.0
3935,10000.0
3936,10000.0
3937,10000.0
3938,10000.0
3939,10000.0
3940,10000.0
3941,10000.0
3942,10000.0
3943,10000.0
3944,10000.0
3945,10000.0
3946,10000.0
3947,10000.0
3948,10000.0
3949,10000.0
3950,10000.0
3951,10000.0
3952,10000.0
3953,10000.0
3954,10000.0
3955,10000.0
3956,10000.0
3957,10000.0
3958,10000.0
3959,10000.0
3960,10000.0
3961,10000.0
3962,10000.0
3963,10000.0
3964,10000.0
3965,10000.0
3966,10000.0
3967,10000.0
3968,10000.0
3969,10000.0
3970,10000.0
3971,10000.0
3972,10000.0
3973,10000.0
3974,10000.0
3975,10000.0
3976,10000.0
3977,10000.0
3978,10000.0
3979,10000.0
3980,10000.0
3981,10000.0
3982,10000.0
3983,10000.0
3984,10000.0
3985,10000.0
3986,10000.0
3987,10000.0
3988,10000.0
3989,10000.0
3990,10000.0
3991,10000.0
3992,10000.0
3993,10000.0
3994,10000.0
3995,10000.0
3996,10000.0
3997,10000.0
3998,10000.0
3999,10000.0
4000,10000.0
4001,10000.0
4002,10000.0
4003,10000.0
4004,10000.0
4005,10000.0
4006,10000.0
4007,10000.0
4008,10000.0
4009,10000.0
4010,10000.0
4011,10000.0
4012,10000.0
4013,10000.0
4014,10000.0
4015,10000.0
4016,10000.0
4017,10000.0
4018,10000.0
4019,10000.0
4020,10000.0
4021,10000.0
4022,10000.0
4023,10000.0
4024,10000.0
4025,10000.0
4026,10000.0
4027,10000.0
4028,10000.0
4029,10000.0
4030,10000.0
4031,10000.0
4032,10000.0
4033,10000.0
4034,10000.0
4035,10000.0
4036,10000.0
4037,10000.0
4038,10000.0
4039,10000.0
4040,10000.0
4041,10000.0
4042,10000.0
4043,10000.0
4044,10000.0
4045,10000.0
4046,10000.0
4047,10000.0
4048,10000.0
4049,10000.0
4050,10000.0
4051,10000.0
4052,10000.0
4053,10000.0
4054,10000.0
4055,10000.0
4056,10000.0
4057,10000.0
4058,10000.0
4059,10000.0
4060,10000.0
4061,10000.0
4062,10000.0
4063,10000.0
4064,10000.0
4065,10000.0
4066,10000.0
4067,10000.0
4068,10000.0
4069,10000.0
4070,10000.0
4071,10000.0
4072,10000.0
4073,10000.0
4074,10000.0
4075,10000.0
4076,10000.0
4077,10000.0
4078,10000.0
4079,10000.0
4080,10000.0
4081,10000.0
4082,10000.0
4083,10000.0
4084,10000.0
4085,10000.0
4086,10000.0
4087,10000.0
4088,10000.0
4089,10000.0
4090,10000.0
4091,10000.0
4092,10000.0
4093,10000.0
4094,10000.0
4095,10000.0
4096,10000.0
4097,10000.0
4098,10000.0
4099,10000.0
4100,10000.0
4101,10000.0
4102,10000.0
4103,10000.0
4104,10000.0
4105,10000.0
4106,10000.0
4107,10000.0
4108,10000.0
4109,10000.0
4110,10000.0
4111,10000.0
4112,10000.0
4113,10000.0
4114,10000.0
4115,10000.0
4116,10000.0
4117,10000.0
4118,10000.0
4119,10000.0
4120,10000.0
4121,10000.0
4122,10000.0
4123,10000.0
4124,10000.0
4125,10000.0
4126,10000.0
4127,10000.0
4128,10000.0
4129,10000.0
4130,10000.0
4131,10000.0
4132,10000.0
4133,10000.0
4134,10000.0
4135,10000.0
4136,10000.0
4137,10000.0
4138,10000.0
4139,10000.0
4140,10000.0
4141,10000.0
4142,10000.0
4143,10000.0
4144,10000.0
4145,10000.0
4146,10000.0
4147,10000.0
4148,10000.0
4149,10000.0
4150,10000.0
4151,10000.0
4152,10000.0
4153,10000.0
4154,10000.0
4155,10000.0
4156,10000.0
4157,10000.0
4158,10000.0
4159,10000.0
4160,10000.0
4161,10000.0
4162,10000.0
4163,10000.0
4164,10000.0
4165,10000.0
4166,10000.0
4167,10000.0
4168,10000.0
4169,10000.0
4170,10000.0
4171,10000.0
4172,10000.0
4173,10000.0
4174,10000.0
4175,10000.0
4176,10000.0
4177,10000.0
4178,10000.0
4179,10000.0
4180,10000.0
4181,10000.0
4182,10000.0
4183,10000.0
4184,10000.0
4185,10000.0
4186,10000.0
4187,10000.0
4188,10000.0
4189,10000.0
4190,10000.0
4191,10000.0
4192,10000.0
4193,10000.0
4194,10000.0
4195,10000.0
4196,10000.0
4197,10000.0
4198,10000.0
4199,10000.0
4200,10000.0
4201,10000.0
4202,10000.0
4203,10000.0
4204,10000.0
4205,10000.0
4206,10000.0
4207,10000.0
4208,10000.0
4209,10000.0
4210,10000.0
4211,10000.0
4212,10000.0
4213,10000.0
4214,10000.0
4215,10000.0
4216,10000.0
4217,10000.0
4218,10000.0
4219,10000.0
4220,10000.0
4221,10000.0
4222,10000.0
4223,10000.0
4224,10000.0
4225,10000.0
4226,10000.0
4227,10000.0
4228,10000.0
4229,10000.0
4230,10000.0
4231,10000.0
4232,10000.0
4233,10000.0
4234,10000.0
4235,10000.0
4236,10000.0
4237,10000.0
4238,10000.0
4239,10000.0
4240,10000.0
4241,10000.0
4242,10000.0
4243,10000.0
4244,10000.0
4245,10000.0
4246,10000.0
4247,10000.0
4248,10000.0
4249,10000.0
4250,10000.0
4251,10000.0
4252,10000.0
4253,10000.0
4254,10000.0
4255,10000.0
4256,10000.0
4257,10000.0
4258,10000.0
4259,10000.0
4260,10000.0
4261,10000.0
4262,10000.0
4263,10000.0
4264,10000.0
4265,10000.0
4266,10000.0
4267,10000.0
4268,10000.0
4269,10000.0
4270,10000.0
4271,10000.0
4272,10000.0
4273,10000.0
4274,10000.0
4275,10000.0
4276,10000.0
4277,10000.0
4278,10000.0
4279,10000.0
4280,10000.0
4281,10000.0
4282,10000.0
4283,10000.0
4284,10000.0
4285,10000.0
4286,10000.0
4287,10000.0
4288,10000.0
4289,10000.0
4290,10000.0
4291,10000.0
4292,10000.0
4293,10000.0
4294,10000.0
4295,10000.0
4296,10000.0
4297,10000.0
4298,10000.0
4299,10000.0
4300,10000.0
4301,10000.0
4302,10000.0
4303,10000.0
4304,10000.0
4305,10000.0
4306,10000.0
4307,10000.0
4308,10000.0
4309,10000.0
4310,10000.0
4311,10000.0
4312,10000.0
4313,10000.0
4314,10000.0
4315,10000.0
4316,10000.0
4317,10000.0
4318,10000.0
4319,10000.0
4320,10000.0
4321,10000.0
4322,10000.0
4323,10000.0
4324,10000.0
4325,10000.0
4326,10000.0
4327,10000.0
4328,10000.0
4329,10000.0
4330,10000.0
4331,10000.0
4332,10000.0
4333,10000.0
4334,10000.0
4335,10000.0
4336,10000.0
4337,10000.0
4338,10000.0
4339,10000.0
4340,10000.0
4341,10000.0
4342,10000.0
4343,10000.0
4344,10000.0
4345,10000.0
4346,10000.0
4347,10000.0
4348,10000.0
4349,10000.0
4350,10000.0
4351,10000.0
4352,10000.0
4353,10000.0
4354,10000.0
4355,10000.0
4356,10000.0
4357,10000.0
4358,10000.0
4359,10000.0
4360,10000.0
4361,10000.0
4362,10000.0
4363,10000.0
4364,10000.0
4365,10000.0
4366,10000.0
4367,10000.0
4368,10000.0
4369,10000.0
4370,10000.0
4371,10000.0
4372,10000.0
4373,10000.0
4374,10000.0
4375,10000.0
4376,10000.0
4377,10000.0
4378,10000.0
4379,10000.0
4380,10000.0
4381,10000.0
4382,10000.0
4383,10000.0
4384,10000.0
4385,10000.0
4386,10000.0
4387,10000.0
4388,10000.0
4389,10000.0
4390,10000.0
4391,10000.0
4392,10000.0
4393,10000.0
4394,10000.0
4395,10000.0
4396,10000.0
4397,10000.0
4398,10000.0
4399,10000.0
4400,10000.0
4401,10000.0
4402,10000.0
4403,10000.0
4404,10000.0
4405,10000.0
4406,10000.0
4407,10000.0
4408,10000.0
4409,10000.0
4410,10000.0
4411,10000.0
4412,10000.0
4413,10000.0
4414,10000.0
4415,10000.0
4416,10000.0
4417,10000.0
4418,10000.0
4419,10000.0
4420,10000.0
4421,10000.0
4422,10000.0
4423,10000.0
4424,10000.0
4425,10000.0
4426,10000.0
4427,10000.0
4428,10000.0
4429,10000.0
4430,10000.0
4431,10000.0
4432,10000.0
4433,10000.0
4434,10000.0
4435,10000.0
4436,10000.0
4437,10000.0
4438,10000.0
4439,10000.0
4440,10000.0
4441,10000.0
4442,10000.0
4443,10000.0
4444,10000.0
4445,10000.0
4446,10000.0
4447,10000.0
4448,10000.0
4449,10000.0
4450,10000.0
4451,10000.0
4452,10000.0
4453,10000.0
4454,10000.0
4455,10000.0
4456,10000.0
4457,10000.0
4458,10000.0
4459,10000.0
4460,10000.0
4461,10000.0
4462,10000.0
4463,10000.0
4464,10000.0
4465,10000.0
4466,10000.0
4467,10000.0
4468,10000.0
4469,10000.0
4470,10000.0
4471,10000.0
4472,10000.0
4473,10000.0
4474,10000.0
4475,10000.0
4476,10000.0
4477,10000.0
4478,10000.0
4479,10000.0
4480,10000.0
4481,10000.0
4482,10000.0
4483,10000.0
4484,10000.0
4485,10000.0
4486,10000.0
4487,10000.0
4488,10000.0
4489,10000.0
4490,10000.0
4491,10000.0
4492,10000.0
4493,10000.0
4494,10000.0
4495,10000.0
4496,10000.0
4497,10000.0
4498,10000.0
4499,10000.0
4500,10000.0
4501,10000.0
4502,10000.0
4503,10000.0
4504,10000.0
4505,10000.0
4506,10000.0
4507,10000.0
4508,10000.0
4509,10000.0
4510,10000.0
4511,10000.0
4512,10000.0
4513,10000.0
4514,10000.0
4515,10000.0
4516,10000.0
4517,10000.0
4518,10000.0
4519,10000.0
4520,10000.0
4521,10000.0
4522,10000.0
4523,10000.0
4524,10000.0
4525,10000.0
4526,10000.0
4527,10000.0
4528,10000.0
4529,10000.0
4530,10000.0
4531,10000.0
4532,10000.0
4533,10000.0
4534,10000.0
4535,10000.0
4536,10000.0
4537,10000.0
4538,10000.0
4539,10000.0
4540,10000.0
4541,10000.0
4542,10000.0
4543,10000.0
4544,10000.0
4545,10000.0
4546,10000.0
4547,10000.0
4548,10000.0
4549,10000.0
4550,10000.0
4551,10000.0
4552,10000.0
4553,10000.0
4554,10000.0
4555,10000.0
4556,10000.0
4557,10000.0
4558,10000.0
4559,10000.0
4560,10000.0
4561,10000.0
4562,10000.0
4563,10000.0
4564,10000.0
4565,10000.0
4566,10000.0
4567,10000.0
4568,10000.0
4569,10000.0
4570,10000.0
4571,10000.0
4572,10000.0
4573,10000.0
4574,10000.0
4575,10000.0
4576,10000.0
4577,10000.0
4578,10000.0
4579,10000.0
4580,10000.0
4581,10000.0
4582,10000.0
4583,10000.0
4584,10000.0
4585,10000.0
4586,10000.0
4587,10000.0
4588,10000.0
4589,10000.0
4590,10000.0
4591,10000.0
4592,10000.0
4593,10000.0
4594,10000.0
4595,10000.0
4596,10000.0
4597,10000.0
4598,10000.0
4599,10000.0
4600,10000.0
4601,10000.0
4602,10000.0
4603,10000.0
4604,10000.0
4605,10000.0
4606,10000.0
4607,10000.0
4608,10000.0
4609,10000.0
4610,10000.0
4611,10000.0
4612,10000.0
4613,10000.0
4614,10000.0
4615,10000.0
4616,10000.0
4617,10000.0
4618,10000.0
4619,10000.0
4620,10000.0
4621,10000.0
4622,10000.0
4623,10000.0
4624,10000.0
4625,10000.0
4626,10000.0
4627,10000.0
4628,10000.0
4629,10000.0
4630,10000.0
4631,10000.0
4632,10000.0
4633,10000.0
4634,10000.0
4635,10000.0
4636,10000.0
4637,10000.0
4638,10000.0
4639,10000.0
4640,10000.0
4641,10000.0
4642,10000.0
4643,10000.0
4644,10000.0
4645,10000.0
4646,10000.0
4647,10000.0
4648,10000.0
4649,10000.0
4650,10000.0
4651,10000.0
4652,10000.0
4653,10000.0
4654,10000.0
4655,10000.0
4656,10000.0
4657,10000.0
4658,10000.0
4659,10000.0
4660,10000.0
4661,10000.0
4662,10000.0
4663,10000.0
4664,10000.0
4665,10000.0
4666,10000.0
4667,10000.0
4668,10000.0
4669,10000.0
4670,10000.0
4671,10000.0
4672,10000.0
4673,10000.0
4674,10000.0
4675,10000.0
4676,10000.0
4677,10000.0
4678,10000.0
4679,10000.0
4680,10000.0
4681,10000.0
4682,10000.0
4683,10000.0
4684,10000.0
4685,10000.0
4686,10000.0
4687,10000.0
4688,10000.0
4689,10000.0
4690,10000.0
4691,10000.0
4692,10000.0
4693,10000.0
4694,10000.0
4695,10000.0
4696,10000.0
4697,10000.0
4698,10000.0
4699,10000.0
4700,10000.0
4701,10000.0
4702,10000.0
4703,10000.0
4704,10000.0
4705,10000.0
4706,10000.0
4707,10000.0
4708,10000.0
4709,10000.0
4710,10000.0
4711,10000.0
4712,10000.0
4713,10000.0
4714,10000.0
4715,10000.0
4716,10000.0
4717,10000.0
4718,10000.0
4719,10000.0
4720,10000.0
4721,10000.0
4722,10000.0
4723,10000.0
4724,10000.0
4725,10000.0
4726,10000.0
4727,10000.0
4728,10000.0
4729,10000.0
4730,10000.0
4731,10000.0
4732,10000.0
4733,10000.0
4734,10000.0
4735,10000.0
4736,10000.0
4737,10000.0
4738,10000.0
4739,10000.0
4740,10000.0
4741,10000.0
4742,10000.0
4743,10000.0
4744,10000.0
4745,10000.0
4746,10000.0
4747,10000.0
4748,10000.0
4749,10000.0
4750,10000.0
4751,10000.0
4752,10000.0
4753,10000.0
4754,10000.0
4755,10000.0
4756,10000.0
4757,10000.0
4758,10000.0
4759,10000.0
4760,10000.0
4761,10000.0
4762,10000.0
4763,10000.0
4764,10000.0
4765,10000.0
4766,10000.0
4767,10000.0
4768,10000.0
4769,10000.0
4770,10000.0
4771,10000.0
4772,10000.0
4773,10000.0
4774,10000.0
4775,10000.0
4776,10000.0
4777,10000.0
4778,10000.0
4779,10000.0
4780,10000.0
4781,10000.0
4782,10000.0
4783,10000.0
4784,10000.0
4785,10000.0
4786,10000.0
4787,10000.0
4788,10000.0
4789,10000.0
4790,10000.0
4791,10000.0
4792,10000.0
4793,10000.0
4794,10000.0
4795,10000.0
4796,10000.0
4797,10000.0
4798,10000.0
4799,10000.0
4800,10000.0
4801,10000.0
4802,10000.0
4803,10000.0
4804,10000.0
4805,10000.0
4806,10000.0
4807,10000.0
4808,10000.0
4809,10000.0
4810,10000.0
4811,10000.0
4812,10000.0
4813,10000.0
4814,10000.0
4815,10000.0
4816,10000.0
4817,10000.0
4818,10000.0
4819,10000.0
4820,10000.0
4821,10000.0
4822,10000.0
4823,10000.0
4824,10000.0
4825,10000.0
4826,10000.0
4827,10000.0
4828,10000.0
4829,10000.0
4830,10000.0
4831,10000.0
4832,10000.0
4833,10000.0
4834,10000.0
4835,10000.0
4836,10000.0
4837,10000.0
4838,10000.0
4839,10000.0
4840,10000.0
4841,10000.0
4842,10000.0
4843,10000.0
4844,10000.0
4845,10000.0
4846,10000.0
4847,10000.0
4848,10000.0
4849,10000.0
4850,10000.0
4851,10000.0
4852,10000.0
4853,10000.0
4854,10000.0
4855,10000.0
4856,10000.0
4857,10000.0
4858,10000.0
4859,10000.0
4860,10000.0
4861,10000.0
4862,10000.0
4863,10000.0
4864,10000.0
4865,10000.0
4866,10000.0
4867,10000.0
4868,10000.0
4869,10000.0
4870,10000.0
4871,10000.0
4872,10000.0
4873,10000.0
4874,10000.0
4875,10000.0
4876,10000.0
4877,10000.0
4878,10000.0
4879,10000.0
4880,10000.0
4881,10000.0
4882,10000.0
4883,10000.0
4884,10000.0
4885,10000.0
4886,10000.0
4887,10000.0
4888,10000.0
4889,10000.0
4890,10000.0
4891,10000.0
4892,10000.0
4893,10000.0
4894,10000.0
4895,10000.0
4896,10000.0
4897,10000.0
4898,10000.0
4899,10000.0
4900,10000.0
4901,10000.0
4902,10000.0
4903,10000.0
4904,10000.0
4905,10000.0
4906,10000.0
4907,10000.0
4908,10000.0
4909,10000.0
4910,10000.0
4911,10000.0
4912,10000.0
4913,10000.0
4914,10000.0
4915,10000.0
4916,10000.0
4917,10000.0
4918,10000.0
4919,10000.0
4920,10000.0
4921,10000.0
4922,10000.0
4923,10000.0
4924,10000.0
4925,10000.0
4926,10000.0
4927,10000.0
4928,10000.0
4929,10000.0
4930,10000.0
4931,10000.0
4932,10000.0
4933,10000.0
4934,10000.0
4935,10000.0
4936,10000.0
4937,10000.0
4938,10000.0
4939,10000.0
4940,10000.0
4941,10000.0
4942,10000.0
4943,10000.0
4944,10000.0
4945,10000.0
4946,10000.0
4947,10000.0
4948,10000.0
4949,10000.0
4950,10000.0
4951,10000.0
4952,10000.0
4953,10000.0
4954,10000.0
4955,10000.0
4956,10000.0
4957,10000.0
4958,10000.0
4959,10000.0
4960,10000.0
4961,10000.0
4962,10000.0
4963,10000.0
4964,10000.0
4965,10000.0
4966,10000.0
4967,10000.0
4968,10000.0
4969,10000.0
4970,10000.0
4971,10000.0
4972,10000.0
4973,10000.0
4974,10000.0
4975,10000.0
4976,10000.0
4977,10000.0
4978,10000.0
4979,10000.0
4980,10000.0
4981,10000.0
4982,10000.0
4983,10000.0
4984,10000.0
4985,10000.0
4986,10000.0
4987,10000.0
4988,10000.0
4989,10000.0
4990,10000.0
4991,10000.0
4992,10000.0
4993,10000.0
4994,10000.0
4995,10000.0
4996,10000.0
4997,10000.0
4998,10000.0
4999,10000.0
5000,10000.0
5001,10000.0
5002,10000.0
5003,10000.0
5004,10000.0
5005,10000.0
5006,10000.0
5007,10000.0
5008,10000.0
5009,10000.0
5010,10000.0
5011,10000.0
5012,10000.0
5013,10000.0
5014,10000.0
5015,10000.0
5016,10000.0
5017,10000.0
5018,10000.0
5019,10000.0
5020,10000.0
5021,10000.0
5022,10000.0
5023,10000.0
5024,10000.0
5025,10000.0
5026,10000.0
5027,10000.0
5028,10000.0
5029,10000.0
5030,10000.0
5031,10000.0
5032,10000.0
5033,10000.0
5034,10000.0
5035,10000.0
5036,10000.0
5037,10000.0
5038,10000.0
5039,10000.0
5040,10000.0
5041,10000.0
5042,10000.0
5043,10000.0
5044,10000.0
5045,10000.0
5046,10000.0
5047,10000.0
5048,10000.0
5049,10000.0
5050,10000.0
5051,10000.0
5052,10000.0
5053,10000.0
5054,10000.0
5055,10000.0
5056,10000.0
5057,10000.0
5058,10000.0
5059,10000.0
5060,10000.0
5061,10000.0
5062,10000.0
5063,10000.0
5064,10000.0
5065,10000.0
5066,10000.0
5067,10000.0
5068,10000.0
5069,10000.0
5070,10000.0
5071,10000.0
5072,10000.0
5073,10000.0
5074,10000.0
5075,10000.0
5076,10000.0
5077,10000.0
5078,10000.0
5079,10000.0
5080,10000.0
5081,10000.0
5082,10000.0
5083,10000.0
5084,10000.0
5085,10000.0
5086,10000.0
5087,10000.0
5088,10000.0
5089,10000.0
5090,10000.0
5091,10000.0
5092,10000.0
5093,10000.0
5094,10000.0
5095,10000.0
5096,10000.0
5097,10000.0
5098,10000.0
5099,10000.0
5100,10000.0
5101,10000.0
5102,10000.0
5103,10000.0
5104,10000.0
5105,10000.0
5106,10000.0
5107,10000.0
5108,10000.0
5109,10000.0
5110,10000.0
5111,10000.0
5112,10000.0
5113,10000.0
5114,10000.0
5115,10000.0
5116,10000.0
5117,10000.0
5118,10000.0
5119,10000.0
5120,10000.0
5121,10000.0
5122,10000.0
5123,10000.0
5124,10000.0
5125,10000.0
5126,10000.0
5127,10000.0
5128,10000.0
5129,10000.0
5130,10000.0
5131,10000.0
5132,10000.0
5133,10000.0
5134,10000.0
5135,10000.0
5136,10000.0
5137,10000.0
5138,10000.0
5139,10000.0
5140,10000.0
5141,10000.0
5142,10000.0
5143,10000.0
5144,10000.0
5145,10000.0
5146,10000.0
5147,10000.0
5148,10000.0
5149,10000.0
5150,10000.0
5151,10000.0
5152,10000.0
5153,10000.0
5154,10000.0
5155,10000.0
5156,10000.0
5157,10000.0
5158,10000.0
5159,10000.0
5160,10000.0
5161,10000.0
5162,10000.0
5163,10000.0
5164,10000.0
5165,10000.0
5166,10000.0
5167,10000.0
5168,10000.0
5169,10000.0
5170,10000.0
5171,10000.0
5172,10000.0
5173,10000.0
5174,10000.0
5175,10000.0
5176,10000.0
5177,10000.0
5178,10000.0
5179,10000.0
5180,10000.0
5181,10000.0
5182,10000.0
5183,10000.0
5184,10000.0
5185,10000.0
5186,10000.0
5187,10000.0
5188,10000.0
5189,10000.0
5190,10000.0
5191,10000.0
5192,10000.0
5193,10000.0
5194,10000.0
5195,10000.0
5196,10000.0
5197,10000.0
5198,10000.0
5199,10000.0
5200,10000.0
5201,10000.0
5202,10000.0
5203,10000.0
5204,10000.0
5205,10000.0
5206,10000.0
5207,10000.0
5208,10000.0
5209,10000.0
5210,10000.0
5211,10000.0
5212,10000.0
5213,10000.0
5214,10000.0
5215,10000.0
5216,10000.0
5217,10000.0
5218,10000.0
5219,10000.0
5220,10000.0
5221,10000.0
5222,10000.0
5223,10000.0
5224,10000.0
5225,10000.0
5226,10000.0
5227,10000.0
5228,10000.0
5229,10000.0
5230,10000.0
5231,10000.0
5232,10000.0
5233,10000.0
5234,10000.0
5235,10000.0
5236,10000.0
5237,10000.0
5238,10000.0
5239,10000.0
5240,10000.0
5241,10000.0
5242,10000.0
5243,10000.0
5244,10000.0
5245,10000.0
5246,10000.0
5247,10000.0
5248,10000.0
5249,10000.0
5250,10000.0
5251,10000.0
5252,10000.0
5253,10000.0
5254,10000.0
5255,10000.0
5256,10000.0
5257,10000.0
5258,10000.0
5259,10000.0
5260,10000.0
5261,10000.0
5262,10000.0
5263,10000.0
5264,10000.0
5265,10000.0
5266,10000.0
5267,10000.0
5268,10000.0
5269,10000.0
5270,10000.0
5271,10000.0
5272,10000.0
5273,10000.0
5274,10000.0
5275,10000.0
5276,10000.0
5277,10000.0
5278,10000.0
5279,10000.0
5280,10000.0
5281,10000.0
5282,10000.0
5283,10000.0
5284,10000.0
5285,10000.0
5286,10000.0
5287,10000.0
5288,10000.0
5289,10000.0
5290,10000.0
5291,10000.0
5292,10000.0
5293,10000.0
5294,10000.0
5295,10000.0
5296,10000.0
5297,10000.0
5298,10000.0
5299,10000.0
5300,10000.0
5301,10000.0
5302,10000.0
5303,10000.0
5304,10000.0
5305,10000.0
5306,10000.0
5307,10000.0
5308,10000.0
5309,10000.0
5310,10000.0
5311,10000.0
5312,10000.0
5313,10000.0
5314,10000.0
5315,10000.0
5316,10000.0
5317,10000.0
5318,10000.0
5319,10000.0
5320,10000.0
5321,10000.0
5322,10000.0
5323,10000.0
5324,10000.0
5325,10000.0
5326,10000.0
5327,10000.0
5328,10000.0
5329,10000.0
5330,10000.0
5331,10000.0
5332,10000.0
5333,10000.0
5334,10000.0
5335,10000.0
5336,10000.0
5337,10000.0
5338,10000.0
5339,10000.0
5340,10000.0
5341,10000.0
5342,10000.0
5343,10000.0
5344,10000.0
5345,10000.0
5346,10000.0
5347,10000.0
5348,10000.0
5349,10000.0
5350,10000.0
5351,10000.0
5352,10000.0
5353,10000.0
5354,10000.0
5355,10000.0
5356,10000.0
5357,10000.0
5358,10000.0
5359,10000.0
5360,10000.0
5361,10000.0
5362,10000.0
5363,10000.0
5364,10000.0
5365,10000.0
5366,10000.0
5367,10000.0
5368,10000.0
5369,10000.0
5370,10000.0
5371,10000.0
5372,10000.0
5373,10000.0
5374,10000.0
5375,10000.0
5376,10000.0
5377,10000.0
5378,10000.0
5379,10000.0
5380,10000.0
5381,10000.0
5382,10000.0
5383,10000.0
5384,10000.0
5385,10000.0
5386,10000.0
5387,10000.0
5388,10000.0
5389,10000.0
5390,10000.0
5391,10000.0
5392,10000.0
5393,10000.0
5394,10000.0
5395,10000.0
5396,10000.0
5397,10000.0
5398,10000.0
5399,10000.0
5400,10000.0
5401,10000.0
5402,10000.0
5403,10000.0
5404,10000.0
5405,10000.0
5406,10000.0
5407,10000.0
5408,10000.0
5409,10000.0
5410,10000.0
5411,10000.0
5412,10000.0
5413,10000.0
5414,10000.0
5415,10000.0
5416,10000.0
5417,10000.0
5418,10000.0
5419,10000.0
5420,10000.0
5421,10000.0
5422,10000.0
5423,10000.0
5424,10000.0
5425,10000.0
5426,10000.0
5427,10000.0
5428,10000.0
5429,10000.0
5430,10000.0
5431,10000.0
5432,10000.0
5433,10000.0
5434,10000.0
5435,10000.0
5436,10000.0
5437,10000.0
5438,10000.0
5439,10000.0
5440,10000.0
5441,10000.0
5442,10000.0
5443,10000.0
5444,10000.0
5445,10000.0
5446,10000.0
5447,10000.0
5448,10000.0
5449,10000.0
5450,10000.0
5451,10000.0
5452,10000.0
5453,10000.0
5454,10000.0
5455,10000.0
5456,10000.0
5457,10000.0
5458,10000.0
5459,10000.0
5460,10000.0
5461,10000.0
5462,10000.0
5463,10000.0
5464,10000.0
5465,10000.0
5466,10000.0
5467,10000.0
5468,10000.0
5469,10000.0
5470,10000.0
5471,10000.0
5472,10000.0
5473,10000.0
5474,10000.0
5475,10000.0
5476,10000.0
5477,10000.0
5478,10000.0
5479,10000.0
5480,10000.0
5481,10000.0
5482,10000.0
5483,10000.0
5484,10000.0
5485,10000.0
5486,10000.0
5487,10000.0
5488,10000.0
5489,10000.0
5490,10000.0
5491,10000.0
5492,10000.0
5493,10000.0
5494,10000.0
5495,10000.0
5496,10000.0
5497,10000.0
5498,10000.0
5499,10000.0
5500,10000.0
5501,10000.0
5502,10000.0
5503,10000.0
5504,10000.0
5505,10000.0
5506,10000.0
5507,10000.0
5508,10000.0
5509,10000.0
5510,10000.0
5511,10000.0
5512,10000.0
5513,10000.0
5514,10000.0
5515,10000.0
5516,10000.0
5517,10000.0
5518,10000.0
5519,10000.0
5520,10000.0
5521,10000.0
5522,10000.0
5523,10000.0
5524,10000.0
5525,10000.0
5526,10000.0
5527,10000.0
5528,10000.0
5529,10000.0
5530,10000.0
5531,10000.0
5532,10000.0
5533,10000.0
5534,10000.0
5535,10000.0
5536,10000.0
5537,10000.0
5538,10000.0
5539,10000.0
5540,10000.0
5541,10000.0
5542,10000.0
5543,10000.0
5544,10000.0
5545,10000.0
5546,10000.0
5547,10000.0
5548,10000.0
5549,10000.0
5550,10000.0
5551,10000.0
5552,10000.0
5553,10000.0
5554,10000.0
5555,10000.0
5556,10000.0
5557,10000.0
5558,10000.0
5559,10000.0
5560,10000.0
5561,10000.0
5562,10000.0
5563,10000.0
5564,10000.0
5565,10000.0
5566,10000.0
5567,10000.0
5568,10000.0
5569,10000.0
5570,10000.0
5571,10000.0
5572,10000.0
5573,10000.0
5574,10000.0
5575,10000.0
5576,10000.0
5577,10000.0
5578,10000.0
5579,10000.0
5580,10000.0
5581,10000.0
5582,10000.0
5583,10000.0
5584,10000.0
5585,10000.0
5586,10000.0
5587,10000.0
5588,10000.0
5589,10000.0
5590,10000.0
5591,10000.0
5592,10000.0
5593,10000.0
5594,10000.0
5595,10000.0
5596,10000.0
5597,10000.0
5598,10000.0
5599,10000.0
5600,10000.0
5601,10000.0
5602,10000.0
5603,10000.0
5604,10000.0
5605,10000.0
5606,10000.0
5607,10000.0
5608,10000.0
5609,10000.0
5610,10000.0
5611,10000.0
5612,10000.0
5613,10000.0
5614,10000.0
5615,10000.0
5616,10000.0
5617,10000.0
5618,10000.0
5619,10000.0
5620,10000.0
5621,10000.0
5622,10000.0
5623,10000.0
5624,10000.0
5625,10000.0
5626,10000.0
5627,10000.0
5628,10000.0
5629,10000.0
5630,10000.0
5631,10000.0
5632,10000.0
5633,10000.0
5634,10000.0
5635,10000.0
5636,10000.0
5637,10000.0
5638,10000.0
5639,10000.0
5640,10000.0
5641,10000.0
5642,10000.0
5643,10000.0
5644,10000.0
5645,10000.0
5646,10000.0
5647,10000.0
5648,10000.0
5649,10000.0
5650,10000.0
5651,10000.0
5652,10000.0
5653,10000.0
5654,10000.0
5655,10000.0
5656,10000.0
5657,10000.0
5658,10000.0
5659,10000.0
5660,10000.0
5661,10000.0
5662,10000.0
5663,10000.0
5664,10000.0
5665,10000.0
5666,10000.0
5667,10000.0
5668,10000.0
5669,10000.0
5670,10000.0
5671,10000.0
5672,10000.0
5673,10000.0
5674,10000.0
5675,10000.0
5676,10000.0
5677,10000.0
5678,10000.0
5679,10000.0
5680,10000.0
5681,10000.0
5682,10000.0
5683,10000.0
5684,10000.0
5685,10000.0
5686,10000.0
5687,10000.0
5688,10000.0
5689,10000.0
5690,10000.0
5691,10000.0
5692,10000.0
5693,10000.0
5694,10000.0
5695,10000.0
5696,10000.0
5697,10000.0
5698,10000.0
5699,10000.0
5700,10000.0
5701,10000.0
5702,10000.0
5703,10000.0
5704,10000.0
5705,10000.0
5706,10000.0
5707,10000.0
5708,10000.0
5709,10000.0
5710,10000.0
5711,10000.0
5712,10000.0
5713,10000.0
5714,10000.0
5715,10000.0
5716,10000.0
5717,10000.0
5718,10000.0
5719,10000.0
5720,10000.0
5721,10000.0
5722,10000.0
5723,10000.0
5724,10000.0
5725,10000.0
5726,10000.0
5727,10000.0
5728,10000.0
5729,10000.0
5730,10000.0
5731,10000.0
5732,10000.0
5733,10000.0
5734,10000.0
5735,10000.0
5736,10000.0
5737,10000.0
5738,10000.0
5739,10000.0
5740,10000.0
5741,10000.0
5742,10000.0
5743,10000.0
5744,10000.0
5745,10000.0
5746,10000.0
5747,10000.0
5748,10000.0
5749,10000.0
5750,10000.0
5751,10000.0
5752,10000.0
5753,10000.0
5754,10000.0
5755,10000.0
5756,10000.0
5757,10000.0
5758,10000.0
5759,10000.0
5760,10000.0
5761,10000.0
5762,10000.0
5763,10000.0
5764,10000.0
5765,10000.0
5766,10000.0
5767,10000.0
5768,10000.0
5769,10000.0
5770,10000.0
5771,10000.0
5772,10000.0
5773,10000.0
5774,10000.0
5775,10000.0
5776,10000.0
5777,10000.0
5778,10000.0
5779,10000.0
5780,10000.0
5781,10000.0
5782,10000.0
5783,10000.0
5784,10000.0
5785,10000.0
5786,10000.0
5787,10000.0
5788,10000.0
5789,10000.0
5790,10000.0
5791,10000.0
5792,10000.0
5793,10000.0
5794,10000.0
5795,10000.0
5796,10000.0
5797,10000.0
5798,10000.0
5799,10000.0
5800,10000.0
5801,10000.0
5802,10000.0
5803,10000.0
5804,10000.0
5805,10000.0
5806,10000.0
5807,10000.0
5808,10000.0
5809,10000.0
5810,10000.0
5811,10000.0
5812,10000.0
5813,10000.0
5814,10000.0
5815,10000.0
5816,10000.0
5817,10000.0
5818,10000.0
5819,10000.0
5820,10000.0
5821,10000.0
5822,10000.0
5823,10000.0
5824,10000.0
5825,10000.0
5826,10000.0
5827,10000.0
5828,10000.0
5829,10000.0
5830,10000.0
5831,10000.0
5832,10000.0
5833,10000.0
5834,10000.0
5835,10000.0
5836,10000.0
5837,10000.0
5838,10000.0
5839,10000.0
5840,10000.0
5841,10000.0
5842,10000.0
5843,10000.0
5844,10000.0
5845,10000.0
5846,10000.0
5847,10000.0
5848,10000.0
5849,10000.0
5850,10000.0
5851,10000.0
5852,10000.0
5853,10000.0
5854,10000.0
5855,10000.0
5856,10000.0
5857,10000.0
5858,10000.0
5859,10000.0
5860,10000.0
5861,10000.0
5862,10000.0
5863,10000.0
5864,10000.0
5865,10000.0
5866,10000.0
5867,10000.0
5868,10000.0
5869,10000.0
5870,10000.0
5871,10000.0
5872,10000.0
5873,10000.0
5874,10000.0
5875,10000.0
5876,10000.0
5877,10000.0
5878,10000.0
5879,10000.0
5880,10000.0
5881,10000.0
5882,10000.0
5883,10000.0
5884,10000.0
5885,10000.0
5886,10000.0
5887,10000.0
5888,10000.0
5889,10000.0
5890,10000.0
5891,10000.0
5892,10000.0
5893,10000.0
5894,10000.0
5895,10000.0
5896,10000.0
5897,10000.0
5898,10000.0
5899,10000.0
5900,10000.0
5901,10000.0
5902,10000.0
5903,10000.0
5904,10000.0
5905,10000.0
5906,10000.0
5907,10000.0
5908,10000.0
5909,10000.0
5910,10000.0
5911,10000.0
5912,10000.0
5913,10000.0
5914,10000.0
5915,10000.0
5916,10000.0
5917,10000.0
5918,10000.0
5919,10000.0
5920,10000.0
5921,10000.0
5922,10000.0
5923,10000.0
5924,10000.0
5925,10000.0
5926,10000.0
5927,10000.0
5928,10000.0
5929,10000.0
5930,10000.0
5931,10000.0
5932,10000.0
5933,10000.0
5934,10000.0
5935,10000.0
5936,10000.0
5937,10000.0
5938,10000.0
5939,10000.0
5940,10000.0
5941,10000.0
5942,10000.0
5943,10000.0
5944,10000.0
5945,10000.0
5946,10000.0
5947,10000.0
5948,10000.0
5949,10000.0
5950,10000.0
5951,10000.0
5952,10000.0
5953,10000.0
5954,10000.0
5955,10000.0
5956,10000.0
5957,10000.0
5958,10000.0
5959,10000.0
5960,10000.0
5961,10000.0
5962,10000.0
5963,10000.0
5964,10000.0
5965,10000.0
5966,10000.0
5967,10000.0
5968,10000.0
5969,10000.0
5970,10000.0
5971,10000.0
5972,10000.0
5973,10000.0
5974,10000.0
5975,10000.0
5976,10000.0
5977,10000.0
5978,10000.0
5979,10000.0
5980,10000.0
5981,10000.0
5982,10000.0
5983,10000.0
5984,10000.0
5985,10000.0
5986,10000.0
5987,10000.0
5988,10000.0
5989,10000.0
5990,10000.0
5991,10000.0
5992,10000.0
5993,10000.0
5994,10000.0
5995,10000.0
5996,10000.0
5997,10000.0
5998,10000.0
5999,10000.0
6000,10000.0
6001,10000.0
6002,10000.0
6003,10000.0
6004,10000.0
6005,10000.0
6006,10000.0
6007,10000.0
6008,10000.0
6009,10000.0
6010,10000.0
6011,10000.0
6012,10000.0
6013,10000.0
6014,10000.0
6015,10000.0
6016,10000.0
6017,10000.0
6018,10000.0
6019,10000.0
6020,10000.0
6021,10000.0
6022,10000.0
6023,10000.0
6024,10000.0
6025,10000.0
6026,10000.0
6027,10000.0
6028,10000.0
6029,10000.0
6030,10000.0
6031,10000.0
6032,10000.0
6033,10000.0
6034,10000.0
6035,10000.0
6036,10000.0
6037,10000.0
6038,10000.0
6039,10000.0
6040,10000.0
6041,10000.0
6042,10000.0
6043,10000.0
6044,10000.0
6045,10000.0
6046,10000.0
6047,10000.0
6048,10000.0
6049,10000.0
6050,10000.0
6051,10000.0
6052,10000.0
6053,10000.0
6054,10000.0
6055,10000.0
6056,10000.0
6057,10000.0
6058,10000.0
6059,10000.0
6060,10000.0
6061,10000.0
6062,10000.0
6063,10000.0
6064,10000.0
6065,10000.0
6066,10000.0
6067,10000.0
6068,10000.0
6069,10000.0
6070,10000.0
6071,10000.0
6072,10000.0
6073,10000.0
6074,10000.0
6075,10000.0
6076,10000.0
6077,10000.0
6078,10000.0
6079,10000.0
6080,10000.0
6081,10000.0
6082,10000.0
6083,10000.0
6084,10000.0
6085,10000.0
6086,10000.0
6087,10000.0
6088,10000.0
6089,10000.0
6090,10000.0
6091,10000.0
6092,10000.0
6093,10000.0
6094,10000.0
6095,10000.0
6096,10000.0
6097,10000.0
6098,10000.0
6099,10000.0
6100,10000.0
6101,10000.0
6102,10000.0
6103,10000.0
6104,10000.0
6105,10000.0
6106,10000.0
6107,10000.0
6108,10000.0
6109,10000.0
6110,10000.0
6111,10000.0
6112,10000.0
6113,10000.0
6114,10000.0
6115,10000.0
6116,10000.0
6117,10000.0
6118,10000.0
6119,10000.0
6120,10000.0
6121,10000.0
6122,10000.0
6123,10000.0
6124,10000.0
6125,10000.0
6126,10000.0
6127,10000.0
6128,10000.0
6129,10000.0
6130,10000.0
6131,10000.0
6132,10000.0
6133,10000.0
6134,10000.0
6135,10000.0
6136,10000.0
6137,10000.0
6138,10000.0
6139,10000.0
6140,10000.0
6141,10000.0
6142,10000.0
6143,10000.0
6144,10000.0
6145,10000.0
6146,10000.0
6147,10000.0
6148,10000.0
6149,10000.0
6150,10000.0
6151,10000.0
6152,10000.0
6153,10000.0
6154,10000.0
6155,10000.0
6156,10000.0
6157,10000.0
6158,10000.0
6159,10000.0
6160,10000.0
6161,10000.0
6162,10000.0
6163,10000.0
6164,10000.0
6165,10000.0
6166,10000.0
6167,10000.0
6168,10000.0
6169,10000.0
6170,10000.0
6171,10000.0
6172,10000.0
6173,10000.0
6174,10000.0
6175,10000.0
6176,10000.0
6177,10000.0
6178,10000.0
6179,10000.0
6180,10000.0
6181,10000.0
6182,10000.0
6183,10000.0
6184,10000.0
6185,10000.0
6186,10000.0
6187,10000.0
6188,10000.0
6189,10000.0
6190,10000.0
6191,10000.0
6192,10000.0
6193,10000.0
6194,10000.0
6195,10000.0
6196,10000.0
6197,10000.0
6198,10000.0
6199,10000.0
6200,10000.0
6201,10000.0
6202,10000.0
6203,10000.0
6204,10000.0
6205,10000.0
6206,10000.0
6207,10000.0
6208,10000.0
6209,10000.0
6210,10000.0
6211,10000.0
6212,10000.0
6213,10000.0
6214,10000.0
6215,10000.0
6216,10000.0
6217,10000.0
6218,10000.0
6219,10000.0
6220,10000.0
6221,10000.0
6222,10000.0
6223,10000.0
6224,10000.0
6225,10000.0
6226,10000.0
6227,10000.0
6228,10000.0
6229,10000.0
6230,10000.0
6231,10000.0
6232,10000.0
6233,10000.0
6234,10000.0
6235,10000.0
6236,10000.0
6237,10000.0
6238,10000.0
6239,10000.0
6240,10000.0
6241,10000.0
6242,10000.0
6243,10000.0
6244,10000.0
6245,10000.0
6246,10000.0
6247,10000.0
6248,10000.0
6249,10000.0
6250,10000.0
6251,10000.0
6252,10000.0
6253,10000.0
6254,10000.0
6255,10000.0
6256,10000.0
6257,10000.0
6258,10000.0
6259,10000.0
6260,10000.0
6261,10000.0
6262,10000.0
6263,10000.0
6264,10000.0
6265,10000.0
6266,10000.0
6267,10000.0
6268,10000.0
6269,10000.0
6270,10000.0
6271,10000.0
6272,10000.0
6273,10000.0
6274,10000.0
6275,10000.0
6276,10000.0
6277,10000.0
6278,10000.0
6279,10000.0
6280,10000.0
6281,10000.0
6282,10000.0
6283,10000.0
6284,10000.0
6285,10000.0
6286,10000.0
6287,10000.0
6288,10000.0
6289,10000.0
6290,10000.0
6291,10000.0
6292,10000.0
6293,10000.0
6294,10000.0
6295,10000.0
6296,10000.0
6297,10000.0
6298,10000.0
6299,10000.0
6300,10000.0
6301,10000.0
6302,10000.0
6303,10000.0
6304,10000.0
6305,10000.0
6306,10000.0
6307,10000.0
6308,10000.0
6309,10000.0
6310,10000.0
6311,10000.0
6312,10000.0
6313,10000.0
6314,10000.0
6315,10000.0
6316,10000.0
6317,10000.0
6318,10000.0
6319,10000.0
6320,10000.0
6321,10000.0
6322,10000.0
6323,10000.0
6324,10000.0
6325,10000.0
6326,10000.0
6327,10000.0
6328,10000.0
6329,10000.0
6330,10000.0
6331,10000.0
6332,10000.0
6333,10000.0
6334,10000.0
6335,10000.0
6336,10000.0
6337,10000.0
6338,10000.0
6339,10000.0
6340,10000.0
6341,10000.0
6342,10000.0
6343,10000.0
6344,10000.0
6345,10000.0
6346,10000.0
6347,10000.0
6348,10000.0
6349,10000.0
6350,10000.0
6351,10000.0
6352,10000.0
6353,10000.0
6354,10000.0
6355,10000.0
6356,10000.0
6357,10000.0
6358,10000.0
6359,10000.0
6360,10000.0
6361,10000.0
6362,10000.0
6363,10000.0
6364,10000.0
6365,10000.0
6366,10000.0
6367,10000.0
6368,10000.0
6369,10000.0
6370,10000.0
6371,10000.0
6372,10000.0
6373,10000.0
6374,10000.0
6375,10000.0
6376,10000.0
6377,10000.0
6378,10000.0
6379,10000.0
6380,10000.0
6381,10000.0
6382,10000.0
6383,10000.0
6384,10000.0
6385,10000.0
6386,10000.0
6387,10000.0
6388,10000.0
6389,10000.0
6390,10000.0
6391,10000.0
6392,10000.0
6393,10000.0
6394,10000.0
6395,10000.0
6396,10000.0
6397,10000.0
6398,10000.0
6399,10000.0
6400,10000.0
6401,10000.0
6402,10000.0
6403,10000.0
6404,10000.0
6405,10000.0
6406,10000.0
6407,10000.0
6408,10000.0
6409,10000.0
6410,10000.0
6411,10000.0
6412,10000.0
6413,10000.0
6414,10000.0
6415,10000.0
6416,10000.0
6417,10000.0
6418,10000.0
6419,10000.0
6420,10000.0
6421,10000.0
6422,10000.0
6423,10000.0
6424,10000.0
6425,10000.0
6426,10000.0
6427,10000.0
6428,10000.0
6429,10000.0
6430,10000.0
6431,10000.0
6432,10000.0
6433,10000.0
6434,10000.0
6435,10000.0
6436,10000.0
6437,10000.0
6438,10000.0
6439,10000.0
6440,10000.0
6441,10000.0
6442,10000.0
6443,10000.0
6444,10000.0
6445,10000.0
6446,10000.0
6447,10000.0
6448,10000.0
6449,10000.0
6450,10000.0
6451,10000.0
6452,10000.0
6453,10000.0
6454,10000.0
6455,10000.0
6456,10000.0
6457,10000.0
6458,10000.0
6459,10000.0
6460,10000.0
6461,10000.0
6462,10000.0
6463,10000.0
6464,10000.0
6465,10000.0
6466,10000.0
6467,10000.0
6468,10000.0
6469,10000.0
6470,10000.0
6471,10000.0
6472,10000.0
6473,10000.0
6474,10000.0
6475,10000.0
6476,10000.0
6477,10000.0
6478,10000.0
6479,10000.0
6480,10000.0
6481,10000.0
6482,10000.0
6483,10000.0
6484,10000.0
6485,10000.0
6486,10000.0
6487,10000.0
6488,10000.0
6489,10000.0
6490,10000.0
6491,10000.0
6492,10000.0
6493,10000.0
6494,10000.0
6495,10000.0
6496,10000.0
6497,10000.0
6498,10000.0
6499,10000.0
6500,10000.0
6501,10000.0
6502,10000.0
6503,10000.0
6504,10000.0
6505,10000.0
6506,10000.0
6507,10000.0
6508,10000.0
6509,10000.0
6510,10000.0
6511,10000.0
6512,10000.0
6513,10000.0
6514,10000.0
6515,10000.0
6516,10000.0
6517,10000.0
6518,10000.0
6519,10000.0
6520,10000.0
6521,10000.0
6522,10000.0
6523,10000.0
6524,10000.0
6525,10000.0
6526,10000.0
6527,10000.0
6528,10000.0
6529,10000.0
6530,10000.0
6531,10000.0
6532,10000.0
6533,10000.0
6534,10000.0
6535,10000.0
6536,10000.0
6537,10000.0
6538,10000.0
6539,10000.0
6540,10000.0
6541,10000.0
6542,10000.0
6543,10000.0
6544,10000.0
6545,10000.0
6546,10000.0
6547,10000.0
6548,10000.0
6549,10000.0
6550,10000.0
6551,10000.0
6552,10000.0
6553,10000.0
6554,10000.0
6555,10000.0
6556,10000.0
6557,10000.0
6558,10000.0
6559,10000.0
6560,10000.0
6561,10000.0
6562,10000.0
6563,10000.0
6564,10000.0
6565,10000.0
6566,10000.0
6567,10000.0
6568,10000.0
6569,10000.0
6570,10000.0
6571,10000.0
6572,10000.0
6573,10000.0
6574,10000.0
6575,10000.0
6576,10000.0
6577,10000.0
6578,10000.0
6579,10000.0
6580,10000.0
6581,10000.0
6582,10000.0
6583,10000.0
6584,10000.0
6585,10000.0
6586,10000.0
6587,10000.0
6588,10000.0
6589,10000.0
6590,10000.0
6591,10000.0
6592,10000.0
6593,10000.0
6594,10000.0
6595,10000.0
6596,10000.0
6597,10000.0
6598,10000.0
6599,10000.0
6600,10000.0
6601,10000.0
6602,10000.0
6603,10000.0
6604,10000.0
6605,10000.0
6606,10000.0
6607,10000.0
6608,10000.0
6609,10000.0
6610,10000.0
6611,10000.0
6612,10000.0
6613,10000.0
6614,10000.0
6615,10000.0
6616,10000.0
6617,10000.0
6618,10000.0
6619,10000.0
6620,10000.0
6621,10000.0
6622,10000.0
6623,10000.0
6624,10000.0
6625,10000.0
6626,10000.0
6627,10000.0
6628,10000.0
6629,10000.0
6630,10000.0
6631,10000.0
6632,10000.0
6633,10000.0
6634,10000.0
6635,10000.0
6636,10000.0
6637,10000.0
6638,10000.0
6639,10000.0
6640,10000.0
6641,10000.0
6642,10000.0
6643,10000.0
6644,10000.0
6645,10000.0
6646,10000.0
6647,10000.0
6648,10000.0
6649,10000.0
6650,10000.0
6651,10000.0
6652,10000.0
6653,10000.0
6654,10000.0
6655,10000.0
6656,10000.0
6657,10000.0
6658,10000.0
6659,10000.0
6660,10000.0
6661,10000.0
6662,10000.0
6663,10000.0
6664,10000.0
6665,10000.0
6666,10000.0
6667,10000.0
6668,10000.0
6669,10000.0
6670,10000.0
6671,10000.0
6672,10000.0
6673,10000.0
6674,10000.0
6675,10000.0
6676,10000.0
6677,10000.0
6678,10000.0
6679,10000.0
6680,10000.0
6681,10000.0
6682,10000.0
6683,10000.0
6684,10000.0
6685,10000.0
6686,10000.0
6687,10000.0
6688,10000.0
6689,10000.0
6690,10000.0
6691,10000.0
6692,10000.0
6693,10000.0
6694,10000.0
6695,10000.0
6696,10000.0
6697,10000.0
6698,10000.0
6699,10000.0
6700,10000.0
6701,10000.0
6702,10000.0
6703,10000.0
6704,10000.0
6705,10000.0
6706,10000.0
6707,10000.0
6708,10000.0
6709,10000.0
6710,10000.0
6711,10000.0
6712,10000.0
6713,10000.0
6714,10000.0
6715,10000.0
6716,10000.0
6717,10000.0
6718,10000.0
6719,10000.0
6720,10000.0
6721,10000.0
6722,10000.0
6723,10000.0
6724,10000.0
6725,10000.0
6726,10000.0
6727,10000.0
6728,10000.0
6729,10000.0
6730,10000.0
6731,10000.0
6732,10000.0
6733,10000.0
6734,10000.0
6735,10000.0
6736,10000.0
6737,10000.0
6738,10000.0
6739,10000.0
6740,10000.0
6741,10000.0
6742,10000.0
6743,10000.0
6744,10000.0
6745,10000.0
6746,10000.0
6747,10000.0
6748,10000.0
6749,10000.0
6750,10000.0
6751,10000.0
6752,10000.0
6753,10000.0
6754,10000.0
6755,10000.0
6756,10000.0
6757,10000.0
6758,10000.0
6759,10000.0
6760,10000.0
6761,10000.0
6762,10000.0
6763,10000.0
6764,10000.0
6765,10000.0
6766,10000.0
6767,10000.0
6768,10000.0
6769,10000.0
6770,10000.0
6771,10000.0
6772,10000.0
6773,10000.0
6774,10000.0
6775,10000.0
6776,10000.0
6777,10000.0
6778,10000.0
6779,10000.0
6780,10000.0
6781,10000.0
6782,10000.0
6783,10000.0
6784,10000.0
6785,10000.0
6786,10000.0
6787,10000.0
6788,10000.0
6789,10000.0
6790,10000.0
6791,10000.0
6792,10000.0
6793,10000.0
6794,10000.0
6795,10000.0
6796,10000.0
6797,10000.0
6798,10000.0
6799,10000.0
6800,10000.0
6801,10000.0
6802,10000.0
6803,10000.0
6804,10000.0
6805,10000.0
6806,10000.0
6807,10000.0
6808,10000.0
6809,10000.0
6810,10000.0
6811,10000.0
6812,10000.0
6813,10000.0
6814,10000.0
6815,10000.0
6816,10000.0
6817,10000.0
6818,10000.0
6819,10000.0
6820,10000.0
6821,10000.0
6822,10000.0
6823,10000.0
6824,10000.0
6825,10000.0
6826,10000.0
6827,10000.0
6828,10000.0
6829,10000.0
6830,10000.0
6831,10000.0
6832,10000.0
6833,10000.0
6834,10000.0
6835,10000.0
6836,10000.0
6837,10000.0
6838,10000.0
6839,10000.0
6840,10000.0
6841,10000.0
6842,10000.0
6843,10000.0
6844,10000.0
6845,10000.0
6846,10000.0
6847,10000.0
6848,10000.0
6849,10000.0
6850,10000.0
6851,10000.0
6852,10000.0
6853,10000.0
6854,10000.0
6855,10000.0
6856,10000.0
6857,10000.0
6858,10000.0
6859,10000.0
6860,10000.0
6861,10000.0
6862,10000.0
6863,10000.0
6864,10000.0
6865,10000.0
6866,10000.0
6867,10000.0
6868,10000.0
6869,10000.0
6870,10000.0
6871,10000.0
6872,10000.0
6873,10000.0
6874,10000.0
6875,10000.0
6876,10000.0
6877,10000.0
6878,10000.0
6879,10000.0
6880,10000.0
6881,10000.0
6882,10000.0
6883,10000.0
6884,10000.0
6885,10000.0
6886,10000.0
6887,10000.0
6888,10000.0
6889,10000.0
6890,10000.0
6891,10000.0
6892,10000.0
6893,10000.0
6894,10000.0
6895,10000.0
6896,10000.0
6897,10000.0
6898,10000.0
6899,10000.0
6900,10000.0
6901,10000.0
6902,10000.0
6903,10000.0
6904,10000.0
6905,10000.0
6906,10000.0
6907,10000.0
6908,10000.0
6909,10000.0
6910,10000.0
6911,10000.0
6912,10000.0
6913,10000.0
6914,10000.0
6915,10000.0
6916,10000.0
6917,10000.0
6918,10000.0
6919,10000.0
6920,10000.0
6921,10000.0
6922,10000.0
6923,10000.0
6924,10000.0
6925,10000.0
6926,10000.0
6927,10000.0
6928,10000.0
6929,10000.0
6930,10000.0
6931,10000.0
6932,10000.0
6933,10000.0
6934,10000.0
6935,10000.0
6936,10000.0
6937,10000.0
6938,10000.0
6939,10000.0
6940,10000.0
6941,10000.0
6942,10000.0
6943,10000.0
6944,10000.0
6945,10000.0
6946,10000.0
6947,10000.0
6948,10000.0
6949,10000.0
6950,10000.0
6951,10000.0
6952,10000.0
6953,10000.0
6954,10000.0
6955,10000.0
6956,10000.0
6957,10000.0
6958,10000.0
6959,10000.0
6960,10000.0
6961,10000.0
6962,10000.0
6963,10000.0
6964,10000.0
6965,10000.0
6966,10000.0
6967,10000.0
6968,10000.0
6969,10000.0
6970,10000.0
6971,10000.0
6972,10000.0
6973,10000.0
6974,10000.0
6975,10000.0
6976,10000.0
6977,10000.0
6978,10000.0
6979,10000.0
6980,10000.0
6981,10000.0
6982,10000.0
6983,10000.0
6984,10000.0
6985,10000.0
6986,10000.0
6987,10000.0
6988,10000.0
6989,10000.0
6990,10000.0
6991,10000.0
6992,10000.0
6993,10000.0
6994,10000.0
6995,10000.0
6996,10000.0
6997,10000.0
6998,10000.0
6999,10000.0
7000,10000.0
7001,10000.0
7002,10000.0
7003,10000.0
7004,10000.0
7005,10000.0
7006,10000.0
7007,10000.0
7008,10000.0
7009,10000.0
7010,10000.0
7011,10000.0
7012,10000.0
7013,10000.0
7014,10000.0
7015,10000.0
7016,10000.0
7017,10000.0
7018,10000.0
7019,10000.0
7020,10000.0
7021,10000.0
7022,10000.0
7023,10000.0
7024,10000.0
7025,10000.0
7026,10000.0
7027,10000.0
7028,10000.0
7029,10000.0
7030,10000.0
7031,10000.0
7032,10000.0
7033,10000.0
7034,10000.0
7035,10000.0
7036,10000.0
7037,10000.0
7038,10000.0
7039,10000.0
7040,10000.0
7041,10000.0
7042,10000.0
7043,10000.0
7044,10000.0
7045,10000.0
7046,10000.0
7047,10000.0
7048,10000.0
7049,10000.0
7050,10000.0
7051,10000.0
7052,10000.0
7053,10000.0
7054,10000.0
7055,10000.0
7056,10000.0
7057,10000.0
7058,10000.0
7059,10000.0
7060,10000.0
7061,10000.0
7062,10000.0
7063,10000.0
7064,10000.0
7065,10000.0
7066,10000.0
7067,10000.0
7068,10000.0
7069,10000.0
7070,10000.0
7071,10000.0
7072,10000.0
7073,10000.0
7074,10000.0
7075,10000.0
7076,10000.0
7077,10000.0
7078,10000.0
7079,10000.0
7080,10000.0
7081,10000.0
7082,10000.0
7083,10000.0
7084,10000.0
7085,10000.0
7086,10000.0
7087,10000.0
7088,10000.0
7089,10000.0
7090,10000.0
7091,10000.0
7092,10000.0
7093,10000.0
7094,10000.0
7095,10000.0
7096,10000.0
7097,10000.0
7098,10000.0
7099,10000.0
7100,10000.0
7101,10000.0
7102,10000.0
7103,10000.0
7104,10000.0
7105,10000.0
7106,10000.0
7107,10000.0
7108,10000.0
7109,10000.0
7110,10000.0
7111,10000.0
7112,10000.0
7113,10000.0
7114,10000.0
7115,10000.0
7116,10000.0
7117,10000.0
7118,10000.0
7119,10000.0
7120,10000.0
7121,10000.0
7122,10000.0
7123,10000.0
7124,10000.0
7125,10000.0
7126,10000.0
7127,10000.0
7128,10000.0
7129,10000.0
7130,10000.0
7131,10000.0
7132,10000.0
7133,10000.0
7134,10000.0
7135,10000.0
7136,10000.0
7137,10000.0
7138,10000.0
7139,10000.0
7140,10000.0
7141,10000.0
7142,10000.0
7143,10000.0
7144,10000.0
7145,10000.0
7146,10000.0
7147,10000.0
7148,10000.0
7149,10000.0
7150,10000.0
7151,10000.0
7152,10000.0
7153,10000.0
7154,10000.0
7155,10000.0
7156,10000.0
7157,10000.0
7158,10000.0
7159,10000.0
7160,10000.0
7161,10000.0
7162,10000.0
7163,10000.0
7164,10000.0
7165,10000.0
7166,10000.0
7167,10000.0
7168,10000.0
7169,10000.0
7170,10000.0
7171,10000.0
7172,10000.0
7173,10000.0
7174,10000.0
7175,10000.0
7176,10000.0
7177,10000.0
7178,10000.0
7179,10000.0
7180,10000.0
7181,10000.0
7182,10000.0
7183,10000.0
7184,10000.0
7185,10000.0
7186,10000.0
7187,10000.0
7188,10000.0
7189,10000.0
7190,10000.0
7191,10000.0
7192,10000.0
7193,10000.0
7194,10000.0
7195,10000.0
7196,10000.0
7197,10000.0
7198,10000.0
7199,10000.0
7200,10000.0
7201,10000.0
7202,10000.0
7203,10000.0
7204,10000.0
7205,10000.0
7206,10000.0
7207,10000.0
7208,10000.0
7209,10000.0
7210,10000.0
7211,10000.0
7212,10000.0
7213,10000.0
7214,10000.0
7215,10000.0
7216,10000.0
7217,10000.0
7218,10000.0
7219,10000.0
7220,10000.0
7221,10000.0
7222,10000.0
7223,10000.0
7224,10000.0
7225,10000.0
7226,10000.0
7227,10000.0
7228,10000.0
7229,10000.0
7230,10000.0
7231,10000.0
7232,10000.0
7233,10000.0
7234,10000.0
7235,10000.0
7236,10000.0
7237,10000.0
7238,10000.0
7239,10000.0
7240,10000.0
7241,10000.0
7242,10000.0
7243,10000.0
7244,10000.0
7245,10000.0
7246,10000.0
7247,10000.0
7248,10000.0
7249,10000.0
7250,10000.0
7251,10000.0
7252,10000.0
7253,10000.0
7254,10000.0
7255,10000.0
7256,10000.0
7257,10000.0
7258,10000.0
7259,10000.0
7260,10000.0
7261,10000.0
7262,10000.0
7263,10000.0
7264,10000.0
7265,10000.0
7266,10000.0
7267,10000.0
7268,10000.0
7269,10000.0
7270,10000.0
7271,10000.0
7272,10000.0
7273,10000.0
7274,10000.0
7275,10000.0
7276,10000.0
7277,10000.0
7278,10000.0
7279,10000.0
7280,10000.0
7281,10000.0
7282,10000.0
7283,10000.0
7284,10000.0
7285,10000.0
7286,10000.0
7287,10000.0
7288,10000.0
7289,10000.0
7290,10000.0
7291,10000.0
7292,10000.0
7293,10000.0
7294,10000.0
7295,10000.0
7296,10000.0
7297,10000.0
7298,10000.0
7299,10000.0
7300,10000.0
7301,10000.0
7302,10000.0
7303,10000.0
7304,10000.0
7305,10000.0
7306,10000.0
7307,10000.0
7308,10000.0
7309,10000.0
7310,10000.0
7311,10000.0
7312,10000.0
7313,10000.0
7314,10000.0
7315,10000.0
7316,10000.0
7317,10000.0
7318,10000.0
7319,10000.0
7320,10000.0
7321,10000.0
7322,10000.0
7323,10000.0
7324,10000.0
7325,10000.0
7326,10000.0
7327,10000.0
7328,10000.0
7329,10000.0
7330,10000.0
7331,10000.0
7332,10000.0
7333,10000.0
7334,10000.0
7335,10000.0
7336,10000.0
7337,10000.0
7338,10000.0
7339,10000.0
7340,10000.0
7341,10000.0
7342,10000.0
7343,10000.0
7344,10000.0
7345,10000.0
7346,10000.0
7347,10000.0
7348,10000.0
7349,10000.0
7350,10000.0
7351,10000.0
7352,10000.0
7353,10000.0
7354,10000.0
7355,10000.0
7356,10000.0
7357,10000.0
7358,10000.0
7359,10000.0
7360,10000.0
7361,10000.0
7362,10000.0
7363,10000.0
7364,10000.0
7365,10000.0
7366,10000.0
7367,10000.0
7368,10000.0
7369,10000.0
7370,10000.0
7371,10000.0
7372,10000.0
7373,10000.0
7374,10000.0
7375,10000.0
7376,10000.0
7377,10000.0
7378,10000.0
7379,10000.0
7380,10000.0
7381,10000.0
7382,10000.0
7383,10000.0
7384,10000.0
7385,10000.0
7386,10000.0
7387,10000.0
7388,10000.0
7389,10000.0
7390,10000.0
7391,10000.0
7392,10000.0
7393,10000.0
7394,10000.0
7395,10000.0
7396,10000.0
7397,10000.0
7398,10000.0
7399,10000.0
7400,10000.0
7401,10000.0
7402,10000.0
7403,10000.0
7404,10000.0
7405,10000.0
7406,10000.0
7407,10000.0
7408,10000.0
7409,10000.0
7410,10000.0
7411,10000.0
7412,10000.0
7413,10000.0
7414,10000.0
7415,10000.0
7416,10000.0
7417,10000.0
7418,10000.0
7419,10000.0
7420,10000.0
7421,10000.0
7422,10000.0
7423,10000.0
7424,10000.0
7425,10000.0
7426,10000.0
7427,10000.0
7428,10000.0
7429,10000.0
7430,10000.0
7431,10000.0
7432,10000.0
7433,10000.0
7434,10000.0
7435,10000.0
7436,10000.0
7437,10000.0
7438,10000.0
7439,10000.0
7440,10000.0
7441,10000.0
7442,10000.0
7443,10000.0
7444,10000.0
7445,10000.0
7446,10000.0
7447,10000.0
7448,10000.0
7449,10000.0
7450,10000.0
7451,10000.0
7452,10000.0
7453,10000.0
7454,10000.0
7455,10000.0
7456,10000.0
7457,10000.0
7458,10000.0
7459,10000.0
7460,10000.0
7461,10000.0
7462,10000.0
7463,10000.0
7464,10000.0
7465,10000.0
7466,10000.0
7467,10000.0
7468,10000.0
7469,10000.0
7470,10000.0
7471,10000.0
7472,10000.0
7473,10000.0
7474,10000.0
7475,10000.0
7476,10000.0
7477,10000.0
7478,10000.0
7479,10000.0
7480,10000.0
7481,10000.0
7482,10000.0
7483,10000.0
7484,10000.0
7485,10000.0
7486,10000.0
7487,10000.0
7488,10000.0
7489,10000.0
7490,10000.0
7491,10000.0
7492,10000.0
7493,10000.0
7494,10000.0
7495,10000.0
7496,10000.0
7497,10000.0
7498,10000.0
7499,10000.0
7500,10000.0
7501,10000.0
7502,10000.0
7503,10000.0
7504,10000.0
7505,10000.0
7506,10000.0
7507,10000.0
7508,10000.0
7509,10000.0
7510,10000.0
7511,10000.0
7512,10000.0
7513,10000.0
7514,10000.0
7515,10000.0
7516,10000.0
7517,10000.0
7518,10000.0
7519,10000.0
7520,10000.0
7521,10000.0
7522,10000.0
7523,10000.0
7524,10000.0
7525,10000.0
7526,10000.0
7527,10000.0
7528,10000.0
7529,10000.0
7530,10000.0
7531,10000.0
7532,10000.0
7533,10000.0
7534,10000.0
7535,10000.0
7536,10000.0
7537,10000.0
7538,10000.0
7539,10000.0
7540,10000.0
7541,10000.0
7542,10000.0
7543,10000.0
7544,10000.0
7545,10000.0
7546,10000.0
7547,10000.0
7548,10000.0
7549,10000.0
7550,10000.0
7551,10000.0
7552,10000.0
7553,10000.0
7554,10000.0
7555,10000.0
7556,10000.0
7557,10000.0
7558,10000.0
7559,10000.0
7560,10000.0
7561,10000.0
7562,10000.0
7563,10000.0
7564,10000.0
7565,10000.0
7566,10000.0
7567,10000.0
7568,10000.0
7569,10000.0
7570,10000.0
7571,10000.0
7572,10000.0
7573,10000.0
7574,10000.0
7575,10000.0
7576,10000.0
7577,10000.0
7578,10000.0
7579,10000.0
7580,10000.0
7581,10000.0
7582,10000.0
7583,10000.0
7584,10000.0
7585,10000.0
7586,10000.0
7587,10000.0
7588,10000.0
7589,10000.0
7590,10000.0
7591,10000.0
7592,10000.0
7593,10000.0
7594,10000.0
7595,10000.0
7596,10000.0
7597,10000.0
7598,10000.0
7599,10000.0
7600,10000.0
7601,10000.0
7602,10000.0
7603,10000.0
7604,10000.0
7605,10000.0
7606,10000.0
7607,10000.0
7608,10000.0
7609,10000.0
7610,10000.0
7611,10000.0
7612,10000.0
7613,10000.0
7614,10000.0
7615,10000.0
7616,10000.0
7617,10000.0
7618,10000.0
7619,10000.0
7620,10000.0
7621,10000.0
7622,10000.0
7623,10000.0
7624,10000.0
7625,10000.0
7626,10000.0
7627,10000.0
7628,10000.0
7629,10000.0
7630,10000.0
7631,10000.0
7632,10000.0
7633,10000.0
7634,10000.0
7635,10000.0
7636,10000.0
7637,10000.0
7638,10000.0
7639,10000.0
7640,10000.0
7641,10000.0
7642,10000.0
7643,10000.0
7644,10000.0
7645,10000.0
7646,10000.0
7647,10000.0
7648,10000.0
7649,10000.0
7650,10000.0
7651,10000.0
7652,10000.0
7653,10000.0
7654,10000.0
7655,10000.0
7656,10000.0
7657,10000.0
7658,10000.0
7659,10000.0
7660,10000.0
7661,10000.0
7662,10000.0
7663,10000.0
7664,10000.0
7665,10000.0
7666,10000.0
7667,10000.0
7668,10000.0
7669,10000.0
7670,10000.0
7671,10000.0
7672,10000.0
7673,10000.0
7674,10000.0
7675,10000.0
7676,10000.0
7677,10000.0
7678,10000.0
7679,10000.0
7680,10000.0
7681,10000.0
7682,10000.0
7683,10000.0
7684,10000.0
7685,10000.0
7686,10000.0
7687,10000.0
7688,10000.0
7689,10000.0
7690,10000.0
7691,10000.0
7692,10000.0
7693,10000.0
7694,10000.0
7695,10000.0
7696,10000.0
7697,10000.0
7698,10000.0
7699,10000.0
7700,10000.0
7701,10000.0
7702,10000.0
7703,10000.0
7704,10000.0
7705,10000.0
7706,10000.0
7707,10000.0
7708,10000.0
7709,10000.0
7710,10000.0
7711,10000.0
7712,10000.0
7713,10000.0
7714,10000.0
7715,10000.0
7716,10000.0
7717,10000.0
7718,10000.0
7719,10000.0
7720,10000.0
7721,10000.0
7722,10000.0
7723,10000.0
7724,10000.0
7725,10000.0
7726,10000.0
7727,10000.0
7728,10000.0
7729,10000.0
7730,10000.0
7731,10000.0
7732,10000.0
7733,10000.0
7734,10000.0
7735,10000.0
7736,10000.0
7737,10000.0
7738,10000.0
7739,10000.0
7740,10000.0
7741,10000.0
7742,10000.0
7743,10000.0
7744,10000.0
7745,10000.0
7746,10000.0
7747,10000.0
7748,10000.0
7749,10000.0
7750,10000.0
7751,10000.0
7752,10000.0
7753,10000.0
7754,10000.0
7755,10000.0
7756,10000.0
7757,10000.0
7758,10000.0
7759,10000.0
7760,10000.0
7761,10000.0
7762,10000.0
7763,10000.0
7764,10000.0
7765,10000.0
7766,10000.0
7767,10000.0
7768,10000.0
7769,10000.0
7770,10000.0
7771,10000.0
7772,10000.0
7773,10000.0
7774,10000.0
7775,10000.0
7776,10000.0
7777,10000.0
7778,10000.0
7779,10000.0
7780,10000.0
7781,10000.0
7782,10000.0
7783,10000.0
7784,10000.0
7785,10000.0
7786,10000.0
7787,10000.0
7788,10000.0
7789,10000.0
7790,10000.0
7791,10000.0
7792,10000.0
7793,10000.0
7794,10000.0
7795,10000.0
7796,10000.0
7797,10000.0
7798,10000.0
7799,10000.0
7800,10000.0
7801,10000.0
7802,10000.0
7803,10000.0
7804,10000.0
7805,10000.0
7806,10000.0
7807,10000.0
7808,10000.0
7809,10000.0
7810,10000.0
7811,10000.0
7812,10000.0
7813,10000.0
7814,10000.0
7815,10000.0
7816,10000.0
7817,10000.0
7818,10000.0
7819,10000.0
7820,10000.0
7821,10000.0
7822,10000.0
7823,10000.0
7824,10000.0
7825,10000.0
7826,10000.0
7827,10000.0
7828,10000.0
7829,10000.0
7830,10000.0
7831,10000.0
7832,10000.0
7833,10000.0
7834,10000.0
7835,10000.0
7836,10000.0
7837,10000.0
7838,10000.0
7839,10000.0
7840,10000.0
7841,10000.0
7842,10000.0
7843,10000.0
7844,10000.0
7845,10000.0
7846,10000.0
7847,10000.0
7848,10000.0
7849,10000.0
7850,10000.0
7851,10000.0
7852,10000.0
7853,10000.0
7854,10000.0
7855,10000.0
7856,10000.0
7857,10000.0
7858,10000.0
7859,10000.0
7860,10000.0
7861,10000.0
7862,10000.0
7863,10000.0
7864,10000.0
7865,10000.0
7866,10000.0
7867,10000.0
7868,10000.0
7869,10000.0
7870,10000.0
7871,10000.0
7872,10000.0
7873,10000.0
7874,10000.0
7875,10000.0
7876,10000.0
7877,10000.0
7878,10000.0
7879,10000.0
7880,10000.0
7881,10000.0
7882,10000.0
7883,10000.0
7884,10000.0
7885,10000.0
7886,10000.0
7887,10000.0
7888,10000.0
7889,10000.0
7890,10000.0
7891,10000.0
7892,10000.0
7893,10000.0
7894,10000.0
7895,10000.0
7896,10000.0
7897,10000.0
7898,10000.0
7899,10000.0
7900,10000.0
7901,10000.0
7902,10000.0
7903,10000.0
7904,10000.0
7905,10000.0
7906,10000.0
7907,10000.0
7908,10000.0
7909,10000.0
7910,10000.0
7911,10000.0
7912,10000.0
7913,10000.0
7914,10000.0
7915,10000.0
7916,10000.0
7917,10000.0
7918,10000.0
7919,10000.0
7920,10000.0
7921,10000.0
7922,10000.0
7923,10000.0
7924,10000.0
7925,10000.0
7926,10000.0
7927,10000.0
7928,10000.0
7929,10000.0
7930,10000.0
7931,10000.0
7932,10000.0
7933,10000.0
7934,10000.0
7935,10000.0
7936,10000.0
7937,10000.0
7938,10000.0
7939,10000.0
7940,10000.0
7941,10000.0
7942,10000.0
7943,10000.0
7944,10000.0
7945,10000.0
7946,10000.0
7947,10000.0
7948,10000.0
7949,10000.0
7950,10000.0
7951,10000.0
7952,10000.0
7953,10000.0
7954,10000.0
7955,10000.0
7956,10000.0
7957,10000.0
7958,10000.0
7959,10000.0
7960,10000.0
7961,10000.0
7962,10000.0
7963,10000.0
7964,10000.0
7965,10000.0
7966,10000.0
7967,10000.0
7968,10000.0
7969,10000.0
7970,10000.0
7971,10000.0
7972,10000.0
7973,10000.0
7974,10000.0
7975,10000.0
7976,10000.0
7977,10000.0
7978,10000.0
7979,10000.0
7980,10000.0
7981,10000.0
7982,10000.0
7983,10000.0
7984,10000.0
7985,10000.0
7986,10000.0
7987,10000.0
7988,10000.0
7989,10000.0
7990,10000.0
7991,10000.0
7992,10000.0
7993,10000.0
7994,10000.0
7995,10000.0
7996,10000.0
7997,10000.0
7998,10000.0
7999,10000.0
8000,10000.0
8001,10000.0
8002,10000.0
8003,10000.0
8004,10000.0
8005,10000.0
8006,10000.0
8007,10000.0
8008,10000.0
8009,10000.0
8010,10000.0
8011,10000.0
8012,10000.0
8013,10000.0
8014,10000.0
8015,10000.0
8016,10000.0
8017,10000.0
8018,10000.0
8019,10000.0
8020,10000.0
8021,10000.0
8022,10000.0
8023,10000.0
8024,10000.0
8025,10000.0
8026,10000.0
8027,10000.0
8028,10000.0
8029,10000.0
8030,10000.0
8031,10000.0
8032,10000.0
8033,10000.0
8034,10000.0
8035,10000.0
8036,10000.0
8037,10000.0
8038,10000.0
8039,10000.0
8040,10000.0
8041,10000.0
8042,10000.0
8043,10000.0
8044,10000.0
8045,10000.0
8046,10000.0
8047,10000.0
8048,10000.0
8049,10000.0
8050,10000.0
8051,10000.0
8052,10000.0
8053,10000.0
8054,10000.0
8055,10000.0
8056,10000.0
8057,10000.0
8058,10000.0
8059,10000.0
8060,10000.0
8061,10000.0
8062,10000.0
8063,10000.0
8064,10000.0
8065,10000.0
8066,10000.0
8067,10000.0
8068,10000.0
8069,10000.0
8070,10000.0
8071,10000.0
8072,10000.0
8073,10000.0
8074,10000.0
8075,10000.0
8076,10000.0
8077,10000.0
8078,10000.0
8079,10000.0
8080,10000.0
8081,10000.0
8082,10000.0
8083,10000.0
8084,10000.0
8085,10000.0
8086,10000.0
8087,10000.0
8088,10000.0
8089,10000.0
8090,10000.0
8091,10000.0
8092,10000.0
8093,10000.0
8094,10000.0
8095,10000.0
8096,10000.0
8097,10000.0
8098,10000.0
8099,10000.0
8100,10000.0
8101,10000.0
8102,10000.0
8103,10000.0
8104,10000.0
8105,10000.0
8106,10000.0
8107,10000.0
8108,10000.0
8109,10000.0
8110,10000.0
8111,10000.0
8112,10000.0
8113,10000.0
8114,10000.0
8115,10000.0
8116,10000.0
8117,10000.0
8118,10000.0
8119,10000.0
8120,10000.0
8121,10000.0
8122,10000.0
8123,10000.0
8124,10000.0
8125,10000.0
8126,10000.0
8127,10000.0
8128,10000.0
8129,10000.0
8130,10000.0
8131,10000.0
8132,10000.0
8133,10000.0
8134,10000.0
8135,10000.0
8136,10000.0
8137,10000.0
8138,10000.0
8139,10000.0
8140,10000.0
8141,10000.0
8142,10000.0
8143,10000.0
8144,10000.0
8145,10000.0
8146,10000.0
8147,10000.0
8148,10000.0
8149,10000.0
8150,10000.0
8151,10000.0
8152,10000.0
8153,10000.0
8154,10000.0
8155,10000.0
8156,10000.0
8157,10000.0
8158,10000.0
8159,10000.0
8160,10000.0
8161,10000.0
8162,10000.0
8163,10000.0
8164,10000.0
8165,10000.0
8166,10000.0
8167,10000.0
8168,10000.0
8169,10000.0
8170,10000.0
8171,10000.0
8172,10000.0
8173,10000.0
8174,10000.0
8175,10000.0
8176,10000.0
8177,10000.0
8178,10000.0
8179,10000.0
8180,10000.0
8181,10000.0
8182,10000.0
8183,10000.0
8184,10000.0
8185,10000.0
8186,10000.0
8187,10000.0
8188,10000.0
8189,10000.0
8190,10000.0
8191,10000.0
8192,10000.0
8193,10000.0
8194,10000.0
8195,10000.0
8196,10000.0
8197,10000.0
8198,10000.0
8199,10000.0
8200,10000.0
8201,10000.0
8202,10000.0
8203,10000.0
8204,10000.0
8205,10000.0
8206,10000.0
8207,10000.0
8208,10000.0
8209,10000.0
8210,10000.0
8211,10000.0
8212,10000.0
8213,10000.0
8214,10000.0
8215,10000.0
8216,10000.0
8217,10000.0
8218,10000.0
8219,10000.0
8220,10000.0
8221,10000.0
8222,10000.0
8223,10000.0
8224,10000.0
8225,10000.0
8226,10000.0
8227,10000.0
8228,10000.0
8229,10000.0
8230,10000.0
8231,10000.0
8232,10000.0
8233,10000.0
8234,10000.0
8235,10000.0
8236,10000.0
8237,10000.0
8238,10000.0
8239,10000.0
8240,10000.0
8241,10000.0
8242,10000.0
8243,10000.0
8244,10000.0
8245,10000.0
8246,10000.0
8247,10000.0
8248,10000.0
8249,10000.0
8250,10000.0
8251,10000.0
8252,10000.0
8253,10000.0
8254,10000.0
8255,10000.0
8256,10000.0
8257,10000.0
8258,10000.0
8259,10000.0
8260,10000.0
8261,10000.0
8262,10000.0
8263,10000.0
8264,10000.0
8265,10000.0
8266,10000.0
8267,10000.0
8268,10000.0
8269,10000.0
8270,10000.0
8271,10000.0
8272,10000.0
8273,10000.0
8274,10000.0
8275,10000.0
8276,10000.0
8277,10000.0
8278,10000.0
8279,10000.0
8280,10000.0
8281,10000.0
8282,10000.0
8283,10000.0
8284,10000.0
8285,10000.0
8286,10000.0
8287,10000.0
8288,10000.0
8289,10000.0
8290,10000.0
8291,10000.0
8292,10000.0
8293,10000.0
8294,10000.0
8295,10000.0
8296,10000.0
8297,10000.0
8298,10000.0
8299,10000.0
8300,10000.0
8301,10000.0
8302,10000.0
8303,10000.0
8304,10000.0
8305,10000.0
8306,10000.0
8307,10000.0
8308,10000.0
8309,10000.0
8310,10000.0
8311,10000.0
8312,10000.0
8313,10000.0
8314,10000.0
8315,10000.0
8316,10000.0
8317,10000.0
8318,10000.0
8319,10000.0
8320,10000.0
8321,10000.0
8322,10000.0
8323,10000.0
8324,10000.0
8325,10000.0
8326,10000.0
8327,10000.0
8328,10000.0
8329,10000.0
8330,10000.0
8331,10000.0
8332,10000.0
8333,10000.0
8334,10000.0
8335,10000.0
8336,10000.0
8337,10000.0
8338,10000.0
8339,10000.0
8340,10000.0
8341,10000.0
8342,10000.0
8343,10000.0
8344,10000.0
8345,10000.0
8346,10000.0
8347,10000.0
8348,10000.0
8349,10000.0
8350,10000.0
8351,10000.0
8352,10000.0
8353,10000.0
8354,10000.0
8355,10000.0
8356,10000.0
8357,10000.0
8358,10000.0
8359,10000.0
8360,10000.0
8361,10000.0
8362,10000.0
8363,10000.0
8364,10000.0
8365,10000.0
8366,10000.0
8367,10000.0
8368,10000.0
8369,10000.0
8370,10000.0
8371,10000.0
8372,10000.0
8373,10000.0
8374,10000.0
8375,10000.0
8376,10000.0
8377,10000.0
8378,10000.0
8379,10000.0
8380,10000.0
8381,10000.0
8382,10000.0
8383,10000.0
8384,10000.0
8385,10000.0
8386,10000.0
8387,10000.0
8388,10000.0
8389,10000.0
8390,10000.0
8391,10000.0
8392,10000.0
8393,10000.0
8394,10000.0
8395,10000.0
8396,10000.0
8397,10000.0
8398,10000.0
8399,10000.0
8400,10000.0
8401,10000.0
8402,10000.0
8403,10000.0
8404,10000.0
8405,10000.0
8406,10000.0
8407,10000.0
8408,10000.0
8409,10000.0
8410,10000.0
8411,10000.0
8412,10000.0
8413,10000.0
8414,10000.0
8415,10000.0
8416,10000.0
8417,10000.0
8418,10000.0
8419,10000.0
8420,10000.0
8421,10000.0
8422,10000.0
8423,10000.0
8424,10000.0
8425,10000.0
8426,10000.0
8427,10000.0
8428,10000.0
8429,10000.0
8430,10000.0
8431,10000.0
8432,10000.0
8433,10000.0
8434,10000.0
8435,10000.0
8436,10000.0
8437,10000.0
8438,10000.0
8439,10000.0
8440,10000.0
8441,10000.0
8442,10000.0
8443,10000.0
8444,10000.0
8445,10000.0
8446,10000.0
8447,10000.0
8448,10000.0
8449,10000.0
8450,10000.0
8451,10000.0
8452,10000.0
8453,10000.0
8454,10000.0
8455,10000.0
8456,10000.0
8457,10000.0
8458,10000.0
8459,10000.0
8460,10000.0
8461,10000.0
8462,10000.0
8463,10000.0
8464,10000.0
8465,10000.0
8466,10000.0
8467,10000.0
8468,10000.0
8469,10000.0
8470,10000.0
8471,10000.0
8472,10000.0
8473,10000.0
8474,10000.0
8475,10000.0
8476,10000.0
8477,10000.0
8478,10000.0
8479,10000.0
8480,10000.0
8481,10000.0
8482,10000.0
8483,10000.0
8484,10000.0
8485,10000.0
8486,10000.0
8487,10000.0
8488,10000.0
8489,10000.0
8490,10000.0
8491,10000.0
8492,10000.0
8493,10000.0
8494,10000.0
8495,10000.0
8496,10000.0
8497,10000.0
8498,10000.0
8499,10000.0
8500,10000.0
8501,10000.0
8502,10000.0
8503,10000.0
8504,10000.0
8505,10000.0
8506,10000.0
8507,10000.0
8508,10000.0
8509,10000.0
8510,10000.0
8511,10000.0
8512,10000.0
8513,10000.0
8514,10000.0
8515,10000.0
8516,10000.0
8517,10000.0
8518,10000.0
8519,10000.0
8520,10000.0
8521,10000.0
8522,10000.0
8523,10000.0
8524,10000.0
8525,10000.0
8526,10000.0
8527,10000.0
8528,10000.0
8529,10000.0
8530,10000.0
8531,10000.0
8532,10000.0
8533,10000.0
8534,10000.0
8535,10000.0
8536,10000.0
8537,10000.0
8538,10000.0
8539,10000.0
8540,10000.0
8541,10000.0
8542,10000.0
8543,10000.0
8544,10000.0
8545,10000.0
8546,10000.0
8547,10000.0
8548,10000.0
8549,10000.0
8550,10000.0
8551,10000.0
8552,10000.0
8553,10000.0
8554,10000.0
8555,10000.0
8556,10000.0
8557,10000.0
8558,10000.0
8559,10000.0
8560,10000.0
8561,10000.0
8562,10000.0
8563,10000.0
8564,10000.0
8565,10000.0
8566,10000.0
8567,10000.0
8568,10000.0
8569,10000.0
8570,10000.0
8571,10000.0
8572,10000.0
8573,10000.0
8574,10000.0
8575,10000.0
8576,10000.0
8577,10000.0
8578,10000.0
8579,10000.0
8580,10000.0
8581,10000.0
8582,10000.0
8583,10000.0
8584,10000.0
8585,10000.0
8586,10000.0
8587,10000.0
8588,10000.0
8589,10000.0
8590,10000.0
8591,10000.0
8592,10000.0
8593,10000.0
8594,10000.0
8595,10000.0
8596,10000.0
8597,10000.0
8598,10000.0
8599,10000.0
8600,10000.0
8601,10000.0
8602,10000.0
8603,10000.0
8604,10000.0
8605,10000.0
8606,10000.0
8607,10000.0
8608,10000.0
8609,10000.0
8610,10000.0
8611,10000.0
8612,10000.0
8613,10000.0
8614,10000.0
8615,10000.0
8616,10000.0
8617,10000.0
8618,10000.0
8619,10000.0
8620,10000.0
8621,10000.0
8622,10000.0
8623,10000.0
8624,10000.0
8625,10000.0
8626,10000.0
8627,10000.0
8628,10000.0
8629,10000.0
8630,10000.0
8631,10000.0
8632,10000.0
8633,10000.0
8634,10000.0
8635,10000.0
8636,10000.0
8637,10000.0
8638,10000.0
8639,10000.0
8640,10000.0
8641,10000.0
8642,10000.0
8643,10000.0
8644,10000.0
8645,10000.0
8646,10000.0
8647,10000.0
8648,10000.0
8649,10000.0
8650,10000.0
8651,10000.0
8652,10000.0
8653,10000.0
8654,10000.0
8655,10000.0
8656,10000.0
8657,10000.0
8658,10000.0
8659,10000.0
8660,10000.0
8661,10000.0
8662,10000.0
8663,10000.0
8664,10000.0
8665,10000.0
8666,10000.0
8667,10000.0
8668,10000.0
8669,10000.0
8670,10000.0
8671,10000.0
8672,10000.0
8673,10000.0
8674,10000.0
8675,10000.0
8676,10000.0
8677,10000.0
8678,10000.0
8679,10000.0
8680,10000.0
8681,10000.0
8682,10000.0
8683,10000.0
8684,10000.0
8685,10000.0
8686,10000.0
8687,10000.0
8688,10000.0
8689,10000.0
8690,10000.0
8691,10000.0
8692,10000.0
8693,10000.0
8694,10000.0
8695,10000.0
8696,10000.0
8697,10000.0
8698,10000.0
8699,10000.0
8700,10000.0
8701,10000.0
8702,10000.0
8703,10000.0
8704,10000.0
8705,10000.0
8706,10000.0
8707,10000.0
8708,10000.0
8709,10000.0
8710,10000.0
8711,10000.0
8712,10000.0
8713,10000.0
8714,10000.0
8715,10000.0
8716,10000.0
8717,10000.0
8718,10000.0
8719,10000.0
8720,10000.0
8721,10000.0
8722,10000.0
8723,10000.0
8724,10000.0
8725,10000.0
8726,10000.0
8727,10000.0
8728,10000.0
8729,10000.0
8730,10000.0
8731,10000.0
8732,10000.0
8733,10000.0
8734,10000.0
8735,10000.0
8736,10000.0
8737,10000.0
8738,10000.0
8739,10000.0
8740,10000.0
8741,10000.0
8742,10000.0
8743,10000.0
8744,10000.0
8745,10000.0
8746,10000.0
8747,10000.0
8748,10000.0
8749,10000.0
8750,10000.0
8751,10000.0
8752,10000.0
8753,10000.0
8754,10000.0
8755,10000.0
8756,10000.0
8757,10000.0
8758,10000.0
8759,10000.0
8760,10000.0
8761,10000.0
8762,10000.0
8763,10000.0
8764,10000.0
8765,10000.0
8766,10000.0
8767,10000.0
8768,10000.0
8769,10000.0
8770,10000.0
8771,10000.0
8772,10000.0
8773,10000.0
8774,10000.0
8775,10000.0
8776,10000.0
8777,10000.0
8778,10000.0
8779,10000.0
8780,10000.0
8781,10000.0
8782,10000.0
8783,10000.0
8784,10000.0
8785,10000.0
8786,10000.0
8787,10000.0
8788,10000.0
8789,10000.0
8790,10000.0
8791,10000.0
8792,10000.0
8793,10000.0
8794,10000.0
8795,10000.0
8796,10000.0
8797,10000.0
8798,10000.0
8799,10000.0
8800,10000.0
8801,10000.0
8802,10000.0
8803,10000.0
8804,10000.0
8805,10000.0
8806,10000.0
8807,10000.0
8808,10000.0
8809,10000.0
8810,10000.0
8811,10000.0
8812,10000.0
8813,10000.0
8814,10000.0
8815,10000.0
8816,10000.0
8817,10000.0
8818,10000.0
8819,10000.0
8820,10000.0
8821,10000.0
8822,10000.0
8823,10000.0
8824,10000.0
8825,10000.0
8826,10000.0
8827,10000.0
8828,10000.0
8829,10000.0
8830,10000.0
8831,10000.0
8832,10000.0
8833,10000.0
8834,10000.0
8835,10000.0
8836,10000.0
8837,10000.0
8838,10000.0
8839,10000.0
8840,10000.0
8841,10000.0
8842,10000.0
8843,10000.0
8844,10000.0
8845,10000.0
8846,10000.0
8847,10000.0
8848,10000.0
8849,10000.0
8850,10000.0
8851,10000.0
8852,10000.0
8853,10000.0
8854,10000.0
8855,10000.0
8856,10000.0
8857,10000.0
8858,10000.0
8859,10000.0
8860,10000.0
8861,10000.0
8862,10000.0
8863,10000.0
8864,10000.0
8865,10000.0
8866,10000.0
8867,10000.0
8868,10000.0
8869,10000.0
8870,10000.0
8871,10000.0
8872,10000.0
8873,10000.0
8874,10000.0
8875,10000.0
8876,10000.0
8877,10000.0
8878,10000.0
8879,10000.0
8880,10000.0
8881,10000.0
8882,10000.0
8883,10000.0
8884,10000.0
8885,10000.0
8886,10000.0
8887,10000.0
8888,10000.0
8889,10000.0
8890,10000.0
8891,10000.0
8892,10000.0
8893,10000.0
8894,10000.0
8895,10000.0
8896,10000.0
8897,10000.0
8898,10000.0
8899,10000.0
8900,10000.0
8901,10000.0
8902,10000.0
8903,10000.0
8904,10000.0
8905,10000.0
8906,10000.0
8907,10000.0
8908,10000.0
8909,10000.0
8910,10000.0
8911,10000.0
8912,10000.0
8913,10000.0
8914,10000.0
8915,10000.0
8916,10000.0
8917,10000.0
8918,10000.0
8919,10000.0
8920,10000.0
8921,10000.0
8922,10000.0
8923,10000.0
8924,10000.0
8925,10000.0
8926,10000.0
8927,10000.0
8928,10000.0
8929,10000.0
8930,10000.0
8931,10000.0
8932,10000.0
8933,10000.0
8934,10000.0
8935,10000.0
8936,10000.0
8937,10000.0
8938,10000.0
8939,10000.0
8940,10000.0
8941,10000.0
8942,10000.0
8943,10000.0
8944,10000.0
8945,10000.0
8946,10000.0
8947,10000.0
8948,10000.0
8949,10000.0
8950,10000.0
8951,10000.0
8952,10000.0
8953,10000.0
8954,10000.0
8955,10000.0
8956,10000.0
8957,10000.0
8958,10000.0
8959,10000.0
8960,10000.0
8961,10000.0
8962,10000.0
8963,10000.0
8964,10000.0
8965,10000.0
8966,10000.0
8967,10000.0
8968,10000.0
8969,10000.0
8970,10000.0
8971,10000.0
8972,10000.0
8973,10000.0
8974,10000.0
8975,10000.0
8976,10000.0
8977,10000.0
8978,10000.0
8979,10000.0
8980,10000.0
8981,10000.0
8982,10000.0
8983,10000.0
8984,10000.0
8985,10000.0
8986,10000.0
8987,10000.0
8988,10000.0
8989,10000.0
8990,10000.0
8991,10000.0
8992,10000.0
8993,10000.0
8994,10000.0
8995,10000.0
8996,10000.0
8997,10000.0
8998,10000.0
8999,10000.0
9000,10000.0
9001,10000.0
9002,10000.0
9003,10000.0
9004,10000.0
9005,10000.0
9006,10000.0
9007,10000.0
9008,10000.0
9009,10000.0
9010,10000.0
9011,10000.0
9012,10000.0
9013,10000.0
9014,10000.0
9015,10000.0
9016,10000.0
9017,10000.0
9018,10000.0
9019,10000.0
9020,10000.0
9021,10000.0
9022,10000.0
9023,10000.0
9024,10000.0
9025,10000.0
9026,10000.0
9027,10000.0
9028,10000.0
9029,10000.0
9030,10000.0
9031,10000.0
9032,10000.0
9033,10000.0
9034,10000.0
9035,10000.0
9036,10000.0
9037,10000.0
9038,10000.0
9039,10000.0
9040,10000.0
9041,10000.0
9042,10000.0
9043,10000.0
9044,10000.0
9045,10000.0
9046,10000.0
9047,10000.0
9048,10000.0
9049,10000.0
9050,10000.0
9051,10000.0
9052,10000.0
9053,10000.0
9054,10000.0
9055,10000.0
9056,10000.0
9057,10000.0
9058,10000.0
9059,10000.0
9060,10000.0
9061,10000.0
9062,10000.0
9063,10000.0
9064,10000.0
9065,10000.0
9066,10000.0
9067,10000.0
9068,10000.0
9069,10000.0
9070,10000.0
9071,10000.0
9072,10000.0
9073,10000.0
9074,10000.0
9075,10000.0
9076,10000.0
9077,10000.0
9078,10000.0
9079,10000.0
9080,10000.0
9081,10000.0
9082,10000.0
9083,10000.0
9084,10000.0
9085,10000.0
9086,10000.0
9087,10000.0
9088,10000.0
9089,10000.0
9090,10000.0
9091,10000.0
9092,10000.0
9093,10000.0
9094,10000.0
9095,10000.0
9096,10000.0
9097,10000.0
9098,10000.0
9099,10000.0
9100,10000.0
9101,10000.0
9102,10000.0
9103,10000.0
9104,10000.0
9105,10000.0
9106,10000.0
9107,10000.0
9108,10000.0
9109,10000.0
9110,10000.0
9111,10000.0
9112,10000.0
9113,10000.0
9114,10000.0
9115,10000.0
9116,10000.0
9117,10000.0
9118,10000.0
9119,10000.0
9120,10000.0
9121,10000.0
9122,10000.0
9123,10000.0
9124,10000.0
9125,10000.0
9126,10000.0
9127,10000.0
9128,10000.0
9129,10000.0
9130,10000.0
9131,10000.0
9132,10000.0
9133,10000.0
9134,10000.0
9135,10000.0
9136,10000.0
9137,10000.0
9138,10000.0
9139,10000.0
9140,10000.0
9141,10000.0
9142,10000.0
9143,10000.0
9144,10000.0
9145,10000.0
9146,10000.0
9147,10000.0
9148,10000.0
9149,10000.0
9150,10000.0
9151,10000.0
9152,10000.0
9153,10000.0
9154,10000.0
9155,10000.0
9156,10000.0
9157,10000.0
9158,10000.0
9159,10000.0
9160,10000.0
9161,10000.0
9162,10000.0
9163,10000.0
9164,10000.0
9165,10000.0
9166,10000.0
9167,10000.0
9168,10000.0
9169,10000.0
9170,10000.0
9171,10000.0
9172,10000.0
9173,10000.0
9174,10000.0
9175,10000.0
9176,10000.0
9177,10000.0
9178,10000.0
9179,10000.0
9180,10000.0
9181,10000.0
9182,10000.0
9183,10000.0
9184,10000.0
9185,10000.0
9186,10000.0
9187,10000.0
9188,10000.0
9189,10000.0
9190,10000.0
9191,10000.0
9192,10000.0
9193,10000.0
9194,10000.0
9195,10000.0
9196,10000.0
9197,10000.0
9198,10000.0
9199,10000.0
9200,10000.0
9201,10000.0
9202,10000.0
9203,10000.0
9204,10000.0
9205,10000.0
9206,10000.0
9207,10000.0
9208,10000.0
9209,10000.0
9210,10000.0
9211,10000.0
9212,10000.0
9213,10000.0
9214,10000.0
9215,10000.0
9216,10000.0
9217,10000.0
9218,10000.0
9219,10000.0
9220,10000.0
9221,10000.0
9222,10000.0
9223,10000.0
9224,10000.0
9225,10000.0
9226,10000.0
9227,10000.0
9228,10000.0
9229,10000.0
9230,10000.0
9231,10000.0
9232,10000.0
9233,10000.0
9234,10000.0
9235,10000.0
9236,10000.0
9237,10000.0
9238,10000.0
9239,10000.0
9240,10000.0
9241,10000.0
9242,10000.0
9243,10000.0
9244,10000.0
9245,10000.0
9246,10000.0
9247,10000.0
9248,10000.0
9249,10000.0
9250,10000.0
9251,10000.0
9252,10000.0
9253,10000.0
9254,10000.0
9255,10000.0
9256,10000.0
9257,10000.0
9258,10000.0
9259,10000.0
9260,10000.0
9261,10000.0
9262,10000.0
9263,10000.0
9264,10000.0
9265,10000.0
9266,10000.0
9267,10000.0
9268,10000.0
9269,10000.0
9270,10000.0
9271,10000.0
9272,10000.0
9273,10000.0
9274,10000.0
9275,10000.0
9276,10000.0
9277,10000.0
9278,10000.0
9279,10000.0
9280,10000.0
9281,10000.0
9282,10000.0
9283,10000.0
9284,10000.0
9285,10000.0
9286,10000.0
9287,10000.0
9288,10000.0
9289,10000.0
9290,10000.0
9291,10000.0
9292,10000.0
9293,10000.0
9294,10000.0
9295,10000.0
9296,10000.0
9297,10000.0
9298,10000.0
9299,10000.0
9300,10000.0
9301,10000.0
9302,10000.0
9303,10000.0
9304,10000.0
9305,10000.0
9306,10000.0
9307,10000.0
9308,10000.0
9309,10000.0
9310,10000.0
9311,10000.0
9312,10000.0
9313,10000.0
9314,10000.0
9315,10000.0
9316,10000.0
9317,10000.0
9318,10000.0
9319,10000.0
9320,10000.0
9321,10000.0
9322,10000.0
9323,10000.0
9324,10000.0
9325,10000.0
9326,10000.0
9327,10000.0
9328,10000.0
9329,10000.0
9330,10000.0
9331,10000.0
9332,10000.0
9333,10000.0
9334,10000.0
9335,10000.0
9336,10000.0
9337,10000.0
9338,10000.0
9339,10000.0
9340,10000.0
9341,10000.0
9342,10000.0
9343,10000.0
9344,10000.0
9345,10000.0
9346,10000.0
9347,10000.0
9348,10000.0
9349,10000.0
9350,10000.0
9351,10000.0
9352,10000.0
9353,10000.0
9354,10000.0
9355,10000.0
9356,10000.0
9357,10000.0
9358,10000.0
9359,10000.0
9360,10000.0
9361,10000.0
9362,10000.0
9363,10000.0
9364,10000.0
9365,10000.0
9366,10000.0
9367,10000.0
9368,10000.0
9369,10000.0
9370,10000.0
9371,10000.0
9372,10000.0
9373,10000.0
9374,10000.0
9375,10000.0
9376,10000.0
9377,10000.0
9378,10000.0
9379,10000.0
9380,10000.0
9381,10000.0
9382,10000.0
9383,10000.0
9384,10000.0
9385,10000.0
9386,10000.0
9387,10000.0
9388,10000.0
9389,10000.0
9390,10000.0
9391,10000.0
9392,10000.0
9393,10000.0
9394,10000.0
9395,10000.0
9396,10000.0
9397,10000.0
9398,10000.0
9399,10000.0
9400,10000.0
9401,10000.0
9402,10000.0
9403,10000.0
9404,10000.0
9405,10000.0
9406,10000.0
9407,10000.0
9408,10000.0
9409,10000.0
9410,10000.0
9411,10000.0
9412,10000.0
9413,10000.0
9414,10000.0
9415,10000.0
9416,10000.0
9417,10000.0
9418,10000.0
9419,10000.0
9420,10000.0
9421,10000.0
9422,10000.0
9423,10000.0
9424,10000.0
9425,10000.0
9426,10000.0
9427,10000.0
9428,10000.0
9429,10000.0
9430,10000.0
9431,10000.0
9432,10000.0
9433,10000.0
9434,10000.0
9435,10000.0
9436,10000.0
9437,10000.0
9438,10000.0
9439,10000.0
9440,10000.0
9441,10000.0
9442,10000.0
9443,10000.0
9444,10000.0
9445,10000.0
9446,10000.0
9447,10000.0
9448,10000.0
9449,10000.0
9450,10000.0
9451,10000.0
9452,10000.0
9453,10000.0
9454,10000.0
9455,10000.0
9456,10000.0
9457,10000.0
9458,10000.0
9459,10000.0
9460,10000.0
9461,10000.0
9462,10000.0
9463,10000.0
9464,10000.0
9465,10000.0
9466,10000.0
9467,10000.0
9468,10000.0
9469,10000.0
9470,10000.0
9471,10000.0
9472,10000.0
9473,10000.0
9474,10000.0
9475,10000.0
9476,10000.0
9477,10000.0
9478,10000.0
9479,10000.0
9480,10000.0
9481,10000.0
9482,10000.0
9483,10000.0
9484,10000.0
9485,10000.0
9486,10000.0
9487,10000.0
9488,10000.0
9489,10000.0
9490,10000.0
9491,10000.0
9492,10000.0
9493,10000.0
9494,10000.0
9495,10000.0
9496,10000.0
9497,10000.0
9498,10000.0
9499,10000.0
9500,10000.0
9501,10000.0
9502,10000.0
9503,10000.0
9504,10000.0
9505,10000.0
9506,10000.0
9507,10000.0
9508,10000.0
9509,10000.0
9510,10000.0
9511,10000.0
9512,10000.0
9513,10000.0
9514,10000.0
9515,10000.0
9516,10000.0
9517,10000.0
9518,10000.0
9519,10000.0
9520,10000.0
9521,10000.0
9522,10000.0
9523,10000.0
9524,10000.0
9525,10000.0
9526,10000.0
9527,10000.0
9528,10000.0
9529,10000.0
9530,10000.0
9531,10000.0
9532,10000.0
9533,10000.0
9534,10000.0
9535,10000.0
9536,10000.0
9537,10000.0
9538,10000.0
9539,10000.0
9540,10000.0
9541,10000.0
9542,10000.0
9543,10000.0
9544,10000.0
9545,10000.0
9546,10000.0
9547,10000.0
9548,10000.0
9549,10000.0
9550,10000.0
9551,10000.0
9552,10000.0
9553,10000.0
9554,10000.0
9555,10000.0
9556,10000.0
9557,10000.0
9558,10000.0
9559,10000.0
9560,10000.0
9561,10000.0
9562,10000.0
9563,10000.0
9564,10000.0
9565,10000.0
9566,10000.0
9567,10000.0
9568,10000.0
9569,10000.0
9570,10000.0
9571,10000.0
9572,10000.0
9573,10000.0
9574,10000.0
9575,10000.0
9576,10000.0
9577,10000.0
9578,10000.0
9579,10000.0
9580,10000.0
9581,10000.0
9582,10000.0
9583,10000.0
9584,10000.0
9585,10000.0
9586,10000.0
9587,10000.0
9588,10000.0
9589,10000.0
9590,10000.0
9591,10000.0
9592,10000.0
9593,10000.0
9594,10000.0
9595,10000.0
9596,10000.0
9597,10000.0
9598,10000.0
9599,10000.0
9600,10000.0
9601,10000.0
9602,10000.0
9603,10000.0
9604,10000.0
9605,10000.0
9606,10000.0
9607,10000.0
9608,10000.0
9609,10000.0
9610,10000.0
9611,10000.0
9612,10000.0
9613,10000.0
9614,10000.0
9615,10000.0
9616,10000.0
9617,10000.0
9618,10000.0
9619,10000.0
9620,10000.0
9621,10000.0
9622,10000.0
9623,10000.0
9624,10000.0
9625,10000.0
9626,10000.0
9627,10000.0
9628,10000.0
9629,10000.0
9630,10000.0
9631,10000.0
9632,10000.0
9633,10000.0
9634,10000.0
9635,10000.0
9636,10000.0
9637,10000.0
9638,10000.0
9639,10000.0
9640,10000.0
9641,10000.0
9642,10000.0
9643,10000.0
9644,10000.0
9645,10000.0
9646,10000.0
9647,10000.0
9648,10000.0
9649,10000.0
9650,10000.0
9651,10000.0
9652,10000.0
9653,10000.0
9654,10000.0
9655,10000.0
9656,10000.0
9657,10000.0
9658,10000.0
9659,10000.0
9660,10000.0
9661,10000.0
9662,10000.0
9663,10000.0
9664,10000.0
9665,10000.0
9666,10000.0
9667,10000.0
9668,10000.0
9669,10000.0
9670,10000.0
9671,10000.0
9672,10000.0
9673,10000.0
9674,10000.0
9675,10000.0
9676,10000.0
9677,10000.0
9678,10000.0
9679,10000.0
9680,10000.0
9681,10000.0
9682,10000.0
9683,10000.0
9684,10000.0
9685,10000.0
9686,10000.0
9687,10000.0
9688,10000.0
9689,10000.0
9690,10000.0
9691,10000.0
9692,10000.0
9693,10000.0
9694,10000.0
9695,10000.0
9696,10000.0
9697,10000.0
9698,10000.0
9699,10000.0
9700,10000.0
9701,10000.0
9702,10000.0
9703,10000.0
9704,10000.0
9705,10000.0
9706,10000.0
9707,10000.0
9708,10000.0
9709,10000.0
9710,10000.0
9711,10000.0
9712,10000.0
9713,10000.0
9714,10000.0
9715,10000.0
9716,10000.0
9717,10000.0
9718,10000.0
9719,10000.0
9720,10000.0
9721,10000.0
9722,10000.0
9723,10000.0
9724,10000.0
9725,10000.0
9726,10000.0
9727,10000.0
9728,10000.0
9729,10000.0
9730,10000.0
9731,10000.0
9732,10000.0
9733,10000.0
9734,10000.0
9735,10000.0
9736,10000.0
9737,10000.0
9738,10000.0
9739,10000.0
9740,10000.0
9741,10000.0
9742,10000.0
9743,10000.0
9744,10000.0
9745,10000.0
9746,10000.0
9747,10000.0
9748,10000.0
9749,10000.0
9750,10000.0
9751,10000.0
9752,10000.0
9753,10000.0
9754,10000.0
9755,10000.0
9756,10000.0
9757,10000.0
9758,10000.0
9759,10000.0
9760,10000.0
9761,10000.0
9762,10000.0
9763,10000.0
9764,10000.0
9765,10000.0
9766,10000.0
9767,10000.0
9768,10000.0
9769,10000.0
9770,10000.0
9771,10000.0
9772,10000.0
9773,10000.0
9774,10000.0
9775,10000.0
9776,10000.0
9777,10000.0
9778,10000.0
9779,10000.0
9780,10000.0
9781,10000.0
9782,10000.0
9783,10000.0
9784,10000.0
9785,10000.0
9786,10000.0
9787,10000.0
9788,10000.0
9789,10000.0
9790,10000.0
9791,10000.0
9792,10000.0
9793,10000.0
9794,10000.0
9795,10000.0
9796,10000.0
9797,10000.0
9798,10000.0
9799,10000.0
9800,10000.0
9801,10000.0
9802,10000.0
9803,10000.0
9804,10000.0
9805,10000.0
9806,10000.0
9807,10000.0
9808,10000.0
9809,10000.0
9810,10000.0
9811,10000.0
9812,10000.0
9813,10000.0
9814,10000.0
9815,10000.0
9816,10000.0
9817,10000.0
9818,10000.0
9819,10000.0
9820,10000.0
9821,10000.0
9822,10000.0
9823,10000.0
9824,10000.0
9825,10000.0
9826,10000.0
9827,10000.0
9828,10000.0
9829,10000.0
9830,10000.0
9831,10000.0
9832,10000.0
9833,10000.0
9834,10000.0
9835,10000.0
9836,10000.0
9837,10000.0
9838,10000.0
9839,10000.0
9840,10000.0
9841,10000.0
9842,10000.0
9843,10000.0
9844,10000.0
9845,10000.0
9846,10000.0
9847,10000.0
9848,10000.0
9849,10000.0
9850,10000.0
9851,10000.0
9852,10000.0
9853,10000.0
9854,10000.0
9855,10000.0
9856,10000.0
9857,10000.0
9858,10000.0
9859,10000.0
9860,10000.0
9861,10000.0
9862,10000.0
9863,10000.0
9864,10000.0
9865,10000.0
9866,10000.0
9867,10000.0
9868,10000.0
9869,10000.0
9870,10000.0
9871,10000.0
9872,10000.0
9873,10000.0
9874,10000.0
9875,10000.0
9876,10000.0
9877,10000.0
9878,10000.0
9879,10000.0
9880,10000.0
9881,10000.0
9882,10000.0
9883,10000.0
9884,10000.0
9885,10000.0
9886,10000.0
9887,10000.0
9888,10000.0
9889,10000.0
9890,10000.0
9891,10000.0
9892,10000.0
9893,10000.0
9894,10000.0
9895,10000.0
9896,10000.0
9897,10000.0
9898,10000.0
9899,10000.0
9900,10000.0
9901,10000.0
9902,10000.0
9903,10000.0
9904,10000.0
9905,10000.0
9906,10000.0
9907,10000.0
9908,10000.0
9909,10000.0
9910,10000.0
9911,10000.0
9912,10000.0
9913,10000.0
9914,10000.0
9915,10000.0
9916,10000.0
9917,10000.0
9918,10000.0
9919,10000.0
9920,10000.0
9921,10000.0
9922,10000.0
9923,10000.0
9924,10000.0
9925,10000.0
9926,10000.0
9927,10000.0
9928,10000.0
9929,10000.0
9930,10000.0
9931,10000.0
9932,10000.0
9933,10000.0
9934,10000.0
9935,10000.0
9936,10000.0
9937,10000.0
9938,10000.0
9939,10000.0
9940,10000.0
9941,10000.0
9942,10000.0
9943,10000.0
9944,10000.0
9945,10000.0
9946,10000.0
9947,10000.0
9948,10000.0
9949,10000.0
9950,10000.0
9951,10000.0
9952,10000.0
9953,10000.0
9954,10000.0
9955,10000.0
9956,10000.0
9957,10000.0
9958,10000.0
9959,10000.0
9960,10000.0
9961,10000.0
9962,10000.0
9963,10000.0
9964,10000.0
9965,10000.0
9966,10000.0
9967,10000.0
9968,10000.0
9969,10000.0
9970,10000.0
9971,10000.0
9972,10000.0
9973,10000.0
9974,10000.0
9975,10000.0
9976,10000.0
9977,10000.0
9978,10000.0
9979,10000.0
9980,10000.0
9981,10000.0
9982,10000.0
9983,10000.0
9984,10000.0
9985,10000.0
9986,10000.0
9987,10000.0
9988,10000.0
9989,10000.0
9990,10000.0
9991,10000.0
9992,10000.0
9993,10000.0
9994,10000.0
9995,10000.0
9996,10000.0
9997,10000.0
9998,10000.0
9999,10000.0
10000,10000.0
10001,10000.0
10002,10000.0
10003,10000.0
10004,10000.0
10005,10000.0
10006,10000.0
10007,10000.0
10008,10000.0
10009,10000.0
10010,10000.0
10011,10000.0
10012,10000.0
10013,10000.0
10014,10000.0
10015,10000.0
10016,10000.0
10017,10000.0
10018,10000.0
10019,10000.0
10020,10000.0
10021,10000.0
10022,10000.0
10023,10000.0
10024,10000.0
10025,10000.0
10026,10000.0
10027,10000.0
10028,10000.0
10029,10000.0
10030,10000.0
10031,10000.0
10032,10000.0
10033,10000.0
10034,10000.0
10035,10000.0
10036,10000.0
10037,10000.0
10038,10000.0
10039,10000.0
10040,10000.0
10041,10000.0
10042,10000.0
10043,10000.0
10044,10000.0
10045,10000.0
10046,10000.0
10047,10000.0
10048,10000.0
10049,10000.0
10050,10000.0
10051,10000.0
10052,10000.0
10053,10000.0
10054,10000.0
10055,10000.0
10056,10000.0
10057,10000.0
10058,10000.0
10059,10000.0
10060,10000.0
10061,10000.0
10062,10000.0
10063,10000.0
10064,10000.0
10065,10000.0
10066,10000.0
10067,10000.0
10068,10000.0
10069,10000.0
10070,10000.0
10071,10000.0
10072,10000.0
10073,10000.0
10074,10000.0
10075,10000.0
10076,10000.0
10077,10000.0
10078,10000.0
10079,10000.0
10080,10000.0
10081,10000.0
10082,10000.0
10083,10000.0
10084,10000.0
10085,10000.0
10086,10000.0
10087,10000.0
10088,10000.0
10089,10000.0
10090,10000.0
10091,10000.0
10092,10000.0
10093,10000.0
10094,10000.0
10095,10000.0
10096,10000.0
10097,10000.0
10098,10000.0
10099,10000.0
10100,10000.0
10101,10000.0
10102,10000.0
10103,10000.0
10104,10000.0
10105,10000.0
10106,10000.0
10107,10000.0
10108,10000.0
10109,10000.0
10110,10000.0
10111,10000.0
10112,10000.0
10113,10000.0
10114,10000.0
10115,10000.0
10116,10000.0
10117,10000.0
10118,10000.0
10119,10000.0
10120,10000.0
10121,10000.0
10122,10000.0
10123,10000.0
10124,10000.0
10125,10000.0
10126,10000.0
10127,10000.0
10128,10000.0
10129,10000.0
10130,10000.0
10131,10000.0
10132,10000.0
10133,10000.0
10134,10000.0
10135,10000.0
10136,10000.0
10137,10000.0
10138,10000.0
10139,10000.0
10140,10000.0
10141,10000.0
10142,10000.0
10143,10000.0
10144,10000.0
10145,10000.0
10146,10000.0
10147,10000.0
10148,10000.0
10149,10000.0
10150,10000.0
10151,10000.0
10152,10000.0
10153,10000.0
10154,10000.0
10155,10000.0
10156,10000.0
10157,10000.0
10158,10000.0
10159,10000.0
10160,10000.0
10161,10000.0
10162,10000.0
10163,10000.0
10164,10000.0
10165,10000.0
10166,10000.0
10167,10000.0
10168,10000.0
10169,10000.0
10170,10000.0
10171,10000.0
10172,10000.0
10173,10000.0
10174,10000.0
10175,10000.0
10176,10000.0
10177,10000.0
10178,10000.0
10179,10000.0
10180,10000.0
10181,10000.0
10182,10000.0
10183,10000.0
10184,10000.0
10185,10000.0
10186,10000.0
10187,10000.0
10188,10000.0
10189,10000.0
10190,10000.0
10191,10000.0
10192,10000.0
10193,10000.0
10194,10000.0
10195,10000.0
10196,10000.0
10197,10000.0
10198,10000.0
10199,10000.0
10200,10000.0
10201,10000.0
10202,10000.0
10203,10000.0
10204,10000.0
10205,10000.0
10206,10000.0
10207,10000.0
10208,10000.0
10209,10000.0
10210,10000.0
10211,10000.0
10212,10000.0
10213,10000.0
10214,10000.0
10215,10000.0
10216,10000.0
10217,10000.0
10218,10000.0
10219,10000.0
10220,10000.0
10221,10000.0
10222,10000.0
10223,10000.0
10224,10000.0
10225,10000.0
10226,10000.0
10227,10000.0
10228,10000.0
10229,10000.0
10230,10000.0
10231,10000.0
10232,10000.0
10233,10000.0
10234,10000.0
10235,10000.0
10236,10000.0
10237,10000.0
10238,10000.0
10239,10000.0
10240,10000.0
10241,10000.0
10242,10000.0
10243,10000.0
10244,10000.0
10245,10000.0
10246,10000.0
10247,10000.0
10248,10000.0
10249,10000.0
10250,10000.0
10251,10000.0
10252,10000.0
10253,10000.0
10254,10000.0
10255,10000.0
10256,10000.0
10257,10000.0
10258,10000.0
10259,10000.0
10260,10000.0
10261,10000.0
10262,10000.0
10263,10000.0
10264,10000.0
10265,10000.0
10266,10000.0
10267,10000.0
10268,10000.0
10269,10000.0
10270,10000.0
10271,10000.0
10272,10000.0
10273,10000.0
10274,10000.0
10275,10000.0
10276,10000.0
10277,10000.0
10278,10000.0
10279,10000.0
10280,10000.0
10281,10000.0
10282,10000.0
10283,10000.0
10284,10000.0
10285,10000.0
10286,10000.0
10287,10000.0
10288,10000.0
10289,10000.0
10290,10000.0
10291,10000.0
10292,10000.0
10293,10000.0
10294,10000.0
10295,10000.0
10296,10000.0
10297,10000.0
10298,10000.0
10299,10000.0
10300,10000.0
10301,10000.0
10302,10000.0
10303,10000.0
10304,10000.0
10305,10000.0
10306,10000.0
10307,10000.0
10308,10000.0
10309,10000.0
10310,10000.0
10311,10000.0
10312,10000.0
10313,10000.0
10314,10000.0
10315,10000.0
10316,10000.0
10317,10000.0
10318,10000.0
10319,10000.0
10320,10000.0
10321,10000.0
10322,10000.0
10323,10000.0
10324,10000.0
10325,10000.0
10326,10000.0
10327,10000.0
10328,10000.0
10329,10000.0
10330,10000.0
10331,10000.0
10332,10000.0
10333,10000.0
10334,10000.0
10335,10000.0
10336,10000.0
10337,10000.0
10338,10000.0
10339,10000.0
10340,10000.0
10341,10000.0
10342,10000.0
10343,10000.0
10344,10000.0
10345,10000.0
10346,10000.0
10347,10000.0
10348,10000.0
10349,10000.0
10350,10000.0
10351,10000.0
10352,10000.0
10353,10000.0
10354,10000.0
10355,10000.0
10356,10000.0
10357,10000.0
10358,10000.0
10359,10000.0
10360,10000.0
10361,10000.0
10362,10000.0
10363,10000.0
10364,10000.0
10365,10000.0
10366,10000.0
10367,10000.0
10368,10000.0
10369,10000.0
10370,10000.0
10371,10000.0
10372,10000.0
10373,10000.0
10374,10000.0
10375,10000.0
10376,10000.0
10377,10000.0
10378,10000.0
10379,10000.0
10380,10000.0
10381,10000.0
10382,10000.0
10383,10000.0
10384,10000.0
10385,10000.0
10386,10000.0
10387,10000.0
10388,10000.0
10389,10000.0
10390,10000.0
10391,10000.0
10392,10000.0
10393,10000.0
10394,10000.0
10395,10000.0
10396,10000.0
10397,10000.0
10398,10000.0
10399,10000.0
10400,10000.0
10401,10000.0
10402,10000.0
10403,10000.0
10404,10000.0
10405,10000.0
10406,10000.0
10407,10000.0
10408,10000.0
10409,10000.0
10410,10000.0
10411,10000.0
10412,10000.0
10413,10000.0
10414,10000.0
10415,10000.0
10416,10000.0
10417,10000.0
10418,10000.0
10419,10000.0
10420,10000.0
10421,10000.0
10422,10000.0
10423,10000.0
10424,10000.0
10425,10000.0
10426,10000.0
10427,10000.0
10428,10000.0
10429,10000.0
10430,10000.0
10431,10000.0
10432,10000.0
10433,10000.0
10434,10000.0
10435,10000.0
10436,10000.0
10437,10000.0
10438,10000.0
10439,10000.0
10440,10000.0
10441,10000.0
10442,10000.0
10443,10000.0
10444,10000.0
10445,10000.0
10446,10000.0
10447,10000.0
10448,10000.0
10449,10000.0
10450,10000.0
10451,10000.0
10452,10000.0
10453,10000.0
10454,10000.0
10455,10000.0
10456,10000.0
10457,10000.0
10458,10000.0
10459,10000.0
10460,10000.0
10461,10000.0
10462,10000.0
10463,10000.0
10464,10000.0
10465,10000.0
10466,10000.0
10467,10000.0
10468,10000.0
10469,10000.0
10470,10000.0
10471,10000.0
10472,10000.0
10473,10000.0
10474,10000.0
10475,10000.0
10476,10000.0
10477,10000.0
10478,10000.0
10479,10000.0
10480,10000.0
10481,10000.0
10482,10000.0
10483,10000.0
10484,10000.0
10485,10000.0
10486,10000.0
10487,10000.0
10488,10000.0
10489,10000.0
10490,10000.0
10491,10000.0
10492,10000.0
10493,10000.0
10494,10000.0
10495,10000.0
10496,10000.0
10497,10000.0
10498,10000.0
10499,10000.0
10500,10000.0
10501,10000.0
10502,10000.0
10503,10000.0
10504,10000.0
10505,10000.0
10506,10000.0
10507,10000.0
10508,10000.0
10509,10000.0
10510,10000.0
10511,10000.0
10512,10000.0
10513,10000.0
10514,10000.0
10515,10000.0
10516,10000.0
10517,10000.0
10518,10000.0
10519,10000.0
10520,10000.0
10521,10000.0
10522,10000.0
10523,10000.0
10524,10000.0
10525,10000.0
10526,10000.0
10527,10000.0
10528,10000.0
10529,10000.0
10530,10000.0
10531,10000.0
10532,10000.0
10533,10000.0
10534,10000.0
10535,10000.0
10536,10000.0
10537,10000.0
10538,10000.0
10539,10000.0
10540,10000.0
10541,10000.0
10542,10000.0
10543,10000.0
10544,10000.0
10545,10000.0
10546,10000.0
10547,10000.0
10548,10000.0
10549,10000.0
10550,10000.0
10551,10000.0
10552,10000.0
10553,10000.0
10554,10000.0
10555,10000.0
10556,10000.0
10557,10000.0
10558,10000.0
10559,10000.0
10560,10000.0
10561,10000.0
10562,10000.0
10563,10000.0
10564,10000.0
10565,10000.0
10566,10000.0
10567,10000.0
10568,10000.0
10569,10000.0
10570,10000.0
10571,10000.0
10572,10000.0
10573,10000.0
10574,10000.0
10575,10000.0
10576,10000.0
10577,10000.0
10578,10000.0
10579,10000.0
10580,10000.0
10581,10000.0
10582,10000.0
10583,10000.0
10584,10000.0
10585,10000.0
10586,10000.0
10587,10000.0
10588,10000.0
10589,10000.0
10590,10000.0
10591,10000.0
10592,10000.0
10593,10000.0
10594,10000.0
10595,10000.0
10596,10000.0
10597,10000.0
10598,10000.0
10599,10000.0
10600,10000.0
10601,10000.0
10602,10000.0
10603,10000.0
10604,10000.0
10605,10000.0
10606,10000.0
10607,10000.0
10608,10000.0
10609,10000.0
10610,10000.0
10611,10000.0
10612,10000.0
10613,10000.0
10614,10000.0
10615,10000.0
10616,10000.0
10617,10000.0
10618,10000.0
10619,10000.0
10620,10000.0
10621,10000.0
10622,10000.0
10623,10000.0
10624,10000.0
10625,10000.0
10626,10000.0
10627,10000.0
10628,10000.0
10629,10000.0
10630,10000.0
10631,10000.0
10632,10000.0
10633,10000.0
10634,10000.0
10635,10000.0
10636,10000.0
10637,10000.0
10638,10000.0
10639,10000.0
10640,10000.0
10641,10000.0
10642,10000.0
10643,10000.0
10644,10000.0
10645,10000.0
10646,10000.0
10647,10000.0
10648,10000.0
10649,10000.0
10650,10000.0
10651,10000.0
10652,10000.0
10653,10000.0
10654,10000.0
10655,10000.0
10656,10000.0
10657,10000.0
10658,10000.0
10659,10000.0
10660,10000.0
10661,10000.0
10662,10000.0
10663,10000.0
10664,10000.0
10665,10000.0
10666,10000.0
10667,10000.0
10668,10000.0
10669,10000.0
10670,10000.0
10671,10000.0
10672,10000.0
10673,10000.0
10674,10000.0
10675,10000.0
10676,10000.0
10677,10000.0
10678,10000.0
10679,10000.0
10680,10000.0
10681,10000.0
10682,10000.0
10683,10000.0
10684,10000.0
10685,10000.0
10686,10000.0
10687,10000.0
10688,10000.0
10689,10000.0
10690,10000.0
10691,10000.0
10692,10000.0
10693,10000.0
10694,10000.0
10695,10000.0
10696,10000.0
10697,10000.0
10698,10000.0
10699,10000.0
10700,10000.0
10701,10000.0
10702,10000.0
10703,10000.0
10704,10000.0
10705,10000.0
10706,10000.0
10707,10000.0
10708,10000.0
10709,10000.0
10710,10000.0
10711,10000.0
10712,10000.0
10713,10000.0
10714,10000.0
10715,10000.0
10716,10000.0
10717,10000.0
10718,10000.0
10719,10000.0
10720,10000.0
10721,10000.0
10722,10000.0
10723,10000.0
10724,10000.0
10725,10000.0
10726,10000.0
10727,10000.0
10728,10000.0
10729,10000.0
10730,10000.0
10731,10000.0
10732,10000.0
10733,10000.0
10734,10000.0
10735,10000.0
10736,10000.0
10737,10000.0
10738,10000.0
10739,10000.0
10740,10000.0
10741,10000.0
10742,10000.0
10743,10000.0
10744,10000.0
10745,10000.0
10746,10000.0
10747,10000.0
10748,10000.0
10749,10000.0
10750,10000.0
10751,10000.0
10752,10000.0
10753,10000.0
10754,10000.0
10755,10000.0
10756,10000.0
10757,10000.0
10758,10000.0
10759,10000.0
10760,10000.0
10761,10000.0
10762,10000.0
10763,10000.0
10764,10000.0
10765,10000.0
10766,10000.0
10767,10000.0
10768,10000.0
10769,10000.0
10770,10000.0
10771,10000.0
10772,10000.0
10773,10000.0
10774,10000.0
10775,10000.0
10776,10000.0
10777,10000.0
10778,10000.0
10779,10000.0
10780,10000.0
10781,10000.0
10782,10000.0
10783,10000.0
10784,10000.0
10785,10000.0
10786,10000.0
10787,10000.0
10788,10000.0
10789,10000.0
10790,10000.0
10791,10000.0
10792,10000.0
10793,10000.0
10794,10000.0
10795,10000.0
10796,10000.0
10797,10000.0
10798,10000.0
10799,10000.0
10800,10000.0
0,10000.0
1,10000.0
2,10000.0
3,10000.0
4,10000.0
5,10000.0
6,10000.0
7,10000.0
8,10000.0
9,10000.0
10,10000.0
11,10000.0
12,10000.0
13,10000.0
14,10000.0
15,10000.0
16,10000.0
17,10000.0
18,10000.0
19,10000.0
20,10000.0
21,10000.0
22,10000.0
23,10000.0
24,10000.0
25,10000.0
26,10000.0
27,10000.0
28,10000.0
29,10000.0
30,10000.0
31,10000.0
32,10000.0
33,10000.0
34,10000.0
35,10000.0
36,10000.0
37,10000.0
38,10000.0
39,10000.0
40,10000.0
41,10000.0
42,10000.0
43,10000.0
44,10000.0
45,10000.0
46,10000.0
47,10000.0
48,10000.0
49,10000.0
50,10000.0
51,10000.0
52,10000.0
53,10000.0
54,10000.0
55,10000.0
56,10000.0
57,10000.0
58,10000.0
59,10000.0
60,10000.0
61,10000.0
62,10000.0
63,10000.0
64,10000.0
65,10000.0
66,10000.0
67,10000.0
68,10000.0
69,10000.0
70,10000.0
71,10000.0
72,10000.0
73,10000.0
74,10000.0
75,10000.0
76,10000.0
77,10000.0
78,10000.0
79,10000.0
80,10000.0
81,10000.0
82,10000.0
83,10000.0
84,10000.0
85,10000.0
86,10000.0
87,10000.0
88,10000.0
89,10000.0
90,10000.0
91,10000.0
92,10000.0
93,10000.0
94,10000.0
95,10000.0
96,10000.0
97,10000.0
98,10000.0
99,10000.0
100,10000.0
101,10000.0
102,10000.0
103,10000.0
104,10000.0
105,10000.0
106,10000.0
107,10000.0
108,10000.0
109,10000.0
110,10000.0
111,10000.0
112,10000.0
113,10000.0
114,10000.0
115,10000.0
116,10000.0
117,10000.0
118,10000.0
119,10000.0
120,10000.0
121,10000.0
122,10000.0
123,10000.0
124,10000.0
125,10000.0
126,10000.0
127,10000.0
128,10000.0
129,10000.0
130,10000.0
131,10000.0
132,10000.0
133,10000.0
134,10000.0
135,10000.0
136,10000.0
137,10000.0
138,10000.0
139,10000.0
140,10000.0
141,10000.0
142,10000.0
143,10000.0
144,10000.0
145,10000.0
146,10000.0
147,10000.0
148,10000.0
149,10000.0
150,10000.0
151,10000.0
152,10000.0
153,10000.0
154,10000.0
155,10000.0
156,10000.0
157,10000.0
158,10000.0
159,10000.0
160,10000.0
161,10000.0
162,10000.0
163,10000.0
164,10000.0
165,10000.0
166,10000.0
167,10000.0
168,10000.0
169,10000.0
170,10000.0
171,10000.0
172,10000.0
173,10000.0
174,10000.0
175,10000.0
176,10000.0
177,10000.0
178,10000.0
179,10000.0
180,10000.0
181,10000.0
182,10000.0
183,10000.0
184,10000.0
185,10000.0
186,10000.0
187,10000.0
188,10000.0
189,10000.0
190,10000.0
191,10000.0
192,10000.0
193,10000.0
194,10000.0
195,10000.0
196,10000.0
197,10000.0
198,10000.0
199,10000.0
200,10000.0
201,10000.0
202,10000.0
203,10000.0
204,10000.0
205,10000.0
206,10000.0
207,10000.0
208,10000.0
209,10000.0
210,10000.0
211,10000.0
212,10000.0
213,10000.0
214,10000.0
215,10000.0
216,10000.0
217,10000.0
218,10000.0
219,10000.0
220,10000.0
221,10000.0
222,10000.0
223,10000.0
224,10000.0
225,10000.0
226,10000.0
227,10000.0
228,10000.0
229,10000.0
230,10000.0
231,10000.0
232,10000.0
233,10000.0
234,10000.0
235,10000.0
236,10000.0
237,10000.0
238,10000.0
239,10000.0
240,10000.0
241,10000.0
242,10000.0
243,10000.0
244,10000.0
245,10000.0
246,10000.0
247,10000.0
248,10000.0
249,10000.0
250,10000.0
251,10000.0
252,10000.0
253,10000.0
254,10000.0
255,10000.0
256,10000.0
257,10000.0
258,10000.0
259,10000.0
260,10000.0
261,10000.0
262,10000.0
263,10000.0
264,10000.0
265,10000.0
266,10000.0
267,10000.0
268,10000.0
269,10000.0
270,10000.0
271,10000.0
272,10000.0
273,10000.0
274,10000.0
275,10000.0
276,10000.0
277,10000.0
278,10000.0
279,10000.0
280,10000.0
281,10000.0
282,10000.0
283,10000.0
284,10000.0
285,10000.0
286,10000.0
287,10000.0
288,10000.0
289,10000.0
290,10000.0
291,10000.0
292,10000.0
293,10000.0
294,10000.0
295,10000.0
296,10000.0
297,10000.0
298,10000.0
299,10000.0
300,10000.0
301,10000.0
302,10000.0
303,10000.0
304,10000.0
305,10000.0
306,10000.0
307,10000.0
308,10000.0
309,10000.0
310,10000.0
311,10000.0
312,10000.0
313,10000.0
314,10000.0
315,10000.0
316,10000.0
317,10000.0
318,10000.0
319,10000.0
320,10000.0
321,10000.0
322,10000.0
323,10000.0
324,10000.0
325,10000.0
326,10000.0
327,10000.0
328,10000.0
329,10000.0
330,10000.0
331,10000.0
332,10000.0
333,10000.0
334,10000.0
335,10000.0
336,10000.0
337,10000.0
338,10000.0
339,10000.0
340,10000.0
341,10000.0
342,10000.0
343,10000.0
344,10000.0
345,10000.0
346,10000.0
347,10000.0
348,10000.0
349,10000.0
350,10000.0
351,10000.0
352,10000.0
353,10000.0
354,10000.0
355,10000.0
356,10000.0
357,10000.0
358,10000.0
359,10000.0
360,10000.0
361,10000.0
362,10000.0
363,10000.0
364,10000.0
365,10000.0
366,10000.0
367,10000.0
368,10000.0
369,10000.0
370,10000.0
371,10000.0
372,10000.0
373,10000.0
374,10000.0
375,10000.0
376,10000.0
377,10000.0
378,10000.0
379,10000.0
380,10000.0
381,10000.0
382,10000.0
383,10000.0
384,10000.0
385,10000.0
386,10000.0
387,10000.0
388,10000.0
389,10000.0
390,10000.0
391,10000.0
392,10000.0
393,10000.0
394,10000.0
395,10000.0
396,10000.0
397,10000.0
398,10000.0
399,10000.0
400,10000.0
401,10000.0
402,10000.0
403,10000.0
404,10000.0
405,10000.0
406,10000.0
407,10000.0
408,10000.0
409,10000.0
410,10000.0
411,10000.0
412,10000.0
413,10000.0
414,10000.0
415,10000.0
416,10000.0
417,10000.0
418,10000.0
419,10000.0
420,10000.0
421,10000.0
422,10000.0
423,10000.0
424,10000.0
425,10000.0
426,10000.0
427,10000.0
428,10000.0
429,10000.0
430,10000.0
431,10000.0
432,10000.0
433,10000.0
434,10000.0
435,10000.0
436,10000.0
437,10000.0
438,10000.0
439,10000.0
440,10000.0
441,10000.0
442,10000.0
443,10000.0
444,10000.0
445,10000.0
446,10000.0
447,10000.0
448,10000.0
449,10000.0
450,10000.0
451,10000.0
452,10000.0
453,10000.0
454,10000.0
455,10000.0
456,10000.0
457,10000.0
458,10000.0
459,10000.0
460,10000.0
461,10000.0
462,10000.0
463,10000.0
464,10000.0
465,10000.0
466,10000.0
467,10000.0
468,10000.0
469,10000.0
470,10000.0
471,10000.0
472,10000.0
473,10000.0
474,10000.0
475,10000.0
476,10000.0
477,10000.0
478,10000.0
479,10000.0
480,10000.0
481,10000.0
482,10000.0
483,10000.0
484,10000.0
485,10000.0
486,10000.0
487,10000.0
488,10000.0
489,10000.0
490,10000.0
491,10000.0
492,10000.0
493,10000.0
494,10000.0
495,10000.0
496,10000.0
497,10000.0
498,10000.0
499,10000.0
500,10000.0
501,10000.0
502,10000.0
503,10000.0
504,10000.0
505,10000.0
506,10000.0
507,10000.0
508,10000.0
509,10000.0
510,10000.0
511,10000.0
512,10000.0
513,10000.0
514,10000.0
515,10000.0
516,10000.0
517,10000.0
518,10000.0
519,10000.0
520,10000.0
521,10000.0
522,10000.0
523,10000.0
524,10000.0
525,10000.0
526,10000.0
527,10000.0
528,10000.0
529,10000.0
530,10000.0
531,10000.0
532,10000.0
533,10000.0
534,10000.0
535,10000.0
536,10000.0
537,10000.0
538,10000.0
539,10000.0
540,10000.0
541,10000.0
542,10000.0
543,10000.0
544,10000.0
545,10000.0
546,10000.0
547,10000.0
548,10000.0
549,10000.0
550,10000.0
551,10000.0
552,10000.0
553,10000.0
554,10000.0
555,10000.0
556,10000.0
557,10000.0
558,10000.0
559,10000.0
560,10000.0
561,10000.0
562,10000.0
563,10000.0
564,10000.0
565,10000.0
566,10000.0
567,10000.0
568,10000.0
569,10000.0
570,10000.0
571,10000.0
572,10000.0
573,10000.0
574,10000.0
575,10000.0
576,10000.0
577,10000.0
578,10000.0
579,10000.0
580,10000.0
581,10000.0
582,10000.0
583,10000.0
584,10000.0
585,10000.0
586,10000.0
587,10000.0
588,10000.0
589,10000.0
590,10000.0
591,10000.0
592,10000.0
593,10000.0
594,10000.0
595,10000.0
596,10000.0
597,10000.0
598,10000.0
599,10000.0
600,10000.0
601,10000.0
602,10000.0
603,10000.0
604,10000.0
605,10000.0
606,10000.0
607,10000.0
608,10000.0
609,10000.0
610,10000.0
611,10000.0
612,10000.0
613,10000.0
614,10000.0
615,10000.0
616,10000.0
617,10000.0
618,10000.0
619,10000.0
620,10000.0
621,10000.0
622,10000.0
623,10000.0
624,10000.0
625,10000.0
626,10000.0
627,10000.0
628,10000.0
629,10000.0
630,10000.0
631,10000.0
632,10000.0
633,10000.0
634,10000.0
635,10000.0
636,10000.0
637,10000.0
638,10000.0
639,10000.0
640,10000.0
641,10000.0
642,10000.0
643,10000.0
644,10000.0
645,10000.0
646,10000.0
647,10000.0
648,10000.0
649,10000.0
650,10000.0
651,10000.0
652,10000.0
653,10000.0
654,10000.0
655,10000.0
656,10000.0
657,10000.0
658,10000.0
659,10000.0
660,10000.0
661,10000.0
662,10000.0
663,10000.0
664,10000.0
665,10000.0
666,10000.0
667,10000.0
668,10000.0
669,10000.0
670,10000.0
671,10000.0
672,10000.0
673,10000.0
674,10000.0
675,10000.0
676,10000.0
677,10000.0
678,10000.0
679,10000.0
680,10000.0
681,10000.0
682,10000.0
683,10000.0
684,10000.0
685,10000.0
686,10000.0
687,10000.0
688,10000.0
689,10000.0
690,10000.0
691,10000.0
692,10000.0
693,10000.0
694,10000.0
695,10000.0
696,10000.0
697,10000.0
698,10000.0
699,10000.0
700,10000.0
701,10000.0
702,10000.0
703,10000.0
704,10000.0
705,10000.0
706,10000.0
707,10000.0
708,10000.0
709,10000.0
710,10000.0
711,10000.0
712,10000.0
713,10000.0
714,10000.0
715,10000.0
716,10000.0
717,10000.0
718,10000.0
719,10000.0
720,10000.0
721,10000.0
722,10000.0
723,10000.0
724,10000.0
725,10000.0
726,10000.0
727,10000.0
728,10000.0
729,10000.0
730,10000.0
731,10000.0
732,10000.0
733,10000.0
734,10000.0
735,10000.0
736,10000.0
737,10000.0
738,10000.0
739,10000.0
740,10000.0
741,10000.0
742,10000.0
743,10000.0
744,10000.0
745,10000.0
746,10000.0
747,10000.0
748,10000.0
749,10000.0
750,10000.0
751,10000.0
752,10000.0
753,10000.0
754,10000.0
755,10000.0
756,10000.0
757,10000.0
758,10000.0
759,10000.0
760,10000.0
761,10000.0
762,10000.0
763,10000.0
764,10000.0
765,10000.0
766,10000.0
767,10000.0
768,10000.0
769,10000.0
770,10000.0
771,10000.0
772,10000.0
773,10000.0
774,10000.0
775,10000.0
776,10000.0
777,10000.0
778,10000.0
779,10000.0
780,10000.0
781,10000.0
782,10000.0
783,10000.0
784,10000.0
785,10000.0
786,10000.0
787,10000.0
788,10000.0
789,10000.0
790,10000.0
791,10000.0
792,10000.0
793,10000.0
794,10000.0
795,10000.0
796,10000.0
797,10000.0
798,10000.0
799,10000.0
800,10000.0
801,10000.0
802,10000.0
803,10000.0
804,10000.0
805,10000.0
806,10000.0
807,10000.0
808,10000.0
809,10000.0
810,10000.0
811,10000.0
812,10000.0
813,10000.0
814,10000.0
815,10000.0
816,10000.0
817,10000.0
818,10000.0
819,10000.0
820,10000.0
821,10000.0
822,10000.0
823,10000.0
824,10000.0
825,10000.0
826,10000.0
827,10000.0
828,10000.0
829,10000.0
830,10000.0
831,10000.0
832,10000.0
833,10000.0
834,10000.0
835,10000.0
836,10000.0
837,10000.0
838,10000.0
839,10000.0
840,10000.0
841,10000.0
842,10000.0
843,10000.0
844,10000.0
845,10000.0
846,10000.0
847,10000.0
848,10000.0
849,10000.0
850,10000.0
851,10000.0
852,10000.0
853,10000.0
854,10000.0
855,10000.0
856,10000.0
857,10000.0
858,10000.0
859,10000.0
860,10000.0
861,10000.0
862,10000.0
863,10000.0
864,10000.0
865,10000.0
866,10000.0
867,10000.0
868,10000.0
869,10000.0
870,10000.0
871,10000.0
872,10000.0
873,10000.0
874,10000.0
875,10000.0
876,10000.0
877,10000.0
878,10000.0
879,10000.0
880,10000.0
881,10000.0
882,10000.0
883,10000.0
884,10000.0
885,10000.0
886,10000.0
887,10000.0
888,10000.0
889,10000.0
890,10000.0
891,10000.0
892,10000.0
893,10000.0
894,10000.0
895,10000.0
896,10000.0
897,10000.0
898,10000.0
899,10000.0
900,10000.0
901,10000.0
902,10000.0
903,10000.0
904,10000.0
905,10000.0
906,10000.0
907,10000.0
908,10000.0
909,10000.0
910,10000.0
911,10000.0
912,10000.0
913,10000.0
914,10000.0
915,10000.0
916,10000.0
917,10000.0
918,10000.0
919,10000.0
920,10000.0
921,10000.0
922,10000.0
923,10000.0
924,10000.0
925,10000.0
926,10000.0
927,10000.0
928,10000.0
929,10000.0
930,10000.0
931,10000.0
932,10000.0
933,10000.0
934,10000.0
935,10000.0
936,10000.0
937,10000.0
938,10000.0
939,10000.0
940,10000.0
941,10000.0
942,10000.0
943,10000.0
944,10000.0
945,10000.0
946,10000.0
947,10000.0
948,10000.0
949,10000.0
950,10000.0
951,10000.0
952,10000.0
953,10000.0
954,10000.0
955,10000.0
956,10000.0
957,10000.0
958,10000.0
959,10000.0
960,10000.0
961,10000.0
962,10000.0
963,10000.0
964,10000.0
965,10000.0
966,10000.0
967,10000.0
968,10000.0
969,10000.0
970,10000.0
971,10000.0
972,10000.0
973,10000.0
974,10000.0
975,10000.0
976,10000.0
977,10000.0
978,10000.0
979,10000.0
980,10000.0
981,10000.0
982,10000.0
983,10000.0
984,10000.0
985,10000.0
986,10000.0
987,10000.0
988,10000.0
989,10000.0
990,10000.0
991,10000.0
992,10000.0
993,10000.0
994,10000.0
995,10000.0
996,10000.0
997,10000.0
998,10000.0
999,10000.0
1000,10000.0
1001,10000.0
1002,10000.0
1003,10000.0
1004,10000.0
1005,10000.0
1006,10000.0
1007,10000.0
1008,10000.0
1009,10000.0
1010,10000.0
1011,10000.0
1012,10000.0
1013,10000.0
1014,10000.0
1015,10000.0
1016,10000.0
1017,10000.0
1018,10000.0
1019,10000.0
1020,10000.0
1021,10000.0
1022,10000.0
1023,10000.0
1024,10000.0
1025,10000.0
1026,10000.0
1027,10000.0
1028,10000.0
1029,10000.0
1030,10000.0
1031,10000.0
1032,10000.0
1033,10000.0
1034,10000.0
1035,10000.0
1036,10000.0
1037,10000.0
1038,10000.0
1039,10000.0
1040,10000.0
1041,10000.0
1042,10000.0
1043,10000.0
1044,10000.0
1045,10000.0
1046,10000.0
1047,10000.0
1048,10000.0
1049,10000.0
1050,10000.0
1051,10000.0
1052,10000.0
1053,10000.0
1054,10000.0
1055,10000.0
1056,10000.0
1057,10000.0
1058,10000.0
1059,10000.0
1060,10000.0
1061,10000.0
1062,10000.0
1063,10000.0
1064,10000.0
1065,10000.0
1066,10000.0
1067,10000.0
1068,10000.0
1069,10000.0
1070,10000.0
1071,10000.0
1072,10000.0
1073,10000.0
1074,10000.0
1075,10000.0
1076,10000.0
1077,10000.0
1078,10000.0
1079,10000.0
1080,10000.0
1081,10000.0
1082,10000.0
1083,10000.0
1084,10000.0
1085,10000.0
1086,10000.0
1087,10000.0
1088,10000.0
1089,10000.0
1090,10000.0
1091,10000.0
1092,10000.0
1093,10000.0
1094,10000.0
1095,10000.0
1096,10000.0
1097,10000.0
1098,10000.0
1099,10000.0
1100,10000.0
1101,10000.0
1102,10000.0
1103,10000.0
1104,10000.0
1105,10000.0
1106,10000.0
1107,10000.0
1108,10000.0
1109,10000.0
1110,10000.0
1111,10000.0
1112,10000.0
1113,10000.0
1114,10000.0
1115,10000.0
1116,10000.0
1117,10000.0
1118,10000.0
1119,10000.0
1120,10000.0
1121,10000.0
1122,10000.0
1123,10000.0
1124,10000.0
1125,10000.0
1126,10000.0
1127,10000.0
1128,10000.0
1129,10000.0
1130,10000.0
1131,10000.0
1132,10000.0
1133,10000.0
1134,10000.0
1135,10000.0
1136,10000.0
1137,10000.0
1138,10000.0
1139,10000.0
1140,10000.0
1141,10000.0
1142,10000.0
1143,10000.0
1144,10000.0
1145,10000.0
1146,10000.0
1147,10000.0
1148,10000.0
1149,10000.0
1150,10000.0
1151,10000.0
1152,10000.0
1153,10000.0
1154,10000.0
1155,10000.0
1156,10000.0
1157,10000.0
1158,10000.0
1159,10000.0
1160,10000.0
1161,10000.0
1162,10000.0
1163,10000.0
1164,10000.0
1165,10000.0
1166,10000.0
1167,10000.0
1168,10000.0
1169,10000.0
1170,10000.0
1171,10000.0
1172,10000.0
1173,10000.0
1174,10000.0
1175,10000.0
1176,10000.0
1177,10000.0
1178,10000.0
1179,10000.0
1180,10000.0
1181,10000.0
1182,10000.0
1183,10000.0
1184,10000.0
1185,10000.0
1186,10000.0
1187,10000.0
1188,10000.0
1189,10000.0
1190,10000.0
1191,10000.0
1192,10000.0
1193,10000.0
1194,10000.0
1195,10000.0
1196,10000.0
1197,10000.0
1198,10000.0
1199,10000.0
1200,10000.0
1201,10000.0
1202,10000.0
1203,10000.0
1204,10000.0
1205,10000.0
1206,10000.0
1207,10000.0
1208,10000.0
1209,10000.0
1210,10000.0
1211,10000.0
1212,10000.0
1213,10000.0
1214,10000.0
1215,10000.0
1216,10000.0
1217,10000.0
1218,10000.0
1219,10000.0
1220,10000.0
1221,10000.0
1222,10000.0
1223,10000.0
1224,10000.0
1225,10000.0
1226,10000.0
1227,10000.0
1228,10000.0
1229,10000.0
1230,10000.0
1231,10000.0
1232,10000.0
1233,10000.0
1234,10000.0
1235,10000.0
1236,10000.0
1237,10000.0
1238,10000.0
1239,10000.0
1240,10000.0
1241,10000.0
1242,10000.0
1243,10000.0
1244,10000.0
1245,10000.0
1246,10000.0
1247,10000.0
1248,10000.0
1249,10000.0
1250,10000.0
1251,10000.0
1252,10000.0
1253,10000.0
1254,10000.0
1255,10000.0
1256,10000.0
1257,10000.0
1258,10000.0
1259,10000.0
1260,10000.0
1261,10000.0
1262,10000.0
1263,10000.0
1264,10000.0
1265,10000.0
1266,10000.0
1267,10000.0
1268,10000.0
1269,10000.0
1270,10000.0
1271,10000.0
1272,10000.0
1273,10000.0
1274,10000.0
1275,10000.0
1276,10000.0
1277,10000.0
1278,10000.0
1279,10000.0
1280,10000.0
1281,10000.0
1282,10000.0
1283,10000.0
1284,10000.0
1285,10000.0
1286,10000.0
1287,10000.0
1288,10000.0
1289,10000.0
1290,10000.0
1291,10000.0
1292,10000.0
1293,10000.0
1294,10000.0
1295,10000.0
1296,10000.0
1297,10000.0
1298,10000.0
1299,10000.0
1300,10000.0
1301,10000.0
1302,10000.0
1303,10000.0
1304,10000.0
1305,10000.0
1306,10000.0
1307,10000.0
1308,10000.0
1309,10000.0
1310,10000.0
1311,10000.0
1312,10000.0
1313,10000.0
1314,10000.0
1315,10000.0
1316,10000.0
1317,10000.0
1318,10000.0
1319,10000.0
1320,10000.0
1321,10000.0
1322,10000.0
1323,10000.0
1324,10000.0
1325,10000.0
1326,10000.0
1327,10000.0
1328,10000.0
1329,10000.0
1330,10000.0
1331,10000.0
1332,10000.0
1333,10000.0
1334,10000.0
1335,10000.0
1336,10000.0
1337,10000.0
1338,10000.0
1339,10000.0
1340,10000.0
1341,10000.0
1342,10000.0
1343,10000.0
1344,10000.0
1345,10000.0
1346,10000.0
1347,10000.0
1348,10000.0
1349,10000.0
1350,10000.0
1351,10000.0
1352,10000.0
1353,10000.0
1354,10000.0
1355,10000.0
1356,10000.0
1357,10000.0
1358,10000.0
1359,10000.0
1360,10000.0
1361,10000.0
1362,10000.0
1363,10000.0
1364,10000.0
1365,10000.0
1366,10000.0
1367,10000.0
1368,10000.0
1369,10000.0
1370,10000.0
1371,10000.0
1372,10000.0
1373,10000.0
1374,10000.0
1375,10000.0
1376,10000.0
1377,10000.0
1378,10000.0
1379,10000.0
1380,10000.0
1381,10000.0
1382,10000.0
1383,10000.0
1384,10000.0
1385,10000.0
1386,10000.0
1387,10000.0
1388,10000.0
1389,10000.0
1390,10000.0
1391,10000.0
1392,10000.0
1393,10000.0
1394,10000.0
1395,10000.0
1396,10000.0
1397,10000.0
1398,10000.0
1399,10000.0
1400,10000.0
1401,10000.0
1402,10000.0
1403,10000.0
1404,10000.0
1405,10000.0
1406,10000.0
1407,10000.0
1408,10000.0
1409,10000.0
1410,10000.0
1411,10000.0
1412,10000.0
1413,10000.0
1414,10000.0
1415,10000.0
1416,10000.0
1417,10000.0
1418,10000.0
1419,10000.0
1420,10000.0
1421,10000.0
1422,10000.0
1423,10000.0
1424,10000.0
1425,10000.0
1426,10000.0
1427,10000.0
1428,10000.0
1429,10000.0
1430,10000.0
1431,10000.0
1432,10000.0
1433,10000.0
1434,10000.0
1435,10000.0
1436,10000.0
1437,10000.0
1438,10000.0
1439,10000.0
1440,10000.0
1441,10000.0
1442,10000.0
1443,10000.0
1444,10000.0
1445,10000.0
1446,10000.0
1447,10000.0
1448,10000.0
1449,10000.0
1450,10000.0
1451,10000.0
1452,10000.0
1453,10000.0
1454,10000.0
1455,10000.0
1456,10000.0
1457,10000.0
1458,10000.0
1459,10000.0
1460,10000.0
1461,10000.0
1462,10000.0
1463,10000.0
1464,10000.0
1465,10000.0
1466,10000.0
1467,10000.0
1468,10000.0
1469,10000.0
1470,10000.0
1471,10000.0
1472,10000.0
1473,10000.0
1474,10000.0
1475,10000.0
1476,10000.0
1477,10000.0
1478,10000.0
1479,10000.0
1480,10000.0
1481,10000.0
1482,10000.0
1483,10000.0
1484,10000.0
1485,10000.0
1486,10000.0
1487,10000.0
1488,10000.0
1489,10000.0
1490,10000.0
1491,10000.0
1492,10000.0
1493,10000.0
1494,10000.0
1495,10000.0
1496,10000.0
1497,10000.0
1498,10000.0
1499,10000.0
1500,10000.0
1501,10000.0
1502,10000.0
1503,10000.0
1504,10000.0
1505,10000.0
1506,10000.0
1507,10000.0
1508,10000.0
1509,10000.0
1510,10000.0
1511,10000.0
1512,10000.0
1513,10000.0
1514,10000.0
1515,10000.0
1516,10000.0
1517,10000.0
1518,10000.0
1519,10000.0
1520,10000.0
1521,10000.0
1522,10000.0
1523,10000.0
1524,10000.0
1525,10000.0
1526,10000.0
1527,10000.0
1528,10000.0
1529,10000.0
1530,10000.0
1531,10000.0
1532,10000.0
1533,10000.0
1534,10000.0
1535,10000.0
1536,10000.0
1537,10000.0
1538,10000.0
1539,10000.0
1540,10000.0
1541,10000.0
1542,10000.0
1543,10000.0
1544,10000.0
1545,10000.0
1546,10000.0
1547,10000.0
1548,10000.0
1549,10000.0
1550,10000.0
1551,10000.0
1552,10000.0
1553,10000.0
1554,10000.0
1555,10000.0
1556,10000.0
1557,10000.0
1558,10000.0
1559,10000.0
1560,10000.0
1561,10000.0
1562,10000.0
1563,10000.0
1564,10000.0
1565,10000.0
1566,10000.0
1567,10000.0
1568,10000.0
1569,10000.0
1570,10000.0
1571,10000.0
1572,10000.0
1573,10000.0
1574,10000.0
1575,10000.0
1576,10000.0
1577,10000.0
1578,10000.0
1579,10000.0
1580,10000.0
1581,10000.0
1582,10000.0
1583,10000.0
1584,10000.0
1585,10000.0
1586,10000.0
1587,10000.0
1588,10000.0
1589,10000.0
1590,10000.0
1591,10000.0
1592,10000.0
1593,10000.0
1594,10000.0
1595,10000.0
1596,10000.0
1597,10000.0
1598,10000.0
1599,10000.0
1600,10000.0
1601,10000.0
1602,10000.0
1603,10000.0
1604,10000.0
1605,10000.0
1606,10000.0
1607,10000.0
1608,10000.0
1609,10000.0
1610,10000.0
1611,10000.0
1612,10000.0
1613,10000.0
1614,10000.0
1615,10000.0
1616,10000.0
1617,10000.0
1618,10000.0
1619,10000.0
1620,10000.0
1621,10000.0
1622,10000.0
1623,10000.0
1624,10000.0
1625,10000.0
1626,10000.0
1627,10000.0
1628,10000.0
1629,10000.0
1630,10000.0
1631,10000.0
1632,10000.0
1633,10000.0
1634,10000.0
1635,10000.0
1636,10000.0
1637,10000.0
1638,10000.0
1639,10000.0
1640,10000.0
1641,10000.0
1642,10000.0
1643,10000.0
1644,10000.0
1645,10000.0
1646,10000.0
1647,10000.0
1648,10000.0
1649,10000.0
1650,10000.0
1651,10000.0
1652,10000.0
1653,10000.0
1654,10000.0
1655,10000.0
1656,10000.0
1657,10000.0
1658,10000.0
1659,10000.0
1660,10000.0
1661,10000.0
1662,10000.0
1663,10000.0
1664,10000.0
1665,10000.0
1666,10000.0
1667,10000.0
1668,10000.0
1669,10000.0
1670,10000.0
1671,10000.0
1672,10000.0
1673,10000.0
1674,10000.0
1675,10000.0
1676,10000.0
1677,10000.0
1678,10000.0
1679,10000.0
1680,10000.0
1681,10000.0
1682,10000.0
1683,10000.0
1684,10000.0
1685,10000.0
1686,10000.0
1687,10000.0
1688,10000.0
1689,10000.0
1690,10000.0
1691,10000.0
1692,10000.0
1693,10000.0
1694,10000.0
1695,10000.0
1696,10000.0
1697,10000.0
1698,10000.0
1699,10000.0
1700,10000.0
1701,10000.0
1702,10000.0
1703,10000.0
1704,10000.0
1705,10000.0
1706,10000.0
1707,10000.0
1708,10000.0
1709,10000.0
1710,10000.0
1711,10000.0
1712,10000.0
1713,10000.0
1714,10000.0
1715,10000.0
1716,10000.0
1717,10000.0
1718,10000.0
1719,10000.0
1720,10000.0
1721,10000.0
1722,10000.0
1723,10000.0
1724,10000.0
1725,10000.0
1726,10000.0
1727,10000.0
1728,10000.0
1729,10000.0
1730,10000.0
1731,10000.0
1732,10000.0
1733,10000.0
1734,10000.0
1735,10000.0
1736,10000.0
1737,10000.0
1738,10000.0
1739,10000.0
1740,10000.0
1741,10000.0
1742,10000.0
1743,10000.0
1744,10000.0
1745,10000.0
1746,10000.0
1747,10000.0
1748,10000.0
1749,10000.0
1750,10000.0
1751,10000.0
1752,10000.0
1753,10000.0
1754,10000.0
1755,10000.0
1756,10000.0
1757,10000.0
1758,10000.0
1759,10000.0
1760,10000.0
1761,10000.0
1762,10000.0
1763,10000.0
1764,10000.0
1765,10000.0
1766,10000.0
1767,10000.0
1768,10000.0
1769,10000.0
1770,10000.0
1771,10000.0
1772,10000.0
1773,10000.0
1774,10000.0
1775,10000.0
1776,10000.0
1777,10000.0
1778,10000.0
1779,10000.0
1780,10000.0
1781,10000.0
1782,10000.0
1783,10000.0
1784,10000.0
1785,10000.0
1786,10000.0
1787,10000.0
1788,10000.0
1789,10000.0
1790,10000.0
1791,10000.0
1792,10000.0
1793,10000.0
1794,10000.0
1795,10000.0
1796,10000.0
1797,10000.0
1798,10000.0
1799,10000.0
1800,10000.0
1801,10000.0
1802,10000.0
1803,10000.0
1804,10000.0
1805,10000.0
1806,10000.0
1807,10000.0
1808,10000.0
1809,10000.0
1810,10000.0
1811,10000.0
1812,10000.0
1813,10000.0
1814,10000.0
1815,10000.0
1816,10000.0
1817,10000.0
1818,10000.0
1819,10000.0
1820,10000.0
1821,10000.0
1822,10000.0
1823,10000.0
1824,10000.0
1825,10000.0
1826,10000.0
1827,10000.0
1828,10000.0
1829,10000.0
1830,10000.0
1831,10000.0
1832,10000.0
1833,10000.0
1834,10000.0
1835,10000.0
1836,10000.0
1837,10000.0
1838,10000.0
1839,10000.0
1840,10000.0
1841,10000.0
1842,10000.0
1843,10000.0
1844,10000.0
1845,10000.0
1846,10000.0
1847,10000.0
1848,10000.0
1849,10000.0
1850,10000.0
1851,10000.0
1852,10000.0
1853,10000.0
1854,10000.0
1855,10000.0
1856,10000.0
1857,10000.0
1858,10000.0
1859,10000.0
1860,10000.0
1861,10000.0
1862,10000.0
1863,10000.0
1864,10000.0
1865,10000.0
1866,10000.0
1867,10000.0
1868,10000.0
1869,10000.0
1870,10000.0
1871,10000.0
1872,10000.0
1873,10000.0
1874,10000.0
1875,10000.0
1876,10000.0
1877,10000.0
1878,10000.0
1879,10000.0
1880,10000.0
1881,10000.0
1882,10000.0
1883,10000.0
1884,10000.0
1885,10000.0
1886,10000.0
1887,10000.0
1888,10000.0
1889,10000.0
1890,10000.0
1891,10000.0
1892,10000.0
1893,10000.0
1894,10000.0
1895,10000.0
1896,10000.0
1897,10000.0
1898,10000.0
1899,10000.0
1900,10000.0
1901,10000.0
1902,10000.0
1903,10000.0
1904,10000.0
1905,10000.0
1906,10000.0
1907,10000.0
1908,10000.0
1909,10000.0
1910,10000.0
1911,10000.0
1912,10000.0
1913,10000.0
1914,10000.0
1915,10000.0
1916,10000.0
1917,10000.0
1918,10000.0
1919,10000.0
1920,10000.0
1921,10000.0
1922,10000.0
1923,10000.0
1924,10000.0
1925,10000.0
1926,10000.0
1927,10000.0
1928,10000.0
1929,10000.0
1930,10000.0
1931,10000.0
1932,10000.0
1933,10000.0
1934,10000.0
1935,10000.0
1936,10000.0
1937,10000.0
1938,10000.0
1939,10000.0
1940,10000.0
1941,10000.0
1942,10000.0
1943,10000.0
1944,10000.0
1945,10000.0
1946,10000.0
1947,10000.0
1948,10000.0
1949,10000.0
1950,10000.0
1951,10000.0
1952,10000.0
1953,10000.0
1954,10000.0
1955,10000.0
1956,10000.0
1957,10000.0
1958,10000.0
1959,10000.0
1960,10000.0
1961,10000.0
1962,10000.0
1963,10000.0
1964,10000.0
1965,10000.0
1966,10000.0
1967,10000.0
1968,10000.0
1969,10000.0
1970,10000.0
1971,10000.0
1972,10000.0
1973,10000.0
1974,10000.0
1975,10000.0
1976,10000.0
1977,10000.0
1978,10000.0
1979,10000.0
1980,10000.0
1981,10000.0
1982,10000.0
1983,10000.0
1984,10000.0
1985,10000.0
1986,10000.0
1987,10000.0
1988,10000.0
1989,10000.0
1990,10000.0
1991,10000.0
1992,10000.0
1993,10000.0
1994,10000.0
1995,10000.0
1996,10000.0
1997,10000.0
1998,10000.0
1999,10000.0
2000,10000.0
2001,10000.0
2002,10000.0
2003,10000.0
2004,10000.0
2005,10000.0
2006,10000.0
2007,10000.0
2008,10000.0
2009,10000.0
2010,10000.0
2011,10000.0
2012,10000.0
2013,10000.0
2014,10000.0
2015,10000.0
2016,10000.0
2017,10000.0
2018,10000.0
2019,10000.0
2020,10000.0
2021,10000.0
2022,10000.0
2023,10000.0
2024,10000.0
2025,10000.0
2026,10000.0
2027,10000.0
2028,10000.0
2029,10000.0
2030,10000.0
2031,10000.0
2032,10000.0
2033,10000.0
2034,10000.0
2035,10000.0
2036,10000.0
2037,10000.0
2038,10000.0
2039,10000.0
2040,10000.0
2041,10000.0
2042,10000.0
2043,10000.0
2044,10000.0
2045,10000.0
2046,10000.0
2047,10000.0
2048,10000.0
2049,10000.0
2050,10000.0
2051,10000.0
2052,10000.0
2053,10000.0
2054,10000.0
2055,10000.0
2056,10000.0
2057,10000.0
2058,10000.0
2059,10000.0
2060,10000.0
2061,10000.0
2062,10000.0
2063,10000.0
2064,10000.0
2065,10000.0
2066,10000.0
2067,10000.0
2068,10000.0
2069,10000.0
2070,10000.0
2071,10000.0
2072,10000.0
2073,10000.0
2074,10000.0
2075,10000.0
2076,10000.0
2077,10000.0
2078,10000.0
2079,10000.0
2080,10000.0
2081,10000.0
2082,10000.0
2083,10000.0
2084,10000.0
2085,10000.0
2086,10000.0
2087,10000.0
2088,10000.0
2089,10000.0
2090,10000.0
2091,10000.0
2092,10000.0
2093,10000.0
2094,10000.0
2095,10000.0
2096,10000.0
2097,10000.0
2098,10000.0
2099,10000.0
2100,10000.0
2101,10000.0
2102,10000.0
2103,10000.0
2104,10000.0
2105,10000.0
2106,10000.0
2107,10000.0
2108,10000.0
2109,10000.0
2110,10000.0
2111,10000.0
2112,10000.0
2113,10000.0
2114,10000.0
2115,10000.0
2116,10000.0
2117,10000.0
2118,10000.0
2119,10000.0
2120,10000.0
2121,10000.0
2122,10000.0
2123,10000.0
2124,10000.0
2125,10000.0
2126,10000.0
2127,10000.0
2128,10000.0
2129,10000.0
2130,10000.0
2131,10000.0
2132,10000.0
2133,10000.0
2134,10000.0
2135,10000.0
2136,10000.0
2137,10000.0
2138,10000.0
2139,10000.0
2140,10000.0
2141,10000.0
2142,10000.0
2143,10000.0
2144,10000.0
2145,10000.0
2146,10000.0
2147,10000.0
2148,10000.0
2149,10000.0
2150,10000.0
2151,10000.0
2152,10000.0
2153,10000.0
2154,10000.0
2155,10000.0
2156,10000.0
2157,10000.0
2158,10000.0
2159,10000.0
2160,10000.0
2161,10000.0
2162,10000.0
2163,10000.0
2164,10000.0
2165,10000.0
2166,10000.0
2167,10000.0
2168,10000.0
2169,10000.0
2170,10000.0
2171,10000.0
2172,10000.0
2173,10000.0
2174,10000.0
2175,10000.0
2176,10000.0
2177,10000.0
2178,10000.0
2179,10000.0
2180,10000.0
2181,10000.0
2182,10000.0
2183,10000.0
2184,10000.0
2185,10000.0
2186,10000.0
2187,10000.0
2188,10000.0
2189,10000.0
2190,10000.0
2191,10000.0
2192,10000.0
2193,10000.0
2194,10000.0
2195,10000.0
2196,10000.0
2197,10000.0
2198,10000.0
2199,10000.0
2200,10000.0
2201,10000.0
2202,10000.0
2203,10000.0
2204,10000.0
2205,10000.0
2206,10000.0
2207,10000.0
2208,10000.0
2209,10000.0
2210,10000.0
2211,10000.0
2212,10000.0
2213,10000.0
2214,10000.0
2215,10000.0
2216,10000.0
2217,10000.0
2218,10000.0
2219,10000.0
2220,10000.0
2221,10000.0
2222,10000.0
2223,10000.0
2224,10000.0
2225,10000.0
2226,10000.0
2227,10000.0
2228,10000.0
2229,10000.0
2230,10000.0
2231,10000.0
2232,10000.0
2233,10000.0
2234,10000.0
2235,10000.0
2236,10000.0
2237,10000.0
2238,10000.0
2239,10000.0
2240,10000.0
2241,10000.0
2242,10000.0
2243,10000.0
2244,10000.0
2245,10000.0
2246,10000.0
2247,10000.0
2248,10000.0
2249,10000.0
2250,10000.0
2251,10000.0
2252,10000.0
2253,10000.0
2254,10000.0
2255,10000.0
2256,10000.0
2257,10000.0
2258,10000.0
2259,10000.0
2260,10000.0
2261,10000.0
2262,10000.0
2263,10000.0
2264,10000.0
2265,10000.0
2266,10000.0
2267,10000.0
2268,10000.0
2269,10000.0
2270,10000.0
2271,10000.0
2272,10000.0
2273,10000.0
2274,10000.0
2275,10000.0
2276,10000.0
2277,10000.0
2278,10000.0
2279,10000.0
2280,10000.0
2281,10000.0
2282,10000.0
2283,10000.0
2284,10000.0
2285,10000.0
2286,10000.0
2287,10000.0
2288,10000.0
2289,10000.0
2290,10000.0
2291,10000.0
2292,10000.0
2293,10000.0
2294,10000.0
2295,10000.0
2296,10000.0
2297,10000.0
2298,10000.0
2299,10000.0
2300,10000.0
2301,10000.0
2302,10000.0
2303,10000.0
2304,10000.0
2305,10000.0
2306,10000.0
2307,10000.0
2308,10000.0
2309,10000.0
2310,10000.0
2311,10000.0
2312,10000.0
2313,10000.0
2314,10000.0
2315,10000.0
2316,10000.0
2317,10000.0
2318,10000.0
2319,10000.0
2320,10000.0
2321,10000.0
2322,10000.0
2323,10000.0
2324,10000.0
2325,10000.0
2326,10000.0
2327,10000.0
2328,10000.0
2329,10000.0
2330,10000.0
2331,10000.0
2332,10000.0
2333,10000.0
2334,10000.0
2335,10000.0
2336,10000.0
2337,10000.0
2338,10000.0
2339,10000.0
2340,10000.0
2341,10000.0
2342,10000.0
2343,10000.0
2344,10000.0
2345,10000.0
2346,10000.0
2347,10000.0
2348,10000.0
2349,10000.0
2350,10000.0
2351,10000.0
2352,10000.0
2353,10000.0
2354,10000.0
2355,10000.0
2356,10000.0
2357,10000.0
2358,10000.0
2359,10000.0
2360,10000.0
2361,10000.0
2362,10000.0
2363,10000.0
2364,10000.0
2365,10000.0
2366,10000.0
2367,10000.0
2368,10000.0
2369,10000.0
2370,10000.0
2371,10000.0
2372,10000.0
2373,10000.0
2374,10000.0
2375,10000.0
2376,10000.0
2377,10000.0
2378,10000.0
2379,10000.0
2380,10000.0
2381,10000.0
2382,10000.0
2383,10000.0
2384,10000.0
2385,10000.0
2386,10000.0
2387,10000.0
2388,10000.0
2389,10000.0
2390,10000.0
2391,10000.0
2392,10000.0
2393,10000.0
2394,10000.0
2395,10000.0
2396,10000.0
2397,10000.0
2398,10000.0
2399,10000.0
2400,10000.0
2401,10000.0
2402,10000.0
2403,10000.0
2404,10000.0
2405,10000.0
2406,10000.0
2407,10000.0
2408,10000.0
2409,10000.0
2410,10000.0
2411,10000.0
2412,10000.0
2413,10000.0
2414,10000.0
2415,10000.0
2416,10000.0
2417,10000.0
2418,10000.0
2419,10000.0
2420,10000.0
2421,10000.0
2422,10000.0
2423,10000.0
2424,10000.0
2425,10000.0
2426,10000.0
2427,10000.0
2428,10000.0
2429,10000.0
2430,10000.0
2431,10000.0
2432,10000.0
2433,10000.0
2434,10000.0
2435,10000.0
2436,10000.0
2437,10000.0
2438,10000.0
2439,10000.0
2440,10000.0
2441,10000.0
2442,10000.0
2443,10000.0
2444,10000.0
2445,10000.0
2446,10000.0
2447,10000.0
2448,10000.0
2449,10000.0
2450,10000.0
2451,10000.0
2452,10000.0
2453,10000.0
2454,10000.0
2455,10000.0
2456,10000.0
2457,10000.0
2458,10000.0
2459,10000.0
2460,10000.0
2461,10000.0
2462,10000.0
2463,10000.0
2464,10000.0
2465,10000.0
2466,10000.0
2467,10000.0
2468,10000.0
2469,10000.0
2470,10000.0
2471,10000.0
2472,10000.0
2473,10000.0
2474,10000.0
2475,10000.0
2476,10000.0
2477,10000.0
2478,10000.0
2479,10000.0
2480,10000.0
2481,10000.0
2482,10000.0
2483,10000.0
2484,10000.0
2485,10000.0
2486,10000.0
2487,10000.0
2488,10000.0
2489,10000.0
2490,10000.0
2491,10000.0
2492,10000.0
2493,10000.0
2494,10000.0
2495,10000.0
2496,10000.0
2497,10000.0
2498,10000.0
2499,10000.0
2500,10000.0
2501,10000.0
2502,10000.0
2503,10000.0
2504,10000.0
2505,10000.0
2506,10000.0
2507,10000.0
2508,10000.0
2509,10000.0
2510,10000.0
2511,10000.0
2512,10000.0
2513,10000.0
2514,10000.0
2515,10000.0
2516,10000.0
2517,10000.0
2518,10000.0
2519,10000.0
2520,10000.0
2521,10000.0
2522,10000.0
2523,10000.0
2524,10000.0
2525,10000.0
2526,10000.0
2527,10000.0
2528,10000.0
2529,10000.0
2530,10000.0
2531,10000.0
2532,10000.0
2533,10000.0
2534,10000.0
2535,10000.0
2536,10000.0
2537,10000.0
2538,10000.0
2539,10000.0
2540,10000.0
2541,10000.0
2542,10000.0
2543,10000.0
2544,10000.0
2545,10000.0
2546,10000.0
2547,10000.0
2548,10000.0
2549,10000.0
2550,10000.0
2551,10000.0
2552,10000.0
2553,10000.0
2554,10000.0
2555,10000.0
2556,10000.0
2557,10000.0
2558,10000.0
2559,10000.0
2560,10000.0
2561,10000.0
2562,10000.0
2563,10000.0
2564,10000.0
2565,10000.0
2566,10000.0
2567,10000.0
2568,10000.0
2569,10000.0
2570,10000.0
2571,10000.0
2572,10000.0
2573,10000.0
2574,10000.0
2575,10000.0
2576,10000.0
2577,10000.0
2578,10000.0
2579,10000.0
2580,10000.0
2581,10000.0
2582,10000.0
2583,10000.0
2584,10000.0
2585,10000.0
2586,10000.0
2587,10000.0
2588,10000.0
2589,10000.0
2590,10000.0
2591,10000.0
2592,10000.0
2593,10000.0
2594,10000.0
2595,10000.0
2596,10000.0
2597,10000.0
2598,10000.0
2599,10000.0
2600,10000.0
2601,10000.0
2602,10000.0
2603,10000.0
2604,10000.0
2605,10000.0
2606,10000.0
2607,10000.0
2608,10000.0
2609,10000.0
2610,10000.0
2611,10000.0
2612,10000.0
2613,10000.0
2614,10000.0
2615,10000.0
2616,10000.0
2617,10000.0
2618,10000.0
2619,10000.0
2620,10000.0
2621,10000.0
2622,10000.0
2623,10000.0
2624,10000.0
2625,10000.0
2626,10000.0
2627,10000.0
2628,10000.0
2629,10000.0
2630,10000.0
2631,10000.0
2632,10000.0
2633,10000.0
2634,10000.0
2635,10000.0
2636,10000.0
2637,10000.0
2638,10000.0
2639,10000.0
2640,10000.0
2641,10000.0
2642,10000.0
2643,10000.0
2644,10000.0
2645,10000.0
2646,10000.0
2647,10000.0
2648,10000.0
2649,10000.0
2650,10000.0
2651,10000.0
2652,10000.0
2653,10000.0
2654,10000.0
2655,10000.0
2656,10000.0
2657,10000.0
2658,10000.0
2659,10000.0
2660,10000.0
2661,10000.0
2662,10000.0
2663,10000.0
2664,10000.0
2665,10000.0
2666,10000.0
2667,10000.0
2668,10000.0
2669,10000.0
2670,10000.0
2671,10000.0
2672,10000.0
2673,10000.0
2674,10000.0
2675,10000.0
2676,10000.0
2677,10000.0
2678,10000.0
2679,10000.0
2680,10000.0
2681,10000.0
2682,10000.0
2683,10000.0
2684,10000.0
2685,10000.0
2686,10000.0
2687,10000.0
2688,10000.0
2689,10000.0
2690,10000.0
2691,10000.0
2692,10000.0
2693,10000.0
2694,10000.0
2695,10000.0
2696,10000.0
2697,10000.0
2698,10000.0
2699,10000.0
2700,10000.0
2701,10000.0
2702,10000.0
2703,10000.0
2704,10000.0
2705,10000.0
2706,10000.0
2707,10000.0
2708,10000.0
2709,10000.0
2710,10000.0
2711,10000.0
2712,10000.0
2713,10000.0
2714,10000.0
2715,10000.0
2716,10000.0
2717,10000.0
2718,10000.0
2719,10000.0
2720,10000.0
2721,10000.0
2722,10000.0
2723,10000.0
2724,10000.0
2725,10000.0
2726,10000.0
2727,10000.0
2728,10000.0
2729,10000.0
2730,10000.0
2731,10000.0
2732,10000.0
2733,10000.0
2734,10000.0
2735,10000.0
2736,10000.0
2737,10000.0
2738,10000.0
2739,10000.0
2740,10000.0
2741,10000.0
2742,10000.0
2743,10000.0
2744,10000.0
2745,10000.0
2746,10000.0
2747,10000.0
2748,10000.0
2749,10000.0
2750,10000.0
2751,10000.0
2752,10000.0
2753,10000.0
2754,10000.0
2755,10000.0
2756,10000.0
2757,10000.0
2758,10000.0
2759,10000.0
2760,10000.0
2761,10000.0
2762,10000.0
2763,10000.0
2764,10000.0
2765,10000.0
2766,10000.0
2767,10000.0
2768,10000.0
2769,10000.0
2770,10000.0
2771,10000.0
2772,10000.0
2773,10000.0
2774,10000.0
2775,10000.0
2776,10000.0
2777,10000.0
2778,10000.0
2779,10000.0
2780,10000.0
2781,10000.0
2782,10000.0
2783,10000.0
2784,10000.0
2785,10000.0
2786,10000.0
2787,10000.0
2788,10000.0
2789,10000.0
2790,10000.0
2791,10000.0
2792,10000.0
2793,10000.0
2794,10000.0
2795,10000.0
2796,10000.0
2797,10000.0
2798,10000.0
2799,10000.0
2800,10000.0
2801,10000.0
2802,10000.0
2803,10000.0
2804,10000.0
2805,10000.0
2806,10000.0
2807,10000.0
2808,10000.0
2809,10000.0
2810,10000.0
2811,10000.0
2812,10000.0
2813,10000.0
2814,10000.0
2815,10000.0
2816,10000.0
2817,10000.0
2818,10000.0
2819,10000.0
2820,10000.0
2821,10000.0
2822,10000.0
2823,10000.0
2824,10000.0
2825,10000.0
2826,10000.0
2827,10000.0
2828,10000.0
2829,10000.0
2830,10000.0
2831,10000.0
2832,10000.0
2833,10000.0
2834,10000.0
2835,10000.0
2836,10000.0
2837,10000.0
2838,10000.0
2839,10000.0
2840,10000.0
2841,10000.0
2842,10000.0
2843,10000.0
2844,10000.0
2845,10000.0
2846,10000.0
2847,10000.0
2848,10000.0
2849,10000.0
2850,10000.0
2851,10000.0
2852,10000.0
2853,10000.0
2854,10000.0
2855,10000.0
2856,10000.0
2857,10000.0
2858,10000.0
2859,10000.0
2860,10000.0
2861,10000.0
2862,10000.0
2863,10000.0
2864,10000.0
2865,10000.0
2866,10000.0
2867,10000.0
2868,10000.0
2869,10000.0
2870,10000.0
2871,10000.0
2872,10000.0
2873,10000.0
2874,10000.0
2875,10000.0
2876,10000.0
2877,10000.0
2878,10000.0
2879,10000.0
2880,10000.0
2881,10000.0
2882,10000.0
2883,10000.0
2884,10000.0
2885,10000.0
2886,10000.0
2887,10000.0
2888,10000.0
2889,10000.0
2890,10000.0
2891,10000.0
2892,10000.0
2893,10000.0
2894,10000.0
2895,10000.0
2896,10000.0
2897,10000.0
2898,10000.0
2899,10000.0
2900,10000.0
2901,10000.0
2902,10000.0
2903,10000.0
2904,10000.0
2905,10000.0
2906,10000.0
2907,10000.0
2908,10000.0
2909,10000.0
2910,10000.0
2911,10000.0
2912,10000.0
2913,10000.0
2914,10000.0
2915,10000.0
2916,10000.0
2917,10000.0
2918,10000.0
2919,10000.0
2920,10000.0
2921,10000.0
2922,10000.0
2923,10000.0
2924,10000.0
2925,10000.0
2926,10000.0
2927,10000.0
2928,10000.0
2929,10000.0
2930,10000.0
2931,10000.0
2932,10000.0
2933,10000.0
2934,10000.0
2935,10000.0
2936,10000.0
2937,10000.0
2938,10000.0
2939,10000.0
2940,10000.0
2941,10000.0
2942,10000.0
2943,10000.0
2944,10000.0
2945,10000.0
2946,10000.0
2947,10000.0
2948,10000.0
2949,10000.0
2950,10000.0
2951,10000.0
2952,10000.0
2953,10000.0
2954,10000.0
2955,10000.0
2956,10000.0
2957,10000.0
2958,10000.0
2959,10000.0
2960,10000.0
2961,10000.0
2962,10000.0
2963,10000.0
2964,10000.0
2965,10000.0
2966,10000.0
2967,10000.0
2968,10000.0
2969,10000.0
2970,10000.0
2971,10000.0
2972,10000.0
2973,10000.0
2974,10000.0
2975,10000.0
2976,10000.0
2977,10000.0
2978,10000.0
2979,10000.0
2980,10000.0
2981,10000.0
2982,10000.0
2983,10000.0
2984,10000.0
2985,10000.0
2986,10000.0
2987,10000.0
2988,10000.0
2989,10000.0
2990,10000.0
2991,10000.0
2992,10000.0
2993,10000.0
2994,10000.0
2995,10000.0
2996,10000.0
2997,10000.0
2998,10000.0
2999,10000.0
3000,10000.0
3001,10000.0
3002,10000.0
3003,10000.0
3004,10000.0
3005,10000.0
3006,10000.0
3007,10000.0
3008,10000.0
3009,10000.0
3010,10000.0
3011,10000.0
3012,10000.0
3013,10000.0
3014,10000.0
3015,10000.0
3016,10000.0
3017,10000.0
3018,10000.0
3019,10000.0
3020,10000.0
3021,10000.0
3022,10000.0
3023,10000.0
3024,10000.0
3025,10000.0
3026,10000.0
3027,10000.0
3028,10000.0
3029,10000.0
3030,10000.0
3031,10000.0
3032,10000.0
3033,10000.0
3034,10000.0
3035,10000.0
3036,10000.0
3037,10000.0
3038,10000.0
3039,10000.0
3040,10000.0
3041,10000.0
3042,10000.0
3043,10000.0
3044,10000.0
3045,10000.0
3046,10000.0
3047,10000.0
3048,10000.0
3049,10000.0
3050,10000.0
3051,10000.0
3052,10000.0
3053,10000.0
3054,10000.0
3055,10000.0
3056,10000.0
3057,10000.0
3058,10000.0
3059,10000.0
3060,10000.0
3061,10000.0
3062,10000.0
3063,10000.0
3064,10000.0
3065,10000.0
3066,10000.0
3067,10000.0
3068,10000.0
3069,10000.0
3070,10000.0
3071,10000.0
3072,10000.0
3073,10000.0
3074,10000.0
3075,10000.0
3076,10000.0
3077,10000.0
3078,10000.0
3079,10000.0
3080,10000.0
3081,10000.0
3082,10000.0
3083,10000.0
3084,10000.0
3085,10000.0
3086,10000.0
3087,10000.0
3088,10000.0
3089,10000.0
3090,10000.0
3091,10000.0
3092,10000.0
3093,10000.0
3094,10000.0
3095,10000.0
3096,10000.0
3097,10000.0
3098,10000.0
3099,10000.0
3100,10000.0
3101,10000.0
3102,10000.0
3103,10000.0
3104,10000.0
3105,10000.0
3106,10000.0
3107,10000.0
3108,10000.0
3109,10000.0
3110,10000.0
3111,10000.0
3112,10000.0
3113,10000.0
3114,10000.0
3115,10000.0
3116,10000.0
3117,10000.0
3118,10000.0
3119,10000.0
3120,10000.0
3121,10000.0
3122,10000.0
3123,10000.0
3124,10000.0
3125,10000.0
3126,10000.0
3127,10000.0
3128,10000.0
3129,10000.0
3130,10000.0
3131,10000.0
3132,10000.0
3133,10000.0
3134,10000.0
3135,10000.0
3136,10000.0
3137,10000.0
3138,10000.0
3139,10000.0
3140,10000.0
3141,10000.0
3142,10000.0
3143,10000.0
3144,10000.0
3145,10000.0
3146,10000.0
3147,10000.0
3148,10000.0
3149,10000.0
3150,10000.0
3151,10000.0
3152,10000.0
3153,10000.0
3154,10000.0
3155,10000.0
3156,10000.0
3157,10000.0
3158,10000.0
3159,10000.0
3160,10000.0
3161,10000.0
3162,10000.0
3163,10000.0
3164,10000.0
3165,10000.0
3166,10000.0
3167,10000.0
3168,10000.0
3169,10000.0
3170,10000.0
3171,10000.0
3172,10000.0
3173,10000.0
3174,10000.0
3175,10000.0
3176,10000.0
3177,10000.0
3178,10000.0
3179,10000.0
3180,10000.0
3181,10000.0
3182,10000.0
3183,10000.0
3184,10000.0
3185,10000.0
3186,10000.0
3187,10000.0
3188,10000.0
3189,10000.0
3190,10000.0
3191,10000.0
3192,10000.0
3193,10000.0
3194,10000.0
3195,10000.0
3196,10000.0
3197,10000.0
3198,10000.0
3199,10000.0
3200,10000.0
3201,10000.0
3202,10000.0
3203,10000.0
3204,10000.0
3205,10000.0
3206,10000.0
3207,10000.0
3208,10000.0
3209,10000.0
3210,10000.0
3211,10000.0
3212,10000.0
3213,10000.0
3214,10000.0
3215,10000.0
3216,10000.0
3217,10000.0
3218,10000.0
3219,10000.0
3220,10000.0
3221,10000.0
3222,10000.0
3223,10000.0
3224,10000.0
3225,10000.0
3226,10000.0
3227,10000.0
3228,10000.0
3229,10000.0
3230,10000.0
3231,10000.0
3232,10000.0
3233,10000.0
3234,10000.0
3235,10000.0
3236,10000.0
3237,10000.0
3238,10000.0
3239,10000.0
3240,10000.0
3241,10000.0
3242,10000.0
3243,10000.0
3244,10000.0
3245,10000.0
3246,10000.0
3247,10000.0
3248,10000.0
3249,10000.0
3250,10000.0
3251,10000.0
3252,10000.0
3253,10000.0
3254,10000.0
3255,10000.0
3256,10000.0
3257,10000.0
3258,10000.0
3259,10000.0
3260,10000.0
3261,10000.0
3262,10000.0
3263,10000.0
3264,10000.0
3265,10000.0
3266,10000.0
3267,10000.0
3268,10000.0
3269,10000.0
3270,10000.0
3271,10000.0
3272,10000.0
3273,10000.0
3274,10000.0
3275,10000.0
3276,10000.0
3277,10000.0
3278,10000.0
3279,10000.0
3280,10000.0
3281,10000.0
3282,10000.0
3283,10000.0
3284,10000.0
3285,10000.0
3286,10000.0
3287,10000.0
3288,10000.0
3289,10000.0
3290,10000.0
3291,10000.0
3292,10000.0
3293,10000.0
3294,10000.0
3295,10000.0
3296,10000.0
3297,10000.0
3298,10000.0
3299,10000.0
3300,10000.0
3301,10000.0
3302,10000.0
3303,10000.0
3304,10000.0
3305,10000.0
3306,10000.0
3307,10000.0
3308,10000.0
3309,10000.0
3310,10000.0
3311,10000.0
3312,10000.0
3313,10000.0
3314,10000.0
3315,10000.0
3316,10000.0
3317,10000.0
3318,10000.0
3319,10000.0
3320,10000.0
3321,10000.0
3322,10000.0
3323,10000.0
3324,10000.0
3325,10000.0
3326,10000.0
3327,10000.0
3328,10000.0
3329,10000.0
3330,10000.0
3331,10000.0
3332,10000.0
3333,10000.0
3334,10000.0
3335,10000.0
3336,10000.0
3337,10000.0
3338,10000.0
3339,10000.0
3340,10000.0
3341,10000.0
3342,10000.0
3343,10000.0
3344,10000.0
3345,10000.0
3346,10000.0
3347,10000.0
3348,10000.0
3349,10000.0
3350,10000.0
3351,10000.0
3352,10000.0
3353,10000.0
3354,10000.0
3355,10000.0
3356,10000.0
3357,10000.0
3358,10000.0
3359,10000.0
3360,10000.0
3361,10000.0
3362,10000.0
3363,10000.0
3364,10000.0
3365,10000.0
3366,10000.0
3367,10000.0
3368,10000.0
3369,10000.0
3370,10000.0
3371,10000.0
3372,10000.0
3373,10000.0
3374,10000.0
3375,10000.0
3376,10000.0
3377,10000.0
3378,10000.0
3379,10000.0
3380,10000.0
3381,10000.0
3382,10000.0
3383,10000.0
3384,10000.0
3385,10000.0
3386,10000.0
3387,10000.0
3388,10000.0
3389,10000.0
3390,10000.0
3391,10000.0
3392,10000.0
3393,10000.0
3394,10000.0
3395,10000.0
3396,10000.0
3397,10000.0
3398,10000.0
3399,10000.0
3400,10000.0
3401,10000.0
3402,10000.0
3403,10000.0
3404,10000.0
3405,10000.0
3406,10000.0
3407,10000.0
3408,10000.0
3409,10000.0
3410,10000.0
3411,10000.0
3412,10000.0
3413,10000.0
3414,10000.0
3415,10000.0
3416,10000.0
3417,10000.0
3418,10000.0
3419,10000.0
3420,10000.0
3421,10000.0
3422,10000.0
3423,10000.0
3424,10000.0
3425,10000.0
3426,10000.0
3427,10000.0
3428,10000.0
3429,10000.0
3430,10000.0
3431,10000.0
3432,10000.0
3433,10000.0
3434,10000.0
3435,10000.0
3436,10000.0
3437,10000.0
3438,10000.0
3439,10000.0
3440,10000.0
3441,10000.0
3442,10000.0
3443,10000.0
3444,10000.0
3445,10000.0
3446,10000.0
3447,10000.0
3448,10000.0
3449,10000.0
3450,10000.0
3451,10000.0
3452,10000.0
3453,10000.0
3454,10000.0
3455,10000.0
3456,10000.0
3457,10000.0
3458,10000.0
3459,10000.0
3460,10000.0
3461,10000.0
3462,10000.0
3463,10000.0
3464,10000.0
3465,10000.0
3466,10000.0
3467,10000.0
3468,10000.0
3469,10000.0
3470,10000.0
3471,10000.0
3472,10000.0
3473,10000.0
3474,10000.0
3475,10000.0
3476,10000.0
3477,10000.0
3478,10000.0
3479,10000.0
3480,10000.0
3481,10000.0
3482,10000.0
3483,10000.0
3484,10000.0
3485,10000.0
3486,10000.0
3487,10000.0
3488,10000.0
3489,10000.0
3490,10000.0
3491,10000.0
3492,10000.0
3493,10000.0
3494,10000.0
3495,10000.0
3496,10000.0
3497,10000.0
3498,10000.0
3499,10000.0
3500,10000.0
3501,10000.0
3502,10000.0
3503,10000.0
3504,10000.0
3505,10000.0
3506,10000.0
3507,10000.0
3508,10000.0
3509,10000.0
3510,10000.0
3511,10000.0
3512,10000.0
3513,10000.0
3514,10000.0
3515,10000.0
3516,10000.0
3517,10000.0
3518,10000.0
3519,10000.0
3520,10000.0
3521,10000.0
3522,10000.0
3523,10000.0
3524,10000.0
3525,10000.0
3526,10000.0
3527,10000.0
3528,10000.0
3529,10000.0
3530,10000.0
3531,10000.0
3532,10000.0
3533,10000.0
3534,10000.0
3535,10000.0
3536,10000.0
3537,10000.0
3538,10000.0
3539,10000.0
3540,10000.0
3541,10000.0
3542,10000.0
3543,10000.0
3544,10000.0
3545,10000.0
3546,10000.0
3547,10000.0
3548,10000.0
3549,10000.0
3550,10000.0
3551,10000.0
3552,10000.0
3553,10000.0
3554,10000.0
3555,10000.0
3556,10000.0
3557,10000.0
3558,10000.0
3559,10000.0
3560,10000.0
3561,10000.0
3562,10000.0
3563,10000.0
3564,10000.0
3565,10000.0
3566,10000.0
3567,10000.0
3568,10000.0
3569,10000.0
3570,10000.0
3571,10000.0
3572,10000.0
3573,10000.0
3574,10000.0
3575,10000.0
3576,10000.0
3577,10000.0
3578,10000.0
3579,10000.0
3580,10000.0
3581,10000.0
3582,10000.0
3583,10000.0
3584,10000.0
3585,10000.0
3586,10000.0
3587,10000.0
3588,10000.0
3589,10000.0
3590,10000.0
3591,10000.0
3592,10000.0
3593,10000.0
3594,10000.0
3595,10000.0
3596,10000.0
3597,10000.0
3598,10000.0
3599,10000.0
3600,10000.0
3601,10000.0
3602,10000.0
3603,10000.0
3604,10000.0
3605,10000.0
3606,10000.0
3607,10000.0
3608,10000.0
3609,10000.0
3610,10000.0
3611,10000.0
3612,10000.0
3613,10000.0
3614,10000.0
3615,10000.0
3616,10000.0
3617,10000.0
3618,10000.0
3619,10000.0
3620,10000.0
3621,10000.0
3622,10000.0
3623,10000.0
3624,10000.0
3625,10000.0
3626,10000.0
3627,10000.0
3628,10000.0
3629,10000.0
3630,10000.0
3631,10000.0
3632,10000.0
3633,10000.0
3634,10000.0
3635,10000.0
3636,10000.0
3637,10000.0
3638,10000.0
3639,10000.0
3640,10000.0
3641,10000.0
3642,10000.0
3643,10000.0
3644,10000.0
3645,10000.0
3646,10000.0
3647,10000.0
3648,10000.0
3649,10000.0
3650,10000.0
3651,10000.0
3652,10000.0
3653,10000.0
3654,10000.0
3655,10000.0
3656,10000.0
3657,10000.0
3658,10000.0
3659,10000.0
3660,10000.0
3661,10000.0
3662,10000.0
3663,10000.0
3664,10000.0
3665,10000.0
3666,10000.0
3667,10000.0
3668,10000.0
3669,10000.0
3670,10000.0
3671,10000.0
3672,10000.0
3673,10000.0
3674,10000.0
3675,10000.0
3676,10000.0
3677,10000.0
3678,10000.0
3679,10000.0
3680,10000.0
3681,10000.0
3682,10000.0
3683,10000.0
3684,10000.0
3685,10000.0
3686,10000.0
3687,10000.0
3688,10000.0
3689,10000.0
3690,10000.0
3691,10000.0
3692,10000.0
3693,10000.0
3694,10000.0
3695,10000.0
3696,10000.0
3697,10000.0
3698,10000.0
3699,10000.0
3700,10000.0
3701,10000.0
3702,10000.0
3703,10000.0
3704,10000.0
3705,10000.0
3706,10000.0
3707,10000.0
3708,10000.0
3709,10000.0
3710,10000.0
3711,10000.0
3712,10000.0
3713,10000.0
3714,10000.0
3715,10000.0
3716,10000.0
3717,10000.0
3718,10000.0
3719,10000.0
3720,10000.0
3721,10000.0
3722,10000.0
3723,10000.0
3724,10000.0
3725,10000.0
3726,10000.0
3727,10000.0
3728,10000.0
3729,10000.0
3730,10000.0
3731,10000.0
3732,10000.0
3733,10000.0
3734,10000.0
3735,10000.0
3736,10000.0
3737,10000.0
3738,10000.0
3739,10000.0
3740,10000.0
3741,10000.0
3742,10000.0
3743,10000.0
3744,10000.0
3745,10000.0
3746,10000.0
3747,10000.0
3748,10000.0
3749,10000.0
3750,10000.0
3751,10000.0
3752,10000.0
3753,10000.0
3754,10000.0
3755,10000.0
3756,10000.0
3757,10000.0
3758,10000.0
3759,10000.0
3760,10000.0
3761,10000.0
3762,10000.0
3763,10000.0
3764,10000.0
3765,10000.0
3766,10000.0
3767,10000.0
3768,10000.0
3769,10000.0
3770,10000.0
3771,10000.0
3772,10000.0
3773,10000.0
3774,10000.0
3775,10000.0
3776,10000.0
3777,10000.0
3778,10000.0
3779,10000.0
3780,10000.0
3781,10000.0
3782,10000.0
3783,10000.0
3784,10000.0
3785,10000.0
3786,10000.0
3787,10000.0
3788,10000.0
3789,10000.0
3790,10000.0
3791,10000.0
3792,10000.0
3793,10000.0
3794,10000.0
3795,10000.0
3796,10000.0
3797,10000.0
3798,10000.0
3799,10000.0
3800,10000.0
3801,10000.0
3802,10000.0
3803,10000.0
3804,10000.0
3805,10000.0
3806,10000.0
3807,10000.0
3808,10000.0
3809,10000.0
3810,10000.0
3811,10000.0
3812,10000.0
3813,10000.0
3814,10000.0
3815,10000.0
3816,10000.0
3817,10000.0
3818,10000.0
3819,10000.0
3820,10000.0
3821,10000.0
3822,10000.0
3823,10000.0
3824,10000.0
3825,10000.0
3826,10000.0
3827,10000.0
3828,10000.0
3829,10000.0
3830,10000.0
3831,10000.0
3832,10000.0
3833,10000.0
3834,10000.0
3835,10000.0
3836,10000.0
3837,10000.0
3838,10000.0
3839,10000.0
3840,10000.0
3841,10000.0
3842,10000.0
3843,10000.0
3844,10000.0
3845,10000.0
3846,10000.0
3847,10000.0
3848,10000.0
3849,10000.0
3850,10000.0
3851,10000.0
3852,10000.0
3853,10000.0
3854,10000.0
3855,10000.0
3856,10000.0
3857,10000.0
3858,10000.0
3859,10000.0
3860,10000.0
3861,10000.0
3862,10000.0
3863,10000.0
3864,10000.0
3865,10000.0
3866,10000.0
3867,10000.0
3868,10000.0
3869,10000.0
3870,10000.0
3871,10000.0
3872,10000.0
3873,10000.0
3874,10000.0
3875,10000.0
3876,10000.0
3877,10000.0
3878,10000.0
3879,10000.0
3880,10000.0
3881,10000.0
3882,10000.0
3883,10000.0
3884,10000.0
3885,10000.0
3886,10000.0
3887,10000.0
3888,10000.0
3889,10000.0
3890,10000.0
3891,10000.0
3892,10000.0
3893,10000.0
3894,10000.0
3895,10000.0
3896,10000.0
3897,10000.0
3898,10000.0
3899,10000.0
3900,10000.0
3901,10000.0
3902,10000.0
3903,10000.0
3904,10000.0
3905,10000.0
3906,10000.0
3907,10000.0
3908,10000.0
3909,10000.0
3910,10000.0
3911,10000.0
3912,10000.0
3913,10000.0
3914,10000.0
3915,10000.0
3916,10000.0
3917,10000.0
3918,10000.0
3919,10000.0
3920,10000.0
3921,10000.0
3922,10000.0
3923,10000.0
3924,10000.0
3925,10000.0
3926,10000.0
3927,10000.0
3928,10000.0
3929,10000.0
3930,10000.0
3931,10000.0
3932,10000.0
3933,10000.0
3934,10000.0
3935,10000.0
3936,10000.0
3937,10000.0
3938,10000.0
3939,10000.0
3940,10000.0
3941,10000.0
3942,10000.0
3943,10000.0
3944,10000.0
3945,10000.0
3946,10000.0
3947,10000.0
3948,10000.0
3949,10000.0
3950,10000.0
3951,10000.0
3952,10000.0
3953,10000.0
3954,10000.0
3955,10000.0
3956,10000.0
3957,10000.0
3958,10000.0
3959,10000.0
3960,10000.0
3961,10000.0
3962,10000.0
3963,10000.0
3964,10000.0
3965,10000.0
3966,10000.0
3967,10000.0
3968,10000.0
3969,10000.0
3970,10000.0
3971,10000.0
3972,10000.0
3973,10000.0
3974,10000.0
3975,10000.0
3976,10000.0
3977,10000.0
3978,10000.0
3979,10000.0
3980,10000.0
3981,10000.0
3982,10000.0
3983,10000.0
3984,10000.0
3985,10000.0
3986,10000.0
3987,10000.0
3988,10000.0
3989,10000.0
3990,10000.0
3991,10000.0
3992,10000.0
3993,10000.0
3994,10000.0
3995,10000.0
3996,10000.0
3997,10000.0
3998,10000.0
3999,10000.0
4000,10000.0
4001,10000.0
4002,10000.0
4003,10000.0
4004,10000.0
4005,10000.0
4006,10000.0
4007,10000.0
4008,10000.0
4009,10000.0
4010,10000.0
4011,10000.0
4012,10000.0
4013,10000.0
4014,10000.0
4015,10000.0
4016,10000.0
4017,10000.0
4018,10000.0
4019,10000.0
4020,10000.0
4021,10000.0
4022,10000.0
4023,10000.0
4024,10000.0
4025,10000.0
4026,10000.0
4027,10000.0
4028,10000.0
4029,10000.0
4030,10000.0
4031,10000.0
4032,10000.0
4033,10000.0
4034,10000.0
4035,10000.0
4036,10000.0
4037,10000.0
4038,10000.0
4039,10000.0
4040,10000.0
4041,10000.0
4042,10000.0
4043,10000.0
4044,10000.0
4045,10000.0
4046,10000.0
4047,10000.0
4048,10000.0
4049,10000.0
4050,10000.0
4051,10000.0
4052,10000.0
4053,10000.0
4054,10000.0
4055,10000.0
4056,10000.0
4057,10000.0
4058,10000.0
4059,10000.0
4060,10000.0
4061,10000.0
4062,10000.0
4063,10000.0
4064,10000.0
4065,10000.0
4066,10000.0
4067,10000.0
4068,10000.0
4069,10000.0
4070,10000.0
4071,10000.0
4072,10000.0
4073,10000.0
4074,10000.0
4075,10000.0
4076,10000.0
4077,10000.0
4078,10000.0
4079,10000.0
4080,10000.0
4081,10000.0
4082,10000.0
4083,10000.0
4084,10000.0
4085,10000.0
4086,10000.0
4087,10000.0
4088,10000.0
4089,10000.0
4090,10000.0
4091,10000.0
4092,10000.0
4093,10000.0
4094,10000.0
4095,10000.0
4096,10000.0
4097,10000.0
4098,10000.0
4099,10000.0
4100,10000.0
4101,10000.0
4102,10000.0
4103,10000.0
4104,10000.0
4105,10000.0
4106,10000.0
4107,10000.0
4108,10000.0
4109,10000.0
4110,10000.0
4111,10000.0
4112,10000.0
4113,10000.0
4114,10000.0
4115,10000.0
4116,10000.0
4117,10000.0
4118,10000.0
4119,10000.0
4120,10000.0
4121,10000.0
4122,10000.0
4123,10000.0
4124,10000.0
4125,10000.0
4126,10000.0
4127,10000.0
4128,10000.0
4129,10000.0
4130,10000.0
4131,10000.0
4132,10000.0
4133,10000.0
4134,10000.0
4135,10000.0
4136,10000.0
4137,10000.0
4138,10000.0
4139,10000.0
4140,10000.0
4141,10000.0
4142,10000.0
4143,10000.0
4144,10000.0
4145,10000.0
4146,10000.0
4147,10000.0
4148,10000.0
4149,10000.0
4150,10000.0
4151,10000.0
4152,10000.0
4153,10000.0
4154,10000.0
4155,10000.0
4156,10000.0
4157,10000.0
4158,10000.0
4159,10000.0
4160,10000.0
4161,10000.0
4162,10000.0
4163,10000.0
4164,10000.0
4165,10000.0
4166,10000.0
4167,10000.0
4168,10000.0
4169,10000.0
4170,10000.0
4171,10000.0
4172,10000.0
4173,10000.0
4174,10000.0
4175,10000.0
4176,10000.0
4177,10000.0
4178,10000.0
4179,10000.0
4180,10000.0
4181,10000.0
4182,10000.0
4183,10000.0
4184,10000.0
4185,10000.0
4186,10000.0
4187,10000.0
4188,10000.0
4189,10000.0
4190,10000.0
4191,10000.0
4192,10000.0
4193,10000.0
4194,10000.0
4195,10000.0
4196,10000.0
4197,10000.0
4198,10000.0
4199,10000.0
4200,10000.0
4201,10000.0
4202,10000.0
4203,10000.0
4204,10000.0
4205,10000.0
4206,10000.0
4207,10000.0
4208,10000.0
4209,10000.0
4210,10000.0
4211,10000.0
4212,10000.0
4213,10000.0
4214,10000.0
4215,10000.0
4216,10000.0
4217,10000.0
4218,10000.0
4219,10000.0
4220,10000.0
4221,10000.0
4222,10000.0
4223,10000.0
4224,10000.0
4225,10000.0
4226,10000.0
4227,10000.0
4228,10000.0
4229,10000.0
4230,10000.0
4231,10000.0
4232,10000.0
4233,10000.0
4234,10000.0
4235,10000.0
4236,10000.0
4237,10000.0
4238,10000.0
4239,10000.0
4240,10000.0
4241,10000.0
4242,10000.0
4243,10000.0
4244,10000.0
4245,10000.0
4246,10000.0
4247,10000.0
4248,10000.0
4249,10000.0
4250,10000.0
4251,10000.0
4252,10000.0
4253,10000.0
4254,10000.0
4255,10000.0
4256,10000.0
4257,10000.0
4258,10000.0
4259,10000.0
4260,10000.0
4261,10000.0
4262,10000.0
4263,10000.0
4264,10000.0
4265,10000.0
4266,10000.0
4267,10000.0
4268,10000.0
4269,10000.0
4270,10000.0
4271,10000.0
4272,10000.0
4273,10000.0
4274,10000.0
4275,10000.0
4276,10000.0
4277,10000.0
4278,10000.0
4279,10000.0
4280,10000.0
4281,10000.0
4282,10000.0
4283,10000.0
4284,10000.0
4285,10000.0
4286,10000.0
4287,10000.0
4288,10000.0
4289,10000.0
4290,10000.0
4291,10000.0
4292,10000.0
4293,10000.0
4294,10000.0
4295,10000.0
4296,10000.0
4297,10000.0
4298,10000.0
4299,10000.0
4300,10000.0
4301,10000.0
4302,10000.0
4303,10000.0
4304,10000.0
4305,10000.0
4306,10000.0
4307,10000.0
4308,10000.0
4309,10000.0
4310,10000.0
4311,10000.0
4312,10000.0
4313,10000.0
4314,10000.0
4315,10000.0
4316,10000.0
4317,10000.0
4318,10000.0
4319,10000.0
4320,10000.0
4321,10000.0
4322,10000.0
4323,10000.0
4324,10000.0
4325,10000.0
4326,10000.0
4327,10000.0
4328,10000.0
4329,10000.0
4330,10000.0
4331,10000.0
4332,10000.0
4333,10000.0
4334,10000.0
4335,10000.0
4336,10000.0
4337,10000.0
4338,10000.0
4339,10000.0
4340,10000.0
4341,10000.0
4342,10000.0
4343,10000.0
4344,10000.0
4345,10000.0
4346,10000.0
4347,10000.0
4348,10000.0
4349,10000.0
4350,10000.0
4351,10000.0
4352,10000.0
4353,10000.0
4354,10000.0
4355,10000.0
4356,10000.0
4357,10000.0
4358,10000.0
4359,10000.0
4360,10000.0
4361,10000.0
4362,10000.0
4363,10000.0
4364,10000.0
4365,10000.0
4366,10000.0
4367,10000.0
4368,10000.0
4369,10000.0
4370,10000.0
4371,10000.0
4372,10000.0
4373,10000.0
4374,10000.0
4375,10000.0
4376,10000.0
4377,10000.0
4378,10000.0
4379,10000.0
4380,10000.0
4381,10000.0
4382,10000.0
4383,10000.0
4384,10000.0
4385,10000.0
4386,10000.0
4387,10000.0
4388,10000.0
4389,10000.0
4390,10000.0
4391,10000.0
4392,10000.0
4393,10000.0
4394,10000.0
4395,10000.0
4396,10000.0
4397,10000.0
4398,10000.0
4399,10000.0
4400,10000.0
4401,10000.0
4402,10000.0
4403,10000.0
4404,10000.0
4405,10000.0
4406,10000.0
4407,10000.0
4408,10000.0
4409,10000.0
4410,10000.0
4411,10000.0
4412,10000.0
4413,10000.0
4414,10000.0
4415,10000.0
4416,10000.0
4417,10000.0
4418,10000.0
4419,10000.0
4420,10000.0
4421,10000.0
4422,10000.0
4423,10000.0
4424,10000.0
4425,10000.0
4426,10000.0
4427,10000.0
4428,10000.0
4429,10000.0
4430,10000.0
4431,10000.0
4432,10000.0
4433,10000.0
4434,10000.0
4435,10000.0
4436,10000.0
4437,10000.0
4438,10000.0
4439,10000.0
4440,10000.0
4441,10000.0
4442,10000.0
4443,10000.0
4444,10000.0
4445,10000.0
4446,10000.0
4447,10000.0
4448,10000.0
4449,10000.0
4450,10000.0
4451,10000.0
4452,10000.0
4453,10000.0
4454,10000.0
4455,10000.0
4456,10000.0
4457,10000.0
4458,10000.0
4459,10000.0
4460,10000.0
4461,10000.0
4462,10000.0
4463,10000.0
4464,10000.0
4465,10000.0
4466,10000.0
4467,10000.0
4468,10000.0
4469,10000.0
4470,10000.0
4471,10000.0
4472,10000.0
4473,10000.0
4474,10000.0
4475,10000.0
4476,10000.0
4477,10000.0
4478,10000.0
4479,10000.0
4480,10000.0
4481,10000.0
4482,10000.0
4483,10000.0
4484,10000.0
4485,10000.0
4486,10000.0
4487,10000.0
4488,10000.0
4489,10000.0
4490,10000.0
4491,10000.0
4492,10000.0
4493,10000.0
4494,10000.0
4495,10000.0
4496,10000.0
4497,10000.0
4498,10000.0
4499,10000.0
4500,10000.0
4501,10000.0
4502,10000.0
4503,10000.0
4504,10000.0
4505,10000.0
4506,10000.0
4507,10000.0
4508,10000.0
4509,10000.0
4510,10000.0
4511,10000.0
4512,10000.0
4513,10000.0
4514,10000.0
4515,10000.0
4516,10000.0
4517,10000.0
4518,10000.0
4519,10000.0
4520,10000.0
4521,10000.0
4522,10000.0
4523,10000.0
4524,10000.0
4525,10000.0
4526,10000.0
4527,10000.0
4528,10000.0
4529,10000.0
4530,10000.0
4531,10000.0
4532,10000.0
4533,10000.0
4534,10000.0
4535,10000.0
4536,10000.0
4537,10000.0
4538,10000.0
4539,10000.0
4540,10000.0
4541,10000.0
4542,10000.0
4543,10000.0
4544,10000.0
4545,10000.0
4546,10000.0
4547,10000.0
4548,10000.0
4549,10000.0
4550,10000.0
4551,10000.0
4552,10000.0
4553,10000.0
4554,10000.0
4555,10000.0
4556,10000.0
4557,10000.0
4558,10000.0
4559,10000.0
4560,10000.0
4561,10000.0
4562,10000.0
4563,10000.0
4564,10000.0
4565,10000.0
4566,10000.0
4567,10000.0
4568,10000.0
4569,10000.0
4570,10000.0
4571,10000.0
4572,10000.0
4573,10000.0
4574,10000.0
4575,10000.0
4576,10000.0
4577,10000.0
4578,10000.0
4579,10000.0
4580,10000.0
4581,10000.0
4582,10000.0
4583,10000.0
4584,10000.0
4585,10000.0
4586,10000.0
4587,10000.0
4588,10000.0
4589,10000.0
4590,10000.0
4591,10000.0
4592,10000.0
4593,10000.0
4594,10000.0
4595,10000.0
4596,10000.0
4597,10000.0
4598,10000.0
4599,10000.0
4600,10000.0
4601,10000.0
4602,10000.0
4603,10000.0
4604,10000.0
4605,10000.0
4606,10000.0
4607,10000.0
4608,10000.0
4609,10000.0
4610,10000.0
4611,10000.0
4612,10000.0
4613,10000.0
4614,10000.0
4615,10000.0
4616,10000.0
4617,10000.0
4618,10000.0
4619,10000.0
4620,10000.0
4621,10000.0
4622,10000.0
4623,10000.0
4624,10000.0
4625,10000.0
4626,10000.0
4627,10000.0
4628,10000.0
4629,10000.0
4630,10000.0
4631,10000.0
4632,10000.0
4633,10000.0
4634,10000.0
4635,10000.0
4636,10000.0
4637,10000.0
4638,10000.0
4639,10000.0
4640,10000.0
4641,10000.0
4642,10000.0
4643,10000.0
4644,10000.0
4645,10000.0
4646,10000.0
4647,10000.0
4648,10000.0
4649,10000.0
4650,10000.0
4651,10000.0
4652,10000.0
4653,10000.0
4654,10000.0
4655,10000.0
4656,10000.0
4657,10000.0
4658,10000.0
4659,10000.0
4660,10000.0
4661,10000.0
4662,10000.0
4663,10000.0
4664,10000.0
4665,10000.0
4666,10000.0
4667,10000.0
4668,10000.0
4669,10000.0
4670,10000.0
4671,10000.0
4672,10000.0
4673,10000.0
4674,10000.0
4675,10000.0
4676,10000.0
4677,10000.0
4678,10000.0
4679,10000.0
4680,10000.0
4681,10000.0
4682,10000.0
4683,10000.0
4684,10000.0
4685,10000.0
4686,10000.0
4687,10000.0
4688,10000.0
4689,10000.0
4690,10000.0
4691,10000.0
4692,10000.0
4693,10000.0
4694,10000.0
4695,10000.0
4696,10000.0
4697,10000.0
4698,10000.0
4699,10000.0
4700,10000.0
4701,10000.0
4702,10000.0
4703,10000.0
4704,10000.0
4705,10000.0
4706,10000.0
4707,10000.0
4708,10000.0
4709,10000.0
4710,10000.0
4711,10000.0
4712,10000.0
4713,10000.0
4714,10000.0
4715,10000.0
4716,10000.0
4717,10000.0
4718,10000.0
4719,10000.0
4720,10000.0
4721,10000.0
4722,10000.0
4723,10000.0
4724,10000.0
4725,10000.0
4726,10000.0
4727,10000.0
4728,10000.0
4729,10000.0
4730,10000.0
4731,10000.0
4732,10000.0
4733,10000.0
4734,10000.0
4735,10000.0
4736,10000.0
4737,10000.0
4738,10000.0
4739,10000.0
4740,10000.0
4741,10000.0
4742,10000.0
4743,10000.0
4744,10000.0
4745,10000.0
4746,10000.0
4747,10000.0
4748,10000.0
4749,10000.0
4750,10000.0
4751,10000.0
4752,10000.0
4753,10000.0
4754,10000.0
4755,10000.0
4756,10000.0
4757,10000.0
4758,10000.0
4759,10000.0
4760,10000.0
4761,10000.0
4762,10000.0
4763,10000.0
4764,10000.0
4765,10000.0
4766,10000.0
4767,10000.0
4768,10000.0
4769,10000.0
4770,10000.0
4771,10000.0
4772,10000.0
4773,10000.0
4774,10000.0
4775,10000.0
4776,10000.0
4777,10000.0
4778,10000.0
4779,10000.0
4780,10000.0
4781,10000.0
4782,10000.0
4783,10000.0
4784,10000.0
4785,10000.0
4786,10000.0
4787,10000.0
4788,10000.0
4789,10000.0
4790,10000.0
4791,10000.0
4792,10000.0
4793,10000.0
4794,10000.0
4795,10000.0
4796,10000.0
4797,10000.0
4798,10000.0
4799,10000.0
4800,10000.0
4801,10000.0
4802,10000.0
4803,10000.0
4804,10000.0
4805,10000.0
4806,10000.0
4807,10000.0
4808,10000.0
4809,10000.0
4810,10000.0
4811,10000.0
4812,10000.0
4813,10000.0
4814,10000.0
4815,10000.0
4816,10000.0
4817,10000.0
4818,10000.0
4819,10000.0
4820,10000.0
4821,10000.0
4822,10000.0
4823,10000.0
4824,10000.0
4825,10000.0
4826,10000.0
4827,10000.0
4828,10000.0
4829,10000.0
4830,10000.0
4831,10000.0
4832,10000.0
4833,10000.0
4834,10000.0
4835,10000.0
4836,10000.0
4837,10000.0
4838,10000.0
4839,10000.0
4840,10000.0
4841,10000.0
4842,10000.0
4843,10000.0
4844,10000.0
4845,10000.0
4846,10000.0
4847,10000.0
4848,10000.0
4849,10000.0
4850,10000.0
4851,10000.0
4852,10000.0
4853,10000.0
4854,10000.0
4855,10000.0
4856,10000.0
4857,10000.0
4858,10000.0
4859,10000.0
4860,10000.0
4861,10000.0
4862,10000.0
4863,10000.0
4864,10000.0
4865,10000.0
4866,10000.0
4867,10000.0
4868,10000.0
4869,10000.0
4870,10000.0
4871,10000.0
4872,10000.0
4873,10000.0
4874,10000.0
4875,10000.0
4876,10000.0
4877,10000.0
4878,10000.0
4879,10000.0
4880,10000.0
4881,10000.0
4882,10000.0
4883,10000.0
4884,10000.0
4885,10000.0
4886,10000.0
4887,10000.0
4888,10000.0
4889,10000.0
4890,10000.0
4891,10000.0
4892,10000.0
4893,10000.0
4894,10000.0
4895,10000.0
4896,10000.0
4897,10000.0
4898,10000.0
4899,10000.0
4900,10000.0
4901,10000.0
4902,10000.0
4903,10000.0
4904,10000.0
4905,10000.0
4906,10000.0
4907,10000.0
4908,10000.0
4909,10000.0
4910,10000.0
4911,10000.0
4912,10000.0
4913,10000.0
4914,10000.0
4915,10000.0
4916,10000.0
4917,10000.0
4918,10000.0
4919,10000.0
4920,10000.0
4921,10000.0
4922,10000.0
4923,10000.0
4924,10000.0
4925,10000.0
4926,10000.0
4927,10000.0
4928,10000.0
4929,10000.0
4930,10000.0
4931,10000.0
4932,10000.0
4933,10000.0
4934,10000.0
4935,10000.0
4936,10000.0
4937,10000.0
4938,10000.0
4939,10000.0
4940,10000.0
4941,10000.0
4942,10000.0
4943,10000.0
4944,10000.0
4945,10000.0
4946,10000.0
4947,10000.0
4948,10000.0
4949,10000.0
4950,10000.0
4951,10000.0
4952,10000.0
4953,10000.0
4954,10000.0
4955,10000.0
4956,10000.0
4957,10000.0
4958,10000.0
4959,10000.0
4960,10000.0
4961,10000.0
4962,10000.0
4963,10000.0
4964,10000.0
4965,10000.0
4966,10000.0
4967,10000.0
4968,10000.0
4969,10000.0
4970,10000.0
4971,10000.0
4972,10000.0
4973,10000.0
4974,10000.0
4975,10000.0
4976,10000.0
4977,10000.0
4978,10000.0
4979,10000.0
4980,10000.0
4981,10000.0
4982,10000.0
4983,10000.0
4984,10000.0
4985,10000.0
4986,10000.0
4987,10000.0
4988,10000.0
4989,10000.0
4990,10000.0
4991,10000.0
4992,10000.0
4993,10000.0
4994,10000.0
4995,10000.0
4996,10000.0
4997,10000.0
4998,10000.0
4999,10000.0
5000,10000.0
5001,10000.0
5002,10000.0
5003,10000.0
5004,10000.0
5005,10000.0
5006,10000.0
5007,10000.0
5008,10000.0
5009,10000.0
5010,10000.0
5011,10000.0
5012,10000.0
5013,10000.0
5014,10000.0
5015,10000.0
5016,10000.0
5017,10000.0
5018,10000.0
5019,10000.0
5020,10000.0
5021,10000.0
5022,10000.0
5023,10000.0
5024,10000.0
5025,10000.0
5026,10000.0
5027,10000.0
5028,10000.0
5029,10000.0
5030,10000.0
5031,10000.0
5032,10000.0
5033,10000.0
5034,10000.0
5035,10000.0
5036,10000.0
5037,10000.0
5038,10000.0
5039,10000.0
5040,10000.0
5041,10000.0
5042,10000.0
5043,10000.0
5044,10000.0
5045,10000.0
5046,10000.0
5047,10000.0
5048,10000.0
5049,10000.0
5050,10000.0
5051,10000.0
5052,10000.0
5053,10000.0
5054,10000.0
5055,10000.0
5056,10000.0
5057,10000.0
5058,10000.0
5059,10000.0
5060,10000.0
5061,10000.0
5062,10000.0
5063,10000.0
5064,10000.0
5065,10000.0
5066,10000.0
5067,10000.0
5068,10000.0
5069,10000.0
5070,10000.0
5071,10000.0
5072,10000.0
5073,10000.0
5074,10000.0
5075,10000.0
5076,10000.0
5077,10000.0
5078,10000.0
5079,10000.0
5080,10000.0
5081,10000.0
5082,10000.0
5083,10000.0
5084,10000.0
5085,10000.0
5086,10000.0
5087,10000.0
5088,10000.0
5089,10000.0
5090,10000.0
5091,10000.0
5092,10000.0
5093,10000.0
5094,10000.0
5095,10000.0
5096,10000.0
5097,10000.0
5098,10000.0
5099,10000.0
5100,10000.0
5101,10000.0
5102,10000.0
5103,10000.0
5104,10000.0
5105,10000.0
5106,10000.0
5107,10000.0
5108,10000.0
5109,10000.0
5110,10000.0
5111,10000.0
5112,10000.0
5113,10000.0
5114,10000.0
5115,10000.0
5116,10000.0
5117,10000.0
5118,10000.0
5119,10000.0
5120,10000.0
5121,10000.0
5122,10000.0
5123,10000.0
5124,10000.0
5125,10000.0
5126,10000.0
5127,10000.0
5128,10000.0
5129,10000.0
5130,10000.0
5131,10000.0
5132,10000.0
5133,10000.0
5134,10000.0
5135,10000.0
5136,10000.0
5137,10000.0
5138,10000.0
5139,10000.0
5140,10000.0
5141,10000.0
5142,10000.0
5143,10000.0
5144,10000.0
5145,10000.0
5146,10000.0
5147,10000.0
5148,10000.0
5149,10000.0
5150,10000.0
5151,10000.0
5152,10000.0
5153,10000.0
5154,10000.0
5155,10000.0
5156,10000.0
5157,10000.0
5158,10000.0
5159,10000.0
5160,10000.0
5161,10000.0
5162,10000.0
5163,10000.0
5164,10000.0
5165,10000.0
5166,10000.0
5167,10000.0
5168,10000.0
5169,10000.0
5170,10000.0
5171,10000.0
5172,10000.0
5173,10000.0
5174,10000.0
5175,10000.0
5176,10000.0
5177,10000.0
5178,10000.0
5179,10000.0
5180,10000.0
5181,10000.0
5182,10000.0
5183,10000.0
5184,10000.0
5185,10000.0
5186,10000.0
5187,10000.0
5188,10000.0
5189,10000.0
5190,10000.0
5191,10000.0
5192,10000.0
5193,10000.0
5194,10000.0
5195,10000.0
5196,10000.0
5197,10000.0
5198,10000.0
5199,10000.0
5200,10000.0
5201,10000.0
5202,10000.0
5203,10000.0
5204,10000.0
5205,10000.0
5206,10000.0
5207,10000.0
5208,10000.0
5209,10000.0
5210,10000.0
5211,10000.0
5212,10000.0
5213,10000.0
5214,10000.0
5215,10000.0
5216,10000.0
5217,10000.0
5218,10000.0
5219,10000.0
5220,10000.0
5221,10000.0
5222,10000.0
5223,10000.0
5224,10000.0
5225,10000.0
5226,10000.0
5227,10000.0
5228,10000.0
5229,10000.0
5230,10000.0
5231,10000.0
5232,10000.0
5233,10000.0
5234,10000.0
5235,10000.0
5236,10000.0
5237,10000.0
5238,10000.0
5239,10000.0
5240,10000.0
5241,10000.0
5242,10000.0
5243,10000.0
5244,10000.0
5245,10000.0
5246,10000.0
5247,10000.0
5248,10000.0
5249,10000.0
5250,10000.0
5251,10000.0
5252,10000.0
5253,10000.0
5254,10000.0
5255,10000.0
5256,10000.0
5257,10000.0
5258,10000.0
5259,10000.0
5260,10000.0
5261,10000.0
5262,10000.0
5263,10000.0
5264,10000.0
5265,10000.0
5266,10000.0
5267,10000.0
5268,10000.0
5269,10000.0
5270,10000.0
5271,10000.0
5272,10000.0
5273,10000.0
5274,10000.0
5275,10000.0
5276,10000.0
5277,10000.0
5278,10000.0
5279,10000.0
5280,10000.0
5281,10000.0
5282,10000.0
5283,10000.0
5284,10000.0
5285,10000.0
5286,10000.0
5287,10000.0
5288,10000.0
5289,10000.0
5290,10000.0
5291,10000.0
5292,10000.0
5293,10000.0
5294,10000.0
5295,10000.0
5296,10000.0
5297,10000.0
5298,10000.0
5299,10000.0
5300,10000.0
5301,10000.0
5302,10000.0
5303,10000.0
5304,10000.0
5305,10000.0
5306,10000.0
5307,10000.0
5308,10000.0
5309,10000.0
5310,10000.0
5311,10000.0
5312,10000.0
5313,10000.0
5314,10000.0
5315,10000.0
5316,10000.0
5317,10000.0
5318,10000.0
5319,10000.0
5320,10000.0
5321,10000.0
5322,10000.0
5323,10000.0
5324,10000.0
5325,10000.0
5326,10000.0
5327,10000.0
5328,10000.0
5329,10000.0
5330,10000.0
5331,10000.0
5332,10000.0
5333,10000.0
5334,10000.0
5335,10000.0
5336,10000.0
5337,10000.0
5338,10000.0
5339,10000.0
5340,10000.0
5341,10000.0
5342,10000.0
5343,10000.0
5344,10000.0
5345,10000.0
5346,10000.0
5347,10000.0
5348,10000.0
5349,10000.0
5350,10000.0
5351,10000.0
5352,10000.0
5353,10000.0
5354,10000.0
5355,10000.0
5356,10000.0
5357,10000.0
5358,10000.0
5359,10000.0
5360,10000.0
5361,10000.0
5362,10000.0
5363,10000.0
5364,10000.0
5365,10000.0
5366,10000.0
5367,10000.0
5368,10000.0
5369,10000.0
5370,10000.0
5371,10000.0
5372,10000.0
5373,10000.0
5374,10000.0
5375,10000.0
5376,10000.0
5377,10000.0
5378,10000.0
5379,10000.0
5380,10000.0
5381,10000.0
5382,10000.0
5383,10000.0
5384,10000.0
5385,10000.0
5386,10000.0
5387,10000.0
5388,10000.0
5389,10000.0
5390,10000.0
5391,10000.0
5392,10000.0
5393,10000.0
5394,10000.0
5395,10000.0
5396,10000.0
5397,10000.0
5398,10000.0
5399,10000.0
5400,10000.0
5401,10000.0
5402,10000.0
5403,10000.0
5404,10000.0
5405,10000.0
5406,10000.0
5407,10000.0
5408,10000.0
5409,10000.0
5410,10000.0
5411,10000.0
5412,10000.0
5413,10000.0
5414,10000.0
5415,10000.0
5416,10000.0
5417,10000.0
5418,10000.0
5419,10000.0
5420,10000.0
5421,10000.0
5422,10000.0
5423,10000.0
5424,10000.0
5425,10000.0
5426,10000.0
5427,10000.0
5428,10000.0
5429,10000.0
5430,10000.0
5431,10000.0
5432,10000.0
5433,10000.0
5434,10000.0
5435,10000.0
5436,10000.0
5437,10000.0
5438,10000.0
5439,10000.0
5440,10000.0
5441,10000.0
5442,10000.0
5443,10000.0
5444,10000.0
5445,10000.0
5446,10000.0
5447,10000.0
5448,10000.0
5449,10000.0
5450,10000.0
5451,10000.0
5452,10000.0
5453,10000.0
5454,10000.0
5455,10000.0
5456,10000.0
5457,10000.0
5458,10000.0
5459,10000.0
5460,10000.0
5461,10000.0
5462,10000.0
5463,10000.0
5464,10000.0
5465,10000.0
5466,10000.0
5467,10000.0
5468,10000.0
5469,10000.0
5470,10000.0
5471,10000.0
5472,10000.0
5473,10000.0
5474,10000.0
5475,10000.0
5476,10000.0
5477,10000.0
5478,10000.0
5479,10000.0
5480,10000.0
5481,10000.0
5482,10000.0
5483,10000.0
5484,10000.0
5485,10000.0
5486,10000.0
5487,10000.0
5488,10000.0
5489,10000.0
5490,10000.0
5491,10000.0
5492,10000.0
5493,10000.0
5494,10000.0
5495,10000.0
5496,10000.0
5497,10000.0
5498,10000.0
5499,10000.0
5500,10000.0
5501,10000.0
5502,10000.0
5503,10000.0
5504,10000.0
5505,10000.0
5506,10000.0
5507,10000.0
5508,10000.0
5509,10000.0
5510,10000.0
5511,10000.0
5512,10000.0
5513,10000.0
5514,10000.0
5515,10000.0
5516,10000.0
5517,10000.0
5518,10000.0
5519,10000.0
5520,10000.0
5521,10000.0
5522,10000.0
5523,10000.0
5524,10000.0
5525,10000.0
5526,10000.0
5527,10000.0
5528,10000.0
5529,10000.0
5530,10000.0
5531,10000.0
5532,10000.0
5533,10000.0
5534,10000.0
5535,10000.0
5536,10000.0
5537,10000.0
5538,10000.0
5539,10000.0
5540,10000.0
5541,10000.0
5542,10000.0
5543,10000.0
5544,10000.0
5545,10000.0
5546,10000.0
5547,10000.0
5548,10000.0
5549,10000.0
5550,10000.0
5551,10000.0
5552,10000.0
5553,10000.0
5554,10000.0
5555,10000.0
5556,10000.0
5557,10000.0
5558,10000.0
5559,10000.0
5560,10000.0
5561,10000.0
5562,10000.0
5563,10000.0
5564,10000.0
5565,10000.0
5566,10000.0
5567,10000.0
5568,10000.0
5569,10000.0
5570,10000.0
5571,10000.0
5572,10000.0
5573,10000.0
5574,10000.0
5575,10000.0
5576,10000.0
5577,10000.0
5578,10000.0
5579,10000.0
5580,10000.0
5581,10000.0
5582,10000.0
5583,10000.0
5584,10000.0
5585,10000.0
5586,10000.0
5587,10000.0
5588,10000.0
5589,10000.0
5590,10000.0
5591,10000.0
5592,10000.0
5593,10000.0
5594,10000.0
5595,10000.0
5596,10000.0
5597,10000.0
5598,10000.0
5599,10000.0
5600,10000.0
5601,10000.0
5602,10000.0
5603,10000.0
5604,10000.0
5605,10000.0
5606,10000.0
5607,10000.0
5608,10000.0
5609,10000.0
5610,10000.0
5611,10000.0
5612,10000.0
5613,10000.0
5614,10000.0
5615,10000.0
5616,10000.0
5617,10000.0
5618,10000.0
5619,10000.0
5620,10000.0
5621,10000.0
5622,10000.0
5623,10000.0
5624,10000.0
5625,10000.0
5626,10000.0
5627,10000.0
5628,10000.0
5629,10000.0
5630,10000.0
5631,10000.0
5632,10000.0
5633,10000.0
5634,10000.0
5635,10000.0
5636,10000.0
5637,10000.0
5638,10000.0
5639,10000.0
5640,10000.0
5641,10000.0
5642,10000.0
5643,10000.0
5644,10000.0
5645,10000.0
5646,10000.0
5647,10000.0
5648,10000.0
5649,10000.0
5650,10000.0
5651,10000.0
5652,10000.0
5653,10000.0
5654,10000.0
5655,10000.0
5656,10000.0
5657,10000.0
5658,10000.0
5659,10000.0
5660,10000.0
5661,10000.0
5662,10000.0
5663,10000.0
5664,10000.0
5665,10000.0
5666,10000.0
5667,10000.0
5668,10000.0
5669,10000.0
5670,10000.0
5671,10000.0
5672,10000.0
5673,10000.0
5674,10000.0
5675,10000.0
5676,10000.0
5677,10000.0
5678,10000.0
5679,10000.0
5680,10000.0
5681,10000.0
5682,10000.0
5683,10000.0
5684,10000.0
5685,10000.0
5686,10000.0
5687,10000.0
5688,10000.0
5689,10000.0
5690,10000.0
5691,10000.0
5692,10000.0
5693,10000.0
5694,10000.0
5695,10000.0
5696,10000.0
5697,10000.0
5698,10000.0
5699,10000.0
5700,10000.0
5701,10000.0
5702,10000.0
5703,10000.0
5704,10000.0
5705,10000.0
5706,10000.0
5707,10000.0
5708,10000.0
5709,10000.0
5710,10000.0
5711,10000.0
5712,10000.0
5713,10000.0
5714,10000.0
5715,10000.0
5716,10000.0
5717,10000.0
5718,10000.0
5719,10000.0
5720,10000.0
5721,10000.0
5722,10000.0
5723,10000.0
5724,10000.0
5725,10000.0
5726,10000.0
5727,10000.0
5728,10000.0
5729,10000.0
5730,10000.0
5731,10000.0
5732,10000.0
5733,10000.0
5734,10000.0
5735,10000.0
5736,10000.0
5737,10000.0
5738,10000.0
5739,10000.0
5740,10000.0
5741,10000.0
5742,10000.0
5743,10000.0
5744,10000.0
5745,10000.0
5746,10000.0
5747,10000.0
5748,10000.0
5749,10000.0
5750,10000.0
5751,10000.0
5752,10000.0
5753,10000.0
5754,10000.0
5755,10000.0
5756,10000.0
5757,10000.0
5758,10000.0
5759,10000.0
5760,10000.0
5761,10000.0
5762,10000.0
5763,10000.0
5764,10000.0
5765,10000.0
5766,10000.0
5767,10000.0
5768,10000.0
5769,10000.0
5770,10000.0
5771,10000.0
5772,10000.0
5773,10000.0
5774,10000.0
5775,10000.0
5776,10000.0
5777,10000.0
5778,10000.0
5779,10000.0
5780,10000.0
5781,10000.0
5782,10000.0
5783,10000.0
5784,10000.0
5785,10000.0
5786,10000.0
5787,10000.0
5788,10000.0
5789,10000.0
5790,10000.0
5791,10000.0
5792,10000.0
5793,10000.0
5794,10000.0
5795,10000.0
5796,10000.0
5797,10000.0
5798,10000.0
5799,10000.0
5800,10000.0
5801,10000.0
5802,10000.0
5803,10000.0
5804,10000.0
5805,10000.0
5806,10000.0
5807,10000.0
5808,10000.0
5809,10000.0
5810,10000.0
5811,10000.0
5812,10000.0
5813,10000.0
5814,10000.0
5815,10000.0
5816,10000.0
5817,10000.0
5818,10000.0
5819,10000.0
5820,10000.0
5821,10000.0
5822,10000.0
5823,10000.0
5824,10000.0
5825,10000.0
5826,10000.0
5827,10000.0
5828,10000.0
5829,10000.0
5830,10000.0
5831,10000.0
5832,10000.0
5833,10000.0
5834,10000.0
5835,10000.0
5836,10000.0
5837,10000.0
5838,10000.0
5839,10000.0
5840,10000.0
5841,10000.0
5842,10000.0
5843,10000.0
5844,10000.0
5845,10000.0
5846,10000.0
5847,10000.0
5848,10000.0
5849,10000.0
5850,10000.0
5851,10000.0
5852,10000.0
5853,10000.0
5854,10000.0
5855,10000.0
5856,10000.0
5857,10000.0
5858,10000.0
5859,10000.0
5860,10000.0
5861,10000.0
5862,10000.0
5863,10000.0
5864,10000.0
5865,10000.0
5866,10000.0
5867,10000.0
5868,10000.0
5869,10000.0
5870,10000.0
5871,10000.0
5872,10000.0
5873,10000.0
5874,10000.0
5875,10000.0
5876,10000.0
5877,10000.0
5878,10000.0
5879,10000.0
5880,10000.0
5881,10000.0
5882,10000.0
5883,10000.0
5884,10000.0
5885,10000.0
5886,10000.0
5887,10000.0
5888,10000.0
5889,10000.0
5890,10000.0
5891,10000.0
5892,10000.0
5893,10000.0
5894,10000.0
5895,10000.0
5896,10000.0
5897,10000.0
5898,10000.0
5899,10000.0
5900,10000.0
5901,10000.0
5902,10000.0
5903,10000.0
5904,10000.0
5905,10000.0
5906,10000.0
5907,10000.0
5908,10000.0
5909,10000.0
5910,10000.0
5911,10000.0
5912,10000.0
5913,10000.0
5914,10000.0
5915,10000.0
5916,10000.0
5917,10000.0
5918,10000.0
5919,10000.0
5920,10000.0
5921,10000.0
5922,10000.0
5923,10000.0
5924,10000.0
5925,10000.0
5926,10000.0
5927,10000.0
5928,10000.0
5929,10000.0
5930,10000.0
5931,10000.0
5932,10000.0
5933,10000.0
5934,10000.0
5935,10000.0
5936,10000.0
5937,10000.0
5938,10000.0
5939,10000.0
5940,10000.0
5941,10000.0
5942,10000.0
5943,10000.0
5944,10000.0
5945,10000.0
5946,10000.0
5947,10000.0
5948,10000.0
5949,10000.0
5950,10000.0
5951,10000.0
5952,10000.0
5953,10000.0
5954,10000.0
5955,10000.0
5956,10000.0
5957,10000.0
5958,10000.0
5959,10000.0
5960,10000.0
5961,10000.0
5962,10000.0
5963,10000.0
5964,10000.0
5965,10000.0
5966,10000.0
5967,10000.0
5968,10000.0
5969,10000.0
5970,10000.0
5971,10000.0
5972,10000.0
5973,10000.0
5974,10000.0
5975,10000.0
5976,10000.0
5977,10000.0
5978,10000.0
5979,10000.0
5980,10000.0
5981,10000.0
5982,10000.0
5983,10000.0
5984,10000.0
5985,10000.0
5986,10000.0
5987,10000.0
5988,10000.0
5989,10000.0
5990,10000.0
5991,10000.0
5992,10000.0
5993,10000.0
5994,10000.0
5995,10000.0
5996,10000.0
5997,10000.0
5998,10000.0
5999,10000.0
6000,10000.0
6001,10000.0
6002,10000.0
6003,10000.0
6004,10000.0
6005,10000.0
6006,10000.0
6007,10000.0
6008,10000.0
6009,10000.0
6010,10000.0
6011,10000.0
6012,10000.0
6013,10000.0
6014,10000.0
6015,10000.0
6016,10000.0
6017,10000.0
6018,10000.0
6019,10000.0
6020,10000.0
6021,10000.0
6022,10000.0
6023,10000.0
6024,10000.0
6025,10000.0
6026,10000.0
6027,10000.0
6028,10000.0
6029,10000.0
6030,10000.0
6031,10000.0
6032,10000.0
6033,10000.0
6034,10000.0
6035,10000.0
6036,10000.0
6037,10000.0
6038,10000.0
6039,10000.0
6040,10000.0
6041,10000.0
6042,10000.0
6043,10000.0
6044,10000.0
6045,10000.0
6046,10000.0
6047,10000.0
6048,10000.0
6049,10000.0
6050,10000.0
6051,10000.0
6052,10000.0
6053,10000.0
6054,10000.0
6055,10000.0
6056,10000.0
6057,10000.0
6058,10000.0
6059,10000.0
6060,10000.0
6061,10000.0
6062,10000.0
6063,10000.0
6064,10000.0
6065,10000.0
6066,10000.0
6067,10000.0
6068,10000.0
6069,10000.0
6070,10000.0
6071,10000.0
6072,10000.0
6073,10000.0
6074,10000.0
6075,10000.0
6076,10000.0
6077,10000.0
6078,10000.0
6079,10000.0
6080,10000.0
6081,10000.0
6082,10000.0
6083,10000.0
6084,10000.0
6085,10000.0
6086,10000.0
6087,10000.0
6088,10000.0
6089,10000.0
6090,10000.0
6091,10000.0
6092,10000.0
6093,10000.0
6094,10000.0
6095,10000.0
6096,10000.0
6097,10000.0
6098,10000.0
6099,10000.0
6100,10000.0
6101,10000.0
6102,10000.0
6103,10000.0
6104,10000.0
6105,10000.0
6106,10000.0
6107,10000.0
6108,10000.0
6109,10000.0
6110,10000.0
6111,10000.0
6112,10000.0
6113,10000.0
6114,10000.0
6115,10000.0
6116,10000.0
6117,10000.0
6118,10000.0
6119,10000.0
6120,10000.0
6121,10000.0
6122,10000.0
6123,10000.0
6124,10000.0
6125,10000.0
6126,10000.0
6127,10000.0
6128,10000.0
6129,10000.0
6130,10000.0
6131,10000.0
6132,10000.0
6133,10000.0
6134,10000.0
6135,10000.0
6136,10000.0
6137,10000.0
6138,10000.0
6139,10000.0
6140,10000.0
6141,10000.0
6142,10000.0
6143,10000.0
6144,10000.0
6145,10000.0
6146,10000.0
6147,10000.0
6148,10000.0
6149,10000.0
6150,10000.0
6151,10000.0
6152,10000.0
6153,10000.0
6154,10000.0
6155,10000.0
6156,10000.0
6157,10000.0
6158,10000.0
6159,10000.0
6160,10000.0
6161,10000.0
6162,10000.0
6163,10000.0
6164,10000.0
6165,10000.0
6166,10000.0
6167,10000.0
6168,10000.0
6169,10000.0
6170,10000.0
6171,10000.0
6172,10000.0
6173,10000.0
6174,10000.0
6175,10000.0
6176,10000.0
6177,10000.0
6178,10000.0
6179,10000.0
6180,10000.0
6181,10000.0
6182,10000.0
6183,10000.0
6184,10000.0
6185,10000.0
6186,10000.0
6187,10000.0
6188,10000.0
6189,10000.0
6190,10000.0
6191,10000.0
6192,10000.0
6193,10000.0
6194,10000.0
6195,10000.0
6196,10000.0
6197,10000.0
6198,10000.0
6199,10000.0
6200,10000.0
6201,10000.0
6202,10000.0
6203,10000.0
6204,10000.0
6205,10000.0
6206,10000.0
6207,10000.0
6208,10000.0
6209,10000.0
6210,10000.0
6211,10000.0
6212,10000.0
6213,10000.0
6214,10000.0
6215,10000.0
6216,10000.0
6217,10000.0
6218,10000.0
6219,10000.0
6220,10000.0
6221,10000.0
6222,10000.0
6223,10000.0
6224,10000.0
6225,10000.0
6226,10000.0
6227,10000.0
6228,10000.0
6229,10000.0
6230,10000.0
6231,10000.0
6232,10000.0
6233,10000.0
6234,10000.0
6235,10000.0
6236,10000.0
6237,10000.0
6238,10000.0
6239,10000.0
6240,10000.0
6241,10000.0
6242,10000.0
6243,10000.0
6244,10000.0
6245,10000.0
6246,10000.0
6247,10000.0
6248,10000.0
6249,10000.0
6250,10000.0
6251,10000.0
6252,10000.0
6253,10000.0
6254,10000.0
6255,10000.0
6256,10000.0
6257,10000.0
6258,10000.0
6259,10000.0
6260,10000.0
6261,10000.0
6262,10000.0
6263,10000.0
6264,10000.0
6265,10000.0
6266,10000.0
6267,10000.0
6268,10000.0
6269,10000.0
6270,10000.0
6271,10000.0
6272,10000.0
6273,10000.0
6274,10000.0
6275,10000.0
6276,10000.0
6277,10000.0
6278,10000.0
6279,10000.0
6280,10000.0
6281,10000.0
6282,10000.0
6283,10000.0
6284,10000.0
6285,10000.0
6286,10000.0
6287,10000.0
6288,10000.0
6289,10000.0
6290,10000.0
6291,10000.0
6292,10000.0
6293,10000.0
6294,10000.0
6295,10000.0
6296,10000.0
6297,10000.0
6298,10000.0
6299,10000.0
6300,10000.0
6301,10000.0
6302,10000.0
6303,10000.0
6304,10000.0
6305,10000.0
6306,10000.0
6307,10000.0
6308,10000.0
6309,10000.0
6310,10000.0
6311,10000.0
6312,10000.0
6313,10000.0
6314,10000.0
6315,10000.0
6316,10000.0
6317,10000.0
6318,10000.0
6319,10000.0
6320,10000.0
6321,10000.0
6322,10000.0
6323,10000.0
6324,10000.0
6325,10000.0
6326,10000.0
6327,10000.0
6328,10000.0
6329,10000.0
6330,10000.0
6331,10000.0
6332,10000.0
6333,10000.0
6334,10000.0
6335,10000.0
6336,10000.0
6337,10000.0
6338,10000.0
6339,10000.0
6340,10000.0
6341,10000.0
6342,10000.0
6343,10000.0
6344,10000.0
6345,10000.0
6346,10000.0
6347,10000.0
6348,10000.0
6349,10000.0
6350,10000.0
6351,10000.0
6352,10000.0
6353,10000.0
6354,10000.0
6355,10000.0
6356,10000.0
6357,10000.0
6358,10000.0
6359,10000.0
6360,10000.0
6361,10000.0
6362,10000.0
6363,10000.0
6364,10000.0
6365,10000.0
6366,10000.0
6367,10000.0
6368,10000.0
6369,10000.0
6370,10000.0
6371,10000.0
6372,10000.0
6373,10000.0
6374,10000.0
6375,10000.0
6376,10000.0
6377,10000.0
6378,10000.0
6379,10000.0
6380,10000.0
6381,10000.0
6382,10000.0
6383,10000.0
6384,10000.0
6385,10000.0
6386,10000.0
6387,10000.0
6388,10000.0
6389,10000.0
6390,10000.0
6391,10000.0
6392,10000.0
6393,10000.0
6394,10000.0
6395,10000.0
6396,10000.0
6397,10000.0
6398,10000.0
6399,10000.0
6400,10000.0
6401,10000.0
6402,10000.0
6403,10000.0
6404,10000.0
6405,10000.0
6406,10000.0
6407,10000.0
6408,10000.0
6409,10000.0
6410,10000.0
6411,10000.0
6412,10000.0
6413,10000.0
6414,10000.0
6415,10000.0
6416,10000.0
6417,10000.0
6418,10000.0
6419,10000.0
6420,10000.0
6421,10000.0
6422,10000.0
6423,10000.0
6424,10000.0
6425,10000.0
6426,10000.0
6427,10000.0
6428,10000.0
6429,10000.0
6430,10000.0
6431,10000.0
6432,10000.0
6433,10000.0
6434,10000.0
6435,10000.0
6436,10000.0
6437,10000.0
6438,10000.0
6439,10000.0
6440,10000.0
6441,10000.0
6442,10000.0
6443,10000.0
6444,10000.0
6445,10000.0
6446,10000.0
6447,10000.0
6448,10000.0
6449,10000.0
6450,10000.0
6451,10000.0
6452,10000.0
6453,10000.0
6454,10000.0
6455,10000.0
6456,10000.0
6457,10000.0
6458,10000.0
6459,10000.0
6460,10000.0
6461,10000.0
6462,10000.0
6463,10000.0
6464,10000.0
6465,10000.0
6466,10000.0
6467,10000.0
6468,10000.0
6469,10000.0
6470,10000.0
6471,10000.0
6472,10000.0
6473,10000.0
6474,10000.0
6475,10000.0
6476,10000.0
6477,10000.0
6478,10000.0
6479,10000.0
6480,10000.0
6481,10000.0
6482,10000.0
6483,10000.0
6484,10000.0
6485,10000.0
6486,10000.0
6487,10000.0
6488,10000.0
6489,10000.0
6490,10000.0
6491,10000.0
6492,10000.0
6493,10000.0
6494,10000.0
6495,10000.0
6496,10000.0
6497,10000.0
6498,10000.0
6499,10000.0
6500,10000.0
6501,10000.0
6502,10000.0
6503,10000.0
6504,10000.0
6505,10000.0
6506,10000.0
6507,10000.0
6508,10000.0
6509,10000.0
6510,10000.0
6511,10000.0
6512,10000.0
6513,10000.0
6514,10000.0
6515,10000.0
6516,10000.0
6517,10000.0
6518,10000.0
6519,10000.0
6520,10000.0
6521,10000.0
6522,10000.0
6523,10000.0
6524,10000.0
6525,10000.0
6526,10000.0
6527,10000.0
6528,10000.0
6529,10000.0
6530,10000.0
6531,10000.0
6532,10000.0
6533,10000.0
6534,10000.0
6535,10000.0
6536,10000.0
6537,10000.0
6538,10000.0
6539,10000.0
6540,10000.0
6541,10000.0
6542,10000.0
6543,10000.0
6544,10000.0
6545,10000.0
6546,10000.0
6547,10000.0
6548,10000.0
6549,10000.0
6550,10000.0
6551,10000.0
6552,10000.0
6553,10000.0
6554,10000.0
6555,10000.0
6556,10000.0
6557,10000.0
6558,10000.0
6559,10000.0
6560,10000.0
6561,10000.0
6562,10000.0
6563,10000.0
6564,10000.0
6565,10000.0
6566,10000.0
6567,10000.0
6568,10000.0
6569,10000.0
6570,10000.0
6571,10000.0
6572,10000.0
6573,10000.0
6574,10000.0
6575,10000.0
6576,10000.0
6577,10000.0
6578,10000.0
6579,10000.0
6580,10000.0
6581,10000.0
6582,10000.0
6583,10000.0
6584,10000.0
6585,10000.0
6586,10000.0
6587,10000.0
6588,10000.0
6589,10000.0
6590,10000.0
6591,10000.0
6592,10000.0
6593,10000.0
6594,10000.0
6595,10000.0
6596,10000.0
6597,10000.0
6598,10000.0
6599,10000.0
6600,10000.0
6601,10000.0
6602,10000.0
6603,10000.0
6604,10000.0
6605,10000.0
6606,10000.0
6607,10000.0
6608,10000.0
6609,10000.0
6610,10000.0
6611,10000.0
6612,10000.0
6613,10000.0
6614,10000.0
6615,10000.0
6616,10000.0
6617,10000.0
6618,10000.0
6619,10000.0
6620,10000.0
6621,10000.0
6622,10000.0
6623,10000.0
6624,10000.0
6625,10000.0
6626,10000.0
6627,10000.0
6628,10000.0
6629,10000.0
6630,10000.0
6631,10000.0
6632,10000.0
6633,10000.0
6634,10000.0
6635,10000.0
6636,10000.0
6637,10000.0
6638,10000.0
6639,10000.0
6640,10000.0
6641,10000.0
6642,10000.0
6643,10000.0
6644,10000.0
6645,10000.0
6646,10000.0
6647,10000.0
6648,10000.0
6649,10000.0
6650,10000.0
6651,10000.0
6652,10000.0
6653,10000.0
6654,10000.0
6655,10000.0
6656,10000.0
6657,10000.0
6658,10000.0
6659,10000.0
6660,10000.0
6661,10000.0
6662,10000.0
6663,10000.0
6664,10000.0
6665,10000.0
6666,10000.0
6667,10000.0
6668,10000.0
6669,10000.0
6670,10000.0
6671,10000.0
6672,10000.0
6673,10000.0
6674,10000.0
6675,10000.0
6676,10000.0
6677,10000.0
6678,10000.0
6679,10000.0
6680,10000.0
6681,10000.0
6682,10000.0
6683,10000.0
6684,10000.0
6685,10000.0
6686,10000.0
6687,10000.0
6688,10000.0
6689,10000.0
6690,10000.0
6691,10000.0
6692,10000.0
6693,10000.0
6694,10000.0
6695,10000.0
6696,10000.0
6697,10000.0
6698,10000.0
6699,10000.0
6700,10000.0
6701,10000.0
6702,10000.0
6703,10000.0
6704,10000.0
6705,10000.0
6706,10000.0
6707,10000.0
6708,10000.0
6709,10000.0
6710,10000.0
6711,10000.0
6712,10000.0
6713,10000.0
6714,10000.0
6715,10000.0
6716,10000.0
6717,10000.0
6718,10000.0
6719,10000.0
6720,10000.0
6721,10000.0
6722,10000.0
6723,10000.0
6724,10000.0
6725,10000.0
6726,10000.0
6727,10000.0
6728,10000.0
6729,10000.0
6730,10000.0
6731,10000.0
6732,10000.0
6733,10000.0
6734,10000.0
6735,10000.0
6736,10000.0
6737,10000.0
6738,10000.0
6739,10000.0
6740,10000.0
6741,10000.0
6742,10000.0
6743,10000.0
6744,10000.0
6745,10000.0
6746,10000.0
6747,10000.0
6748,10000.0
6749,10000.0
6750,10000.0
6751,10000.0
6752,10000.0
6753,10000.0
6754,10000.0
6755,10000.0
6756,10000.0
6757,10000.0
6758,10000.0
6759,10000.0
6760,10000.0
6761,10000.0
6762,10000.0
6763,10000.0
6764,10000.0
6765,10000.0
6766,10000.0
6767,10000.0
6768,10000.0
6769,10000.0
6770,10000.0
6771,10000.0
6772,10000.0
6773,10000.0
6774,10000.0
6775,10000.0
6776,10000.0
6777,10000.0
6778,10000.0
6779,10000.0
6780,10000.0
6781,10000.0
6782,10000.0
6783,10000.0
6784,10000.0
6785,10000.0
6786,10000.0
6787,10000.0
6788,10000.0
6789,10000.0
6790,10000.0
6791,10000.0
6792,10000.0
6793,10000.0
6794,10000.0
6795,10000.0
6796,10000.0
6797,10000.0
6798,10000.0
6799,10000.0
6800,10000.0
6801,10000.0
6802,10000.0
6803,10000.0
6804,10000.0
6805,10000.0
6806,10000.0
6807,10000.0
6808,10000.0
6809,10000.0
6810,10000.0
6811,10000.0
6812,10000.0
6813,10000.0
6814,10000.0
6815,10000.0
6816,10000.0
6817,10000.0
6818,10000.0
6819,10000.0
6820,10000.0
6821,10000.0
6822,10000.0
6823,10000.0
6824,10000.0
6825,10000.0
6826,10000.0
6827,10000.0
6828,10000.0
6829,10000.0
6830,10000.0
6831,10000.0
6832,10000.0
6833,10000.0
6834,10000.0
6835,10000.0
6836,10000.0
6837,10000.0
6838,10000.0
6839,10000.0
6840,10000.0
6841,10000.0
6842,10000.0
6843,10000.0
6844,10000.0
6845,10000.0
6846,10000.0
6847,10000.0
6848,10000.0
6849,10000.0
6850,10000.0
6851,10000.0
6852,10000.0
6853,10000.0
6854,10000.0
6855,10000.0
6856,10000.0
6857,10000.0
6858,10000.0
6859,10000.0
6860,10000.0
6861,10000.0
6862,10000.0
6863,10000.0
6864,10000.0
6865,10000.0
6866,10000.0
6867,10000.0
6868,10000.0
6869,10000.0
6870,10000.0
6871,10000.0
6872,10000.0
6873,10000.0
6874,10000.0
6875,10000.0
6876,10000.0
6877,10000.0
6878,10000.0
6879,10000.0
6880,10000.0
6881,10000.0
6882,10000.0
6883,10000.0
6884,10000.0
6885,10000.0
6886,10000.0
6887,10000.0
6888,10000.0
6889,10000.0
6890,10000.0
6891,10000.0
6892,10000.0
6893,10000.0
6894,10000.0
6895,10000.0
6896,10000.0
6897,10000.0
6898,10000.0
6899,10000.0
6900,10000.0
6901,10000.0
6902,10000.0
6903,10000.0
6904,10000.0
6905,10000.0
6906,10000.0
6907,10000.0
6908,10000.0
6909,10000.0
6910,10000.0
6911,10000.0
6912,10000.0
6913,10000.0
6914,10000.0
6915,10000.0
6916,10000.0
6917,10000.0
6918,10000.0
6919,10000.0
6920,10000.0
6921,10000.0
6922,10000.0
6923,10000.0
6924,10000.0
6925,10000.0
6926,10000.0
6927,10000.0
6928,10000.0
6929,10000.0
6930,10000.0
6931,10000.0
6932,10000.0
6933,10000.0
6934,10000.0
6935,10000.0
6936,10000.0
6937,10000.0
6938,10000.0
6939,10000.0
6940,10000.0
6941,10000.0
6942,10000.0
6943,10000.0
6944,10000.0
6945,10000.0
6946,10000.0
6947,10000.0
6948,10000.0
6949,10000.0
6950,10000.0
6951,10000.0
6952,10000.0
6953,10000.0
6954,10000.0
6955,10000.0
6956,10000.0
6957,10000.0
6958,10000.0
6959,10000.0
6960,10000.0
6961,10000.0
6962,10000.0
6963,10000.0
6964,10000.0
6965,10000.0
6966,10000.0
6967,10000.0
6968,10000.0
6969,10000.0
6970,10000.0
6971,10000.0
6972,10000.0
6973,10000.0
6974,10000.0
6975,10000.0
6976,10000.0
6977,10000.0
6978,10000.0
6979,10000.0
6980,10000.0
6981,10000.0
6982,10000.0
6983,10000.0
6984,10000.0
6985,10000.0
6986,10000.0
6987,10000.0
6988,10000.0
6989,10000.0
6990,10000.0
6991,10000.0
6992,10000.0
6993,10000.0
6994,10000.0
6995,10000.0
6996,10000.0
6997,10000.0
6998,10000.0
6999,10000.0
7000,10000.0
7001,10000.0
7002,10000.0
7003,10000.0
7004,10000.0
7005,10000.0
7006,10000.0
7007,10000.0
7008,10000.0
7009,10000.0
7010,10000.0
7011,10000.0
7012,10000.0
7013,10000.0
7014,10000.0
7015,10000.0
7016,10000.0
7017,10000.0
7018,10000.0
7019,10000.0
7020,10000.0
7021,10000.0
7022,10000.0
7023,10000.0
7024,10000.0
7025,10000.0
7026,10000.0
7027,10000.0
7028,10000.0
7029,10000.0
7030,10000.0
7031,10000.0
7032,10000.0
7033,10000.0
7034,10000.0
7035,10000.0
7036,10000.0
7037,10000.0
7038,10000.0
7039,10000.0
7040,10000.0
7041,10000.0
7042,10000.0
7043,10000.0
7044,10000.0
7045,10000.0
7046,10000.0
7047,10000.0
7048,10000.0
7049,10000.0
7050,10000.0
7051,10000.0
7052,10000.0
7053,10000.0
7054,10000.0
7055,10000.0
7056,10000.0
7057,10000.0
7058,10000.0
7059,10000.0
7060,10000.0
7061,10000.0
7062,10000.0
7063,10000.0
7064,10000.0
7065,10000.0
7066,10000.0
7067,10000.0
7068,10000.0
7069,10000.0
7070,10000.0
7071,10000.0
7072,10000.0
7073,10000.0
7074,10000.0
7075,10000.0
7076,10000.0
7077,10000.0
7078,10000.0
7079,10000.0
7080,10000.0
7081,10000.0
7082,10000.0
7083,10000.0
7084,10000.0
7085,10000.0
7086,10000.0
7087,10000.0
7088,10000.0
7089,10000.0
7090,10000.0
7091,10000.0
7092,10000.0
7093,10000.0
7094,10000.0
7095,10000.0
7096,10000.0
7097,10000.0
7098,10000.0
7099,10000.0
7100,10000.0
7101,10000.0
7102,10000.0
7103,10000.0
7104,10000.0
7105,10000.0
7106,10000.0
7107,10000.0
7108,10000.0
7109,10000.0
7110,10000.0
7111,10000.0
7112,10000.0
7113,10000.0
7114,10000.0
7115,10000.0
7116,10000.0
7117,10000.0
7118,10000.0
7119,10000.0
7120,10000.0
7121,10000.0
7122,10000.0
7123,10000.0
7124,10000.0
7125,10000.0
7126,10000.0
7127,10000.0
7128,10000.0
7129,10000.0
7130,10000.0
7131,10000.0
7132,10000.0
7133,10000.0
7134,10000.0
7135,10000.0
7136,10000.0
7137,10000.0
7138,10000.0
7139,10000.0
7140,10000.0
7141,10000.0
7142,10000.0
7143,10000.0
7144,10000.0
7145,10000.0
7146,10000.0
7147,10000.0
7148,10000.0
7149,10000.0
7150,10000.0
7151,10000.0
7152,10000.0
7153,10000.0
7154,10000.0
7155,10000.0
7156,10000.0
7157,10000.0
7158,10000.0
7159,10000.0
7160,10000.0
7161,10000.0
7162,10000.0
7163,10000.0
7164,10000.0
7165,10000.0
7166,10000.0
7167,10000.0
7168,10000.0
7169,10000.0
7170,10000.0
7171,10000.0
7172,10000.0
7173,10000.0
7174,10000.0
7175,10000.0
7176,10000.0
7177,10000.0
7178,10000.0
7179,10000.0
7180,10000.0
7181,10000.0
7182,10000.0
7183,10000.0
7184,10000.0
7185,10000.0
7186,10000.0
7187,10000.0
7188,10000.0
7189,10000.0
7190,10000.0
7191,10000.0
7192,10000.0
7193,10000.0
7194,10000.0
7195,10000.0
7196,10000.0
7197,10000.0
7198,10000.0
7199,10000.0
7200,10000.0
7201,10000.0
7202,10000.0
7203,10000.0
7204,10000.0
7205,10000.0
7206,10000.0
7207,10000.0
7208,10000.0
7209,10000.0
7210,10000.0
7211,10000.0
7212,10000.0
7213,10000.0
7214,10000.0
7215,10000.0
7216,10000.0
7217,10000.0
7218,10000.0
7219,10000.0
7220,10000.0
7221,10000.0
7222,10000.0
7223,10000.0
7224,10000.0
7225,10000.0
7226,10000.0
7227,10000.0
7228,10000.0
7229,10000.0
7230,10000.0
7231,10000.0
7232,10000.0
7233,10000.0
7234,10000.0
7235,10000.0
7236,10000.0
7237,10000.0
7238,10000.0
7239,10000.0
7240,10000.0
7241,10000.0
7242,10000.0
7243,10000.0
7244,10000.0
7245,10000.0
7246,10000.0
7247,10000.0
7248,10000.0
7249,10000.0
7250,10000.0
7251,10000.0
7252,10000.0
7253,10000.0
7254,10000.0
7255,10000.0
7256,10000.0
7257,10000.0
7258,10000.0
7259,10000.0
7260,10000.0
7261,10000.0
7262,10000.0
7263,10000.0
7264,10000.0
7265,10000.0
7266,10000.0
7267,10000.0
7268,10000.0
7269,10000.0
7270,10000.0
7271,10000.0
7272,10000.0
7273,10000.0
7274,10000.0
7275,10000.0
7276,10000.0
7277,10000.0
7278,10000.0
7279,10000.0
7280,10000.0
7281,10000.0
7282,10000.0
7283,10000.0
7284,10000.0
7285,10000.0
7286,10000.0
7287,10000.0
7288,10000.0
7289,10000.0
7290,10000.0
7291,10000.0
7292,10000.0
7293,10000.0
7294,10000.0
7295,10000.0
7296,10000.0
7297,10000.0
7298,10000.0
7299,10000.0
7300,10000.0
7301,10000.0
7302,10000.0
7303,10000.0
7304,10000.0
7305,10000.0
7306,10000.0
7307,10000.0
7308,10000.0
7309,10000.0
7310,10000.0
7311,10000.0
7312,10000.0
7313,10000.0
7314,10000.0
7315,10000.0
7316,10000.0
7317,10000.0
7318,10000.0
7319,10000.0
7320,10000.0
7321,10000.0
7322,10000.0
7323,10000.0
7324,10000.0
7325,10000.0
7326,10000.0
7327,10000.0
7328,10000.0
7329,10000.0
7330,10000.0
7331,10000.0
7332,10000.0
7333,10000.0
7334,10000.0
7335,10000.0
7336,10000.0
7337,10000.0
7338,10000.0
7339,10000.0
7340,10000.0
7341,10000.0
7342,10000.0
7343,10000.0
7344,10000.0
7345,10000.0
7346,10000.0
7347,10000.0
7348,10000.0
7349,10000.0
7350,10000.0
7351,10000.0
7352,10000.0
7353,10000.0
7354,10000.0
7355,10000.0
7356,10000.0
7357,10000.0
7358,10000.0
7359,10000.0
7360,10000.0
7361,10000.0
7362,10000.0
7363,10000.0
7364,10000.0
7365,10000.0
7366,10000.0
7367,10000.0
7368,10000.0
7369,10000.0
7370,10000.0
7371,10000.0
7372,10000.0
7373,10000.0
7374,10000.0
7375,10000.0
7376,10000.0
7377,10000.0
7378,10000.0
7379,10000.0
7380,10000.0
7381,10000.0
7382,10000.0
7383,10000.0
7384,10000.0
7385,10000.0
7386,10000.0
7387,10000.0
7388,10000.0
7389,10000.0
7390,10000.0
7391,10000.0
7392,10000.0
7393,10000.0
7394,10000.0
7395,10000.0
7396,10000.0
7397,10000.0
7398,10000.0
7399,10000.0
7400,10000.0
7401,10000.0
7402,10000.0
7403,10000.0
7404,10000.0
7405,10000.0
7406,10000.0
7407,10000.0
7408,10000.0
7409,10000.0
7410,10000.0
7411,10000.0
7412,10000.0
7413,10000.0
7414,10000.0
7415,10000.0
7416,10000.0
7417,10000.0
7418,10000.0
7419,10000.0
7420,10000.0
7421,10000.0
7422,10000.0
7423,10000.0
7424,10000.0
7425,10000.0
7426,10000.0
7427,10000.0
7428,10000.0
7429,10000.0
7430,10000.0
7431,10000.0
7432,10000.0
7433,10000.0
7434,10000.0
7435,10000.0
7436,10000.0
7437,10000.0
7438,10000.0
7439,10000.0
7440,10000.0
7441,10000.0
7442,10000.0
7443,10000.0
7444,10000.0
7445,10000.0
7446,10000.0
7447,10000.0
7448,10000.0
7449,10000.0
7450,10000.0
7451,10000.0
7452,10000.0
7453,10000.0
7454,10000.0
7455,10000.0
7456,10000.0
7457,10000.0
7458,10000.0
7459,10000.0
7460,10000.0
7461,10000.0
7462,10000.0
7463,10000.0
7464,10000.0
7465,10000.0
7466,10000.0
7467,10000.0
7468,10000.0
7469,10000.0
7470,10000.0
7471,10000.0
7472,10000.0
7473,10000.0
7474,10000.0
7475,10000.0
7476,10000.0
7477,10000.0
7478,10000.0
7479,10000.0
7480,10000.0
7481,10000.0
7482,10000.0
7483,10000.0
7484,10000.0
7485,10000.0
7486,10000.0
7487,10000.0
7488,10000.0
7489,10000.0
7490,10000.0
7491,10000.0
7492,10000.0
7493,10000.0
7494,10000.0
7495,10000.0
7496,10000.0
7497,10000.0
7498,10000.0
7499,10000.0
7500,10000.0
7501,10000.0
7502,10000.0
7503,10000.0
7504,10000.0
7505,10000.0
7506,10000.0
7507,10000.0
7508,10000.0
7509,10000.0
7510,10000.0
7511,10000.0
7512,10000.0
7513,10000.0
7514,10000.0
7515,10000.0
7516,10000.0
7517,10000.0
7518,10000.0
7519,10000.0
7520,10000.0
7521,10000.0
7522,10000.0
7523,10000.0
7524,10000.0
7525,10000.0
7526,10000.0
7527,10000.0
7528,10000.0
7529,10000.0
7530,10000.0
7531,10000.0
7532,10000.0
7533,10000.0
7534,10000.0
7535,10000.0
7536,10000.0
7537,10000.0
7538,10000.0
7539,10000.0
7540,10000.0
7541,10000.0
7542,10000.0
7543,10000.0
7544,10000.0
7545,10000.0
7546,10000.0
7547,10000.0
7548,10000.0
7549,10000.0
7550,10000.0
7551,10000.0
7552,10000.0
7553,10000.0
7554,10000.0
7555,10000.0
7556,10000.0
7557,10000.0
7558,10000.0
7559,10000.0
7560,10000.0
7561,10000.0
7562,10000.0
7563,10000.0
7564,10000.0
7565,10000.0
7566,10000.0
7567,10000.0
7568,10000.0
7569,10000.0
7570,10000.0
7571,10000.0
7572,10000.0
7573,10000.0
7574,10000.0
7575,10000.0
7576,10000.0
7577,10000.0
7578,10000.0
7579,10000.0
7580,10000.0
7581,10000.0
7582,10000.0
7583,10000.0
7584,10000.0
7585,10000.0
7586,10000.0
7587,10000.0
7588,10000.0
7589,10000.0
7590,10000.0
7591,10000.0
7592,10000.0
7593,10000.0
7594,10000.0
7595,10000.0
7596,10000.0
7597,10000.0
7598,10000.0
7599,10000.0
7600,10000.0
7601,10000.0
7602,10000.0
7603,10000.0
7604,10000.0
7605,10000.0
7606,10000.0
7607,10000.0
7608,10000.0
7609,10000.0
7610,10000.0
7611,10000.0
7612,10000.0
7613,10000.0
7614,10000.0
7615,10000.0
7616,10000.0
7617,10000.0
7618,10000.0
7619,10000.0
7620,10000.0
7621,10000.0
7622,10000.0
7623,10000.0
7624,10000.0
7625,10000.0
7626,10000.0
7627,10000.0
7628,10000.0
7629,10000.0
7630,10000.0
7631,10000.0
7632,10000.0
7633,10000.0
7634,10000.0
7635,10000.0
7636,10000.0
7637,10000.0
7638,10000.0
7639,10000.0
7640,10000.0
7641,10000.0
7642,10000.0
7643,10000.0
7644,10000.0
7645,10000.0
7646,10000.0
7647,10000.0
7648,10000.0
7649,10000.0
7650,10000.0
7651,10000.0
7652,10000.0
7653,10000.0
7654,10000.0
7655,10000.0
7656,10000.0
7657,10000.0
7658,10000.0
7659,10000.0
7660,10000.0
7661,10000.0
7662,10000.0
7663,10000.0
7664,10000.0
7665,10000.0
7666,10000.0
7667,10000.0
7668,10000.0
7669,10000.0
7670,10000.0
7671,10000.0
7672,10000.0
7673,10000.0
7674,10000.0
7675,10000.0
7676,10000.0
7677,10000.0
7678,10000.0
7679,10000.0
7680,10000.0
7681,10000.0
7682,10000.0
7683,10000.0
7684,10000.0
7685,10000.0
7686,10000.0
7687,10000.0
7688,10000.0
7689,10000.0
7690,10000.0
7691,10000.0
7692,10000.0
7693,10000.0
7694,10000.0
7695,10000.0
7696,10000.0
7697,10000.0
7698,10000.0
7699,10000.0
7700,10000.0
7701,10000.0
7702,10000.0
7703,10000.0
7704,10000.0
7705,10000.0
7706,10000.0
7707,10000.0
7708,10000.0
7709,10000.0
7710,10000.0
7711,10000.0
7712,10000.0
7713,10000.0
7714,10000.0
7715,10000.0
7716,10000.0
7717,10000.0
7718,10000.0
7719,10000.0
7720,10000.0
7721,10000.0
7722,10000.0
7723,10000.0
7724,10000.0
7725,10000.0
7726,10000.0
7727,10000.0
7728,10000.0
7729,10000.0
7730,10000.0
7731,10000.0
7732,10000.0
7733,10000.0
7734,10000.0
7735,10000.0
7736,10000.0
7737,10000.0
7738,10000.0
7739,10000.0
7740,10000.0
7741,10000.0
7742,10000.0
7743,10000.0
7744,10000.0
7745,10000.0
7746,10000.0
7747,10000.0
7748,10000.0
7749,10000.0
7750,10000.0
7751,10000.0
7752,10000.0
7753,10000.0
7754,10000.0
7755,10000.0
7756,10000.0
7757,10000.0
7758,10000.0
7759,10000.0
7760,10000.0
7761,10000.0
7762,10000.0
7763,10000.0
7764,10000.0
7765,10000.0
7766,10000.0
7767,10000.0
7768,10000.0
7769,10000.0
7770,10000.0
7771,10000.0
7772,10000.0
7773,10000.0
7774,10000.0
7775,10000.0
7776,10000.0
7777,10000.0
7778,10000.0
7779,10000.0
7780,10000.0
7781,10000.0
7782,10000.0
7783,10000.0
7784,10000.0
7785,10000.0
7786,10000.0
7787,10000.0
7788,10000.0
7789,10000.0
7790,10000.0
7791,10000.0
7792,10000.0
7793,10000.0
7794,10000.0
7795,10000.0
7796,10000.0
7797,10000.0
7798,10000.0
7799,10000.0
7800,10000.0
7801,10000.0
7802,10000.0
7803,10000.0
7804,10000.0
7805,10000.0
7806,10000.0
7807,10000.0
7808,10000.0
7809,10000.0
7810,10000.0
7811,10000.0
7812,10000.0
7813,10000.0
7814,10000.0
7815,10000.0
7816,10000.0
7817,10000.0
7818,10000.0
7819,10000.0
7820,10000.0
7821,10000.0
7822,10000.0
7823,10000.0
7824,10000.0
7825,10000.0
7826,10000.0
7827,10000.0
7828,10000.0
7829,10000.0
7830,10000.0
7831,10000.0
7832,10000.0
7833,10000.0
7834,10000.0
7835,10000.0
7836,10000.0
7837,10000.0
7838,10000.0
7839,10000.0
7840,10000.0
7841,10000.0
7842,10000.0
7843,10000.0
7844,10000.0
7845,10000.0
7846,10000.0
7847,10000.0
7848,10000.0
7849,10000.0
7850,10000.0
7851,10000.0
7852,10000.0
7853,10000.0
7854,10000.0
7855,10000.0
7856,10000.0
7857,10000.0
7858,10000.0
7859,10000.0
7860,10000.0
7861,10000.0
7862,10000.0
7863,10000.0
7864,10000.0
7865,10000.0
7866,10000.0
7867,10000.0
7868,10000.0
7869,10000.0
7870,10000.0
7871,10000.0
7872,10000.0
7873,10000.0
7874,10000.0
7875,10000.0
7876,10000.0
7877,10000.0
7878,10000.0
7879,10000.0
7880,10000.0
7881,10000.0
7882,10000.0
7883,10000.0
7884,10000.0
7885,10000.0
7886,10000.0
7887,10000.0
7888,10000.0
7889,10000.0
7890,10000.0
7891,10000.0
7892,10000.0
7893,10000.0
7894,10000.0
7895,10000.0
7896,10000.0
7897,10000.0
7898,10000.0
7899,10000.0
7900,10000.0
7901,10000.0
7902,10000.0
7903,10000.0
7904,10000.0
7905,10000.0
7906,10000.0
7907,10000.0
7908,10000.0
7909,10000.0
7910,10000.0
7911,10000.0
7912,10000.0
7913,10000.0
7914,10000.0
7915,10000.0
7916,10000.0
7917,10000.0
7918,10000.0
7919,10000.0
7920,10000.0
7921,10000.0
7922,10000.0
7923,10000.0
7924,10000.0
7925,10000.0
7926,10000.0
7927,10000.0
7928,10000.0
7929,10000.0
7930,10000.0
7931,10000.0
7932,10000.0
7933,10000.0
7934,10000.0
7935,10000.0
7936,10000.0
7937,10000.0
7938,10000.0
7939,10000.0
7940,10000.0
7941,10000.0
7942,10000.0
7943,10000.0
7944,10000.0
7945,10000.0
7946,10000.0
7947,10000.0
7948,10000.0
7949,10000.0
7950,10000.0
7951,10000.0
7952,10000.0
7953,10000.0
7954,10000.0
7955,10000.0
7956,10000.0
7957,10000.0
7958,10000.0
7959,10000.0
7960,10000.0
7961,10000.0
7962,10000.0
7963,10000.0
7964,10000.0
7965,10000.0
7966,10000.0
7967,10000.0
7968,10000.0
7969,10000.0
7970,10000.0
7971,10000.0
7972,10000.0
7973,10000.0
7974,10000.0
7975,10000.0
7976,10000.0
7977,10000.0
7978,10000.0
7979,10000.0
7980,10000.0
7981,10000.0
7982,10000.0
7983,10000.0
7984,10000.0
7985,10000.0
7986,10000.0
7987,10000.0
7988,10000.0
7989,10000.0
7990,10000.0
7991,10000.0
7992,10000.0
7993,10000.0
7994,10000.0
7995,10000.0
7996,10000.0
7997,10000.0
7998,10000.0
7999,10000.0
8000,10000.0
8001,10000.0
8002,10000.0
8003,10000.0
8004,10000.0
8005,10000.0
8006,10000.0
8007,10000.0
8008,10000.0
8009,10000.0
8010,10000.0
8011,10000.0
8012,10000.0
8013,10000.0
8014,10000.0
8015,10000.0
8016,10000.0
8017,10000.0
8018,10000.0
8019,10000.0
8020,10000.0
8021,10000.0
8022,10000.0
8023,10000.0
8024,10000.0
8025,10000.0
8026,10000.0
8027,10000.0
8028,10000.0
8029,10000.0
8030,10000.0
8031,10000.0
8032,10000.0
8033,10000.0
8034,10000.0
8035,10000.0
8036,10000.0
8037,10000.0
8038,10000.0
8039,10000.0
8040,10000.0
8041,10000.0
8042,10000.0
8043,10000.0
8044,10000.0
8045,10000.0
8046,10000.0
8047,10000.0
8048,10000.0
8049,10000.0
8050,10000.0
8051,10000.0
8052,10000.0
8053,10000.0
8054,10000.0
8055,10000.0
8056,10000.0
8057,10000.0
8058,10000.0
8059,10000.0
8060,10000.0
8061,10000.0
8062,10000.0
8063,10000.0
8064,10000.0
8065,10000.0
8066,10000.0
8067,10000.0
8068,10000.0
8069,10000.0
8070,10000.0
8071,10000.0
8072,10000.0
8073,10000.0
8074,10000.0
8075,10000.0
8076,10000.0
8077,10000.0
8078,10000.0
8079,10000.0
8080,10000.0
8081,10000.0
8082,10000.0
8083,10000.0
8084,10000.0
8085,10000.0
8086,10000.0
8087,10000.0
8088,10000.0
8089,10000.0
8090,10000.0
8091,10000.0
8092,10000.0
8093,10000.0
8094,10000.0
8095,10000.0
8096,10000.0
8097,10000.0
8098,10000.0
8099,10000.0
8100,10000.0
8101,10000.0
8102,10000.0
8103,10000.0
8104,10000.0
8105,10000.0
8106,10000.0
8107,10000.0
8108,10000.0
8109,10000.0
8110,10000.0
8111,10000.0
8112,10000.0
8113,10000.0
8114,10000.0
8115,10000.0
8116,10000.0
8117,10000.0
8118,10000.0
8119,10000.0
8120,10000.0
8121,10000.0
8122,10000.0
8123,10000.0
8124,10000.0
8125,10000.0
8126,10000.0
8127,10000.0
8128,10000.0
8129,10000.0
8130,10000.0
8131,10000.0
8132,10000.0
8133,10000.0
8134,10000.0
8135,10000.0
8136,10000.0
8137,10000.0
8138,10000.0
8139,10000.0
8140,10000.0
8141,10000.0
8142,10000.0
8143,10000.0
8144,10000.0
8145,10000.0
8146,10000.0
8147,10000.0
8148,10000.0
8149,10000.0
8150,10000.0
8151,10000.0
8152,10000.0
8153,10000.0
8154,10000.0
8155,10000.0
8156,10000.0
8157,10000.0
8158,10000.0
8159,10000.0
8160,10000.0
8161,10000.0
8162,10000.0
8163,10000.0
8164,10000.0
8165,10000.0
8166,10000.0
8167,10000.0
8168,10000.0
8169,10000.0
8170,10000.0
8171,10000.0
8172,10000.0
8173,10000.0
8174,10000.0
8175,10000.0
8176,10000.0
8177,10000.0
8178,10000.0
8179,10000.0
8180,10000.0
8181,10000.0
8182,10000.0
8183,10000.0
8184,10000.0
8185,10000.0
8186,10000.0
8187,10000.0
8188,10000.0
8189,10000.0
8190,10000.0
8191,10000.0
8192,10000.0
8193,10000.0
8194,10000.0
8195,10000.0
8196,10000.0
8197,10000.0
8198,10000.0
8199,10000.0
8200,10000.0
8201,10000.0
8202,10000.0
8203,10000.0
8204,10000.0
8205,10000.0
8206,10000.0
8207,10000.0
8208,10000.0
8209,10000.0
8210,10000.0
8211,10000.0
8212,10000.0
8213,10000.0
8214,10000.0
8215,10000.0
8216,10000.0
8217,10000.0
8218,10000.0
8219,10000.0
8220,10000.0
8221,10000.0
8222,10000.0
8223,10000.0
8224,10000.0
8225,10000.0
8226,10000.0
8227,10000.0
8228,10000.0
8229,10000.0
8230,10000.0
8231,10000.0
8232,10000.0
8233,10000.0
8234,10000.0
8235,10000.0
8236,10000.0
8237,10000.0
8238,10000.0
8239,10000.0
8240,10000.0
8241,10000.0
8242,10000.0
8243,10000.0
8244,10000.0
8245,10000.0
8246,10000.0
8247,10000.0
8248,10000.0
8249,10000.0
8250,10000.0
8251,10000.0
8252,10000.0
8253,10000.0
8254,10000.0
8255,10000.0
8256,10000.0
8257,10000.0
8258,10000.0
8259,10000.0
8260,10000.0
8261,10000.0
8262,10000.0
8263,10000.0
8264,10000.0
8265,10000.0
8266,10000.0
8267,10000.0
8268,10000.0
8269,10000.0
8270,10000.0
8271,10000.0
8272,10000.0
8273,10000.0
8274,10000.0
8275,10000.0
8276,10000.0
8277,10000.0
8278,10000.0
8279,10000.0
8280,10000.0
8281,10000.0
8282,10000.0
8283,10000.0
8284,10000.0
8285,10000.0
8286,10000.0
8287,10000.0
8288,10000.0
8289,10000.0
8290,10000.0
8291,10000.0
8292,10000.0
8293,10000.0
8294,10000.0
8295,10000.0
8296,10000.0
8297,10000.0
8298,10000.0
8299,10000.0
8300,10000.0
8301,10000.0
8302,10000.0
8303,10000.0
8304,10000.0
8305,10000.0
8306,10000.0
8307,10000.0
8308,10000.0
8309,10000.0
8310,10000.0
8311,10000.0
8312,10000.0
8313,10000.0
8314,10000.0
8315,10000.0
8316,10000.0
8317,10000.0
8318,10000.0
8319,10000.0
8320,10000.0
8321,10000.0
8322,10000.0
8323,10000.0
8324,10000.0
8325,10000.0
8326,10000.0
8327,10000.0
8328,10000.0
8329,10000.0
8330,10000.0
8331,10000.0
8332,10000.0
8333,10000.0
8334,10000.0
8335,10000.0
8336,10000.0
8337,10000.0
8338,10000.0
8339,10000.0
8340,10000.0
8341,10000.0
8342,10000.0
8343,10000.0
8344,10000.0
8345,10000.0
8346,10000.0
8347,10000.0
8348,10000.0
8349,10000.0
8350,10000.0
8351,10000.0
8352,10000.0
8353,10000.0
8354,10000.0
8355,10000.0
8356,10000.0
8357,10000.0
8358,10000.0
8359,10000.0
8360,10000.0
8361,10000.0
8362,10000.0
8363,10000.0
8364,10000.0
8365,10000.0
8366,10000.0
8367,10000.0
8368,10000.0
8369,10000.0
8370,10000.0
8371,10000.0
8372,10000.0
8373,10000.0
8374,10000.0
8375,10000.0
8376,10000.0
8377,10000.0
8378,10000.0
8379,10000.0
8380,10000.0
8381,10000.0
8382,10000.0
8383,10000.0
8384,10000.0
8385,10000.0
8386,10000.0
8387,10000.0
8388,10000.0
8389,10000.0
8390,10000.0
8391,10000.0
8392,10000.0
8393,10000.0
8394,10000.0
8395,10000.0
8396,10000.0
8397,10000.0
8398,10000.0
8399,10000.0
8400,10000.0
8401,10000.0
8402,10000.0
8403,10000.0
8404,10000.0
8405,10000.0
8406,10000.0
8407,10000.0
8408,10000.0
8409,10000.0
8410,10000.0
8411,10000.0
8412,10000.0
8413,10000.0
8414,10000.0
8415,10000.0
8416,10000.0
8417,10000.0
8418,10000.0
8419,10000.0
8420,10000.0
8421,10000.0
8422,10000.0
8423,10000.0
8424,10000.0
8425,10000.0
8426,10000.0
8427,10000.0
8428,10000.0
8429,10000.0
8430,10000.0
8431,10000.0
8432,10000.0
8433,10000.0
8434,10000.0
8435,10000.0
8436,10000.0
8437,10000.0
8438,10000.0
8439,10000.0
8440,10000.0
8441,10000.0
8442,10000.0
8443,10000.0
8444,10000.0
8445,10000.0
8446,10000.0
8447,10000.0
8448,10000.0
8449,10000.0
8450,10000.0
8451,10000.0
8452,10000.0
8453,10000.0
8454,10000.0
8455,10000.0
8456,10000.0
8457,10000.0
8458,10000.0
8459,10000.0
8460,10000.0
8461,10000.0
8462,10000.0
8463,10000.0
8464,10000.0
8465,10000.0
8466,10000.0
8467,10000.0
8468,10000.0
8469,10000.0
8470,10000.0
8471,10000.0
8472,10000.0
8473,10000.0
8474,10000.0
8475,10000.0
8476,10000.0
8477,10000.0
8478,10000.0
8479,10000.0
8480,10000.0
8481,10000.0
8482,10000.0
8483,10000.0
8484,10000.0
8485,10000.0
8486,10000.0
8487,10000.0
8488,10000.0
8489,10000.0
8490,10000.0
8491,10000.0
8492,10000.0
8493,10000.0
8494,10000.0
8495,10000.0
8496,10000.0
8497,10000.0
8498,10000.0
8499,10000.0
8500,10000.0
8501,10000.0
8502,10000.0
8503,10000.0
8504,10000.0
8505,10000.0
8506,10000.0
8507,10000.0
8508,10000.0
8509,10000.0
8510,10000.0
8511,10000.0
8512,10000.0
8513,10000.0
8514,10000.0
8515,10000.0
8516,10000.0
8517,10000.0
8518,10000.0
8519,10000.0
8520,10000.0
8521,10000.0
8522,10000.0
8523,10000.0
8524,10000.0
8525,10000.0
8526,10000.0
8527,10000.0
8528,10000.0
8529,10000.0
8530,10000.0
8531,10000.0
8532,10000.0
8533,10000.0
8534,10000.0
8535,10000.0
8536,10000.0
8537,10000.0
8538,10000.0
8539,10000.0
8540,10000.0
8541,10000.0
8542,10000.0
8543,10000.0
8544,10000.0
8545,10000.0
8546,10000.0
8547,10000.0
8548,10000.0
8549,10000.0
8550,10000.0
8551,10000.0
8552,10000.0
8553,10000.0
8554,10000.0
8555,10000.0
8556,10000.0
8557,10000.0
8558,10000.0
8559,10000.0
8560,10000.0
8561,10000.0
8562,10000.0
8563,10000.0
8564,10000.0
8565,10000.0
8566,10000.0
8567,10000.0
8568,10000.0
8569,10000.0
8570,10000.0
8571,10000.0
8572,10000.0
8573,10000.0
8574,10000.0
8575,10000.0
8576,10000.0
8577,10000.0
8578,10000.0
8579,10000.0
8580,10000.0
8581,10000.0
8582,10000.0
8583,10000.0
8584,10000.0
8585,10000.0
8586,10000.0
8587,10000.0
8588,10000.0
8589,10000.0
8590,10000.0
8591,10000.0
8592,10000.0
8593,10000.0
8594,10000.0
8595,10000.0
8596,10000.0
8597,10000.0
8598,10000.0
8599,10000.0
8600,10000.0
8601,10000.0
8602,10000.0
8603,10000.0
8604,10000.0
8605,10000.0
8606,10000.0
8607,10000.0
8608,10000.0
8609,10000.0
8610,10000.0
8611,10000.0
8612,10000.0
8613,10000.0
8614,10000.0
8615,10000.0
8616,10000.0
8617,10000.0
8618,10000.0
8619,10000.0
8620,10000.0
8621,10000.0
8622,10000.0
8623,10000.0
8624,10000.0
8625,10000.0
8626,10000.0
8627,10000.0
8628,10000.0
8629,10000.0
8630,10000.0
8631,10000.0
8632,10000.0
8633,10000.0
8634,10000.0
8635,10000.0
8636,10000.0
8637,10000.0
8638,10000.0
8639,10000.0
8640,10000.0
8641,10000.0
8642,10000.0
8643,10000.0
8644,10000.0
8645,10000.0
8646,10000.0
8647,10000.0
8648,10000.0
8649,10000.0
8650,10000.0
8651,10000.0
8652,10000.0
8653,10000.0
8654,10000.0
8655,10000.0
8656,10000.0
8657,10000.0
8658,10000.0
8659,10000.0
8660,10000.0
8661,10000.0
8662,10000.0
8663,10000.0
8664,10000.0
8665,10000.0
8666,10000.0
8667,10000.0
8668,10000.0
8669,10000.0
8670,10000.0
8671,10000.0
8672,10000.0
8673,10000.0
8674,10000.0
8675,10000.0
8676,10000.0
8677,10000.0
8678,10000.0
8679,10000.0
8680,10000.0
8681,10000.0
8682,10000.0
8683,10000.0
8684,10000.0
8685,10000.0
8686,10000.0
8687,10000.0
8688,10000.0
8689,10000.0
8690,10000.0
8691,10000.0
8692,10000.0
8693,10000.0
8694,10000.0
8695,10000.0
8696,10000.0
8697,10000.0
8698,10000.0
8699,10000.0
8700,10000.0
8701,10000.0
8702,10000.0
8703,10000.0
8704,10000.0
8705,10000.0
8706,10000.0
8707,10000.0
8708,10000.0
8709,10000.0
8710,10000.0
8711,10000.0
8712,10000.0
8713,10000.0
8714,10000.0
8715,10000.0
8716,10000.0
8717,10000.0
8718,10000.0
8719,10000.0
8720,10000.0
8721,10000.0
8722,10000.0
8723,10000.0
8724,10000.0
8725,10000.0
8726,10000.0
8727,10000.0
8728,10000.0
8729,10000.0
8730,10000.0
8731,10000.0
8732,10000.0
8733,10000.0
8734,10000.0
8735,10000.0
8736,10000.0
8737,10000.0
8738,10000.0
8739,10000.0
8740,10000.0
8741,10000.0
8742,10000.0
8743,10000.0
8744,10000.0
8745,10000.0
8746,10000.0
8747,10000.0
8748,10000.0
8749,10000.0
8750,10000.0
8751,10000.0
8752,10000.0
8753,10000.0
8754,10000.0
8755,10000.0
8756,10000.0
8757,10000.0
8758,10000.0
8759,10000.0
8760,10000.0
8761,10000.0
8762,10000.0
8763,10000.0
8764,10000.0
8765,10000.0
8766,10000.0
8767,10000.0
8768,10000.0
8769,10000.0
8770,10000.0
8771,10000.0
8772,10000.0
8773,10000.0
8774,10000.0
8775,10000.0
8776,10000.0
8777,10000.0
8778,10000.0
8779,10000.0
8780,10000.0
8781,10000.0
8782,10000.0
8783,10000.0
8784,10000.0
8785,10000.0
8786,10000.0
8787,10000.0
8788,10000.0
8789,10000.0
8790,10000.0
8791,10000.0
8792,10000.0
8793,10000.0
8794,10000.0
8795,10000.0
8796,10000.0
8797,10000.0
8798,10000.0
8799,10000.0
8800,10000.0
8801,10000.0
8802,10000.0
8803,10000.0
8804,10000.0
8805,10000.0
8806,10000.0
8807,10000.0
8808,10000.0
8809,10000.0
8810,10000.0
8811,10000.0
8812,10000.0
8813,10000.0
8814,10000.0
8815,10000.0
8816,10000.0
8817,10000.0
8818,10000.0
8819,10000.0
8820,10000.0
8821,10000.0
8822,10000.0
8823,10000.0
8824,10000.0
8825,10000.0
8826,10000.0
8827,10000.0
8828,10000.0
8829,10000.0
8830,10000.0
8831,10000.0
8832,10000.0
8833,10000.0
8834,10000.0
8835,10000.0
8836,10000.0
8837,10000.0
8838,10000.0
8839,10000.0
8840,10000.0
8841,10000.0
8842,10000.0
8843,10000.0
8844,10000.0
8845,10000.0
8846,10000.0
8847,10000.0
8848,10000.0
8849,10000.0
8850,10000.0
8851,10000.0
8852,10000.0
8853,10000.0
8854,10000.0
8855,10000.0
8856,10000.0
8857,10000.0
8858,10000.0
8859,10000.0
8860,10000.0
8861,10000.0
8862,10000.0
8863,10000.0
8864,10000.0
8865,10000.0
8866,10000.0
8867,10000.0
8868,10000.0
8869,10000.0
8870,10000.0
8871,10000.0
8872,10000.0
8873,10000.0
8874,10000.0
8875,10000.0
8876,10000.0
8877,10000.0
8878,10000.0
8879,10000.0
8880,10000.0
8881,10000.0
8882,10000.0
8883,10000.0
8884,10000.0
8885,10000.0
8886,10000.0
8887,10000.0
8888,10000.0
8889,10000.0
8890,10000.0
8891,10000.0
8892,10000.0
8893,10000.0
8894,10000.0
8895,10000.0
8896,10000.0
8897,10000.0
8898,10000.0
8899,10000.0
8900,10000.0
8901,10000.0
8902,10000.0
8903,10000.0
8904,10000.0
8905,10000.0
8906,10000.0
8907,10000.0
8908,10000.0
8909,10000.0
8910,10000.0
8911,10000.0
8912,10000.0
8913,10000.0
8914,10000.0
8915,10000.0
8916,10000.0
8917,10000.0
8918,10000.0
8919,10000.0
8920,10000.0
8921,10000.0
8922,10000.0
8923,10000.0
8924,10000.0
8925,10000.0
8926,10000.0
8927,10000.0
8928,10000.0
8929,10000.0
8930,10000.0
8931,10000.0
8932,10000.0
8933,10000.0
8934,10000.0
8935,10000.0
8936,10000.0
8937,10000.0
8938,10000.0
8939,10000.0
8940,10000.0
8941,10000.0
8942,10000.0
8943,10000.0
8944,10000.0
8945,10000.0
8946,10000.0
8947,10000.0
8948,10000.0
8949,10000.0
8950,10000.0
8951,10000.0
8952,10000.0
8953,10000.0
8954,10000.0
8955,10000.0
8956,10000.0
8957,10000.0
8958,10000.0
8959,10000.0
8960,10000.0
8961,10000.0
8962,10000.0
8963,10000.0
8964,10000.0
8965,10000.0
8966,10000.0
8967,10000.0
8968,10000.0
8969,10000.0
8970,10000.0
8971,10000.0
8972,10000.0
8973,10000.0
8974,10000.0
8975,10000.0
8976,10000.0
8977,10000.0
8978,10000.0
8979,10000.0
8980,10000.0
8981,10000.0
8982,10000.0
8983,10000.0
8984,10000.0
8985,10000.0
8986,10000.0
8987,10000.0
8988,10000.0
8989,10000.0
8990,10000.0
8991,10000.0
8992,10000.0
8993,10000.0
8994,10000.0
8995,10000.0
8996,10000.0
8997,10000.0
8998,10000.0
8999,10000.0
9000,10000.0
9001,10000.0
9002,10000.0
9003,10000.0
9004,10000.0
9005,10000.0
9006,10000.0
9007,10000.0
9008,10000.0
9009,10000.0
9010,10000.0
9011,10000.0
9012,10000.0
9013,10000.0
9014,10000.0
9015,10000.0
9016,10000.0
9017,10000.0
9018,10000.0
9019,10000.0
9020,10000.0
9021,10000.0
9022,10000.0
9023,10000.0
9024,10000.0
9025,10000.0
9026,10000.0
9027,10000.0
9028,10000.0
9029,10000.0
9030,10000.0
9031,10000.0
9032,10000.0
9033,10000.0
9034,10000.0
9035,10000.0
9036,10000.0
9037,10000.0
9038,10000.0
9039,10000.0
9040,10000.0
9041,10000.0
9042,10000.0
9043,10000.0
9044,10000.0
9045,10000.0
9046,10000.0
9047,10000.0
9048,10000.0
9049,10000.0
9050,10000.0
9051,10000.0
9052,10000.0
9053,10000.0
9054,10000.0
9055,10000.0
9056,10000.0
9057,10000.0
9058,10000.0
9059,10000.0
9060,10000.0
9061,10000.0
9062,10000.0
9063,10000.0
9064,10000.0
9065,10000.0
9066,10000.0
9067,10000.0
9068,10000.0
9069,10000.0
9070,10000.0
9071,10000.0
9072,10000.0
9073,10000.0
9074,10000.0
9075,10000.0
9076,10000.0
9077,10000.0
9078,10000.0
9079,10000.0
9080,10000.0
9081,10000.0
9082,10000.0
9083,10000.0
9084,10000.0
9085,10000.0
9086,10000.0
9087,10000.0
9088,10000.0
9089,10000.0
9090,10000.0
9091,10000.0
9092,10000.0
9093,10000.0
9094,10000.0
9095,10000.0
9096,10000.0
9097,10000.0
9098,10000.0
9099,10000.0
9100,10000.0
9101,10000.0
9102,10000.0
9103,10000.0
9104,10000.0
9105,10000.0
9106,10000.0
9107,10000.0
9108,10000.0
9109,10000.0
9110,10000.0
9111,10000.0
9112,10000.0
9113,10000.0
9114,10000.0
9115,10000.0
9116,10000.0
9117,10000.0
9118,10000.0
9119,10000.0
9120,10000.0
9121,10000.0
9122,10000.0
9123,10000.0
9124,10000.0
9125,10000.0
9126,10000.0
9127,10000.0
9128,10000.0
9129,10000.0
9130,10000.0
9131,10000.0
9132,10000.0
9133,10000.0
9134,10000.0
9135,10000.0
9136,10000.0
9137,10000.0
9138,10000.0
9139,10000.0
9140,10000.0
9141,10000.0
9142,10000.0
9143,10000.0
9144,10000.0
9145,10000.0
9146,10000.0
9147,10000.0
9148,10000.0
9149,10000.0
9150,10000.0
9151,10000.0
9152,10000.0
9153,10000.0
9154,10000.0
9155,10000.0
9156,10000.0
9157,10000.0
9158,10000.0
9159,10000.0
9160,10000.0
9161,10000.0
9162,10000.0
9163,10000.0
9164,10000.0
9165,10000.0
9166,10000.0
9167,10000.0
9168,10000.0
9169,10000.0
9170,10000.0
9171,10000.0
9172,10000.0
9173,10000.0
9174,10000.0
9175,10000.0
9176,10000.0
9177,10000.0
9178,10000.0
9179,10000.0
9180,10000.0
9181,10000.0
9182,10000.0
9183,10000.0
9184,10000.0
9185,10000.0
9186,10000.0
9187,10000.0
9188,10000.0
9189,10000.0
9190,10000.0
9191,10000.0
9192,10000.0
9193,10000.0
9194,10000.0
9195,10000.0
9196,10000.0
9197,10000.0
9198,10000.0
9199,10000.0
9200,10000.0
9201,10000.0
9202,10000.0
9203,10000.0
9204,10000.0
9205,10000.0
9206,10000.0
9207,10000.0
9208,10000.0
9209,10000.0
9210,10000.0
9211,10000.0
9212,10000.0
9213,10000.0
9214,10000.0
9215,10000.0
9216,10000.0
9217,10000.0
9218,10000.0
9219,10000.0
9220,10000.0
9221,10000.0
9222,10000.0
9223,10000.0
9224,10000.0
9225,10000.0
9226,10000.0
9227,10000.0
9228,10000.0
9229,10000.0
9230,10000.0
9231,10000.0
9232,10000.0
9233,10000.0
9234,10000.0
9235,10000.0
9236,10000.0
9237,10000.0
9238,10000.0
9239,10000.0
9240,10000.0
9241,10000.0
9242,10000.0
9243,10000.0
9244,10000.0
9245,10000.0
9246,10000.0
9247,10000.0
9248,10000.0
9249,10000.0
9250,10000.0
9251,10000.0
9252,10000.0
9253,10000.0
9254,10000.0
9255,10000.0
9256,10000.0
9257,10000.0
9258,10000.0
9259,10000.0
9260,10000.0
9261,10000.0
9262,10000.0
9263,10000.0
9264,10000.0
9265,10000.0
9266,10000.0
9267,10000.0
9268,10000.0
9269,10000.0
9270,10000.0
9271,10000.0
9272,10000.0
9273,10000.0
9274,10000.0
9275,10000.0
9276,10000.0
9277,10000.0
9278,10000.0
9279,10000.0
9280,10000.0
9281,10000.0
9282,10000.0
9283,10000.0
9284,10000.0
9285,10000.0
9286,10000.0
9287,10000.0
9288,10000.0
9289,10000.0
9290,10000.0
9291,10000.0
9292,10000.0
9293,10000.0
9294,10000.0
9295,10000.0
9296,10000.0
9297,10000.0
9298,10000.0
9299,10000.0
9300,10000.0
9301,10000.0
9302,10000.0
9303,10000.0
9304,10000.0
9305,10000.0
9306,10000.0
9307,10000.0
9308,10000.0
9309,10000.0
9310,10000.0
9311,10000.0
9312,10000.0
9313,10000.0
9314,10000.0
9315,10000.0
9316,10000.0
9317,10000.0
9318,10000.0
9319,10000.0
9320,10000.0
9321,10000.0
9322,10000.0
9323,10000.0
9324,10000.0
9325,10000.0
9326,10000.0
9327,10000.0
9328,10000.0
9329,10000.0
9330,10000.0
9331,10000.0
9332,10000.0
9333,10000.0
9334,10000.0
9335,10000.0
9336,10000.0
9337,10000.0
9338,10000.0
9339,10000.0
9340,10000.0
9341,10000.0
9342,10000.0
9343,10000.0
9344,10000.0
9345,10000.0
9346,10000.0
9347,10000.0
9348,10000.0
9349,10000.0
9350,10000.0
9351,10000.0
9352,10000.0
9353,10000.0
9354,10000.0
9355,10000.0
9356,10000.0
9357,10000.0
9358,10000.0
9359,10000.0
9360,10000.0
9361,10000.0
9362,10000.0
9363,10000.0
9364,10000.0
9365,10000.0
9366,10000.0
9367,10000.0
9368,10000.0
9369,10000.0
9370,10000.0
9371,10000.0
9372,10000.0
9373,10000.0
9374,10000.0
9375,10000.0
9376,10000.0
9377,10000.0
9378,10000.0
9379,10000.0
9380,10000.0
9381,10000.0
9382,10000.0
9383,10000.0
9384,10000.0
9385,10000.0
9386,10000.0
9387,10000.0
9388,10000.0
9389,10000.0
9390,10000.0
9391,10000.0
9392,10000.0
9393,10000.0
9394,10000.0
9395,10000.0
9396,10000.0
9397,10000.0
9398,10000.0
9399,10000.0
9400,10000.0
9401,10000.0
9402,10000.0
9403,10000.0
9404,10000.0
9405,10000.0
9406,10000.0
9407,10000.0
9408,10000.0
9409,10000.0
9410,10000.0
9411,10000.0
9412,10000.0
9413,10000.0
9414,10000.0
9415,10000.0
9416,10000.0
9417,10000.0
9418,10000.0
9419,10000.0
9420,10000.0
9421,10000.0
9422,10000.0
9423,10000.0
9424,10000.0
9425,10000.0
9426,10000.0
9427,10000.0
9428,10000.0
9429,10000.0
9430,10000.0
9431,10000.0
9432,10000.0
9433,10000.0
9434,10000.0
9435,10000.0
9436,10000.0
9437,10000.0
9438,10000.0
9439,10000.0
9440,10000.0
9441,10000.0
9442,10000.0
9443,10000.0
9444,10000.0
9445,10000.0
9446,10000.0
9447,10000.0
9448,10000.0
9449,10000.0
9450,10000.0
9451,10000.0
9452,10000.0
9453,10000.0
9454,10000.0
9455,10000.0
9456,10000.0
9457,10000.0
9458,10000.0
9459,10000.0
9460,10000.0
9461,10000.0
9462,10000.0
9463,10000.0
9464,10000.0
9465,10000.0
9466,10000.0
9467,10000.0
9468,10000.0
9469,10000.0
9470,10000.0
9471,10000.0
9472,10000.0
9473,10000.0
9474,10000.0
9475,10000.0
9476,10000.0
9477,10000.0
9478,10000.0
9479,10000.0
9480,10000.0
9481,10000.0
9482,10000.0
9483,10000.0
9484,10000.0
9485,10000.0
9486,10000.0
9487,10000.0
9488,10000.0
9489,10000.0
9490,10000.0
9491,10000.0
9492,10000.0
9493,10000.0
9494,10000.0
9495,10000.0
9496,10000.0
9497,10000.0
9498,10000.0
9499,10000.0
9500,10000.0
9501,10000.0
9502,10000.0
9503,10000.0
9504,10000.0
9505,10000.0
9506,10000.0
9507,10000.0
9508,10000.0
9509,10000.0
9510,10000.0
9511,10000.0
9512,10000.0
9513,10000.0
9514,10000.0
9515,10000.0
9516,10000.0
9517,10000.0
9518,10000.0
9519,10000.0
9520,10000.0
9521,10000.0
9522,10000.0
9523,10000.0
9524,10000.0
9525,10000.0
9526,10000.0
9527,10000.0
9528,10000.0
9529,10000.0
9530,10000.0
9531,10000.0
9532,10000.0
9533,10000.0
9534,10000.0
9535,10000.0
9536,10000.0
9537,10000.0
9538,10000.0
9539,10000.0
9540,10000.0
9541,10000.0
9542,10000.0
9543,10000.0
9544,10000.0
9545,10000.0
9546,10000.0
9547,10000.0
9548,10000.0
9549,10000.0
9550,10000.0
9551,10000.0
9552,10000.0
9553,10000.0
9554,10000.0
9555,10000.0
9556,10000.0
9557,10000.0
9558,10000.0
9559,10000.0
9560,10000.0
9561,10000.0
9562,10000.0
9563,10000.0
9564,10000.0
9565,10000.0
9566,10000.0
9567,10000.0
9568,10000.0
9569,10000.0
9570,10000.0
9571,10000.0
9572,10000.0
9573,10000.0
9574,10000.0
9575,10000.0
9576,10000.0
9577,10000.0
9578,10000.0
9579,10000.0
9580,10000.0
9581,10000.0
9582,10000.0
9583,10000.0
9584,10000.0
9585,10000.0
9586,10000.0
9587,10000.0
9588,10000.0
9589,10000.0
9590,10000.0
9591,10000.0
9592,10000.0
9593,10000.0
9594,10000.0
9595,10000.0
9596,10000.0
9597,10000.0
9598,10000.0
9599,10000.0
9600,10000.0
9601,10000.0
9602,10000.0
9603,10000.0
9604,10000.0
9605,10000.0
9606,10000.0
9607,10000.0
9608,10000.0
9609,10000.0
9610,10000.0
9611,10000.0
9612,10000.0
9613,10000.0
9614,10000.0
9615,10000.0
9616,10000.0
9617,10000.0
9618,10000.0
9619,10000.0
9620,10000.0
9621,10000.0
9622,10000.0
9623,10000.0
9624,10000.0
9625,10000.0
9626,10000.0
9627,10000.0
9628,10000.0
9629,10000.0
9630,10000.0
9631,10000.0
9632,10000.0
9633,10000.0
9634,10000.0
9635,10000.0
9636,10000.0
9637,10000.0
9638,10000.0
9639,10000.0
9640,10000.0
9641,10000.0
9642,10000.0
9643,10000.0
9644,10000.0
9645,10000.0
9646,10000.0
9647,10000.0
9648,10000.0
9649,10000.0
9650,10000.0
9651,10000.0
9652,10000.0
9653,10000.0
9654,10000.0
9655,10000.0
9656,10000.0
9657,10000.0
9658,10000.0
9659,10000.0
9660,10000.0
9661,10000.0
9662,10000.0
9663,10000.0
9664,10000.0
9665,10000.0
9666,10000.0
9667,10000.0
9668,10000.0
9669,10000.0
9670,10000.0
9671,10000.0
9672,10000.0
9673,10000.0
9674,10000.0
9675,10000.0
9676,10000.0
9677,10000.0
9678,10000.0
9679,10000.0
9680,10000.0
9681,10000.0
9682,10000.0
9683,10000.0
9684,10000.0
9685,10000.0
9686,10000.0
9687,10000.0
9688,10000.0
9689,10000.0
9690,10000.0
9691,10000.0
9692,10000.0
9693,10000.0
9694,10000.0
9695,10000.0
9696,10000.0
9697,10000.0
9698,10000.0
9699,10000.0
9700,10000.0
9701,10000.0
9702,10000.0
9703,10000.0
9704,10000.0
9705,10000.0
9706,10000.0
9707,10000.0
9708,10000.0
9709,10000.0
9710,10000.0
9711,10000.0
9712,10000.0
9713,10000.0
9714,10000.0
9715,10000.0
9716,10000.0
9717,10000.0
9718,10000.0
9719,10000.0
9720,10000.0
9721,10000.0
9722,10000.0
9723,10000.0
9724,10000.0
9725,10000.0
9726,10000.0
9727,10000.0
9728,10000.0
9729,10000.0
9730,10000.0
9731,10000.0
9732,10000.0
9733,10000.0
9734,10000.0
9735,10000.0
9736,10000.0
9737,10000.0
9738,10000.0
9739,10000.0
9740,10000.0
9741,10000.0
9742,10000.0
9743,10000.0
9744,10000.0
9745,10000.0
9746,10000.0
9747,10000.0
9748,10000.0
9749,10000.0
9750,10000.0
9751,10000.0
9752,10000.0
9753,10000.0
9754,10000.0
9755,10000.0
9756,10000.0
9757,10000.0
9758,10000.0
9759,10000.0
9760,10000.0
9761,10000.0
9762,10000.0
9763,10000.0
9764,10000.0
9765,10000.0
9766,10000.0
9767,10000.0
9768,10000.0
9769,10000.0
9770,10000.0
9771,10000.0
9772,10000.0
9773,10000.0
9774,10000.0
9775,10000.0
9776,10000.0
9777,10000.0
9778,10000.0
9779,10000.0
9780,10000.0
9781,10000.0
9782,10000.0
9783,10000.0
9784,10000.0
9785,10000.0
9786,10000.0
9787,10000.0
9788,10000.0
9789,10000.0
9790,10000.0
9791,10000.0
9792,10000.0
9793,10000.0
9794,10000.0
9795,10000.0
9796,10000.0
9797,10000.0
9798,10000.0
9799,10000.0
9800,10000.0
9801,10000.0
9802,10000.0
9803,10000.0
9804,10000.0
9805,10000.0
9806,10000.0
9807,10000.0
9808,10000.0
9809,10000.0
9810,10000.0
9811,10000.0
9812,10000.0
9813,10000.0
9814,10000.0
9815,10000.0
9816,10000.0
9817,10000.0
9818,10000.0
9819,10000.0
9820,10000.0
9821,10000.0
9822,10000.0
9823,10000.0
9824,10000.0
9825,10000.0
9826,10000.0
9827,10000.0
9828,10000.0
9829,10000.0
9830,10000.0
9831,10000.0
9832,10000.0
9833,10000.0
9834,10000.0
9835,10000.0
9836,10000.0
9837,10000.0
9838,10000.0
9839,10000.0
9840,10000.0
9841,10000.0
9842,10000.0
9843,10000.0
9844,10000.0
9845,10000.0
9846,10000.0
9847,10000.0
9848,10000.0
9849,10000.0
9850,10000.0
9851,10000.0
9852,10000.0
9853,10000.0
9854,10000.0
9855,10000.0
9856,10000.0
9857,10000.0
9858,10000.0
9859,10000.0
9860,10000.0
9861,10000.0
9862,10000.0
9863,10000.0
9864,10000.0
9865,10000.0
9866,10000.0
9867,10000.0
9868,10000.0
9869,10000.0
9870,10000.0
9871,10000.0
9872,10000.0
9873,10000.0
9874,10000.0
9875,10000.0
9876,10000.0
9877,10000.0
9878,10000.0
9879,10000.0
9880,10000.0
9881,10000.0
9882,10000.0
9883,10000.0
9884,10000.0
9885,10000.0
9886,10000.0
9887,10000.0
9888,10000.0
9889,10000.0
9890,10000.0
9891,10000.0
9892,10000.0
9893,10000.0
9894,10000.0
9895,10000.0
9896,10000.0
9897,10000.0
9898,10000.0
9899,10000.0
9900,10000.0
9901,10000.0
9902,10000.0
9903,10000.0
9904,10000.0
9905,10000.0
9906,10000.0
9907,10000.0
9908,10000.0
9909,10000.0
9910,10000.0
9911,10000.0
9912,10000.0
9913,10000.0
9914,10000.0
9915,10000.0
9916,10000.0
9917,10000.0
9918,10000.0
9919,10000.0
9920,10000.0
9921,10000.0
9922,10000.0
9923,10000.0
9924,10000.0
9925,10000.0
9926,10000.0
9927,10000.0
9928,10000.0
9929,10000.0
9930,10000.0
9931,10000.0
9932,10000.0
9933,10000.0
9934,10000.0
9935,10000.0
9936,10000.0
9937,10000.0
9938,10000.0
9939,10000.0
9940,10000.0
9941,10000.0
9942,10000.0
9943,10000.0
9944,10000.0
9945,10000.0
9946,10000.0
9947,10000.0
9948,10000.0
9949,10000.0
9950,10000.0
9951,10000.0
9952,10000.0
9953,10000.0
9954,10000.0
9955,10000.0
9956,10000.0
9957,10000.0
9958,10000.0
9959,10000.0
9960,10000.0
9961,10000.0
9962,10000.0
9963,10000.0
9964,10000.0
9965,10000.0
9966,10000.0
9967,10000.0
9968,10000.0
9969,10000.0
9970,10000.0
9971,10000.0
9972,10000.0
9973,10000.0
9974,10000.0
9975,10000.0
9976,10000.0
9977,10000.0
9978,10000.0
9979,10000.0
9980,10000.0
9981,10000.0
9982,10000.0
9983,10000.0
9984,10000.0
9985,10000.0
9986,10000.0
9987,10000.0
9988,10000.0
9989,10000.0
9990,10000.0
9991,10000.0
9992,10000.0
9993,10000.0
9994,10000.0
9995,10000.0
9996,10000.0
9997,10000.0
9998,10000.0
9999,10000.0
10000,10000.0
10001,10000.0
10002,10000.0
10003,10000.0
10004,10000.0
10005,10000.0
10006,10000.0
10007,10000.0
10008,10000.0
10009,10000.0
10010,10000.0
10011,10000.0
10012,10000.0
10013,10000.0
10014,10000.0
10015,10000.0
10016,10000.0
10017,10000.0
10018,10000.0
10019,10000.0
10020,10000.0
10021,10000.0
10022,10000.0
10023,10000.0
10024,10000.0
10025,10000.0
10026,10000.0
10027,10000.0
10028,10000.0
10029,10000.0
10030,10000.0
10031,10000.0
10032,10000.0
10033,10000.0
10034,10000.0
10035,10000.0
10036,10000.0
10037,10000.0
10038,10000.0
10039,10000.0
10040,10000.0
10041,10000.0
10042,10000.0
10043,10000.0
10044,10000.0
10045,10000.0
10046,10000.0
10047,10000.0
10048,10000.0
10049,10000.0
10050,10000.0
10051,10000.0
10052,10000.0
10053,10000.0
10054,10000.0
10055,10000.0
10056,10000.0
10057,10000.0
10058,10000.0
10059,10000.0
10060,10000.0
10061,10000.0
10062,10000.0
10063,10000.0
10064,10000.0
10065,10000.0
10066,10000.0
10067,10000.0
10068,10000.0
10069,10000.0
10070,10000.0
10071,10000.0
10072,10000.0
10073,10000.0
10074,10000.0
10075,10000.0
10076,10000.0
10077,10000.0
10078,10000.0
10079,10000.0
10080,10000.0
10081,10000.0
10082,10000.0
10083,10000.0
10084,10000.0
10085,10000.0
10086,10000.0
10087,10000.0
10088,10000.0
10089,10000.0
10090,10000.0
10091,10000.0
10092,10000.0
10093,10000.0
10094,10000.0
10095,10000.0
10096,10000.0
10097,10000.0
10098,10000.0
10099,10000.0
10100,10000.0
10101,10000.0
10102,10000.0
10103,10000.0
10104,10000.0
10105,10000.0
10106,10000.0
10107,10000.0
10108,10000.0
10109,10000.0
10110,10000.0
10111,10000.0
10112,10000.0
10113,10000.0
10114,10000.0
10115,10000.0
10116,10000.0
10117,10000.0
10118,10000.0
10119,10000.0
10120,10000.0
10121,10000.0
10122,10000.0
10123,10000.0
10124,10000.0
10125,10000.0
10126,10000.0
10127,10000.0
10128,10000.0
10129,10000.0
10130,10000.0
10131,10000.0
10132,10000.0
10133,10000.0
10134,10000.0
10135,10000.0
10136,10000.0
10137,10000.0
10138,10000.0
10139,10000.0
10140,10000.0
10141,10000.0
10142,10000.0
10143,10000.0
10144,10000.0
10145,10000.0
10146,10000.0
10147,10000.0
10148,10000.0
10149,10000.0
10150,10000.0
10151,10000.0
10152,10000.0
10153,10000.0
10154,10000.0
10155,10000.0
10156,10000.0
10157,10000.0
10158,10000.0
10159,10000.0
10160,10000.0
10161,10000.0
10162,10000.0
10163,10000.0
10164,10000.0
10165,10000.0
10166,10000.0
10167,10000.0
10168,10000.0
10169,10000.0
10170,10000.0
10171,10000.0
10172,10000.0
10173,10000.0
10174,10000.0
10175,10000.0
10176,10000.0
10177,10000.0
10178,10000.0
10179,10000.0
10180,10000.0
10181,10000.0
10182,10000.0
10183,10000.0
10184,10000.0
10185,10000.0
10186,10000.0
10187,10000.0
10188,10000.0
10189,10000.0
10190,10000.0
10191,10000.0
10192,10000.0
10193,10000.0
10194,10000.0
10195,10000.0
10196,10000.0
10197,10000.0
10198,10000.0
10199,10000.0
10200,10000.0
10201,10000.0
10202,10000.0
10203,10000.0
10204,10000.0
10205,10000.0
10206,10000.0
10207,10000.0
10208,10000.0
10209,10000.0
10210,10000.0
10211,10000.0
10212,10000.0
10213,10000.0
10214,10000.0
10215,10000.0
10216,10000.0
10217,10000.0
10218,10000.0
10219,10000.0
10220,10000.0
10221,10000.0
10222,10000.0
10223,10000.0
10224,10000.0
10225,10000.0
10226,10000.0
10227,10000.0
10228,10000.0
10229,10000.0
10230,10000.0
10231,10000.0
10232,10000.0
10233,10000.0
10234,10000.0
10235,10000.0
10236,10000.0
10237,10000.0
10238,10000.0
10239,10000.0
10240,10000.0
10241,10000.0
10242,10000.0
10243,10000.0
10244,10000.0
10245,10000.0
10246,10000.0
10247,10000.0
10248,10000.0
10249,10000.0
10250,10000.0
10251,10000.0
10252,10000.0
10253,10000.0
10254,10000.0
10255,10000.0
10256,10000.0
10257,10000.0
10258,10000.0
10259,10000.0
10260,10000.0
10261,10000.0
10262,10000.0
10263,10000.0
10264,10000.0
10265,10000.0
10266,10000.0
10267,10000.0
10268,10000.0
10269,10000.0
10270,10000.0
10271,10000.0
10272,10000.0
10273,10000.0
10274,10000.0
10275,10000.0
10276,10000.0
10277,10000.0
10278,10000.0
10279,10000.0
10280,10000.0
10281,10000.0
10282,10000.0
10283,10000.0
10284,10000.0
10285,10000.0
10286,10000.0
10287,10000.0
10288,10000.0
10289,10000.0
10290,10000.0
10291,10000.0
10292,10000.0
10293,10000.0
10294,10000.0
10295,10000.0
10296,10000.0
10297,10000.0
10298,10000.0
10299,10000.0
10300,10000.0
10301,10000.0
10302,10000.0
10303,10000.0
10304,10000.0
10305,10000.0
10306,10000.0
10307,10000.0
10308,10000.0
10309,10000.0
10310,10000.0
10311,10000.0
10312,10000.0
10313,10000.0
10314,10000.0
10315,10000.0
10316,10000.0
10317,10000.0
10318,10000.0
10319,10000.0
10320,10000.0
10321,10000.0
10322,10000.0
10323,10000.0
10324,10000.0
10325,10000.0
10326,10000.0
10327,10000.0
10328,10000.0
10329,10000.0
10330,10000.0
10331,10000.0
10332,10000.0
10333,10000.0
10334,10000.0
10335,10000.0
10336,10000.0
10337,10000.0
10338,10000.0
10339,10000.0
10340,10000.0
10341,10000.0
10342,10000.0
10343,10000.0
10344,10000.0
10345,10000.0
10346,10000.0
10347,10000.0
10348,10000.0
10349,10000.0
10350,10000.0
10351,10000.0
10352,10000.0
10353,10000.0
10354,10000.0
10355,10000.0
10356,10000.0
10357,10000.0
10358,10000.0
10359,10000.0
10360,10000.0
10361,10000.0
10362,10000.0
10363,10000.0
10364,10000.0
10365,10000.0
10366,10000.0
10367,10000.0
10368,10000.0
10369,10000.0
10370,10000.0
10371,10000.0
10372,10000.0
10373,10000.0
10374,10000.0
10375,10000.0
10376,10000.0
10377,10000.0
10378,10000.0
10379,10000.0
10380,10000.0
10381,10000.0
10382,10000.0
10383,10000.0
10384,10000.0
10385,10000.0
10386,10000.0
10387,10000.0
10388,10000.0
10389,10000.0
10390,10000.0
10391,10000.0
10392,10000.0
10393,10000.0
10394,10000.0
10395,10000.0
10396,10000.0
10397,10000.0
10398,10000.0
10399,10000.0
10400,10000.0
10401,10000.0
10402,10000.0
10403,10000.0
10404,10000.0
10405,10000.0
10406,10000.0
10407,10000.0
10408,10000.0
10409,10000.0
10410,10000.0
10411,10000.0
10412,10000.0
10413,10000.0
10414,10000.0
10415,10000.0
10416,10000.0
10417,10000.0
10418,10000.0
10419,10000.0
10420,10000.0
10421,10000.0
10422,10000.0
10423,10000.0
10424,10000.0
10425,10000.0
10426,10000.0
10427,10000.0
10428,10000.0
10429,10000.0
10430,10000.0
10431,10000.0
10432,10000.0
10433,10000.0
10434,10000.0
10435,10000.0
10436,10000.0
10437,10000.0
10438,10000.0
10439,10000.0
10440,10000.0
10441,10000.0
10442,10000.0
10443,10000.0
10444,10000.0
10445,10000.0
10446,10000.0
10447,10000.0
10448,10000.0
10449,10000.0
10450,10000.0
10451,10000.0
10452,10000.0
10453,10000.0
10454,10000.0
10455,10000.0
10456,10000.0
10457,10000.0
10458,10000.0
10459,10000.0
10460,10000.0
10461,10000.0
10462,10000.0
10463,10000.0
10464,10000.0
10465,10000.0
10466,10000.0
10467,10000.0
10468,10000.0
10469,10000.0
10470,10000.0
10471,10000.0
10472,10000.0
10473,10000.0
10474,10000.0
10475,10000.0
10476,10000.0
10477,10000.0
10478,10000.0
10479,10000.0
10480,10000.0
10481,10000.0
10482,10000.0
10483,10000.0
10484,10000.0
10485,10000.0
10486,10000.0
10487,10000.0
10488,10000.0
10489,10000.0
10490,10000.0
10491,10000.0
10492,10000.0
10493,10000.0
10494,10000.0
10495,10000.0
10496,10000.0
10497,10000.0
10498,10000.0
10499,10000.0
10500,10000.0
10501,10000.0
10502,10000.0
10503,10000.0
10504,10000.0
10505,10000.0
10506,10000.0
10507,10000.0
10508,10000.0
10509,10000.0
10510,10000.0
10511,10000.0
10512,10000.0
10513,10000.0
10514,10000.0
10515,10000.0
10516,10000.0
10517,10000.0
10518,10000.0
10519,10000.0
10520,10000.0
10521,10000.0
10522,10000.0
10523,10000.0
10524,10000.0
10525,10000.0
10526,10000.0
10527,10000.0
10528,10000.0
10529,10000.0
10530,10000.0
10531,10000.0
10532,10000.0
10533,10000.0
10534,10000.0
10535,10000.0
10536,10000.0
10537,10000.0
10538,10000.0
10539,10000.0
10540,10000.0
10541,10000.0
10542,10000.0
10543,10000.0
10544,10000.0
10545,10000.0
10546,10000.0
10547,10000.0
10548,10000.0
10549,10000.0
10550,10000.0
10551,10000.0
10552,10000.0
10553,10000.0
10554,10000.0
10555,10000.0
10556,10000.0
10557,10000.0
10558,10000.0
10559,10000.0
10560,10000.0
10561,10000.0
10562,10000.0
10563,10000.0
10564,10000.0
10565,10000.0
10566,10000.0
10567,10000.0
10568,10000.0
10569,10000.0
10570,10000.0
10571,10000.0
10572,10000.0
10573,10000.0
10574,10000.0
10575,10000.0
10576,10000.0
10577,10000.0
10578,10000.0
10579,10000.0
10580,10000.0
10581,10000.0
10582,10000.0
10583,10000.0
10584,10000.0
10585,10000.0
10586,10000.0
10587,10000.0
10588,10000.0
10589,10000.0
10590,10000.0
10591,10000.0
10592,10000.0
10593,10000.0
10594,10000.0
10595,10000.0
10596,10000.0
10597,10000.0
10598,10000.0
10599,10000.0
10600,10000.0
10601,10000.0
10602,10000.0
10603,10000.0
10604,10000.0
10605,10000.0
10606,10000.0
10607,10000.0
10608,10000.0
10609,10000.0
10610,10000.0
10611,10000.0
10612,10000.0
10613,10000.0
10614,10000.0
10615,10000.0
10616,10000.0
10617,10000.0
10618,10000.0
10619,10000.0
10620,10000.0
10621,10000.0
10622,10000.0
10623,10000.0
10624,10000.0
10625,10000.0
10626,10000.0
10627,10000.0
10628,10000.0
10629,10000.0
10630,10000.0
10631,10000.0
10632,10000.0
10633,10000.0
10634,10000.0
10635,10000.0
10636,10000.0
10637,10000.0
10638,10000.0
10639,10000.0
10640,10000.0
10641,10000.0
10642,10000.0
10643,10000.0
10644,10000.0
10645,10000.0
10646,10000.0
10647,10000.0
10648,10000.0
10649,10000.0
10650,10000.0
10651,10000.0
10652,10000.0
10653,10000.0
10654,10000.0
10655,10000.0
10656,10000.0
10657,10000.0
10658,10000.0
10659,10000.0
10660,10000.0
10661,10000.0
10662,10000.0
10663,10000.0
10664,10000.0
10665,10000.0
10666,10000.0
10667,10000.0
10668,10000.0
10669,10000.0
10670,10000.0
10671,10000.0
10672,10000.0
10673,10000.0
10674,10000.0
10675,10000.0
10676,10000.0
10677,10000.0
10678,10000.0
10679,10000.0
10680,10000.0
10681,10000.0
10682,10000.0
10683,10000.0
10684,10000.0
10685,10000.0
10686,10000.0
10687,10000.0
10688,10000.0
10689,10000.0
10690,10000.0
10691,10000.0
10692,10000.0
10693,10000.0
10694,10000.0
10695,10000.0
10696,10000.0
10697,10000.0
10698,10000.0
10699,10000.0
10700,10000.0
10701,10000.0
10702,10000.0
10703,10000.0
10704,10000.0
10705,10000.0
10706,10000.0
10707,10000.0
10708,10000.0
10709,10000.0
10710,10000.0
10711,10000.0
10712,10000.0
10713,10000.0
10714,10000.0
10715,10000.0
10716,10000.0
10717,10000.0
10718,10000.0
10719,10000.0
10720,10000.0
10721,10000.0
10722,10000.0
10723,10000.0
10724,10000.0
10725,10000.0
10726,10000.0
10727,10000.0
10728,10000.0
10729,10000.0
10730,10000.0
10731,10000.0
10732,10000.0
10733,10000.0
10734,10000.0
10735,10000.0
10736,10000.0
10737,10000.0
10738,10000.0
10739,10000.0
10740,10000.0
10741,10000.0
10742,10000.0
10743,10000.0
10744,10000.0
10745,10000.0
10746,10000.0
10747,10000.0
10748,10000.0
10749,10000.0
10750,10000.0
10751,10000.0
10752,10000.0
10753,10000.0
10754,10000.0
10755,10000.0
10756,10000.0
10757,10000.0
10758,10000.0
10759,10000.0
10760,10000.0
10761,10000.0
10762,10000.0
10763,10000.0
10764,10000.0
10765,10000.0
10766,10000.0
10767,10000.0
10768,10000.0
10769,10000.0
10770,10000.0
10771,10000.0
10772,10000.0
10773,10000.0
10774,10000.0
10775,10000.0
10776,10000.0
10777,10000.0
10778,10000.0
10779,10000.0
10780,10000.0
10781,10000.0
10782,10000.0
10783,10000.0
10784,10000.0
10785,10000.0
10786,10000.0
10787,10000.0
10788,10000.0
10789,10000.0
10790,10000.0
10791,10000.0
10792,10000.0
10793,10000.0
10794,10000.0
10795,10000.0
10796,10000.0
10797,10000.0
10798,10000.0
10799,10000.0
10800,10000.0
0,10000.0
1,10000.0
2,10000.0
3,10000.0
4,10000.0
5,10000.0
6,10000.0
7,10000.0
8,10000.0
9,10000.0
10,10000.0
11,10000.0
12,10000.0
13,10000.0
14,10000.0
15,10000.0
16,10000.0
17,10000.0
18,10000.0
19,10000.0
20,10000.0
21,10000.0
22,10000.0
23,10000.0
24,10000.0
25,10000.0
26,10000.0
27,10000.0
28,10000.0
29,10000.0
30,10000.0
31,10000.0
32,10000.0
33,10000.0
34,10000.0
35,10000.0
36,10000.0
37,10000.0
38,10000.0
39,10000.0
40,10000.0
41,10000.0
42,10000.0
43,10000.0
44,10000.0
45,10000.0
46,10000.0
47,10000.0
48,10000.0
49,10000.0
50,10000.0
51,10000.0
52,10000.0
53,10000.0
54,10000.0
55,10000.0
56,10000.0
57,10000.0
58,10000.0
59,10000.0
60,10000.0
61,10000.0
62,10000.0
63,10000.0
64,10000.0
65,10000.0
66,10000.0
67,10000.0
68,10000.0
69,10000.0
70,10000.0
71,10000.0
72,10000.0
73,10000.0
74,10000.0
75,10000.0
76,10000.0
77,10000.0
78,10000.0
79,10000.0
80,10000.0
81,10000.0
82,10000.0
83,10000.0
84,10000.0
85,10000.0
86,10000.0
87,10000.0
88,10000.0
89,10000.0
90,10000.0
91,10000.0
92,10000.0
93,10000.0
94,10000.0
95,10000.0
96,10000.0
97,10000.0
98,10000.0
99,10000.0
100,10000.0
101,10000.0
102,10000.0
103,10000.0
104,10000.0
105,10000.0
106,10000.0
107,10000.0
108,10000.0
109,10000.0
110,10000.0
111,10000.0
112,10000.0
113,10000.0
114,10000.0
115,10000.0
116,10000.0
117,10000.0
118,10000.0
119,10000.0
120,10000.0
121,10000.0
122,10000.0
123,10000.0
124,10000.0
125,10000.0
126,10000.0
127,10000.0
128,10000.0
129,10000.0
130,10000.0
131,10000.0
132,10000.0
133,10000.0
134,10000.0
135,10000.0
136,10000.0
137,10000.0
138,10000.0
139,10000.0
140,10000.0
141,10000.0
142,10000.0
143,10000.0
144,10000.0
145,10000.0
146,10000.0
147,10000.0
148,10000.0
149,10000.0
150,10000.0
151,10000.0
152,10000.0
153,10000.0
154,10000.0
155,10000.0
156,10000.0
157,10000.0
158,10000.0
159,10000.0
160,10000.0
161,10000.0
162,10000.0
163,10000.0
164,10000.0
165,10000.0
166,10000.0
167,10000.0
168,10000.0
169,10000.0
170,10000.0
171,10000.0
172,10000.0
173,10000.0
174,10000.0
175,10000.0
176,10000.0
177,10000.0
178,10000.0
179,10000.0
180,10000.0
181,10000.0
182,10000.0
183,10000.0
184,10000.0
185,10000.0
186,10000.0
187,10000.0
188,10000.0
189,10000.0
190,10000.0
191,10000.0
192,10000.0
193,10000.0
194,10000.0
195,10000.0
196,10000.0
197,10000.0
198,10000.0
199,10000.0
200,10000.0
201,10000.0
202,10000.0
203,10000.0
204,10000.0
205,10000.0
206,10000.0
207,10000.0
208,10000.0
209,10000.0
210,10000.0
211,10000.0
212,10000.0
213,10000.0
214,10000.0
215,10000.0
216,10000.0
217,10000.0
218,10000.0
219,10000.0
220,10000.0
221,10000.0
222,10000.0
223,10000.0
224,10000.0
225,10000.0
226,10000.0
227,10000.0
228,10000.0
229,10000.0
230,10000.0
231,10000.0
232,10000.0
233,10000.0
234,10000.0
235,10000.0
236,10000.0
237,10000.0
238,10000.0
239,10000.0
240,10000.0
241,10000.0
242,10000.0
243,10000.0
244,10000.0
245,10000.0
246,10000.0
247,10000.0
248,10000.0
249,10000.0
250,10000.0
251,10000.0
252,10000.0
253,10000.0
254,10000.0
255,10000.0
256,10000.0
257,10000.0
258,10000.0
259,10000.0
260,10000.0
261,10000.0
262,10000.0
263,10000.0
264,10000.0
265,10000.0
266,10000.0
267,10000.0
268,10000.0
269,10000.0
270,10000.0
271,10000.0
272,10000.0
273,10000.0
274,10000.0
275,10000.0
276,10000.0
277,10000.0
278,10000.0
279,10000.0
280,10000.0
281,10000.0
282,10000.0
283,10000.0
284,10000.0
285,10000.0
286,10000.0
287,10000.0
288,10000.0
289,10000.0
290,10000.0
291,10000.0
292,10000.0
293,10000.0
294,10000.0
295,10000.0
296,10000.0
297,10000.0
298,10000.0
299,10000.0
300,10000.0
301,10000.0
302,10000.0
303,10000.0
304,10000.0
305,10000.0
306,10000.0
307,10000.0
308,10000.0
309,10000.0
310,10000.0
311,10000.0
312,10000.0
313,10000.0
314,10000.0
315,10000.0
316,10000.0
317,10000.0
318,10000.0
319,10000.0
320,10000.0
321,10000.0
322,10000.0
323,10000.0
324,10000.0
325,10000.0
326,10000.0
327,10000.0
328,10000.0
329,10000.0
330,10000.0
331,10000.0
332,10000.0
333,10000.0
334,10000.0
335,10000.0
336,10000.0
337,10000.0
338,10000.0
339,10000.0
340,10000.0
341,10000.0
342,10000.0
343,10000.0
344,10000.0
345,10000.0
346,10000.0
347,10000.0
348,10000.0
349,10000.0
350,10000.0
351,10000.0
352,10000.0
353,10000.0
354,10000.0
355,10000.0
356,10000.0
357,10000.0
358,10000.0
359,10000.0
360,10000.0
361,10000.0
362,10000.0
363,10000.0
364,10000.0
365,10000.0
366,10000.0
367,10000.0
368,10000.0
369,10000.0
370,10000.0
371,10000.0
372,10000.0
373,10000.0
374,10000.0
375,10000.0
376,10000.0
377,10000.0
378,10000.0
379,10000.0
380,10000.0
381,10000.0
382,10000.0
383,10000.0
384,10000.0
385,10000.0
386,10000.0
387,10000.0
388,10000.0
389,10000.0
390,10000.0
391,10000.0
392,10000.0
393,10000.0
394,10000.0
395,10000.0
396,10000.0
397,10000.0
398,10000.0
399,10000.0
400,10000.0
401,10000.0
402,10000.0
403,10000.0
404,10000.0
405,10000.0
406,10000.0
407,10000.0
408,10000.0
409,10000.0
410,10000.0
411,10000.0
412,10000.0
413,10000.0
414,10000.0
415,10000.0
416,10000.0
417,10000.0
418,10000.0
419,10000.0
420,10000.0
421,10000.0
422,10000.0
423,10000.0
424,10000.0
425,10000.0
426,10000.0
427,10000.0
428,10000.0
429,10000.0
430,10000.0
431,10000.0
432,10000.0
433,10000.0
434,10000.0
435,10000.0
436,10000.0
437,10000.0
438,10000.0
439,10000.0
440,10000.0
441,10000.0
442,10000.0
443,10000.0
444,10000.0
445,10000.0
446,10000.0
447,10000.0
448,10000.0
449,10000.0
450,10000.0
451,10000.0
452,10000.0
453,10000.0
454,10000.0
455,10000.0
456,10000.0
457,10000.0
458,10000.0
459,10000.0
460,10000.0
461,10000.0
462,10000.0
463,10000.0
464,10000.0
465,10000.0
466,10000.0
467,10000.0
468,10000.0
469,10000.0
470,10000.0
471,10000.0
472,10000.0
473,10000.0
474,10000.0
475,10000.0
476,10000.0
477,10000.0
478,10000.0
479,10000.0
480,10000.0
481,10000.0
482,10000.0
483,10000.0
484,10000.0
485,10000.0
486,10000.0
487,10000.0
488,10000.0
489,10000.0
490,10000.0
491,10000.0
492,10000.0
493,10000.0
494,10000.0
495,10000.0
496,10000.0
497,10000.0
498,10000.0
499,10000.0
500,10000.0
501,10000.0
502,10000.0
503,10000.0
504,10000.0
505,10000.0
506,10000.0
507,10000.0
508,10000.0
509,10000.0
510,10000.0
511,10000.0
512,10000.0
513,10000.0
514,10000.0
515,10000.0
516,10000.0
517,10000.0
518,10000.0
519,10000.0
520,10000.0
521,10000.0
522,10000.0
523,10000.0
524,10000.0
525,10000.0
526,10000.0
527,10000.0
528,10000.0
529,10000.0
530,10000.0
531,10000.0
532,10000.0
533,10000.0
534,10000.0
535,10000.0
536,10000.0
537,10000.0
538,10000.0
539,10000.0
540,10000.0
541,10000.0
542,10000.0
543,10000.0
544,10000.0
545,10000.0
546,10000.0
547,10000.0
548,10000.0
549,10000.0
550,10000.0
551,10000.0
552,10000.0
553,10000.0
554,10000.0
555,10000.0
556,10000.0
557,10000.0
558,10000.0
559,10000.0
560,10000.0
561,10000.0
562,10000.0
563,10000.0
564,10000.0
565,10000.0
566,10000.0
567,10000.0
568,10000.0
569,10000.0
570,10000.0
571,10000.0
572,10000.0
573,10000.0
574,10000.0
575,10000.0
576,10000.0
577,10000.0
578,10000.0
579,10000.0
580,10000.0
581,10000.0
582,10000.0
583,10000.0
584,10000.0
585,10000.0
586,10000.0
587,10000.0
588,10000.0
589,10000.0
590,10000.0
591,10000.0
592,10000.0
593,10000.0
594,10000.0
595,10000.0
596,10000.0
597,10000.0
598,10000.0
599,10000.0
600,10000.0
601,10000.0
602,10000.0
603,10000.0
604,10000.0
605,10000.0
606,10000.0
607,10000.0
608,10000.0
609,10000.0
610,10000.0
611,10000.0
612,10000.0
613,10000.0
614,10000.0
615,10000.0
616,10000.0
617,10000.0
618,10000.0
619,10000.0
620,10000.0
621,10000.0
622,10000.0
623,10000.0
624,10000.0
625,10000.0
626,10000.0
627,10000.0
628,10000.0
629,10000.0
630,10000.0
631,10000.0
632,10000.0
633,10000.0
634,10000.0
635,10000.0
636,10000.0
637,10000.0
638,10000.0
639,10000.0
640,10000.0
641,10000.0
642,10000.0
643,10000.0
644,10000.0
645,10000.0
646,10000.0
647,10000.0
648,10000.0
649,10000.0
650,10000.0
651,10000.0
652,10000.0
653,10000.0
654,10000.0
655,10000.0
656,10000.0
657,10000.0
658,10000.0
659,10000.0
660,10000.0
661,10000.0
662,10000.0
663,10000.0
664,10000.0
665,10000.0
666,10000.0
667,10000.0
668,10000.0
669,10000.0
670,10000.0
671,10000.0
672,10000.0
673,10000.0
674,10000.0
675,10000.0
676,10000.0
677,10000.0
678,10000.0
679,10000.0
680,10000.0
681,10000.0
682,10000.0
683,10000.0
684,10000.0
685,10000.0
686,10000.0
687,10000.0
688,10000.0
689,10000.0
690,10000.0
691,10000.0
692,10000.0
693,10000.0
694,10000.0
695,10000.0
696,10000.0
697,10000.0
698,10000.0
699,10000.0
700,10000.0
701,10000.0
702,10000.0
703,10000.0
704,10000.0
705,10000.0
706,10000.0
707,10000.0
708,10000.0
709,10000.0
710,10000.0
711,10000.0
712,10000.0
713,10000.0
714,10000.0
715,10000.0
716,10000.0
717,10000.0
718,10000.0
719,10000.0
720,10000.0
721,10000.0
722,10000.0
723,10000.0
724,10000.0
725,10000.0
726,10000.0
727,10000.0
728,10000.0
729,10000.0
730,10000.0
731,10000.0
732,10000.0
733,10000.0
734,10000.0
735,10000.0
736,10000.0
737,10000.0
738,10000.0
739,10000.0
740,10000.0
741,10000.0
742,10000.0
743,10000.0
744,10000.0
745,10000.0
746,10000.0
747,10000.0
748,10000.0
749,10000.0
750,10000.0
751,10000.0
752,10000.0
753,10000.0
754,10000.0
755,10000.0
756,10000.0
757,10000.0
758,10000.0
759,10000.0
760,10000.0
761,10000.0
762,10000.0
763,10000.0
764,10000.0
765,10000.0
766,10000.0
767,10000.0
768,10000.0
769,10000.0
770,10000.0
771,10000.0
772,10000.0
773,10000.0
774,10000.0
775,10000.0
776,10000.0
777,10000.0
778,10000.0
779,10000.0
780,10000.0
781,10000.0
782,10000.0
783,10000.0
784,10000.0
785,10000.0
786,10000.0
787,10000.0
788,10000.0
789,10000.0
790,10000.0
791,10000.0
792,10000.0
793,10000.0
794,10000.0
795,10000.0
796,10000.0
797,10000.0
798,10000.0
799,10000.0
800,10000.0
801,10000.0
802,10000.0
803,10000.0
804,10000.0
805,10000.0
806,10000.0
807,10000.0
808,10000.0
809,10000.0
810,10000.0
811,10000.0
812,10000.0
813,10000.0
814,10000.0
815,10000.0
816,10000.0
817,10000.0
818,10000.0
819,10000.0
820,10000.0
821,10000.0
822,10000.0
823,10000.0
824,10000.0
825,10000.0
826,10000.0
827,10000.0
828,10000.0
829,10000.0
830,10000.0
831,10000.0
832,10000.0
833,10000.0
834,10000.0
835,10000.0
836,10000.0
837,10000.0
838,10000.0
839,10000.0
840,10000.0
841,10000.0
842,10000.0
843,10000.0
844,10000.0
845,10000.0
846,10000.0
847,10000.0
848,10000.0
849,10000.0
850,10000.0
851,10000.0
852,10000.0
853,10000.0
854,10000.0
855,10000.0
856,10000.0
857,10000.0
858,10000.0
859,10000.0
860,10000.0
861,10000.0
862,10000.0
863,10000.0
864,10000.0
865,10000.0
866,10000.0
867,10000.0
868,10000.0
869,10000.0
870,10000.0
871,10000.0
872,10000.0
873,10000.0
874,10000.0
875,10000.0
876,10000.0
877,10000.0
878,10000.0
879,10000.0
880,10000.0
881,10000.0
882,10000.0
883,10000.0
884,10000.0
885,10000.0
886,10000.0
887,10000.0
888,10000.0
889,10000.0
890,10000.0
891,10000.0
892,10000.0
893,10000.0
894,10000.0
895,10000.0
896,10000.0
897,10000.0
898,10000.0
899,10000.0
900,10000.0
901,10000.0
902,10000.0
903,10000.0
904,10000.0
905,10000.0
906,10000.0
907,10000.0
908,10000.0
909,10000.0
910,10000.0
911,10000.0
912,10000.0
913,10000.0
914,10000.0
915,10000.0
916,10000.0
917,10000.0
918,10000.0
919,10000.0
920,10000.0
921,10000.0
922,10000.0
923,10000.0
924,10000.0
925,10000.0
926,10000.0
927,10000.0
928,10000.0
929,10000.0
930,10000.0
931,10000.0
932,10000.0
933,10000.0
934,10000.0
935,10000.0
936,10000.0
937,10000.0
938,10000.0
939,10000.0
940,10000.0
941,10000.0
942,10000.0
943,10000.0
944,10000.0
945,10000.0
946,10000.0
947,10000.0
948,10000.0
949,10000.0
950,10000.0
951,10000.0
952,10000.0
953,10000.0
954,10000.0
955,10000.0
956,10000.0
957,10000.0
958,10000.0
959,10000.0
960,10000.0
961,10000.0
962,10000.0
963,10000.0
964,10000.0
965,10000.0
966,10000.0
967,10000.0
968,10000.0
969,10000.0
970,10000.0
971,10000.0
972,10000.0
973,10000.0
974,10000.0
975,10000.0
976,10000.0
977,10000.0
978,10000.0
979,10000.0
980,10000.0
981,10000.0
982,10000.0
983,10000.0
984,10000.0
985,10000.0
986,10000.0
987,10000.0
988,10000.0
989,10000.0
990,10000.0
991,10000.0
992,10000.0
993,10000.0
994,10000.0
995,10000.0
996,10000.0
997,10000.0
998,10000.0
999,10000.0
1000,10000.0
1001,10000.0
1002,10000.0
1003,10000.0
1004,10000.0
1005,10000.0
1006,10000.0
1007,10000.0
1008,10000.0
1009,10000.0
1010,10000.0
1011,10000.0
1012,10000.0
1013,10000.0
1014,10000.0
1015,10000.0
1016,10000.0
1017,10000.0
1018,10000.0
1019,10000.0
1020,10000.0
1021,10000.0
1022,10000.0
1023,10000.0
1024,10000.0
1025,10000.0
1026,10000.0
1027,10000.0
1028,10000.0
1029,10000.0
1030,10000.0
1031,10000.0
1032,10000.0
1033,10000.0
1034,10000.0
1035,10000.0
1036,10000.0
1037,10000.0
1038,10000.0
1039,10000.0
1040,10000.0
1041,10000.0
1042,10000.0
1043,10000.0
1044,10000.0
1045,10000.0
1046,10000.0
1047,10000.0
1048,10000.0
1049,10000.0
1050,10000.0
1051,10000.0
1052,10000.0
1053,10000.0
1054,10000.0
1055,10000.0
1056,10000.0
1057,10000.0
1058,10000.0
1059,10000.0
1060,10000.0
1061,10000.0
1062,10000.0
1063,10000.0
1064,10000.0
1065,10000.0
1066,10000.0
1067,10000.0
1068,10000.0
1069,10000.0
1070,10000.0
1071,10000.0
1072,10000.0
1073,10000.0
1074,10000.0
1075,10000.0
1076,10000.0
1077,10000.0
1078,10000.0
1079,10000.0
1080,10000.0
1081,10000.0
1082,10000.0
1083,10000.0
1084,10000.0
1085,10000.0
1086,10000.0
1087,10000.0
1088,10000.0
1089,10000.0
1090,10000.0
1091,10000.0
1092,10000.0
1093,10000.0
1094,10000.0
1095,10000.0
1096,10000.0
1097,10000.0
1098,10000.0
1099,10000.0
1100,10000.0
1101,10000.0
1102,10000.0
1103,10000.0
1104,10000.0
1105,10000.0
1106,10000.0
1107,10000.0
1108,10000.0
1109,10000.0
1110,10000.0
1111,10000.0
1112,10000.0
1113,10000.0
1114,10000.0
1115,10000.0
1116,10000.0
1117,10000.0
1118,10000.0
1119,10000.0
1120,10000.0
1121,10000.0
1122,10000.0
1123,10000.0
1124,10000.0
1125,10000.0
1126,10000.0
1127,10000.0
1128,10000.0
1129,10000.0
1130,10000.0
1131,10000.0
1132,10000.0
1133,10000.0
1134,10000.0
1135,10000.0
1136,10000.0
1137,10000.0
1138,10000.0
1139,10000.0
1140,10000.0
1141,10000.0
1142,10000.0
1143,10000.0
1144,10000.0
1145,10000.0
1146,10000.0
1147,10000.0
1148,10000.0
1149,10000.0
1150,10000.0
1151,10000.0
1152,10000.0
1153,10000.0
1154,10000.0
1155,10000.0
1156,10000.0
1157,10000.0
1158,10000.0
1159,10000.0
1160,10000.0
1161,10000.0
1162,10000.0
1163,10000.0
1164,10000.0
1165,10000.0
1166,10000.0
1167,10000.0
1168,10000.0
1169,10000.0
1170,10000.0
1171,10000.0
1172,10000.0
1173,10000.0
1174,10000.0
1175,10000.0
1176,10000.0
1177,10000.0
1178,10000.0
1179,10000.0
1180,10000.0
1181,10000.0
1182,10000.0
1183,10000.0
1184,10000.0
1185,10000.0
1186,10000.0
1187,10000.0
1188,10000.0
1189,10000.0
1190,10000.0
1191,10000.0
1192,10000.0
1193,10000.0
1194,10000.0
1195,10000.0
1196,10000.0
1197,10000.0
1198,10000.0
1199,10000.0
1200,10000.0
1201,10000.0
1202,10000.0
1203,10000.0
1204,10000.0
1205,10000.0
1206,10000.0
1207,10000.0
1208,10000.0
1209,10000.0
1210,10000.0
1211,10000.0
1212,10000.0
1213,10000.0
1214,10000.0
1215,10000.0
1216,10000.0
1217,10000.0
1218,10000.0
1219,10000.0
1220,10000.0
1221,10000.0
1222,10000.0
1223,10000.0
1224,10000.0
1225,10000.0
1226,10000.0
1227,10000.0
1228,10000.0
1229,10000.0
1230,10000.0
1231,10000.0
1232,10000.0
1233,10000.0
1234,10000.0
1235,10000.0
1236,10000.0
1237,10000.0
1238,10000.0
1239,10000.0
1240,10000.0
1241,10000.0
1242,10000.0
1243,10000.0
1244,10000.0
1245,10000.0
1246,10000.0
1247,10000.0
1248,10000.0
1249,10000.0
1250,10000.0
1251,10000.0
1252,10000.0
1253,10000.0
1254,10000.0
1255,10000.0
1256,10000.0
1257,10000.0
1258,10000.0
1259,10000.0
1260,10000.0
1261,10000.0
1262,10000.0
1263,10000.0
1264,10000.0
1265,10000.0
1266,10000.0
1267,10000.0
1268,10000.0
1269,10000.0
1270,10000.0
1271,10000.0
1272,10000.0
1273,10000.0
1274,10000.0
1275,10000.0
1276,10000.0
1277,10000.0
1278,10000.0
1279,10000.0
1280,10000.0
1281,10000.0
1282,10000.0
1283,10000.0
1284,10000.0
1285,10000.0
1286,10000.0
1287,10000.0
1288,10000.0
1289,10000.0
1290,10000.0
1291,10000.0
1292,10000.0
1293,10000.0
1294,10000.0
1295,10000.0
1296,10000.0
1297,10000.0
1298,10000.0
1299,10000.0
1300,10000.0
1301,10000.0
1302,10000.0
1303,10000.0
1304,10000.0
1305,10000.0
1306,10000.0
1307,10000.0
1308,10000.0
1309,10000.0
1310,10000.0
1311,10000.0
1312,10000.0
1313,10000.0
1314,10000.0
1315,10000.0
1316,10000.0
1317,10000.0
1318,10000.0
1319,10000.0
1320,10000.0
1321,10000.0
1322,10000.0
1323,10000.0
1324,10000.0
1325,10000.0
1326,10000.0
1327,10000.0
1328,10000.0
1329,10000.0
1330,10000.0
1331,10000.0
1332,10000.0
1333,10000.0
1334,10000.0
1335,10000.0
1336,10000.0
1337,10000.0
1338,10000.0
1339,10000.0
1340,10000.0
1341,10000.0
1342,10000.0
1343,10000.0
1344,10000.0
1345,10000.0
1346,10000.0
1347,10000.0
1348,10000.0
1349,10000.0
1350,10000.0
1351,10000.0
1352,10000.0
1353,10000.0
1354,10000.0
1355,10000.0
1356,10000.0
1357,10000.0
1358,10000.0
1359,10000.0
1360,10000.0
1361,10000.0
1362,10000.0
1363,10000.0
1364,10000.0
1365,10000.0
1366,10000.0
1367,10000.0
1368,10000.0
1369,10000.0
1370,10000.0
1371,10000.0
1372,10000.0
1373,10000.0
1374,10000.0
1375,10000.0
1376,10000.0
1377,10000.0
1378,10000.0
1379,10000.0
1380,10000.0
1381,10000.0
1382,10000.0
1383,10000.0
1384,10000.0
1385,10000.0
1386,10000.0
1387,10000.0
1388,10000.0
1389,10000.0
1390,10000.0
1391,10000.0
1392,10000.0
1393,10000.0
1394,10000.0
1395,10000.0
1396,10000.0
1397,10000.0
1398,10000.0
1399,10000.0
1400,10000.0
1401,10000.0
1402,10000.0
1403,10000.0
1404,10000.0
1405,10000.0
1406,10000.0
1407,10000.0
1408,10000.0
1409,10000.0
1410,10000.0
1411,10000.0
1412,10000.0
1413,10000.0
1414,10000.0
1415,10000.0
1416,10000.0
1417,10000.0
1418,10000.0
1419,10000.0
1420,10000.0
1421,10000.0
1422,10000.0
1423,10000.0
1424,10000.0
1425,10000.0
1426,10000.0
1427,10000.0
1428,10000.0
1429,10000.0
1430,10000.0
1431,10000.0
1432,10000.0
1433,10000.0
1434,10000.0
1435,10000.0
1436,10000.0
1437,10000.0
1438,10000.0
1439,10000.0
1440,10000.0
1441,10000.0
1442,10000.0
1443,10000.0
1444,10000.0
1445,10000.0
1446,10000.0
1447,10000.0
1448,10000.0
1449,10000.0
1450,10000.0
1451,10000.0
1452,10000.0
1453,10000.0
1454,10000.0
1455,10000.0
1456,10000.0
1457,10000.0
1458,10000.0
1459,10000.0
1460,10000.0
1461,10000.0
1462,10000.0
1463,10000.0
1464,10000.0
1465,10000.0
1466,10000.0
1467,10000.0
1468,10000.0
1469,10000.0
1470,10000.0
1471,10000.0
1472,10000.0
1473,10000.0
1474,10000.0
1475,10000.0
1476,10000.0
1477,10000.0
1478,10000.0
1479,10000.0
1480,10000.0
1481,10000.0
1482,10000.0
1483,10000.0
1484,10000.0
1485,10000.0
1486,10000.0
1487,10000.0
1488,10000.0
1489,10000.0
1490,10000.0
1491,10000.0
1492,10000.0
1493,10000.0
1494,10000.0
1495,10000.0
1496,10000.0
1497,10000.0
1498,10000.0
1499,10000.0
1500,10000.0
1501,10000.0
1502,10000.0
1503,10000.0
1504,10000.0
1505,10000.0
1506,10000.0
1507,10000.0
1508,10000.0
1509,10000.0
1510,10000.0
1511,10000.0
1512,10000.0
1513,10000.0
1514,10000.0
1515,10000.0
1516,10000.0
1517,10000.0
1518,10000.0
1519,10000.0
1520,10000.0
1521,10000.0
1522,10000.0
1523,10000.0
1524,10000.0
1525,10000.0
1526,10000.0
1527,10000.0
1528,10000.0
1529,10000.0
1530,10000.0
1531,10000.0
1532,10000.0
1533,10000.0
1534,10000.0
1535,10000.0
1536,10000.0
1537,10000.0
1538,10000.0
1539,10000.0
1540,10000.0
1541,10000.0
1542,10000.0
1543,10000.0
1544,10000.0
1545,10000.0
1546,10000.0
1547,10000.0
1548,10000.0
1549,10000.0
1550,10000.0
1551,10000.0
1552,10000.0
1553,10000.0
1554,10000.0
1555,10000.0
1556,10000.0
1557,10000.0
1558,10000.0
1559,10000.0
1560,10000.0
1561,10000.0
1562,10000.0
1563,10000.0
1564,10000.0
1565,10000.0
1566,10000.0
1567,10000.0
1568,10000.0
1569,10000.0
1570,10000.0
1571,10000.0
1572,10000.0
1573,10000.0
1574,10000.0
1575,10000.0
1576,10000.0
1577,10000.0
1578,10000.0
1579,10000.0
1580,10000.0
1581,10000.0
1582,10000.0
1583,10000.0
1584,10000.0
1585,10000.0
1586,10000.0
1587,10000.0
1588,10000.0
1589,10000.0
1590,10000.0
1591,10000.0
1592,10000.0
1593,10000.0
1594,10000.0
1595,10000.0
1596,10000.0
1597,10000.0
1598,10000.0
1599,10000.0
1600,10000.0
1601,10000.0
1602,10000.0
1603,10000.0
1604,10000.0
1605,10000.0
1606,10000.0
1607,10000.0
1608,10000.0
1609,10000.0
1610,10000.0
1611,10000.0
1612,10000.0
1613,10000.0
1614,10000.0
1615,10000.0
1616,10000.0
1617,10000.0
1618,10000.0
1619,10000.0
1620,10000.0
1621,10000.0
1622,10000.0
1623,10000.0
1624,10000.0
1625,10000.0
1626,10000.0
1627,10000.0
1628,10000.0
1629,10000.0
1630,10000.0
1631,10000.0
1632,10000.0
1633,10000.0
1634,10000.0
1635,10000.0
1636,10000.0
1637,10000.0
1638,10000.0
1639,10000.0
1640,10000.0
1641,10000.0
1642,10000.0
1643,10000.0
1644,10000.0
1645,10000.0
1646,10000.0
1647,10000.0
1648,10000.0
1649,10000.0
1650,10000.0
1651,10000.0
1652,10000.0
1653,10000.0
1654,10000.0
1655,10000.0
1656,10000.0
1657,10000.0
1658,10000.0
1659,10000.0
1660,10000.0
1661,10000.0
1662,10000.0
1663,10000.0
1664,10000.0
1665,10000.0
1666,10000.0
1667,10000.0
1668,10000.0
1669,10000.0
1670,10000.0
1671,10000.0
1672,10000.0
1673,10000.0
1674,10000.0
1675,10000.0
1676,10000.0
1677,10000.0
1678,10000.0
1679,10000.0
1680,10000.0
1681,10000.0
1682,10000.0
1683,10000.0
1684,10000.0
1685,10000.0
1686,10000.0
1687,10000.0
1688,10000.0
1689,10000.0
1690,10000.0
1691,10000.0
1692,10000.0
1693,10000.0
1694,10000.0
1695,10000.0
1696,10000.0
1697,10000.0
1698,10000.0
1699,10000.0
1700,10000.0
1701,10000.0
1702,10000.0
1703,10000.0
1704,10000.0
1705,10000.0
1706,10000.0
1707,10000.0
1708,10000.0
1709,10000.0
1710,10000.0
1711,10000.0
1712,10000.0
1713,10000.0
1714,10000.0
1715,10000.0
1716,10000.0
1717,10000.0
1718,10000.0
1719,10000.0
1720,10000.0
1721,10000.0
1722,10000.0
1723,10000.0
1724,10000.0
1725,10000.0
1726,10000.0
1727,10000.0
1728,10000.0
1729,10000.0
1730,10000.0
1731,10000.0
1732,10000.0
1733,10000.0
1734,10000.0
1735,10000.0
1736,10000.0
1737,10000.0
1738,10000.0
1739,10000.0
1740,10000.0
1741,10000.0
1742,10000.0
1743,10000.0
1744,10000.0
1745,10000.0
1746,10000.0
1747,10000.0
1748,10000.0
1749,10000.0
1750,10000.0
1751,10000.0
1752,10000.0
1753,10000.0
1754,10000.0
1755,10000.0
1756,10000.0
1757,10000.0
1758,10000.0
1759,10000.0
1760,10000.0
1761,10000.0
1762,10000.0
1763,10000.0
1764,10000.0
1765,10000.0
1766,10000.0
1767,10000.0
1768,10000.0
1769,10000.0
1770,10000.0
1771,10000.0
1772,10000.0
1773,10000.0
1774,10000.0
1775,10000.0
1776,10000.0
1777,10000.0
1778,10000.0
1779,10000.0
1780,10000.0
1781,10000.0
1782,10000.0
1783,10000.0
1784,10000.0
1785,10000.0
1786,10000.0
1787,10000.0
1788,10000.0
1789,10000.0
1790,10000.0
1791,10000.0
1792,10000.0
1793,10000.0
1794,10000.0
1795,10000.0
1796,10000.0
1797,10000.0
1798,10000.0
1799,10000.0
1800,10000.0
1801,10000.0
1802,10000.0
1803,10000.0
1804,10000.0
1805,10000.0
1806,10000.0
1807,10000.0
1808,10000.0
1809,10000.0
1810,10000.0
1811,10000.0
1812,10000.0
1813,10000.0
1814,10000.0
1815,10000.0
1816,10000.0
1817,10000.0
1818,10000.0
1819,10000.0
1820,10000.0
1821,10000.0
1822,10000.0
1823,10000.0
1824,10000.0
1825,10000.0
1826,10000.0
1827,10000.0
1828,10000.0
1829,10000.0
1830,10000.0
1831,10000.0
1832,10000.0
1833,10000.0
1834,10000.0
1835,10000.0
1836,10000.0
1837,10000.0
1838,10000.0
1839,10000.0
1840,10000.0
1841,10000.0
1842,10000.0
1843,10000.0
1844,10000.0
1845,10000.0
1846,10000.0
1847,10000.0
1848,10000.0
1849,10000.0
1850,10000.0
1851,10000.0
1852,10000.0
1853,10000.0
1854,10000.0
1855,10000.0
1856,10000.0
1857,10000.0
1858,10000.0
1859,10000.0
1860,10000.0
1861,10000.0
1862,10000.0
1863,10000.0
1864,10000.0
1865,10000.0
1866,10000.0
1867,10000.0
1868,10000.0
1869,10000.0
1870,10000.0
1871,10000.0
1872,10000.0
1873,10000.0
1874,10000.0
1875,10000.0
1876,10000.0
1877,10000.0
1878,10000.0
1879,10000.0
1880,10000.0
1881,10000.0
1882,10000.0
1883,10000.0
1884,10000.0
1885,10000.0
1886,10000.0
1887,10000.0
1888,10000.0
1889,10000.0
1890,10000.0
1891,10000.0
1892,10000.0
1893,10000.0
1894,10000.0
1895,10000.0
1896,10000.0
1897,10000.0
1898,10000.0
1899,10000.0
1900,10000.0
1901,10000.0
1902,10000.0
1903,10000.0
1904,10000.0
1905,10000.0
1906,10000.0
1907,10000.0
1908,10000.0
1909,10000.0
1910,10000.0
1911,10000.0
1912,10000.0
1913,10000.0
1914,10000.0
1915,10000.0
1916,10000.0
1917,10000.0
1918,10000.0
1919,10000.0
1920,10000.0
1921,10000.0
1922,10000.0
1923,10000.0
1924,10000.0
1925,10000.0
1926,10000.0
1927,10000.0
1928,10000.0
1929,10000.0
1930,10000.0
1931,10000.0
1932,10000.0
1933,10000.0
1934,10000.0
1935,10000.0
1936,10000.0
1937,10000.0
1938,10000.0
1939,10000.0
1940,10000.0
1941,10000.0
1942,10000.0
1943,10000.0
1944,10000.0
1945,10000.0
1946,10000.0
1947,10000.0
1948,10000.0
1949,10000.0
1950,10000.0
1951,10000.0
1952,10000.0
1953,10000.0
1954,10000.0
1955,10000.0
1956,10000.0
1957,10000.0
1958,10000.0
1959,10000.0
1960,10000.0
1961,10000.0
1962,10000.0
1963,10000.0
1964,10000.0
1965,10000.0
1966,10000.0
1967,10000.0
1968,10000.0
1969,10000.0
1970,10000.0
1971,10000.0
1972,10000.0
1973,10000.0
1974,10000.0
1975,10000.0
1976,10000.0
1977,10000.0
1978,10000.0
1979,10000.0
1980,10000.0
1981,10000.0
1982,10000.0
1983,10000.0
1984,10000.0
1985,10000.0
1986,10000.0
1987,10000.0
1988,10000.0
1989,10000.0
1990,10000.0
1991,10000.0
1992,10000.0
1993,10000.0
1994,10000.0
1995,10000.0
1996,10000.0
1997,10000.0
1998,10000.0
1999,10000.0
2000,10000.0
2001,10000.0
2002,10000.0
2003,10000.0
2004,10000.0
2005,10000.0
2006,10000.0
2007,10000.0
2008,10000.0
2009,10000.0
2010,10000.0
2011,10000.0
2012,10000.0
2013,10000.0
2014,10000.0
2015,10000.0
2016,10000.0
2017,10000.0
2018,10000.0
2019,10000.0
2020,10000.0
2021,10000.0
2022,10000.0
2023,10000.0
2024,10000.0
2025,10000.0
2026,10000.0
2027,10000.0
2028,10000.0
2029,10000.0
2030,10000.0
2031,10000.0
2032,10000.0
2033,10000.0
2034,10000.0
2035,10000.0
2036,10000.0
2037,10000.0
2038,10000.0
2039,10000.0
2040,10000.0
2041,10000.0
2042,10000.0
2043,10000.0
2044,10000.0
2045,10000.0
2046,10000.0
2047,10000.0
2048,10000.0
2049,10000.0
2050,10000.0
2051,10000.0
2052,10000.0
2053,10000.0
2054,10000.0
2055,10000.0
2056,10000.0
2057,10000.0
2058,10000.0
2059,10000.0
2060,10000.0
2061,10000.0
2062,10000.0
2063,10000.0
2064,10000.0
2065,10000.0
2066,10000.0
2067,10000.0
2068,10000.0
2069,10000.0
2070,10000.0
2071,10000.0
2072,10000.0
2073,10000.0
2074,10000.0
2075,10000.0
2076,10000.0
2077,10000.0
2078,10000.0
2079,10000.0
2080,10000.0
2081,10000.0
2082,10000.0
2083,10000.0
2084,10000.0
2085,10000.0
2086,10000.0
2087,10000.0
2088,10000.0
2089,10000.0
2090,10000.0
2091,10000.0
2092,10000.0
2093,10000.0
2094,10000.0
2095,10000.0
2096,10000.0
2097,10000.0
2098,10000.0
2099,10000.0
2100,10000.0
2101,10000.0
2102,10000.0
2103,10000.0
2104,10000.0
2105,10000.0
2106,10000.0
2107,10000.0
2108,10000.0
2109,10000.0
2110,10000.0
2111,10000.0
2112,10000.0
2113,10000.0
2114,10000.0
2115,10000.0
2116,10000.0
2117,10000.0
2118,10000.0
2119,10000.0
2120,10000.0
2121,10000.0
2122,10000.0
2123,10000.0
2124,10000.0
2125,10000.0
2126,10000.0
2127,10000.0
2128,10000.0
2129,10000.0
2130,10000.0
2131,10000.0
2132,10000.0
2133,10000.0
2134,10000.0
2135,10000.0
2136,10000.0
2137,10000.0
2138,10000.0
2139,10000.0
2140,10000.0
2141,10000.0
2142,10000.0
2143,10000.0
2144,10000.0
2145,10000.0
2146,10000.0
2147,10000.0
2148,10000.0
2149,10000.0
2150,10000.0
2151,10000.0
2152,10000.0
2153,10000.0
2154,10000.0
2155,10000.0
2156,10000.0
2157,10000.0
2158,10000.0
2159,10000.0
2160,10000.0
2161,10000.0
2162,10000.0
2163,10000.0
2164,10000.0
2165,10000.0
2166,10000.0
2167,10000.0
2168,10000.0
2169,10000.0
2170,10000.0
2171,10000.0
2172,10000.0
2173,10000.0
2174,10000.0
2175,10000.0
2176,10000.0
2177,10000.0
2178,10000.0
2179,10000.0
2180,10000.0
2181,10000.0
2182,10000.0
2183,10000.0
2184,10000.0
2185,10000.0
2186,10000.0
2187,10000.0
2188,10000.0
2189,10000.0
2190,10000.0
2191,10000.0
2192,10000.0
2193,10000.0
2194,10000.0
2195,10000.0
2196,10000.0
2197,10000.0
2198,10000.0
2199,10000.0
2200,10000.0
2201,10000.0
2202,10000.0
2203,10000.0
2204,10000.0
2205,10000.0
2206,10000.0
2207,10000.0
2208,10000.0
2209,10000.0
2210,10000.0
2211,10000.0
2212,10000.0
2213,10000.0
2214,10000.0
2215,10000.0
2216,10000.0
2217,10000.0
2218,10000.0
2219,10000.0
2220,10000.0
2221,10000.0
2222,10000.0
2223,10000.0
2224,10000.0
2225,10000.0
2226,10000.0
2227,10000.0
2228,10000.0
2229,10000.0
2230,10000.0
2231,10000.0
2232,10000.0
2233,10000.0
2234,10000.0
2235,10000.0
2236,10000.0
2237,10000.0
2238,10000.0
2239,10000.0
2240,10000.0
2241,10000.0
2242,10000.0
2243,10000.0
2244,10000.0
2245,10000.0
2246,10000.0
2247,10000.0
2248,10000.0
2249,10000.0
2250,10000.0
2251,10000.0
2252,10000.0
2253,10000.0
2254,10000.0
2255,10000.0
2256,10000.0
2257,10000.0
2258,10000.0
2259,10000.0
2260,10000.0
2261,10000.0
2262,10000.0
2263,10000.0
2264,10000.0
2265,10000.0
2266,10000.0
2267,10000.0
2268,10000.0
2269,10000.0
2270,10000.0
2271,10000.0
2272,10000.0
2273,10000.0
2274,10000.0
2275,10000.0
2276,10000.0
2277,10000.0
2278,10000.0
2279,10000.0
2280,10000.0
2281,10000.0
2282,10000.0
2283,10000.0
2284,10000.0
2285,10000.0
2286,10000.0
2287,10000.0
2288,10000.0
2289,10000.0
2290,10000.0
2291,10000.0
2292,10000.0
2293,10000.0
2294,10000.0
2295,10000.0
2296,10000.0
2297,10000.0
2298,10000.0
2299,10000.0
2300,10000.0
2301,10000.0
2302,10000.0
2303,10000.0
2304,10000.0
2305,10000.0
2306,10000.0
2307,10000.0
2308,10000.0
2309,10000.0
2310,10000.0
2311,10000.0
2312,10000.0
2313,10000.0
2314,10000.0
2315,10000.0
2316,10000.0
2317,10000.0
2318,10000.0
2319,10000.0
2320,10000.0
2321,10000.0
2322,10000.0
2323,10000.0
2324,10000.0
2325,10000.0
2326,10000.0
2327,10000.0
2328,10000.0
2329,10000.0
2330,10000.0
2331,10000.0
2332,10000.0
2333,10000.0
2334,10000.0
2335,10000.0
2336,10000.0
2337,10000.0
2338,10000.0
2339,10000.0
2340,10000.0
2341,10000.0
2342,10000.0
2343,10000.0
2344,10000.0
2345,10000.0
2346,10000.0
2347,10000.0
2348,10000.0
2349,10000.0
2350,10000.0
2351,10000.0
2352,10000.0
2353,10000.0
2354,10000.0
2355,10000.0
2356,10000.0
2357,10000.0
2358,10000.0
2359,10000.0
2360,10000.0
2361,10000.0
2362,10000.0
2363,10000.0
2364,10000.0
2365,10000.0
2366,10000.0
2367,10000.0
2368,10000.0
2369,10000.0
2370,10000.0
2371,10000.0
2372,10000.0
2373,10000.0
2374,10000.0
2375,10000.0
2376,10000.0
2377,10000.0
2378,10000.0
2379,10000.0
2380,10000.0
2381,10000.0
2382,10000.0
2383,10000.0
2384,10000.0
2385,10000.0
2386,10000.0
2387,10000.0
2388,10000.0
2389,10000.0
2390,10000.0
2391,10000.0
2392,10000.0
2393,10000.0
2394,10000.0
2395,10000.0
2396,10000.0
2397,10000.0
2398,10000.0
2399,10000.0
2400,10000.0
2401,10000.0
2402,10000.0
2403,10000.0
2404,10000.0
2405,10000.0
2406,10000.0
2407,10000.0
2408,10000.0
2409,10000.0
2410,10000.0
2411,10000.0
2412,10000.0
2413,10000.0
2414,10000.0
2415,10000.0
2416,10000.0
2417,10000.0
2418,10000.0
2419,10000.0
2420,10000.0
2421,10000.0
2422,10000.0
2423,10000.0
2424,10000.0
2425,10000.0
2426,10000.0
2427,10000.0
2428,10000.0
2429,10000.0
2430,10000.0
2431,10000.0
2432,10000.0
2433,10000.0
2434,10000.0
2435,10000.0
2436,10000.0
2437,10000.0
2438,10000.0
2439,10000.0
2440,10000.0
2441,10000.0
2442,10000.0
2443,10000.0
2444,10000.0
2445,10000.0
2446,10000.0
2447,10000.0
2448,10000.0
2449,10000.0
2450,10000.0
2451,10000.0
2452,10000.0
2453,10000.0
2454,10000.0
2455,10000.0
2456,10000.0
2457,10000.0
2458,10000.0
2459,10000.0
2460,10000.0
2461,10000.0
2462,10000.0
2463,10000.0
2464,10000.0
2465,10000.0
2466,10000.0
2467,10000.0
2468,10000.0
2469,10000.0
2470,10000.0
2471,10000.0
2472,10000.0
2473,10000.0
2474,10000.0
2475,10000.0
2476,10000.0
2477,10000.0
2478,10000.0
2479,10000.0
2480,10000.0
2481,10000.0
2482,10000.0
2483,10000.0
2484,10000.0
2485,10000.0
2486,10000.0
2487,10000.0
2488,10000.0
2489,10000.0
2490,10000.0
2491,10000.0
2492,10000.0
2493,10000.0
2494,10000.0
2495,10000.0
2496,10000.0
2497,10000.0
2498,10000.0
2499,10000.0
2500,10000.0
2501,10000.0
2502,10000.0
2503,10000.0
2504,10000.0
2505,10000.0
2506,10000.0
2507,10000.0
2508,10000.0
2509,10000.0
2510,10000.0
2511,10000.0
2512,10000.0
2513,10000.0
2514,10000.0
2515,10000.0
2516,10000.0
2517,10000.0
2518,10000.0
2519,10000.0
2520,10000.0
2521,10000.0
2522,10000.0
2523,10000.0
2524,10000.0
2525,10000.0
2526,10000.0
2527,10000.0
2528,10000.0
2529,10000.0
2530,10000.0
2531,10000.0
2532,10000.0
2533,10000.0
2534,10000.0
2535,10000.0
2536,10000.0
2537,10000.0
2538,10000.0
2539,10000.0
2540,10000.0
2541,10000.0
2542,10000.0
2543,10000.0
2544,10000.0
2545,10000.0
2546,10000.0
2547,10000.0
2548,10000.0
2549,10000.0
2550,10000.0
2551,10000.0
2552,10000.0
2553,10000.0
2554,10000.0
2555,10000.0
2556,10000.0
2557,10000.0
2558,10000.0
2559,10000.0
2560,10000.0
2561,10000.0
2562,10000.0
2563,10000.0
2564,10000.0
2565,10000.0
2566,10000.0
2567,10000.0
2568,10000.0
2569,10000.0
2570,10000.0
2571,10000.0
2572,10000.0
2573,10000.0
2574,10000.0
2575,10000.0
2576,10000.0
2577,10000.0
2578,10000.0
2579,10000.0
2580,10000.0
2581,10000.0
2582,10000.0
2583,10000.0
2584,10000.0
2585,10000.0
2586,10000.0
2587,10000.0
2588,10000.0
2589,10000.0
2590,10000.0
2591,10000.0
2592,10000.0
2593,10000.0
2594,10000.0
2595,10000.0
2596,10000.0
2597,10000.0
2598,10000.0
2599,10000.0
2600,10000.0
2601,10000.0
2602,10000.0
2603,10000.0
2604,10000.0
2605,10000.0
2606,10000.0
2607,10000.0
2608,10000.0
2609,10000.0
2610,10000.0
2611,10000.0
2612,10000.0
2613,10000.0
2614,10000.0
2615,10000.0
2616,10000.0
2617,10000.0
2618,10000.0
2619,10000.0
2620,10000.0
2621,10000.0
2622,10000.0
2623,10000.0
2624,10000.0
2625,10000.0
2626,10000.0
2627,10000.0
2628,10000.0
2629,10000.0
2630,10000.0
2631,10000.0
2632,10000.0
2633,10000.0
2634,10000.0
2635,10000.0
2636,10000.0
2637,10000.0
2638,10000.0
2639,10000.0
2640,10000.0
2641,10000.0
2642,10000.0
2643,10000.0
2644,10000.0
2645,10000.0
2646,10000.0
2647,10000.0
2648,10000.0
2649,10000.0
2650,10000.0
2651,10000.0
2652,10000.0
2653,10000.0
2654,10000.0
2655,10000.0
2656,10000.0
2657,10000.0
2658,10000.0
2659,10000.0
2660,10000.0
2661,10000.0
2662,10000.0
2663,10000.0
2664,10000.0
2665,10000.0
2666,10000.0
2667,10000.0
2668,10000.0
2669,10000.0
2670,10000.0
2671,10000.0
2672,10000.0
2673,10000.0
2674,10000.0
2675,10000.0
2676,10000.0
2677,10000.0
2678,10000.0
2679,10000.0
2680,10000.0
2681,10000.0
2682,10000.0
2683,10000.0
2684,10000.0
2685,10000.0
2686,10000.0
2687,10000.0
2688,10000.0
2689,10000.0
2690,10000.0
2691,10000.0
2692,10000.0
2693,10000.0
2694,10000.0
2695,10000.0
2696,10000.0
2697,10000.0
2698,10000.0
2699,10000.0
2700,10000.0
2701,10000.0
2702,10000.0
2703,10000.0
2704,10000.0
2705,10000.0
2706,10000.0
2707,10000.0
2708,10000.0
2709,10000.0
2710,10000.0
2711,10000.0
2712,10000.0
2713,10000.0
2714,10000.0
2715,10000.0
2716,10000.0
2717,10000.0
2718,10000.0
2719,10000.0
2720,10000.0
2721,10000.0
2722,10000.0
2723,10000.0
2724,10000.0
2725,10000.0
2726,10000.0
2727,10000.0
2728,10000.0
2729,10000.0
2730,10000.0
2731,10000.0
2732,10000.0
2733,10000.0
2734,10000.0
2735,10000.0
2736,10000.0
2737,10000.0
2738,10000.0
2739,10000.0
2740,10000.0
2741,10000.0
2742,10000.0
2743,10000.0
2744,10000.0
2745,10000.0
2746,10000.0
2747,10000.0
2748,10000.0
2749,10000.0
2750,10000.0
2751,10000.0
2752,10000.0
2753,10000.0
2754,10000.0
2755,10000.0
2756,10000.0
2757,10000.0
2758,10000.0
2759,10000.0
2760,10000.0
2761,10000.0
2762,10000.0
2763,10000.0
2764,10000.0
2765,10000.0
2766,10000.0
2767,10000.0
2768,10000.0
2769,10000.0
2770,10000.0
2771,10000.0
2772,10000.0
2773,10000.0
2774,10000.0
2775,10000.0
2776,10000.0
2777,10000.0
2778,10000.0
2779,10000.0
2780,10000.0
2781,10000.0
2782,10000.0
2783,10000.0
2784,10000.0
2785,10000.0
2786,10000.0
2787,10000.0
2788,10000.0
2789,10000.0
2790,10000.0
2791,10000.0
2792,10000.0
2793,10000.0
2794,10000.0
2795,10000.0
2796,10000.0
2797,10000.0
2798,10000.0
2799,10000.0
2800,10000.0
2801,10000.0
2802,10000.0
2803,10000.0
2804,10000.0
2805,10000.0
2806,10000.0
2807,10000.0
2808,10000.0
2809,10000.0
2810,10000.0
2811,10000.0
2812,10000.0
2813,10000.0
2814,10000.0
2815,10000.0
2816,10000.0
2817,10000.0
2818,10000.0
2819,10000.0
2820,10000.0
2821,10000.0
2822,10000.0
2823,10000.0
2824,10000.0
2825,10000.0
2826,10000.0
2827,10000.0
2828,10000.0
2829,10000.0
2830,10000.0
2831,10000.0
2832,10000.0
2833,10000.0
2834,10000.0
2835,10000.0
2836,10000.0
2837,10000.0
2838,10000.0
2839,10000.0
2840,10000.0
2841,10000.0
2842,10000.0
2843,10000.0
2844,10000.0
2845,10000.0
2846,10000.0
2847,10000.0
2848,10000.0
2849,10000.0
2850,10000.0
2851,10000.0
2852,10000.0
2853,10000.0
2854,10000.0
2855,10000.0
2856,10000.0
2857,10000.0
2858,10000.0
2859,10000.0
2860,10000.0
2861,10000.0
2862,10000.0
2863,10000.0
2864,10000.0
2865,10000.0
2866,10000.0
2867,10000.0
2868,10000.0
2869,10000.0
2870,10000.0
2871,10000.0
2872,10000.0
2873,10000.0
2874,10000.0
2875,10000.0
2876,10000.0
2877,10000.0
2878,10000.0
2879,10000.0
2880,10000.0
2881,10000.0
2882,10000.0
2883,10000.0
2884,10000.0
2885,10000.0
2886,10000.0
2887,10000.0
2888,10000.0
2889,10000.0
2890,10000.0
2891,10000.0
2892,10000.0
2893,10000.0
2894,10000.0
2895,10000.0
2896,10000.0
2897,10000.0
2898,10000.0
2899,10000.0
2900,10000.0
2901,10000.0
2902,10000.0
2903,10000.0
2904,10000.0
2905,10000.0
2906,10000.0
2907,10000.0
2908,10000.0
2909,10000.0
2910,10000.0
2911,10000.0
2912,10000.0
2913,10000.0
2914,10000.0
2915,10000.0
2916,10000.0
2917,10000.0
2918,10000.0
2919,10000.0
2920,10000.0
2921,10000.0
2922,10000.0
2923,10000.0
2924,10000.0
2925,10000.0
2926,10000.0
2927,10000.0
2928,10000.0
2929,10000.0
2930,10000.0
2931,10000.0
2932,10000.0
2933,10000.0
2934,10000.0
2935,10000.0
2936,10000.0
2937,10000.0
2938,10000.0
2939,10000.0
2940,10000.0
2941,10000.0
2942,10000.0
2943,10000.0
2944,10000.0
2945,10000.0
2946,10000.0
2947,10000.0
2948,10000.0
2949,10000.0
2950,10000.0
2951,10000.0
2952,10000.0
2953,10000.0
2954,10000.0
2955,10000.0
2956,10000.0
2957,10000.0
2958,10000.0
2959,10000.0
2960,10000.0
2961,10000.0
2962,10000.0
2963,10000.0
2964,10000.0
2965,10000.0
2966,10000.0
2967,10000.0
2968,10000.0
2969,10000.0
2970,10000.0
2971,10000.0
2972,10000.0
2973,10000.0
2974,10000.0
2975,10000.0
2976,10000.0
2977,10000.0
2978,10000.0
2979,10000.0
2980,10000.0
2981,10000.0
2982,10000.0
2983,10000.0
2984,10000.0
2985,10000.0
2986,10000.0
2987,10000.0
2988,10000.0
2989,10000.0
2990,10000.0
2991,10000.0
2992,10000.0
2993,10000.0
2994,10000.0
2995,10000.0
2996,10000.0
2997,10000.0
2998,10000.0
2999,10000.0
3000,10000.0
3001,10000.0
3002,10000.0
3003,10000.0
3004,10000.0
3005,10000.0
3006,10000.0
3007,10000.0
3008,10000.0
3009,10000.0
3010,10000.0
3011,10000.0
3012,10000.0
3013,10000.0
3014,10000.0
3015,10000.0
3016,10000.0
3017,10000.0
3018,10000.0
3019,10000.0
3020,10000.0
3021,10000.0
3022,10000.0
3023,10000.0
3024,10000.0
3025,10000.0
3026,10000.0
3027,10000.0
3028,10000.0
3029,10000.0
3030,10000.0
3031,10000.0
3032,10000.0
3033,10000.0
3034,10000.0
3035,10000.0
3036,10000.0
3037,10000.0
3038,10000.0
3039,10000.0
3040,10000.0
3041,10000.0
3042,10000.0
3043,10000.0
3044,10000.0
3045,10000.0
3046,10000.0
3047,10000.0
3048,10000.0
3049,10000.0
3050,10000.0
3051,10000.0
3052,10000.0
3053,10000.0
3054,10000.0
3055,10000.0
3056,10000.0
3057,10000.0
3058,10000.0
3059,10000.0
3060,10000.0
3061,10000.0
3062,10000.0
3063,10000.0
3064,10000.0
3065,10000.0
3066,10000.0
3067,10000.0
3068,10000.0
3069,10000.0
3070,10000.0
3071,10000.0
3072,10000.0
3073,10000.0
3074,10000.0
3075,10000.0
3076,10000.0
3077,10000.0
3078,10000.0
3079,10000.0
3080,10000.0
3081,10000.0
3082,10000.0
3083,10000.0
3084,10000.0
3085,10000.0
3086,10000.0
3087,10000.0
3088,10000.0
3089,10000.0
3090,10000.0
3091,10000.0
3092,10000.0
3093,10000.0
3094,10000.0
3095,10000.0
3096,10000.0
3097,10000.0
3098,10000.0
3099,10000.0
3100,10000.0
3101,10000.0
3102,10000.0
3103,10000.0
3104,10000.0
3105,10000.0
3106,10000.0
3107,10000.0
3108,10000.0
3109,10000.0
3110,10000.0
3111,10000.0
3112,10000.0
3113,10000.0
3114,10000.0
3115,10000.0
3116,10000.0
3117,10000.0
3118,10000.0
3119,10000.0
3120,10000.0
3121,10000.0
3122,10000.0
3123,10000.0
3124,10000.0
3125,10000.0
3126,10000.0
3127,10000.0
3128,10000.0
3129,10000.0
3130,10000.0
3131,10000.0
3132,10000.0
3133,10000.0
3134,10000.0
3135,10000.0
3136,10000.0
3137,10000.0
3138,10000.0
3139,10000.0
3140,10000.0
3141,10000.0
3142,10000.0
3143,10000.0
3144,10000.0
3145,10000.0
3146,10000.0
3147,10000.0
3148,10000.0
3149,10000.0
3150,10000.0
3151,10000.0
3152,10000.0
3153,10000.0
3154,10000.0
3155,10000.0
3156,10000.0
3157,10000.0
3158,10000.0
3159,10000.0
3160,10000.0
3161,10000.0
3162,10000.0
3163,10000.0
3164,10000.0
3165,10000.0
3166,10000.0
3167,10000.0
3168,10000.0
3169,10000.0
3170,10000.0
3171,10000.0
3172,10000.0
3173,10000.0
3174,10000.0
3175,10000.0
3176,10000.0
3177,10000.0
3178,10000.0
3179,10000.0
3180,10000.0
3181,10000.0
3182,10000.0
3183,10000.0
3184,10000.0
3185,10000.0
3186,10000.0
3187,10000.0
3188,10000.0
3189,10000.0
3190,10000.0
3191,10000.0
3192,10000.0
3193,10000.0
3194,10000.0
3195,10000.0
3196,10000.0
3197,10000.0
3198,10000.0
3199,10000.0
3200,10000.0
3201,10000.0
3202,10000.0
3203,10000.0
3204,10000.0
3205,10000.0
3206,10000.0
3207,10000.0
3208,10000.0
3209,10000.0
3210,10000.0
3211,10000.0
3212,10000.0
3213,10000.0
3214,10000.0
3215,10000.0
3216,10000.0
3217,10000.0
3218,10000.0
3219,10000.0
3220,10000.0
3221,10000.0
3222,10000.0
3223,10000.0
3224,10000.0
3225,10000.0
3226,10000.0
3227,10000.0
3228,10000.0
3229,10000.0
3230,10000.0
3231,10000.0
3232,10000.0
3233,10000.0
3234,10000.0
3235,10000.0
3236,10000.0
3237,10000.0
3238,10000.0
3239,10000.0
3240,10000.0
3241,10000.0
3242,10000.0
3243,10000.0
3244,10000.0
3245,10000.0
3246,10000.0
3247,10000.0
3248,10000.0
3249,10000.0
3250,10000.0
3251,10000.0
3252,10000.0
3253,10000.0
3254,10000.0
3255,10000.0
3256,10000.0
3257,10000.0
3258,10000.0
3259,10000.0
3260,10000.0
3261,10000.0
3262,10000.0
3263,10000.0
3264,10000.0
3265,10000.0
3266,10000.0
3267,10000.0
3268,10000.0
3269,10000.0
3270,10000.0
3271,10000.0
3272,10000.0
3273,10000.0
3274,10000.0
3275,10000.0
3276,10000.0
3277,10000.0
3278,10000.0
3279,10000.0
3280,10000.0
3281,10000.0
3282,10000.0
3283,10000.0
3284,10000.0
3285,10000.0
3286,10000.0
3287,10000.0
3288,10000.0
3289,10000.0
3290,10000.0
3291,10000.0
3292,10000.0
3293,10000.0
3294,10000.0
3295,10000.0
3296,10000.0
3297,10000.0
3298,10000.0
3299,10000.0
3300,10000.0
3301,10000.0
3302,10000.0
3303,10000.0
3304,10000.0
3305,10000.0
3306,10000.0
3307,10000.0
3308,10000.0
3309,10000.0
3310,10000.0
3311,10000.0
3312,10000.0
3313,10000.0
3314,10000.0
3315,10000.0
3316,10000.0
3317,10000.0
3318,10000.0
3319,10000.0
3320,10000.0
3321,10000.0
3322,10000.0
3323,10000.0
3324,10000.0
3325,10000.0
3326,10000.0
3327,10000.0
3328,10000.0
3329,10000.0
3330,10000.0
3331,10000.0
3332,10000.0
3333,10000.0
3334,10000.0
3335,10000.0
3336,10000.0
3337,10000.0
3338,10000.0
3339,10000.0
3340,10000.0
3341,10000.0
3342,10000.0
3343,10000.0
3344,10000.0
3345,10000.0
3346,10000.0
3347,10000.0
3348,10000.0
3349,10000.0
3350,10000.0
3351,10000.0
3352,10000.0
3353,10000.0
3354,10000.0
3355,10000.0
3356,10000.0
3357,10000.0
3358,10000.0
3359,10000.0
3360,10000.0
3361,10000.0
3362,10000.0
3363,10000.0
3364,10000.0
3365,10000.0
3366,10000.0
3367,10000.0
3368,10000.0
3369,10000.0
3370,10000.0
3371,10000.0
3372,10000.0
3373,10000.0
3374,10000.0
3375,10000.0
3376,10000.0
3377,10000.0
3378,10000.0
3379,10000.0
3380,10000.0
3381,10000.0
3382,10000.0
3383,10000.0
3384,10000.0
3385,10000.0
3386,10000.0
3387,10000.0
3388,10000.0
3389,10000.0
3390,10000.0
3391,10000.0
3392,10000.0
3393,10000.0
3394,10000.0
3395,10000.0
3396,10000.0
3397,10000.0
3398,10000.0
3399,10000.0
3400,10000.0
3401,10000.0
3402,10000.0
3403,10000.0
3404,10000.0
3405,10000.0
3406,10000.0
3407,10000.0
3408,10000.0
3409,10000.0
3410,10000.0
3411,10000.0
3412,10000.0
3413,10000.0
3414,10000.0
3415,10000.0
3416,10000.0
3417,10000.0
3418,10000.0
3419,10000.0
3420,10000.0
3421,10000.0
3422,10000.0
3423,10000.0
3424,10000.0
3425,10000.0
3426,10000.0
3427,10000.0
3428,10000.0
3429,10000.0
3430,10000.0
3431,10000.0
3432,10000.0
3433,10000.0
3434,10000.0
3435,10000.0
3436,10000.0
3437,10000.0
3438,10000.0
3439,10000.0
3440,10000.0
3441,10000.0
3442,10000.0
3443,10000.0
3444,10000.0
3445,10000.0
3446,10000.0
3447,10000.0
3448,10000.0
3449,10000.0
3450,10000.0
3451,10000.0
3452,10000.0
3453,10000.0
3454,10000.0
3455,10000.0
3456,10000.0
3457,10000.0
3458,10000.0
3459,10000.0
3460,10000.0
3461,10000.0
3462,10000.0
3463,10000.0
3464,10000.0
3465,10000.0
3466,10000.0
3467,10000.0
3468,10000.0
3469,10000.0
3470,10000.0
3471,10000.0
3472,10000.0
3473,10000.0
3474,10000.0
3475,10000.0
3476,10000.0
3477,10000.0
3478,10000.0
3479,10000.0
3480,10000.0
3481,10000.0
3482,10000.0
3483,10000.0
3484,10000.0
3485,10000.0
3486,10000.0
3487,10000.0
3488,10000.0
3489,10000.0
3490,10000.0
3491,10000.0
3492,10000.0
3493,10000.0
3494,10000.0
3495,10000.0
3496,10000.0
3497,10000.0
3498,10000.0
3499,10000.0
3500,10000.0
3501,10000.0
3502,10000.0
3503,10000.0
3504,10000.0
3505,10000.0
3506,10000.0
3507,10000.0
3508,10000.0
3509,10000.0
3510,10000.0
3511,10000.0
3512,10000.0
3513,10000.0
3514,10000.0
3515,10000.0
3516,10000.0
3517,10000.0
3518,10000.0
3519,10000.0
3520,10000.0
3521,10000.0
3522,10000.0
3523,10000.0
3524,10000.0
3525,10000.0
3526,10000.0
3527,10000.0
3528,10000.0
3529,10000.0
3530,10000.0
3531,10000.0
3532,10000.0
3533,10000.0
3534,10000.0
3535,10000.0
3536,10000.0
3537,10000.0
3538,10000.0
3539,10000.0
3540,10000.0
3541,10000.0
3542,10000.0
3543,10000.0
3544,10000.0
3545,10000.0
3546,10000.0
3547,10000.0
3548,10000.0
3549,10000.0
3550,10000.0
3551,10000.0
3552,10000.0
3553,10000.0
3554,10000.0
3555,10000.0
3556,10000.0
3557,10000.0
3558,10000.0
3559,10000.0
3560,10000.0
3561,10000.0
3562,10000.0
3563,10000.0
3564,10000.0
3565,10000.0
3566,10000.0
3567,10000.0
3568,10000.0
3569,10000.0
3570,10000.0
3571,10000.0
3572,10000.0
3573,10000.0
3574,10000.0
3575,10000.0
3576,10000.0
3577,10000.0
3578,10000.0
3579,10000.0
3580,10000.0
3581,10000.0
3582,10000.0
3583,10000.0
3584,10000.0
3585,10000.0
3586,10000.0
3587,10000.0
3588,10000.0
3589,10000.0
3590,10000.0
3591,10000.0
3592,10000.0
3593,10000.0
3594,10000.0
3595,10000.0
3596,10000.0
3597,10000.0
3598,10000.0
3599,10000.0
3600,10000.0
3601,10000.0
3602,10000.0
3603,10000.0
3604,10000.0
3605,10000.0
3606,10000.0
3607,10000.0
3608,10000.0
3609,10000.0
3610,10000.0
3611,10000.0
3612,10000.0
3613,10000.0
3614,10000.0
3615,10000.0
3616,10000.0
3617,10000.0
3618,10000.0
3619,10000.0
3620,10000.0
3621,10000.0
3622,10000.0
3623,10000.0
3624,10000.0
3625,10000.0
3626,10000.0
3627,10000.0
3628,10000.0
3629,10000.0
3630,10000.0
3631,10000.0
3632,10000.0
3633,10000.0
3634,10000.0
3635,10000.0
3636,10000.0
3637,10000.0
3638,10000.0
3639,10000.0
3640,10000.0
3641,10000.0
3642,10000.0
3643,10000.0
3644,10000.0
3645,10000.0
3646,10000.0
3647,10000.0
3648,10000.0
3649,10000.0
3650,10000.0
3651,10000.0
3652,10000.0
3653,10000.0
3654,10000.0
3655,10000.0
3656,10000.0
3657,10000.0
3658,10000.0
3659,10000.0
3660,10000.0
3661,10000.0
3662,10000.0
3663,10000.0
3664,10000.0
3665,10000.0
3666,10000.0
3667,10000.0
3668,10000.0
3669,10000.0
3670,10000.0
3671,10000.0
3672,10000.0
3673,10000.0
3674,10000.0
3675,10000.0
3676,10000.0
3677,10000.0
3678,10000.0
3679,10000.0
3680,10000.0
3681,10000.0
3682,10000.0
3683,10000.0
3684,10000.0
3685,10000.0
3686,10000.0
3687,10000.0
3688,10000.0
3689,10000.0
3690,10000.0
3691,10000.0
3692,10000.0
3693,10000.0
3694,10000.0
3695,10000.0
3696,10000.0
3697,10000.0
3698,10000.0
3699,10000.0
3700,10000.0
3701,10000.0
3702,10000.0
3703,10000.0
3704,10000.0
3705,10000.0
3706,10000.0
3707,10000.0
3708,10000.0
3709,10000.0
3710,10000.0
3711,10000.0
3712,10000.0
3713,10000.0
3714,10000.0
3715,10000.0
3716,10000.0
3717,10000.0
3718,10000.0
3719,10000.0
3720,10000.0
3721,10000.0
3722,10000.0
3723,10000.0
3724,10000.0
3725,10000.0
3726,10000.0
3727,10000.0
3728,10000.0
3729,10000.0
3730,10000.0
3731,10000.0
3732,10000.0
3733,10000.0
3734,10000.0
3735,10000.0
3736,10000.0
3737,10000.0
3738,10000.0
3739,10000.0
3740,10000.0
3741,10000.0
3742,10000.0
3743,10000.0
3744,10000.0
3745,10000.0
3746,10000.0
3747,10000.0
3748,10000.0
3749,10000.0
3750,10000.0
3751,10000.0
3752,10000.0
3753,10000.0
3754,10000.0
3755,10000.0
3756,10000.0
3757,10000.0
3758,10000.0
3759,10000.0
3760,10000.0
3761,10000.0
3762,10000.0
3763,10000.0
3764,10000.0
3765,10000.0
3766,10000.0
3767,10000.0
3768,10000.0
3769,10000.0
3770,10000.0
3771,10000.0
3772,10000.0
3773,10000.0
3774,10000.0
3775,10000.0
3776,10000.0
3777,10000.0
3778,10000.0
3779,10000.0
3780,10000.0
3781,10000.0
3782,10000.0
3783,10000.0
3784,10000.0
3785,10000.0
3786,10000.0
3787,10000.0
3788,10000.0
3789,10000.0
3790,10000.0
3791,10000.0
3792,10000.0
3793,10000.0
3794,10000.0
3795,10000.0
3796,10000.0
3797,10000.0
3798,10000.0
3799,10000.0
3800,10000.0
3801,10000.0
3802,10000.0
3803,10000.0
3804,10000.0
3805,10000.0
3806,10000.0
3807,10000.0
3808,10000.0
3809,10000.0
3810,10000.0
3811,10000.0
3812,10000.0
3813,10000.0
3814,10000.0
3815,10000.0
3816,10000.0
3817,10000.0
3818,10000.0
3819,10000.0
3820,10000.0
3821,10000.0
3822,10000.0
3823,10000.0
3824,10000.0
3825,10000.0
3826,10000.0
3827,10000.0
3828,10000.0
3829,10000.0
3830,10000.0
3831,10000.0
3832,10000.0
3833,10000.0
3834,10000.0
3835,10000.0
3836,10000.0
3837,10000.0
3838,10000.0
3839,10000.0
3840,10000.0
3841,10000.0
3842,10000.0
3843,10000.0
3844,10000.0
3845,10000.0
3846,10000.0
3847,10000.0
3848,10000.0
3849,10000.0
3850,10000.0
3851,10000.0
3852,10000.0
3853,10000.0
3854,10000.0
3855,10000.0
3856,10000.0
3857,10000.0
3858,10000.0
3859,10000.0
3860,10000.0
3861,10000.0
3862,10000.0
3863,10000.0
3864,10000.0
3865,10000.0
3866,10000.0
3867,10000.0
3868,10000.0
3869,10000.0
3870,10000.0
3871,10000.0
3872,10000.0
3873,10000.0
3874,10000.0
3875,10000.0
3876,10000.0
3877,10000.0
3878,10000.0
3879,10000.0
3880,10000.0
3881,10000.0
3882,10000.0
3883,10000.0
3884,10000.0
3885,10000.0
3886,10000.0
3887,10000.0
3888,10000.0
3889,10000.0
3890,10000.0
3891,10000.0
3892,10000.0
3893,10000.0
3894,10000.0
3895,10000.0
3896,10000.0
3897,10000.0
3898,10000.0
3899,10000.0
3900,10000.0
3901,10000.0
3902,10000.0
3903,10000.0
3904,10000.0
3905,10000.0
3906,10000.0
3907,10000.0
3908,10000.0
3909,10000.0
3910,10000.0
3911,10000.0
3912,10000.0
3913,10000.0
3914,10000.0
3915,10000.0
3916,10000.0
3917,10000.0
3918,10000.0
3919,10000.0
3920,10000.0
3921,10000.0
3922,10000.0
3923,10000.0
3924,10000.0
3925,10000.0
3926,10000.0
3927,10000.0
3928,10000.0
3929,10000.0
3930,10000.0
3931,10000.0
3932,10000.0
3933,10000.0
3934,10000.0
3935,10000.0
3936,10000.0
3937,10000.0
3938,10000.0
3939,10000.0
3940,10000.0
3941,10000.0
3942,10000.0
3943,10000.0
3944,10000.0
3945,10000.0
3946,10000.0
3947,10000.0
3948,10000.0
3949,10000.0
3950,10000.0
3951,10000.0
3952,10000.0
3953,10000.0
3954,10000.0
3955,10000.0
3956,10000.0
3957,10000.0
3958,10000.0
3959,10000.0
3960,10000.0
3961,10000.0
3962,10000.0
3963,10000.0
3964,10000.0
3965,10000.0
3966,10000.0
3967,10000.0
3968,10000.0
3969,10000.0
3970,10000.0
3971,10000.0
3972,10000.0
3973,10000.0
3974,10000.0
3975,10000.0
3976,10000.0
3977,10000.0
3978,10000.0
3979,10000.0
3980,10000.0
3981,10000.0
3982,10000.0
3983,10000.0
3984,10000.0
3985,10000.0
3986,10000.0
3987,10000.0
3988,10000.0
3989,10000.0
3990,10000.0
3991,10000.0
3992,10000.0
3993,10000.0
3994,10000.0
3995,10000.0
3996,10000.0
3997,10000.0
3998,10000.0
3999,10000.0
4000,10000.0
4001,10000.0
4002,10000.0
4003,10000.0
4004,10000.0
4005,10000.0
4006,10000.0
4007,10000.0
4008,10000.0
4009,10000.0
4010,10000.0
4011,10000.0
4012,10000.0
4013,10000.0
4014,10000.0
4015,10000.0
4016,10000.0
4017,10000.0
4018,10000.0
4019,10000.0
4020,10000.0
4021,10000.0
4022,10000.0
4023,10000.0
4024,10000.0
4025,10000.0
4026,10000.0
4027,10000.0
4028,10000.0
4029,10000.0
4030,10000.0
4031,10000.0
4032,10000.0
4033,10000.0
4034,10000.0
4035,10000.0
4036,10000.0
4037,10000.0
4038,10000.0
4039,10000.0
4040,10000.0
4041,10000.0
4042,10000.0
4043,10000.0
4044,10000.0
4045,10000.0
4046,10000.0
4047,10000.0
4048,10000.0
4049,10000.0
4050,10000.0
4051,10000.0
4052,10000.0
4053,10000.0
4054,10000.0
4055,10000.0
4056,10000.0
4057,10000.0
4058,10000.0
4059,10000.0
4060,10000.0
4061,10000.0
4062,10000.0
4063,10000.0
4064,10000.0
4065,10000.0
4066,10000.0
4067,10000.0
4068,10000.0
4069,10000.0
4070,10000.0
4071,10000.0
4072,10000.0
4073,10000.0
4074,10000.0
4075,10000.0
4076,10000.0
4077,10000.0
4078,10000.0
4079,10000.0
4080,10000.0
4081,10000.0
4082,10000.0
4083,10000.0
4084,10000.0
4085,10000.0
4086,10000.0
4087,10000.0
4088,10000.0
4089,10000.0
4090,10000.0
4091,10000.0
4092,10000.0
4093,10000.0
4094,10000.0
4095,10000.0
4096,10000.0
4097,10000.0
4098,10000.0
4099,10000.0
4100,10000.0
4101,10000.0
4102,10000.0
4103,10000.0
4104,10000.0
4105,10000.0
4106,10000.0
4107,10000.0
4108,10000.0
4109,10000.0
4110,10000.0
4111,10000.0
4112,10000.0
4113,10000.0
4114,10000.0
4115,10000.0
4116,10000.0
4117,10000.0
4118,10000.0
4119,10000.0
4120,10000.0
4121,10000.0
4122,10000.0
4123,10000.0
4124,10000.0
4125,10000.0
4126,10000.0
4127,10000.0
4128,10000.0
4129,10000.0
4130,10000.0
4131,10000.0
4132,10000.0
4133,10000.0
4134,10000.0
4135,10000.0
4136,10000.0
4137,10000.0
4138,10000.0
4139,10000.0
4140,10000.0
4141,10000.0
4142,10000.0
4143,10000.0
4144,10000.0
4145,10000.0
4146,10000.0
4147,10000.0
4148,10000.0
4149,10000.0
4150,10000.0
4151,10000.0
4152,10000.0
4153,10000.0
4154,10000.0
4155,10000.0
4156,10000.0
4157,10000.0
4158,10000.0
4159,10000.0
4160,10000.0
4161,10000.0
4162,10000.0
4163,10000.0
4164,10000.0
4165,10000.0
4166,10000.0
4167,10000.0
4168,10000.0
4169,10000.0
4170,10000.0
4171,10000.0
4172,10000.0
4173,10000.0
4174,10000.0
4175,10000.0
4176,10000.0
4177,10000.0
4178,10000.0
4179,10000.0
4180,10000.0
4181,10000.0
4182,10000.0
4183,10000.0
4184,10000.0
4185,10000.0
4186,10000.0
4187,10000.0
4188,10000.0
4189,10000.0
4190,10000.0
4191,10000.0
4192,10000.0
4193,10000.0
4194,10000.0
4195,10000.0
4196,10000.0
4197,10000.0
4198,10000.0
4199,10000.0
4200,10000.0
4201,10000.0
4202,10000.0
4203,10000.0
4204,10000.0
4205,10000.0
4206,10000.0
4207,10000.0
4208,10000.0
4209,10000.0
4210,10000.0
4211,10000.0
4212,10000.0
4213,10000.0
4214,10000.0
4215,10000.0
4216,10000.0
4217,10000.0
4218,10000.0
4219,10000.0
4220,10000.0
4221,10000.0
4222,10000.0
4223,10000.0
4224,10000.0
4225,10000.0
4226,10000.0
4227,10000.0
4228,10000.0
4229,10000.0
4230,10000.0
4231,10000.0
4232,10000.0
4233,10000.0
4234,10000.0
4235,10000.0
4236,10000.0
4237,10000.0
4238,10000.0
4239,10000.0
4240,10000.0
4241,10000.0
4242,10000.0
4243,10000.0
4244,10000.0
4245,10000.0
4246,10000.0
4247,10000.0
4248,10000.0
4249,10000.0
4250,10000.0
4251,10000.0
4252,10000.0
4253,10000.0
4254,10000.0
4255,10000.0
4256,10000.0
4257,10000.0
4258,10000.0
4259,10000.0
4260,10000.0
4261,10000.0
4262,10000.0
4263,10000.0
4264,10000.0
4265,10000.0
4266,10000.0
4267,10000.0
4268,10000.0
4269,10000.0
4270,10000.0
4271,10000.0
4272,10000.0
4273,10000.0
4274,10000.0
4275,10000.0
4276,10000.0
4277,10000.0
4278,10000.0
4279,10000.0
4280,10000.0
4281,10000.0
4282,10000.0
4283,10000.0
4284,10000.0
4285,10000.0
4286,10000.0
4287,10000.0
4288,10000.0
4289,10000.0
4290,10000.0
4291,10000.0
4292,10000.0
4293,10000.0
4294,10000.0
4295,10000.0
4296,10000.0
4297,10000.0
4298,10000.0
4299,10000.0
4300,10000.0
4301,10000.0
4302,10000.0
4303,10000.0
4304,10000.0
4305,10000.0
4306,10000.0
4307,10000.0
4308,10000.0
4309,10000.0
4310,10000.0
4311,10000.0
4312,10000.0
4313,10000.0
4314,10000.0
4315,10000.0
4316,10000.0
4317,10000.0
4318,10000.0
4319,10000.0
4320,10000.0
4321,10000.0
4322,10000.0
4323,10000.0
4324,10000.0
4325,10000.0
4326,10000.0
4327,10000.0
4328,10000.0
4329,10000.0
4330,10000.0
4331,10000.0
4332,10000.0
4333,10000.0
4334,10000.0
4335,10000.0
4336,10000.0
4337,10000.0
4338,10000.0
4339,10000.0
4340,10000.0
4341,10000.0
4342,10000.0
4343,10000.0
4344,10000.0
4345,10000.0
4346,10000.0
4347,10000.0
4348,10000.0
4349,10000.0
4350,10000.0
4351,10000.0
4352,10000.0
4353,10000.0
4354,10000.0
4355,10000.0
4356,10000.0
4357,10000.0
4358,10000.0
4359,10000.0
4360,10000.0
4361,10000.0
4362,10000.0
4363,10000.0
4364,10000.0
4365,10000.0
4366,10000.0
4367,10000.0
4368,10000.0
4369,10000.0
4370,10000.0
4371,10000.0
4372,10000.0
4373,10000.0
4374,10000.0
4375,10000.0
4376,10000.0
4377,10000.0
4378,10000.0
4379,10000.0
4380,10000.0
4381,10000.0
4382,10000.0
4383,10000.0
4384,10000.0
4385,10000.0
4386,10000.0
4387,10000.0
4388,10000.0
4389,10000.0
4390,10000.0
4391,10000.0
4392,10000.0
4393,10000.0
4394,10000.0
4395,10000.0
4396,10000.0
4397,10000.0
4398,10000.0
4399,10000.0
4400,10000.0
4401,10000.0
4402,10000.0
4403,10000.0
4404,10000.0
4405,10000.0
4406,10000.0
4407,10000.0
4408,10000.0
4409,10000.0
4410,10000.0
4411,10000.0
4412,10000.0
4413,10000.0
4414,10000.0
4415,10000.0
4416,10000.0
4417,10000.0
4418,10000.0
4419,10000.0
4420,10000.0
4421,10000.0
4422,10000.0
4423,10000.0
4424,10000.0
4425,10000.0
4426,10000.0
4427,10000.0
4428,10000.0
4429,10000.0
4430,10000.0
4431,10000.0
4432,10000.0
4433,10000.0
4434,10000.0
4435,10000.0
4436,10000.0
4437,10000.0
4438,10000.0
4439,10000.0
4440,10000.0
4441,10000.0
4442,10000.0
4443,10000.0
4444,10000.0
4445,10000.0
4446,10000.0
4447,10000.0
4448,10000.0
4449,10000.0
4450,10000.0
4451,10000.0
4452,10000.0
4453,10000.0
4454,10000.0
4455,10000.0
4456,10000.0
4457,10000.0
4458,10000.0
4459,10000.0
4460,10000.0
4461,10000.0
4462,10000.0
4463,10000.0
4464,10000.0
4465,10000.0
4466,10000.0
4467,10000.0
4468,10000.0
4469,10000.0
4470,10000.0
4471,10000.0
4472,10000.0
4473,10000.0
4474,10000.0
4475,10000.0
4476,10000.0
4477,10000.0
4478,10000.0
4479,10000.0
4480,10000.0
4481,10000.0
4482,10000.0
4483,10000.0
4484,10000.0
4485,10000.0
4486,10000.0
4487,10000.0
4488,10000.0
4489,10000.0
4490,10000.0
4491,10000.0
4492,10000.0
4493,10000.0
4494,10000.0
4495,10000.0
4496,10000.0
4497,10000.0
4498,10000.0
4499,10000.0
4500,10000.0
4501,10000.0
4502,10000.0
4503,10000.0
4504,10000.0
4505,10000.0
4506,10000.0
4507,10000.0
4508,10000.0
4509,10000.0
4510,10000.0
4511,10000.0
4512,10000.0
4513,10000.0
4514,10000.0
4515,10000.0
4516,10000.0
4517,10000.0
4518,10000.0
4519,10000.0
4520,10000.0
4521,10000.0
4522,10000.0
4523,10000.0
4524,10000.0
4525,10000.0
4526,10000.0
4527,10000.0
4528,10000.0
4529,10000.0
4530,10000.0
4531,10000.0
4532,10000.0
4533,10000.0
4534,10000.0
4535,10000.0
4536,10000.0
4537,10000.0
4538,10000.0
4539,10000.0
4540,10000.0
4541,10000.0
4542,10000.0
4543,10000.0
4544,10000.0
4545,10000.0
4546,10000.0
4547,10000.0
4548,10000.0
4549,10000.0
4550,10000.0
4551,10000.0
4552,10000.0
4553,10000.0
4554,10000.0
4555,10000.0
4556,10000.0
4557,10000.0
4558,10000.0
4559,10000.0
4560,10000.0
4561,10000.0
4562,10000.0
4563,10000.0
4564,10000.0
4565,10000.0
4566,10000.0
4567,10000.0
4568,10000.0
4569,10000.0
4570,10000.0
4571,10000.0
4572,10000.0
4573,10000.0
4574,10000.0
4575,10000.0
4576,10000.0
4577,10000.0
4578,10000.0
4579,10000.0
4580,10000.0
4581,10000.0
4582,10000.0
4583,10000.0
4584,10000.0
4585,10000.0
4586,10000.0
4587,10000.0
4588,10000.0
4589,10000.0
4590,10000.0
4591,10000.0
4592,10000.0
4593,10000.0
4594,10000.0
4595,10000.0
4596,10000.0
4597,10000.0
4598,10000.0
4599,10000.0
4600,10000.0
4601,10000.0
4602,10000.0
4603,10000.0
4604,10000.0
4605,10000.0
4606,10000.0
4607,10000.0
4608,10000.0
4609,10000.0
4610,10000.0
4611,10000.0
4612,10000.0
4613,10000.0
4614,10000.0
4615,10000.0
4616,10000.0
4617,10000.0
4618,10000.0
4619,10000.0
4620,10000.0
4621,10000.0
4622,10000.0
4623,10000.0
4624,10000.0
4625,10000.0
4626,10000.0
4627,10000.0
4628,10000.0
4629,10000.0
4630,10000.0
4631,10000.0
4632,10000.0
4633,10000.0
4634,10000.0
4635,10000.0
4636,10000.0
4637,10000.0
4638,10000.0
4639,10000.0
4640,10000.0
4641,10000.0
4642,10000.0
4643,10000.0
4644,10000.0
4645,10000.0
4646,10000.0
4647,10000.0
4648,10000.0
4649,10000.0
4650,10000.0
4651,10000.0
4652,10000.0
4653,10000.0
4654,10000.0
4655,10000.0
4656,10000.0
4657,10000.0
4658,10000.0
4659,10000.0
4660,10000.0
4661,10000.0
4662,10000.0
4663,10000.0
4664,10000.0
4665,10000.0
4666,10000.0
4667,10000.0
4668,10000.0
4669,10000.0
4670,10000.0
4671,10000.0
4672,10000.0
4673,10000.0
4674,10000.0
4675,10000.0
4676,10000.0
4677,10000.0
4678,10000.0
4679,10000.0
4680,10000.0
4681,10000.0
4682,10000.0
4683,10000.0
4684,10000.0
4685,10000.0
4686,10000.0
4687,10000.0
4688,10000.0
4689,10000.0
4690,10000.0
4691,10000.0
4692,10000.0
4693,10000.0
4694,10000.0
4695,10000.0
4696,10000.0
4697,10000.0
4698,10000.0
4699,10000.0
4700,10000.0
4701,10000.0
4702,10000.0
4703,10000.0
4704,10000.0
4705,10000.0
4706,10000.0
4707,10000.0
4708,10000.0
4709,10000.0
4710,10000.0
4711,10000.0
4712,10000.0
4713,10000.0
4714,10000.0
4715,10000.0
4716,10000.0
4717,10000.0
4718,10000.0
4719,10000.0
4720,10000.0
4721,10000.0
4722,10000.0
4723,10000.0
4724,10000.0
4725,10000.0
4726,10000.0
4727,10000.0
4728,10000.0
4729,10000.0
4730,10000.0
4731,10000.0
4732,10000.0
4733,10000.0
4734,10000.0
4735,10000.0
4736,10000.0
4737,10000.0
4738,10000.0
4739,10000.0
4740,10000.0
4741,10000.0
4742,10000.0
4743,10000.0
4744,10000.0
4745,10000.0
4746,10000.0
4747,10000.0
4748,10000.0
4749,10000.0
4750,10000.0
4751,10000.0
4752,10000.0
4753,10000.0
4754,10000.0
4755,10000.0
4756,10000.0
4757,10000.0
4758,10000.0
4759,10000.0
4760,10000.0
4761,10000.0
4762,10000.0
4763,10000.0
4764,10000.0
4765,10000.0
4766,10000.0
4767,10000.0
4768,10000.0
4769,10000.0
4770,10000.0
4771,10000.0
4772,10000.0
4773,10000.0
4774,10000.0
4775,10000.0
4776,10000.0
4777,10000.0
4778,10000.0
4779,10000.0
4780,10000.0
4781,10000.0
4782,10000.0
4783,10000.0
4784,10000.0
4785,10000.0
4786,10000.0
4787,10000.0
4788,10000.0
4789,10000.0
4790,10000.0
4791,10000.0
4792,10000.0
4793,10000.0
4794,10000.0
4795,10000.0
4796,10000.0
4797,10000.0
4798,10000.0
4799,10000.0
4800,10000.0
4801,10000.0
4802,10000.0
4803,10000.0
4804,10000.0
4805,10000.0
4806,10000.0
4807,10000.0
4808,10000.0
4809,10000.0
4810,10000.0
4811,10000.0
4812,10000.0
4813,10000.0
4814,10000.0
4815,10000.0
4816,10000.0
4817,10000.0
4818,10000.0
4819,10000.0
4820,10000.0
4821,10000.0
4822,10000.0
4823,10000.0
4824,10000.0
4825,10000.0
4826,10000.0
4827,10000.0
4828,10000.0
4829,10000.0
4830,10000.0
4831,10000.0
4832,10000.0
4833,10000.0
4834,10000.0
4835,10000.0
4836,10000.0
4837,10000.0
4838,10000.0
4839,10000.0
4840,10000.0
4841,10000.0
4842,10000.0
4843,10000.0
4844,10000.0
4845,10000.0
4846,10000.0
4847,10000.0
4848,10000.0
4849,10000.0
4850,10000.0
4851,10000.0
4852,10000.0
4853,10000.0
4854,10000.0
4855,10000.0
4856,10000.0
4857,10000.0
4858,10000.0
4859,10000.0
4860,10000.0
4861,10000.0
4862,10000.0
4863,10000.0
4864,10000.0
4865,10000.0
4866,10000.0
4867,10000.0
4868,10000.0
4869,10000.0
4870,10000.0
4871,10000.0
4872,10000.0
4873,10000.0
4874,10000.0
4875,10000.0
4876,10000.0
4877,10000.0
4878,10000.0
4879,10000.0
4880,10000.0
4881,10000.0
4882,10000.0
4883,10000.0
4884,10000.0
4885,10000.0
4886,10000.0
4887,10000.0
4888,10000.0
4889,10000.0
4890,10000.0
4891,10000.0
4892,10000.0
4893,10000.0
4894,10000.0
4895,10000.0
4896,10000.0
4897,10000.0
4898,10000.0
4899,10000.0
4900,10000.0
4901,10000.0
4902,10000.0
4903,10000.0
4904,10000.0
4905,10000.0
4906,10000.0
4907,10000.0
4908,10000.0
4909,10000.0
4910,10000.0
4911,10000.0
4912,10000.0
4913,10000.0
4914,10000.0
4915,10000.0
4916,10000.0
4917,10000.0
4918,10000.0
4919,10000.0
4920,10000.0
4921,10000.0
4922,10000.0
4923,10000.0
4924,10000.0
4925,10000.0
4926,10000.0
4927,10000.0
4928,10000.0
4929,10000.0
4930,10000.0
4931,10000.0
4932,10000.0
4933,10000.0
4934,10000.0
4935,10000.0
4936,10000.0
4937,10000.0
4938,10000.0
4939,10000.0
4940,10000.0
4941,10000.0
4942,10000.0
4943,10000.0
4944,10000.0
4945,10000.0
4946,10000.0
4947,10000.0
4948,10000.0
4949,10000.0
4950,10000.0
4951,10000.0
4952,10000.0
4953,10000.0
4954,10000.0
4955,10000.0
4956,10000.0
4957,10000.0
4958,10000.0
4959,10000.0
4960,10000.0
4961,10000.0
4962,10000.0
4963,10000.0
4964,10000.0
4965,10000.0
4966,10000.0
4967,10000.0
4968,10000.0
4969,10000.0
4970,10000.0
4971,10000.0
4972,10000.0
4973,10000.0
4974,10000.0
4975,10000.0
4976,10000.0
4977,10000.0
4978,10000.0
4979,10000.0
4980,10000.0
4981,10000.0
4982,10000.0
4983,10000.0
4984,10000.0
4985,10000.0
4986,10000.0
4987,10000.0
4988,10000.0
4989,10000.0
4990,10000.0
4991,10000.0
4992,10000.0
4993,10000.0
4994,10000.0
4995,10000.0
4996,10000.0
4997,10000.0
4998,10000.0
4999,10000.0
5000,10000.0
5001,10000.0
5002,10000.0
5003,10000.0
5004,10000.0
5005,10000.0
5006,10000.0
5007,10000.0
5008,10000.0
5009,10000.0
5010,10000.0
5011,10000.0
5012,10000.0
5013,10000.0
5014,10000.0
5015,10000.0
5016,10000.0
5017,10000.0
5018,10000.0
5019,10000.0
5020,10000.0
5021,10000.0
5022,10000.0
5023,10000.0
5024,10000.0
5025,10000.0
5026,10000.0
5027,10000.0
5028,10000.0
5029,10000.0
5030,10000.0
5031,10000.0
5032,10000.0
5033,10000.0
5034,10000.0
5035,10000.0
5036,10000.0
5037,10000.0
5038,10000.0
5039,10000.0
5040,10000.0
5041,10000.0
5042,10000.0
5043,10000.0
5044,10000.0
5045,10000.0
5046,10000.0
5047,10000.0
5048,10000.0
5049,10000.0
5050,10000.0
5051,10000.0
5052,10000.0
5053,10000.0
5054,10000.0
5055,10000.0
5056,10000.0
5057,10000.0
5058,10000.0
5059,10000.0
5060,10000.0
5061,10000.0
5062,10000.0
5063,10000.0
5064,10000.0
5065,10000.0
5066,10000.0
5067,10000.0
5068,10000.0
5069,10000.0
5070,10000.0
5071,10000.0
5072,10000.0
5073,10000.0
5074,10000.0
5075,10000.0
5076,10000.0
5077,10000.0
5078,10000.0
5079,10000.0
5080,10000.0
5081,10000.0
5082,10000.0
5083,10000.0
5084,10000.0
5085,10000.0
5086,10000.0
5087,10000.0
5088,10000.0
5089,10000.0
5090,10000.0
5091,10000.0
5092,10000.0
5093,10000.0
5094,10000.0
5095,10000.0
5096,10000.0
5097,10000.0
5098,10000.0
5099,10000.0
5100,10000.0
5101,10000.0
5102,10000.0
5103,10000.0
5104,10000.0
5105,10000.0
5106,10000.0
5107,10000.0
5108,10000.0
5109,10000.0
5110,10000.0
5111,10000.0
5112,10000.0
5113,10000.0
5114,10000.0
5115,10000.0
5116,10000.0
5117,10000.0
5118,10000.0
5119,10000.0
5120,10000.0
5121,10000.0
5122,10000.0
5123,10000.0
5124,10000.0
5125,10000.0
5126,10000.0
5127,10000.0
5128,10000.0
5129,10000.0
5130,10000.0
5131,10000.0
5132,10000.0
5133,10000.0
5134,10000.0
5135,10000.0
5136,10000.0
5137,10000.0
5138,10000.0
5139,10000.0
5140,10000.0
5141,10000.0
5142,10000.0
5143,10000.0
5144,10000.0
5145,10000.0
5146,10000.0
5147,10000.0
5148,10000.0
5149,10000.0
5150,10000.0
5151,10000.0
5152,10000.0
5153,10000.0
5154,10000.0
5155,10000.0
5156,10000.0
5157,10000.0
5158,10000.0
5159,10000.0
5160,10000.0
5161,10000.0
5162,10000.0
5163,10000.0
5164,10000.0
5165,10000.0
5166,10000.0
5167,10000.0
5168,10000.0
5169,10000.0
5170,10000.0
5171,10000.0
5172,10000.0
5173,10000.0
5174,10000.0
5175,10000.0
5176,10000.0
5177,10000.0
5178,10000.0
5179,10000.0
5180,10000.0
5181,10000.0
5182,10000.0
5183,10000.0
5184,10000.0
5185,10000.0
5186,10000.0
5187,10000.0
5188,10000.0
5189,10000.0
5190,10000.0
5191,10000.0
5192,10000.0
5193,10000.0
5194,10000.0
5195,10000.0
5196,10000.0
5197,10000.0
5198,10000.0
5199,10000.0
5200,10000.0
5201,10000.0
5202,10000.0
5203,10000.0
5204,10000.0
5205,10000.0
5206,10000.0
5207,10000.0
5208,10000.0
5209,10000.0
5210,10000.0
5211,10000.0
5212,10000.0
5213,10000.0
5214,10000.0
5215,10000.0
5216,10000.0
5217,10000.0
5218,10000.0
5219,10000.0
5220,10000.0
5221,10000.0
5222,10000.0
5223,10000.0
5224,10000.0
5225,10000.0
5226,10000.0
5227,10000.0
5228,10000.0
5229,10000.0
5230,10000.0
5231,10000.0
5232,10000.0
5233,10000.0
5234,10000.0
5235,10000.0
5236,10000.0
5237,10000.0
5238,10000.0
5239,10000.0
5240,10000.0
5241,10000.0
5242,10000.0
5243,10000.0
5244,10000.0
5245,10000.0
5246,10000.0
5247,10000.0
5248,10000.0
5249,10000.0
5250,10000.0
5251,10000.0
5252,10000.0
5253,10000.0
5254,10000.0
5255,10000.0
5256,10000.0
5257,10000.0
5258,10000.0
5259,10000.0
5260,10000.0
5261,10000.0
5262,10000.0
5263,10000.0
5264,10000.0
5265,10000.0
5266,10000.0
5267,10000.0
5268,10000.0
5269,10000.0
5270,10000.0
5271,10000.0
5272,10000.0
5273,10000.0
5274,10000.0
5275,10000.0
5276,10000.0
5277,10000.0
5278,10000.0
5279,10000.0
5280,10000.0
5281,10000.0
5282,10000.0
5283,10000.0
5284,10000.0
5285,10000.0
5286,10000.0
5287,10000.0
5288,10000.0
5289,10000.0
5290,10000.0
5291,10000.0
5292,10000.0
5293,10000.0
5294,10000.0
5295,10000.0
5296,10000.0
5297,10000.0
5298,10000.0
5299,10000.0
5300,10000.0
5301,10000.0
5302,10000.0
5303,10000.0
5304,10000.0
5305,10000.0
5306,10000.0
5307,10000.0
5308,10000.0
5309,10000.0
5310,10000.0
5311,10000.0
5312,10000.0
5313,10000.0
5314,10000.0
5315,10000.0
5316,10000.0
5317,10000.0
5318,10000.0
5319,10000.0
5320,10000.0
5321,10000.0
5322,10000.0
5323,10000.0
5324,10000.0
5325,10000.0
5326,10000.0
5327,10000.0
5328,10000.0
5329,10000.0
5330,10000.0
5331,10000.0
5332,10000.0
5333,10000.0
5334,10000.0
5335,10000.0
5336,10000.0
5337,10000.0
5338,10000.0
5339,10000.0
5340,10000.0
5341,10000.0
5342,10000.0
5343,10000.0
5344,10000.0
5345,10000.0
5346,10000.0
5347,10000.0
5348,10000.0
5349,10000.0
5350,10000.0
5351,10000.0
5352,10000.0
5353,10000.0
5354,10000.0
5355,10000.0
5356,10000.0
5357,10000.0
5358,10000.0
5359,10000.0
5360,10000.0
5361,10000.0
5362,10000.0
5363,10000.0
5364,10000.0
5365,10000.0
5366,10000.0
5367,10000.0
5368,10000.0
5369,10000.0
5370,10000.0
5371,10000.0
5372,10000.0
5373,10000.0
5374,10000.0
5375,10000.0
5376,10000.0
5377,10000.0
5378,10000.0
5379,10000.0
5380,10000.0
5381,10000.0
5382,10000.0
5383,10000.0
5384,10000.0
5385,10000.0
5386,10000.0
5387,10000.0
5388,10000.0
5389,10000.0
5390,10000.0
5391,10000.0
5392,10000.0
5393,10000.0
5394,10000.0
5395,10000.0
5396,10000.0
5397,10000.0
5398,10000.0
5399,10000.0
5400,10000.0
5401,10000.0
5402,10000.0
5403,10000.0
5404,10000.0
5405,10000.0
5406,10000.0
5407,10000.0
5408,10000.0
5409,10000.0
5410,10000.0
5411,10000.0
5412,10000.0
5413,10000.0
5414,10000.0
5415,10000.0
5416,10000.0
5417,10000.0
5418,10000.0
5419,10000.0
5420,10000.0
5421,10000.0
5422,10000.0
5423,10000.0
5424,10000.0
5425,10000.0
5426,10000.0
5427,10000.0
5428,10000.0
5429,10000.0
5430,10000.0
5431,10000.0
5432,10000.0
5433,10000.0
5434,10000.0
5435,10000.0
5436,10000.0
5437,10000.0
5438,10000.0
5439,10000.0
5440,10000.0
5441,10000.0
5442,10000.0
5443,10000.0
5444,10000.0
5445,10000.0
5446,10000.0
5447,10000.0
5448,10000.0
5449,10000.0
5450,10000.0
5451,10000.0
5452,10000.0
5453,10000.0
5454,10000.0
5455,10000.0
5456,10000.0
5457,10000.0
5458,10000.0
5459,10000.0
5460,10000.0
5461,10000.0
5462,10000.0
5463,10000.0
5464,10000.0
5465,10000.0
5466,10000.0
5467,10000.0
5468,10000.0
5469,10000.0
5470,10000.0
5471,10000.0
5472,10000.0
5473,10000.0
5474,10000.0
5475,10000.0
5476,10000.0
5477,10000.0
5478,10000.0
5479,10000.0
5480,10000.0
5481,10000.0
5482,10000.0
5483,10000.0
5484,10000.0
5485,10000.0
5486,10000.0
5487,10000.0
5488,10000.0
5489,10000.0
5490,10000.0
5491,10000.0
5492,10000.0
5493,10000.0
5494,10000.0
5495,10000.0
5496,10000.0
5497,10000.0
5498,10000.0
5499,10000.0
5500,10000.0
5501,10000.0
5502,10000.0
5503,10000.0
5504,10000.0
5505,10000.0
5506,10000.0
5507,10000.0
5508,10000.0
5509,10000.0
5510,10000.0
5511,10000.0
5512,10000.0
5513,10000.0
5514,10000.0
5515,10000.0
5516,10000.0
5517,10000.0
5518,10000.0
5519,10000.0
5520,10000.0
5521,10000.0
5522,10000.0
5523,10000.0
5524,10000.0
5525,10000.0
5526,10000.0
5527,10000.0
5528,10000.0
5529,10000.0
5530,10000.0
5531,10000.0
5532,10000.0
5533,10000.0
5534,10000.0
5535,10000.0
5536,10000.0
5537,10000.0
5538,10000.0
5539,10000.0
5540,10000.0
5541,10000.0
5542,10000.0
5543,10000.0
5544,10000.0
5545,10000.0
5546,10000.0
5547,10000.0
5548,10000.0
5549,10000.0
5550,10000.0
5551,10000.0
5552,10000.0
5553,10000.0
5554,10000.0
5555,10000.0
5556,10000.0
5557,10000.0
5558,10000.0
5559,10000.0
5560,10000.0
5561,10000.0
5562,10000.0
5563,10000.0
5564,10000.0
5565,10000.0
5566,10000.0
5567,10000.0
5568,10000.0
5569,10000.0
5570,10000.0
5571,10000.0
5572,10000.0
5573,10000.0
5574,10000.0
5575,10000.0
5576,10000.0
5577,10000.0
5578,10000.0
5579,10000.0
5580,10000.0
5581,10000.0
5582,10000.0
5583,10000.0
5584,10000.0
5585,10000.0
5586,10000.0
5587,10000.0
5588,10000.0
5589,10000.0
5590,10000.0
5591,10000.0
5592,10000.0
5593,10000.0
5594,10000.0
5595,10000.0
5596,10000.0
5597,10000.0
5598,10000.0
5599,10000.0
5600,10000.0
5601,10000.0
5602,10000.0
5603,10000.0
5604,10000.0
5605,10000.0
5606,10000.0
5607,10000.0
5608,10000.0
5609,10000.0
5610,10000.0
5611,10000.0
5612,10000.0
5613,10000.0
5614,10000.0
5615,10000.0
5616,10000.0
5617,10000.0
5618,10000.0
5619,10000.0
5620,10000.0
5621,10000.0
5622,10000.0
5623,10000.0
5624,10000.0
5625,10000.0
5626,10000.0
5627,10000.0
5628,10000.0
5629,10000.0
5630,10000.0
5631,10000.0
5632,10000.0
5633,10000.0
5634,10000.0
5635,10000.0
5636,10000.0
5637,10000.0
5638,10000.0
5639,10000.0
5640,10000.0
5641,10000.0
5642,10000.0
5643,10000.0
5644,10000.0
5645,10000.0
5646,10000.0
5647,10000.0
5648,10000.0
5649,10000.0
5650,10000.0
5651,10000.0
5652,10000.0
5653,10000.0
5654,10000.0
5655,10000.0
5656,10000.0
5657,10000.0
5658,10000.0
5659,10000.0
5660,10000.0
5661,10000.0
5662,10000.0
5663,10000.0
5664,10000.0
5665,10000.0
5666,10000.0
5667,10000.0
5668,10000.0
5669,10000.0
5670,10000.0
5671,10000.0
5672,10000.0
5673,10000.0
5674,10000.0
5675,10000.0
5676,10000.0
5677,10000.0
5678,10000.0
5679,10000.0
5680,10000.0
5681,10000.0
5682,10000.0
5683,10000.0
5684,10000.0
5685,10000.0
5686,10000.0
5687,10000.0
5688,10000.0
5689,10000.0
5690,10000.0
5691,10000.0
5692,10000.0
5693,10000.0
5694,10000.0
5695,10000.0
5696,10000.0
5697,10000.0
5698,10000.0
5699,10000.0
5700,10000.0
5701,10000.0
5702,10000.0
5703,10000.0
5704,10000.0
5705,10000.0
5706,10000.0
5707,10000.0
5708,10000.0
5709,10000.0
5710,10000.0
5711,10000.0
5712,10000.0
5713,10000.0
5714,10000.0
5715,10000.0
5716,10000.0
5717,10000.0
5718,10000.0
5719,10000.0
5720,10000.0
5721,10000.0
5722,10000.0
5723,10000.0
5724,10000.0
5725,10000.0
5726,10000.0
5727,10000.0
5728,10000.0
5729,10000.0
5730,10000.0
5731,10000.0
5732,10000.0
5733,10000.0
5734,10000.0
5735,10000.0
5736,10000.0
5737,10000.0
5738,10000.0
5739,10000.0
5740,10000.0
5741,10000.0
5742,10000.0
5743,10000.0
5744,10000.0
5745,10000.0
5746,10000.0
5747,10000.0
5748,10000.0
5749,10000.0
5750,10000.0
5751,10000.0
5752,10000.0
5753,10000.0
5754,10000.0
5755,10000.0
5756,10000.0
5757,10000.0
5758,10000.0
5759,10000.0
5760,10000.0
5761,10000.0
5762,10000.0
5763,10000.0
5764,10000.0
5765,10000.0
5766,10000.0
5767,10000.0
5768,10000.0
5769,10000.0
5770,10000.0
5771,10000.0
5772,10000.0
5773,10000.0
5774,10000.0
5775,10000.0
5776,10000.0
5777,10000.0
5778,10000.0
5779,10000.0
5780,10000.0
5781,10000.0
5782,10000.0
5783,10000.0
5784,10000.0
5785,10000.0
5786,10000.0
5787,10000.0
5788,10000.0
5789,10000.0
5790,10000.0
5791,10000.0
5792,10000.0
5793,10000.0
5794,10000.0
5795,10000.0
5796,10000.0
5797,10000.0
5798,10000.0
5799,10000.0
5800,10000.0
5801,10000.0
5802,10000.0
5803,10000.0
5804,10000.0
5805,10000.0
5806,10000.0
5807,10000.0
5808,10000.0
5809,10000.0
5810,10000.0
5811,10000.0
5812,10000.0
5813,10000.0
5814,10000.0
5815,10000.0
5816,10000.0
5817,10000.0
5818,10000.0
5819,10000.0
5820,10000.0
5821,10000.0
5822,10000.0
5823,10000.0
5824,10000.0
5825,10000.0
5826,10000.0
5827,10000.0
5828,10000.0
5829,10000.0
5830,10000.0
5831,10000.0
5832,10000.0
5833,10000.0
5834,10000.0
5835,10000.0
5836,10000.0
5837,10000.0
5838,10000.0
5839,10000.0
5840,10000.0
5841,10000.0
5842,10000.0
5843,10000.0
5844,10000.0
5845,10000.0
5846,10000.0
5847,10000.0
5848,10000.0
5849,10000.0
5850,10000.0
5851,10000.0
5852,10000.0
5853,10000.0
5854,10000.0
5855,10000.0
5856,10000.0
5857,10000.0
5858,10000.0
5859,10000.0
5860,10000.0
5861,10000.0
5862,10000.0
5863,10000.0
5864,10000.0
5865,10000.0
5866,10000.0
5867,10000.0
5868,10000.0
5869,10000.0
5870,10000.0
5871,10000.0
5872,10000.0
5873,10000.0
5874,10000.0
5875,10000.0
5876,10000.0
5877,10000.0
5878,10000.0
5879,10000.0
5880,10000.0
5881,10000.0
5882,10000.0
5883,10000.0
5884,10000.0
5885,10000.0
5886,10000.0
5887,10000.0
5888,10000.0
5889,10000.0
5890,10000.0
5891,10000.0
5892,10000.0
5893,10000.0
5894,10000.0
5895,10000.0
5896,10000.0
5897,10000.0
5898,10000.0
5899,10000.0
5900,10000.0
5901,10000.0
5902,10000.0
5903,10000.0
5904,10000.0
5905,10000.0
5906,10000.0
5907,10000.0
5908,10000.0
5909,10000.0
5910,10000.0
5911,10000.0
5912,10000.0
5913,10000.0
5914,10000.0
5915,10000.0
5916,10000.0
5917,10000.0
5918,10000.0
5919,10000.0
5920,10000.0
5921,10000.0
5922,10000.0
5923,10000.0
5924,10000.0
5925,10000.0
5926,10000.0
5927,10000.0
5928,10000.0
5929,10000.0
5930,10000.0
5931,10000.0
5932,10000.0
5933,10000.0
5934,10000.0
5935,10000.0
5936,10000.0
5937,10000.0
5938,10000.0
5939,10000.0
5940,10000.0
5941,10000.0
5942,10000.0
5943,10000.0
5944,10000.0
5945,10000.0
5946,10000.0
5947,10000.0
5948,10000.0
5949,10000.0
5950,10000.0
5951,10000.0
5952,10000.0
5953,10000.0
5954,10000.0
5955,10000.0
5956,10000.0
5957,10000.0
5958,10000.0
5959,10000.0
5960,10000.0
5961,10000.0
5962,10000.0
5963,10000.0
5964,10000.0
5965,10000.0
5966,10000.0
5967,10000.0
5968,10000.0
5969,10000.0
5970,10000.0
5971,10000.0
5972,10000.0
5973,10000.0
5974,10000.0
5975,10000.0
5976,10000.0
5977,10000.0
5978,10000.0
5979,10000.0
5980,10000.0
5981,10000.0
5982,10000.0
5983,10000.0
5984,10000.0
5985,10000.0
5986,10000.0
5987,10000.0
5988,10000.0
5989,10000.0
5990,10000.0
5991,10000.0
5992,10000.0
5993,10000.0
5994,10000.0
5995,10000.0
5996,10000.0
5997,10000.0
5998,10000.0
5999,10000.0
6000,10000.0
6001,10000.0
6002,10000.0
6003,10000.0
6004,10000.0
6005,10000.0
6006,10000.0
6007,10000.0
6008,10000.0
6009,10000.0
6010,10000.0
6011,10000.0
6012,10000.0
6013,10000.0
6014,10000.0
6015,10000.0
6016,10000.0
6017,10000.0
6018,10000.0
6019,10000.0
6020,10000.0
6021,10000.0
6022,10000.0
6023,10000.0
6024,10000.0
6025,10000.0
6026,10000.0
6027,10000.0
6028,10000.0
6029,10000.0
6030,10000.0
6031,10000.0
6032,10000.0
6033,10000.0
6034,10000.0
6035,10000.0
6036,10000.0
6037,10000.0
6038,10000.0
6039,10000.0
6040,10000.0
6041,10000.0
6042,10000.0
6043,10000.0
6044,10000.0
6045,10000.0
6046,10000.0
6047,10000.0
6048,10000.0
6049,10000.0
6050,10000.0
6051,10000.0
6052,10000.0
6053,10000.0
6054,10000.0
6055,10000.0
6056,10000.0
6057,10000.0
6058,10000.0
6059,10000.0
6060,10000.0
6061,10000.0
6062,10000.0
6063,10000.0
6064,10000.0
6065,10000.0
6066,10000.0
6067,10000.0
6068,10000.0
6069,10000.0
6070,10000.0
6071,10000.0
6072,10000.0
6073,10000.0
6074,10000.0
6075,10000.0
6076,10000.0
6077,10000.0
6078,10000.0
6079,10000.0
6080,10000.0
6081,10000.0
6082,10000.0
6083,10000.0
6084,10000.0
6085,10000.0
6086,10000.0
6087,10000.0
6088,10000.0
6089,10000.0
6090,10000.0
6091,10000.0
6092,10000.0
6093,10000.0
6094,10000.0
6095,10000.0
6096,10000.0
6097,10000.0
6098,10000.0
6099,10000.0
6100,10000.0
6101,10000.0
6102,10000.0
6103,10000.0
6104,10000.0
6105,10000.0
6106,10000.0
6107,10000.0
6108,10000.0
6109,10000.0
6110,10000.0
6111,10000.0
6112,10000.0
6113,10000.0
6114,10000.0
6115,10000.0
6116,10000.0
6117,10000.0
6118,10000.0
6119,10000.0
6120,10000.0
6121,10000.0
6122,10000.0
6123,10000.0
6124,10000.0
6125,10000.0
6126,10000.0
6127,10000.0
6128,10000.0
6129,10000.0
6130,10000.0
6131,10000.0
6132,10000.0
6133,10000.0
6134,10000.0
6135,10000.0
6136,10000.0
6137,10000.0
6138,10000.0
6139,10000.0
6140,10000.0
6141,10000.0
6142,10000.0
6143,10000.0
6144,10000.0
6145,10000.0
6146,10000.0
6147,10000.0
6148,10000.0
6149,10000.0
6150,10000.0
6151,10000.0
6152,10000.0
6153,10000.0
6154,10000.0
6155,10000.0
6156,10000.0
6157,10000.0
6158,10000.0
6159,10000.0
6160,10000.0
6161,10000.0
6162,10000.0
6163,10000.0
6164,10000.0
6165,10000.0
6166,10000.0
6167,10000.0
6168,10000.0
6169,10000.0
6170,10000.0
6171,10000.0
6172,10000.0
6173,10000.0
6174,10000.0
6175,10000.0
6176,10000.0
6177,10000.0
6178,10000.0
6179,10000.0
6180,10000.0
6181,10000.0
6182,10000.0
6183,10000.0
6184,10000.0
6185,10000.0
6186,10000.0
6187,10000.0
6188,10000.0
6189,10000.0
6190,10000.0
6191,10000.0
6192,10000.0
6193,10000.0
6194,10000.0
6195,10000.0
6196,10000.0
6197,10000.0
6198,10000.0
6199,10000.0
6200,10000.0
6201,10000.0
6202,10000.0
6203,10000.0
6204,10000.0
6205,10000.0
6206,10000.0
6207,10000.0
6208,10000.0
6209,10000.0
6210,10000.0
6211,10000.0
6212,10000.0
6213,10000.0
6214,10000.0
6215,10000.0
6216,10000.0
6217,10000.0
6218,10000.0
6219,10000.0
6220,10000.0
6221,10000.0
6222,10000.0
6223,10000.0
6224,10000.0
6225,10000.0
6226,10000.0
6227,10000.0
6228,10000.0
6229,10000.0
6230,10000.0
6231,10000.0
6232,10000.0
6233,10000.0
6234,10000.0
6235,10000.0
6236,10000.0
6237,10000.0
6238,10000.0
6239,10000.0
6240,10000.0
6241,10000.0
6242,10000.0
6243,10000.0
6244,10000.0
6245,10000.0
6246,10000.0
6247,10000.0
6248,10000.0
6249,10000.0
6250,10000.0
6251,10000.0
6252,10000.0
6253,10000.0
6254,10000.0
6255,10000.0
6256,10000.0
6257,10000.0
6258,10000.0
6259,10000.0
6260,10000.0
6261,10000.0
6262,10000.0
6263,10000.0
6264,10000.0
6265,10000.0
6266,10000.0
6267,10000.0
6268,10000.0
6269,10000.0
6270,10000.0
6271,10000.0
6272,10000.0
6273,10000.0
6274,10000.0
6275,10000.0
6276,10000.0
6277,10000.0
6278,10000.0
6279,10000.0
6280,10000.0
6281,10000.0
6282,10000.0
6283,10000.0
6284,10000.0
6285,10000.0
6286,10000.0
6287,10000.0
6288,10000.0
6289,10000.0
6290,10000.0
6291,10000.0
6292,10000.0
6293,10000.0
6294,10000.0
6295,10000.0
6296,10000.0
6297,10000.0
6298,10000.0
6299,10000.0
6300,10000.0
6301,10000.0
6302,10000.0
6303,10000.0
6304,10000.0
6305,10000.0
6306,10000.0
6307,10000.0
6308,10000.0
6309,10000.0
6310,10000.0
6311,10000.0
6312,10000.0
6313,10000.0
6314,10000.0
6315,10000.0
6316,10000.0
6317,10000.0
6318,10000.0
6319,10000.0
6320,10000.0
6321,10000.0
6322,10000.0
6323,10000.0
6324,10000.0
6325,10000.0
6326,10000.0
6327,10000.0
6328,10000.0
6329,10000.0
6330,10000.0
6331,10000.0
6332,10000.0
6333,10000.0
6334,10000.0
6335,10000.0
6336,10000.0
6337,10000.0
6338,10000.0
6339,10000.0
6340,10000.0
6341,10000.0
6342,10000.0
6343,10000.0
6344,10000.0
6345,10000.0
6346,10000.0
6347,10000.0
6348,10000.0
6349,10000.0
6350,10000.0
6351,10000.0
6352,10000.0
6353,10000.0
6354,10000.0
6355,10000.0
6356,10000.0
6357,10000.0
6358,10000.0
6359,10000.0
6360,10000.0
6361,10000.0
6362,10000.0
6363,10000.0
6364,10000.0
6365,10000.0
6366,10000.0
6367,10000.0
6368,10000.0
6369,10000.0
6370,10000.0
6371,10000.0
6372,10000.0
6373,10000.0
6374,10000.0
6375,10000.0
6376,10000.0
6377,10000.0
6378,10000.0
6379,10000.0
6380,10000.0
6381,10000.0
6382,10000.0
6383,10000.0
6384,10000.0
6385,10000.0
6386,10000.0
6387,10000.0
6388,10000.0
6389,10000.0
6390,10000.0
6391,10000.0
6392,10000.0
6393,10000.0
6394,10000.0
6395,10000.0
6396,10000.0
6397,10000.0
6398,10000.0
6399,10000.0
6400,10000.0
6401,10000.0
6402,10000.0
6403,10000.0
6404,10000.0
6405,10000.0
6406,10000.0
6407,10000.0
6408,10000.0
6409,10000.0
6410,10000.0
6411,10000.0
6412,10000.0
6413,10000.0
6414,10000.0
6415,10000.0
6416,10000.0
6417,10000.0
6418,10000.0
6419,10000.0
6420,10000.0
6421,10000.0
6422,10000.0
6423,10000.0
6424,10000.0
6425,10000.0
6426,10000.0
6427,10000.0
6428,10000.0
6429,10000.0
6430,10000.0
6431,10000.0
6432,10000.0
6433,10000.0
6434,10000.0
6435,10000.0
6436,10000.0
6437,10000.0
6438,10000.0
6439,10000.0
6440,10000.0
6441,10000.0
6442,10000.0
6443,10000.0
6444,10000.0
6445,10000.0
6446,10000.0
6447,10000.0
6448,10000.0
6449,10000.0
6450,10000.0
6451,10000.0
6452,10000.0
6453,10000.0
6454,10000.0
6455,10000.0
6456,10000.0
6457,10000.0
6458,10000.0
6459,10000.0
6460,10000.0
6461,10000.0
6462,10000.0
6463,10000.0
6464,10000.0
6465,10000.0
6466,10000.0
6467,10000.0
6468,10000.0
6469,10000.0
6470,10000.0
6471,10000.0
6472,10000.0
6473,10000.0
6474,10000.0
6475,10000.0
6476,10000.0
6477,10000.0
6478,10000.0
6479,10000.0
6480,10000.0
6481,10000.0
6482,10000.0
6483,10000.0
6484,10000.0
6485,10000.0
6486,10000.0
6487,10000.0
6488,10000.0
6489,10000.0
6490,10000.0
6491,10000.0
6492,10000.0
6493,10000.0
6494,10000.0
6495,10000.0
6496,10000.0
6497,10000.0
6498,10000.0
6499,10000.0
6500,10000.0
6501,10000.0
6502,10000.0
6503,10000.0
6504,10000.0
6505,10000.0
6506,10000.0
6507,10000.0
6508,10000.0
6509,10000.0
6510,10000.0
6511,10000.0
6512,10000.0
6513,10000.0
6514,10000.0
6515,10000.0
6516,10000.0
6517,10000.0
6518,10000.0
6519,10000.0
6520,10000.0
6521,10000.0
6522,10000.0
6523,10000.0
6524,10000.0
6525,10000.0
6526,10000.0
6527,10000.0
6528,10000.0
6529,10000.0
6530,10000.0
6531,10000.0
6532,10000.0
6533,10000.0
6534,10000.0
6535,10000.0
6536,10000.0
6537,10000.0
6538,10000.0
6539,10000.0
6540,10000.0
6541,10000.0
6542,10000.0
6543,10000.0
6544,10000.0
6545,10000.0
6546,10000.0
6547,10000.0
6548,10000.0
6549,10000.0
6550,10000.0
6551,10000.0
6552,10000.0
6553,10000.0
6554,10000.0
6555,10000.0
6556,10000.0
6557,10000.0
6558,10000.0
6559,10000.0
6560,10000.0
6561,10000.0
6562,10000.0
6563,10000.0
6564,10000.0
6565,10000.0
6566,10000.0
6567,10000.0
6568,10000.0
6569,10000.0
6570,10000.0
6571,10000.0
6572,10000.0
6573,10000.0
6574,10000.0
6575,10000.0
6576,10000.0
6577,10000.0
6578,10000.0
6579,10000.0
6580,10000.0
6581,10000.0
6582,10000.0
6583,10000.0
6584,10000.0
6585,10000.0
6586,10000.0
6587,10000.0
6588,10000.0
6589,10000.0
6590,10000.0
6591,10000.0
6592,10000.0
6593,10000.0
6594,10000.0
6595,10000.0
6596,10000.0
6597,10000.0
6598,10000.0
6599,10000.0
6600,10000.0
6601,10000.0
6602,10000.0
6603,10000.0
6604,10000.0
6605,10000.0
6606,10000.0
6607,10000.0
6608,10000.0
6609,10000.0
6610,10000.0
6611,10000.0
6612,10000.0
6613,10000.0
6614,10000.0
6615,10000.0
6616,10000.0
6617,10000.0
6618,10000.0
6619,10000.0
6620,10000.0
6621,10000.0
6622,10000.0
6623,10000.0
6624,10000.0
6625,10000.0
6626,10000.0
6627,10000.0
6628,10000.0
6629,10000.0
6630,10000.0
6631,10000.0
6632,10000.0
6633,10000.0
6634,10000.0
6635,10000.0
6636,10000.0
6637,10000.0
6638,10000.0
6639,10000.0
6640,10000.0
6641,10000.0
6642,10000.0
6643,10000.0
6644,10000.0
6645,10000.0
6646,10000.0
6647,10000.0
6648,10000.0
6649,10000.0
6650,10000.0
6651,10000.0
6652,10000.0
6653,10000.0
6654,10000.0
6655,10000.0
6656,10000.0
6657,10000.0
6658,10000.0
6659,10000.0
6660,10000.0
6661,10000.0
6662,10000.0
6663,10000.0
6664,10000.0
6665,10000.0
6666,10000.0
6667,10000.0
6668,10000.0
6669,10000.0
6670,10000.0
6671,10000.0
6672,10000.0
6673,10000.0
6674,10000.0
6675,10000.0
6676,10000.0
6677,10000.0
6678,10000.0
6679,10000.0
6680,10000.0
6681,10000.0
6682,10000.0
6683,10000.0
6684,10000.0
6685,10000.0
6686,10000.0
6687,10000.0
6688,10000.0
6689,10000.0
6690,10000.0
6691,10000.0
6692,10000.0
6693,10000.0
6694,10000.0
6695,10000.0
6696,10000.0
6697,10000.0
6698,10000.0
6699,10000.0
6700,10000.0
6701,10000.0
6702,10000.0
6703,10000.0
6704,10000.0
6705,10000.0
6706,10000.0
6707,10000.0
6708,10000.0
6709,10000.0
6710,10000.0
6711,10000.0
6712,10000.0
6713,10000.0
6714,10000.0
6715,10000.0
6716,10000.0
6717,10000.0
6718,10000.0
6719,10000.0
6720,10000.0
6721,10000.0
6722,10000.0
6723,10000.0
6724,10000.0
6725,10000.0
6726,10000.0
6727,10000.0
6728,10000.0
6729,10000.0
6730,10000.0
6731,10000.0
6732,10000.0
6733,10000.0
6734,10000.0
6735,10000.0
6736,10000.0
6737,10000.0
6738,10000.0
6739,10000.0
6740,10000.0
6741,10000.0
6742,10000.0
6743,10000.0
6744,10000.0
6745,10000.0
6746,10000.0
6747,10000.0
6748,10000.0
6749,10000.0
6750,10000.0
6751,10000.0
6752,10000.0
6753,10000.0
6754,10000.0
6755,10000.0
6756,10000.0
6757,10000.0
6758,10000.0
6759,10000.0
6760,10000.0
6761,10000.0
6762,10000.0
6763,10000.0
6764,10000.0
6765,10000.0
6766,10000.0
6767,10000.0
6768,10000.0
6769,10000.0
6770,10000.0
6771,10000.0
6772,10000.0
6773,10000.0
6774,10000.0
6775,10000.0
6776,10000.0
6777,10000.0
6778,10000.0
6779,10000.0
6780,10000.0
6781,10000.0
6782,10000.0
6783,10000.0
6784,10000.0
6785,10000.0
6786,10000.0
6787,10000.0
6788,10000.0
6789,10000.0
6790,10000.0
6791,10000.0
6792,10000.0
6793,10000.0
6794,10000.0
6795,10000.0
6796,10000.0
6797,10000.0
6798,10000.0
6799,10000.0
6800,10000.0
6801,10000.0
6802,10000.0
6803,10000.0
6804,10000.0
6805,10000.0
6806,10000.0
6807,10000.0
6808,10000.0
6809,10000.0
6810,10000.0
6811,10000.0
6812,10000.0
6813,10000.0
6814,10000.0
6815,10000.0
6816,10000.0
6817,10000.0
6818,10000.0
6819,10000.0
6820,10000.0
6821,10000.0
6822,10000.0
6823,10000.0
6824,10000.0
6825,10000.0
6826,10000.0
6827,10000.0
6828,10000.0
6829,10000.0
6830,10000.0
6831,10000.0
6832,10000.0
6833,10000.0
6834,10000.0
6835,10000.0
6836,10000.0
6837,10000.0
6838,10000.0
6839,10000.0
6840,10000.0
6841,10000.0
6842,10000.0
6843,10000.0
6844,10000.0
6845,10000.0
6846,10000.0
6847,10000.0
6848,10000.0
6849,10000.0
6850,10000.0
6851,10000.0
6852,10000.0
6853,10000.0
6854,10000.0
6855,10000.0
6856,10000.0
6857,10000.0
6858,10000.0
6859,10000.0
6860,10000.0
6861,10000.0
6862,10000.0
6863,10000.0
6864,10000.0
6865,10000.0
6866,10000.0
6867,10000.0
6868,10000.0
6869,10000.0
6870,10000.0
6871,10000.0
6872,10000.0
6873,10000.0
6874,10000.0
6875,10000.0
6876,10000.0
6877,10000.0
6878,10000.0
6879,10000.0
6880,10000.0
6881,10000.0
6882,10000.0
6883,10000.0
6884,10000.0
6885,10000.0
6886,10000.0
6887,10000.0
6888,10000.0
6889,10000.0
6890,10000.0
6891,10000.0
6892,10000.0
6893,10000.0
6894,10000.0
6895,10000.0
6896,10000.0
6897,10000.0
6898,10000.0
6899,10000.0
6900,10000.0
6901,10000.0
6902,10000.0
6903,10000.0
6904,10000.0
6905,10000.0
6906,10000.0
6907,10000.0
6908,10000.0
6909,10000.0
6910,10000.0
6911,10000.0
6912,10000.0
6913,10000.0
6914,10000.0
6915,10000.0
6916,10000.0
6917,10000.0
6918,10000.0
6919,10000.0
6920,10000.0
6921,10000.0
6922,10000.0
6923,10000.0
6924,10000.0
6925,10000.0
6926,10000.0
6927,10000.0
6928,10000.0
6929,10000.0
6930,10000.0
6931,10000.0
6932,10000.0
6933,10000.0
6934,10000.0
6935,10000.0
6936,10000.0
6937,10000.0
6938,10000.0
6939,10000.0
6940,10000.0
6941,10000.0
6942,10000.0
6943,10000.0
6944,10000.0
6945,10000.0
6946,10000.0
6947,10000.0
6948,10000.0
6949,10000.0
6950,10000.0
6951,10000.0
6952,10000.0
6953,10000.0
6954,10000.0
6955,10000.0
6956,10000.0
6957,10000.0
6958,10000.0
6959,10000.0
6960,10000.0
6961,10000.0
6962,10000.0
6963,10000.0
6964,10000.0
6965,10000.0
6966,10000.0
6967,10000.0
6968,10000.0
6969,10000.0
6970,10000.0
6971,10000.0
6972,10000.0
6973,10000.0
6974,10000.0
6975,10000.0
6976,10000.0
6977,10000.0
6978,10000.0
6979,10000.0
6980,10000.0
6981,10000.0
6982,10000.0
6983,10000.0
6984,10000.0
6985,10000.0
6986,10000.0
6987,10000.0
6988,10000.0
6989,10000.0
6990,10000.0
6991,10000.0
6992,10000.0
6993,10000.0
6994,10000.0
6995,10000.0
6996,10000.0
6997,10000.0
6998,10000.0
6999,10000.0
7000,10000.0
7001,10000.0
7002,10000.0
7003,10000.0
7004,10000.0
7005,10000.0
7006,10000.0
7007,10000.0
7008,10000.0
7009,10000.0
7010,10000.0
7011,10000.0
7012,10000.0
7013,10000.0
7014,10000.0
7015,10000.0
7016,10000.0
7017,10000.0
7018,10000.0
7019,10000.0
7020,10000.0
7021,10000.0
7022,10000.0
7023,10000.0
7024,10000.0
7025,10000.0
7026,10000.0
7027,10000.0
7028,10000.0
7029,10000.0
7030,10000.0
7031,10000.0
7032,10000.0
7033,10000.0
7034,10000.0
7035,10000.0
7036,10000.0
7037,10000.0
7038,10000.0
7039,10000.0
7040,10000.0
7041,10000.0
7042,10000.0
7043,10000.0
7044,10000.0
7045,10000.0
7046,10000.0
7047,10000.0
7048,10000.0
7049,10000.0
7050,10000.0
7051,10000.0
7052,10000.0
7053,10000.0
7054,10000.0
7055,10000.0
7056,10000.0
7057,10000.0
7058,10000.0
7059,10000.0
7060,10000.0
7061,10000.0
7062,10000.0
7063,10000.0
7064,10000.0
7065,10000.0
7066,10000.0
7067,10000.0
7068,10000.0
7069,10000.0
7070,10000.0
7071,10000.0
7072,10000.0
7073,10000.0
7074,10000.0
7075,10000.0
7076,10000.0
7077,10000.0
7078,10000.0
7079,10000.0
7080,10000.0
7081,10000.0
7082,10000.0
7083,10000.0
7084,10000.0
7085,10000.0
7086,10000.0
7087,10000.0
7088,10000.0
7089,10000.0
7090,10000.0
7091,10000.0
7092,10000.0
7093,10000.0
7094,10000.0
7095,10000.0
7096,10000.0
7097,10000.0
7098,10000.0
7099,10000.0
7100,10000.0
7101,10000.0
7102,10000.0
7103,10000.0
7104,10000.0
7105,10000.0
7106,10000.0
7107,10000.0
7108,10000.0
7109,10000.0
7110,10000.0
7111,10000.0
7112,10000.0
7113,10000.0
7114,10000.0
7115,10000.0
7116,10000.0
7117,10000.0
7118,10000.0
7119,10000.0
7120,10000.0
7121,10000.0
7122,10000.0
7123,10000.0
7124,10000.0
7125,10000.0
7126,10000.0
7127,10000.0
7128,10000.0
7129,10000.0
7130,10000.0
7131,10000.0
7132,10000.0
7133,10000.0
7134,10000.0
7135,10000.0
7136,10000.0
7137,10000.0
7138,10000.0
7139,10000.0
7140,10000.0
7141,10000.0
7142,10000.0
7143,10000.0
7144,10000.0
7145,10000.0
7146,10000.0
7147,10000.0
7148,10000.0
7149,10000.0
7150,10000.0
7151,10000.0
7152,10000.0
7153,10000.0
7154,10000.0
7155,10000.0
7156,10000.0
7157,10000.0
7158,10000.0
7159,10000.0
7160,10000.0
7161,10000.0
7162,10000.0
7163,10000.0
7164,10000.0
7165,10000.0
7166,10000.0
7167,10000.0
7168,10000.0
7169,10000.0
7170,10000.0
7171,10000.0
7172,10000.0
7173,10000.0
7174,10000.0
7175,10000.0
7176,10000.0
7177,10000.0
7178,10000.0
7179,10000.0
7180,10000.0
7181,10000.0
7182,10000.0
7183,10000.0
7184,10000.0
7185,10000.0
7186,10000.0
7187,10000.0
7188,10000.0
7189,10000.0
7190,10000.0
7191,10000.0
7192,10000.0
7193,10000.0
7194,10000.0
7195,10000.0
7196,10000.0
7197,10000.0
7198,10000.0
7199,10000.0
7200,10000.0
7201,10000.0
7202,10000.0
7203,10000.0
7204,10000.0
7205,10000.0
7206,10000.0
7207,10000.0
7208,10000.0
7209,10000.0
7210,10000.0
7211,10000.0
7212,10000.0
7213,10000.0
7214,10000.0
7215,10000.0
7216,10000.0
7217,10000.0
7218,10000.0
7219,10000.0
7220,10000.0
7221,10000.0
7222,10000.0
7223,10000.0
7224,10000.0
7225,10000.0
7226,10000.0
7227,10000.0
7228,10000.0
7229,10000.0
7230,10000.0
7231,10000.0
7232,10000.0
7233,10000.0
7234,10000.0
7235,10000.0
7236,10000.0
7237,10000.0
7238,10000.0
7239,10000.0
7240,10000.0
7241,10000.0
7242,10000.0
7243,10000.0
7244,10000.0
7245,10000.0
7246,10000.0
7247,10000.0
7248,10000.0
7249,10000.0
7250,10000.0
7251,10000.0
7252,10000.0
7253,10000.0
7254,10000.0
7255,10000.0
7256,10000.0
7257,10000.0
7258,10000.0
7259,10000.0
7260,10000.0
7261,10000.0
7262,10000.0
7263,10000.0
7264,10000.0
7265,10000.0
7266,10000.0
7267,10000.0
7268,10000.0
7269,10000.0
7270,10000.0
7271,10000.0
7272,10000.0
7273,10000.0
7274,10000.0
7275,10000.0
7276,10000.0
7277,10000.0
7278,10000.0
7279,10000.0
7280,10000.0
7281,10000.0
7282,10000.0
7283,10000.0
7284,10000.0
7285,10000.0
7286,10000.0
7287,10000.0
7288,10000.0
7289,10000.0
7290,10000.0
7291,10000.0
7292,10000.0
7293,10000.0
7294,10000.0
7295,10000.0
7296,10000.0
7297,10000.0
7298,10000.0
7299,10000.0
7300,10000.0
7301,10000.0
7302,10000.0
7303,10000.0
7304,10000.0
7305,10000.0
7306,10000.0
7307,10000.0
7308,10000.0
7309,10000.0
7310,10000.0
7311,10000.0
7312,10000.0
7313,10000.0
7314,10000.0
7315,10000.0
7316,10000.0
7317,10000.0
7318,10000.0
7319,10000.0
7320,10000.0
7321,10000.0
7322,10000.0
7323,10000.0
7324,10000.0
7325,10000.0
7326,10000.0
7327,10000.0
7328,10000.0
7329,10000.0
7330,10000.0
7331,10000.0
7332,10000.0
7333,10000.0
7334,10000.0
7335,10000.0
7336,10000.0
7337,10000.0
7338,10000.0
7339,10000.0
7340,10000.0
7341,10000.0
7342,10000.0
7343,10000.0
7344,10000.0
7345,10000.0
7346,10000.0
7347,10000.0
7348,10000.0
7349,10000.0
7350,10000.0
7351,10000.0
7352,10000.0
7353,10000.0
7354,10000.0
7355,10000.0
7356,10000.0
7357,10000.0
7358,10000.0
7359,10000.0
7360,10000.0
7361,10000.0
7362,10000.0
7363,10000.0
7364,10000.0
7365,10000.0
7366,10000.0
7367,10000.0
7368,10000.0
7369,10000.0
7370,10000.0
7371,10000.0
7372,10000.0
7373,10000.0
7374,10000.0
7375,10000.0
7376,10000.0
7377,10000.0
7378,10000.0
7379,10000.0
7380,10000.0
7381,10000.0
7382,10000.0
7383,10000.0
7384,10000.0
7385,10000.0
7386,10000.0
7387,10000.0
7388,10000.0
7389,10000.0
7390,10000.0
7391,10000.0
7392,10000.0
7393,10000.0
7394,10000.0
7395,10000.0
7396,10000.0
7397,10000.0
7398,10000.0
7399,10000.0
7400,10000.0
7401,10000.0
7402,10000.0
7403,10000.0
7404,10000.0
7405,10000.0
7406,10000.0
7407,10000.0
7408,10000.0
7409,10000.0
7410,10000.0
7411,10000.0
7412,10000.0
7413,10000.0
7414,10000.0
7415,10000.0
7416,10000.0
7417,10000.0
7418,10000.0
7419,10000.0
7420,10000.0
7421,10000.0
7422,10000.0
7423,10000.0
7424,10000.0
7425,10000.0
7426,10000.0
7427,10000.0
7428,10000.0
7429,10000.0
7430,10000.0
7431,10000.0
7432,10000.0
7433,10000.0
7434,10000.0
7435,10000.0
7436,10000.0
7437,10000.0
7438,10000.0
7439,10000.0
7440,10000.0
7441,10000.0
7442,10000.0
7443,10000.0
7444,10000.0
7445,10000.0
7446,10000.0
7447,10000.0
7448,10000.0
7449,10000.0
7450,10000.0
7451,10000.0
7452,10000.0
7453,10000.0
7454,10000.0
7455,10000.0
7456,10000.0
7457,10000.0
7458,10000.0
7459,10000.0
7460,10000.0
7461,10000.0
7462,10000.0
7463,10000.0
7464,10000.0
7465,10000.0
7466,10000.0
7467,10000.0
7468,10000.0
7469,10000.0
7470,10000.0
7471,10000.0
7472,10000.0
7473,10000.0
7474,10000.0
7475,10000.0
7476,10000.0
7477,10000.0
7478,10000.0
7479,10000.0
7480,10000.0
7481,10000.0
7482,10000.0
7483,10000.0
7484,10000.0
7485,10000.0
7486,10000.0
7487,10000.0
7488,10000.0
7489,10000.0
7490,10000.0
7491,10000.0
7492,10000.0
7493,10000.0
7494,10000.0
7495,10000.0
7496,10000.0
7497,10000.0
7498,10000.0
7499,10000.0
7500,10000.0
7501,10000.0
7502,10000.0
7503,10000.0
7504,10000.0
7505,10000.0
7506,10000.0
7507,10000.0
7508,10000.0
7509,10000.0
7510,10000.0
7511,10000.0
7512,10000.0
7513,10000.0
7514,10000.0
7515,10000.0
7516,10000.0
7517,10000.0
7518,10000.0
7519,10000.0
7520,10000.0
7521,10000.0
7522,10000.0
7523,10000.0
7524,10000.0
7525,10000.0
7526,10000.0
7527,10000.0
7528,10000.0
7529,10000.0
7530,10000.0
7531,10000.0
7532,10000.0
7533,10000.0
7534,10000.0
7535,10000.0
7536,10000.0
7537,10000.0
7538,10000.0
7539,10000.0
7540,10000.0
7541,10000.0
7542,10000.0
7543,10000.0
7544,10000.0
7545,10000.0
7546,10000.0
7547,10000.0
7548,10000.0
7549,10000.0
7550,10000.0
7551,10000.0
7552,10000.0
7553,10000.0
7554,10000.0
7555,10000.0
7556,10000.0
7557,10000.0
7558,10000.0
7559,10000.0
7560,10000.0
7561,10000.0
7562,10000.0
7563,10000.0
7564,10000.0
7565,10000.0
7566,10000.0
7567,10000.0
7568,10000.0
7569,10000.0
7570,10000.0
7571,10000.0
7572,10000.0
7573,10000.0
7574,10000.0
7575,10000.0
7576,10000.0
7577,10000.0
7578,10000.0
7579,10000.0
7580,10000.0
7581,10000.0
7582,10000.0
7583,10000.0
7584,10000.0
7585,10000.0
7586,10000.0
7587,10000.0
7588,10000.0
7589,10000.0
7590,10000.0
7591,10000.0
7592,10000.0
7593,10000.0
7594,10000.0
7595,10000.0
7596,10000.0
7597,10000.0
7598,10000.0
7599,10000.0
7600,10000.0
7601,10000.0
7602,10000.0
7603,10000.0
7604,10000.0
7605,10000.0
7606,10000.0
7607,10000.0
7608,10000.0
7609,10000.0
7610,10000.0
7611,10000.0
7612,10000.0
7613,10000.0
7614,10000.0
7615,10000.0
7616,10000.0
7617,10000.0
7618,10000.0
7619,10000.0
7620,10000.0
7621,10000.0
7622,10000.0
7623,10000.0
7624,10000.0
7625,10000.0
7626,10000.0
7627,10000.0
7628,10000.0
7629,10000.0
7630,10000.0
7631,10000.0
7632,10000.0
7633,10000.0
7634,10000.0
7635,10000.0
7636,10000.0
7637,10000.0
7638,10000.0
7639,10000.0
7640,10000.0
7641,10000.0
7642,10000.0
7643,10000.0
7644,10000.0
7645,10000.0
7646,10000.0
7647,10000.0
7648,10000.0
7649,10000.0
7650,10000.0
7651,10000.0
7652,10000.0
7653,10000.0
7654,10000.0
7655,10000.0
7656,10000.0
7657,10000.0
7658,10000.0
7659,10000.0
7660,10000.0
7661,10000.0
7662,10000.0
7663,10000.0
7664,10000.0
7665,10000.0
7666,10000.0
7667,10000.0
7668,10000.0
7669,10000.0
7670,10000.0
7671,10000.0
7672,10000.0
7673,10000.0
7674,10000.0
7675,10000.0
7676,10000.0
7677,10000.0
7678,10000.0
7679,10000.0
7680,10000.0
7681,10000.0
7682,10000.0
7683,10000.0
7684,10000.0
7685,10000.0
7686,10000.0
7687,10000.0
7688,10000.0
7689,10000.0
7690,10000.0
7691,10000.0
7692,10000.0
7693,10000.0
7694,10000.0
7695,10000.0
7696,10000.0
7697,10000.0
7698,10000.0
7699,10000.0
7700,10000.0
7701,10000.0
7702,10000.0
7703,10000.0
7704,10000.0
7705,10000.0
7706,10000.0
7707,10000.0
7708,10000.0
7709,10000.0
7710,10000.0
7711,10000.0
7712,10000.0
7713,10000.0
7714,10000.0
7715,10000.0
7716,10000.0
7717,10000.0
7718,10000.0
7719,10000.0
7720,10000.0
7721,10000.0
7722,10000.0
7723,10000.0
7724,10000.0
7725,10000.0
7726,10000.0
7727,10000.0
7728,10000.0
7729,10000.0
7730,10000.0
7731,10000.0
7732,10000.0
7733,10000.0
7734,10000.0
7735,10000.0
7736,10000.0
7737,10000.0
7738,10000.0
7739,10000.0
7740,10000.0
7741,10000.0
7742,10000.0
7743,10000.0
7744,10000.0
7745,10000.0
7746,10000.0
7747,10000.0
7748,10000.0
7749,10000.0
7750,10000.0
7751,10000.0
7752,10000.0
7753,10000.0
7754,10000.0
7755,10000.0
7756,10000.0
7757,10000.0
7758,10000.0
7759,10000.0
7760,10000.0
7761,10000.0
7762,10000.0
7763,10000.0
7764,10000.0
7765,10000.0
7766,10000.0
7767,10000.0
7768,10000.0
7769,10000.0
7770,10000.0
7771,10000.0
7772,10000.0
7773,10000.0
7774,10000.0
7775,10000.0
7776,10000.0
7777,10000.0
7778,10000.0
7779,10000.0
7780,10000.0
7781,10000.0
7782,10000.0
7783,10000.0
7784,10000.0
7785,10000.0
7786,10000.0
7787,10000.0
7788,10000.0
7789,10000.0
7790,10000.0
7791,10000.0
7792,10000.0
7793,10000.0
7794,10000.0
7795,10000.0
7796,10000.0
7797,10000.0
7798,10000.0
7799,10000.0
7800,10000.0
7801,10000.0
7802,10000.0
7803,10000.0
7804,10000.0
7805,10000.0
7806,10000.0
7807,10000.0
7808,10000.0
7809,10000.0
7810,10000.0
7811,10000.0
7812,10000.0
7813,10000.0
7814,10000.0
7815,10000.0
7816,10000.0
7817,10000.0
7818,10000.0
7819,10000.0
7820,10000.0
7821,10000.0
7822,10000.0
7823,10000.0
7824,10000.0
7825,10000.0
7826,10000.0
7827,10000.0
7828,10000.0
7829,10000.0
7830,10000.0
7831,10000.0
7832,10000.0
7833,10000.0
7834,10000.0
7835,10000.0
7836,10000.0
7837,10000.0
7838,10000.0
7839,10000.0
7840,10000.0
7841,10000.0
7842,10000.0
7843,10000.0
7844,10000.0
7845,10000.0
7846,10000.0
7847,10000.0
7848,10000.0
7849,10000.0
7850,10000.0
7851,10000.0
7852,10000.0
7853,10000.0
7854,10000.0
7855,10000.0
7856,10000.0
7857,10000.0
7858,10000.0
7859,10000.0
7860,10000.0
7861,10000.0
7862,10000.0
7863,10000.0
7864,10000.0
7865,10000.0
7866,10000.0
7867,10000.0
7868,10000.0
7869,10000.0
7870,10000.0
7871,10000.0
7872,10000.0
7873,10000.0
7874,10000.0
7875,10000.0
7876,10000.0
7877,10000.0
7878,10000.0
7879,10000.0
7880,10000.0
7881,10000.0
7882,10000.0
7883,10000.0
7884,10000.0
7885,10000.0
7886,10000.0
7887,10000.0
7888,10000.0
7889,10000.0
7890,10000.0
7891,10000.0
7892,10000.0
7893,10000.0
7894,10000.0
7895,10000.0
7896,10000.0
7897,10000.0
7898,10000.0
7899,10000.0
7900,10000.0
7901,10000.0
7902,10000.0
7903,10000.0
7904,10000.0
7905,10000.0
7906,10000.0
7907,10000.0
7908,10000.0
7909,10000.0
7910,10000.0
7911,10000.0
7912,10000.0
7913,10000.0
7914,10000.0
7915,10000.0
7916,10000.0
7917,10000.0
7918,10000.0
7919,10000.0
7920,10000.0
7921,10000.0
7922,10000.0
7923,10000.0
7924,10000.0
7925,10000.0
7926,10000.0
7927,10000.0
7928,10000.0
7929,10000.0
7930,10000.0
7931,10000.0
7932,10000.0
7933,10000.0
7934,10000.0
7935,10000.0
7936,10000.0
7937,10000.0
7938,10000.0
7939,10000.0
7940,10000.0
7941,10000.0
7942,10000.0
7943,10000.0
7944,10000.0
7945,10000.0
7946,10000.0
7947,10000.0
7948,10000.0
7949,10000.0
7950,10000.0
7951,10000.0
7952,10000.0
7953,10000.0
7954,10000.0
7955,10000.0
7956,10000.0
7957,10000.0
7958,10000.0
7959,10000.0
7960,10000.0
7961,10000.0
7962,10000.0
7963,10000.0
7964,10000.0
7965,10000.0
7966,10000.0
7967,10000.0
7968,10000.0
7969,10000.0
7970,10000.0
7971,10000.0
7972,10000.0
7973,10000.0
7974,10000.0
7975,10000.0
7976,10000.0
7977,10000.0
7978,10000.0
7979,10000.0
7980,10000.0
7981,10000.0
7982,10000.0
7983,10000.0
7984,10000.0
7985,10000.0
7986,10000.0
7987,10000.0
7988,10000.0
7989,10000.0
7990,10000.0
7991,10000.0
7992,10000.0
7993,10000.0
7994,10000.0
7995,10000.0
7996,10000.0
7997,10000.0
7998,10000.0
7999,10000.0
8000,10000.0
8001,10000.0
8002,10000.0
8003,10000.0
8004,10000.0
8005,10000.0
8006,10000.0
8007,10000.0
8008,10000.0
8009,10000.0
8010,10000.0
8011,10000.0
8012,10000.0
8013,10000.0
8014,10000.0
8015,10000.0
8016,10000.0
8017,10000.0
8018,10000.0
8019,10000.0
8020,10000.0
8021,10000.0
8022,10000.0
8023,10000.0
8024,10000.0
8025,10000.0
8026,10000.0
8027,10000.0
8028,10000.0
8029,10000.0
8030,10000.0
8031,10000.0
8032,10000.0
8033,10000.0
8034,10000.0
8035,10000.0
8036,10000.0
8037,10000.0
8038,10000.0
8039,10000.0
8040,10000.0
8041,10000.0
8042,10000.0
8043,10000.0
8044,10000.0
8045,10000.0
8046,10000.0
8047,10000.0
8048,10000.0
8049,10000.0
8050,10000.0
8051,10000.0
8052,10000.0
8053,10000.0
8054,10000.0
8055,10000.0
8056,10000.0
8057,10000.0
8058,10000.0
8059,10000.0
8060,10000.0
8061,10000.0
8062,10000.0
8063,10000.0
8064,10000.0
8065,10000.0
8066,10000.0
8067,10000.0
8068,10000.0
8069,10000.0
8070,10000.0
8071,10000.0
8072,10000.0
8073,10000.0
8074,10000.0
8075,10000.0
8076,10000.0
8077,10000.0
8078,10000.0
8079,10000.0
8080,10000.0
8081,10000.0
8082,10000.0
8083,10000.0
8084,10000.0
8085,10000.0
8086,10000.0
8087,10000.0
8088,10000.0
8089,10000.0
8090,10000.0
8091,10000.0
8092,10000.0
8093,10000.0
8094,10000.0
8095,10000.0
8096,10000.0
8097,10000.0
8098,10000.0
8099,10000.0
8100,10000.0
8101,10000.0
8102,10000.0
8103,10000.0
8104,10000.0
8105,10000.0
8106,10000.0
8107,10000.0
8108,10000.0
8109,10000.0
8110,10000.0
8111,10000.0
8112,10000.0
8113,10000.0
8114,10000.0
8115,10000.0
8116,10000.0
8117,10000.0
8118,10000.0
8119,10000.0
8120,10000.0
8121,10000.0
8122,10000.0
8123,10000.0
8124,10000.0
8125,10000.0
8126,10000.0
8127,10000.0
8128,10000.0
8129,10000.0
8130,10000.0
8131,10000.0
8132,10000.0
8133,10000.0
8134,10000.0
8135,10000.0
8136,10000.0
8137,10000.0
8138,10000.0
8139,10000.0
8140,10000.0
8141,10000.0
8142,10000.0
8143,10000.0
8144,10000.0
8145,10000.0
8146,10000.0
8147,10000.0
8148,10000.0
8149,10000.0
8150,10000.0
8151,10000.0
8152,10000.0
8153,10000.0
8154,10000.0
8155,10000.0
8156,10000.0
8157,10000.0
8158,10000.0
8159,10000.0
8160,10000.0
8161,10000.0
8162,10000.0
8163,10000.0
8164,10000.0
8165,10000.0
8166,10000.0
8167,10000.0
8168,10000.0
8169,10000.0
8170,10000.0
8171,10000.0
8172,10000.0
8173,10000.0
8174,10000.0
8175,10000.0
8176,10000.0
8177,10000.0
8178,10000.0
8179,10000.0
8180,10000.0
8181,10000.0
8182,10000.0
8183,10000.0
8184,10000.0
8185,10000.0
8186,10000.0
8187,10000.0
8188,10000.0
8189,10000.0
8190,10000.0
8191,10000.0
8192,10000.0
8193,10000.0
8194,10000.0
8195,10000.0
8196,10000.0
8197,10000.0
8198,10000.0
8199,10000.0
8200,10000.0
8201,10000.0
8202,10000.0
8203,10000.0
8204,10000.0
8205,10000.0
8206,10000.0
8207,10000.0
8208,10000.0
8209,10000.0
8210,10000.0
8211,10000.0
8212,10000.0
8213,10000.0
8214,10000.0
8215,10000.0
8216,10000.0
8217,10000.0
8218,10000.0
8219,10000.0
8220,10000.0
8221,10000.0
8222,10000.0
8223,10000.0
8224,10000.0
8225,10000.0
8226,10000.0
8227,10000.0
8228,10000.0
8229,10000.0
8230,10000.0
8231,10000.0
8232,10000.0
8233,10000.0
8234,10000.0
8235,10000.0
8236,10000.0
8237,10000.0
8238,10000.0
8239,10000.0
8240,10000.0
8241,10000.0
8242,10000.0
8243,10000.0
8244,10000.0
8245,10000.0
8246,10000.0
8247,10000.0
8248,10000.0
8249,10000.0
8250,10000.0
8251,10000.0
8252,10000.0
8253,10000.0
8254,10000.0
8255,10000.0
8256,10000.0
8257,10000.0
8258,10000.0
8259,10000.0
8260,10000.0
8261,10000.0
8262,10000.0
8263,10000.0
8264,10000.0
8265,10000.0
8266,10000.0
8267,10000.0
8268,10000.0
8269,10000.0
8270,10000.0
8271,10000.0
8272,10000.0
8273,10000.0
8274,10000.0
8275,10000.0
8276,10000.0
8277,10000.0
8278,10000.0
8279,10000.0
8280,10000.0
8281,10000.0
8282,10000.0
8283,10000.0
8284,10000.0
8285,10000.0
8286,10000.0
8287,10000.0
8288,10000.0
8289,10000.0
8290,10000.0
8291,10000.0
8292,10000.0
8293,10000.0
8294,10000.0
8295,10000.0
8296,10000.0
8297,10000.0
8298,10000.0
8299,10000.0
8300,10000.0
8301,10000.0
8302,10000.0
8303,10000.0
8304,10000.0
8305,10000.0
8306,10000.0
8307,10000.0
8308,10000.0
8309,10000.0
8310,10000.0
8311,10000.0
8312,10000.0
8313,10000.0
8314,10000.0
8315,10000.0
8316,10000.0
8317,10000.0
8318,10000.0
8319,10000.0
8320,10000.0
8321,10000.0
8322,10000.0
8323,10000.0
8324,10000.0
8325,10000.0
8326,10000.0
8327,10000.0
8328,10000.0
8329,10000.0
8330,10000.0
8331,10000.0
8332,10000.0
8333,10000.0
8334,10000.0
8335,10000.0
8336,10000.0
8337,10000.0
8338,10000.0
8339,10000.0
8340,10000.0
8341,10000.0
8342,10000.0
8343,10000.0
8344,10000.0
8345,10000.0
8346,10000.0
8347,10000.0
8348,10000.0
8349,10000.0
8350,10000.0
8351,10000.0
8352,10000.0
8353,10000.0
8354,10000.0
8355,10000.0
8356,10000.0
8357,10000.0
8358,10000.0
8359,10000.0
8360,10000.0
8361,10000.0
8362,10000.0
8363,10000.0
8364,10000.0
8365,10000.0
8366,10000.0
8367,10000.0
8368,10000.0
8369,10000.0
8370,10000.0
8371,10000.0
8372,10000.0
8373,10000.0
8374,10000.0
8375,10000.0
8376,10000.0
8377,10000.0
8378,10000.0
8379,10000.0
8380,10000.0
8381,10000.0
8382,10000.0
8383,10000.0
8384,10000.0
8385,10000.0
8386,10000.0
8387,10000.0
8388,10000.0
8389,10000.0
8390,10000.0
8391,10000.0
8392,10000.0
8393,10000.0
8394,10000.0
8395,10000.0
8396,10000.0
8397,10000.0
8398,10000.0
8399,10000.0
8400,10000.0
8401,10000.0
8402,10000.0
8403,10000.0
8404,10000.0
8405,10000.0
8406,10000.0
8407,10000.0
8408,10000.0
8409,10000.0
8410,10000.0
8411,10000.0
8412,10000.0
8413,10000.0
8414,10000.0
8415,10000.0
8416,10000.0
8417,10000.0
8418,10000.0
8419,10000.0
8420,10000.0
8421,10000.0
8422,10000.0
8423,10000.0
8424,10000.0
8425,10000.0
8426,10000.0
8427,10000.0
8428,10000.0
8429,10000.0
8430,10000.0
8431,10000.0
8432,10000.0
8433,10000.0
8434,10000.0
8435,10000.0
8436,10000.0
8437,10000.0
8438,10000.0
8439,10000.0
8440,10000.0
8441,10000.0
8442,10000.0
8443,10000.0
8444,10000.0
8445,10000.0
8446,10000.0
8447,10000.0
8448,10000.0
8449,10000.0
8450,10000.0
8451,10000.0
8452,10000.0
8453,10000.0
8454,10000.0
8455,10000.0
8456,10000.0
8457,10000.0
8458,10000.0
8459,10000.0
8460,10000.0
8461,10000.0
8462,10000.0
8463,10000.0
8464,10000.0
8465,10000.0
8466,10000.0
8467,10000.0
8468,10000.0
8469,10000.0
8470,10000.0
8471,10000.0
8472,10000.0
8473,10000.0
8474,10000.0
8475,10000.0
8476,10000.0
8477,10000.0
8478,10000.0
8479,10000.0
8480,10000.0
8481,10000.0
8482,10000.0
8483,10000.0
8484,10000.0
8485,10000.0
8486,10000.0
8487,10000.0
8488,10000.0
8489,10000.0
8490,10000.0
8491,10000.0
8492,10000.0
8493,10000.0
8494,10000.0
8495,10000.0
8496,10000.0
8497,10000.0
8498,10000.0
8499,10000.0
8500,10000.0
8501,10000.0
8502,10000.0
8503,10000.0
8504,10000.0
8505,10000.0
8506,10000.0
8507,10000.0
8508,10000.0
8509,10000.0
8510,10000.0
8511,10000.0
8512,10000.0
8513,10000.0
8514,10000.0
8515,10000.0
8516,10000.0
8517,10000.0
8518,10000.0
8519,10000.0
8520,10000.0
8521,10000.0
8522,10000.0
8523,10000.0
8524,10000.0
8525,10000.0
8526,10000.0
8527,10000.0
8528,10000.0
8529,10000.0
8530,10000.0
8531,10000.0
8532,10000.0
8533,10000.0
8534,10000.0
8535,10000.0
8536,10000.0
8537,10000.0
8538,10000.0
8539,10000.0
8540,10000.0
8541,10000.0
8542,10000.0
8543,10000.0
8544,10000.0
8545,10000.0
8546,10000.0
8547,10000.0
8548,10000.0
8549,10000.0
8550,10000.0
8551,10000.0
8552,10000.0
8553,10000.0
8554,10000.0
8555,10000.0
8556,10000.0
8557,10000.0
8558,10000.0
8559,10000.0
8560,10000.0
8561,10000.0
8562,10000.0
8563,10000.0
8564,10000.0
8565,10000.0
8566,10000.0
8567,10000.0
8568,10000.0
8569,10000.0
8570,10000.0
8571,10000.0
8572,10000.0
8573,10000.0
8574,10000.0
8575,10000.0
8576,10000.0
8577,10000.0
8578,10000.0
8579,10000.0
8580,10000.0
8581,10000.0
8582,10000.0
8583,10000.0
8584,10000.0
8585,10000.0
8586,10000.0
8587,10000.0
8588,10000.0
8589,10000.0
8590,10000.0
8591,10000.0
8592,10000.0
8593,10000.0
8594,10000.0
8595,10000.0
8596,10000.0
8597,10000.0
8598,10000.0
8599,10000.0
8600,10000.0
8601,10000.0
8602,10000.0
8603,10000.0
8604,10000.0
8605,10000.0
8606,10000.0
8607,10000.0
8608,10000.0
8609,10000.0
8610,10000.0
8611,10000.0
8612,10000.0
8613,10000.0
8614,10000.0
8615,10000.0
8616,10000.0
8617,10000.0
8618,10000.0
8619,10000.0
8620,10000.0
8621,10000.0
8622,10000.0
8623,10000.0
8624,10000.0
8625,10000.0
8626,10000.0
8627,10000.0
8628,10000.0
8629,10000.0
8630,10000.0
8631,10000.0
8632,10000.0
8633,10000.0
8634,10000.0
8635,10000.0
8636,10000.0
8637,10000.0
8638,10000.0
8639,10000.0
8640,10000.0
8641,10000.0
8642,10000.0
8643,10000.0
8644,10000.0
8645,10000.0
8646,10000.0
8647,10000.0
8648,10000.0
8649,10000.0
8650,10000.0
8651,10000.0
8652,10000.0
8653,10000.0
8654,10000.0
8655,10000.0
8656,10000.0
8657,10000.0
8658,10000.0
8659,10000.0
8660,10000.0
8661,10000.0
8662,10000.0
8663,10000.0
8664,10000.0
8665,10000.0
8666,10000.0
8667,10000.0
8668,10000.0
8669,10000.0
8670,10000.0
8671,10000.0
8672,10000.0
8673,10000.0
8674,10000.0
8675,10000.0
8676,10000.0
8677,10000.0
8678,10000.0
8679,10000.0
8680,10000.0
8681,10000.0
8682,10000.0
8683,10000.0
8684,10000.0
8685,10000.0
8686,10000.0
8687,10000.0
8688,10000.0
8689,10000.0
8690,10000.0
8691,10000.0
8692,10000.0
8693,10000.0
8694,10000.0
8695,10000.0
8696,10000.0
8697,10000.0
8698,10000.0
8699,10000.0
8700,10000.0
8701,10000.0
8702,10000.0
8703,10000.0
8704,10000.0
8705,10000.0
8706,10000.0
8707,10000.0
8708,10000.0
8709,10000.0
8710,10000.0
8711,10000.0
8712,10000.0
8713,10000.0
8714,10000.0
8715,10000.0
8716,10000.0
8717,10000.0
8718,10000.0
8719,10000.0
8720,10000.0
8721,10000.0
8722,10000.0
8723,10000.0
8724,10000.0
8725,10000.0
8726,10000.0
8727,10000.0
8728,10000.0
8729,10000.0
8730,10000.0
8731,10000.0
8732,10000.0
8733,10000.0
8734,10000.0
8735,10000.0
8736,10000.0
8737,10000.0
8738,10000.0
8739,10000.0
8740,10000.0
8741,10000.0
8742,10000.0
8743,10000.0
8744,10000.0
8745,10000.0
8746,10000.0
8747,10000.0
8748,10000.0
8749,10000.0
8750,10000.0
8751,10000.0
8752,10000.0
8753,10000.0
8754,10000.0
8755,10000.0
8756,10000.0
8757,10000.0
8758,10000.0
8759,10000.0
8760,10000.0
8761,10000.0
8762,10000.0
8763,10000.0
8764,10000.0
8765,10000.0
8766,10000.0
8767,10000.0
8768,10000.0
8769,10000.0
8770,10000.0
8771,10000.0
8772,10000.0
8773,10000.0
8774,10000.0
8775,10000.0
8776,10000.0
8777,10000.0
8778,10000.0
8779,10000.0
8780,10000.0
8781,10000.0
8782,10000.0
8783,10000.0
8784,10000.0
8785,10000.0
8786,10000.0
8787,10000.0
8788,10000.0
8789,10000.0
8790,10000.0
8791,10000.0
8792,10000.0
8793,10000.0
8794,10000.0
8795,10000.0
8796,10000.0
8797,10000.0
8798,10000.0
8799,10000.0
8800,10000.0
8801,10000.0
8802,10000.0
8803,10000.0
8804,10000.0
8805,10000.0
8806,10000.0
8807,10000.0
8808,10000.0
8809,10000.0
8810,10000.0
8811,10000.0
8812,10000.0
8813,10000.0
8814,10000.0
8815,10000.0
8816,10000.0
8817,10000.0
8818,10000.0
8819,10000.0
8820,10000.0
8821,10000.0
8822,10000.0
8823,10000.0
8824,10000.0
8825,10000.0
8826,10000.0
8827,10000.0
8828,10000.0
8829,10000.0
8830,10000.0
8831,10000.0
8832,10000.0
8833,10000.0
8834,10000.0
8835,10000.0
8836,10000.0
8837,10000.0
8838,10000.0
8839,10000.0
8840,10000.0
8841,10000.0
8842,10000.0
8843,10000.0
8844,10000.0
8845,10000.0
8846,10000.0
8847,10000.0
8848,10000.0
8849,10000.0
8850,10000.0
8851,10000.0
8852,10000.0
8853,10000.0
8854,10000.0
8855,10000.0
8856,10000.0
8857,10000.0
8858,10000.0
8859,10000.0
8860,10000.0
8861,10000.0
8862,10000.0
8863,10000.0
8864,10000.0
8865,10000.0
8866,10000.0
8867,10000.0
8868,10000.0
8869,10000.0
8870,10000.0
8871,10000.0
8872,10000.0
8873,10000.0
8874,10000.0
8875,10000.0
8876,10000.0
8877,10000.0
8878,10000.0
8879,10000.0
8880,10000.0
8881,10000.0
8882,10000.0
8883,10000.0
8884,10000.0
8885,10000.0
8886,10000.0
8887,10000.0
8888,10000.0
8889,10000.0
8890,10000.0
8891,10000.0
8892,10000.0
8893,10000.0
8894,10000.0
8895,10000.0
8896,10000.0
8897,10000.0
8898,10000.0
8899,10000.0
8900,10000.0
8901,10000.0
8902,10000.0
8903,10000.0
8904,10000.0
8905,10000.0
8906,10000.0
8907,10000.0
8908,10000.0
8909,10000.0
8910,10000.0
8911,10000.0
8912,10000.0
8913,10000.0
8914,10000.0
8915,10000.0
8916,10000.0
8917,10000.0
8918,10000.0
8919,10000.0
8920,10000.0
8921,10000.0
8922,10000.0
8923,10000.0
8924,10000.0
8925,10000.0
8926,10000.0
8927,10000.0
8928,10000.0
8929,10000.0
8930,10000.0
8931,10000.0
8932,10000.0
8933,10000.0
8934,10000.0
8935,10000.0
8936,10000.0
8937,10000.0
8938,10000.0
8939,10000.0
8940,10000.0
8941,10000.0
8942,10000.0
8943,10000.0
8944,10000.0
8945,10000.0
8946,10000.0
8947,10000.0
8948,10000.0
8949,10000.0
8950,10000.0
8951,10000.0
8952,10000.0
8953,10000.0
8954,10000.0
8955,10000.0
8956,10000.0
8957,10000.0
8958,10000.0
8959,10000.0
8960,10000.0
8961,10000.0
8962,10000.0
8963,10000.0
8964,10000.0
8965,10000.0
8966,10000.0
8967,10000.0
8968,10000.0
8969,10000.0
8970,10000.0
8971,10000.0
8972,10000.0
8973,10000.0
8974,10000.0
8975,10000.0
8976,10000.0
8977,10000.0
8978,10000.0
8979,10000.0
8980,10000.0
8981,10000.0
8982,10000.0
8983,10000.0
8984,10000.0
8985,10000.0
8986,10000.0
8987,10000.0
8988,10000.0
8989,10000.0
8990,10000.0
8991,10000.0
8992,10000.0
8993,10000.0
8994,10000.0
8995,10000.0
8996,10000.0
8997,10000.0
8998,10000.0
8999,10000.0
9000,10000.0
9001,10000.0
9002,10000.0
9003,10000.0
9004,10000.0
9005,10000.0
9006,10000.0
9007,10000.0
9008,10000.0
9009,10000.0
9010,10000.0
9011,10000.0
9012,10000.0
9013,10000.0
9014,10000.0
9015,10000.0
9016,10000.0
9017,10000.0
9018,10000.0
9019,10000.0
9020,10000.0
9021,10000.0
9022,10000.0
9023,10000.0
9024,10000.0
9025,10000.0
9026,10000.0
9027,10000.0
9028,10000.0
9029,10000.0
9030,10000.0
9031,10000.0
9032,10000.0
9033,10000.0
9034,10000.0
9035,10000.0
9036,10000.0
9037,10000.0
9038,10000.0
9039,10000.0
9040,10000.0
9041,10000.0
9042,10000.0
9043,10000.0
9044,10000.0
9045,10000.0
9046,10000.0
9047,10000.0
9048,10000.0
9049,10000.0
9050,10000.0
9051,10000.0
9052,10000.0
9053,10000.0
9054,10000.0
9055,10000.0
9056,10000.0
9057,10000.0
9058,10000.0
9059,10000.0
9060,10000.0
9061,10000.0
9062,10000.0
9063,10000.0
9064,10000.0
9065,10000.0
9066,10000.0
9067,10000.0
9068,10000.0
9069,10000.0
9070,10000.0
9071,10000.0
9072,10000.0
9073,10000.0
9074,10000.0
9075,10000.0
9076,10000.0
9077,10000.0
9078,10000.0
9079,10000.0
9080,10000.0
9081,10000.0
9082,10000.0
9083,10000.0
9084,10000.0
9085,10000.0
9086,10000.0
9087,10000.0
9088,10000.0
9089,10000.0
9090,10000.0
9091,10000.0
9092,10000.0
9093,10000.0
9094,10000.0
9095,10000.0
9096,10000.0
9097,10000.0
9098,10000.0
9099,10000.0
9100,10000.0
9101,10000.0
9102,10000.0
9103,10000.0
9104,10000.0
9105,10000.0
9106,10000.0
9107,10000.0
9108,10000.0
9109,10000.0
9110,10000.0
9111,10000.0
9112,10000.0
9113,10000.0
9114,10000.0
9115,10000.0
9116,10000.0
9117,10000.0
9118,10000.0
9119,10000.0
9120,10000.0
9121,10000.0
9122,10000.0
9123,10000.0
9124,10000.0
9125,10000.0
9126,10000.0
9127,10000.0
9128,10000.0
9129,10000.0
9130,10000.0
9131,10000.0
9132,10000.0
9133,10000.0
9134,10000.0
9135,10000.0
9136,10000.0
9137,10000.0
9138,10000.0
9139,10000.0
9140,10000.0
9141,10000.0
9142,10000.0
9143,10000.0
9144,10000.0
9145,10000.0
9146,10000.0
9147,10000.0
9148,10000.0
9149,10000.0
9150,10000.0
9151,10000.0
9152,10000.0
9153,10000.0
9154,10000.0
9155,10000.0
9156,10000.0
9157,10000.0
9158,10000.0
9159,10000.0
9160,10000.0
9161,10000.0
9162,10000.0
9163,10000.0
9164,10000.0
9165,10000.0
9166,10000.0
9167,10000.0
9168,10000.0
9169,10000.0
9170,10000.0
9171,10000.0
9172,10000.0
9173,10000.0
9174,10000.0
9175,10000.0
9176,10000.0
9177,10000.0
9178,10000.0
9179,10000.0
9180,10000.0
9181,10000.0
9182,10000.0
9183,10000.0
9184,10000.0
9185,10000.0
9186,10000.0
9187,10000.0
9188,10000.0
9189,10000.0
9190,10000.0
9191,10000.0
9192,10000.0
9193,10000.0
9194,10000.0
9195,10000.0
9196,10000.0
9197,10000.0
9198,10000.0
9199,10000.0
9200,10000.0
9201,10000.0
9202,10000.0
9203,10000.0
9204,10000.0
9205,10000.0
9206,10000.0
9207,10000.0
9208,10000.0
9209,10000.0
9210,10000.0
9211,10000.0
9212,10000.0
9213,10000.0
9214,10000.0
9215,10000.0
9216,10000.0
9217,10000.0
9218,10000.0
9219,10000.0
9220,10000.0
9221,10000.0
9222,10000.0
9223,10000.0
9224,10000.0
9225,10000.0
9226,10000.0
9227,10000.0
9228,10000.0
9229,10000.0
9230,10000.0
9231,10000.0
9232,10000.0
9233,10000.0
9234,10000.0
9235,10000.0
9236,10000.0
9237,10000.0
9238,10000.0
9239,10000.0
9240,10000.0
9241,10000.0
9242,10000.0
9243,10000.0
9244,10000.0
9245,10000.0
9246,10000.0
9247,10000.0
9248,10000.0
9249,10000.0
9250,10000.0
9251,10000.0
9252,10000.0
9253,10000.0
9254,10000.0
9255,10000.0
9256,10000.0
9257,10000.0
9258,10000.0
9259,10000.0
9260,10000.0
9261,10000.0
9262,10000.0
9263,10000.0
9264,10000.0
9265,10000.0
9266,10000.0
9267,10000.0
9268,10000.0
9269,10000.0
9270,10000.0
9271,10000.0
9272,10000.0
9273,10000.0
9274,10000.0
9275,10000.0
9276,10000.0
9277,10000.0
9278,10000.0
9279,10000.0
9280,10000.0
9281,10000.0
9282,10000.0
9283,10000.0
9284,10000.0
9285,10000.0
9286,10000.0
9287,10000.0
9288,10000.0
9289,10000.0
9290,10000.0
9291,10000.0
9292,10000.0
9293,10000.0
9294,10000.0
9295,10000.0
9296,10000.0
9297,10000.0
9298,10000.0
9299,10000.0
9300,10000.0
9301,10000.0
9302,10000.0
9303,10000.0
9304,10000.0
9305,10000.0
9306,10000.0
9307,10000.0
9308,10000.0
9309,10000.0
9310,10000.0
9311,10000.0
9312,10000.0
9313,10000.0
9314,10000.0
9315,10000.0
9316,10000.0
9317,10000.0
9318,10000.0
9319,10000.0
9320,10000.0
9321,10000.0
9322,10000.0
9323,10000.0
9324,10000.0
9325,10000.0
9326,10000.0
9327,10000.0
9328,10000.0
9329,10000.0
9330,10000.0
9331,10000.0
9332,10000.0
9333,10000.0
9334,10000.0
9335,10000.0
9336,10000.0
9337,10000.0
9338,10000.0
9339,10000.0
9340,10000.0
9341,10000.0
9342,10000.0
9343,10000.0
9344,10000.0
9345,10000.0
9346,10000.0
9347,10000.0
9348,10000.0
9349,10000.0
9350,10000.0
9351,10000.0
9352,10000.0
9353,10000.0
9354,10000.0
9355,10000.0
9356,10000.0
9357,10000.0
9358,10000.0
9359,10000.0
9360,10000.0
9361,10000.0
9362,10000.0
9363,10000.0
9364,10000.0
9365,10000.0
9366,10000.0
9367,10000.0
9368,10000.0
9369,10000.0
9370,10000.0
9371,10000.0
9372,10000.0
9373,10000.0
9374,10000.0
9375,10000.0
9376,10000.0
9377,10000.0
9378,10000.0
9379,10000.0
9380,10000.0
9381,10000.0
9382,10000.0
9383,10000.0
9384,10000.0
9385,10000.0
9386,10000.0
9387,10000.0
9388,10000.0
9389,10000.0
9390,10000.0
9391,10000.0
9392,10000.0
9393,10000.0
9394,10000.0
9395,10000.0
9396,10000.0
9397,10000.0
9398,10000.0
9399,10000.0
9400,10000.0
9401,10000.0
9402,10000.0
9403,10000.0
9404,10000.0
9405,10000.0
9406,10000.0
9407,10000.0
9408,10000.0
9409,10000.0
9410,10000.0
9411,10000.0
9412,10000.0
9413,10000.0
9414,10000.0
9415,10000.0
9416,10000.0
9417,10000.0
9418,10000.0
9419,10000.0
9420,10000.0
9421,10000.0
9422,10000.0
9423,10000.0
9424,10000.0
9425,10000.0
9426,10000.0
9427,10000.0
9428,10000.0
9429,10000.0
9430,10000.0
9431,10000.0
9432,10000.0
9433,10000.0
9434,10000.0
9435,10000.0
9436,10000.0
9437,10000.0
9438,10000.0
9439,10000.0
9440,10000.0
9441,10000.0
9442,10000.0
9443,10000.0
9444,10000.0
9445,10000.0
9446,10000.0
9447,10000.0
9448,10000.0
9449,10000.0
9450,10000.0
9451,10000.0
9452,10000.0
9453,10000.0
9454,10000.0
9455,10000.0
9456,10000.0
9457,10000.0
9458,10000.0
9459,10000.0
9460,10000.0
9461,10000.0
9462,10000.0
9463,10000.0
9464,10000.0
9465,10000.0
9466,10000.0
9467,10000.0
9468,10000.0
9469,10000.0
9470,10000.0
9471,10000.0
9472,10000.0
9473,10000.0
9474,10000.0
9475,10000.0
9476,10000.0
9477,10000.0
9478,10000.0
9479,10000.0
9480,10000.0
9481,10000.0
9482,10000.0
9483,10000.0
9484,10000.0
9485,10000.0
9486,10000.0
9487,10000.0
9488,10000.0
9489,10000.0
9490,10000.0
9491,10000.0
9492,10000.0
9493,10000.0
9494,10000.0
9495,10000.0
9496,10000.0
9497,10000.0
9498,10000.0
9499,10000.0
9500,10000.0
9501,10000.0
9502,10000.0
9503,10000.0
9504,10000.0
9505,10000.0
9506,10000.0
9507,10000.0
9508,10000.0
9509,10000.0
9510,10000.0
9511,10000.0
9512,10000.0
9513,10000.0
9514,10000.0
9515,10000.0
9516,10000.0
9517,10000.0
9518,10000.0
9519,10000.0
9520,10000.0
9521,10000.0
9522,10000.0
9523,10000.0
9524,10000.0
9525,10000.0
9526,10000.0
9527,10000.0
9528,10000.0
9529,10000.0
9530,10000.0
9531,10000.0
9532,10000.0
9533,10000.0
9534,10000.0
9535,10000.0
9536,10000.0
9537,10000.0
9538,10000.0
9539,10000.0
9540,10000.0
9541,10000.0
9542,10000.0
9543,10000.0
9544,10000.0
9545,10000.0
9546,10000.0
9547,10000.0
9548,10000.0
9549,10000.0
9550,10000.0
9551,10000.0
9552,10000.0
9553,10000.0
9554,10000.0
9555,10000.0
9556,10000.0
9557,10000.0
9558,10000.0
9559,10000.0
9560,10000.0
9561,10000.0
9562,10000.0
9563,10000.0
9564,10000.0
9565,10000.0
9566,10000.0
9567,10000.0
9568,10000.0
9569,10000.0
9570,10000.0
9571,10000.0
9572,10000.0
9573,10000.0
9574,10000.0
9575,10000.0
9576,10000.0
9577,10000.0
9578,10000.0
9579,10000.0
9580,10000.0
9581,10000.0
9582,10000.0
9583,10000.0
9584,10000.0
9585,10000.0
9586,10000.0
9587,10000.0
9588,10000.0
9589,10000.0
9590,10000.0
9591,10000.0
9592,10000.0
9593,10000.0
9594,10000.0
9595,10000.0
9596,10000.0
9597,10000.0
9598,10000.0
9599,10000.0
9600,10000.0
9601,10000.0
9602,10000.0
9603,10000.0
9604,10000.0
9605,10000.0
9606,10000.0
9607,10000.0
9608,10000.0
9609,10000.0
9610,10000.0
9611,10000.0
9612,10000.0
9613,10000.0
9614,10000.0
9615,10000.0
9616,10000.0
9617,10000.0
9618,10000.0
9619,10000.0
9620,10000.0
9621,10000.0
9622,10000.0
9623,10000.0
9624,10000.0
9625,10000.0
9626,10000.0
9627,10000.0
9628,10000.0
9629,10000.0
9630,10000.0
9631,10000.0
9632,10000.0
9633,10000.0
9634,10000.0
9635,10000.0
9636,10000.0
9637,10000.0
9638,10000.0
9639,10000.0
9640,10000.0
9641,10000.0
9642,10000.0
9643,10000.0
9644,10000.0
9645,10000.0
9646,10000.0
9647,10000.0
9648,10000.0
9649,10000.0
9650,10000.0
9651,10000.0
9652,10000.0
9653,10000.0
9654,10000.0
9655,10000.0
9656,10000.0
9657,10000.0
9658,10000.0
9659,10000.0
9660,10000.0
9661,10000.0
9662,10000.0
9663,10000.0
9664,10000.0
9665,10000.0
9666,10000.0
9667,10000.0
9668,10000.0
9669,10000.0
9670,10000.0
9671,10000.0
9672,10000.0
9673,10000.0
9674,10000.0
9675,10000.0
9676,10000.0
9677,10000.0
9678,10000.0
9679,10000.0
9680,10000.0
9681,10000.0
9682,10000.0
9683,10000.0
9684,10000.0
9685,10000.0
9686,10000.0
9687,10000.0
9688,10000.0
9689,10000.0
9690,10000.0
9691,10000.0
9692,10000.0
9693,10000.0
9694,10000.0
9695,10000.0
9696,10000.0
9697,10000.0
9698,10000.0
9699,10000.0
9700,10000.0
9701,10000.0
9702,10000.0
9703,10000.0
9704,10000.0
9705,10000.0
9706,10000.0
9707,10000.0
9708,10000.0
9709,10000.0
9710,10000.0
9711,10000.0
9712,10000.0
9713,10000.0
9714,10000.0
9715,10000.0
9716,10000.0
9717,10000.0
9718,10000.0
9719,10000.0
9720,10000.0
9721,10000.0
9722,10000.0
9723,10000.0
9724,10000.0
9725,10000.0
9726,10000.0
9727,10000.0
9728,10000.0
9729,10000.0
9730,10000.0
9731,10000.0
9732,10000.0
9733,10000.0
9734,10000.0
9735,10000.0
9736,10000.0
9737,10000.0
9738,10000.0
9739,10000.0
9740,10000.0
9741,10000.0
9742,10000.0
9743,10000.0
9744,10000.0
9745,10000.0
9746,10000.0
9747,10000.0
9748,10000.0
9749,10000.0
9750,10000.0
9751,10000.0
9752,10000.0
9753,10000.0
9754,10000.0
9755,10000.0
9756,10000.0
9757,10000.0
9758,10000.0
9759,10000.0
9760,10000.0
9761,10000.0
9762,10000.0
9763,10000.0
9764,10000.0
9765,10000.0
9766,10000.0
9767,10000.0
9768,10000.0
9769,10000.0
9770,10000.0
9771,10000.0
9772,10000.0
9773,10000.0
9774,10000.0
9775,10000.0
9776,10000.0
9777,10000.0
9778,10000.0
9779,10000.0
9780,10000.0
9781,10000.0
9782,10000.0
9783,10000.0
9784,10000.0
9785,10000.0
9786,10000.0
9787,10000.0
9788,10000.0
9789,10000.0
9790,10000.0
9791,10000.0
9792,10000.0
9793,10000.0
9794,10000.0
9795,10000.0
9796,10000.0
9797,10000.0
9798,10000.0
9799,10000.0
9800,10000.0
9801,10000.0
9802,10000.0
9803,10000.0
9804,10000.0
9805,10000.0
9806,10000.0
9807,10000.0
9808,10000.0
9809,10000.0
9810,10000.0
9811,10000.0
9812,10000.0
9813,10000.0
9814,10000.0
9815,10000.0
9816,10000.0
9817,10000.0
9818,10000.0
9819,10000.0
9820,10000.0
9821,10000.0
9822,10000.0
9823,10000.0
9824,10000.0
9825,10000.0
9826,10000.0
9827,10000.0
9828,10000.0
9829,10000.0
9830,10000.0
9831,10000.0
9832,10000.0
9833,10000.0
9834,10000.0
9835,10000.0
9836,10000.0
9837,10000.0
9838,10000.0
9839,10000.0
9840,10000.0
9841,10000.0
9842,10000.0
9843,10000.0
9844,10000.0
9845,10000.0
9846,10000.0
9847,10000.0
9848,10000.0
9849,10000.0
9850,10000.0
9851,10000.0
9852,10000.0
9853,10000.0
9854,10000.0
9855,10000.0
9856,10000.0
9857,10000.0
9858,10000.0
9859,10000.0
9860,10000.0
9861,10000.0
9862,10000.0
9863,10000.0
9864,10000.0
9865,10000.0
9866,10000.0
9867,10000.0
9868,10000.0
9869,10000.0
9870,10000.0
9871,10000.0
9872,10000.0
9873,10000.0
9874,10000.0
9875,10000.0
9876,10000.0
9877,10000.0
9878,10000.0
9879,10000.0
9880,10000.0
9881,10000.0
9882,10000.0
9883,10000.0
9884,10000.0
9885,10000.0
9886,10000.0
9887,10000.0
9888,10000.0
9889,10000.0
9890,10000.0
9891,10000.0
9892,10000.0
9893,10000.0
9894,10000.0
9895,10000.0
9896,10000.0
9897,10000.0
9898,10000.0
9899,10000.0
9900,10000.0
9901,10000.0
9902,10000.0
9903,10000.0
9904,10000.0
9905,10000.0
9906,10000.0
9907,10000.0
9908,10000.0
9909,10000.0
9910,10000.0
9911,10000.0
9912,10000.0
9913,10000.0
9914,10000.0
9915,10000.0
9916,10000.0
9917,10000.0
9918,10000.0
9919,10000.0
9920,10000.0
9921,10000.0
9922,10000.0
9923,10000.0
9924,10000.0
9925,10000.0
9926,10000.0
9927,10000.0
9928,10000.0
9929,10000.0
9930,10000.0
9931,10000.0
9932,10000.0
9933,10000.0
9934,10000.0
9935,10000.0
9936,10000.0
9937,10000.0
9938,10000.0
9939,10000.0
9940,10000.0
9941,10000.0
9942,10000.0
9943,10000.0
9944,10000.0
9945,10000.0
9946,10000.0
9947,10000.0
9948,10000.0
9949,10000.0
9950,10000.0
9951,10000.0
9952,10000.0
9953,10000.0
9954,10000.0
9955,10000.0
9956,10000.0
9957,10000.0
9958,10000.0
9959,10000.0
9960,10000.0
9961,10000.0
9962,10000.0
9963,10000.0
9964,10000.0
9965,10000.0
9966,10000.0
9967,10000.0
9968,10000.0
9969,10000.0
9970,10000.0
9971,10000.0
9972,10000.0
9973,10000.0
9974,10000.0
9975,10000.0
9976,10000.0
9977,10000.0
9978,10000.0
9979,10000.0
9980,10000.0
9981,10000.0
9982,10000.0
9983,10000.0
9984,10000.0
9985,10000.0
9986,10000.0
9987,10000.0
9988,10000.0
9989,10000.0
9990,10000.0
9991,10000.0
9992,10000.0
9993,10000.0
9994,10000.0
9995,10000.0
9996,10000.0
9997,10000.0
9998,10000.0
9999,10000.0
10000,10000.0
10001,10000.0
10002,10000.0
10003,10000.0
10004,10000.0
10005,10000.0
10006,10000.0
10007,10000.0
10008,10000.0
10009,10000.0
10010,10000.0
10011,10000.0
10012,10000.0
10013,10000.0
10014,10000.0
10015,10000.0
10016,10000.0
10017,10000.0
10018,10000.0
10019,10000.0
10020,10000.0
10021,10000.0
10022,10000.0
10023,10000.0
10024,10000.0
10025,10000.0
10026,10000.0
10027,10000.0
10028,10000.0
10029,10000.0
10030,10000.0
10031,10000.0
10032,10000.0
10033,10000.0
10034,10000.0
10035,10000.0
10036,10000.0
10037,10000.0
10038,10000.0
10039,10000.0
10040,10000.0
10041,10000.0
10042,10000.0
10043,10000.0
10044,10000.0
10045,10000.0
10046,10000.0
10047,10000.0
10048,10000.0
10049,10000.0
10050,10000.0
10051,10000.0
10052,10000.0
10053,10000.0
10054,10000.0
10055,10000.0
10056,10000.0
10057,10000.0
10058,10000.0
10059,10000.0
10060,10000.0
10061,10000.0
10062,10000.0
10063,10000.0
10064,10000.0
10065,10000.0
10066,10000.0
10067,10000.0
10068,10000.0
10069,10000.0
10070,10000.0
10071,10000.0
10072,10000.0
10073,10000.0
10074,10000.0
10075,10000.0
10076,10000.0
10077,10000.0
10078,10000.0
10079,10000.0
10080,10000.0
10081,10000.0
10082,10000.0
10083,10000.0
10084,10000.0
10085,10000.0
10086,10000.0
10087,10000.0
10088,10000.0
10089,10000.0
10090,10000.0
10091,10000.0
10092,10000.0
10093,10000.0
10094,10000.0
10095,10000.0
10096,10000.0
10097,10000.0
10098,10000.0
10099,10000.0
10100,10000.0
10101,10000.0
10102,10000.0
10103,10000.0
10104,10000.0
10105,10000.0
10106,10000.0
10107,10000.0
10108,10000.0
10109,10000.0
10110,10000.0
10111,10000.0
10112,10000.0
10113,10000.0
10114,10000.0
10115,10000.0
10116,10000.0
10117,10000.0
10118,10000.0
10119,10000.0
10120,10000.0
10121,10000.0
10122,10000.0
10123,10000.0
10124,10000.0
10125,10000.0
10126,10000.0
10127,10000.0
10128,10000.0
10129,10000.0
10130,10000.0
10131,10000.0
10132,10000.0
10133,10000.0
10134,10000.0
10135,10000.0
10136,10000.0
10137,10000.0
10138,10000.0
10139,10000.0
10140,10000.0
10141,10000.0
10142,10000.0
10143,10000.0
10144,10000.0
10145,10000.0
10146,10000.0
10147,10000.0
10148,10000.0
10149,10000.0
10150,10000.0
10151,10000.0
10152,10000.0
10153,10000.0
10154,10000.0
10155,10000.0
10156,10000.0
10157,10000.0
10158,10000.0
10159,10000.0
10160,10000.0
10161,10000.0
10162,10000.0
10163,10000.0
10164,10000.0
10165,10000.0
10166,10000.0
10167,10000.0
10168,10000.0
10169,10000.0
10170,10000.0
10171,10000.0
10172,10000.0
10173,10000.0
10174,10000.0
10175,10000.0
10176,10000.0
10177,10000.0
10178,10000.0
10179,10000.0
10180,10000.0
10181,10000.0
10182,10000.0
10183,10000.0
10184,10000.0
10185,10000.0
10186,10000.0
10187,10000.0
10188,10000.0
10189,10000.0
10190,10000.0
10191,10000.0
10192,10000.0
10193,10000.0
10194,10000.0
10195,10000.0
10196,10000.0
10197,10000.0
10198,10000.0
10199,10000.0
10200,10000.0
10201,10000.0
10202,10000.0
10203,10000.0
10204,10000.0
10205,10000.0
10206,10000.0
10207,10000.0
10208,10000.0
10209,10000.0
10210,10000.0
10211,10000.0
10212,10000.0
10213,10000.0
10214,10000.0
10215,10000.0
10216,10000.0
10217,10000.0
10218,10000.0
10219,10000.0
10220,10000.0
10221,10000.0
10222,10000.0
10223,10000.0
10224,10000.0
10225,10000.0
10226,10000.0
10227,10000.0
10228,10000.0
10229,10000.0
10230,10000.0
10231,10000.0
10232,10000.0
10233,10000.0
10234,10000.0
10235,10000.0
10236,10000.0
10237,10000.0
10238,10000.0
10239,10000.0
10240,10000.0
10241,10000.0
10242,10000.0
10243,10000.0
10244,10000.0
10245,10000.0
10246,10000.0
10247,10000.0
10248,10000.0
10249,10000.0
10250,10000.0
10251,10000.0
10252,10000.0
10253,10000.0
10254,10000.0
10255,10000.0
10256,10000.0
10257,10000.0
10258,10000.0
10259,10000.0
10260,10000.0
10261,10000.0
10262,10000.0
10263,10000.0
10264,10000.0
10265,10000.0
10266,10000.0
10267,10000.0
10268,10000.0
10269,10000.0
10270,10000.0
10271,10000.0
10272,10000.0
10273,10000.0
10274,10000.0
10275,10000.0
10276,10000.0
10277,10000.0
10278,10000.0
10279,10000.0
10280,10000.0
10281,10000.0
10282,10000.0
10283,10000.0
10284,10000.0
10285,10000.0
10286,10000.0
10287,10000.0
10288,10000.0
10289,10000.0
10290,10000.0
10291,10000.0
10292,10000.0
10293,10000.0
10294,10000.0
10295,10000.0
10296,10000.0
10297,10000.0
10298,10000.0
10299,10000.0
10300,10000.0
10301,10000.0
10302,10000.0
10303,10000.0
10304,10000.0
10305,10000.0
10306,10000.0
10307,10000.0
10308,10000.0
10309,10000.0
10310,10000.0
10311,10000.0
10312,10000.0
10313,10000.0
10314,10000.0
10315,10000.0
10316,10000.0
10317,10000.0
10318,10000.0
10319,10000.0
10320,10000.0
10321,10000.0
10322,10000.0
10323,10000.0
10324,10000.0
10325,10000.0
10326,10000.0
10327,10000.0
10328,10000.0
10329,10000.0
10330,10000.0
10331,10000.0
10332,10000.0
10333,10000.0
10334,10000.0
10335,10000.0
10336,10000.0
10337,10000.0
10338,10000.0
10339,10000.0
10340,10000.0
10341,10000.0
10342,10000.0
10343,10000.0
10344,10000.0
10345,10000.0
10346,10000.0
10347,10000.0
10348,10000.0
10349,10000.0
10350,10000.0
10351,10000.0
10352,10000.0
10353,10000.0
10354,10000.0
10355,10000.0
10356,10000.0
10357,10000.0
10358,10000.0
10359,10000.0
10360,10000.0
10361,10000.0
10362,10000.0
10363,10000.0
10364,10000.0
10365,10000.0
10366,10000.0
10367,10000.0
10368,10000.0
10369,10000.0
10370,10000.0
10371,10000.0
10372,10000.0
10373,10000.0
10374,10000.0
10375,10000.0
10376,10000.0
10377,10000.0
10378,10000.0
10379,10000.0
10380,10000.0
10381,10000.0
10382,10000.0
10383,10000.0
10384,10000.0
10385,10000.0
10386,10000.0
10387,10000.0
10388,10000.0
10389,10000.0
10390,10000.0
10391,10000.0
10392,10000.0
10393,10000.0
10394,10000.0
10395,10000.0
10396,10000.0
10397,10000.0
10398,10000.0
10399,10000.0
10400,10000.0
10401,10000.0
10402,10000.0
10403,10000.0
10404,10000.0
10405,10000.0
10406,10000.0
10407,10000.0
10408,10000.0
10409,10000.0
10410,10000.0
10411,10000.0
10412,10000.0
10413,10000.0
10414,10000.0
10415,10000.0
10416,10000.0
10417,10000.0
10418,10000.0
10419,10000.0
10420,10000.0
10421,10000.0
10422,10000.0
10423,10000.0
10424,10000.0
10425,10000.0
10426,10000.0
10427,10000.0
10428,10000.0
10429,10000.0
10430,10000.0
10431,10000.0
10432,10000.0
10433,10000.0
10434,10000.0
10435,10000.0
10436,10000.0
10437,10000.0
10438,10000.0
10439,10000.0
10440,10000.0
10441,10000.0
10442,10000.0
10443,10000.0
10444,10000.0
10445,10000.0
10446,10000.0
10447,10000.0
10448,10000.0
10449,10000.0
10450,10000.0
10451,10000.0
10452,10000.0
10453,10000.0
10454,10000.0
10455,10000.0
10456,10000.0
10457,10000.0
10458,10000.0
10459,10000.0
10460,10000.0
10461,10000.0
10462,10000.0
10463,10000.0
10464,10000.0
10465,10000.0
10466,10000.0
10467,10000.0
10468,10000.0
10469,10000.0
10470,10000.0
10471,10000.0
10472,10000.0
10473,10000.0
10474,10000.0
10475,10000.0
10476,10000.0
10477,10000.0
10478,10000.0
10479,10000.0
10480,10000.0
10481,10000.0
10482,10000.0
10483,10000.0
10484,10000.0
10485,10000.0
10486,10000.0
10487,10000.0
10488,10000.0
10489,10000.0
10490,10000.0
10491,10000.0
10492,10000.0
10493,10000.0
10494,10000.0
10495,10000.0
10496,10000.0
10497,10000.0
10498,10000.0
10499,10000.0
10500,10000.0
10501,10000.0
10502,10000.0
10503,10000.0
10504,10000.0
10505,10000.0
10506,10000.0
10507,10000.0
10508,10000.0
10509,10000.0
10510,10000.0
10511,10000.0
10512,10000.0
10513,10000.0
10514,10000.0
10515,10000.0
10516,10000.0
10517,10000.0
10518,10000.0
10519,10000.0
10520,10000.0
10521,10000.0
10522,10000.0
10523,10000.0
10524,10000.0
10525,10000.0
10526,10000.0
10527,10000.0
10528,10000.0
10529,10000.0
10530,10000.0
10531,10000.0
10532,10000.0
10533,10000.0
10534,10000.0
10535,10000.0
10536,10000.0
10537,10000.0
10538,10000.0
10539,10000.0
10540,10000.0
10541,10000.0
10542,10000.0
10543,10000.0
10544,10000.0
10545,10000.0
10546,10000.0
10547,10000.0
10548,10000.0
10549,10000.0
10550,10000.0
10551,10000.0
10552,10000.0
10553,10000.0
10554,10000.0
10555,10000.0
10556,10000.0
10557,10000.0
10558,10000.0
10559,10000.0
10560,10000.0
10561,10000.0
10562,10000.0
10563,10000.0
10564,10000.0
10565,10000.0
10566,10000.0
10567,10000.0
10568,10000.0
10569,10000.0
10570,10000.0
10571,10000.0
10572,10000.0
10573,10000.0
10574,10000.0
10575,10000.0
10576,10000.0
10577,10000.0
10578,10000.0
10579,10000.0
10580,10000.0
10581,10000.0
10582,10000.0
10583,10000.0
10584,10000.0
10585,10000.0
10586,10000.0
10587,10000.0
10588,10000.0
10589,10000.0
10590,10000.0
10591,10000.0
10592,10000.0
10593,10000.0
10594,10000.0
10595,10000.0
10596,10000.0
10597,10000.0
10598,10000.0
10599,10000.0
10600,10000.0
10601,10000.0
10602,10000.0
10603,10000.0
10604,10000.0
10605,10000.0
10606,10000.0
10607,10000.0
10608,10000.0
10609,10000.0
10610,10000.0
10611,10000.0
10612,10000.0
10613,10000.0
10614,10000.0
10615,10000.0
10616,10000.0
10617,10000.0
10618,10000.0
10619,10000.0
10620,10000.0
10621,10000.0
10622,10000.0
10623,10000.0
10624,10000.0
10625,10000.0
10626,10000.0
10627,10000.0
10628,10000.0
10629,10000.0
10630,10000.0
10631,10000.0
10632,10000.0
10633,10000.0
10634,10000.0
10635,10000.0
10636,10000.0
10637,10000.0
10638,10000.0
10639,10000.0
10640,10000.0
10641,10000.0
10642,10000.0
10643,10000.0
10644,10000.0
10645,10000.0
10646,10000.0
10647,10000.0
10648,10000.0
10649,10000.0
10650,10000.0
10651,10000.0
10652,10000.0
10653,10000.0
10654,10000.0
10655,10000.0
10656,10000.0
10657,10000.0
10658,10000.0
10659,10000.0
10660,10000.0
10661,10000.0
10662,10000.0
10663,10000.0
10664,10000.0
10665,10000.0
10666,10000.0
10667,10000.0
10668,10000.0
10669,10000.0
10670,10000.0
10671,10000.0
10672,10000.0
10673,10000.0
10674,10000.0
10675,10000.0
10676,10000.0
10677,10000.0
10678,10000.0
10679,10000.0
10680,10000.0
10681,10000.0
10682,10000.0
10683,10000.0
10684,10000.0
10685,10000.0
10686,10000.0
10687,10000.0
10688,10000.0
10689,10000.0
10690,10000.0
10691,10000.0
10692,10000.0
10693,10000.0
10694,10000.0
10695,10000.0
10696,10000.0
10697,10000.0
10698,10000.0
10699,10000.0
10700,10000.0
10701,10000.0
10702,10000.0
10703,10000.0
10704,10000.0
10705,10000.0
10706,10000.0
10707,10000.0
10708,10000.0
10709,10000.0
10710,10000.0
10711,10000.0
10712,10000.0
10713,10000.0
10714,10000.0
10715,10000.0
10716,10000.0
10717,10000.0
10718,10000.0
10719,10000.0
10720,10000.0
10721,10000.0
10722,10000.0
10723,10000.0
10724,10000.0
10725,10000.0
10726,10000.0
10727,10000.0
10728,10000.0
10729,10000.0
10730,10000.0
10731,10000.0
10732,10000.0
10733,10000.0
10734,10000.0
10735,10000.0
10736,10000.0
10737,10000.0
10738,10000.0
10739,10000.0
10740,10000.0
10741,10000.0
10742,10000.0
10743,10000.0
10744,10000.0
10745,10000.0
10746,10000.0
10747,10000.0
10748,10000.0
10749,10000.0
10750,10000.0
10751,10000.0
10752,10000.0
10753,10000.0
10754,10000.0
10755,10000.0
10756,10000.0
10757,10000.0
10758,10000.0
10759,10000.0
10760,10000.0
10761,10000.0
10762,10000.0
10763,10000.0
10764,10000.0
10765,10000.0
10766,10000.0
10767,10000.0
10768,10000.0
10769,10000.0
10770,10000.0
10771,10000.0
10772,10000.0
10773,10000.0
10774,10000.0
10775,10000.0
10776,10000.0
10777,10000.0
10778,10000.0
10779,10000.0
10780,10000.0
10781,10000.0
10782,10000.0
10783,10000.0
10784,10000.0
10785,10000.0
10786,10000.0
10787,10000.0
10788,10000.0
10789,10000.0
10790,10000.0
10791,10000.0
10792,10000.0
10793,10000.0
10794,10000.0
10795,10000.0
10796,10000.0
10797,10000.0
10798,10000.0
10799,10000.0
10800,10000.0
0,10000.0
1,10000.0
2,10000.0
3,10000.0
4,10000.0
5,10000.0
6,10000.0
7,10000.0
8,10000.0
9,10000.0
10,10000.0
11,10000.0
12,10000.0
13,10000.0
14,10000.0
15,10000.0
16,10000.0
17,10000.0
18,10000.0
19,10000.0
20,10000.0
21,10000.0
22,10000.0
23,10000.0
24,10000.0
25,10000.0
26,10000.0
27,10000.0
28,10000.0
29,10000.0
30,10000.0
31,10000.0
32,10000.0
33,10000.0
34,10000.0
35,10000.0
36,10000.0
37,10000.0
38,10000.0
39,10000.0
40,10000.0
41,10000.0
42,10000.0
43,10000.0
44,10000.0
45,10000.0
46,10000.0
47,10000.0
48,10000.0
49,10000.0
50,10000.0
51,10000.0
52,10000.0
53,10000.0
54,10000.0
55,10000.0
56,10000.0
57,10000.0
58,10000.0
59,10000.0
60,10000.0
61,10000.0
62,10000.0
63,10000.0
64,10000.0
65,10000.0
66,10000.0
67,10000.0
68,10000.0
69,10000.0
70,10000.0
71,10000.0
72,10000.0
73,10000.0
74,10000.0
75,10000.0
76,10000.0
77,10000.0
78,10000.0
79,10000.0
80,10000.0
81,10000.0
82,10000.0
83,10000.0
84,10000.0
85,10000.0
86,10000.0
87,10000.0
88,10000.0
89,10000.0
90,10000.0
91,10000.0
92,10000.0
93,10000.0
94,10000.0
95,10000.0
96,10000.0
97,10000.0
98,10000.0
99,10000.0
100,10000.0
101,10000.0
102,10000.0
103,10000.0
104,10000.0
105,10000.0
106,10000.0
107,10000.0
108,10000.0
109,10000.0
110,10000.0
111,10000.0
112,10000.0
113,10000.0
114,10000.0
115,10000.0
116,10000.0
117,10000.0
118,10000.0
119,10000.0
120,10000.0
121,10000.0
122,10000.0
123,10000.0
124,10000.0
125,10000.0
126,10000.0
127,10000.0
128,10000.0
129,10000.0
130,10000.0
131,10000.0
132,10000.0
133,10000.0
134,10000.0
135,10000.0
136,10000.0
137,10000.0
138,10000.0
139,10000.0
140,10000.0
141,10000.0
142,10000.0
143,10000.0
144,10000.0
145,10000.0
146,10000.0
147,10000.0
148,10000.0
149,10000.0
150,10000.0
151,10000.0
152,10000.0
153,10000.0
154,10000.0
155,10000.0
156,10000.0
157,10000.0
158,10000.0
159,10000.0
160,10000.0
161,10000.0
162,10000.0
163,10000.0
164,10000.0
165,10000.0
166,10000.0
167,10000.0
168,10000.0
169,10000.0
170,10000.0
171,10000.0
172,10000.0
173,10000.0
174,10000.0
175,10000.0
176,10000.0
177,10000.0
178,10000.0
179,10000.0
180,10000.0
181,10000.0
182,10000.0
183,10000.0
184,10000.0
185,10000.0
186,10000.0
187,10000.0
188,10000.0
189,10000.0
190,10000.0
191,10000.0
192,10000.0
193,10000.0
194,10000.0
195,10000.0
196,10000.0
197,10000.0
198,10000.0
199,10000.0
200,10000.0
201,10000.0
202,10000.0
203,10000.0
204,10000.0
205,10000.0
206,10000.0
207,10000.0
208,10000.0
209,10000.0
210,10000.0
211,10000.0
212,10000.0
213,10000.0
214,10000.0
215,10000.0
216,10000.0
217,10000.0
218,10000.0
219,10000.0
220,10000.0
221,10000.0
222,10000.0
223,10000.0
224,10000.0
225,10000.0
226,10000.0
227,10000.0
228,10000.0
229,10000.0
230,10000.0
231,10000.0
232,10000.0
233,10000.0
234,10000.0
235,10000.0
236,10000.0
237,10000.0
238,10000.0
239,10000.0
240,10000.0
241,10000.0
242,10000.0
243,10000.0
244,10000.0
245,10000.0
246,10000.0
247,10000.0
248,10000.0
249,10000.0
250,10000.0
251,10000.0
252,10000.0
253,10000.0
254,10000.0
255,10000.0
256,10000.0
257,10000.0
258,10000.0
259,10000.0
260,10000.0
261,10000.0
262,10000.0
263,10000.0
264,10000.0
265,10000.0
266,10000.0
267,10000.0
268,10000.0
269,10000.0
270,10000.0
271,10000.0
272,10000.0
273,10000.0
274,10000.0
275,10000.0
276,10000.0
277,10000.0
278,10000.0
279,10000.0
280,10000.0
281,10000.0
282,10000.0
283,10000.0
284,10000.0
285,10000.0
286,10000.0
287,10000.0
288,10000.0
289,10000.0
290,10000.0
291,10000.0
292,10000.0
293,10000.0
294,10000.0
295,10000.0
296,10000.0
297,10000.0
298,10000.0
299,10000.0
300,10000.0
301,10000.0
302,10000.0
303,10000.0
304,10000.0
305,10000.0
306,10000.0
307,10000.0
308,10000.0
309,10000.0
310,10000.0
311,10000.0
312,10000.0
313,10000.0
314,10000.0
315,10000.0
316,10000.0
317,10000.0
318,10000.0
319,10000.0
320,10000.0
321,10000.0
322,10000.0
323,10000.0
324,10000.0
325,10000.0
326,10000.0
327,10000.0
328,10000.0
329,10000.0
330,10000.0
331,10000.0
332,10000.0
333,10000.0
334,10000.0
335,10000.0
336,10000.0
337,10000.0
338,10000.0
339,10000.0
340,10000.0
341,10000.0
342,10000.0
343,10000.0
344,10000.0
345,10000.0
346,10000.0
347,10000.0
348,10000.0
349,10000.0
350,10000.0
351,10000.0
352,10000.0
353,10000.0
354,10000.0
355,10000.0
356,10000.0
357,10000.0
358,10000.0
359,10000.0
360,10000.0
361,10000.0
362,10000.0
363,10000.0
364,10000.0
365,10000.0
366,10000.0
367,10000.0
368,10000.0
369,10000.0
370,10000.0
371,10000.0
372,10000.0
373,10000.0
374,10000.0
375,10000.0
376,10000.0
377,10000.0
378,10000.0
379,10000.0
380,10000.0
381,10000.0
382,10000.0
383,10000.0
384,10000.0
385,10000.0
386,10000.0
387,10000.0
388,10000.0
389,10000.0
390,10000.0
391,10000.0
392,10000.0
393,10000.0
394,10000.0
395,10000.0
396,10000.0
397,10000.0
398,10000.0
399,10000.0
400,10000.0
401,10000.0
402,10000.0
403,10000.0
404,10000.0
405,10000.0
406,10000.0
407,10000.0
408,10000.0
409,10000.0
410,10000.0
411,10000.0
412,10000.0
413,10000.0
414,10000.0
415,10000.0
416,10000.0
417,10000.0
418,10000.0
419,10000.0
420,10000.0
421,10000.0
422,10000.0
423,10000.0
424,10000.0
425,10000.0
426,10000.0
427,10000.0
428,10000.0
429,10000.0
430,10000.0
431,10000.0
432,10000.0
433,10000.0
434,10000.0
435,10000.0
436,10000.0
437,10000.0
438,10000.0
439,10000.0
440,10000.0
441,10000.0
442,10000.0
443,10000.0
444,10000.0
445,10000.0
446,10000.0
447,10000.0
448,10000.0
449,10000.0
450,10000.0
451,10000.0
452,10000.0
453,10000.0
454,10000.0
455,10000.0
456,10000.0
457,10000.0
458,10000.0
459,10000.0
460,10000.0
461,10000.0
462,10000.0
463,10000.0
464,10000.0
465,10000.0
466,10000.0
467,10000.0
468,10000.0
469,10000.0
470,10000.0
471,10000.0
472,10000.0
473,10000.0
474,10000.0
475,10000.0
476,10000.0
477,10000.0
478,10000.0
479,10000.0
480,10000.0
481,10000.0
482,10000.0
483,10000.0
484,10000.0
485,10000.0
486,10000.0
487,10000.0
488,10000.0
489,10000.0
490,10000.0
491,10000.0
492,10000.0
493,10000.0
494,10000.0
495,10000.0
496,10000.0
497,10000.0
498,10000.0
499,10000.0
500,10000.0
501,10000.0
502,10000.0
503,10000.0
504,10000.0
505,10000.0
506,10000.0
507,10000.0
508,10000.0
509,10000.0
510,10000.0
511,10000.0
512,10000.0
513,10000.0
514,10000.0
515,10000.0
516,10000.0
517,10000.0
518,10000.0
519,10000.0
520,10000.0
521,10000.0
522,10000.0
523,10000.0
524,10000.0
525,10000.0
526,10000.0
527,10000.0
528,10000.0
529,10000.0
530,10000.0
531,10000.0
532,10000.0
533,10000.0
534,10000.0
535,10000.0
536,10000.0
537,10000.0
538,10000.0
539,10000.0
540,10000.0
541,10000.0
542,10000.0
543,10000.0
544,10000.0
545,10000.0
546,10000.0
547,10000.0
548,10000.0
549,10000.0
550,10000.0
551,10000.0
552,10000.0
553,10000.0
554,10000.0
555,10000.0
556,10000.0
557,10000.0
558,10000.0
559,10000.0
560,10000.0
561,10000.0
562,10000.0
563,10000.0
564,10000.0
565,10000.0
566,10000.0
567,10000.0
568,10000.0
569,10000.0
570,10000.0
571,10000.0
572,10000.0
573,10000.0
574,10000.0
575,10000.0
576,10000.0
577,10000.0
578,10000.0
579,10000.0
580,10000.0
581,10000.0
582,10000.0
583,10000.0
584,10000.0
585,10000.0
586,10000.0
587,10000.0
588,10000.0
589,10000.0
590,10000.0
591,10000.0
592,10000.0
593,10000.0
594,10000.0
595,10000.0
596,10000.0
597,10000.0
598,10000.0
599,10000.0
600,10000.0
601,10000.0
602,10000.0
603,10000.0
604,10000.0
605,10000.0
606,10000.0
607,10000.0
608,10000.0
609,10000.0
610,10000.0
611,10000.0
612,10000.0
613,10000.0
614,10000.0
615,10000.0
616,10000.0
617,10000.0
618,10000.0
619,10000.0
620,10000.0
621,10000.0
622,10000.0
623,10000.0
624,10000.0
625,10000.0
626,10000.0
627,10000.0
628,10000.0
629,10000.0
630,10000.0
631,10000.0
632,10000.0
633,10000.0
634,10000.0
635,10000.0
636,10000.0
637,10000.0
638,10000.0
639,10000.0
640,10000.0
641,10000.0
642,10000.0
643,10000.0
644,10000.0
645,10000.0
646,10000.0
647,10000.0
648,10000.0
649,10000.0
650,10000.0
651,10000.0
652,10000.0
653,10000.0
654,10000.0
655,10000.0
656,10000.0
657,10000.0
658,10000.0
659,10000.0
660,10000.0
661,10000.0
662,10000.0
663,10000.0
664,10000.0
665,10000.0
666,10000.0
667,10000.0
668,10000.0
669,10000.0
670,10000.0
671,10000.0
672,10000.0
673,10000.0
674,10000.0
675,10000.0
676,10000.0
677,10000.0
678,10000.0
679,10000.0
680,10000.0
681,10000.0
682,10000.0
683,10000.0
684,10000.0
685,10000.0
686,10000.0
687,10000.0
688,10000.0
689,10000.0
690,10000.0
691,10000.0
692,10000.0
693,10000.0
694,10000.0
695,10000.0
696,10000.0
697,10000.0
698,10000.0
699,10000.0
700,10000.0
701,10000.0
702,10000.0
703,10000.0
704,10000.0
705,10000.0
706,10000.0
707,10000.0
708,10000.0
709,10000.0
710,10000.0
711,10000.0
712,10000.0
713,10000.0
714,10000.0
715,10000.0
716,10000.0
717,10000.0
718,10000.0
719,10000.0
720,10000.0
721,10000.0
722,10000.0
723,10000.0
724,10000.0
725,10000.0
726,10000.0
727,10000.0
728,10000.0
729,10000.0
730,10000.0
731,10000.0
732,10000.0
733,10000.0
734,10000.0
735,10000.0
736,10000.0
737,10000.0
738,10000.0
739,10000.0
740,10000.0
741,10000.0
742,10000.0
743,10000.0
744,10000.0
745,10000.0
746,10000.0
747,10000.0
748,10000.0
749,10000.0
750,10000.0
751,10000.0
752,10000.0
753,10000.0
754,10000.0
755,10000.0
756,10000.0
757,10000.0
758,10000.0
759,10000.0
760,10000.0
761,10000.0
762,10000.0
763,10000.0
764,10000.0
765,10000.0
766,10000.0
767,10000.0
768,10000.0
769,10000.0
770,10000.0
771,10000.0
772,10000.0
773,10000.0
774,10000.0
775,10000.0
776,10000.0
777,10000.0
778,10000.0
779,10000.0
780,10000.0
781,10000.0
782,10000.0
783,10000.0
784,10000.0
785,10000.0
786,10000.0
787,10000.0
788,10000.0
789,10000.0
790,10000.0
791,10000.0
792,10000.0
793,10000.0
794,10000.0
795,10000.0
796,10000.0
797,10000.0
798,10000.0
799,10000.0
800,10000.0
801,10000.0
802,10000.0
803,10000.0
804,10000.0
805,10000.0
806,10000.0
807,10000.0
808,10000.0
809,10000.0
810,10000.0
811,10000.0
812,10000.0
813,10000.0
814,10000.0
815,10000.0
816,10000.0
817,10000.0
818,10000.0
819,10000.0
820,10000.0
821,10000.0
822,10000.0
823,10000.0
824,10000.0
825,10000.0
826,10000.0
827,10000.0
828,10000.0
829,10000.0
830,10000.0
831,10000.0
832,10000.0
833,10000.0
834,10000.0
835,10000.0
836,10000.0
837,10000.0
838,10000.0
839,10000.0
840,10000.0
841,10000.0
842,10000.0
843,10000.0
844,10000.0
845,10000.0
846,10000.0
847,10000.0
848,10000.0
849,10000.0
850,10000.0
851,10000.0
852,10000.0
853,10000.0
854,10000.0
855,10000.0
856,10000.0
857,10000.0
858,10000.0
859,10000.0
860,10000.0
861,10000.0
862,10000.0
863,10000.0
864,10000.0
865,10000.0
866,10000.0
867,10000.0
868,10000.0
869,10000.0
870,10000.0
871,10000.0
872,10000.0
873,10000.0
874,10000.0
875,10000.0
876,10000.0
877,10000.0
878,10000.0
879,10000.0
880,10000.0
881,10000.0
882,10000.0
883,10000.0
884,10000.0
885,10000.0
886,10000.0
887,10000.0
888,10000.0
889,10000.0
890,10000.0
891,10000.0
892,10000.0
893,10000.0
894,10000.0
895,10000.0
896,10000.0
897,10000.0
898,10000.0
899,10000.0
900,10000.0
901,10000.0
902,10000.0
903,10000.0
904,10000.0
905,10000.0
906,10000.0
907,10000.0
908,10000.0
909,10000.0
910,10000.0
911,10000.0
912,10000.0
913,10000.0
914,10000.0
915,10000.0
916,10000.0
917,10000.0
918,10000.0
919,10000.0
920,10000.0
921,10000.0
922,10000.0
923,10000.0
924,10000.0
925,10000.0
926,10000.0
927,10000.0
928,10000.0
929,10000.0
930,10000.0
931,10000.0
932,10000.0
933,10000.0
934,10000.0
935,10000.0
936,10000.0
937,10000.0
938,10000.0
939,10000.0
940,10000.0
941,10000.0
942,10000.0
943,10000.0
944,10000.0
945,10000.0
946,10000.0
947,10000.0
948,10000.0
949,10000.0
950,10000.0
951,10000.0
952,10000.0
953,10000.0
954,10000.0
955,10000.0
956,10000.0
957,10000.0
958,10000.0
959,10000.0
960,10000.0
961,10000.0
962,10000.0
963,10000.0
964,10000.0
965,10000.0
966,10000.0
967,10000.0
968,10000.0
969,10000.0
970,10000.0
971,10000.0
972,10000.0
973,10000.0
974,10000.0
975,10000.0
976,10000.0
977,10000.0
978,10000.0
979,10000.0
980,10000.0
981,10000.0
982,10000.0
983,10000.0
984,10000.0
985,10000.0
986,10000.0
987,10000.0
988,10000.0
989,10000.0
990,10000.0
991,10000.0
992,10000.0
993,10000.0
994,10000.0
995,10000.0
996,10000.0
997,10000.0
998,10000.0
999,10000.0
1000,10000.0
1001,10000.0
1002,10000.0
1003,10000.0
1004,10000.0
1005,10000.0
1006,10000.0
1007,10000.0
1008,10000.0
1009,10000.0
1010,10000.0
1011,10000.0
1012,10000.0
1013,10000.0
1014,10000.0
1015,10000.0
1016,10000.0
1017,10000.0
1018,10000.0
1019,10000.0
1020,10000.0
1021,10000.0
1022,10000.0
1023,10000.0
1024,10000.0
1025,10000.0
1026,10000.0
1027,10000.0
1028,10000.0
1029,10000.0
1030,10000.0
1031,10000.0
1032,10000.0
1033,10000.0
1034,10000.0
1035,10000.0
1036,10000.0
1037,10000.0
1038,10000.0
1039,10000.0
1040,10000.0
1041,10000.0
1042,10000.0
1043,10000.0
1044,10000.0
1045,10000.0
1046,10000.0
1047,10000.0
1048,10000.0
1049,10000.0
1050,10000.0
1051,10000.0
1052,10000.0
1053,10000.0
1054,10000.0
1055,10000.0
1056,10000.0
1057,10000.0
1058,10000.0
1059,10000.0
1060,10000.0
1061,10000.0
1062,10000.0
1063,10000.0
1064,10000.0
1065,10000.0
1066,10000.0
1067,10000.0
1068,10000.0
1069,10000.0
1070,10000.0
1071,10000.0
1072,10000.0
1073,10000.0
1074,10000.0
1075,10000.0
1076,10000.0
1077,10000.0
1078,10000.0
1079,10000.0
1080,10000.0
1081,10000.0
1082,10000.0
1083,10000.0
1084,10000.0
1085,10000.0
1086,10000.0
1087,10000.0
1088,10000.0
1089,10000.0
1090,10000.0
1091,10000.0
1092,10000.0
1093,10000.0
1094,10000.0
1095,10000.0
1096,10000.0
1097,10000.0
1098,10000.0
1099,10000.0
1100,10000.0
1101,10000.0
1102,10000.0
1103,10000.0
1104,10000.0
1105,10000.0
1106,10000.0
1107,10000.0
1108,10000.0
1109,10000.0
1110,10000.0
1111,10000.0
1112,10000.0
1113,10000.0
1114,10000.0
1115,10000.0
1116,10000.0
1117,10000.0
1118,10000.0
1119,10000.0
1120,10000.0
1121,10000.0
1122,10000.0
1123,10000.0
1124,10000.0
1125,10000.0
1126,10000.0
1127,10000.0
1128,10000.0
1129,10000.0
1130,10000.0
1131,10000.0
1132,10000.0
1133,10000.0
1134,10000.0
1135,10000.0
1136,10000.0
1137,10000.0
1138,10000.0
1139,10000.0
1140,10000.0
1141,10000.0
1142,10000.0
1143,10000.0
1144,10000.0
1145,10000.0
1146,10000.0
1147,10000.0
1148,10000.0
1149,10000.0
1150,10000.0
1151,10000.0
1152,10000.0
1153,10000.0
1154,10000.0
1155,10000.0
1156,10000.0
1157,10000.0
1158,10000.0
1159,10000.0
1160,10000.0
1161,10000.0
1162,10000.0
1163,10000.0
1164,10000.0
1165,10000.0
1166,10000.0
1167,10000.0
1168,10000.0
1169,10000.0
1170,10000.0
1171,10000.0
1172,10000.0
1173,10000.0
1174,10000.0
1175,10000.0
1176,10000.0
1177,10000.0
1178,10000.0
1179,10000.0
1180,10000.0
1181,10000.0
1182,10000.0
1183,10000.0
1184,10000.0
1185,10000.0
1186,10000.0
1187,10000.0
1188,10000.0
1189,10000.0
1190,10000.0
1191,10000.0
1192,10000.0
1193,10000.0
1194,10000.0
1195,10000.0
1196,10000.0
1197,10000.0
1198,10000.0
1199,10000.0
1200,10000.0
1201,10000.0
1202,10000.0
1203,10000.0
1204,10000.0
1205,10000.0
1206,10000.0
1207,10000.0
1208,10000.0
1209,10000.0
1210,10000.0
1211,10000.0
1212,10000.0
1213,10000.0
1214,10000.0
1215,10000.0
1216,10000.0
1217,10000.0
1218,10000.0
1219,10000.0
1220,10000.0
1221,10000.0
1222,10000.0
1223,10000.0
1224,10000.0
1225,10000.0
1226,10000.0
1227,10000.0
1228,10000.0
1229,10000.0
1230,10000.0
1231,10000.0
1232,10000.0
1233,10000.0
1234,10000.0
1235,10000.0
1236,10000.0
1237,10000.0
1238,10000.0
1239,10000.0
1240,10000.0
1241,10000.0
1242,10000.0
1243,10000.0
1244,10000.0
1245,10000.0
1246,10000.0
1247,10000.0
1248,10000.0
1249,10000.0
1250,10000.0
1251,10000.0
1252,10000.0
1253,10000.0
1254,10000.0
1255,10000.0
1256,10000.0
1257,10000.0
1258,10000.0
1259,10000.0
1260,10000.0
1261,10000.0
1262,10000.0
1263,10000.0
1264,10000.0
1265,10000.0
1266,10000.0
1267,10000.0
1268,10000.0
1269,10000.0
1270,10000.0
1271,10000.0
1272,10000.0
1273,10000.0
1274,10000.0
1275,10000.0
1276,10000.0
1277,10000.0
1278,10000.0
1279,10000.0
1280,10000.0
1281,10000.0
1282,10000.0
1283,10000.0
1284,10000.0
1285,10000.0
1286,10000.0
1287,10000.0
1288,10000.0
1289,10000.0
1290,10000.0
1291,10000.0
1292,10000.0
1293,10000.0
1294,10000.0
1295,10000.0
1296,10000.0
1297,10000.0
1298,10000.0
1299,10000.0
1300,10000.0
1301,10000.0
1302,10000.0
1303,10000.0
1304,10000.0
1305,10000.0
1306,10000.0
1307,10000.0
1308,10000.0
1309,10000.0
1310,10000.0
1311,10000.0
1312,10000.0
1313,10000.0
1314,10000.0
1315,10000.0
1316,10000.0
1317,10000.0
1318,10000.0
1319,10000.0
1320,10000.0
1321,10000.0
1322,10000.0
1323,10000.0
1324,10000.0
1325,10000.0
1326,10000.0
1327,10000.0
1328,10000.0
1329,10000.0
1330,10000.0
1331,10000.0
1332,10000.0
1333,10000.0
1334,10000.0
1335,10000.0
1336,10000.0
1337,10000.0
1338,10000.0
1339,10000.0
1340,10000.0
1341,10000.0
1342,10000.0
1343,10000.0
1344,10000.0
1345,10000.0
1346,10000.0
1347,10000.0
1348,10000.0
1349,10000.0
1350,10000.0
1351,10000.0
1352,10000.0
1353,10000.0
1354,10000.0
1355,10000.0
1356,10000.0
1357,10000.0
1358,10000.0
1359,10000.0
1360,10000.0
1361,10000.0
1362,10000.0
1363,10000.0
1364,10000.0
1365,10000.0
1366,10000.0
1367,10000.0
1368,10000.0
1369,10000.0
1370,10000.0
1371,10000.0
1372,10000.0
1373,10000.0
1374,10000.0
1375,10000.0
1376,10000.0
1377,10000.0
1378,10000.0
1379,10000.0
1380,10000.0
1381,10000.0
1382,10000.0
1383,10000.0
1384,10000.0
1385,10000.0
1386,10000.0
1387,10000.0
1388,10000.0
1389,10000.0
1390,10000.0
1391,10000.0
1392,10000.0
1393,10000.0
1394,10000.0
1395,10000.0
1396,10000.0
1397,10000.0
1398,10000.0
1399,10000.0
1400,10000.0
1401,10000.0
1402,10000.0
1403,10000.0
1404,10000.0
1405,10000.0
1406,10000.0
1407,10000.0
1408,10000.0
1409,10000.0
1410,10000.0
1411,10000.0
1412,10000.0
1413,10000.0
1414,10000.0
1415,10000.0
1416,10000.0
1417,10000.0
1418,10000.0
1419,10000.0
1420,10000.0
1421,10000.0
1422,10000.0
1423,10000.0
1424,10000.0
1425,10000.0
1426,10000.0
1427,10000.0
1428,10000.0
1429,10000.0
1430,10000.0
1431,10000.0
1432,10000.0
1433,10000.0
1434,10000.0
1435,10000.0
1436,10000.0
1437,10000.0
1438,10000.0
1439,10000.0
1440,10000.0
1441,10000.0
1442,10000.0
1443,10000.0
1444,10000.0
1445,10000.0
1446,10000.0
1447,10000.0
1448,10000.0
1449,10000.0
1450,10000.0
1451,10000.0
1452,10000.0
1453,10000.0
1454,10000.0
1455,10000.0
1456,10000.0
1457,10000.0
1458,10000.0
1459,10000.0
1460,10000.0
1461,10000.0
1462,10000.0
1463,10000.0
1464,10000.0
1465,10000.0
1466,10000.0
1467,10000.0
1468,10000.0
1469,10000.0
1470,10000.0
1471,10000.0
1472,10000.0
1473,10000.0
1474,10000.0
1475,10000.0
1476,10000.0
1477,10000.0
1478,10000.0
1479,10000.0
1480,10000.0
1481,10000.0
1482,10000.0
1483,10000.0
1484,10000.0
1485,10000.0
1486,10000.0
1487,10000.0
1488,10000.0
1489,10000.0
1490,10000.0
1491,10000.0
1492,10000.0
1493,10000.0
1494,10000.0
1495,10000.0
1496,10000.0
1497,10000.0
1498,10000.0
1499,10000.0
1500,10000.0
1501,10000.0
1502,10000.0
1503,10000.0
1504,10000.0
1505,10000.0
1506,10000.0
1507,10000.0
1508,10000.0
1509,10000.0
1510,10000.0
1511,10000.0
1512,10000.0
1513,10000.0
1514,10000.0
1515,10000.0
1516,10000.0
1517,10000.0
1518,10000.0
1519,10000.0
1520,10000.0
1521,10000.0
1522,10000.0
1523,10000.0
1524,10000.0
1525,10000.0
1526,10000.0
1527,10000.0
1528,10000.0
1529,10000.0
1530,10000.0
1531,10000.0
1532,10000.0
1533,10000.0
1534,10000.0
1535,10000.0
1536,10000.0
1537,10000.0
1538,10000.0
1539,10000.0
1540,10000.0
1541,10000.0
1542,10000.0
1543,10000.0
1544,10000.0
1545,10000.0
1546,10000.0
1547,10000.0
1548,10000.0
1549,10000.0
1550,10000.0
1551,10000.0
1552,10000.0
1553,10000.0
1554,10000.0
1555,10000.0
1556,10000.0
1557,10000.0
1558,10000.0
1559,10000.0
1560,10000.0
1561,10000.0
1562,10000.0
1563,10000.0
1564,10000.0
1565,10000.0
1566,10000.0
1567,10000.0
1568,10000.0
1569,10000.0
1570,10000.0
1571,10000.0
1572,10000.0
1573,10000.0
1574,10000.0
1575,10000.0
1576,10000.0
1577,10000.0
1578,10000.0
1579,10000.0
1580,10000.0
1581,10000.0
1582,10000.0
1583,10000.0
1584,10000.0
1585,10000.0
1586,10000.0
1587,10000.0
1588,10000.0
1589,10000.0
1590,10000.0
1591,10000.0
1592,10000.0
1593,10000.0
1594,10000.0
1595,10000.0
1596,10000.0
1597,10000.0
1598,10000.0
1599,10000.0
1600,10000.0
1601,10000.0
1602,10000.0
1603,10000.0
1604,10000.0
1605,10000.0
1606,10000.0
1607,10000.0
1608,10000.0
1609,10000.0
1610,10000.0
1611,10000.0
1612,10000.0
1613,10000.0
1614,10000.0
1615,10000.0
1616,10000.0
1617,10000.0
1618,10000.0
1619,10000.0
1620,10000.0
1621,10000.0
1622,10000.0
1623,10000.0
1624,10000.0
1625,10000.0
1626,10000.0
1627,10000.0
1628,10000.0
1629,10000.0
1630,10000.0
1631,10000.0
1632,10000.0
1633,10000.0
1634,10000.0
1635,10000.0
1636,10000.0
1637,10000.0
1638,10000.0
1639,10000.0
1640,10000.0
1641,10000.0
1642,10000.0
1643,10000.0
1644,10000.0
1645,10000.0
1646,10000.0
1647,10000.0
1648,10000.0
1649,10000.0
1650,10000.0
1651,10000.0
1652,10000.0
1653,10000.0
1654,10000.0
1655,10000.0
1656,10000.0
1657,10000.0
1658,10000.0
1659,10000.0
1660,10000.0
1661,10000.0
1662,10000.0
1663,10000.0
1664,10000.0
1665,10000.0
1666,10000.0
1667,10000.0
1668,10000.0
1669,10000.0
1670,10000.0
1671,10000.0
1672,10000.0
1673,10000.0
1674,10000.0
1675,10000.0
1676,10000.0
1677,10000.0
1678,10000.0
1679,10000.0
1680,10000.0
1681,10000.0
1682,10000.0
1683,10000.0
1684,10000.0
1685,10000.0
1686,10000.0
1687,10000.0
1688,10000.0
1689,10000.0
1690,10000.0
1691,10000.0
1692,10000.0
1693,10000.0
1694,10000.0
1695,10000.0
1696,10000.0
1697,10000.0
1698,10000.0
1699,10000.0
1700,10000.0
1701,10000.0
1702,10000.0
1703,10000.0
1704,10000.0
1705,10000.0
1706,10000.0
1707,10000.0
1708,10000.0
1709,10000.0
1710,10000.0
1711,10000.0
1712,10000.0
1713,10000.0
1714,10000.0
1715,10000.0
1716,10000.0
1717,10000.0
1718,10000.0
1719,10000.0
1720,10000.0
1721,10000.0
1722,10000.0
1723,10000.0
1724,10000.0
1725,10000.0
1726,10000.0
1727,10000.0
1728,10000.0
1729,10000.0
1730,10000.0
1731,10000.0
1732,10000.0
1733,10000.0
1734,10000.0
1735,10000.0
1736,10000.0
1737,10000.0
1738,10000.0
1739,10000.0
1740,10000.0
1741,10000.0
1742,10000.0
1743,10000.0
1744,10000.0
1745,10000.0
1746,10000.0
1747,10000.0
1748,10000.0
1749,10000.0
1750,10000.0
1751,10000.0
1752,10000.0
1753,10000.0
1754,10000.0
1755,10000.0
1756,10000.0
1757,10000.0
1758,10000.0
1759,10000.0
1760,10000.0
1761,10000.0
1762,10000.0
1763,10000.0
1764,10000.0
1765,10000.0
1766,10000.0
1767,10000.0
1768,10000.0
1769,10000.0
1770,10000.0
1771,10000.0
1772,10000.0
1773,10000.0
1774,10000.0
1775,10000.0
1776,10000.0
1777,10000.0
1778,10000.0
1779,10000.0
1780,10000.0
1781,10000.0
1782,10000.0
1783,10000.0
1784,10000.0
1785,10000.0
1786,10000.0
1787,10000.0
1788,10000.0
1789,10000.0
1790,10000.0
1791,10000.0
1792,10000.0
1793,10000.0
1794,10000.0
1795,10000.0
1796,10000.0
1797,10000.0
1798,10000.0
1799,10000.0
1800,10000.0
1801,10000.0
1802,10000.0
1803,10000.0
1804,10000.0
1805,10000.0
1806,10000.0
1807,10000.0
1808,10000.0
1809,10000.0
1810,10000.0
1811,10000.0
1812,10000.0
1813,10000.0
1814,10000.0
1815,10000.0
1816,10000.0
1817,10000.0
1818,10000.0
1819,10000.0
1820,10000.0
1821,10000.0
1822,10000.0
1823,10000.0
1824,10000.0
1825,10000.0
1826,10000.0
1827,10000.0
1828,10000.0
1829,10000.0
1830,10000.0
1831,10000.0
1832,10000.0
1833,10000.0
1834,10000.0
1835,10000.0
1836,10000.0
1837,10000.0
1838,10000.0
1839,10000.0
1840,10000.0
1841,10000.0
1842,10000.0
1843,10000.0
1844,10000.0
1845,10000.0
1846,10000.0
1847,10000.0
1848,10000.0
1849,10000.0
1850,10000.0
1851,10000.0
1852,10000.0
1853,10000.0
1854,10000.0
1855,10000.0
1856,10000.0
1857,10000.0
1858,10000.0
1859,10000.0
1860,10000.0
1861,10000.0
1862,10000.0
1863,10000.0
1864,10000.0
1865,10000.0
1866,10000.0
1867,10000.0
1868,10000.0
1869,10000.0
1870,10000.0
1871,10000.0
1872,10000.0
1873,10000.0
1874,10000.0
1875,10000.0
1876,10000.0
1877,10000.0
1878,10000.0
1879,10000.0
1880,10000.0
1881,10000.0
1882,10000.0
1883,10000.0
1884,10000.0
1885,10000.0
1886,10000.0
1887,10000.0
1888,10000.0
1889,10000.0
1890,10000.0
1891,10000.0
1892,10000.0
1893,10000.0
1894,10000.0
1895,10000.0
1896,10000.0
1897,10000.0
1898,10000.0
1899,10000.0
1900,10000.0
1901,10000.0
1902,10000.0
1903,10000.0
1904,10000.0
1905,10000.0
1906,10000.0
1907,10000.0
1908,10000.0
1909,10000.0
1910,10000.0
1911,10000.0
1912,10000.0
1913,10000.0
1914,10000.0
1915,10000.0
1916,10000.0
1917,10000.0
1918,10000.0
1919,10000.0
1920,10000.0
1921,10000.0
1922,10000.0
1923,10000.0
1924,10000.0
1925,10000.0
1926,10000.0
1927,10000.0
1928,10000.0
1929,10000.0
1930,10000.0
1931,10000.0
1932,10000.0
1933,10000.0
1934,10000.0
1935,10000.0
1936,10000.0
1937,10000.0
1938,10000.0
1939,10000.0
1940,10000.0
1941,10000.0
1942,10000.0
1943,10000.0
1944,10000.0
1945,10000.0
1946,10000.0
1947,10000.0
1948,10000.0
1949,10000.0
1950,10000.0
1951,10000.0
1952,10000.0
1953,10000.0
1954,10000.0
1955,10000.0
1956,10000.0
1957,10000.0
1958,10000.0
1959,10000.0
1960,10000.0
1961,10000.0
1962,10000.0
1963,10000.0
1964,10000.0
1965,10000.0
1966,10000.0
1967,10000.0
1968,10000.0
1969,10000.0
1970,10000.0
1971,10000.0
1972,10000.0
1973,10000.0
1974,10000.0
1975,10000.0
1976,10000.0
1977,10000.0
1978,10000.0
1979,10000.0
1980,10000.0
1981,10000.0
1982,10000.0
1983,10000.0
1984,10000.0
1985,10000.0
1986,10000.0
1987,10000.0
1988,10000.0
1989,10000.0
1990,10000.0
1991,10000.0
1992,10000.0
1993,10000.0
1994,10000.0
1995,10000.0
1996,10000.0
1997,10000.0
1998,10000.0
1999,10000.0
2000,10000.0
2001,10000.0
2002,10000.0
2003,10000.0
2004,10000.0
2005,10000.0
2006,10000.0
2007,10000.0
2008,10000.0
2009,10000.0
2010,10000.0
2011,10000.0
2012,10000.0
2013,10000.0
2014,10000.0
2015,10000.0
2016,10000.0
2017,10000.0
2018,10000.0
2019,10000.0
2020,10000.0
2021,10000.0
2022,10000.0
2023,10000.0
2024,10000.0
2025,10000.0
2026,10000.0
2027,10000.0
2028,10000.0
2029,10000.0
2030,10000.0
2031,10000.0
2032,10000.0
2033,10000.0
2034,10000.0
2035,10000.0
2036,10000.0
2037,10000.0
2038,10000.0
2039,10000.0
2040,10000.0
2041,10000.0
2042,10000.0
2043,10000.0
2044,10000.0
2045,10000.0
2046,10000.0
2047,10000.0
2048,10000.0
2049,10000.0
2050,10000.0
2051,10000.0
2052,10000.0
2053,10000.0
2054,10000.0
2055,10000.0
2056,10000.0
2057,10000.0
2058,10000.0
2059,10000.0
2060,10000.0
2061,10000.0
2062,10000.0
2063,10000.0
2064,10000.0
2065,10000.0
2066,10000.0
2067,10000.0
2068,10000.0
2069,10000.0
2070,10000.0
2071,10000.0
2072,10000.0
2073,10000.0
2074,10000.0
2075,10000.0
2076,10000.0
2077,10000.0
2078,10000.0
2079,10000.0
2080,10000.0
2081,10000.0
2082,10000.0
2083,10000.0
2084,10000.0
2085,10000.0
2086,10000.0
2087,10000.0
2088,10000.0
2089,10000.0
2090,10000.0
2091,10000.0
2092,10000.0
2093,10000.0
2094,10000.0
2095,10000.0
2096,10000.0
2097,10000.0
2098,10000.0
2099,10000.0
2100,10000.0
2101,10000.0
2102,10000.0
2103,10000.0
2104,10000.0
2105,10000.0
2106,10000.0
2107,10000.0
2108,10000.0
2109,10000.0
2110,10000.0
2111,10000.0
2112,10000.0
2113,10000.0
2114,10000.0
2115,10000.0
2116,10000.0
2117,10000.0
2118,10000.0
2119,10000.0
2120,10000.0
2121,10000.0
2122,10000.0
2123,10000.0
2124,10000.0
2125,10000.0
2126,10000.0
2127,10000.0
2128,10000.0
2129,10000.0
2130,10000.0
2131,10000.0
2132,10000.0
2133,10000.0
2134,10000.0
2135,10000.0
2136,10000.0
2137,10000.0
2138,10000.0
2139,10000.0
2140,10000.0
2141,10000.0
2142,10000.0
2143,10000.0
2144,10000.0
2145,10000.0
2146,10000.0
2147,10000.0
2148,10000.0
2149,10000.0
2150,10000.0
2151,10000.0
2152,10000.0
2153,10000.0
2154,10000.0
2155,10000.0
2156,10000.0
2157,10000.0
2158,10000.0
2159,10000.0
2160,10000.0
2161,10000.0
2162,10000.0
2163,10000.0
2164,10000.0
2165,10000.0
2166,10000.0
2167,10000.0
2168,10000.0
2169,10000.0
2170,10000.0
2171,10000.0
2172,10000.0
2173,10000.0
2174,10000.0
2175,10000.0
2176,10000.0
2177,10000.0
2178,10000.0
2179,10000.0
2180,10000.0
2181,10000.0
2182,10000.0
2183,10000.0
2184,10000.0
2185,10000.0
2186,10000.0
2187,10000.0
2188,10000.0
2189,10000.0
2190,10000.0
2191,10000.0
2192,10000.0
2193,10000.0
2194,10000.0
2195,10000.0
2196,10000.0
2197,10000.0
2198,10000.0
2199,10000.0
2200,10000.0
2201,10000.0
2202,10000.0
2203,10000.0
2204,10000.0
2205,10000.0
2206,10000.0
2207,10000.0
2208,10000.0
2209,10000.0
2210,10000.0
2211,10000.0
2212,10000.0
2213,10000.0
2214,10000.0
2215,10000.0
2216,10000.0
2217,10000.0
2218,10000.0
2219,10000.0
2220,10000.0
2221,10000.0
2222,10000.0
2223,10000.0
2224,10000.0
2225,10000.0
2226,10000.0
2227,10000.0
2228,10000.0
2229,10000.0
2230,10000.0
2231,10000.0
2232,10000.0
2233,10000.0
2234,10000.0
2235,10000.0
2236,10000.0
2237,10000.0
2238,10000.0
2239,10000.0
2240,10000.0
2241,10000.0
2242,10000.0
2243,10000.0
2244,10000.0
2245,10000.0
2246,10000.0
2247,10000.0
2248,10000.0
2249,10000.0
2250,10000.0
2251,10000.0
2252,10000.0
2253,10000.0
2254,10000.0
2255,10000.0
2256,10000.0
2257,10000.0
2258,10000.0
2259,10000.0
2260,10000.0
2261,10000.0
2262,10000.0
2263,10000.0
2264,10000.0
2265,10000.0
2266,10000.0
2267,10000.0
2268,10000.0
2269,10000.0
2270,10000.0
2271,10000.0
2272,10000.0
2273,10000.0
2274,10000.0
2275,10000.0
2276,10000.0
2277,10000.0
2278,10000.0
2279,10000.0
2280,10000.0
2281,10000.0
2282,10000.0
2283,10000.0
2284,10000.0
2285,10000.0
2286,10000.0
2287,10000.0
2288,10000.0
2289,10000.0
2290,10000.0
2291,10000.0
2292,10000.0
2293,10000.0
2294,10000.0
2295,10000.0
2296,10000.0
2297,10000.0
2298,10000.0
2299,10000.0
2300,10000.0
2301,10000.0
2302,10000.0
2303,10000.0
2304,10000.0
2305,10000.0
2306,10000.0
2307,10000.0
2308,10000.0
2309,10000.0
2310,10000.0
2311,10000.0
2312,10000.0
2313,10000.0
2314,10000.0
2315,10000.0
2316,10000.0
2317,10000.0
2318,10000.0
2319,10000.0
2320,10000.0
2321,10000.0
2322,10000.0
2323,10000.0
2324,10000.0
2325,10000.0
2326,10000.0
2327,10000.0
2328,10000.0
2329,10000.0
2330,10000.0
2331,10000.0
2332,10000.0
2333,10000.0
2334,10000.0
2335,10000.0
2336,10000.0
2337,10000.0
2338,10000.0
2339,10000.0
2340,10000.0
2341,10000.0
2342,10000.0
2343,10000.0
2344,10000.0
2345,10000.0
2346,10000.0
2347,10000.0
2348,10000.0
2349,10000.0
2350,10000.0
2351,10000.0
2352,10000.0
2353,10000.0
2354,10000.0
2355,10000.0
2356,10000.0
2357,10000.0
2358,10000.0
2359,10000.0
2360,10000.0
2361,10000.0
2362,10000.0
2363,10000.0
2364,10000.0
2365,10000.0
2366,10000.0
2367,10000.0
2368,10000.0
2369,10000.0
2370,10000.0
2371,10000.0
2372,10000.0
2373,10000.0
2374,10000.0
2375,10000.0
2376,10000.0
2377,10000.0
2378,10000.0
2379,10000.0
2380,10000.0
2381,10000.0
2382,10000.0
2383,10000.0
2384,10000.0
2385,10000.0
2386,10000.0
2387,10000.0
2388,10000.0
2389,10000.0
2390,10000.0
2391,10000.0
2392,10000.0
2393,10000.0
2394,10000.0
2395,10000.0
2396,10000.0
2397,10000.0
2398,10000.0
2399,10000.0
2400,10000.0
2401,10000.0
2402,10000.0
2403,10000.0
2404,10000.0
2405,10000.0
2406,10000.0
2407,10000.0
2408,10000.0
2409,10000.0
2410,10000.0
2411,10000.0
2412,10000.0
2413,10000.0
2414,10000.0
2415,10000.0
2416,10000.0
2417,10000.0
2418,10000.0
2419,10000.0
2420,10000.0
2421,10000.0
2422,10000.0
2423,10000.0
2424,10000.0
2425,10000.0
2426,10000.0
2427,10000.0
2428,10000.0
2429,10000.0
2430,10000.0
2431,10000.0
2432,10000.0
2433,10000.0
2434,10000.0
2435,10000.0
2436,10000.0
2437,10000.0
2438,10000.0
2439,10000.0
2440,10000.0
2441,10000.0
2442,10000.0
2443,10000.0
2444,10000.0
2445,10000.0
2446,10000.0
2447,10000.0
2448,10000.0
2449,10000.0
2450,10000.0
2451,10000.0
2452,10000.0
2453,10000.0
2454,10000.0
2455,10000.0
2456,10000.0
2457,10000.0
2458,10000.0
2459,10000.0
2460,10000.0
2461,10000.0
2462,10000.0
2463,10000.0
2464,10000.0
2465,10000.0
2466,10000.0
2467,10000.0
2468,10000.0
2469,10000.0
2470,10000.0
2471,10000.0
2472,10000.0
2473,10000.0
2474,10000.0
2475,10000.0
2476,10000.0
2477,10000.0
2478,10000.0
2479,10000.0
2480,10000.0
2481,10000.0
2482,10000.0
2483,10000.0
2484,10000.0
2485,10000.0
2486,10000.0
2487,10000.0
2488,10000.0
2489,10000.0
2490,10000.0
2491,10000.0
2492,10000.0
2493,10000.0
2494,10000.0
2495,10000.0
2496,10000.0
2497,10000.0
2498,10000.0
2499,10000.0
2500,10000.0
2501,10000.0
2502,10000.0
2503,10000.0
2504,10000.0
2505,10000.0
2506,10000.0
2507,10000.0
2508,10000.0
2509,10000.0
2510,10000.0
2511,10000.0
2512,10000.0
2513,10000.0
2514,10000.0
2515,10000.0
2516,10000.0
2517,10000.0
2518,10000.0
2519,10000.0
2520,10000.0
2521,10000.0
2522,10000.0
2523,10000.0
2524,10000.0
2525,10000.0
2526,10000.0
2527,10000.0
2528,10000.0
2529,10000.0
2530,10000.0
2531,10000.0
2532,10000.0
2533,10000.0
2534,10000.0
2535,10000.0
2536,10000.0
2537,10000.0
2538,10000.0
2539,10000.0
2540,10000.0
2541,10000.0
2542,10000.0
2543,10000.0
2544,10000.0
2545,10000.0
2546,10000.0
2547,10000.0
2548,10000.0
2549,10000.0
2550,10000.0
2551,10000.0
2552,10000.0
2553,10000.0
2554,10000.0
2555,10000.0
2556,10000.0
2557,10000.0
2558,10000.0
2559,10000.0
2560,10000.0
2561,10000.0
2562,10000.0
2563,10000.0
2564,10000.0
2565,10000.0
2566,10000.0
2567,10000.0
2568,10000.0
2569,10000.0
2570,10000.0
2571,10000.0
2572,10000.0
2573,10000.0
2574,10000.0
2575,10000.0
2576,10000.0
2577,10000.0
2578,10000.0
2579,10000.0
2580,10000.0
2581,10000.0
2582,10000.0
2583,10000.0
2584,10000.0
2585,10000.0
2586,10000.0
2587,10000.0
2588,10000.0
2589,10000.0
2590,10000.0
2591,10000.0
2592,10000.0
2593,10000.0
2594,10000.0
2595,10000.0
2596,10000.0
2597,10000.0
2598,10000.0
2599,10000.0
2600,10000.0
2601,10000.0
2602,10000.0
2603,10000.0
2604,10000.0
2605,10000.0
2606,10000.0
2607,10000.0
2608,10000.0
2609,10000.0
2610,10000.0
2611,10000.0
2612,10000.0
2613,10000.0
2614,10000.0
2615,10000.0
2616,10000.0
2617,10000.0
2618,10000.0
2619,10000.0
2620,10000.0
2621,10000.0
2622,10000.0
2623,10000.0
2624,10000.0
2625,10000.0
2626,10000.0
2627,10000.0
2628,10000.0
2629,10000.0
2630,10000.0
2631,10000.0
2632,10000.0
2633,10000.0
2634,10000.0
2635,10000.0
2636,10000.0
2637,10000.0
2638,10000.0
2639,10000.0
2640,10000.0
2641,10000.0
2642,10000.0
2643,10000.0
2644,10000.0
2645,10000.0
2646,10000.0
2647,10000.0
2648,10000.0
2649,10000.0
2650,10000.0
2651,10000.0
2652,10000.0
2653,10000.0
2654,10000.0
2655,10000.0
2656,10000.0
2657,10000.0
2658,10000.0
2659,10000.0
2660,10000.0
2661,10000.0
2662,10000.0
2663,10000.0
2664,10000.0
2665,10000.0
2666,10000.0
2667,10000.0
2668,10000.0
2669,10000.0
2670,10000.0
2671,10000.0
2672,10000.0
2673,10000.0
2674,10000.0
2675,10000.0
2676,10000.0
2677,10000.0
2678,10000.0
2679,10000.0
2680,10000.0
2681,10000.0
2682,10000.0
2683,10000.0
2684,10000.0
2685,10000.0
2686,10000.0
2687,10000.0
2688,10000.0
2689,10000.0
2690,10000.0
2691,10000.0
2692,10000.0
2693,10000.0
2694,10000.0
2695,10000.0
2696,10000.0
2697,10000.0
2698,10000.0
2699,10000.0
2700,10000.0
2701,10000.0
2702,10000.0
2703,10000.0
2704,10000.0
2705,10000.0
2706,10000.0
2707,10000.0
2708,10000.0
2709,10000.0
2710,10000.0
2711,10000.0
2712,10000.0
2713,10000.0
2714,10000.0
2715,10000.0
2716,10000.0
2717,10000.0
2718,10000.0
2719,10000.0
2720,10000.0
2721,10000.0
2722,10000.0
2723,10000.0
2724,10000.0
2725,10000.0
2726,10000.0
2727,10000.0
2728,10000.0
2729,10000.0
2730,10000.0
2731,10000.0
2732,10000.0
2733,10000.0
2734,10000.0
2735,10000.0
2736,10000.0
2737,10000.0
2738,10000.0
2739,10000.0
2740,10000.0
2741,10000.0
2742,10000.0
2743,10000.0
2744,10000.0
2745,10000.0
2746,10000.0
2747,10000.0
2748,10000.0
2749,10000.0
2750,10000.0
2751,10000.0
2752,10000.0
2753,10000.0
2754,10000.0
2755,10000.0
2756,10000.0
2757,10000.0
2758,10000.0
2759,10000.0
2760,10000.0
2761,10000.0
2762,10000.0
2763,10000.0
2764,10000.0
2765,10000.0
2766,10000.0
2767,10000.0
2768,10000.0
2769,10000.0
2770,10000.0
2771,10000.0
2772,10000.0
2773,10000.0
2774,10000.0
2775,10000.0
2776,10000.0
2777,10000.0
2778,10000.0
2779,10000.0
2780,10000.0
2781,10000.0
2782,10000.0
2783,10000.0
2784,10000.0
2785,10000.0
2786,10000.0
2787,10000.0
2788,10000.0
2789,10000.0
2790,10000.0
2791,10000.0
2792,10000.0
2793,10000.0
2794,10000.0
2795,10000.0
2796,10000.0
2797,10000.0
2798,10000.0
2799,10000.0
2800,10000.0
2801,10000.0
2802,10000.0
2803,10000.0
2804,10000.0
2805,10000.0
2806,10000.0
2807,10000.0
2808,10000.0
2809,10000.0
2810,10000.0
2811,10000.0
2812,10000.0
2813,10000.0
2814,10000.0
2815,10000.0
2816,10000.0
2817,10000.0
2818,10000.0
2819,10000.0
2820,10000.0
2821,10000.0
2822,10000.0
2823,10000.0
2824,10000.0
2825,10000.0
2826,10000.0
2827,10000.0
2828,10000.0
2829,10000.0
2830,10000.0
2831,10000.0
2832,10000.0
2833,10000.0
2834,10000.0
2835,10000.0
2836,10000.0
2837,10000.0
2838,10000.0
2839,10000.0
2840,10000.0
2841,10000.0
2842,10000.0
2843,10000.0
2844,10000.0
2845,10000.0
2846,10000.0
2847,10000.0
2848,10000.0
2849,10000.0
2850,10000.0
2851,10000.0
2852,10000.0
2853,10000.0
2854,10000.0
2855,10000.0
2856,10000.0
2857,10000.0
2858,10000.0
2859,10000.0
2860,10000.0
2861,10000.0
2862,10000.0
2863,10000.0
2864,10000.0
2865,10000.0
2866,10000.0
2867,10000.0
2868,10000.0
2869,10000.0
2870,10000.0
2871,10000.0
2872,10000.0
2873,10000.0
2874,10000.0
2875,10000.0
2876,10000.0
2877,10000.0
2878,10000.0
2879,10000.0
2880,10000.0
2881,10000.0
2882,10000.0
2883,10000.0
2884,10000.0
2885,10000.0
2886,10000.0
2887,10000.0
2888,10000.0
2889,10000.0
2890,10000.0
2891,10000.0
2892,10000.0
2893,10000.0
2894,10000.0
2895,10000.0
2896,10000.0
2897,10000.0
2898,10000.0
2899,10000.0
2900,10000.0
2901,10000.0
2902,10000.0
2903,10000.0
2904,10000.0
2905,10000.0
2906,10000.0
2907,10000.0
2908,10000.0
2909,10000.0
2910,10000.0
2911,10000.0
2912,10000.0
2913,10000.0
2914,10000.0
2915,10000.0
2916,10000.0
2917,10000.0
2918,10000.0
2919,10000.0
2920,10000.0
2921,10000.0
2922,10000.0
2923,10000.0
2924,10000.0
2925,10000.0
2926,10000.0
2927,10000.0
2928,10000.0
2929,10000.0
2930,10000.0
2931,10000.0
2932,10000.0
2933,10000.0
2934,10000.0
2935,10000.0
2936,10000.0
2937,10000.0
2938,10000.0
2939,10000.0
2940,10000.0
2941,10000.0
2942,10000.0
2943,10000.0
2944,10000.0
2945,10000.0
2946,10000.0
2947,10000.0
2948,10000.0
2949,10000.0
2950,10000.0
2951,10000.0
2952,10000.0
2953,10000.0
2954,10000.0
2955,10000.0
2956,10000.0
2957,10000.0
2958,10000.0
2959,10000.0
2960,10000.0
2961,10000.0
2962,10000.0
2963,10000.0
2964,10000.0
2965,10000.0
2966,10000.0
2967,10000.0
2968,10000.0
2969,10000.0
2970,10000.0
2971,10000.0
2972,10000.0
2973,10000.0
2974,10000.0
2975,10000.0
2976,10000.0
2977,10000.0
2978,10000.0
2979,10000.0
2980,10000.0
2981,10000.0
2982,10000.0
2983,10000.0
2984,10000.0
2985,10000.0
2986,10000.0
2987,10000.0
2988,10000.0
2989,10000.0
2990,10000.0
2991,10000.0
2992,10000.0
2993,10000.0
2994,10000.0
2995,10000.0
2996,10000.0
2997,10000.0
2998,10000.0
2999,10000.0
3000,10000.0
3001,10000.0
3002,10000.0
3003,10000.0
3004,10000.0
3005,10000.0
3006,10000.0
3007,10000.0
3008,10000.0
3009,10000.0
3010,10000.0
3011,10000.0
3012,10000.0
3013,10000.0
3014,10000.0
3015,10000.0
3016,10000.0
3017,10000.0
3018,10000.0
3019,10000.0
3020,10000.0
3021,10000.0
3022,10000.0
3023,10000.0
3024,10000.0
3025,10000.0
3026,10000.0
3027,10000.0
3028,10000.0
3029,10000.0
3030,10000.0
3031,10000.0
3032,10000.0
3033,10000.0
3034,10000.0
3035,10000.0
3036,10000.0
3037,10000.0
3038,10000.0
3039,10000.0
3040,10000.0
3041,10000.0
3042,10000.0
3043,10000.0
3044,10000.0
3045,10000.0
3046,10000.0
3047,10000.0
3048,10000.0
3049,10000.0
3050,10000.0
3051,10000.0
3052,10000.0
3053,10000.0
3054,10000.0
3055,10000.0
3056,10000.0
3057,10000.0
3058,10000.0
3059,10000.0
3060,10000.0
3061,10000.0
3062,10000.0
3063,10000.0
3064,10000.0
3065,10000.0
3066,10000.0
3067,10000.0
3068,10000.0
3069,10000.0
3070,10000.0
3071,10000.0
3072,10000.0
3073,10000.0
3074,10000.0
3075,10000.0
3076,10000.0
3077,10000.0
3078,10000.0
3079,10000.0
3080,10000.0
3081,10000.0
3082,10000.0
3083,10000.0
3084,10000.0
3085,10000.0
3086,10000.0
3087,10000.0
3088,10000.0
3089,10000.0
3090,10000.0
3091,10000.0
3092,10000.0
3093,10000.0
3094,10000.0
3095,10000.0
3096,10000.0
3097,10000.0
3098,10000.0
3099,10000.0
3100,10000.0
3101,10000.0
3102,10000.0
3103,10000.0
3104,10000.0
3105,10000.0
3106,10000.0
3107,10000.0
3108,10000.0
3109,10000.0
3110,10000.0
3111,10000.0
3112,10000.0
3113,10000.0
3114,10000.0
3115,10000.0
3116,10000.0
3117,10000.0
3118,10000.0
3119,10000.0
3120,10000.0
3121,10000.0
3122,10000.0
3123,10000.0
3124,10000.0
3125,10000.0
3126,10000.0
3127,10000.0
3128,10000.0
3129,10000.0
3130,10000.0
3131,10000.0
3132,10000.0
3133,10000.0
3134,10000.0
3135,10000.0
3136,10000.0
3137,10000.0
3138,10000.0
3139,10000.0
3140,10000.0
3141,10000.0
3142,10000.0
3143,10000.0
3144,10000.0
3145,10000.0
3146,10000.0
3147,10000.0
3148,10000.0
3149,10000.0
3150,10000.0
3151,10000.0
3152,10000.0
3153,10000.0
3154,10000.0
3155,10000.0
3156,10000.0
3157,10000.0
3158,10000.0
3159,10000.0
3160,10000.0
3161,10000.0
3162,10000.0
3163,10000.0
3164,10000.0
3165,10000.0
3166,10000.0
3167,10000.0
3168,10000.0
3169,10000.0
3170,10000.0
3171,10000.0
3172,10000.0
3173,10000.0
3174,10000.0
3175,10000.0
3176,10000.0
3177,10000.0
3178,10000.0
3179,10000.0
3180,10000.0
3181,10000.0
3182,10000.0
3183,10000.0
3184,10000.0
3185,10000.0
3186,10000.0
3187,10000.0
3188,10000.0
3189,10000.0
3190,10000.0
3191,10000.0
3192,10000.0
3193,10000.0
3194,10000.0
3195,10000.0
3196,10000.0
3197,10000.0
3198,10000.0
3199,10000.0
3200,10000.0
3201,10000.0
3202,10000.0
3203,10000.0
3204,10000.0
3205,10000.0
3206,10000.0
3207,10000.0
3208,10000.0
3209,10000.0
3210,10000.0
3211,10000.0
3212,10000.0
3213,10000.0
3214,10000.0
3215,10000.0
3216,10000.0
3217,10000.0
3218,10000.0
3219,10000.0
3220,10000.0
3221,10000.0
3222,10000.0
3223,10000.0
3224,10000.0
3225,10000.0
3226,10000.0
3227,10000.0
3228,10000.0
3229,10000.0
3230,10000.0
3231,10000.0
3232,10000.0
3233,10000.0
3234,10000.0
3235,10000.0
3236,10000.0
3237,10000.0
3238,10000.0
3239,10000.0
3240,10000.0
3241,10000.0
3242,10000.0
3243,10000.0
3244,10000.0
3245,10000.0
3246,10000.0
3247,10000.0
3248,10000.0
3249,10000.0
3250,10000.0
3251,10000.0
3252,10000.0
3253,10000.0
3254,10000.0
3255,10000.0
3256,10000.0
3257,10000.0
3258,10000.0
3259,10000.0
3260,10000.0
3261,10000.0
3262,10000.0
3263,10000.0
3264,10000.0
3265,10000.0
3266,10000.0
3267,10000.0
3268,10000.0
3269,10000.0
3270,10000.0
3271,10000.0
3272,10000.0
3273,10000.0
3274,10000.0
3275,10000.0
3276,10000.0
3277,10000.0
3278,10000.0
3279,10000.0
3280,10000.0
3281,10000.0
3282,10000.0
3283,10000.0
3284,10000.0
3285,10000.0
3286,10000.0
3287,10000.0
3288,10000.0
3289,10000.0
3290,10000.0
3291,10000.0
3292,10000.0
3293,10000.0
3294,10000.0
3295,10000.0
3296,10000.0
3297,10000.0
3298,10000.0
3299,10000.0
3300,10000.0
3301,10000.0
3302,10000.0
3303,10000.0
3304,10000.0
3305,10000.0
3306,10000.0
3307,10000.0
3308,10000.0
3309,10000.0
3310,10000.0
3311,10000.0
3312,10000.0
3313,10000.0
3314,10000.0
3315,10000.0
3316,10000.0
3317,10000.0
3318,10000.0
3319,10000.0
3320,10000.0
3321,10000.0
3322,10000.0
3323,10000.0
3324,10000.0
3325,10000.0
3326,10000.0
3327,10000.0
3328,10000.0
3329,10000.0
3330,10000.0
3331,10000.0
3332,10000.0
3333,10000.0
3334,10000.0
3335,10000.0
3336,10000.0
3337,10000.0
3338,10000.0
3339,10000.0
3340,10000.0
3341,10000.0
3342,10000.0
3343,10000.0
3344,10000.0
3345,10000.0
3346,10000.0
3347,10000.0
3348,10000.0
3349,10000.0
3350,10000.0
3351,10000.0
3352,10000.0
3353,10000.0
3354,10000.0
3355,10000.0
3356,10000.0
3357,10000.0
3358,10000.0
3359,10000.0
3360,10000.0
3361,10000.0
3362,10000.0
3363,10000.0
3364,10000.0
3365,10000.0
3366,10000.0
3367,10000.0
3368,10000.0
3369,10000.0
3370,10000.0
3371,10000.0
3372,10000.0
3373,10000.0
3374,10000.0
3375,10000.0
3376,10000.0
3377,10000.0
3378,10000.0
3379,10000.0
3380,10000.0
3381,10000.0
3382,10000.0
3383,10000.0
3384,10000.0
3385,10000.0
3386,10000.0
3387,10000.0
3388,10000.0
3389,10000.0
3390,10000.0
3391,10000.0
3392,10000.0
3393,10000.0
3394,10000.0
3395,10000.0
3396,10000.0
3397,10000.0
3398,10000.0
3399,10000.0
3400,10000.0
3401,10000.0
3402,10000.0
3403,10000.0
3404,10000.0
3405,10000.0
3406,10000.0
3407,10000.0
3408,10000.0
3409,10000.0
3410,10000.0
3411,10000.0
3412,10000.0
3413,10000.0
3414,10000.0
3415,10000.0
3416,10000.0
3417,10000.0
3418,10000.0
3419,10000.0
3420,10000.0
3421,10000.0
3422,10000.0
3423,10000.0
3424,10000.0
3425,10000.0
3426,10000.0
3427,10000.0
3428,10000.0
3429,10000.0
3430,10000.0
3431,10000.0
3432,10000.0
3433,10000.0
3434,10000.0
3435,10000.0
3436,10000.0
3437,10000.0
3438,10000.0
3439,10000.0
3440,10000.0
3441,10000.0
3442,10000.0
3443,10000.0
3444,10000.0
3445,10000.0
3446,10000.0
3447,10000.0
3448,10000.0
3449,10000.0
3450,10000.0
3451,10000.0
3452,10000.0
3453,10000.0
3454,10000.0
3455,10000.0
3456,10000.0
3457,10000.0
3458,10000.0
3459,10000.0
3460,10000.0
3461,10000.0
3462,10000.0
3463,10000.0
3464,10000.0
3465,10000.0
3466,10000.0
3467,10000.0
3468,10000.0
3469,10000.0
3470,10000.0
3471,10000.0
3472,10000.0
3473,10000.0
3474,10000.0
3475,10000.0
3476,10000.0
3477,10000.0
3478,10000.0
3479,10000.0
3480,10000.0
3481,10000.0
3482,10000.0
3483,10000.0
3484,10000.0
3485,10000.0
3486,10000.0
3487,10000.0
3488,10000.0
3489,10000.0
3490,10000.0
3491,10000.0
3492,10000.0
3493,10000.0
3494,10000.0
3495,10000.0
3496,10000.0
3497,10000.0
3498,10000.0
3499,10000.0
3500,10000.0
3501,10000.0
3502,10000.0
3503,10000.0
3504,10000.0
3505,10000.0
3506,10000.0
3507,10000.0
3508,10000.0
3509,10000.0
3510,10000.0
3511,10000.0
3512,10000.0
3513,10000.0
3514,10000.0
3515,10000.0
3516,10000.0
3517,10000.0
3518,10000.0
3519,10000.0
3520,10000.0
3521,10000.0
3522,10000.0
3523,10000.0
3524,10000.0
3525,10000.0
3526,10000.0
3527,10000.0
3528,10000.0
3529,10000.0
3530,10000.0
3531,10000.0
3532,10000.0
3533,10000.0
3534,10000.0
3535,10000.0
3536,10000.0
3537,10000.0
3538,10000.0
3539,10000.0
3540,10000.0
3541,10000.0
3542,10000.0
3543,10000.0
3544,10000.0
3545,10000.0
3546,10000.0
3547,10000.0
3548,10000.0
3549,10000.0
3550,10000.0
3551,10000.0
3552,10000.0
3553,10000.0
3554,10000.0
3555,10000.0
3556,10000.0
3557,10000.0
3558,10000.0
3559,10000.0
3560,10000.0
3561,10000.0
3562,10000.0
3563,10000.0
3564,10000.0
3565,10000.0
3566,10000.0
3567,10000.0
3568,10000.0
3569,10000.0
3570,10000.0
3571,10000.0
3572,10000.0
3573,10000.0
3574,10000.0
3575,10000.0
3576,10000.0
3577,10000.0
3578,10000.0
3579,10000.0
3580,10000.0
3581,10000.0
3582,10000.0
3583,10000.0
3584,10000.0
3585,10000.0
3586,10000.0
3587,10000.0
3588,10000.0
3589,10000.0
3590,10000.0
3591,10000.0
3592,10000.0
3593,10000.0
3594,10000.0
3595,10000.0
3596,10000.0
3597,10000.0
3598,10000.0
3599,10000.0
3600,10000.0
3601,10000.0
3602,10000.0
3603,10000.0
3604,10000.0
3605,10000.0
3606,10000.0
3607,10000.0
3608,10000.0
3609,10000.0
3610,10000.0
3611,10000.0
3612,10000.0
3613,10000.0
3614,10000.0
3615,10000.0
3616,10000.0
3617,10000.0
3618,10000.0
3619,10000.0
3620,10000.0
3621,10000.0
3622,10000.0
3623,10000.0
3624,10000.0
3625,10000.0
3626,10000.0
3627,10000.0
3628,10000.0
3629,10000.0
3630,10000.0
3631,10000.0
3632,10000.0
3633,10000.0
3634,10000.0
3635,10000.0
3636,10000.0
3637,10000.0
3638,10000.0
3639,10000.0
3640,10000.0
3641,10000.0
3642,10000.0
3643,10000.0
3644,10000.0
3645,10000.0
3646,10000.0
3647,10000.0
3648,10000.0
3649,10000.0
3650,10000.0
3651,10000.0
3652,10000.0
3653,10000.0
3654,10000.0
3655,10000.0
3656,10000.0
3657,10000.0
3658,10000.0
3659,10000.0
3660,10000.0
3661,10000.0
3662,10000.0
3663,10000.0
3664,10000.0
3665,10000.0
3666,10000.0
3667,10000.0
3668,10000.0
3669,10000.0
3670,10000.0
3671,10000.0
3672,10000.0
3673,10000.0
3674,10000.0
3675,10000.0
3676,10000.0
3677,10000.0
3678,10000.0
3679,10000.0
3680,10000.0
3681,10000.0
3682,10000.0
3683,10000.0
3684,10000.0
3685,10000.0
3686,10000.0
3687,10000.0
3688,10000.0
3689,10000.0
3690,10000.0
3691,10000.0
3692,10000.0
3693,10000.0
3694,10000.0
3695,10000.0
3696,10000.0
3697,10000.0
3698,10000.0
3699,10000.0
3700,10000.0
3701,10000.0
3702,10000.0
3703,10000.0
3704,10000.0
3705,10000.0
3706,10000.0
3707,10000.0
3708,10000.0
3709,10000.0
3710,10000.0
3711,10000.0
3712,10000.0
3713,10000.0
3714,10000.0
3715,10000.0
3716,10000.0
3717,10000.0
3718,10000.0
3719,10000.0
3720,10000.0
3721,10000.0
3722,10000.0
3723,10000.0
3724,10000.0
3725,10000.0
3726,10000.0
3727,10000.0
3728,10000.0
3729,10000.0
3730,10000.0
3731,10000.0
3732,10000.0
3733,10000.0
3734,10000.0
3735,10000.0
3736,10000.0
3737,10000.0
3738,10000.0
3739,10000.0
3740,10000.0
3741,10000.0
3742,10000.0
3743,10000.0
3744,10000.0
3745,10000.0
3746,10000.0
3747,10000.0
3748,10000.0
3749,10000.0
3750,10000.0
3751,10000.0
3752,10000.0
3753,10000.0
3754,10000.0
3755,10000.0
3756,10000.0
3757,10000.0
3758,10000.0
3759,10000.0
3760,10000.0
3761,10000.0
3762,10000.0
3763,10000.0
3764,10000.0
3765,10000.0
3766,10000.0
3767,10000.0
3768,10000.0
3769,10000.0
3770,10000.0
3771,10000.0
3772,10000.0
3773,10000.0
3774,10000.0
3775,10000.0
3776,10000.0
3777,10000.0
3778,10000.0
3779,10000.0
3780,10000.0
3781,10000.0
3782,10000.0
3783,10000.0
3784,10000.0
3785,10000.0
3786,10000.0
3787,10000.0
3788,10000.0
3789,10000.0
3790,10000.0
3791,10000.0
3792,10000.0
3793,10000.0
3794,10000.0
3795,10000.0
3796,10000.0
3797,10000.0
3798,10000.0
3799,10000.0
3800,10000.0
3801,10000.0
3802,10000.0
3803,10000.0
3804,10000.0
3805,10000.0
3806,10000.0
3807,10000.0
3808,10000.0
3809,10000.0
3810,10000.0
3811,10000.0
3812,10000.0
3813,10000.0
3814,10000.0
3815,10000.0
3816,10000.0
3817,10000.0
3818,10000.0
3819,10000.0
3820,10000.0
3821,10000.0
3822,10000.0
3823,10000.0
3824,10000.0
3825,10000.0
3826,10000.0
3827,10000.0
3828,10000.0
3829,10000.0
3830,10000.0
3831,10000.0
3832,10000.0
3833,10000.0
3834,10000.0
3835,10000.0
3836,10000.0
3837,10000.0
3838,10000.0
3839,10000.0
3840,10000.0
3841,10000.0
3842,10000.0
3843,10000.0
3844,10000.0
3845,10000.0
3846,10000.0
3847,10000.0
3848,10000.0
3849,10000.0
3850,10000.0
3851,10000.0
3852,10000.0
3853,10000.0
3854,10000.0
3855,10000.0
3856,10000.0
3857,10000.0
3858,10000.0
3859,10000.0
3860,10000.0
3861,10000.0
3862,10000.0
3863,10000.0
3864,10000.0
3865,10000.0
3866,10000.0
3867,10000.0
3868,10000.0
3869,10000.0
3870,10000.0
3871,10000.0
3872,10000.0
3873,10000.0
3874,10000.0
3875,10000.0
3876,10000.0
3877,10000.0
3878,10000.0
3879,10000.0
3880,10000.0
3881,10000.0
3882,10000.0
3883,10000.0
3884,10000.0
3885,10000.0
3886,10000.0
3887,10000.0
3888,10000.0
3889,10000.0
3890,10000.0
3891,10000.0
3892,10000.0
3893,10000.0
3894,10000.0
3895,10000.0
3896,10000.0
3897,10000.0
3898,10000.0
3899,10000.0
3900,10000.0
3901,10000.0
3902,10000.0
3903,10000.0
3904,10000.0
3905,10000.0
3906,10000.0
3907,10000.0
3908,10000.0
3909,10000.0
3910,10000.0
3911,10000.0
3912,10000.0
3913,10000.0
3914,10000.0
3915,10000.0
3916,10000.0
3917,10000.0
3918,10000.0
3919,10000.0
3920,10000.0
3921,10000.0
3922,10000.0
3923,10000.0
3924,10000.0
3925,10000.0
3926,10000.0
3927,10000.0
3928,10000.0
3929,10000.0
3930,10000.0
3931,10000.0
3932,10000.0
3933,10000.0
3934,10000.0
3935,10000.0
3936,10000.0
3937,10000.0
3938,10000.0
3939,10000.0
3940,10000.0
3941,10000.0
3942,10000.0
3943,10000.0
3944,10000.0
3945,10000.0
3946,10000.0
3947,10000.0
3948,10000.0
3949,10000.0
3950,10000.0
3951,10000.0
3952,10000.0
3953,10000.0
3954,10000.0
3955,10000.0
3956,10000.0
3957,10000.0
3958,10000.0
3959,10000.0
3960,10000.0
3961,10000.0
3962,10000.0
3963,10000.0
3964,10000.0
3965,10000.0
3966,10000.0
3967,10000.0
3968,10000.0
3969,10000.0
3970,10000.0
3971,10000.0
3972,10000.0
3973,10000.0
3974,10000.0
3975,10000.0
3976,10000.0
3977,10000.0
3978,10000.0
3979,10000.0
3980,10000.0
3981,10000.0
3982,10000.0
3983,10000.0
3984,10000.0
3985,10000.0
3986,10000.0
3987,10000.0
3988,10000.0
3989,10000.0
3990,10000.0
3991,10000.0
3992,10000.0
3993,10000.0
3994,10000.0
3995,10000.0
3996,10000.0
3997,10000.0
3998,10000.0
3999,10000.0
4000,10000.0
4001,10000.0
4002,10000.0
4003,10000.0
4004,10000.0
4005,10000.0
4006,10000.0
4007,10000.0
4008,10000.0
4009,10000.0
4010,10000.0
4011,10000.0
4012,10000.0
4013,10000.0
4014,10000.0
4015,10000.0
4016,10000.0
4017,10000.0
4018,10000.0
4019,10000.0
4020,10000.0
4021,10000.0
4022,10000.0
4023,10000.0
4024,10000.0
4025,10000.0
4026,10000.0
4027,10000.0
4028,10000.0
4029,10000.0
4030,10000.0
4031,10000.0
4032,10000.0
4033,10000.0
4034,10000.0
4035,10000.0
4036,10000.0
4037,10000.0
4038,10000.0
4039,10000.0
4040,10000.0
4041,10000.0
4042,10000.0
4043,10000.0
4044,10000.0
4045,10000.0
4046,10000.0
4047,10000.0
4048,10000.0
4049,10000.0
4050,10000.0
4051,10000.0
4052,10000.0
4053,10000.0
4054,10000.0
4055,10000.0
4056,10000.0
4057,10000.0
4058,10000.0
4059,10000.0
4060,10000.0
4061,10000.0
4062,10000.0
4063,10000.0
4064,10000.0
4065,10000.0
4066,10000.0
4067,10000.0
4068,10000.0
4069,10000.0
4070,10000.0
4071,10000.0
4072,10000.0
4073,10000.0
4074,10000.0
4075,10000.0
4076,10000.0
4077,10000.0
4078,10000.0
4079,10000.0
4080,10000.0
4081,10000.0
4082,10000.0
4083,10000.0
4084,10000.0
4085,10000.0
4086,10000.0
4087,10000.0
4088,10000.0
4089,10000.0
4090,10000.0
4091,10000.0
4092,10000.0
4093,10000.0
4094,10000.0
4095,10000.0
4096,10000.0
4097,10000.0
4098,10000.0
4099,10000.0
4100,10000.0
4101,10000.0
4102,10000.0
4103,10000.0
4104,10000.0
4105,10000.0
4106,10000.0
4107,10000.0
4108,10000.0
4109,10000.0
4110,10000.0
4111,10000.0
4112,10000.0
4113,10000.0
4114,10000.0
4115,10000.0
4116,10000.0
4117,10000.0
4118,10000.0
4119,10000.0
4120,10000.0
4121,10000.0
4122,10000.0
4123,10000.0
4124,10000.0
4125,10000.0
4126,10000.0
4127,10000.0
4128,10000.0
4129,10000.0
4130,10000.0
4131,10000.0
4132,10000.0
4133,10000.0
4134,10000.0
4135,10000.0
4136,10000.0
4137,10000.0
4138,10000.0
4139,10000.0
4140,10000.0
4141,10000.0
4142,10000.0
4143,10000.0
4144,10000.0
4145,10000.0
4146,10000.0
4147,10000.0
4148,10000.0
4149,10000.0
4150,10000.0
4151,10000.0
4152,10000.0
4153,10000.0
4154,10000.0
4155,10000.0
4156,10000.0
4157,10000.0
4158,10000.0
4159,10000.0
4160,10000.0
4161,10000.0
4162,10000.0
4163,10000.0
4164,10000.0
4165,10000.0
4166,10000.0
4167,10000.0
4168,10000.0
4169,10000.0
4170,10000.0
4171,10000.0
4172,10000.0
4173,10000.0
4174,10000.0
4175,10000.0
4176,10000.0
4177,10000.0
4178,10000.0
4179,10000.0
4180,10000.0
4181,10000.0
4182,10000.0
4183,10000.0
4184,10000.0
4185,10000.0
4186,10000.0
4187,10000.0
4188,10000.0
4189,10000.0
4190,10000.0
4191,10000.0
4192,10000.0
4193,10000.0
4194,10000.0
4195,10000.0
4196,10000.0
4197,10000.0
4198,10000.0
4199,10000.0
4200,10000.0
4201,10000.0
4202,10000.0
4203,10000.0
4204,10000.0
4205,10000.0
4206,10000.0
4207,10000.0
4208,10000.0
4209,10000.0
4210,10000.0
4211,10000.0
4212,10000.0
4213,10000.0
4214,10000.0
4215,10000.0
4216,10000.0
4217,10000.0
4218,10000.0
4219,10000.0
4220,10000.0
4221,10000.0
4222,10000.0
4223,10000.0
4224,10000.0
4225,10000.0
4226,10000.0
4227,10000.0
4228,10000.0
4229,10000.0
4230,10000.0
4231,10000.0
4232,10000.0
4233,10000.0
4234,10000.0
4235,10000.0
4236,10000.0
4237,10000.0
4238,10000.0
4239,10000.0
4240,10000.0
4241,10000.0
4242,10000.0
4243,10000.0
4244,10000.0
4245,10000.0
4246,10000.0
4247,10000.0
4248,10000.0
4249,10000.0
4250,10000.0
4251,10000.0
4252,10000.0
4253,10000.0
4254,10000.0
4255,10000.0
4256,10000.0
4257,10000.0
4258,10000.0
4259,10000.0
4260,10000.0
4261,10000.0
4262,10000.0
4263,10000.0
4264,10000.0
4265,10000.0
4266,10000.0
4267,10000.0
4268,10000.0
4269,10000.0
4270,10000.0
4271,10000.0
4272,10000.0
4273,10000.0
4274,10000.0
4275,10000.0
4276,10000.0
4277,10000.0
4278,10000.0
4279,10000.0
4280,10000.0
4281,10000.0
4282,10000.0
4283,10000.0
4284,10000.0
4285,10000.0
4286,10000.0
4287,10000.0
4288,10000.0
4289,10000.0
4290,10000.0
4291,10000.0
4292,10000.0
4293,10000.0
4294,10000.0
4295,10000.0
4296,10000.0
4297,10000.0
4298,10000.0
4299,10000.0
4300,10000.0
4301,10000.0
4302,10000.0
4303,10000.0
4304,10000.0
4305,10000.0
4306,10000.0
4307,10000.0
4308,10000.0
4309,10000.0
4310,10000.0
4311,10000.0
4312,10000.0
4313,10000.0
4314,10000.0
4315,10000.0
4316,10000.0
4317,10000.0
4318,10000.0
4319,10000.0
4320,10000.0
4321,10000.0
4322,10000.0
4323,10000.0
4324,10000.0
4325,10000.0
4326,10000.0
4327,10000.0
4328,10000.0
4329,10000.0
4330,10000.0
4331,10000.0
4332,10000.0
4333,10000.0
4334,10000.0
4335,10000.0
4336,10000.0
4337,10000.0
4338,10000.0
4339,10000.0
4340,10000.0
4341,10000.0
4342,10000.0
4343,10000.0
4344,10000.0
4345,10000.0
4346,10000.0
4347,10000.0
4348,10000.0
4349,10000.0
4350,10000.0
4351,10000.0
4352,10000.0
4353,10000.0
4354,10000.0
4355,10000.0
4356,10000.0
4357,10000.0
4358,10000.0
4359,10000.0
4360,10000.0
4361,10000.0
4362,10000.0
4363,10000.0
4364,10000.0
4365,10000.0
4366,10000.0
4367,10000.0
4368,10000.0
4369,10000.0
4370,10000.0
4371,10000.0
4372,10000.0
4373,10000.0
4374,10000.0
4375,10000.0
4376,10000.0
4377,10000.0
4378,10000.0
4379,10000.0
4380,10000.0
4381,10000.0
4382,10000.0
4383,10000.0
4384,10000.0
4385,10000.0
4386,10000.0
4387,10000.0
4388,10000.0
4389,10000.0
4390,10000.0
4391,10000.0
4392,10000.0
4393,10000.0
4394,10000.0
4395,10000.0
4396,10000.0
4397,10000.0
4398,10000.0
4399,10000.0
4400,10000.0
4401,10000.0
4402,10000.0
4403,10000.0
4404,10000.0
4405,10000.0
4406,10000.0
4407,10000.0
4408,10000.0
4409,10000.0
4410,10000.0
4411,10000.0
4412,10000.0
4413,10000.0
4414,10000.0
4415,10000.0
4416,10000.0
4417,10000.0
4418,10000.0
4419,10000.0
4420,10000.0
4421,10000.0
4422,10000.0
4423,10000.0
4424,10000.0
4425,10000.0
4426,10000.0
4427,10000.0
4428,10000.0
4429,10000.0
4430,10000.0
4431,10000.0
4432,10000.0
4433,10000.0
4434,10000.0
4435,10000.0
4436,10000.0
4437,10000.0
4438,10000.0
4439,10000.0
4440,10000.0
4441,10000.0
4442,10000.0
4443,10000.0
4444,10000.0
4445,10000.0
4446,10000.0
4447,10000.0
4448,10000.0
4449,10000.0
4450,10000.0
4451,10000.0
4452,10000.0
4453,10000.0
4454,10000.0
4455,10000.0
4456,10000.0
4457,10000.0
4458,10000.0
4459,10000.0
4460,10000.0
4461,10000.0
4462,10000.0
4463,10000.0
4464,10000.0
4465,10000.0
4466,10000.0
4467,10000.0
4468,10000.0
4469,10000.0
4470,10000.0
4471,10000.0
4472,10000.0
4473,10000.0
4474,10000.0
4475,10000.0
4476,10000.0
4477,10000.0
4478,10000.0
4479,10000.0
4480,10000.0
4481,10000.0
4482,10000.0
4483,10000.0
4484,10000.0
4485,10000.0
4486,10000.0
4487,10000.0
4488,10000.0
4489,10000.0
4490,10000.0
4491,10000.0
4492,10000.0
4493,10000.0
4494,10000.0
4495,10000.0
4496,10000.0
4497,10000.0
4498,10000.0
4499,10000.0
4500,10000.0
4501,10000.0
4502,10000.0
4503,10000.0
4504,10000.0
4505,10000.0
4506,10000.0
4507,10000.0
4508,10000.0
4509,10000.0
4510,10000.0
4511,10000.0
4512,10000.0
4513,10000.0
4514,10000.0
4515,10000.0
4516,10000.0
4517,10000.0
4518,10000.0
4519,10000.0
4520,10000.0
4521,10000.0
4522,10000.0
4523,10000.0
4524,10000.0
4525,10000.0
4526,10000.0
4527,10000.0
4528,10000.0
4529,10000.0
4530,10000.0
4531,10000.0
4532,10000.0
4533,10000.0
4534,10000.0
4535,10000.0
4536,10000.0
4537,10000.0
4538,10000.0
4539,10000.0
4540,10000.0
4541,10000.0
4542,10000.0
4543,10000.0
4544,10000.0
4545,10000.0
4546,10000.0
4547,10000.0
4548,10000.0
4549,10000.0
4550,10000.0
4551,10000.0
4552,10000.0
4553,10000.0
4554,10000.0
4555,10000.0
4556,10000.0
4557,10000.0
4558,10000.0
4559,10000.0
4560,10000.0
4561,10000.0
4562,10000.0
4563,10000.0
4564,10000.0
4565,10000.0
4566,10000.0
4567,10000.0
4568,10000.0
4569,10000.0
4570,10000.0
4571,10000.0
4572,10000.0
4573,10000.0
4574,10000.0
4575,10000.0
4576,10000.0
4577,10000.0
4578,10000.0
4579,10000.0
4580,10000.0
4581,10000.0
4582,10000.0
4583,10000.0
4584,10000.0
4585,10000.0
4586,10000.0
4587,10000.0
4588,10000.0
4589,10000.0
4590,10000.0
4591,10000.0
4592,10000.0
4593,10000.0
4594,10000.0
4595,10000.0
4596,10000.0
4597,10000.0
4598,10000.0
4599,10000.0
4600,10000.0
4601,10000.0
4602,10000.0
4603,10000.0
4604,10000.0
4605,10000.0
4606,10000.0
4607,10000.0
4608,10000.0
4609,10000.0
4610,10000.0
4611,10000.0
4612,10000.0
4613,10000.0
4614,10000.0
4615,10000.0
4616,10000.0
4617,10000.0
4618,10000.0
4619,10000.0
4620,10000.0
4621,10000.0
4622,10000.0
4623,10000.0
4624,10000.0
4625,10000.0
4626,10000.0
4627,10000.0
4628,10000.0
4629,10000.0
4630,10000.0
4631,10000.0
4632,10000.0
4633,10000.0
4634,10000.0
4635,10000.0
4636,10000.0
4637,10000.0
4638,10000.0
4639,10000.0
4640,10000.0
4641,10000.0
4642,10000.0
4643,10000.0
4644,10000.0
4645,10000.0
4646,10000.0
4647,10000.0
4648,10000.0
4649,10000.0
4650,10000.0
4651,10000.0
4652,10000.0
4653,10000.0
4654,10000.0
4655,10000.0
4656,10000.0
4657,10000.0
4658,10000.0
4659,10000.0
4660,10000.0
4661,10000.0
4662,10000.0
4663,10000.0
4664,10000.0
4665,10000.0
4666,10000.0
4667,10000.0
4668,10000.0
4669,10000.0
4670,10000.0
4671,10000.0
4672,10000.0
4673,10000.0
4674,10000.0
4675,10000.0
4676,10000.0
4677,10000.0
4678,10000.0
4679,10000.0
4680,10000.0
4681,10000.0
4682,10000.0
4683,10000.0
4684,10000.0
4685,10000.0
4686,10000.0
4687,10000.0
4688,10000.0
4689,10000.0
4690,10000.0
4691,10000.0
4692,10000.0
4693,10000.0
4694,10000.0
4695,10000.0
4696,10000.0
4697,10000.0
4698,10000.0
4699,10000.0
4700,10000.0
4701,10000.0
4702,10000.0
4703,10000.0
4704,10000.0
4705,10000.0
4706,10000.0
4707,10000.0
4708,10000.0
4709,10000.0
4710,10000.0
4711,10000.0
4712,10000.0
4713,10000.0
4714,10000.0
4715,10000.0
4716,10000.0
4717,10000.0
4718,10000.0
4719,10000.0
4720,10000.0
4721,10000.0
4722,10000.0
4723,10000.0
4724,10000.0
4725,10000.0
4726,10000.0
4727,10000.0
4728,10000.0
4729,10000.0
4730,10000.0
4731,10000.0
4732,10000.0
4733,10000.0
4734,10000.0
4735,10000.0
4736,10000.0
4737,10000.0
4738,10000.0
4739,10000.0
4740,10000.0
4741,10000.0
4742,10000.0
4743,10000.0
4744,10000.0
4745,10000.0
4746,10000.0
4747,10000.0
4748,10000.0
4749,10000.0
4750,10000.0
4751,10000.0
4752,10000.0
4753,10000.0
4754,10000.0
4755,10000.0
4756,10000.0
4757,10000.0
4758,10000.0
4759,10000.0
4760,10000.0
4761,10000.0
4762,10000.0
4763,10000.0
4764,10000.0
4765,10000.0
4766,10000.0
4767,10000.0
4768,10000.0
4769,10000.0
4770,10000.0
4771,10000.0
4772,10000.0
4773,10000.0
4774,10000.0
4775,10000.0
4776,10000.0
4777,10000.0
4778,10000.0
4779,10000.0
4780,10000.0
4781,10000.0
4782,10000.0
4783,10000.0
4784,10000.0
4785,10000.0
4786,10000.0
4787,10000.0
4788,10000.0
4789,10000.0
4790,10000.0
4791,10000.0
4792,10000.0
4793,10000.0
4794,10000.0
4795,10000.0
4796,10000.0
4797,10000.0
4798,10000.0
4799,10000.0
4800,10000.0
4801,10000.0
4802,10000.0
4803,10000.0
4804,10000.0
4805,10000.0
4806,10000.0
4807,10000.0
4808,10000.0
4809,10000.0
4810,10000.0
4811,10000.0
4812,10000.0
4813,10000.0
4814,10000.0
4815,10000.0
4816,10000.0
4817,10000.0
4818,10000.0
4819,10000.0
4820,10000.0
4821,10000.0
4822,10000.0
4823,10000.0
4824,10000.0
4825,10000.0
4826,10000.0
4827,10000.0
4828,10000.0
4829,10000.0
4830,10000.0
4831,10000.0
4832,10000.0
4833,10000.0
4834,10000.0
4835,10000.0
4836,10000.0
4837,10000.0
4838,10000.0
4839,10000.0
4840,10000.0
4841,10000.0
4842,10000.0
4843,10000.0
4844,10000.0
4845,10000.0
4846,10000.0
4847,10000.0
4848,10000.0
4849,10000.0
4850,10000.0
4851,10000.0
4852,10000.0
4853,10000.0
4854,10000.0
4855,10000.0
4856,10000.0
4857,10000.0
4858,10000.0
4859,10000.0
4860,10000.0
4861,10000.0
4862,10000.0
4863,10000.0
4864,10000.0
4865,10000.0
4866,10000.0
4867,10000.0
4868,10000.0
4869,10000.0
4870,10000.0
4871,10000.0
4872,10000.0
4873,10000.0
4874,10000.0
4875,10000.0
4876,10000.0
4877,10000.0
4878,10000.0
4879,10000.0
4880,10000.0
4881,10000.0
4882,10000.0
4883,10000.0
4884,10000.0
4885,10000.0
4886,10000.0
4887,10000.0
4888,10000.0
4889,10000.0
4890,10000.0
4891,10000.0
4892,10000.0
4893,10000.0
4894,10000.0
4895,10000.0
4896,10000.0
4897,10000.0
4898,10000.0
4899,10000.0
4900,10000.0
4901,10000.0
4902,10000.0
4903,10000.0
4904,10000.0
4905,10000.0
4906,10000.0
4907,10000.0
4908,10000.0
4909,10000.0
4910,10000.0
4911,10000.0
4912,10000.0
4913,10000.0
4914,10000.0
4915,10000.0
4916,10000.0
4917,10000.0
4918,10000.0
4919,10000.0
4920,10000.0
4921,10000.0
4922,10000.0
4923,10000.0
4924,10000.0
4925,10000.0
4926,10000.0
4927,10000.0
4928,10000.0
4929,10000.0
4930,10000.0
4931,10000.0
4932,10000.0
4933,10000.0
4934,10000.0
4935,10000.0
4936,10000.0
4937,10000.0
4938,10000.0
4939,10000.0
4940,10000.0
4941,10000.0
4942,10000.0
4943,10000.0
4944,10000.0
4945,10000.0
4946,10000.0
4947,10000.0
4948,10000.0
4949,10000.0
4950,10000.0
4951,10000.0
4952,10000.0
4953,10000.0
4954,10000.0
4955,10000.0
4956,10000.0
4957,10000.0
4958,10000.0
4959,10000.0
4960,10000.0
4961,10000.0
4962,10000.0
4963,10000.0
4964,10000.0
4965,10000.0
4966,10000.0
4967,10000.0
4968,10000.0
4969,10000.0
4970,10000.0
4971,10000.0
4972,10000.0
4973,10000.0
4974,10000.0
4975,10000.0
4976,10000.0
4977,10000.0
4978,10000.0
4979,10000.0
4980,10000.0
4981,10000.0
4982,10000.0
4983,10000.0
4984,10000.0
4985,10000.0
4986,10000.0
4987,10000.0
4988,10000.0
4989,10000.0
4990,10000.0
4991,10000.0
4992,10000.0
4993,10000.0
4994,10000.0
4995,10000.0
4996,10000.0
4997,10000.0
4998,10000.0
4999,10000.0
5000,10000.0
5001,10000.0
5002,10000.0
5003,10000.0
5004,10000.0
5005,10000.0
5006,10000.0
5007,10000.0
5008,10000.0
5009,10000.0
5010,10000.0
5011,10000.0
5012,10000.0
5013,10000.0
5014,10000.0
5015,10000.0
5016,10000.0
5017,10000.0
5018,10000.0
5019,10000.0
5020,10000.0
5021,10000.0
5022,10000.0
5023,10000.0
5024,10000.0
5025,10000.0
5026,10000.0
5027,10000.0
5028,10000.0
5029,10000.0
5030,10000.0
5031,10000.0
5032,10000.0
5033,10000.0
5034,10000.0
5035,10000.0
5036,10000.0
5037,10000.0
5038,10000.0
5039,10000.0
5040,10000.0
5041,10000.0
5042,10000.0
5043,10000.0
5044,10000.0
5045,10000.0
5046,10000.0
5047,10000.0
5048,10000.0
5049,10000.0
5050,10000.0
5051,10000.0
5052,10000.0
5053,10000.0
5054,10000.0
5055,10000.0
5056,10000.0
5057,10000.0
5058,10000.0
5059,10000.0
5060,10000.0
5061,10000.0
5062,10000.0
5063,10000.0
5064,10000.0
5065,10000.0
5066,10000.0
5067,10000.0
5068,10000.0
5069,10000.0
5070,10000.0
5071,10000.0
5072,10000.0
5073,10000.0
5074,10000.0
5075,10000.0
5076,10000.0
5077,10000.0
5078,10000.0
5079,10000.0
5080,10000.0
5081,10000.0
5082,10000.0
5083,10000.0
5084,10000.0
5085,10000.0
5086,10000.0
5087,10000.0
5088,10000.0
5089,10000.0
5090,10000.0
5091,10000.0
5092,10000.0
5093,10000.0
5094,10000.0
5095,10000.0
5096,10000.0
5097,10000.0
5098,10000.0
5099,10000.0
5100,10000.0
5101,10000.0
5102,10000.0
5103,10000.0
5104,10000.0
5105,10000.0
5106,10000.0
5107,10000.0
5108,10000.0
5109,10000.0
5110,10000.0
5111,10000.0
5112,10000.0
5113,10000.0
5114,10000.0
5115,10000.0
5116,10000.0
5117,10000.0
5118,10000.0
5119,10000.0
5120,10000.0
5121,10000.0
5122,10000.0
5123,10000.0
5124,10000.0
5125,10000.0
5126,10000.0
5127,10000.0
5128,10000.0
5129,10000.0
5130,10000.0
5131,10000.0
5132,10000.0
5133,10000.0
5134,10000.0
5135,10000.0
5136,10000.0
5137,10000.0
5138,10000.0
5139,10000.0
5140,10000.0
5141,10000.0
5142,10000.0
5143,10000.0
5144,10000.0
5145,10000.0
5146,10000.0
5147,10000.0
5148,10000.0
5149,10000.0
5150,10000.0
5151,10000.0
5152,10000.0
5153,10000.0
5154,10000.0
5155,10000.0
5156,10000.0
5157,10000.0
5158,10000.0
5159,10000.0
5160,10000.0
5161,10000.0
5162,10000.0
5163,10000.0
5164,10000.0
5165,10000.0
5166,10000.0
5167,10000.0
5168,10000.0
5169,10000.0
5170,10000.0
5171,10000.0
5172,10000.0
5173,10000.0
5174,10000.0
5175,10000.0
5176,10000.0
5177,10000.0
5178,10000.0
5179,10000.0
5180,10000.0
5181,10000.0
5182,10000.0
5183,10000.0
5184,10000.0
5185,10000.0
5186,10000.0
5187,10000.0
5188,10000.0
5189,10000.0
5190,10000.0
5191,10000.0
5192,10000.0
5193,10000.0
5194,10000.0
5195,10000.0
5196,10000.0
5197,10000.0
5198,10000.0
5199,10000.0
5200,10000.0
5201,10000.0
5202,10000.0
5203,10000.0
5204,10000.0
5205,10000.0
5206,10000.0
5207,10000.0
5208,10000.0
5209,10000.0
5210,10000.0
5211,10000.0
5212,10000.0
5213,10000.0
5214,10000.0
5215,10000.0
5216,10000.0
5217,10000.0
5218,10000.0
5219,10000.0
5220,10000.0
5221,10000.0
5222,10000.0
5223,10000.0
5224,10000.0
5225,10000.0
5226,10000.0
5227,10000.0
5228,10000.0
5229,10000.0
5230,10000.0
5231,10000.0
5232,10000.0
5233,10000.0
5234,10000.0
5235,10000.0
5236,10000.0
5237,10000.0
5238,10000.0
5239,10000.0
5240,10000.0
5241,10000.0
5242,10000.0
5243,10000.0
5244,10000.0
5245,10000.0
5246,10000.0
5247,10000.0
5248,10000.0
5249,10000.0
5250,10000.0
5251,10000.0
5252,10000.0
5253,10000.0
5254,10000.0
5255,10000.0
5256,10000.0
5257,10000.0
5258,10000.0
5259,10000.0
5260,10000.0
5261,10000.0
5262,10000.0
5263,10000.0
5264,10000.0
5265,10000.0
5266,10000.0
5267,10000.0
5268,10000.0
5269,10000.0
5270,10000.0
5271,10000.0
5272,10000.0
5273,10000.0
5274,10000.0
5275,10000.0
5276,10000.0
5277,10000.0
5278,10000.0
5279,10000.0
5280,10000.0
5281,10000.0
5282,10000.0
5283,10000.0
5284,10000.0
5285,10000.0
5286,10000.0
5287,10000.0
5288,10000.0
5289,10000.0
5290,10000.0
5291,10000.0
5292,10000.0
5293,10000.0
5294,10000.0
5295,10000.0
5296,10000.0
5297,10000.0
5298,10000.0
5299,10000.0
5300,10000.0
5301,10000.0
5302,10000.0
5303,10000.0
5304,10000.0
5305,10000.0
5306,10000.0
5307,10000.0
5308,10000.0
5309,10000.0
5310,10000.0
5311,10000.0
5312,10000.0
5313,10000.0
5314,10000.0
5315,10000.0
5316,10000.0
5317,10000.0
5318,10000.0
5319,10000.0
5320,10000.0
5321,10000.0
5322,10000.0
5323,10000.0
5324,10000.0
5325,10000.0
5326,10000.0
5327,10000.0
5328,10000.0
5329,10000.0
5330,10000.0
5331,10000.0
5332,10000.0
5333,10000.0
5334,10000.0
5335,10000.0
5336,10000.0
5337,10000.0
5338,10000.0
5339,10000.0
5340,10000.0
5341,10000.0
5342,10000.0
5343,10000.0
5344,10000.0
5345,10000.0
5346,10000.0
5347,10000.0
5348,10000.0
5349,10000.0
5350,10000.0
5351,10000.0
5352,10000.0
5353,10000.0
5354,10000.0
5355,10000.0
5356,10000.0
5357,10000.0
5358,10000.0
5359,10000.0
5360,10000.0
5361,10000.0
5362,10000.0
5363,10000.0
5364,10000.0
5365,10000.0
5366,10000.0
5367,10000.0
5368,10000.0
5369,10000.0
5370,10000.0
5371,10000.0
5372,10000.0
5373,10000.0
5374,10000.0
5375,10000.0
5376,10000.0
5377,10000.0
5378,10000.0
5379,10000.0
5380,10000.0
5381,10000.0
5382,10000.0
5383,10000.0
5384,10000.0
5385,10000.0
5386,10000.0
5387,10000.0
5388,10000.0
5389,10000.0
5390,10000.0
5391,10000.0
5392,10000.0
5393,10000.0
5394,10000.0
5395,10000.0
5396,10000.0
5397,10000.0
5398,10000.0
5399,10000.0
5400,10000.0
5401,10000.0
5402,10000.0
5403,10000.0
5404,10000.0
5405,10000.0
5406,10000.0
5407,10000.0
5408,10000.0
5409,10000.0
5410,10000.0
5411,10000.0
5412,10000.0
5413,10000.0
5414,10000.0
5415,10000.0
5416,10000.0
5417,10000.0
5418,10000.0
5419,10000.0
5420,10000.0
5421,10000.0
5422,10000.0
5423,10000.0
5424,10000.0
5425,10000.0
5426,10000.0
5427,10000.0
5428,10000.0
5429,10000.0
5430,10000.0
5431,10000.0
5432,10000.0
5433,10000.0
5434,10000.0
5435,10000.0
5436,10000.0
5437,10000.0
5438,10000.0
5439,10000.0
5440,10000.0
5441,10000.0
5442,10000.0
5443,10000.0
5444,10000.0
5445,10000.0
5446,10000.0
5447,10000.0
5448,10000.0
5449,10000.0
5450,10000.0
5451,10000.0
5452,10000.0
5453,10000.0
5454,10000.0
5455,10000.0
5456,10000.0
5457,10000.0
5458,10000.0
5459,10000.0
5460,10000.0
5461,10000.0
5462,10000.0
5463,10000.0
5464,10000.0
5465,10000.0
5466,10000.0
5467,10000.0
5468,10000.0
5469,10000.0
5470,10000.0
5471,10000.0
5472,10000.0
5473,10000.0
5474,10000.0
5475,10000.0
5476,10000.0
5477,10000.0
5478,10000.0
5479,10000.0
5480,10000.0
5481,10000.0
5482,10000.0
5483,10000.0
5484,10000.0
5485,10000.0
5486,10000.0
5487,10000.0
5488,10000.0
5489,10000.0
5490,10000.0
5491,10000.0
5492,10000.0
5493,10000.0
5494,10000.0
5495,10000.0
5496,10000.0
5497,10000.0
5498,10000.0
5499,10000.0
5500,10000.0
5501,10000.0
5502,10000.0
5503,10000.0
5504,10000.0
5505,10000.0
5506,10000.0
5507,10000.0
5508,10000.0
5509,10000.0
5510,10000.0
5511,10000.0
5512,10000.0
5513,10000.0
5514,10000.0
5515,10000.0
5516,10000.0
5517,10000.0
5518,10000.0
5519,10000.0
5520,10000.0
5521,10000.0
5522,10000.0
5523,10000.0
5524,10000.0
5525,10000.0
5526,10000.0
5527,10000.0
5528,10000.0
5529,10000.0
5530,10000.0
5531,10000.0
5532,10000.0
5533,10000.0
5534,10000.0
5535,10000.0
5536,10000.0
5537,10000.0
5538,10000.0
5539,10000.0
5540,10000.0
5541,10000.0
5542,10000.0
5543,10000.0
5544,10000.0
5545,10000.0
5546,10000.0
5547,10000.0
5548,10000.0
5549,10000.0
5550,10000.0
5551,10000.0
5552,10000.0
5553,10000.0
5554,10000.0
5555,10000.0
5556,10000.0
5557,10000.0
5558,10000.0
5559,10000.0
5560,10000.0
5561,10000.0
5562,10000.0
5563,10000.0
5564,10000.0
5565,10000.0
5566,10000.0
5567,10000.0
5568,10000.0
5569,10000.0
5570,10000.0
5571,10000.0
5572,10000.0
5573,10000.0
5574,10000.0
5575,10000.0
5576,10000.0
5577,10000.0
5578,10000.0
5579,10000.0
5580,10000.0
5581,10000.0
5582,10000.0
5583,10000.0
5584,10000.0
5585,10000.0
5586,10000.0
5587,10000.0
5588,10000.0
5589,10000.0
5590,10000.0
5591,10000.0
5592,10000.0
5593,10000.0
5594,10000.0
5595,10000.0
5596,10000.0
5597,10000.0
5598,10000.0
5599,10000.0
5600,10000.0
5601,10000.0
5602,10000.0
5603,10000.0
5604,10000.0
5605,10000.0
5606,10000.0
5607,10000.0
5608,10000.0
5609,10000.0
5610,10000.0
5611,10000.0
5612,10000.0
5613,10000.0
5614,10000.0
5615,10000.0
5616,10000.0
5617,10000.0
5618,10000.0
5619,10000.0
5620,10000.0
5621,10000.0
5622,10000.0
5623,10000.0
5624,10000.0
5625,10000.0
5626,10000.0
5627,10000.0
5628,10000.0
5629,10000.0
5630,10000.0
5631,10000.0
5632,10000.0
5633,10000.0
5634,10000.0
5635,10000.0
5636,10000.0
5637,10000.0
5638,10000.0
5639,10000.0
5640,10000.0
5641,10000.0
5642,10000.0
5643,10000.0
5644,10000.0
5645,10000.0
5646,10000.0
5647,10000.0
5648,10000.0
5649,10000.0
5650,10000.0
5651,10000.0
5652,10000.0
5653,10000.0
5654,10000.0
5655,10000.0
5656,10000.0
5657,10000.0
5658,10000.0
5659,10000.0
5660,10000.0
5661,10000.0
5662,10000.0
5663,10000.0
5664,10000.0
5665,10000.0
5666,10000.0
5667,10000.0
5668,10000.0
5669,10000.0
5670,10000.0
5671,10000.0
5672,10000.0
5673,10000.0
5674,10000.0
5675,10000.0
5676,10000.0
5677,10000.0
5678,10000.0
5679,10000.0
5680,10000.0
5681,10000.0
5682,10000.0
5683,10000.0
5684,10000.0
5685,10000.0
5686,10000.0
5687,10000.0
5688,10000.0
5689,10000.0
5690,10000.0
5691,10000.0
5692,10000.0
5693,10000.0
5694,10000.0
5695,10000.0
5696,10000.0
5697,10000.0
5698,10000.0
5699,10000.0
5700,10000.0
5701,10000.0
5702,10000.0
5703,10000.0
5704,10000.0
5705,10000.0
5706,10000.0
5707,10000.0
5708,10000.0
5709,10000.0
5710,10000.0
5711,10000.0
5712,10000.0
5713,10000.0
5714,10000.0
5715,10000.0
5716,10000.0
5717,10000.0
5718,10000.0
5719,10000.0
5720,10000.0
5721,10000.0
5722,10000.0
5723,10000.0
5724,10000.0
5725,10000.0
5726,10000.0
5727,10000.0
5728,10000.0
5729,10000.0
5730,10000.0
5731,10000.0
5732,10000.0
5733,10000.0
5734,10000.0
5735,10000.0
5736,10000.0
5737,10000.0
5738,10000.0
5739,10000.0
5740,10000.0
5741,10000.0
5742,10000.0
5743,10000.0
5744,10000.0
5745,10000.0
5746,10000.0
5747,10000.0
5748,10000.0
5749,10000.0
5750,10000.0
5751,10000.0
5752,10000.0
5753,10000.0
5754,10000.0
5755,10000.0
5756,10000.0
5757,10000.0
5758,10000.0
5759,10000.0
5760,10000.0
5761,10000.0
5762,10000.0
5763,10000.0
5764,10000.0
5765,10000.0
5766,10000.0
5767,10000.0
5768,10000.0
5769,10000.0
5770,10000.0
5771,10000.0
5772,10000.0
5773,10000.0
5774,10000.0
5775,10000.0
5776,10000.0
5777,10000.0
5778,10000.0
5779,10000.0
5780,10000.0
5781,10000.0
5782,10000.0
5783,10000.0
5784,10000.0
5785,10000.0
5786,10000.0
5787,10000.0
5788,10000.0
5789,10000.0
5790,10000.0
5791,10000.0
5792,10000.0
5793,10000.0
5794,10000.0
5795,10000.0
5796,10000.0
5797,10000.0
5798,10000.0
5799,10000.0
5800,10000.0
5801,10000.0
5802,10000.0
5803,10000.0
5804,10000.0
5805,10000.0
5806,10000.0
5807,10000.0
5808,10000.0
5809,10000.0
5810,10000.0
5811,10000.0
5812,10000.0
5813,10000.0
5814,10000.0
5815,10000.0
5816,10000.0
5817,10000.0
5818,10000.0
5819,10000.0
5820,10000.0
5821,10000.0
5822,10000.0
5823,10000.0
5824,10000.0
5825,10000.0
5826,10000.0
5827,10000.0
5828,10000.0
5829,10000.0
5830,10000.0
5831,10000.0
5832,10000.0
5833,10000.0
5834,10000.0
5835,10000.0
5836,10000.0
5837,10000.0
5838,10000.0
5839,10000.0
5840,10000.0
5841,10000.0
5842,10000.0
5843,10000.0
5844,10000.0
5845,10000.0
5846,10000.0
5847,10000.0
5848,10000.0
5849,10000.0
5850,10000.0
5851,10000.0
5852,10000.0
5853,10000.0
5854,10000.0
5855,10000.0
5856,10000.0
5857,10000.0
5858,10000.0
5859,10000.0
5860,10000.0
5861,10000.0
5862,10000.0
5863,10000.0
5864,10000.0
5865,10000.0
5866,10000.0
5867,10000.0
5868,10000.0
5869,10000.0
5870,10000.0
5871,10000.0
5872,10000.0
5873,10000.0
5874,10000.0
5875,10000.0
5876,10000.0
5877,10000.0
5878,10000.0
5879,10000.0
5880,10000.0
5881,10000.0
5882,10000.0
5883,10000.0
5884,10000.0
5885,10000.0
5886,10000.0
5887,10000.0
5888,10000.0
5889,10000.0
5890,10000.0
5891,10000.0
5892,10000.0
5893,10000.0
5894,10000.0
5895,10000.0
5896,10000.0
5897,10000.0
5898,10000.0
5899,10000.0
5900,10000.0
5901,10000.0
5902,10000.0
5903,10000.0
5904,10000.0
5905,10000.0
5906,10000.0
5907,10000.0
5908,10000.0
5909,10000.0
5910,10000.0
5911,10000.0
5912,10000.0
5913,10000.0
5914,10000.0
5915,10000.0
5916,10000.0
5917,10000.0
5918,10000.0
5919,10000.0
5920,10000.0
5921,10000.0
5922,10000.0
5923,10000.0
5924,10000.0
5925,10000.0
5926,10000.0
5927,10000.0
5928,10000.0
5929,10000.0
5930,10000.0
5931,10000.0
5932,10000.0
5933,10000.0
5934,10000.0
5935,10000.0
5936,10000.0
5937,10000.0
5938,10000.0
5939,10000.0
5940,10000.0
5941,10000.0
5942,10000.0
5943,10000.0
5944,10000.0
5945,10000.0
5946,10000.0
5947,10000.0
5948,10000.0
5949,10000.0
5950,10000.0
5951,10000.0
5952,10000.0
5953,10000.0
5954,10000.0
5955,10000.0
5956,10000.0
5957,10000.0
5958,10000.0
5959,10000.0
5960,10000.0
5961,10000.0
5962,10000.0
5963,10000.0
5964,10000.0
5965,10000.0
5966,10000.0
5967,10000.0
5968,10000.0
5969,10000.0
5970,10000.0
5971,10000.0
5972,10000.0
5973,10000.0
5974,10000.0
5975,10000.0
5976,10000.0
5977,10000.0
5978,10000.0
5979,10000.0
5980,10000.0
5981,10000.0
5982,10000.0
5983,10000.0
5984,10000.0
5985,10000.0
5986,10000.0
5987,10000.0
5988,10000.0
5989,10000.0
5990,10000.0
5991,10000.0
5992,10000.0
5993,10000.0
5994,10000.0
5995,10000.0
5996,10000.0
5997,10000.0
5998,10000.0
5999,10000.0
6000,10000.0
6001,10000.0
6002,10000.0
6003,10000.0
6004,10000.0
6005,10000.0
6006,10000.0
6007,10000.0
6008,10000.0
6009,10000.0
6010,10000.0
6011,10000.0
6012,10000.0
6013,10000.0
6014,10000.0
6015,10000.0
6016,10000.0
6017,10000.0
6018,10000.0
6019,10000.0
6020,10000.0
6021,10000.0
6022,10000.0
6023,10000.0
6024,10000.0
6025,10000.0
6026,10000.0
6027,10000.0
6028,10000.0
6029,10000.0
6030,10000.0
6031,10000.0
6032,10000.0
6033,10000.0
6034,10000.0
6035,10000.0
6036,10000.0
6037,10000.0
6038,10000.0
6039,10000.0
6040,10000.0
6041,10000.0
6042,10000.0
6043,10000.0
6044,10000.0
6045,10000.0
6046,10000.0
6047,10000.0
6048,10000.0
6049,10000.0
6050,10000.0
6051,10000.0
6052,10000.0
6053,10000.0
6054,10000.0
6055,10000.0
6056,10000.0
6057,10000.0
6058,10000.0
6059,10000.0
6060,10000.0
6061,10000.0
6062,10000.0
6063,10000.0
6064,10000.0
6065,10000.0
6066,10000.0
6067,10000.0
6068,10000.0
6069,10000.0
6070,10000.0
6071,10000.0
6072,10000.0
6073,10000.0
6074,10000.0
6075,10000.0
6076,10000.0
6077,10000.0
6078,10000.0
6079,10000.0
6080,10000.0
6081,10000.0
6082,10000.0
6083,10000.0
6084,10000.0
6085,10000.0
6086,10000.0
6087,10000.0
6088,10000.0
6089,10000.0
6090,10000.0
6091,10000.0
6092,10000.0
6093,10000.0
6094,10000.0
6095,10000.0
6096,10000.0
6097,10000.0
6098,10000.0
6099,10000.0
6100,10000.0
6101,10000.0
6102,10000.0
6103,10000.0
6104,10000.0
6105,10000.0
6106,10000.0
6107,10000.0
6108,10000.0
6109,10000.0
6110,10000.0
6111,10000.0
6112,10000.0
6113,10000.0
6114,10000.0
6115,10000.0
6116,10000.0
6117,10000.0
6118,10000.0
6119,10000.0
6120,10000.0
6121,10000.0
6122,10000.0
6123,10000.0
6124,10000.0
6125,10000.0
6126,10000.0
6127,10000.0
6128,10000.0
6129,10000.0
6130,10000.0
6131,10000.0
6132,10000.0
6133,10000.0
6134,10000.0
6135,10000.0
6136,10000.0
6137,10000.0
6138,10000.0
6139,10000.0
6140,10000.0
6141,10000.0
6142,10000.0
6143,10000.0
6144,10000.0
6145,10000.0
6146,10000.0
6147,10000.0
6148,10000.0
6149,10000.0
6150,10000.0
6151,10000.0
6152,10000.0
6153,10000.0
6154,10000.0
6155,10000.0
6156,10000.0
6157,10000.0
6158,10000.0
6159,10000.0
6160,10000.0
6161,10000.0
6162,10000.0
6163,10000.0
6164,10000.0
6165,10000.0
6166,10000.0
6167,10000.0
6168,10000.0
6169,10000.0
6170,10000.0
6171,10000.0
6172,10000.0
6173,10000.0
6174,10000.0
6175,10000.0
6176,10000.0
6177,10000.0
6178,10000.0
6179,10000.0
6180,10000.0
6181,10000.0
6182,10000.0
6183,10000.0
6184,10000.0
6185,10000.0
6186,10000.0
6187,10000.0
6188,10000.0
6189,10000.0
6190,10000.0
6191,10000.0
6192,10000.0
6193,10000.0
6194,10000.0
6195,10000.0
6196,10000.0
6197,10000.0
6198,10000.0
6199,10000.0
6200,10000.0
6201,10000.0
6202,10000.0
6203,10000.0
6204,10000.0
6205,10000.0
6206,10000.0
6207,10000.0
6208,10000.0
6209,10000.0
6210,10000.0
6211,10000.0
6212,10000.0
6213,10000.0
6214,10000.0
6215,10000.0
6216,10000.0
6217,10000.0
6218,10000.0
6219,10000.0
6220,10000.0
6221,10000.0
6222,10000.0
6223,10000.0
6224,10000.0
6225,10000.0
6226,10000.0
6227,10000.0
6228,10000.0
6229,10000.0
6230,10000.0
6231,10000.0
6232,10000.0
6233,10000.0
6234,10000.0
6235,10000.0
6236,10000.0
6237,10000.0
6238,10000.0
6239,10000.0
6240,10000.0
6241,10000.0
6242,10000.0
6243,10000.0
6244,10000.0
6245,10000.0
6246,10000.0
6247,10000.0
6248,10000.0
6249,10000.0
6250,10000.0
6251,10000.0
6252,10000.0
6253,10000.0
6254,10000.0
6255,10000.0
6256,10000.0
6257,10000.0
6258,10000.0
6259,10000.0
6260,10000.0
6261,10000.0
6262,10000.0
6263,10000.0
6264,10000.0
6265,10000.0
6266,10000.0
6267,10000.0
6268,10000.0
6269,10000.0
6270,10000.0
6271,10000.0
6272,10000.0
6273,10000.0
6274,10000.0
6275,10000.0
6276,10000.0
6277,10000.0
6278,10000.0
6279,10000.0
6280,10000.0
6281,10000.0
6282,10000.0
6283,10000.0
6284,10000.0
6285,10000.0
6286,10000.0
6287,10000.0
6288,10000.0
6289,10000.0
6290,10000.0
6291,10000.0
6292,10000.0
6293,10000.0
6294,10000.0
6295,10000.0
6296,10000.0
6297,10000.0
6298,10000.0
6299,10000.0
6300,10000.0
6301,10000.0
6302,10000.0
6303,10000.0
6304,10000.0
6305,10000.0
6306,10000.0
6307,10000.0
6308,10000.0
6309,10000.0
6310,10000.0
6311,10000.0
6312,10000.0
6313,10000.0
6314,10000.0
6315,10000.0
6316,10000.0
6317,10000.0
6318,10000.0
6319,10000.0
6320,10000.0
6321,10000.0
6322,10000.0
6323,10000.0
6324,10000.0
6325,10000.0
6326,10000.0
6327,10000.0
6328,10000.0
6329,10000.0
6330,10000.0
6331,10000.0
6332,10000.0
6333,10000.0
6334,10000.0
6335,10000.0
6336,10000.0
6337,10000.0
6338,10000.0
6339,10000.0
6340,10000.0
6341,10000.0
6342,10000.0
6343,10000.0
6344,10000.0
6345,10000.0
6346,10000.0
6347,10000.0
6348,10000.0
6349,10000.0
6350,10000.0
6351,10000.0
6352,10000.0
6353,10000.0
6354,10000.0
6355,10000.0
6356,10000.0
6357,10000.0
6358,10000.0
6359,10000.0
6360,10000.0
6361,10000.0
6362,10000.0
6363,10000.0
6364,10000.0
6365,10000.0
6366,10000.0
6367,10000.0
6368,10000.0
6369,10000.0
6370,10000.0
6371,10000.0
6372,10000.0
6373,10000.0
6374,10000.0
6375,10000.0
6376,10000.0
6377,10000.0
6378,10000.0
6379,10000.0
6380,10000.0
6381,10000.0
6382,10000.0
6383,10000.0
6384,10000.0
6385,10000.0
6386,10000.0
6387,10000.0
6388,10000.0
6389,10000.0
6390,10000.0
6391,10000.0
6392,10000.0
6393,10000.0
6394,10000.0
6395,10000.0
6396,10000.0
6397,10000.0
6398,10000.0
6399,10000.0
6400,10000.0
6401,10000.0
6402,10000.0
6403,10000.0
6404,10000.0
6405,10000.0
6406,10000.0
6407,10000.0
6408,10000.0
6409,10000.0
6410,10000.0
6411,10000.0
6412,10000.0
6413,10000.0
6414,10000.0
6415,10000.0
6416,10000.0
6417,10000.0
6418,10000.0
6419,10000.0
6420,10000.0
6421,10000.0
6422,10000.0
6423,10000.0
6424,10000.0
6425,10000.0
6426,10000.0
6427,10000.0
6428,10000.0
6429,10000.0
6430,10000.0
6431,10000.0
6432,10000.0
6433,10000.0
6434,10000.0
6435,10000.0
6436,10000.0
6437,10000.0
6438,10000.0
6439,10000.0
6440,10000.0
6441,10000.0
6442,10000.0
6443,10000.0
6444,10000.0
6445,10000.0
6446,10000.0
6447,10000.0
6448,10000.0
6449,10000.0
6450,10000.0
6451,10000.0
6452,10000.0
6453,10000.0
6454,10000.0
6455,10000.0
6456,10000.0
6457,10000.0
6458,10000.0
6459,10000.0
6460,10000.0
6461,10000.0
6462,10000.0
6463,10000.0
6464,10000.0
6465,10000.0
6466,10000.0
6467,10000.0
6468,10000.0
6469,10000.0
6470,10000.0
6471,10000.0
6472,10000.0
6473,10000.0
6474,10000.0
6475,10000.0
6476,10000.0
6477,10000.0
6478,10000.0
6479,10000.0
6480,10000.0
6481,10000.0
6482,10000.0
6483,10000.0
6484,10000.0
6485,10000.0
6486,10000.0
6487,10000.0
6488,10000.0
6489,10000.0
6490,10000.0
6491,10000.0
6492,10000.0
6493,10000.0
6494,10000.0
6495,10000.0
6496,10000.0
6497,10000.0
6498,10000.0
6499,10000.0
6500,10000.0
6501,10000.0
6502,10000.0
6503,10000.0
6504,10000.0
6505,10000.0
6506,10000.0
6507,10000.0
6508,10000.0
6509,10000.0
6510,10000.0
6511,10000.0
6512,10000.0
6513,10000.0
6514,10000.0
6515,10000.0
6516,10000.0
6517,10000.0
6518,10000.0
6519,10000.0
6520,10000.0
6521,10000.0
6522,10000.0
6523,10000.0
6524,10000.0
6525,10000.0
6526,10000.0
6527,10000.0
6528,10000.0
6529,10000.0
6530,10000.0
6531,10000.0
6532,10000.0
6533,10000.0
6534,10000.0
6535,10000.0
6536,10000.0
6537,10000.0
6538,10000.0
6539,10000.0
6540,10000.0
6541,10000.0
6542,10000.0
6543,10000.0
6544,10000.0
6545,10000.0
6546,10000.0
6547,10000.0
6548,10000.0
6549,10000.0
6550,10000.0
6551,10000.0
6552,10000.0
6553,10000.0
6554,10000.0
6555,10000.0
6556,10000.0
6557,10000.0
6558,10000.0
6559,10000.0
6560,10000.0
6561,10000.0
6562,10000.0
6563,10000.0
6564,10000.0
6565,10000.0
6566,10000.0
6567,10000.0
6568,10000.0
6569,10000.0
6570,10000.0
6571,10000.0
6572,10000.0
6573,10000.0
6574,10000.0
6575,10000.0
6576,10000.0
6577,10000.0
6578,10000.0
6579,10000.0
6580,10000.0
6581,10000.0
6582,10000.0
6583,10000.0
6584,10000.0
6585,10000.0
6586,10000.0
6587,10000.0
6588,10000.0
6589,10000.0
6590,10000.0
6591,10000.0
6592,10000.0
6593,10000.0
6594,10000.0
6595,10000.0
6596,10000.0
6597,10000.0
6598,10000.0
6599,10000.0
6600,10000.0
6601,10000.0
6602,10000.0
6603,10000.0
6604,10000.0
6605,10000.0
6606,10000.0
6607,10000.0
6608,10000.0
6609,10000.0
6610,10000.0
6611,10000.0
6612,10000.0
6613,10000.0
6614,10000.0
6615,10000.0
6616,10000.0
6617,10000.0
6618,10000.0
6619,10000.0
6620,10000.0
6621,10000.0
6622,10000.0
6623,10000.0
6624,10000.0
6625,10000.0
6626,10000.0
6627,10000.0
6628,10000.0
6629,10000.0
6630,10000.0
6631,10000.0
6632,10000.0
6633,10000.0
6634,10000.0
6635,10000.0
6636,10000.0
6637,10000.0
6638,10000.0
6639,10000.0
6640,10000.0
6641,10000.0
6642,10000.0
6643,10000.0
6644,10000.0
6645,10000.0
6646,10000.0
6647,10000.0
6648,10000.0
6649,10000.0
6650,10000.0
6651,10000.0
6652,10000.0
6653,10000.0
6654,10000.0
6655,10000.0
6656,10000.0
6657,10000.0
6658,10000.0
6659,10000.0
6660,10000.0
6661,10000.0
6662,10000.0
6663,10000.0
6664,10000.0
6665,10000.0
6666,10000.0
6667,10000.0
6668,10000.0
6669,10000.0
6670,10000.0
6671,10000.0
6672,10000.0
6673,10000.0
6674,10000.0
6675,10000.0
6676,10000.0
6677,10000.0
6678,10000.0
6679,10000.0
6680,10000.0
6681,10000.0
6682,10000.0
6683,10000.0
6684,10000.0
6685,10000.0
6686,10000.0
6687,10000.0
6688,10000.0
6689,10000.0
6690,10000.0
6691,10000.0
6692,10000.0
6693,10000.0
6694,10000.0
6695,10000.0
6696,10000.0
6697,10000.0
6698,10000.0
6699,10000.0
6700,10000.0
6701,10000.0
6702,10000.0
6703,10000.0
6704,10000.0
6705,10000.0
6706,10000.0
6707,10000.0
6708,10000.0
6709,10000.0
6710,10000.0
6711,10000.0
6712,10000.0
6713,10000.0
6714,10000.0
6715,10000.0
6716,10000.0
6717,10000.0
6718,10000.0
6719,10000.0
6720,10000.0
6721,10000.0
6722,10000.0
6723,10000.0
6724,10000.0
6725,10000.0
6726,10000.0
6727,10000.0
6728,10000.0
6729,10000.0
6730,10000.0
6731,10000.0
6732,10000.0
6733,10000.0
6734,10000.0
6735,10000.0
6736,10000.0
6737,10000.0
6738,10000.0
6739,10000.0
6740,10000.0
6741,10000.0
6742,10000.0
6743,10000.0
6744,10000.0
6745,10000.0
6746,10000.0
6747,10000.0
6748,10000.0
6749,10000.0
6750,10000.0
6751,10000.0
6752,10000.0
6753,10000.0
6754,10000.0
6755,10000.0
6756,10000.0
6757,10000.0
6758,10000.0
6759,10000.0
6760,10000.0
6761,10000.0
6762,10000.0
6763,10000.0
6764,10000.0
6765,10000.0
6766,10000.0
6767,10000.0
6768,10000.0
6769,10000.0
6770,10000.0
6771,10000.0
6772,10000.0
6773,10000.0
6774,10000.0
6775,10000.0
6776,10000.0
6777,10000.0
6778,10000.0
6779,10000.0
6780,10000.0
6781,10000.0
6782,10000.0
6783,10000.0
6784,10000.0
6785,10000.0
6786,10000.0
6787,10000.0
6788,10000.0
6789,10000.0
6790,10000.0
6791,10000.0
6792,10000.0
6793,10000.0
6794,10000.0
6795,10000.0
6796,10000.0
6797,10000.0
6798,10000.0
6799,10000.0
6800,10000.0
6801,10000.0
6802,10000.0
6803,10000.0
6804,10000.0
6805,10000.0
6806,10000.0
6807,10000.0
6808,10000.0
6809,10000.0
6810,10000.0
6811,10000.0
6812,10000.0
6813,10000.0
6814,10000.0
6815,10000.0
6816,10000.0
6817,10000.0
6818,10000.0
6819,10000.0
6820,10000.0
6821,10000.0
6822,10000.0
6823,10000.0
6824,10000.0
6825,10000.0
6826,10000.0
6827,10000.0
6828,10000.0
6829,10000.0
6830,10000.0
6831,10000.0
6832,10000.0
6833,10000.0
6834,10000.0
6835,10000.0
6836,10000.0
6837,10000.0
6838,10000.0
6839,10000.0
6840,10000.0
6841,10000.0
6842,10000.0
6843,10000.0
6844,10000.0
6845,10000.0
6846,10000.0
6847,10000.0
6848,10000.0
6849,10000.0
6850,10000.0
6851,10000.0
6852,10000.0
6853,10000.0
6854,10000.0
6855,10000.0
6856,10000.0
6857,10000.0
6858,10000.0
6859,10000.0
6860,10000.0
6861,10000.0
6862,10000.0
6863,10000.0
6864,10000.0
6865,10000.0
6866,10000.0
6867,10000.0
6868,10000.0
6869,10000.0
6870,10000.0
6871,10000.0
6872,10000.0
6873,10000.0
6874,10000.0
6875,10000.0
6876,10000.0
6877,10000.0
6878,10000.0
6879,10000.0
6880,10000.0
6881,10000.0
6882,10000.0
6883,10000.0
6884,10000.0
6885,10000.0
6886,10000.0
6887,10000.0
6888,10000.0
6889,10000.0
6890,10000.0
6891,10000.0
6892,10000.0
6893,10000.0
6894,10000.0
6895,10000.0
6896,10000.0
6897,10000.0
6898,10000.0
6899,10000.0
6900,10000.0
6901,10000.0
6902,10000.0
6903,10000.0
6904,10000.0
6905,10000.0
6906,10000.0
6907,10000.0
6908,10000.0
6909,10000.0
6910,10000.0
6911,10000.0
6912,10000.0
6913,10000.0
6914,10000.0
6915,10000.0
6916,10000.0
6917,10000.0
6918,10000.0
6919,10000.0
6920,10000.0
6921,10000.0
6922,10000.0
6923,10000.0
6924,10000.0
6925,10000.0
6926,10000.0
6927,10000.0
6928,10000.0
6929,10000.0
6930,10000.0
6931,10000.0
6932,10000.0
6933,10000.0
6934,10000.0
6935,10000.0
6936,10000.0
6937,10000.0
6938,10000.0
6939,10000.0
6940,10000.0
6941,10000.0
6942,10000.0
6943,10000.0
6944,10000.0
6945,10000.0
6946,10000.0
6947,10000.0
6948,10000.0
6949,10000.0
6950,10000.0
6951,10000.0
6952,10000.0
6953,10000.0
6954,10000.0
6955,10000.0
6956,10000.0
6957,10000.0
6958,10000.0
6959,10000.0
6960,10000.0
6961,10000.0
6962,10000.0
6963,10000.0
6964,10000.0
6965,10000.0
6966,10000.0
6967,10000.0
6968,10000.0
6969,10000.0
6970,10000.0
6971,10000.0
6972,10000.0
6973,10000.0
6974,10000.0
6975,10000.0
6976,10000.0
6977,10000.0
6978,10000.0
6979,10000.0
6980,10000.0
6981,10000.0
6982,10000.0
6983,10000.0
6984,10000.0
6985,10000.0
6986,10000.0
6987,10000.0
6988,10000.0
6989,10000.0
6990,10000.0
6991,10000.0
6992,10000.0
6993,10000.0
6994,10000.0
6995,10000.0
6996,10000.0
6997,10000.0
6998,10000.0
6999,10000.0
7000,10000.0
7001,10000.0
7002,10000.0
7003,10000.0
7004,10000.0
7005,10000.0
7006,10000.0
7007,10000.0
7008,10000.0
7009,10000.0
7010,10000.0
7011,10000.0
7012,10000.0
7013,10000.0
7014,10000.0
7015,10000.0
7016,10000.0
7017,10000.0
7018,10000.0
7019,10000.0
7020,10000.0
7021,10000.0
7022,10000.0
7023,10000.0
7024,10000.0
7025,10000.0
7026,10000.0
7027,10000.0
7028,10000.0
7029,10000.0
7030,10000.0
7031,10000.0
7032,10000.0
7033,10000.0
7034,10000.0
7035,10000.0
7036,10000.0
7037,10000.0
7038,10000.0
7039,10000.0
7040,10000.0
7041,10000.0
7042,10000.0
7043,10000.0
7044,10000.0
7045,10000.0
7046,10000.0
7047,10000.0
7048,10000.0
7049,10000.0
7050,10000.0
7051,10000.0
7052,10000.0
7053,10000.0
7054,10000.0
7055,10000.0
7056,10000.0
7057,10000.0
7058,10000.0
7059,10000.0
7060,10000.0
7061,10000.0
7062,10000.0
7063,10000.0
7064,10000.0
7065,10000.0
7066,10000.0
7067,10000.0
7068,10000.0
7069,10000.0
7070,10000.0
7071,10000.0
7072,10000.0
7073,10000.0
7074,10000.0
7075,10000.0
7076,10000.0
7077,10000.0
7078,10000.0
7079,10000.0
7080,10000.0
7081,10000.0
7082,10000.0
7083,10000.0
7084,10000.0
7085,10000.0
7086,10000.0
7087,10000.0
7088,10000.0
7089,10000.0
7090,10000.0
7091,10000.0
7092,10000.0
7093,10000.0
7094,10000.0
7095,10000.0
7096,10000.0
7097,10000.0
7098,10000.0
7099,10000.0
7100,10000.0
7101,10000.0
7102,10000.0
7103,10000.0
7104,10000.0
7105,10000.0
7106,10000.0
7107,10000.0
7108,10000.0
7109,10000.0
7110,10000.0
7111,10000.0
7112,10000.0
7113,10000.0
7114,10000.0
7115,10000.0
7116,10000.0
7117,10000.0
7118,10000.0
7119,10000.0
7120,10000.0
7121,10000.0
7122,10000.0
7123,10000.0
7124,10000.0
7125,10000.0
7126,10000.0
7127,10000.0
7128,10000.0
7129,10000.0
7130,10000.0
7131,10000.0
7132,10000.0
7133,10000.0
7134,10000.0
7135,10000.0
7136,10000.0
7137,10000.0
7138,10000.0
7139,10000.0
7140,10000.0
7141,10000.0
7142,10000.0
7143,10000.0
7144,10000.0
7145,10000.0
7146,10000.0
7147,10000.0
7148,10000.0
7149,10000.0
7150,10000.0
7151,10000.0
7152,10000.0
7153,10000.0
7154,10000.0
7155,10000.0
7156,10000.0
7157,10000.0
7158,10000.0
7159,10000.0
7160,10000.0
7161,10000.0
7162,10000.0
7163,10000.0
7164,10000.0
7165,10000.0
7166,10000.0
7167,10000.0
7168,10000.0
7169,10000.0
7170,10000.0
7171,10000.0
7172,10000.0
7173,10000.0
7174,10000.0
7175,10000.0
7176,10000.0
7177,10000.0
7178,10000.0
7179,10000.0
7180,10000.0
7181,10000.0
7182,10000.0
7183,10000.0
7184,10000.0
7185,10000.0
7186,10000.0
7187,10000.0
7188,10000.0
7189,10000.0
7190,10000.0
7191,10000.0
7192,10000.0
7193,10000.0
7194,10000.0
7195,10000.0
7196,10000.0
7197,10000.0
7198,10000.0
7199,10000.0
7200,10000.0
7201,10000.0
7202,10000.0
7203,10000.0
7204,10000.0
7205,10000.0
7206,10000.0
7207,10000.0
7208,10000.0
7209,10000.0
7210,10000.0
7211,10000.0
7212,10000.0
7213,10000.0
7214,10000.0
7215,10000.0
7216,10000.0
7217,10000.0
7218,10000.0
7219,10000.0
7220,10000.0
7221,10000.0
7222,10000.0
7223,10000.0
7224,10000.0
7225,10000.0
7226,10000.0
7227,10000.0
7228,10000.0
7229,10000.0
7230,10000.0
7231,10000.0
7232,10000.0
7233,10000.0
7234,10000.0
7235,10000.0
7236,10000.0
7237,10000.0
7238,10000.0
7239,10000.0
7240,10000.0
7241,10000.0
7242,10000.0
7243,10000.0
7244,10000.0
7245,10000.0
7246,10000.0
7247,10000.0
7248,10000.0
7249,10000.0
7250,10000.0
7251,10000.0
7252,10000.0
7253,10000.0
7254,10000.0
7255,10000.0
7256,10000.0
7257,10000.0
7258,10000.0
7259,10000.0
7260,10000.0
7261,10000.0
7262,10000.0
7263,10000.0
7264,10000.0
7265,10000.0
7266,10000.0
7267,10000.0
7268,10000.0
7269,10000.0
7270,10000.0
7271,10000.0
7272,10000.0
7273,10000.0
7274,10000.0
7275,10000.0
7276,10000.0
7277,10000.0
7278,10000.0
7279,10000.0
7280,10000.0
7281,10000.0
7282,10000.0
7283,10000.0
7284,10000.0
7285,10000.0
7286,10000.0
7287,10000.0
7288,10000.0
7289,10000.0
7290,10000.0
7291,10000.0
7292,10000.0
7293,10000.0
7294,10000.0
7295,10000.0
7296,10000.0
7297,10000.0
7298,10000.0
7299,10000.0
7300,10000.0
7301,10000.0
7302,10000.0
7303,10000.0
7304,10000.0
7305,10000.0
7306,10000.0
7307,10000.0
7308,10000.0
7309,10000.0
7310,10000.0
7311,10000.0
7312,10000.0
7313,10000.0
7314,10000.0
7315,10000.0
7316,10000.0
7317,10000.0
7318,10000.0
7319,10000.0
7320,10000.0
7321,10000.0
7322,10000.0
7323,10000.0
7324,10000.0
7325,10000.0
7326,10000.0
7327,10000.0
7328,10000.0
7329,10000.0
7330,10000.0
7331,10000.0
7332,10000.0
7333,10000.0
7334,10000.0
7335,10000.0
7336,10000.0
7337,10000.0
7338,10000.0
7339,10000.0
7340,10000.0
7341,10000.0
7342,10000.0
7343,10000.0
7344,10000.0
7345,10000.0
7346,10000.0
7347,10000.0
7348,10000.0
7349,10000.0
7350,10000.0
7351,10000.0
7352,10000.0
7353,10000.0
7354,10000.0
7355,10000.0
7356,10000.0
7357,10000.0
7358,10000.0
7359,10000.0
7360,10000.0
7361,10000.0
7362,10000.0
7363,10000.0
7364,10000.0
7365,10000.0
7366,10000.0
7367,10000.0
7368,10000.0
7369,10000.0
7370,10000.0
7371,10000.0
7372,10000.0
7373,10000.0
7374,10000.0
7375,10000.0
7376,10000.0
7377,10000.0
7378,10000.0
7379,10000.0
7380,10000.0
7381,10000.0
7382,10000.0
7383,10000.0
7384,10000.0
7385,10000.0
7386,10000.0
7387,10000.0
7388,10000.0
7389,10000.0
7390,10000.0
7391,10000.0
7392,10000.0
7393,10000.0
7394,10000.0
7395,10000.0
7396,10000.0
7397,10000.0
7398,10000.0
7399,10000.0
7400,10000.0
7401,10000.0
7402,10000.0
7403,10000.0
7404,10000.0
7405,10000.0
7406,10000.0
7407,10000.0
7408,10000.0
7409,10000.0
7410,10000.0
7411,10000.0
7412,10000.0
7413,10000.0
7414,10000.0
7415,10000.0
7416,10000.0
7417,10000.0
7418,10000.0
7419,10000.0
7420,10000.0
7421,10000.0
7422,10000.0
7423,10000.0
7424,10000.0
7425,10000.0
7426,10000.0
7427,10000.0
7428,10000.0
7429,10000.0
7430,10000.0
7431,10000.0
7432,10000.0
7433,10000.0
7434,10000.0
7435,10000.0
7436,10000.0
7437,10000.0
7438,10000.0
7439,10000.0
7440,10000.0
7441,10000.0
7442,10000.0
7443,10000.0
7444,10000.0
7445,10000.0
7446,10000.0
7447,10000.0
7448,10000.0
7449,10000.0
7450,10000.0
7451,10000.0
7452,10000.0
7453,10000.0
7454,10000.0
7455,10000.0
7456,10000.0
7457,10000.0
7458,10000.0
7459,10000.0
7460,10000.0
7461,10000.0
7462,10000.0
7463,10000.0
7464,10000.0
7465,10000.0
7466,10000.0
7467,10000.0
7468,10000.0
7469,10000.0
7470,10000.0
7471,10000.0
7472,10000.0
7473,10000.0
7474,10000.0
7475,10000.0
7476,10000.0
7477,10000.0
7478,10000.0
7479,10000.0
7480,10000.0
7481,10000.0
7482,10000.0
7483,10000.0
7484,10000.0
7485,10000.0
7486,10000.0
7487,10000.0
7488,10000.0
7489,10000.0
7490,10000.0
7491,10000.0
7492,10000.0
7493,10000.0
7494,10000.0
7495,10000.0
7496,10000.0
7497,10000.0
7498,10000.0
7499,10000.0
7500,10000.0
7501,10000.0
7502,10000.0
7503,10000.0
7504,10000.0
7505,10000.0
7506,10000.0
7507,10000.0
7508,10000.0
7509,10000.0
7510,10000.0
7511,10000.0
7512,10000.0
7513,10000.0
7514,10000.0
7515,10000.0
7516,10000.0
7517,10000.0
7518,10000.0
7519,10000.0
7520,10000.0
7521,10000.0
7522,10000.0
7523,10000.0
7524,10000.0
7525,10000.0
7526,10000.0
7527,10000.0
7528,10000.0
7529,10000.0
7530,10000.0
7531,10000.0
7532,10000.0
7533,10000.0
7534,10000.0
7535,10000.0
7536,10000.0
7537,10000.0
7538,10000.0
7539,10000.0
7540,10000.0
7541,10000.0
7542,10000.0
7543,10000.0
7544,10000.0
7545,10000.0
7546,10000.0
7547,10000.0
7548,10000.0
7549,10000.0
7550,10000.0
7551,10000.0
7552,10000.0
7553,10000.0
7554,10000.0
7555,10000.0
7556,10000.0
7557,10000.0
7558,10000.0
7559,10000.0
7560,10000.0
7561,10000.0
7562,10000.0
7563,10000.0
7564,10000.0
7565,10000.0
7566,10000.0
7567,10000.0
7568,10000.0
7569,10000.0
7570,10000.0
7571,10000.0
7572,10000.0
7573,10000.0
7574,10000.0
7575,10000.0
7576,10000.0
7577,10000.0
7578,10000.0
7579,10000.0
7580,10000.0
7581,10000.0
7582,10000.0
7583,10000.0
7584,10000.0
7585,10000.0
7586,10000.0
7587,10000.0
7588,10000.0
7589,10000.0
7590,10000.0
7591,10000.0
7592,10000.0
7593,10000.0
7594,10000.0
7595,10000.0
7596,10000.0
7597,10000.0
7598,10000.0
7599,10000.0
7600,10000.0
7601,10000.0
7602,10000.0
7603,10000.0
7604,10000.0
7605,10000.0
7606,10000.0
7607,10000.0
7608,10000.0
7609,10000.0
7610,10000.0
7611,10000.0
7612,10000.0
7613,10000.0
7614,10000.0
7615,10000.0
7616,10000.0
7617,10000.0
7618,10000.0
7619,10000.0
7620,10000.0
7621,10000.0
7622,10000.0
7623,10000.0
7624,10000.0
7625,10000.0
7626,10000.0
7627,10000.0
7628,10000.0
7629,10000.0
7630,10000.0
7631,10000.0
7632,10000.0
7633,10000.0
7634,10000.0
7635,10000.0
7636,10000.0
7637,10000.0
7638,10000.0
7639,10000.0
7640,10000.0
7641,10000.0
7642,10000.0
7643,10000.0
7644,10000.0
7645,10000.0
7646,10000.0
7647,10000.0
7648,10000.0
7649,10000.0
7650,10000.0
7651,10000.0
7652,10000.0
7653,10000.0
7654,10000.0
7655,10000.0
7656,10000.0
7657,10000.0
7658,10000.0
7659,10000.0
7660,10000.0
7661,10000.0
7662,10000.0
7663,10000.0
7664,10000.0
7665,10000.0
7666,10000.0
7667,10000.0
7668,10000.0
7669,10000.0
7670,10000.0
7671,10000.0
7672,10000.0
7673,10000.0
7674,10000.0
7675,10000.0
7676,10000.0
7677,10000.0
7678,10000.0
7679,10000.0
7680,10000.0
7681,10000.0
7682,10000.0
7683,10000.0
7684,10000.0
7685,10000.0
7686,10000.0
7687,10000.0
7688,10000.0
7689,10000.0
7690,10000.0
7691,10000.0
7692,10000.0
7693,10000.0
7694,10000.0
7695,10000.0
7696,10000.0
7697,10000.0
7698,10000.0
7699,10000.0
7700,10000.0
7701,10000.0
7702,10000.0
7703,10000.0
7704,10000.0
7705,10000.0
7706,10000.0
7707,10000.0
7708,10000.0
7709,10000.0
7710,10000.0
7711,10000.0
7712,10000.0
7713,10000.0
7714,10000.0
7715,10000.0
7716,10000.0
7717,10000.0
7718,10000.0
7719,10000.0
7720,10000.0
7721,10000.0
7722,10000.0
7723,10000.0
7724,10000.0
7725,10000.0
7726,10000.0
7727,10000.0
7728,10000.0
7729,10000.0
7730,10000.0
7731,10000.0
7732,10000.0
7733,10000.0
7734,10000.0
7735,10000.0
7736,10000.0
7737,10000.0
7738,10000.0
7739,10000.0
7740,10000.0
7741,10000.0
7742,10000.0
7743,10000.0
7744,10000.0
7745,10000.0
7746,10000.0
7747,10000.0
7748,10000.0
7749,10000.0
7750,10000.0
7751,10000.0
7752,10000.0
7753,10000.0
7754,10000.0
7755,10000.0
7756,10000.0
7757,10000.0
7758,10000.0
7759,10000.0
7760,10000.0
7761,10000.0
7762,10000.0
7763,10000.0
7764,10000.0
7765,10000.0
7766,10000.0
7767,10000.0
7768,10000.0
7769,10000.0
7770,10000.0
7771,10000.0
7772,10000.0
7773,10000.0
7774,10000.0
7775,10000.0
7776,10000.0
7777,10000.0
7778,10000.0
7779,10000.0
7780,10000.0
7781,10000.0
7782,10000.0
7783,10000.0
7784,10000.0
7785,10000.0
7786,10000.0
7787,10000.0
7788,10000.0
7789,10000.0
7790,10000.0
7791,10000.0
7792,10000.0
7793,10000.0
7794,10000.0
7795,10000.0
7796,10000.0
7797,10000.0
7798,10000.0
7799,10000.0
7800,10000.0
7801,10000.0
7802,10000.0
7803,10000.0
7804,10000.0
7805,10000.0
7806,10000.0
7807,10000.0
7808,10000.0
7809,10000.0
7810,10000.0
7811,10000.0
7812,10000.0
7813,10000.0
7814,10000.0
7815,10000.0
7816,10000.0
7817,10000.0
7818,10000.0
7819,10000.0
7820,10000.0
7821,10000.0
7822,10000.0
7823,10000.0
7824,10000.0
7825,10000.0
7826,10000.0
7827,10000.0
7828,10000.0
7829,10000.0
7830,10000.0
7831,10000.0
7832,10000.0
7833,10000.0
7834,10000.0
7835,10000.0
7836,10000.0
7837,10000.0
7838,10000.0
7839,10000.0
7840,10000.0
7841,10000.0
7842,10000.0
7843,10000.0
7844,10000.0
7845,10000.0
7846,10000.0
7847,10000.0
7848,10000.0
7849,10000.0
7850,10000.0
7851,10000.0
7852,10000.0
7853,10000.0
7854,10000.0
7855,10000.0
7856,10000.0
7857,10000.0
7858,10000.0
7859,10000.0
7860,10000.0
7861,10000.0
7862,10000.0
7863,10000.0
7864,10000.0
7865,10000.0
7866,10000.0
7867,10000.0
7868,10000.0
7869,10000.0
7870,10000.0
7871,10000.0
7872,10000.0
7873,10000.0
7874,10000.0
7875,10000.0
7876,10000.0
7877,10000.0
7878,10000.0
7879,10000.0
7880,10000.0
7881,10000.0
7882,10000.0
7883,10000.0
7884,10000.0
7885,10000.0
7886,10000.0
7887,10000.0
7888,10000.0
7889,10000.0
7890,10000.0
7891,10000.0
7892,10000.0
7893,10000.0
7894,10000.0
7895,10000.0
7896,10000.0
7897,10000.0
7898,10000.0
7899,10000.0
7900,10000.0
7901,10000.0
7902,10000.0
7903,10000.0
7904,10000.0
7905,10000.0
7906,10000.0
7907,10000.0
7908,10000.0
7909,10000.0
7910,10000.0
7911,10000.0
7912,10000.0
7913,10000.0
7914,10000.0
7915,10000.0
7916,10000.0
7917,10000.0
7918,10000.0
7919,10000.0
7920,10000.0
7921,10000.0
7922,10000.0
7923,10000.0
7924,10000.0
7925,10000.0
7926,10000.0
7927,10000.0
7928,10000.0
7929,10000.0
7930,10000.0
7931,10000.0
7932,10000.0
7933,10000.0
7934,10000.0
7935,10000.0
7936,10000.0
7937,10000.0
7938,10000.0
7939,10000.0
7940,10000.0
7941,10000.0
7942,10000.0
7943,10000.0
7944,10000.0
7945,10000.0
7946,10000.0
7947,10000.0
7948,10000.0
7949,10000.0
7950,10000.0
7951,10000.0
7952,10000.0
7953,10000.0
7954,10000.0
7955,10000.0
7956,10000.0
7957,10000.0
7958,10000.0
7959,10000.0
7960,10000.0
7961,10000.0
7962,10000.0
7963,10000.0
7964,10000.0
7965,10000.0
7966,10000.0
7967,10000.0
7968,10000.0
7969,10000.0
7970,10000.0
7971,10000.0
7972,10000.0
7973,10000.0
7974,10000.0
7975,10000.0
7976,10000.0
7977,10000.0
7978,10000.0
7979,10000.0
7980,10000.0
7981,10000.0
7982,10000.0
7983,10000.0
7984,10000.0
7985,10000.0
7986,10000.0
7987,10000.0
7988,10000.0
7989,10000.0
7990,10000.0
7991,10000.0
7992,10000.0
7993,10000.0
7994,10000.0
7995,10000.0
7996,10000.0
7997,10000.0
7998,10000.0
7999,10000.0
8000,10000.0
8001,10000.0
8002,10000.0
8003,10000.0
8004,10000.0
8005,10000.0
8006,10000.0
8007,10000.0
8008,10000.0
8009,10000.0
8010,10000.0
8011,10000.0
8012,10000.0
8013,10000.0
8014,10000.0
8015,10000.0
8016,10000.0
8017,10000.0
8018,10000.0
8019,10000.0
8020,10000.0
8021,10000.0
8022,10000.0
8023,10000.0
8024,10000.0
8025,10000.0
8026,10000.0
8027,10000.0
8028,10000.0
8029,10000.0
8030,10000.0
8031,10000.0
8032,10000.0
8033,10000.0
8034,10000.0
8035,10000.0
8036,10000.0
8037,10000.0
8038,10000.0
8039,10000.0
8040,10000.0
8041,10000.0
8042,10000.0
8043,10000.0
8044,10000.0
8045,10000.0
8046,10000.0
8047,10000.0
8048,10000.0
8049,10000.0
8050,10000.0
8051,10000.0
8052,10000.0
8053,10000.0
8054,10000.0
8055,10000.0
8056,10000.0
8057,10000.0
8058,10000.0
8059,10000.0
8060,10000.0
8061,10000.0
8062,10000.0
8063,10000.0
8064,10000.0
8065,10000.0
8066,10000.0
8067,10000.0
8068,10000.0
8069,10000.0
8070,10000.0
8071,10000.0
8072,10000.0
8073,10000.0
8074,10000.0
8075,10000.0
8076,10000.0
8077,10000.0
8078,10000.0
8079,10000.0
8080,10000.0
8081,10000.0
8082,10000.0
8083,10000.0
8084,10000.0
8085,10000.0
8086,10000.0
8087,10000.0
8088,10000.0
8089,10000.0
8090,10000.0
8091,10000.0
8092,10000.0
8093,10000.0
8094,10000.0
8095,10000.0
8096,10000.0
8097,10000.0
8098,10000.0
8099,10000.0
8100,10000.0
8101,10000.0
8102,10000.0
8103,10000.0
8104,10000.0
8105,10000.0
8106,10000.0
8107,10000.0
8108,10000.0
8109,10000.0
8110,10000.0
8111,10000.0
8112,10000.0
8113,10000.0
8114,10000.0
8115,10000.0
8116,10000.0
8117,10000.0
8118,10000.0
8119,10000.0
8120,10000.0
8121,10000.0
8122,10000.0
8123,10000.0
8124,10000.0
8125,10000.0
8126,10000.0
8127,10000.0
8128,10000.0
8129,10000.0
8130,10000.0
8131,10000.0
8132,10000.0
8133,10000.0
8134,10000.0
8135,10000.0
8136,10000.0
8137,10000.0
8138,10000.0
8139,10000.0
8140,10000.0
8141,10000.0
8142,10000.0
8143,10000.0
8144,10000.0
8145,10000.0
8146,10000.0
8147,10000.0
8148,10000.0
8149,10000.0
8150,10000.0
8151,10000.0
8152,10000.0
8153,10000.0
8154,10000.0
8155,10000.0
8156,10000.0
8157,10000.0
8158,10000.0
8159,10000.0
8160,10000.0
8161,10000.0
8162,10000.0
8163,10000.0
8164,10000.0
8165,10000.0
8166,10000.0
8167,10000.0
8168,10000.0
8169,10000.0
8170,10000.0
8171,10000.0
8172,10000.0
8173,10000.0
8174,10000.0
8175,10000.0
8176,10000.0
8177,10000.0
8178,10000.0
8179,10000.0
8180,10000.0
8181,10000.0
8182,10000.0
8183,10000.0
8184,10000.0
8185,10000.0
8186,10000.0
8187,10000.0
8188,10000.0
8189,10000.0
8190,10000.0
8191,10000.0
8192,10000.0
8193,10000.0
8194,10000.0
8195,10000.0
8196,10000.0
8197,10000.0
8198,10000.0
8199,10000.0
8200,10000.0
8201,10000.0
8202,10000.0
8203,10000.0
8204,10000.0
8205,10000.0
8206,10000.0
8207,10000.0
8208,10000.0
8209,10000.0
8210,10000.0
8211,10000.0
8212,10000.0
8213,10000.0
8214,10000.0
8215,10000.0
8216,10000.0
8217,10000.0
8218,10000.0
8219,10000.0
8220,10000.0
8221,10000.0
8222,10000.0
8223,10000.0
8224,10000.0
8225,10000.0
8226,10000.0
8227,10000.0
8228,10000.0
8229,10000.0
8230,10000.0
8231,10000.0
8232,10000.0
8233,10000.0
8234,10000.0
8235,10000.0
8236,10000.0
8237,10000.0
8238,10000.0
8239,10000.0
8240,10000.0
8241,10000.0
8242,10000.0
8243,10000.0
8244,10000.0
8245,10000.0
8246,10000.0
8247,10000.0
8248,10000.0
8249,10000.0
8250,10000.0
8251,10000.0
8252,10000.0
8253,10000.0
8254,10000.0
8255,10000.0
8256,10000.0
8257,10000.0
8258,10000.0
8259,10000.0
8260,10000.0
8261,10000.0
8262,10000.0
8263,10000.0
8264,10000.0
8265,10000.0
8266,10000.0
8267,10000.0
8268,10000.0
8269,10000.0
8270,10000.0
8271,10000.0
8272,10000.0
8273,10000.0
8274,10000.0
8275,10000.0
8276,10000.0
8277,10000.0
8278,10000.0
8279,10000.0
8280,10000.0
8281,10000.0
8282,10000.0
8283,10000.0
8284,10000.0
8285,10000.0
8286,10000.0
8287,10000.0
8288,10000.0
8289,10000.0
8290,10000.0
8291,10000.0
8292,10000.0
8293,10000.0
8294,10000.0
8295,10000.0
8296,10000.0
8297,10000.0
8298,10000.0
8299,10000.0
8300,10000.0
8301,10000.0
8302,10000.0
8303,10000.0
8304,10000.0
8305,10000.0
8306,10000.0
8307,10000.0
8308,10000.0
8309,10000.0
8310,10000.0
8311,10000.0
8312,10000.0
8313,10000.0
8314,10000.0
8315,10000.0
8316,10000.0
8317,10000.0
8318,10000.0
8319,10000.0
8320,10000.0
8321,10000.0
8322,10000.0
8323,10000.0
8324,10000.0
8325,10000.0
8326,10000.0
8327,10000.0
8328,10000.0
8329,10000.0
8330,10000.0
8331,10000.0
8332,10000.0
8333,10000.0
8334,10000.0
8335,10000.0
8336,10000.0
8337,10000.0
8338,10000.0
8339,10000.0
8340,10000.0
8341,10000.0
8342,10000.0
8343,10000.0
8344,10000.0
8345,10000.0
8346,10000.0
8347,10000.0
8348,10000.0
8349,10000.0
8350,10000.0
8351,10000.0
8352,10000.0
8353,10000.0
8354,10000.0
8355,10000.0
8356,10000.0
8357,10000.0
8358,10000.0
8359,10000.0
8360,10000.0
8361,10000.0
8362,10000.0
8363,10000.0
8364,10000.0
8365,10000.0
8366,10000.0
8367,10000.0
8368,10000.0
8369,10000.0
8370,10000.0
8371,10000.0
8372,10000.0
8373,10000.0
8374,10000.0
8375,10000.0
8376,10000.0
8377,10000.0
8378,10000.0
8379,10000.0
8380,10000.0
8381,10000.0
8382,10000.0
8383,10000.0
8384,10000.0
8385,10000.0
8386,10000.0
8387,10000.0
8388,10000.0
8389,10000.0
8390,10000.0
8391,10000.0
8392,10000.0
8393,10000.0
8394,10000.0
8395,10000.0
8396,10000.0
8397,10000.0
8398,10000.0
8399,10000.0
8400,10000.0
8401,10000.0
8402,10000.0
8403,10000.0
8404,10000.0
8405,10000.0
8406,10000.0
8407,10000.0
8408,10000.0
8409,10000.0
8410,10000.0
8411,10000.0
8412,10000.0
8413,10000.0
8414,10000.0
8415,10000.0
8416,10000.0
8417,10000.0
8418,10000.0
8419,10000.0
8420,10000.0
8421,10000.0
8422,10000.0
8423,10000.0
8424,10000.0
8425,10000.0
8426,10000.0
8427,10000.0
8428,10000.0
8429,10000.0
8430,10000.0
8431,10000.0
8432,10000.0
8433,10000.0
8434,10000.0
8435,10000.0
8436,10000.0
8437,10000.0
8438,10000.0
8439,10000.0
8440,10000.0
8441,10000.0
8442,10000.0
8443,10000.0
8444,10000.0
8445,10000.0
8446,10000.0
8447,10000.0
8448,10000.0
8449,10000.0
8450,10000.0
8451,10000.0
8452,10000.0
8453,10000.0
8454,10000.0
8455,10000.0
8456,10000.0
8457,10000.0
8458,10000.0
8459,10000.0
8460,10000.0
8461,10000.0
8462,10000.0
8463,10000.0
8464,10000.0
8465,10000.0
8466,10000.0
8467,10000.0
8468,10000.0
8469,10000.0
8470,10000.0
8471,10000.0
8472,10000.0
8473,10000.0
8474,10000.0
8475,10000.0
8476,10000.0
8477,10000.0
8478,10000.0
8479,10000.0
8480,10000.0
8481,10000.0
8482,10000.0
8483,10000.0
8484,10000.0
8485,10000.0
8486,10000.0
8487,10000.0
8488,10000.0
8489,10000.0
8490,10000.0
8491,10000.0
8492,10000.0
8493,10000.0
8494,10000.0
8495,10000.0
8496,10000.0
8497,10000.0
8498,10000.0
8499,10000.0
8500,10000.0
8501,10000.0
8502,10000.0
8503,10000.0
8504,10000.0
8505,10000.0
8506,10000.0
8507,10000.0
8508,10000.0
8509,10000.0
8510,10000.0
8511,10000.0
8512,10000.0
8513,10000.0
8514,10000.0
8515,10000.0
8516,10000.0
8517,10000.0
8518,10000.0
8519,10000.0
8520,10000.0
8521,10000.0
8522,10000.0
8523,10000.0
8524,10000.0
8525,10000.0
8526,10000.0
8527,10000.0
8528,10000.0
8529,10000.0
8530,10000.0
8531,10000.0
8532,10000.0
8533,10000.0
8534,10000.0
8535,10000.0
8536,10000.0
8537,10000.0
8538,10000.0
8539,10000.0
8540,10000.0
8541,10000.0
8542,10000.0
8543,10000.0
8544,10000.0
8545,10000.0
8546,10000.0
8547,10000.0
8548,10000.0
8549,10000.0
8550,10000.0
8551,10000.0
8552,10000.0
8553,10000.0
8554,10000.0
8555,10000.0
8556,10000.0
8557,10000.0
8558,10000.0
8559,10000.0
8560,10000.0
8561,10000.0
8562,10000.0
8563,10000.0
8564,10000.0
8565,10000.0
8566,10000.0
8567,10000.0
8568,10000.0
8569,10000.0
8570,10000.0
8571,10000.0
8572,10000.0
8573,10000.0
8574,10000.0
8575,10000.0
8576,10000.0
8577,10000.0
8578,10000.0
8579,10000.0
8580,10000.0
8581,10000.0
8582,10000.0
8583,10000.0
8584,10000.0
8585,10000.0
8586,10000.0
8587,10000.0
8588,10000.0
8589,10000.0
8590,10000.0
8591,10000.0
8592,10000.0
8593,10000.0
8594,10000.0
8595,10000.0
8596,10000.0
8597,10000.0
8598,10000.0
8599,10000.0
8600,10000.0
8601,10000.0
8602,10000.0
8603,10000.0
8604,10000.0
8605,10000.0
8606,10000.0
8607,10000.0
8608,10000.0
8609,10000.0
8610,10000.0
8611,10000.0
8612,10000.0
8613,10000.0
8614,10000.0
8615,10000.0
8616,10000.0
8617,10000.0
8618,10000.0
8619,10000.0
8620,10000.0
8621,10000.0
8622,10000.0
8623,10000.0
8624,10000.0
8625,10000.0
8626,10000.0
8627,10000.0
8628,10000.0
8629,10000.0
8630,10000.0
8631,10000.0
8632,10000.0
8633,10000.0
8634,10000.0
8635,10000.0
8636,10000.0
8637,10000.0
8638,10000.0
8639,10000.0
8640,10000.0
8641,10000.0
8642,10000.0
8643,10000.0
8644,10000.0
8645,10000.0
8646,10000.0
8647,10000.0
8648,10000.0
8649,10000.0
8650,10000.0
8651,10000.0
8652,10000.0
8653,10000.0
8654,10000.0
8655,10000.0
8656,10000.0
8657,10000.0
8658,10000.0
8659,10000.0
8660,10000.0
8661,10000.0
8662,10000.0
8663,10000.0
8664,10000.0
8665,10000.0
8666,10000.0
8667,10000.0
8668,10000.0
8669,10000.0
8670,10000.0
8671,10000.0
8672,10000.0
8673,10000.0
8674,10000.0
8675,10000.0
8676,10000.0
8677,10000.0
8678,10000.0
8679,10000.0
8680,10000.0
8681,10000.0
8682,10000.0
8683,10000.0
8684,10000.0
8685,10000.0
8686,10000.0
8687,10000.0
8688,10000.0
8689,10000.0
8690,10000.0
8691,10000.0
8692,10000.0
8693,10000.0
8694,10000.0
8695,10000.0
8696,10000.0
8697,10000.0
8698,10000.0
8699,10000.0
8700,10000.0
8701,10000.0
8702,10000.0
8703,10000.0
8704,10000.0
8705,10000.0
8706,10000.0
8707,10000.0
8708,10000.0
8709,10000.0
8710,10000.0
8711,10000.0
8712,10000.0
8713,10000.0
8714,10000.0
8715,10000.0
8716,10000.0
8717,10000.0
8718,10000.0
8719,10000.0
8720,10000.0
8721,10000.0
8722,10000.0
8723,10000.0
8724,10000.0
8725,10000.0
8726,10000.0
8727,10000.0
8728,10000.0
8729,10000.0
8730,10000.0
8731,10000.0
8732,10000.0
8733,10000.0
8734,10000.0
8735,10000.0
8736,10000.0
8737,10000.0
8738,10000.0
8739,10000.0
8740,10000.0
8741,10000.0
8742,10000.0
8743,10000.0
8744,10000.0
8745,10000.0
8746,10000.0
8747,10000.0
8748,10000.0
8749,10000.0
8750,10000.0
8751,10000.0
8752,10000.0
8753,10000.0
8754,10000.0
8755,10000.0
8756,10000.0
8757,10000.0
8758,10000.0
8759,10000.0
8760,10000.0
8761,10000.0
8762,10000.0
8763,10000.0
8764,10000.0
8765,10000.0
8766,10000.0
8767,10000.0
8768,10000.0
8769,10000.0
8770,10000.0
8771,10000.0
8772,10000.0
8773,10000.0
8774,10000.0
8775,10000.0
8776,10000.0
8777,10000.0
8778,10000.0
8779,10000.0
8780,10000.0
8781,10000.0
8782,10000.0
8783,10000.0
8784,10000.0
8785,10000.0
8786,10000.0
8787,10000.0
8788,10000.0
8789,10000.0
8790,10000.0
8791,10000.0
8792,10000.0
8793,10000.0
8794,10000.0
8795,10000.0
8796,10000.0
8797,10000.0
8798,10000.0
8799,10000.0
8800,10000.0
8801,10000.0
8802,10000.0
8803,10000.0
8804,10000.0
8805,10000.0
8806,10000.0
8807,10000.0
8808,10000.0
8809,10000.0
8810,10000.0
8811,10000.0
8812,10000.0
8813,10000.0
8814,10000.0
8815,10000.0
8816,10000.0
8817,10000.0
8818,10000.0
8819,10000.0
8820,10000.0
8821,10000.0
8822,10000.0
8823,10000.0
8824,10000.0
8825,10000.0
8826,10000.0
8827,10000.0
8828,10000.0
8829,10000.0
8830,10000.0
8831,10000.0
8832,10000.0
8833,10000.0
8834,10000.0
8835,10000.0
8836,10000.0
8837,10000.0
8838,10000.0
8839,10000.0
8840,10000.0
8841,10000.0
8842,10000.0
8843,10000.0
8844,10000.0
8845,10000.0
8846,10000.0
8847,10000.0
8848,10000.0
8849,10000.0
8850,10000.0
8851,10000.0
8852,10000.0
8853,10000.0
8854,10000.0
8855,10000.0
8856,10000.0
8857,10000.0
8858,10000.0
8859,10000.0
8860,10000.0
8861,10000.0
8862,10000.0
8863,10000.0
8864,10000.0
8865,10000.0
8866,10000.0
8867,10000.0
8868,10000.0
8869,10000.0
8870,10000.0
8871,10000.0
8872,10000.0
8873,10000.0
8874,10000.0
8875,10000.0
8876,10000.0
8877,10000.0
8878,10000.0
8879,10000.0
8880,10000.0
8881,10000.0
8882,10000.0
8883,10000.0
8884,10000.0
8885,10000.0
8886,10000.0
8887,10000.0
8888,10000.0
8889,10000.0
8890,10000.0
8891,10000.0
8892,10000.0
8893,10000.0
8894,10000.0
8895,10000.0
8896,10000.0
8897,10000.0
8898,10000.0
8899,10000.0
8900,10000.0
8901,10000.0
8902,10000.0
8903,10000.0
8904,10000.0
8905,10000.0
8906,10000.0
8907,10000.0
8908,10000.0
8909,10000.0
8910,10000.0
8911,10000.0
8912,10000.0
8913,10000.0
8914,10000.0
8915,10000.0
8916,10000.0
8917,10000.0
8918,10000.0
8919,10000.0
8920,10000.0
8921,10000.0
8922,10000.0
8923,10000.0
8924,10000.0
8925,10000.0
8926,10000.0
8927,10000.0
8928,10000.0
8929,10000.0
8930,10000.0
8931,10000.0
8932,10000.0
8933,10000.0
8934,10000.0
8935,10000.0
8936,10000.0
8937,10000.0
8938,10000.0
8939,10000.0
8940,10000.0
8941,10000.0
8942,10000.0
8943,10000.0
8944,10000.0
8945,10000.0
8946,10000.0
8947,10000.0
8948,10000.0
8949,10000.0
8950,10000.0
8951,10000.0
8952,10000.0
8953,10000.0
8954,10000.0
8955,10000.0
8956,10000.0
8957,10000.0
8958,10000.0
8959,10000.0
8960,10000.0
8961,10000.0
8962,10000.0
8963,10000.0
8964,10000.0
8965,10000.0
8966,10000.0
8967,10000.0
8968,10000.0
8969,10000.0
8970,10000.0
8971,10000.0
8972,10000.0
8973,10000.0
8974,10000.0
8975,10000.0
8976,10000.0
8977,10000.0
8978,10000.0
8979,10000.0
8980,10000.0
8981,10000.0
8982,10000.0
8983,10000.0
8984,10000.0
8985,10000.0
8986,10000.0
8987,10000.0
8988,10000.0
8989,10000.0
8990,10000.0
8991,10000.0
8992,10000.0
8993,10000.0
8994,10000.0
8995,10000.0
8996,10000.0
8997,10000.0
8998,10000.0
8999,10000.0
9000,10000.0
9001,10000.0
9002,10000.0
9003,10000.0
9004,10000.0
9005,10000.0
9006,10000.0
9007,10000.0
9008,10000.0
9009,10000.0
9010,10000.0
9011,10000.0
9012,10000.0
9013,10000.0
9014,10000.0
9015,10000.0
9016,10000.0
9017,10000.0
9018,10000.0
9019,10000.0
9020,10000.0
9021,10000.0
9022,10000.0
9023,10000.0
9024,10000.0
9025,10000.0
9026,10000.0
9027,10000.0
9028,10000.0
9029,10000.0
9030,10000.0
9031,10000.0
9032,10000.0
9033,10000.0
9034,10000.0
9035,10000.0
9036,10000.0
9037,10000.0
9038,10000.0
9039,10000.0
9040,10000.0
9041,10000.0
9042,10000.0
9043,10000.0
9044,10000.0
9045,10000.0
9046,10000.0
9047,10000.0
9048,10000.0
9049,10000.0
9050,10000.0
9051,10000.0
9052,10000.0
9053,10000.0
9054,10000.0
9055,10000.0
9056,10000.0
9057,10000.0
9058,10000.0
9059,10000.0
9060,10000.0
9061,10000.0
9062,10000.0
9063,10000.0
9064,10000.0
9065,10000.0
9066,10000.0
9067,10000.0
9068,10000.0
9069,10000.0
9070,10000.0
9071,10000.0
9072,10000.0
9073,10000.0
9074,10000.0
9075,10000.0
9076,10000.0
9077,10000.0
9078,10000.0
9079,10000.0
9080,10000.0
9081,10000.0
9082,10000.0
9083,10000.0
9084,10000.0
9085,10000.0
9086,10000.0
9087,10000.0
9088,10000.0
9089,10000.0
9090,10000.0
9091,10000.0
9092,10000.0
9093,10000.0
9094,10000.0
9095,10000.0
9096,10000.0
9097,10000.0
9098,10000.0
9099,10000.0
9100,10000.0
9101,10000.0
9102,10000.0
9103,10000.0
9104,10000.0
9105,10000.0
9106,10000.0
9107,10000.0
9108,10000.0
9109,10000.0
9110,10000.0
9111,10000.0
9112,10000.0
9113,10000.0
9114,10000.0
9115,10000.0
9116,10000.0
9117,10000.0
9118,10000.0
9119,10000.0
9120,10000.0
9121,10000.0
9122,10000.0
9123,10000.0
9124,10000.0
9125,10000.0
9126,10000.0
9127,10000.0
9128,10000.0
9129,10000.0
9130,10000.0
9131,10000.0
9132,10000.0
9133,10000.0
9134,10000.0
9135,10000.0
9136,10000.0
9137,10000.0
9138,10000.0
9139,10000.0
9140,10000.0
9141,10000.0
9142,10000.0
9143,10000.0
9144,10000.0
9145,10000.0
9146,10000.0
9147,10000.0
9148,10000.0
9149,10000.0
9150,10000.0
9151,10000.0
9152,10000.0
9153,10000.0
9154,10000.0
9155,10000.0
9156,10000.0
9157,10000.0
9158,10000.0
9159,10000.0
9160,10000.0
9161,10000.0
9162,10000.0
9163,10000.0
9164,10000.0
9165,10000.0
9166,10000.0
9167,10000.0
9168,10000.0
9169,10000.0
9170,10000.0
9171,10000.0
9172,10000.0
9173,10000.0
9174,10000.0
9175,10000.0
9176,10000.0
9177,10000.0
9178,10000.0
9179,10000.0
9180,10000.0
9181,10000.0
9182,10000.0
9183,10000.0
9184,10000.0
9185,10000.0
9186,10000.0
9187,10000.0
9188,10000.0
9189,10000.0
9190,10000.0
9191,10000.0
9192,10000.0
9193,10000.0
9194,10000.0
9195,10000.0
9196,10000.0
9197,10000.0
9198,10000.0
9199,10000.0
9200,10000.0
9201,10000.0
9202,10000.0
9203,10000.0
9204,10000.0
9205,10000.0
9206,10000.0
9207,10000.0
9208,10000.0
9209,10000.0
9210,10000.0
9211,10000.0
9212,10000.0
9213,10000.0
9214,10000.0
9215,10000.0
9216,10000.0
9217,10000.0
9218,10000.0
9219,10000.0
9220,10000.0
9221,10000.0
9222,10000.0
9223,10000.0
9224,10000.0
9225,10000.0
9226,10000.0
9227,10000.0
9228,10000.0
9229,10000.0
9230,10000.0
9231,10000.0
9232,10000.0
9233,10000.0
9234,10000.0
9235,10000.0
9236,10000.0
9237,10000.0
9238,10000.0
9239,10000.0
9240,10000.0
9241,10000.0
9242,10000.0
9243,10000.0
9244,10000.0
9245,10000.0
9246,10000.0
9247,10000.0
9248,10000.0
9249,10000.0
9250,10000.0
9251,10000.0
9252,10000.0
9253,10000.0
9254,10000.0
9255,10000.0
9256,10000.0
9257,10000.0
9258,10000.0
9259,10000.0
9260,10000.0
9261,10000.0
9262,10000.0
9263,10000.0
9264,10000.0
9265,10000.0
9266,10000.0
9267,10000.0
9268,10000.0
9269,10000.0
9270,10000.0
9271,10000.0
9272,10000.0
9273,10000.0
9274,10000.0
9275,10000.0
9276,10000.0
9277,10000.0
9278,10000.0
9279,10000.0
9280,10000.0
9281,10000.0
9282,10000.0
9283,10000.0
9284,10000.0
9285,10000.0
9286,10000.0
9287,10000.0
9288,10000.0
9289,10000.0
9290,10000.0
9291,10000.0
9292,10000.0
9293,10000.0
9294,10000.0
9295,10000.0
9296,10000.0
9297,10000.0
9298,10000.0
9299,10000.0
9300,10000.0
9301,10000.0
9302,10000.0
9303,10000.0
9304,10000.0
9305,10000.0
9306,10000.0
9307,10000.0
9308,10000.0
9309,10000.0
9310,10000.0
9311,10000.0
9312,10000.0
9313,10000.0
9314,10000.0
9315,10000.0
9316,10000.0
9317,10000.0
9318,10000.0
9319,10000.0
9320,10000.0
9321,10000.0
9322,10000.0
9323,10000.0
9324,10000.0
9325,10000.0
9326,10000.0
9327,10000.0
9328,10000.0
9329,10000.0
9330,10000.0
9331,10000.0
9332,10000.0
9333,10000.0
9334,10000.0
9335,10000.0
9336,10000.0
9337,10000.0
9338,10000.0
9339,10000.0
9340,10000.0
9341,10000.0
9342,10000.0
9343,10000.0
9344,10000.0
9345,10000.0
9346,10000.0
9347,10000.0
9348,10000.0
9349,10000.0
9350,10000.0
9351,10000.0
9352,10000.0
9353,10000.0
9354,10000.0
9355,10000.0
9356,10000.0
9357,10000.0
9358,10000.0
9359,10000.0
9360,10000.0
9361,10000.0
9362,10000.0
9363,10000.0
9364,10000.0
9365,10000.0
9366,10000.0
9367,10000.0
9368,10000.0
9369,10000.0
9370,10000.0
9371,10000.0
9372,10000.0
9373,10000.0
9374,10000.0
9375,10000.0
9376,10000.0
9377,10000.0
9378,10000.0
9379,10000.0
9380,10000.0
9381,10000.0
9382,10000.0
9383,10000.0
9384,10000.0
9385,10000.0
9386,10000.0
9387,10000.0
9388,10000.0
9389,10000.0
9390,10000.0
9391,10000.0
9392,10000.0
9393,10000.0
9394,10000.0
9395,10000.0
9396,10000.0
9397,10000.0
9398,10000.0
9399,10000.0
9400,10000.0
9401,10000.0
9402,10000.0
9403,10000.0
9404,10000.0
9405,10000.0
9406,10000.0
9407,10000.0
9408,10000.0
9409,10000.0
9410,10000.0
9411,10000.0
9412,10000.0
9413,10000.0
9414,10000.0
9415,10000.0
9416,10000.0
9417,10000.0
9418,10000.0
9419,10000.0
9420,10000.0
9421,10000.0
9422,10000.0
9423,10000.0
9424,10000.0
9425,10000.0
9426,10000.0
9427,10000.0
9428,10000.0
9429,10000.0
9430,10000.0
9431,10000.0
9432,10000.0
9433,10000.0
9434,10000.0
9435,10000.0
9436,10000.0
9437,10000.0
9438,10000.0
9439,10000.0
9440,10000.0
9441,10000.0
9442,10000.0
9443,10000.0
9444,10000.0
9445,10000.0
9446,10000.0
9447,10000.0
9448,10000.0
9449,10000.0
9450,10000.0
9451,10000.0
9452,10000.0
9453,10000.0
9454,10000.0
9455,10000.0
9456,10000.0
9457,10000.0
9458,10000.0
9459,10000.0
9460,10000.0
9461,10000.0
9462,10000.0
9463,10000.0
9464,10000.0
9465,10000.0
9466,10000.0
9467,10000.0
9468,10000.0
9469,10000.0
9470,10000.0
9471,10000.0
9472,10000.0
9473,10000.0
9474,10000.0
9475,10000.0
9476,10000.0
9477,10000.0
9478,10000.0
9479,10000.0
9480,10000.0
9481,10000.0
9482,10000.0
9483,10000.0
9484,10000.0
9485,10000.0
9486,10000.0
9487,10000.0
9488,10000.0
9489,10000.0
9490,10000.0
9491,10000.0
9492,10000.0
9493,10000.0
9494,10000.0
9495,10000.0
9496,10000.0
9497,10000.0
9498,10000.0
9499,10000.0
9500,10000.0
9501,10000.0
9502,10000.0
9503,10000.0
9504,10000.0
9505,10000.0
9506,10000.0
9507,10000.0
9508,10000.0
9509,10000.0
9510,10000.0
9511,10000.0
9512,10000.0
9513,10000.0
9514,10000.0
9515,10000.0
9516,10000.0
9517,10000.0
9518,10000.0
9519,10000.0
9520,10000.0
9521,10000.0
9522,10000.0
9523,10000.0
9524,10000.0
9525,10000.0
9526,10000.0
9527,10000.0
9528,10000.0
9529,10000.0
9530,10000.0
9531,10000.0
9532,10000.0
9533,10000.0
9534,10000.0
9535,10000.0
9536,10000.0
9537,10000.0
9538,10000.0
9539,10000.0
9540,10000.0
9541,10000.0
9542,10000.0
9543,10000.0
9544,10000.0
9545,10000.0
9546,10000.0
9547,10000.0
9548,10000.0
9549,10000.0
9550,10000.0
9551,10000.0
9552,10000.0
9553,10000.0
9554,10000.0
9555,10000.0
9556,10000.0
9557,10000.0
9558,10000.0
9559,10000.0
9560,10000.0
9561,10000.0
9562,10000.0
9563,10000.0
9564,10000.0
9565,10000.0
9566,10000.0
9567,10000.0
9568,10000.0
9569,10000.0
9570,10000.0
9571,10000.0
9572,10000.0
9573,10000.0
9574,10000.0
9575,10000.0
9576,10000.0
9577,10000.0
9578,10000.0
9579,10000.0
9580,10000.0
9581,10000.0
9582,10000.0
9583,10000.0
9584,10000.0
9585,10000.0
9586,10000.0
9587,10000.0
9588,10000.0
9589,10000.0
9590,10000.0
9591,10000.0
9592,10000.0
9593,10000.0
9594,10000.0
9595,10000.0
9596,10000.0
9597,10000.0
9598,10000.0
9599,10000.0
9600,10000.0
9601,10000.0
9602,10000.0
9603,10000.0
9604,10000.0
9605,10000.0
9606,10000.0
9607,10000.0
9608,10000.0
9609,10000.0
9610,10000.0
9611,10000.0
9612,10000.0
9613,10000.0
9614,10000.0
9615,10000.0
9616,10000.0
9617,10000.0
9618,10000.0
9619,10000.0
9620,10000.0
9621,10000.0
9622,10000.0
9623,10000.0
9624,10000.0
9625,10000.0
9626,10000.0
9627,10000.0
9628,10000.0
9629,10000.0
9630,10000.0
9631,10000.0
9632,10000.0
9633,10000.0
9634,10000.0
9635,10000.0
9636,10000.0
9637,10000.0
9638,10000.0
9639,10000.0
9640,10000.0
9641,10000.0
9642,10000.0
9643,10000.0
9644,10000.0
9645,10000.0
9646,10000.0
9647,10000.0
9648,10000.0
9649,10000.0
9650,10000.0
9651,10000.0
9652,10000.0
9653,10000.0
9654,10000.0
9655,10000.0
9656,10000.0
9657,10000.0
9658,10000.0
9659,10000.0
9660,10000.0
9661,10000.0
9662,10000.0
9663,10000.0
9664,10000.0
9665,10000.0
9666,10000.0
9667,10000.0
9668,10000.0
9669,10000.0
9670,10000.0
9671,10000.0
9672,10000.0
9673,10000.0
9674,10000.0
9675,10000.0
9676,10000.0
9677,10000.0
9678,10000.0
9679,10000.0
9680,10000.0
9681,10000.0
9682,10000.0
9683,10000.0
9684,10000.0
9685,10000.0
9686,10000.0
9687,10000.0
9688,10000.0
9689,10000.0
9690,10000.0
9691,10000.0
9692,10000.0
9693,10000.0
9694,10000.0
9695,10000.0
9696,10000.0
9697,10000.0
9698,10000.0
9699,10000.0
9700,10000.0
9701,10000.0
9702,10000.0
9703,10000.0
9704,10000.0
9705,10000.0
9706,10000.0
9707,10000.0
9708,10000.0
9709,10000.0
9710,10000.0
9711,10000.0
9712,10000.0
9713,10000.0
9714,10000.0
9715,10000.0
9716,10000.0
9717,10000.0
9718,10000.0
9719,10000.0
9720,10000.0
9721,10000.0
9722,10000.0
9723,10000.0
9724,10000.0
9725,10000.0
9726,10000.0
9727,10000.0
9728,10000.0
9729,10000.0
9730,10000.0
9731,10000.0
9732,10000.0
9733,10000.0
9734,10000.0
9735,10000.0
9736,10000.0
9737,10000.0
9738,10000.0
9739,10000.0
9740,10000.0
9741,10000.0
9742,10000.0
9743,10000.0
9744,10000.0
9745,10000.0
9746,10000.0
9747,10000.0
9748,10000.0
9749,10000.0
9750,10000.0
9751,10000.0
9752,10000.0
9753,10000.0
9754,10000.0
9755,10000.0
9756,10000.0
9757,10000.0
9758,10000.0
9759,10000.0
9760,10000.0
9761,10000.0
9762,10000.0
9763,10000.0
9764,10000.0
9765,10000.0
9766,10000.0
9767,10000.0
9768,10000.0
9769,10000.0
9770,10000.0
9771,10000.0
9772,10000.0
9773,10000.0
9774,10000.0
9775,10000.0
9776,10000.0
9777,10000.0
9778,10000.0
9779,10000.0
9780,10000.0
9781,10000.0
9782,10000.0
9783,10000.0
9784,10000.0
9785,10000.0
9786,10000.0
9787,10000.0
9788,10000.0
9789,10000.0
9790,10000.0
9791,10000.0
9792,10000.0
9793,10000.0
9794,10000.0
9795,10000.0
9796,10000.0
9797,10000.0
9798,10000.0
9799,10000.0
9800,10000.0
9801,10000.0
9802,10000.0
9803,10000.0
9804,10000.0
9805,10000.0
9806,10000.0
9807,10000.0
9808,10000.0
9809,10000.0
9810,10000.0
9811,10000.0
9812,10000.0
9813,10000.0
9814,10000.0
9815,10000.0
9816,10000.0
9817,10000.0
9818,10000.0
9819,10000.0
9820,10000.0
9821,10000.0
9822,10000.0
9823,10000.0
9824,10000.0
9825,10000.0
9826,10000.0
9827,10000.0
9828,10000.0
9829,10000.0
9830,10000.0
9831,10000.0
9832,10000.0
9833,10000.0
9834,10000.0
9835,10000.0
9836,10000.0
9837,10000.0
9838,10000.0
9839,10000.0
9840,10000.0
9841,10000.0
9842,10000.0
9843,10000.0
9844,10000.0
9845,10000.0
9846,10000.0
9847,10000.0
9848,10000.0
9849,10000.0
9850,10000.0
9851,10000.0
9852,10000.0
9853,10000.0
9854,10000.0
9855,10000.0
9856,10000.0
9857,10000.0
9858,10000.0
9859,10000.0
9860,10000.0
9861,10000.0
9862,10000.0
9863,10000.0
9864,10000.0
9865,10000.0
9866,10000.0
9867,10000.0
9868,10000.0
9869,10000.0
9870,10000.0
9871,10000.0
9872,10000.0
9873,10000.0
9874,10000.0
9875,10000.0
9876,10000.0
9877,10000.0
9878,10000.0
9879,10000.0
9880,10000.0
9881,10000.0
9882,10000.0
9883,10000.0
9884,10000.0
9885,10000.0
9886,10000.0
9887,10000.0
9888,10000.0
9889,10000.0
9890,10000.0
9891,10000.0
9892,10000.0
9893,10000.0
9894,10000.0
9895,10000.0
9896,10000.0
9897,10000.0
9898,10000.0
9899,10000.0
9900,10000.0
9901,10000.0
9902,10000.0
9903,10000.0
9904,10000.0
9905,10000.0
9906,10000.0
9907,10000.0
9908,10000.0
9909,10000.0
9910,10000.0
9911,10000.0
9912,10000.0
9913,10000.0
9914,10000.0
9915,10000.0
9916,10000.0
9917,10000.0
9918,10000.0
9919,10000.0
9920,10000.0
9921,10000.0
9922,10000.0
9923,10000.0
9924,10000.0
9925,10000.0
9926,10000.0
9927,10000.0
9928,10000.0
9929,10000.0
9930,10000.0
9931,10000.0
9932,10000.0
9933,10000.0
9934,10000.0
9935,10000.0
9936,10000.0
9937,10000.0
9938,10000.0
9939,10000.0
9940,10000.0
9941,10000.0
9942,10000.0
9943,10000.0
9944,10000.0
9945,10000.0
9946,10000.0
9947,10000.0
9948,10000.0
9949,10000.0
9950,10000.0
9951,10000.0
9952,10000.0
9953,10000.0
9954,10000.0
9955,10000.0
9956,10000.0
9957,10000.0
9958,10000.0
9959,10000.0
9960,10000.0
9961,10000.0
9962,10000.0
9963,10000.0
9964,10000.0
9965,10000.0
9966,10000.0
9967,10000.0
9968,10000.0
9969,10000.0
9970,10000.0
9971,10000.0
9972,10000.0
9973,10000.0
9974,10000.0
9975,10000.0
9976,10000.0
9977,10000.0
9978,10000.0
9979,10000.0
9980,10000.0
9981,10000.0
9982,10000.0
9983,10000.0
9984,10000.0
9985,10000.0
9986,10000.0
9987,10000.0
9988,10000.0
9989,10000.0
9990,10000.0
9991,10000.0
9992,10000.0
9993,10000.0
9994,10000.0
9995,10000.0
9996,10000.0
9997,10000.0
9998,10000.0
9999,10000.0
10000,10000.0
10001,10000.0
10002,10000.0
10003,10000.0
10004,10000.0
10005,10000.0
10006,10000.0
10007,10000.0
10008,10000.0
10009,10000.0
10010,10000.0
10011,10000.0
10012,10000.0
10013,10000.0
10014,10000.0
10015,10000.0
10016,10000.0
10017,10000.0
10018,10000.0
10019,10000.0
10020,10000.0
10021,10000.0
10022,10000.0
10023,10000.0
10024,10000.0
10025,10000.0
10026,10000.0
10027,10000.0
10028,10000.0
10029,10000.0
10030,10000.0
10031,10000.0
10032,10000.0
10033,10000.0
10034,10000.0
10035,10000.0
10036,10000.0
10037,10000.0
10038,10000.0
10039,10000.0
10040,10000.0
10041,10000.0
10042,10000.0
10043,10000.0
10044,10000.0
10045,10000.0
10046,10000.0
10047,10000.0
10048,10000.0
10049,10000.0
10050,10000.0
10051,10000.0
10052,10000.0
10053,10000.0
10054,10000.0
10055,10000.0
10056,10000.0
10057,10000.0
10058,10000.0
10059,10000.0
10060,10000.0
10061,10000.0
10062,10000.0
10063,10000.0
10064,10000.0
10065,10000.0
10066,10000.0
10067,10000.0
10068,10000.0
10069,10000.0
10070,10000.0
10071,10000.0
10072,10000.0
10073,10000.0
10074,10000.0
10075,10000.0
10076,10000.0
10077,10000.0
10078,10000.0
10079,10000.0
10080,10000.0
10081,10000.0
10082,10000.0
10083,10000.0
10084,10000.0
10085,10000.0
10086,10000.0
10087,10000.0
10088,10000.0
10089,10000.0
10090,10000.0
10091,10000.0
10092,10000.0
10093,10000.0
10094,10000.0
10095,10000.0
10096,10000.0
10097,10000.0
10098,10000.0
10099,10000.0
10100,10000.0
10101,10000.0
10102,10000.0
10103,10000.0
10104,10000.0
10105,10000.0
10106,10000.0
10107,10000.0
10108,10000.0
10109,10000.0
10110,10000.0
10111,10000.0
10112,10000.0
10113,10000.0
10114,10000.0
10115,10000.0
10116,10000.0
10117,10000.0
10118,10000.0
10119,10000.0
10120,10000.0
10121,10000.0
10122,10000.0
10123,10000.0
10124,10000.0
10125,10000.0
10126,10000.0
10127,10000.0
10128,10000.0
10129,10000.0
10130,10000.0
10131,10000.0
10132,10000.0
10133,10000.0
10134,10000.0
10135,10000.0
10136,10000.0
10137,10000.0
10138,10000.0
10139,10000.0
10140,10000.0
10141,10000.0
10142,10000.0
10143,10000.0
10144,10000.0
10145,10000.0
10146,10000.0
10147,10000.0
10148,10000.0
10149,10000.0
10150,10000.0
10151,10000.0
10152,10000.0
10153,10000.0
10154,10000.0
10155,10000.0
10156,10000.0
10157,10000.0
10158,10000.0
10159,10000.0
10160,10000.0
10161,10000.0
10162,10000.0
10163,10000.0
10164,10000.0
10165,10000.0
10166,10000.0
10167,10000.0
10168,10000.0
10169,10000.0
10170,10000.0
10171,10000.0
10172,10000.0
10173,10000.0
10174,10000.0
10175,10000.0
10176,10000.0
10177,10000.0
10178,10000.0
10179,10000.0
10180,10000.0
10181,10000.0
10182,10000.0
10183,10000.0
10184,10000.0
10185,10000.0
10186,10000.0
10187,10000.0
10188,10000.0
10189,10000.0
10190,10000.0
10191,10000.0
10192,10000.0
10193,10000.0
10194,10000.0
10195,10000.0
10196,10000.0
10197,10000.0
10198,10000.0
10199,10000.0
10200,10000.0
10201,10000.0
10202,10000.0
10203,10000.0
10204,10000.0
10205,10000.0
10206,10000.0
10207,10000.0
10208,10000.0
10209,10000.0
10210,10000.0
10211,10000.0
10212,10000.0
10213,10000.0
10214,10000.0
10215,10000.0
10216,10000.0
10217,10000.0
10218,10000.0
10219,10000.0
10220,10000.0
10221,10000.0
10222,10000.0
10223,10000.0
10224,10000.0
10225,10000.0
10226,10000.0
10227,10000.0
10228,10000.0
10229,10000.0
10230,10000.0
10231,10000.0
10232,10000.0
10233,10000.0
10234,10000.0
10235,10000.0
10236,10000.0
10237,10000.0
10238,10000.0
10239,10000.0
10240,10000.0
10241,10000.0
10242,10000.0
10243,10000.0
10244,10000.0
10245,10000.0
10246,10000.0
10247,10000.0
10248,10000.0
10249,10000.0
10250,10000.0
10251,10000.0
10252,10000.0
10253,10000.0
10254,10000.0
10255,10000.0
10256,10000.0
10257,10000.0
10258,10000.0
10259,10000.0
10260,10000.0
10261,10000.0
10262,10000.0
10263,10000.0
10264,10000.0
10265,10000.0
10266,10000.0
10267,10000.0
10268,10000.0
10269,10000.0
10270,10000.0
10271,10000.0
10272,10000.0
10273,10000.0
10274,10000.0
10275,10000.0
10276,10000.0
10277,10000.0
10278,10000.0
10279,10000.0
10280,10000.0
10281,10000.0
10282,10000.0
10283,10000.0
10284,10000.0
10285,10000.0
10286,10000.0
10287,10000.0
10288,10000.0
10289,10000.0
10290,10000.0
10291,10000.0
10292,10000.0
10293,10000.0
10294,10000.0
10295,10000.0
10296,10000.0
10297,10000.0
10298,10000.0
10299,10000.0
10300,10000.0
10301,10000.0
10302,10000.0
10303,10000.0
10304,10000.0
10305,10000.0
10306,10000.0
10307,10000.0
10308,10000.0
10309,10000.0
10310,10000.0
10311,10000.0
10312,10000.0
10313,10000.0
10314,10000.0
10315,10000.0
10316,10000.0
10317,10000.0
10318,10000.0
10319,10000.0
10320,10000.0
10321,10000.0
10322,10000.0
10323,10000.0
10324,10000.0
10325,10000.0
10326,10000.0
10327,10000.0
10328,10000.0
10329,10000.0
10330,10000.0
10331,10000.0
10332,10000.0
10333,10000.0
10334,10000.0
10335,10000.0
10336,10000.0
10337,10000.0
10338,10000.0
10339,10000.0
10340,10000.0
10341,10000.0
10342,10000.0
10343,10000.0
10344,10000.0
10345,10000.0
10346,10000.0
10347,10000.0
10348,10000.0
10349,10000.0
10350,10000.0
10351,10000.0
10352,10000.0
10353,10000.0
10354,10000.0
10355,10000.0
10356,10000.0
10357,10000.0
10358,10000.0
10359,10000.0
10360,10000.0
10361,10000.0
10362,10000.0
10363,10000.0
10364,10000.0
10365,10000.0
10366,10000.0
10367,10000.0
10368,10000.0
10369,10000.0
10370,10000.0
10371,10000.0
10372,10000.0
10373,10000.0
10374,10000.0
10375,10000.0
10376,10000.0
10377,10000.0
10378,10000.0
10379,10000.0
10380,10000.0
10381,10000.0
10382,10000.0
10383,10000.0
10384,10000.0
10385,10000.0
10386,10000.0
10387,10000.0
10388,10000.0
10389,10000.0
10390,10000.0
10391,10000.0
10392,10000.0
10393,10000.0
10394,10000.0
10395,10000.0
10396,10000.0
10397,10000.0
10398,10000.0
10399,10000.0
10400,10000.0
10401,10000.0
10402,10000.0
10403,10000.0
10404,10000.0
10405,10000.0
10406,10000.0
10407,10000.0
10408,10000.0
10409,10000.0
10410,10000.0
10411,10000.0
10412,10000.0
10413,10000.0
10414,10000.0
10415,10000.0
10416,10000.0
10417,10000.0
10418,10000.0
10419,10000.0
10420,10000.0
10421,10000.0
10422,10000.0
10423,10000.0
10424,10000.0
10425,10000.0
10426,10000.0
10427,10000.0
10428,10000.0
10429,10000.0
10430,10000.0
10431,10000.0
10432,10000.0
10433,10000.0
10434,10000.0
10435,10000.0
10436,10000.0
10437,10000.0
10438,10000.0
10439,10000.0
10440,10000.0
10441,10000.0
10442,10000.0
10443,10000.0
10444,10000.0
10445,10000.0
10446,10000.0
10447,10000.0
10448,10000.0
10449,10000.0
10450,10000.0
10451,10000.0
10452,10000.0
10453,10000.0
10454,10000.0
10455,10000.0
10456,10000.0
10457,10000.0
10458,10000.0
10459,10000.0
10460,10000.0
10461,10000.0
10462,10000.0
10463,10000.0
10464,10000.0
10465,10000.0
10466,10000.0
10467,10000.0
10468,10000.0
10469,10000.0
10470,10000.0
10471,10000.0
10472,10000.0
10473,10000.0
10474,10000.0
10475,10000.0
10476,10000.0
10477,10000.0
10478,10000.0
10479,10000.0
10480,10000.0
10481,10000.0
10482,10000.0
10483,10000.0
10484,10000.0
10485,10000.0
10486,10000.0
10487,10000.0
10488,10000.0
10489,10000.0
10490,10000.0
10491,10000.0
10492,10000.0
10493,10000.0
10494,10000.0
10495,10000.0
10496,10000.0
10497,10000.0
10498,10000.0
10499,10000.0
10500,10000.0
10501,10000.0
10502,10000.0
10503,10000.0
10504,10000.0
10505,10000.0
10506,10000.0
10507,10000.0
10508,10000.0
10509,10000.0
10510,10000.0
10511,10000.0
10512,10000.0
10513,10000.0
10514,10000.0
10515,10000.0
10516,10000.0
10517,10000.0
10518,10000.0
10519,10000.0
10520,10000.0
10521,10000.0
10522,10000.0
10523,10000.0
10524,10000.0
10525,10000.0
10526,10000.0
10527,10000.0
10528,10000.0
10529,10000.0
10530,10000.0
10531,10000.0
10532,10000.0
10533,10000.0
10534,10000.0
10535,10000.0
10536,10000.0
10537,10000.0
10538,10000.0
10539,10000.0
10540,10000.0
10541,10000.0
10542,10000.0
10543,10000.0
10544,10000.0
10545,10000.0
10546,10000.0
10547,10000.0
10548,10000.0
10549,10000.0
10550,10000.0
10551,10000.0
10552,10000.0
10553,10000.0
10554,10000.0
10555,10000.0
10556,10000.0
10557,10000.0
10558,10000.0
10559,10000.0
10560,10000.0
10561,10000.0
10562,10000.0
10563,10000.0
10564,10000.0
10565,10000.0
10566,10000.0
10567,10000.0
10568,10000.0
10569,10000.0
10570,10000.0
10571,10000.0
10572,10000.0
10573,10000.0
10574,10000.0
10575,10000.0
10576,10000.0
10577,10000.0
10578,10000.0
10579,10000.0
10580,10000.0
10581,10000.0
10582,10000.0
10583,10000.0
10584,10000.0
10585,10000.0
10586,10000.0
10587,10000.0
10588,10000.0
10589,10000.0
10590,10000.0
10591,10000.0
10592,10000.0
10593,10000.0
10594,10000.0
10595,10000.0
10596,10000.0
10597,10000.0
10598,10000.0
10599,10000.0
10600,10000.0
10601,10000.0
10602,10000.0
10603,10000.0
10604,10000.0
10605,10000.0
10606,10000.0
10607,10000.0
10608,10000.0
10609,10000.0
10610,10000.0
10611,10000.0
10612,10000.0
10613,10000.0
10614,10000.0
10615,10000.0
10616,10000.0
10617,10000.0
10618,10000.0
10619,10000.0
10620,10000.0
10621,10000.0
10622,10000.0
10623,10000.0
10624,10000.0
10625,10000.0
10626,10000.0
10627,10000.0
10628,10000.0
10629,10000.0
10630,10000.0
10631,10000.0
10632,10000.0
10633,10000.0
10634,10000.0
10635,10000.0
10636,10000.0
10637,10000.0
10638,10000.0
10639,10000.0
10640,10000.0
10641,10000.0
10642,10000.0
10643,10000.0
10644,10000.0
10645,10000.0
10646,10000.0
10647,10000.0
10648,10000.0
10649,10000.0
10650,10000.0
10651,10000.0
10652,10000.0
10653,10000.0
10654,10000.0
10655,10000.0
10656,10000.0
10657,10000.0
10658,10000.0
10659,10000.0
10660,10000.0
10661,10000.0
10662,10000.0
10663,10000.0
10664,10000.0
10665,10000.0
10666,10000.0
10667,10000.0
10668,10000.0
10669,10000.0
10670,10000.0
10671,10000.0
10672,10000.0
10673,10000.0
10674,10000.0
10675,10000.0
10676,10000.0
10677,10000.0
10678,10000.0
10679,10000.0
10680,10000.0
10681,10000.0
10682,10000.0
10683,10000.0
10684,10000.0
10685,10000.0
10686,10000.0
10687,10000.0
10688,10000.0
10689,10000.0
10690,10000.0
10691,10000.0
10692,10000.0
10693,10000.0
10694,10000.0
10695,10000.0
10696,10000.0
10697,10000.0
10698,10000.0
10699,10000.0
10700,10000.0
10701,10000.0
10702,10000.0
10703,10000.0
10704,10000.0
10705,10000.0
10706,10000.0
10707,10000.0
10708,10000.0
10709,10000.0
10710,10000.0
10711,10000.0
10712,10000.0
10713,10000.0
10714,10000.0
10715,10000.0
10716,10000.0
10717,10000.0
10718,10000.0
10719,10000.0
10720,10000.0
10721,10000.0
10722,10000.0
10723,10000.0
10724,10000.0
10725,10000.0
10726,10000.0
10727,10000.0
10728,10000.0
10729,10000.0
10730,10000.0
10731,10000.0
10732,10000.0
10733,10000.0
10734,10000.0
10735,10000.0
10736,10000.0
10737,10000.0
10738,10000.0
10739,10000.0
10740,10000.0
10741,10000.0
10742,10000.0
10743,10000.0
10744,10000.0
10745,10000.0
10746,10000.0
10747,10000.0
10748,10000.0
10749,10000.0
10750,10000.0
10751,10000.0
10752,10000.0
10753,10000.0
10754,10000.0
10755,10000.0
10756,10000.0
10757,10000.0
10758,10000.0
10759,10000.0
10760,10000.0
10761,10000.0
10762,10000.0
10763,10000.0
10764,10000.0
10765,10000.0
10766,10000.0
10767,10000.0
10768,10000.0
10769,10000.0
10770,10000.0
10771,10000.0
10772,10000.0
10773,10000.0
10774,10000.0
10775,10000.0
10776,10000.0
10777,10000.0
10778,10000.0
10779,10000.0
10780,10000.0
10781,10000.0
10782,10000.0
10783,10000.0
10784,10000.0
10785,10000.0
10786,10000.0
10787,10000.0
10788,10000.0
10789,10000.0
10790,10000.0
10791,10000.0
10792,10000.0
10793,10000.0
10794,10000.0
10795,10000.0
10796,10000.0
10797,10000.0
10798,10000.0
10799,10000.0
10800,10000.0
0,0.1515
1,0.1515
2,0.14855555555555555
3,0.1456111111111111
4,0.14266666666666666
5,0.13972222222222222
6,0.13677777777777778
7,0.13383333333333333
8,0.1308888888888889
9,0.12794444444444444
10,0.125
11,0.125
12,0.12475
13,0.1245
14,0.12425
15,0.124
16,0.124
17,0.124
18,0.124
19,0.124
20,0.124
21,0.124
22,0.124
23,0.124
24,0.124
25,0.124
26,0.124
27,0.124
28,0.124
29,0.124
30,0.124
31,0.124
32,0.124
33,0.124
34,0.124
35,0.124
36,0.124
37,0.124
38,0.124
39,0.124
40,0.124
41,0.124
42,0.124
43,0.124
44,0.124
45,0.124
46,0.124
47,0.124
48,0.124
49,0.124
50,0.124
51,0.124
52,0.124
53,0.124
54,0.124
55,0.124
56,0.124
57,0.124
58,0.124
59,0.124
60,0.124
61,0.124
62,0.124
63,0.124
64,0.124
65,0.124
66,0.124
67,0.124
68,0.124
69,0.124
70,0.124
71,0.124
72,0.124
73,0.124
74,0.124
75,0.124
76,0.124
77,0.124
78,0.124
79,0.124
80,0.124
81,0.124
82,0.124
83,0.124
84,0.124
85,0.124
86,0.124
87,0.124
88,0.124
89,0.124
90,0.124
91,0.124
92,0.124
93,0.124
94,0.124
95,0.124
96,0.124
97,0.124
98,0.124
99,0.124
100,0.124
101,0.124
102,0.124
103,0.124
104,0.124
105,0.124
106,0.124
107,0.124
108,0.124
109,0.124
110,0.124
111,0.124
112,0.124
113,0.124
114,0.124
115,0.124
116,0.124
117,0.124
118,0.124
119,0.124
120,0.124
121,0.124
122,0.124
123,0.124
124,0.124
125,0.124
126,0.124
127,0.124
128,0.124
129,0.124
130,0.124
131,0.124
132,0.124
133,0.124
134,0.124
135,0.124
136,0.124
137,0.124
138,0.124
139,0.124
140,0.124
141,0.124
142,0.124
143,0.124
144,0.124
145,0.124
146,0.124
147,0.124
148,0.124
149,0.124
150,0.124
151,0.124
152,0.124
153,0.124
154,0.124
155,0.124
156,0.124
157,0.124
158,0.124
159,0.124
160,0.124
161,0.124
162,0.124
163,0.124
164,0.124
165,0.124
166,0.124
167,0.124
168,0.124
169,0.124
170,0.124
171,0.124
172,0.124
173,0.124
174,0.124
175,0.124
176,0.124
177,0.124
178,0.124
179,0.124
180,0.124
181,0.124
182,0.124
183,0.124
184,0.124
185,0.124
186,0.124
187,0.124
188,0.124
189,0.124
190,0.124
191,0.124
192,0.124
193,0.124
194,0.124
195,0.124
196,0.124
197,0.124
198,0.124
199,0.124
200,0.124
201,0.124
202,0.124
203,0.124
204,0.124
205,0.124
206,0.124
207,0.124
208,0.124
209,0.124
210,0.124
211,0.124
212,0.124
213,0.124
214,0.124
215,0.124
216,0.124
217,0.124
218,0.124
219,0.124
220,0.124
221,0.124
222,0.124
223,0.124
224,0.124
225,0.124
226,0.124
227,0.124
228,0.124
229,0.124
230,0.124
231,0.124
232,0.124
233,0.124
234,0.124
235,0.124
236,0.124
237,0.124
238,0.124
239,0.124
240,0.124
241,0.124
242,0.124
243,0.124
244,0.124
245,0.124
246,0.124
247,0.124
248,0.124
249,0.124
250,0.124
251,0.124
252,0.124
253,0.124
254,0.124
255,0.124
256,0.124
257,0.124
258,0.124
259,0.124
260,0.124
261,0.124
262,0.124
263,0.124
264,0.124
265,0.124
266,0.124
267,0.124
268,0.124
269,0.124
270,0.124
271,0.124
272,0.124
273,0.124
274,0.124
275,0.124
276,0.124
277,0.124
278,0.124
279,0.124
280,0.124
281,0.124
282,0.124
283,0.124
284,0.124
285,0.124
286,0.124
287,0.124
288,0.124
289,0.124
290,0.124
291,0.124
292,0.124
293,0.124
294,0.124
295,0.124
296,0.124
297,0.124
298,0.124
299,0.124
300,0.124
301,0.124
302,0.124
303,0.124
304,0.124
305,0.124
306,0.124
307,0.124
308,0.124
309,0.124
310,0.124
311,0.124
312,0.124
313,0.124
314,0.124
315,0.124
316,0.124
317,0.124
318,0.124
319,0.124
320,0.124
321,0.124
322,0.124
323,0.124
324,0.124
325,0.124
326,0.124
327,0.124
328,0.124
329,0.124
330,0.124
331,0.124
332,0.124
333,0.124
334,0.124
335,0.124
336,0.124
337,0.124
338,0.124
339,0.124
340,0.124
341,0.124
342,0.124
343,0.124
344,0.124
345,0.124
346,0.124
347,0.124
348,0.124
349,0.124
350,0.124
351,0.124
352,0.124
353,0.124
354,0.124
355,0.124
356,0.124
357,0.124
358,0.124
359,0.124
360,0.124
361,0.124
362,0.124
363,0.124
364,0.124
365,0.124
366,0.124
367,0.124
368,0.124
369,0.124
370,0.124
371,0.124
372,0.124
373,0.124
374,0.124
375,0.124
376,0.124
377,0.124
378,0.124
379,0.124
380,0.124
381,0.124
382,0.124
383,0.124
384,0.124
385,0.124
386,0.124
387,0.124
388,0.124
389,0.124
390,0.124
391,0.124
392,0.124
393,0.124
394,0.124
395,0.124
396,0.124
397,0.124
398,0.124
399,0.124
400,0.124
401,0.124
402,0.124
403,0.124
404,0.124
405,0.124
406,0.124
407,0.124
408,0.124
409,0.124
410,0.124
411,0.124
412,0.124
413,0.124
414,0.124
415,0.124
416,0.124
417,0.124
418,0.124
419,0.124
420,0.124
421,0.124
422,0.124
423,0.124
424,0.124
425,0.124
426,0.124
427,0.124
428,0.124
429,0.124
430,0.124
431,0.124
432,0.124
433,0.124
434,0.124
435,0.124
436,0.124
437,0.124
438,0.124
439,0.124
440,0.124
441,0.124
442,0.124
443,0.124
444,0.124
445,0.124
446,0.124
447,0.124
448,0.124
449,0.124
450,0.124
451,0.124
452,0.124
453,0.124
454,0.124
455,0.124
456,0.124
457,0.124
458,0.124
459,0.124
460,0.124
461,0.124
462,0.124
463,0.124
464,0.124
465,0.124
466,0.124
467,0.124
468,0.124
469,0.124
470,0.124
471,0.124
472,0.124
473,0.124
474,0.124
475,0.124
476,0.1239
477,0.1238
478,0.1237
479,0.1236
480,0.1235
481,0.12347368421052632
482,0.12344736842105263
483,0.12342105263157895
484,0.12339473684210527
485,0.12336842105263159
486,0.12334210526315789
487,0.12331578947368421
488,0.12328947368421053
489,0.12326315789473685
490,0.12323684210526316
491,0.12321052631578948
492,0.1231842105263158
493,0.12315789473684212
494,0.12313157894736843
495,0.12310526315789475
496,0.12307894736842107
497,0.12305263157894739
498,0.12302631578947369
499,0.12300000000000001
500,0.12300000000000001
501,0.12300000000000001
502,0.12300000000000001
503,0.12300000000000001
504,0.12300000000000001
505,0.12300000000000001
506,0.12300000000000001
507,0.12300000000000001
508,0.12300000000000001
509,0.12300000000000001
510,0.12300000000000001
511,0.12300000000000001
512,0.12300000000000001
513,0.12300000000000001
514,0.12300000000000001
515,0.12300000000000001
516,0.12300000000000001
517,0.12300000000000001
518,0.12300000000000001
519,0.12300000000000001
520,0.12300000000000001
521,0.12300000000000001
522,0.12300000000000001
523,0.12300000000000001
524,0.12300000000000001
525,0.12300000000000001
526,0.12300000000000001
527,0.12300000000000001
528,0.12300000000000001
529,0.12300000000000001
530,0.12300000000000001
531,0.12300000000000001
532,0.12300000000000001
533,0.12300000000000001
534,0.12300000000000001
535,0.12300000000000001
536,0.12300000000000001
537,0.12300000000000001
538,0.12300000000000001
539,0.12300000000000001
540,0.12300000000000001
541,0.12300000000000001
542,0.12300000000000001
543,0.12300000000000001
544,0.12300000000000001
545,0.12300000000000001
546,0.12300000000000001
547,0.12300000000000001
548,0.12300000000000001
549,0.12300000000000001
550,0.12300000000000001
551,0.12300000000000001
552,0.12300000000000001
553,0.12300000000000001
554,0.12300000000000001
555,0.12300000000000001
556,0.12300000000000001
557,0.12300000000000001
558,0.12300000000000001
559,0.12300000000000001
560,0.12300000000000001
561,0.12300000000000001
562,0.12300000000000001
563,0.12300000000000001
564,0.12300000000000001
565,0.12300000000000001
566,0.12300000000000001
567,0.12300000000000001
568,0.12300000000000001
569,0.12300000000000001
570,0.12300000000000001
571,0.12300000000000001
572,0.12300000000000001
573,0.12300000000000001
574,0.12300000000000001
575,0.12300000000000001
576,0.12300000000000001
577,0.12300000000000001
578,0.12300000000000001
579,0.12300000000000001
580,0.12300000000000001
581,0.12300000000000001
582,0.12300000000000001
583,0.12300000000000001
584,0.12300000000000001
585,0.12300000000000001
586,0.12300000000000001
587,0.12300000000000001
588,0.12300000000000001
589,0.12300000000000001
590,0.12300000000000001
591,0.12300000000000001
592,0.12300000000000001
593,0.12300000000000001
594,0.12300000000000001
595,0.12300000000000001
596,0.12300000000000001
597,0.12300000000000001
598,0.12300000000000001
599,0.12300000000000001
600,0.12300000000000001
601,0.12300000000000001
602,0.12300000000000001
603,0.12300000000000001
604,0.12300000000000001
605,0.12300000000000001
606,0.12300000000000001
607,0.12300000000000001
608,0.12300000000000001
609,0.12300000000000001
610,0.12300000000000001
611,0.12300000000000001
612,0.12300000000000001
613,0.12300000000000001
614,0.12300000000000001
615,0.12300000000000001
616,0.12300000000000001
617,0.12300000000000001
618,0.12300000000000001
619,0.12300000000000001
620,0.12300000000000001
621,0.12300000000000001
622,0.12300000000000001
623,0.12300000000000001
624,0.12300000000000001
625,0.12300000000000001
626,0.12300000000000001
627,0.12300000000000001
628,0.12300000000000001
629,0.12300000000000001
630,0.12300000000000001
631,0.12300000000000001
632,0.12300000000000001
633,0.12300000000000001
634,0.12300000000000001
635,0.12300000000000001
636,0.12300000000000001
637,0.12300000000000001
638,0.12300000000000001
639,0.12300000000000001
640,0.12300000000000001
641,0.12300000000000001
642,0.12300000000000001
643,0.12300000000000001
644,0.12300000000000001
645,0.12300000000000001
646,0.12300000000000001
647,0.12300000000000001
648,0.12300000000000001
649,0.12300000000000001
650,0.12300000000000001
651,0.12300000000000001
652,0.12300000000000001
653,0.12300000000000001
654,0.12300000000000001
655,0.12300000000000001
656,0.12300000000000001
657,0.12300000000000001
658,0.12300000000000001
659,0.12300000000000001
660,0.12300000000000001
661,0.12300000000000001
662,0.12300000000000001
663,0.12300000000000001
664,0.12300000000000001
665,0.12300000000000001
666,0.12300000000000001
667,0.12300000000000001
668,0.12300000000000001
669,0.12300000000000001
670,0.12300000000000001
671,0.12300000000000001
672,0.12300000000000001
673,0.12300000000000001
674,0.12300000000000001
675,0.12300000000000001
676,0.12300000000000001
677,0.12300000000000001
678,0.12300000000000001
679,0.12300000000000001
680,0.12300000000000001
681,0.12300000000000001
682,0.12300000000000001
683,0.12300000000000001
684,0.12300000000000001
685,0.12300000000000001
686,0.12300000000000001
687,0.12300000000000001
688,0.12300000000000001
689,0.12300000000000001
690,0.12300000000000001
691,0.12300000000000001
692,0.12300000000000001
693,0.12300000000000001
694,0.12300000000000001
695,0.12300000000000001
696,0.12300000000000001
697,0.12300000000000001
698,0.12300000000000001
699,0.12300000000000001
700,0.12300000000000001
701,0.12300000000000001
702,0.12300000000000001
703,0.12300000000000001
704,0.12300000000000001
705,0.12300000000000001
706,0.12300000000000001
707,0.12300000000000001
708,0.12300000000000001
709,0.12300000000000001
710,0.12300000000000001
711,0.12300000000000001
712,0.12300000000000001
713,0.12300000000000001
714,0.12300000000000001
715,0.12300000000000001
716,0.12300000000000001
717,0.12300000000000001
718,0.12300000000000001
719,0.12300000000000001
720,0.12300000000000001
721,0.12300000000000001
722,0.12300000000000001
723,0.12300000000000001
724,0.12300000000000001
725,0.12300000000000001
726,0.12300000000000001
727,0.12300000000000001
728,0.12300000000000001
729,0.12300000000000001
730,0.12300000000000001
731,0.12300000000000001
732,0.12300000000000001
733,0.12300000000000001
734,0.12300000000000001
735,0.12300000000000001
736,0.12300000000000001
737,0.12300000000000001
738,0.12300000000000001
739,0.12300000000000001
740,0.12300000000000001
741,0.12300000000000001
742,0.12300000000000001
743,0.12300000000000001
744,0.12300000000000001
745,0.12300000000000001
746,0.12300000000000001
747,0.12300000000000001
748,0.12300000000000001
749,0.12300000000000001
750,0.12300000000000001
751,0.12300000000000001
752,0.12300000000000001
753,0.12300000000000001
754,0.12300000000000001
755,0.12300000000000001
756,0.12300000000000001
757,0.12300000000000001
758,0.12300000000000001
759,0.12300000000000001
760,0.12300000000000001
761,0.12300000000000001
762,0.12300000000000001
763,0.12300000000000001
764,0.12300000000000001
765,0.12300000000000001
766,0.12300000000000001
767,0.12300000000000001
768,0.12300000000000001
769,0.12300000000000001
770,0.12300000000000001
771,0.12300000000000001
772,0.12300000000000001
773,0.12300000000000001
774,0.12300000000000001
775,0.12300000000000001
776,0.12300000000000001
777,0.12300000000000001
778,0.12300000000000001
779,0.12300000000000001
780,0.12300000000000001
781,0.12300000000000001
782,0.12300000000000001
783,0.12300000000000001
784,0.12300000000000001
785,0.12300000000000001
786,0.12300000000000001
787,0.12300000000000001
788,0.12300000000000001
789,0.12300000000000001
790,0.12300000000000001
791,0.12300000000000001
792,0.12300000000000001
793,0.12300000000000001
794,0.12300000000000001
795,0.12300000000000001
796,0.12300000000000001
797,0.12300000000000001
798,0.12300000000000001
799,0.12300000000000001
800,0.12300000000000001
801,0.12300000000000001
802,0.12300000000000001
803,0.12300000000000001
804,0.12300000000000001
805,0.12300000000000001
806,0.12300000000000001
807,0.12300000000000001
808,0.12300000000000001
809,0.12300000000000001
810,0.12300000000000001
811,0.12300000000000001
812,0.12300000000000001
813,0.12300000000000001
814,0.12300000000000001
815,0.12300000000000001
816,0.12300000000000001
817,0.12300000000000001
818,0.12300000000000001
819,0.12300000000000001
820,0.12300000000000001
821,0.12300000000000001
822,0.12300000000000001
823,0.12300000000000001
824,0.12300000000000001
825,0.12300000000000001
826,0.12300000000000001
827,0.12300000000000001
828,0.12300000000000001
829,0.12300000000000001
830,0.12300000000000001
831,0.12300000000000001
832,0.12300000000000001
833,0.12300000000000001
834,0.12300000000000001
835,0.12300000000000001
836,0.12300000000000001
837,0.12300000000000001
838,0.12300000000000001
839,0.12300000000000001
840,0.12300000000000001
841,0.12300000000000001
842,0.12300000000000001
843,0.12300000000000001
844,0.12300000000000001
845,0.12300000000000001
846,0.12300000000000001
847,0.12300000000000001
848,0.12300000000000001
849,0.12300000000000001
850,0.12300000000000001
851,0.12300000000000001
852,0.12300000000000001
853,0.12300000000000001
854,0.12300000000000001
855,0.12300000000000001
856,0.12300000000000001
857,0.12300000000000001
858,0.12300000000000001
859,0.12300000000000001
860,0.12300000000000001
861,0.12300000000000001
862,0.12300000000000001
863,0.12300000000000001
864,0.12300000000000001
865,0.12300000000000001
866,0.12300000000000001
867,0.12300000000000001
868,0.12300000000000001
869,0.12300000000000001
870,0.12300000000000001
871,0.12300000000000001
872,0.12300000000000001
873,0.12300000000000001
874,0.12300000000000001
875,0.12300000000000001
876,0.12300000000000001
877,0.12300000000000001
878,0.12300000000000001
879,0.12300000000000001
880,0.12300000000000001
881,0.12300000000000001
882,0.12300000000000001
883,0.12300000000000001
884,0.12300000000000001
885,0.12300000000000001
886,0.12300000000000001
887,0.12300000000000001
888,0.12300000000000001
889,0.12300000000000001
890,0.12300000000000001
891,0.12300000000000001
892,0.12300000000000001
893,0.12300000000000001
894,0.12300000000000001
895,0.12300000000000001
896,0.12300000000000001
897,0.12300000000000001
898,0.12300000000000001
899,0.12300000000000001
900,0.12300000000000001
901,0.12300000000000001
902,0.12300000000000001
903,0.12300000000000001
904,0.12300000000000001
905,0.12300000000000001
906,0.12300000000000001
907,0.12300000000000001
908,0.12300000000000001
909,0.12300000000000001
910,0.12300000000000001
911,0.12300000000000001
912,0.12300000000000001
913,0.12300000000000001
914,0.12300000000000001
915,0.12300000000000001
916,0.12300000000000001
917,0.12300000000000001
918,0.12300000000000001
919,0.12300000000000001
920,0.12300000000000001
921,0.12300000000000001
922,0.12300000000000001
923,0.12300000000000001
924,0.12300000000000001
925,0.12300000000000001
926,0.12300000000000001
927,0.12300000000000001
928,0.12300000000000001
929,0.12300000000000001
930,0.12300000000000001
931,0.12300000000000001
932,0.12300000000000001
933,0.12300000000000001
934,0.12300000000000001
935,0.12300000000000001
936,0.12300000000000001
937,0.12300000000000001
938,0.12300000000000001
939,0.12300000000000001
940,0.12300000000000001
941,0.12300000000000001
942,0.12300000000000001
943,0.12300000000000001
944,0.12300000000000001
945,0.12300000000000001
946,0.12300000000000001
947,0.12300000000000001
948,0.12300000000000001
949,0.12300000000000001
950,0.12300000000000001
951,0.12300000000000001
952,0.12300000000000001
953,0.12300000000000001
954,0.12300000000000001
955,0.12300000000000001
956,0.12300000000000001
957,0.12300000000000001
958,0.12300000000000001
959,0.12300000000000001
960,0.12300000000000001
961,0.12300000000000001
962,0.12300000000000001
963,0.12300000000000001
964,0.12300000000000001
965,0.12300000000000001
966,0.12300000000000001
967,0.12300000000000001
968,0.12300000000000001
969,0.12300000000000001
970,0.12300000000000001
971,0.12300000000000001
972,0.12300000000000001
973,0.12300000000000001
974,0.12300000000000001
975,0.12300000000000001
976,0.12300000000000001
977,0.12300000000000001
978,0.12300000000000001
979,0.12300000000000001
980,0.12300000000000001
981,0.12300000000000001
982,0.12300000000000001
983,0.12300000000000001
984,0.12300000000000001
985,0.12300000000000001
986,0.12300000000000001
987,0.12300000000000001
988,0.12300000000000001
989,0.12300000000000001
990,0.12300000000000001
991,0.12300000000000001
992,0.12300000000000001
993,0.12300000000000001
994,0.12300000000000001
995,0.12300000000000001
996,0.12300000000000001
997,0.12300000000000001
998,0.12300000000000001
999,0.12300000000000001
1000,0.12300000000000001
1001,0.12300000000000001
1002,0.12300000000000001
1003,0.12300000000000001
1004,0.12300000000000001
1005,0.12300000000000001
1006,0.12300000000000001
1007,0.12300000000000001
1008,0.12300000000000001
1009,0.12300000000000001
1010,0.12300000000000001
1011,0.12300000000000001
1012,0.12300000000000001
1013,0.12300000000000001
1014,0.12300000000000001
1015,0.12300000000000001
1016,0.12300000000000001
1017,0.12300000000000001
1018,0.12300000000000001
1019,0.12300000000000001
1020,0.12300000000000001
1021,0.12300000000000001
1022,0.12300000000000001
1023,0.12300000000000001
1024,0.12300000000000001
1025,0.12300000000000001
1026,0.12300000000000001
1027,0.12300000000000001
1028,0.12300000000000001
1029,0.12300000000000001
1030,0.12300000000000001
1031,0.12300000000000001
1032,0.12300000000000001
1033,0.12300000000000001
1034,0.12300000000000001
1035,0.12300000000000001
1036,0.12300000000000001
1037,0.12300000000000001
1038,0.12300000000000001
1039,0.12300000000000001
1040,0.12300000000000001
1041,0.12300000000000001
1042,0.12300000000000001
1043,0.12300000000000001
1044,0.12300000000000001
1045,0.12300000000000001
1046,0.12300000000000001
1047,0.12300000000000001
1048,0.12300000000000001
1049,0.12300000000000001
1050,0.12300000000000001
1051,0.12300000000000001
1052,0.12300000000000001
1053,0.12300000000000001
1054,0.12300000000000001
1055,0.12300000000000001
1056,0.12300000000000001
1057,0.12300000000000001
1058,0.12300000000000001
1059,0.12300000000000001
1060,0.12300000000000001
1061,0.12300000000000001
1062,0.12300000000000001
1063,0.12300000000000001
1064,0.12300000000000001
1065,0.12300000000000001
1066,0.12300000000000001
1067,0.12300000000000001
1068,0.12300000000000001
1069,0.12300000000000001
1070,0.12300000000000001
1071,0.12300000000000001
1072,0.12300000000000001
1073,0.12300000000000001
1074,0.12300000000000001
1075,0.12300000000000001
1076,0.12300000000000001
1077,0.12300000000000001
1078,0.12300000000000001
1079,0.12300000000000001
1080,0.12300000000000001
1081,0.12300000000000001
1082,0.12300000000000001
1083,0.12300000000000001
1084,0.12300000000000001
1085,0.12300000000000001
1086,0.12300000000000001
1087,0.12300000000000001
1088,0.12300000000000001
1089,0.12300000000000001
1090,0.12300000000000001
1091,0.12300000000000001
1092,0.12300000000000001
1093,0.12300000000000001
1094,0.12300000000000001
1095,0.12300000000000001
1096,0.12300000000000001
1097,0.12300000000000001
1098,0.12300000000000001
1099,0.12300000000000001
1100,0.12300000000000001
1101,0.12300000000000001
1102,0.12300000000000001
1103,0.12300000000000001
1104,0.12300000000000001
1105,0.12300000000000001
1106,0.12300000000000001
1107,0.12300000000000001
1108,0.12300000000000001
1109,0.12300000000000001
1110,0.12300000000000001
1111,0.12300000000000001
1112,0.12300000000000001
1113,0.12300000000000001
1114,0.12300000000000001
1115,0.12300000000000001
1116,0.12300000000000001
1117,0.12300000000000001
1118,0.12300000000000001
1119,0.12300000000000001
1120,0.12300000000000001
1121,0.12300000000000001
1122,0.12300000000000001
1123,0.12300000000000001
1124,0.12300000000000001
1125,0.12300000000000001
1126,0.12300000000000001
1127,0.12300000000000001
1128,0.12300000000000001
1129,0.12300000000000001
1130,0.12300000000000001
1131,0.12300000000000001
1132,0.12300000000000001
1133,0.12300000000000001
1134,0.12300000000000001
1135,0.12300000000000001
1136,0.12300000000000001
1137,0.12300000000000001
1138,0.12300000000000001
1139,0.12300000000000001
1140,0.12300000000000001
1141,0.12300000000000001
1142,0.12300000000000001
1143,0.12300000000000001
1144,0.12300000000000001
1145,0.12300000000000001
1146,0.12300000000000001
1147,0.12300000000000001
1148,0.12300000000000001
1149,0.12300000000000001
1150,0.12300000000000001
1151,0.12300000000000001
1152,0.12300000000000001
1153,0.12300000000000001
1154,0.12300000000000001
1155,0.12300000000000001
1156,0.12300000000000001
1157,0.12300000000000001
1158,0.12300000000000001
1159,0.12300000000000001
1160,0.12300000000000001
1161,0.12300000000000001
1162,0.12300000000000001
1163,0.12300000000000001
1164,0.12300000000000001
1165,0.12300000000000001
1166,0.12300000000000001
1167,0.12300000000000001
1168,0.12300000000000001
1169,0.12300000000000001
1170,0.12300000000000001
1171,0.12300000000000001
1172,0.12300000000000001
1173,0.12300000000000001
1174,0.12300000000000001
1175,0.12300000000000001
1176,0.12300000000000001
1177,0.12300000000000001
1178,0.12300000000000001
1179,0.12300000000000001
1180,0.12300000000000001
1181,0.12300000000000001
1182,0.12300000000000001
1183,0.12300000000000001
1184,0.12300000000000001
1185,0.12300000000000001
1186,0.12300000000000001
1187,0.12300000000000001
1188,0.12300000000000001
1189,0.12300000000000001
1190,0.12300000000000001
1191,0.12300000000000001
1192,0.12300000000000001
1193,0.12300000000000001
1194,0.12300000000000001
1195,0.12300000000000001
1196,0.12300000000000001
1197,0.12300000000000001
1198,0.12300000000000001
1199,0.12300000000000001
1200,0.12300000000000001
1201,0.12300000000000001
1202,0.12300000000000001
1203,0.12300000000000001
1204,0.12300000000000001
1205,0.12300000000000001
1206,0.12300000000000001
1207,0.12300000000000001
1208,0.12300000000000001
1209,0.12300000000000001
1210,0.12300000000000001
1211,0.12300000000000001
1212,0.12300000000000001
1213,0.12300000000000001
1214,0.12300000000000001
1215,0.12300000000000001
1216,0.12300000000000001
1217,0.12300000000000001
1218,0.12300000000000001
1219,0.12300000000000001
1220,0.12300000000000001
1221,0.12300000000000001
1222,0.12300000000000001
1223,0.12300000000000001
1224,0.12300000000000001
1225,0.12300000000000001
1226,0.12300000000000001
1227,0.12300000000000001
1228,0.12300000000000001
1229,0.12300000000000001
1230,0.12300000000000001
1231,0.12300000000000001
1232,0.12300000000000001
1233,0.12300000000000001
1234,0.12300000000000001
1235,0.12300000000000001
1236,0.12300000000000001
1237,0.12300000000000001
1238,0.12300000000000001
1239,0.12300000000000001
1240,0.12300000000000001
1241,0.12300000000000001
1242,0.12300000000000001
1243,0.12300000000000001
1244,0.12300000000000001
1245,0.12300000000000001
1246,0.12300000000000001
1247,0.12300000000000001
1248,0.12300000000000001
1249,0.12300000000000001
1250,0.12300000000000001
1251,0.12300000000000001
1252,0.12300000000000001
1253,0.12300000000000001
1254,0.12300000000000001
1255,0.12300000000000001
1256,0.12300000000000001
1257,0.12300000000000001
1258,0.12300000000000001
1259,0.12300000000000001
1260,0.12300000000000001
1261,0.12300000000000001
1262,0.12300000000000001
1263,0.12300000000000001
1264,0.12300000000000001
1265,0.12300000000000001
1266,0.12300000000000001
1267,0.12300000000000001
1268,0.12300000000000001
1269,0.12300000000000001
1270,0.12300000000000001
1271,0.12300000000000001
1272,0.12300000000000001
1273,0.12300000000000001
1274,0.12300000000000001
1275,0.12300000000000001
1276,0.12300000000000001
1277,0.12300000000000001
1278,0.12300000000000001
1279,0.12300000000000001
1280,0.12300000000000001
1281,0.12300000000000001
1282,0.12300000000000001
1283,0.12300000000000001
1284,0.12300000000000001
1285,0.12300000000000001
1286,0.12300000000000001
1287,0.12300000000000001
1288,0.12300000000000001
1289,0.12300000000000001
1290,0.12300000000000001
1291,0.12300000000000001
1292,0.12300000000000001
1293,0.12300000000000001
1294,0.12300000000000001
1295,0.12300000000000001
1296,0.12300000000000001
1297,0.12300000000000001
1298,0.12300000000000001
1299,0.12300000000000001
1300,0.12300000000000001
1301,0.12300000000000001
1302,0.12300000000000001
1303,0.12300000000000001
1304,0.12300000000000001
1305,0.12300000000000001
1306,0.12300000000000001
1307,0.12300000000000001
1308,0.12300000000000001
1309,0.12300000000000001
1310,0.12300000000000001
1311,0.12300000000000001
1312,0.12300000000000001
1313,0.12300000000000001
1314,0.12300000000000001
1315,0.12300000000000001
1316,0.12300000000000001
1317,0.12300000000000001
1318,0.12300000000000001
1319,0.12300000000000001
1320,0.12300000000000001
1321,0.12300000000000001
1322,0.12300000000000001
1323,0.12300000000000001
1324,0.12300000000000001
1325,0.12300000000000001
1326,0.12300000000000001
1327,0.12300000000000001
1328,0.12300000000000001
1329,0.12300000000000001
1330,0.12300000000000001
1331,0.12300000000000001
1332,0.12300000000000001
1333,0.12300000000000001
1334,0.12300000000000001
1335,0.12300000000000001
1336,0.12300000000000001
1337,0.12300000000000001
1338,0.12300000000000001
1339,0.12300000000000001
1340,0.12300000000000001
1341,0.12300000000000001
1342,0.12300000000000001
1343,0.12300000000000001
1344,0.12300000000000001
1345,0.12300000000000001
1346,0.12300000000000001
1347,0.12300000000000001
1348,0.12300000000000001
1349,0.12300000000000001
1350,0.12300000000000001
1351,0.12300000000000001
1352,0.12300000000000001
1353,0.12300000000000001
1354,0.12300000000000001
1355,0.12300000000000001
1356,0.12300000000000001
1357,0.12300000000000001
1358,0.12300000000000001
1359,0.12300000000000001
1360,0.12300000000000001
1361,0.12300000000000001
1362,0.12300000000000001
1363,0.12300000000000001
1364,0.12300000000000001
1365,0.12300000000000001
1366,0.12300000000000001
1367,0.12300000000000001
1368,0.12300000000000001
1369,0.12300000000000001
1370,0.12300000000000001
1371,0.12300000000000001
1372,0.12300000000000001
1373,0.12300000000000001
1374,0.12300000000000001
1375,0.12300000000000001
1376,0.12300000000000001
1377,0.12300000000000001
1378,0.12300000000000001
1379,0.12300000000000001
1380,0.12300000000000001
1381,0.12300000000000001
1382,0.12300000000000001
1383,0.12300000000000001
1384,0.12300000000000001
1385,0.12300000000000001
1386,0.12300000000000001
1387,0.12300000000000001
1388,0.12300000000000001
1389,0.12300000000000001
1390,0.12300000000000001
1391,0.12300000000000001
1392,0.12300000000000001
1393,0.12300000000000001
1394,0.12300000000000001
1395,0.12300000000000001
1396,0.12300000000000001
1397,0.12300000000000001
1398,0.12300000000000001
1399,0.12300000000000001
1400,0.12300000000000001
1401,0.12300000000000001
1402,0.12300000000000001
1403,0.12300000000000001
1404,0.12300000000000001
1405,0.12300000000000001
1406,0.12300000000000001
1407,0.12300000000000001
1408,0.12300000000000001
1409,0.12300000000000001
1410,0.12300000000000001
1411,0.12300000000000001
1412,0.12300000000000001
1413,0.12300000000000001
1414,0.12300000000000001
1415,0.12300000000000001
1416,0.12300000000000001
1417,0.12300000000000001
1418,0.12300000000000001
1419,0.12300000000000001
1420,0.12300000000000001
1421,0.12300000000000001
1422,0.12300000000000001
1423,0.12300000000000001
1424,0.12300000000000001
1425,0.12300000000000001
1426,0.12300000000000001
1427,0.12300000000000001
1428,0.12300000000000001
1429,0.12300000000000001
1430,0.12300000000000001
1431,0.12300000000000001
1432,0.12300000000000001
1433,0.12300000000000001
1434,0.12300000000000001
1435,0.12300000000000001
1436,0.12300000000000001
1437,0.12300000000000001
1438,0.12300000000000001
1439,0.12300000000000001
1440,0.12300000000000001
1441,0.12300000000000001
1442,0.12300000000000001
1443,0.12300000000000001
1444,0.12300000000000001
1445,0.12300000000000001
1446,0.12300000000000001
1447,0.12300000000000001
1448,0.12300000000000001
1449,0.12300000000000001
1450,0.12300000000000001
1451,0.12300000000000001
1452,0.12300000000000001
1453,0.12300000000000001
1454,0.12300000000000001
1455,0.12300000000000001
1456,0.12300000000000001
1457,0.12300000000000001
1458,0.12300000000000001
1459,0.12300000000000001
1460,0.12300000000000001
1461,0.12300000000000001
1462,0.12300000000000001
1463,0.12300000000000001
1464,0.12300000000000001
1465,0.12300000000000001
1466,0.12300000000000001
1467,0.12300000000000001
1468,0.12300000000000001
1469,0.12300000000000001
1470,0.12300000000000001
1471,0.12300000000000001
1472,0.12300000000000001
1473,0.12300000000000001
1474,0.12300000000000001
1475,0.12300000000000001
1476,0.12300000000000001
1477,0.12300000000000001
1478,0.12300000000000001
1479,0.12300000000000001
1480,0.12300000000000001
1481,0.12300000000000001
1482,0.12300000000000001
1483,0.12300000000000001
1484,0.12300000000000001
1485,0.12300000000000001
1486,0.12300000000000001
1487,0.12300000000000001
1488,0.12300000000000001
1489,0.12300000000000001
1490,0.12300000000000001
1491,0.12300000000000001
1492,0.12300000000000001
1493,0.12300000000000001
1494,0.12300000000000001
1495,0.12300000000000001
1496,0.12300000000000001
1497,0.12300000000000001
1498,0.12300000000000001
1499,0.12300000000000001
1500,0.12300000000000001
1501,0.12300000000000001
1502,0.12300000000000001
1503,0.12300000000000001
1504,0.12300000000000001
1505,0.12300000000000001
1506,0.12300000000000001
1507,0.12300000000000001
1508,0.12300000000000001
1509,0.12300000000000001
1510,0.12300000000000001
1511,0.12300000000000001
1512,0.12300000000000001
1513,0.12300000000000001
1514,0.12300000000000001
1515,0.12300000000000001
1516,0.12300000000000001
1517,0.12300000000000001
1518,0.12300000000000001
1519,0.12300000000000001
1520,0.12300000000000001
1521,0.12300000000000001
1522,0.12300000000000001
1523,0.12300000000000001
1524,0.12300000000000001
1525,0.12300000000000001
1526,0.12300000000000001
1527,0.12300000000000001
1528,0.12300000000000001
1529,0.12300000000000001
1530,0.12300000000000001
1531,0.12300000000000001
1532,0.12300000000000001
1533,0.12300000000000001
1534,0.12300000000000001
1535,0.12300000000000001
1536,0.12300000000000001
1537,0.12300000000000001
1538,0.12300000000000001
1539,0.12300000000000001
1540,0.12300000000000001
1541,0.12300000000000001
1542,0.12300000000000001
1543,0.12300000000000001
1544,0.12300000000000001
1545,0.12300000000000001
1546,0.12300000000000001
1547,0.12300000000000001
1548,0.12300000000000001
1549,0.12300000000000001
1550,0.12300000000000001
1551,0.12300000000000001
1552,0.12300000000000001
1553,0.12300000000000001
1554,0.12300000000000001
1555,0.12300000000000001
1556,0.12300000000000001
1557,0.12300000000000001
1558,0.12300000000000001
1559,0.12300000000000001
1560,0.12300000000000001
1561,0.12300000000000001
1562,0.12300000000000001
1563,0.12300000000000001
1564,0.12300000000000001
1565,0.12300000000000001
1566,0.12300000000000001
1567,0.12300000000000001
1568,0.12300000000000001
1569,0.12300000000000001
1570,0.12300000000000001
1571,0.12300000000000001
1572,0.12300000000000001
1573,0.12300000000000001
1574,0.12300000000000001
1575,0.12300000000000001
1576,0.12300000000000001
1577,0.12300000000000001
1578,0.12300000000000001
1579,0.12300000000000001
1580,0.12300000000000001
1581,0.12300000000000001
1582,0.12300000000000001
1583,0.12300000000000001
1584,0.12300000000000001
1585,0.12300000000000001
1586,0.12300000000000001
1587,0.12300000000000001
1588,0.12300000000000001
1589,0.12300000000000001
1590,0.12300000000000001
1591,0.12300000000000001
1592,0.12300000000000001
1593,0.12300000000000001
1594,0.12300000000000001
1595,0.12300000000000001
1596,0.12300000000000001
1597,0.12300000000000001
1598,0.12300000000000001
1599,0.12300000000000001
1600,0.12300000000000001
1601,0.12300000000000001
1602,0.12300000000000001
1603,0.12300000000000001
1604,0.12300000000000001
1605,0.12300000000000001
1606,0.12300000000000001
1607,0.12300000000000001
1608,0.12300000000000001
1609,0.12300000000000001
1610,0.12300000000000001
1611,0.12300000000000001
1612,0.12300000000000001
1613,0.12300000000000001
1614,0.12300000000000001
1615,0.12300000000000001
1616,0.12300000000000001
1617,0.12300000000000001
1618,0.12300000000000001
1619,0.12300000000000001
1620,0.12300000000000001
1621,0.12300000000000001
1622,0.12300000000000001
1623,0.12300000000000001
1624,0.12300000000000001
1625,0.12300000000000001
1626,0.12300000000000001
1627,0.12300000000000001
1628,0.12300000000000001
1629,0.12300000000000001
1630,0.12300000000000001
1631,0.12300000000000001
1632,0.12300000000000001
1633,0.12300000000000001
1634,0.12300000000000001
1635,0.12300000000000001
1636,0.12300000000000001
1637,0.12300000000000001
1638,0.12300000000000001
1639,0.12300000000000001
1640,0.12300000000000001
1641,0.12300000000000001
1642,0.12300000000000001
1643,0.12300000000000001
1644,0.12300000000000001
1645,0.12300000000000001
1646,0.12300000000000001
1647,0.12300000000000001
1648,0.12300000000000001
1649,0.12300000000000001
1650,0.12300000000000001
1651,0.12300000000000001
1652,0.12300000000000001
1653,0.12300000000000001
1654,0.12300000000000001
1655,0.12300000000000001
1656,0.12300000000000001
1657,0.12300000000000001
1658,0.12300000000000001
1659,0.12300000000000001
1660,0.12300000000000001
1661,0.12300000000000001
1662,0.12300000000000001
1663,0.12300000000000001
1664,0.12300000000000001
1665,0.12300000000000001
1666,0.12300000000000001
1667,0.12300000000000001
1668,0.12300000000000001
1669,0.12300000000000001
1670,0.12300000000000001
1671,0.12300000000000001
1672,0.12300000000000001
1673,0.12300000000000001
1674,0.12300000000000001
1675,0.12300000000000001
1676,0.12300000000000001
1677,0.12300000000000001
1678,0.12300000000000001
1679,0.12300000000000001
1680,0.12300000000000001
1681,0.12300000000000001
1682,0.12300000000000001
1683,0.12300000000000001
1684,0.12300000000000001
1685,0.12300000000000001
1686,0.12300000000000001
1687,0.12300000000000001
1688,0.12300000000000001
1689,0.12300000000000001
1690,0.12300000000000001
1691,0.12300000000000001
1692,0.12300000000000001
1693,0.12300000000000001
1694,0.12300000000000001
1695,0.12300000000000001
1696,0.12300000000000001
1697,0.12300000000000001
1698,0.12300000000000001
1699,0.12300000000000001
1700,0.12300000000000001
1701,0.12300000000000001
1702,0.12300000000000001
1703,0.12300000000000001
1704,0.12300000000000001
1705,0.12300000000000001
1706,0.12300000000000001
1707,0.12300000000000001
1708,0.12300000000000001
1709,0.12300000000000001
1710,0.12300000000000001
1711,0.12300000000000001
1712,0.12300000000000001
1713,0.12300000000000001
1714,0.12300000000000001
1715,0.12300000000000001
1716,0.12300000000000001
1717,0.12300000000000001
1718,0.12300000000000001
1719,0.12300000000000001
1720,0.12300000000000001
1721,0.12300000000000001
1722,0.12300000000000001
1723,0.12300000000000001
1724,0.12300000000000001
1725,0.12300000000000001
1726,0.12300000000000001
1727,0.12300000000000001
1728,0.12300000000000001
1729,0.12300000000000001
1730,0.12300000000000001
1731,0.12300000000000001
1732,0.12300000000000001
1733,0.12300000000000001
1734,0.12300000000000001
1735,0.12300000000000001
1736,0.12300000000000001
1737,0.12300000000000001
1738,0.12300000000000001
1739,0.12300000000000001
1740,0.12300000000000001
1741,0.12300000000000001
1742,0.12300000000000001
1743,0.12300000000000001
1744,0.12300000000000001
1745,0.12300000000000001
1746,0.12300000000000001
1747,0.12300000000000001
1748,0.12300000000000001
1749,0.12300000000000001
1750,0.12300000000000001
1751,0.12300000000000001
1752,0.12300000000000001
1753,0.12300000000000001
1754,0.12300000000000001
1755,0.12300000000000001
1756,0.12300000000000001
1757,0.12300000000000001
1758,0.12300000000000001
1759,0.12300000000000001
1760,0.12300000000000001
1761,0.12300000000000001
1762,0.12300000000000001
1763,0.12300000000000001
1764,0.12300000000000001
1765,0.12300000000000001
1766,0.12300000000000001
1767,0.12300000000000001
1768,0.12300000000000001
1769,0.12300000000000001
1770,0.12300000000000001
1771,0.12300000000000001
1772,0.12300000000000001
1773,0.12300000000000001
1774,0.12300000000000001
1775,0.12300000000000001
1776,0.12300000000000001
1777,0.12300000000000001
1778,0.12300000000000001
1779,0.12300000000000001
1780,0.12300000000000001
1781,0.12300000000000001
1782,0.12300000000000001
1783,0.12300000000000001
1784,0.12300000000000001
1785,0.12300000000000001
1786,0.12300000000000001
1787,0.12300000000000001
1788,0.12300000000000001
1789,0.12300000000000001
1790,0.12300000000000001
1791,0.12300000000000001
1792,0.12300000000000001
1793,0.12300000000000001
1794,0.12300000000000001
1795,0.12300000000000001
1796,0.12300000000000001
1797,0.12300000000000001
1798,0.12300000000000001
1799,0.12300000000000001
1800,0.12300000000000001
1801,0.12300000000000001
1802,0.12300000000000001
1803,0.12300000000000001
1804,0.12300000000000001
1805,0.12300000000000001
1806,0.12300000000000001
1807,0.12300000000000001
1808,0.12300000000000001
1809,0.12300000000000001
1810,0.12300000000000001
1811,0.12300000000000001
1812,0.12300000000000001
1813,0.12300000000000001
1814,0.12300000000000001
1815,0.12300000000000001
1816,0.12300000000000001
1817,0.12300000000000001
1818,0.12300000000000001
1819,0.12300000000000001
1820,0.12300000000000001
1821,0.12300000000000001
1822,0.12300000000000001
1823,0.12300000000000001
1824,0.12300000000000001
1825,0.12300000000000001
1826,0.12300000000000001
1827,0.12300000000000001
1828,0.12300000000000001
1829,0.12300000000000001
1830,0.12300000000000001
1831,0.12300000000000001
1832,0.12300000000000001
1833,0.12300000000000001
1834,0.12300000000000001
1835,0.12300000000000001
1836,0.12300000000000001
1837,0.12300000000000001
1838,0.12300000000000001
1839,0.12300000000000001
1840,0.12300000000000001
1841,0.12300000000000001
1842,0.12300000000000001
1843,0.12300000000000001
1844,0.12300000000000001
1845,0.12300000000000001
1846,0.12300000000000001
1847,0.12300000000000001
1848,0.12300000000000001
1849,0.12300000000000001
1850,0.12300000000000001
1851,0.12300000000000001
1852,0.12300000000000001
1853,0.12300000000000001
1854,0.12300000000000001
1855,0.12300000000000001
1856,0.12300000000000001
1857,0.12300000000000001
1858,0.12300000000000001
1859,0.12300000000000001
1860,0.12300000000000001
1861,0.12300000000000001
1862,0.12300000000000001
1863,0.12300000000000001
1864,0.12300000000000001
1865,0.12300000000000001
1866,0.12300000000000001
1867,0.12300000000000001
1868,0.12300000000000001
1869,0.12300000000000001
1870,0.12300000000000001
1871,0.12300000000000001
1872,0.12300000000000001
1873,0.12300000000000001
1874,0.12300000000000001
1875,0.12300000000000001
1876,0.12300000000000001
1877,0.12300000000000001
1878,0.12300000000000001
1879,0.12300000000000001
1880,0.12300000000000001
1881,0.12300000000000001
1882,0.12300000000000001
1883,0.12300000000000001
1884,0.12300000000000001
1885,0.12300000000000001
1886,0.12300000000000001
1887,0.12300000000000001
1888,0.12300000000000001
1889,0.12300000000000001
1890,0.12300000000000001
1891,0.12300000000000001
1892,0.12300000000000001
1893,0.12300000000000001
1894,0.12300000000000001
1895,0.12300000000000001
1896,0.12300000000000001
1897,0.12300000000000001
1898,0.12300000000000001
1899,0.12300000000000001
1900,0.12300000000000001
1901,0.12300000000000001
1902,0.12300000000000001
1903,0.12300000000000001
1904,0.12300000000000001
1905,0.12300000000000001
1906,0.12300000000000001
1907,0.12300000000000001
1908,0.12300000000000001
1909,0.12300000000000001
1910,0.12300000000000001
1911,0.12300000000000001
1912,0.12300000000000001
1913,0.12300000000000001
1914,0.12300000000000001
1915,0.12300000000000001
1916,0.12300000000000001
1917,0.12300000000000001
1918,0.12300000000000001
1919,0.12300000000000001
1920,0.12300000000000001
1921,0.12300000000000001
1922,0.12300000000000001
1923,0.12300000000000001
1924,0.12300000000000001
1925,0.12300000000000001
1926,0.12300000000000001
1927,0.12300000000000001
1928,0.12300000000000001
1929,0.12300000000000001
1930,0.12300000000000001
1931,0.12300000000000001
1932,0.12300000000000001
1933,0.12300000000000001
1934,0.12300000000000001
1935,0.12300000000000001
1936,0.12300000000000001
1937,0.12300000000000001
1938,0.12300000000000001
1939,0.12300000000000001
1940,0.12300000000000001
1941,0.12300000000000001
1942,0.12300000000000001
1943,0.12300000000000001
1944,0.12300000000000001
1945,0.12300000000000001
1946,0.12300000000000001
1947,0.12300000000000001
1948,0.12300000000000001
1949,0.12300000000000001
1950,0.12300000000000001
1951,0.12300000000000001
1952,0.12300000000000001
1953,0.12300000000000001
1954,0.12300000000000001
1955,0.12300000000000001
1956,0.12300000000000001
1957,0.12300000000000001
1958,0.12300000000000001
1959,0.12300000000000001
1960,0.12300000000000001
1961,0.12300000000000001
1962,0.12300000000000001
1963,0.12300000000000001
1964,0.12300000000000001
1965,0.12300000000000001
1966,0.12300000000000001
1967,0.12300000000000001
1968,0.12300000000000001
1969,0.12300000000000001
1970,0.12300000000000001
1971,0.12300000000000001
1972,0.12300000000000001
1973,0.12300000000000001
1974,0.12300000000000001
1975,0.12300000000000001
1976,0.12300000000000001
1977,0.12300000000000001
1978,0.12300000000000001
1979,0.12300000000000001
1980,0.12300000000000001
1981,0.12300000000000001
1982,0.12300000000000001
1983,0.12300000000000001
1984,0.12300000000000001
1985,0.12300000000000001
1986,0.12300000000000001
1987,0.12300000000000001
1988,0.12300000000000001
1989,0.12300000000000001
1990,0.12300000000000001
1991,0.12300000000000001
1992,0.12300000000000001
1993,0.12300000000000001
1994,0.12300000000000001
1995,0.12300000000000001
1996,0.12300000000000001
1997,0.12300000000000001
1998,0.12300000000000001
1999,0.12300000000000001
2000,0.12300000000000001
2001,0.12300000000000001
2002,0.12300000000000001
2003,0.12300000000000001
2004,0.12300000000000001
2005,0.12300000000000001
2006,0.12300000000000001
2007,0.12300000000000001
2008,0.12300000000000001
2009,0.12300000000000001
2010,0.12300000000000001
2011,0.12300000000000001
2012,0.12300000000000001
2013,0.12300000000000001
2014,0.12300000000000001
2015,0.12300000000000001
2016,0.12300000000000001
2017,0.12300000000000001
2018,0.12300000000000001
2019,0.12300000000000001
2020,0.12300000000000001
2021,0.12300000000000001
2022,0.12300000000000001
2023,0.12300000000000001
2024,0.12300000000000001
2025,0.12300000000000001
2026,0.12300000000000001
2027,0.12300000000000001
2028,0.12300000000000001
2029,0.12300000000000001
2030,0.12300000000000001
2031,0.12300000000000001
2032,0.12300000000000001
2033,0.12300000000000001
2034,0.12300000000000001
2035,0.12300000000000001
2036,0.12300000000000001
2037,0.12300000000000001
2038,0.12300000000000001
2039,0.12300000000000001
2040,0.12300000000000001
2041,0.12300000000000001
2042,0.12300000000000001
2043,0.12300000000000001
2044,0.12300000000000001
2045,0.12300000000000001
2046,0.12300000000000001
2047,0.12300000000000001
2048,0.12300000000000001
2049,0.12300000000000001
2050,0.12300000000000001
2051,0.12300000000000001
2052,0.12300000000000001
2053,0.12300000000000001
2054,0.12300000000000001
2055,0.12300000000000001
2056,0.12300000000000001
2057,0.12300000000000001
2058,0.12300000000000001
2059,0.12300000000000001
2060,0.12300000000000001
2061,0.12300000000000001
2062,0.12300000000000001
2063,0.12300000000000001
2064,0.12300000000000001
2065,0.12300000000000001
2066,0.12300000000000001
2067,0.12300000000000001
2068,0.12300000000000001
2069,0.12300000000000001
2070,0.12300000000000001
2071,0.12300000000000001
2072,0.12300000000000001
2073,0.12300000000000001
2074,0.12300000000000001
2075,0.12300000000000001
2076,0.12300000000000001
2077,0.12300000000000001
2078,0.12300000000000001
2079,0.12300000000000001
2080,0.12300000000000001
2081,0.12300000000000001
2082,0.12300000000000001
2083,0.12300000000000001
2084,0.12300000000000001
2085,0.12300000000000001
2086,0.12300000000000001
2087,0.12300000000000001
2088,0.12300000000000001
2089,0.12300000000000001
2090,0.12300000000000001
2091,0.12300000000000001
2092,0.12300000000000001
2093,0.12300000000000001
2094,0.12300000000000001
2095,0.12300000000000001
2096,0.12300000000000001
2097,0.12300000000000001
2098,0.12300000000000001
2099,0.12300000000000001
2100,0.12300000000000001
2101,0.12300000000000001
2102,0.12300000000000001
2103,0.12300000000000001
2104,0.12300000000000001
2105,0.12300000000000001
2106,0.12300000000000001
2107,0.12300000000000001
2108,0.12300000000000001
2109,0.12300000000000001
2110,0.12300000000000001
2111,0.12300000000000001
2112,0.12300000000000001
2113,0.12300000000000001
2114,0.12300000000000001
2115,0.12300000000000001
2116,0.12300000000000001
2117,0.12300000000000001
2118,0.12300000000000001
2119,0.12300000000000001
2120,0.12300000000000001
2121,0.12300000000000001
2122,0.12300000000000001
2123,0.12300000000000001
2124,0.12300000000000001
2125,0.12300000000000001
2126,0.12300000000000001
2127,0.12300000000000001
2128,0.12300000000000001
2129,0.12300000000000001
2130,0.12300000000000001
2131,0.12300000000000001
2132,0.12300000000000001
2133,0.12300000000000001
2134,0.12300000000000001
2135,0.12300000000000001
2136,0.12300000000000001
2137,0.12300000000000001
2138,0.12300000000000001
2139,0.12300000000000001
2140,0.12300000000000001
2141,0.12300000000000001
2142,0.12300000000000001
2143,0.12300000000000001
2144,0.12300000000000001
2145,0.12300000000000001
2146,0.12300000000000001
2147,0.12300000000000001
2148,0.12300000000000001
2149,0.12300000000000001
2150,0.12300000000000001
2151,0.12300000000000001
2152,0.12300000000000001
2153,0.12300000000000001
2154,0.12300000000000001
2155,0.12300000000000001
2156,0.12300000000000001
2157,0.12300000000000001
2158,0.12300000000000001
2159,0.12300000000000001
2160,0.12300000000000001
2161,0.12300000000000001
2162,0.12300000000000001
2163,0.12300000000000001
2164,0.12300000000000001
2165,0.12300000000000001
2166,0.12300000000000001
2167,0.12300000000000001
2168,0.12300000000000001
2169,0.12300000000000001
2170,0.12300000000000001
2171,0.12300000000000001
2172,0.12300000000000001
2173,0.12300000000000001
2174,0.12300000000000001
2175,0.12300000000000001
2176,0.12300000000000001
2177,0.12300000000000001
2178,0.12300000000000001
2179,0.12300000000000001
2180,0.12300000000000001
2181,0.12300000000000001
2182,0.12300000000000001
2183,0.12300000000000001
2184,0.12300000000000001
2185,0.12300000000000001
2186,0.12300000000000001
2187,0.12300000000000001
2188,0.12300000000000001
2189,0.12300000000000001
2190,0.12300000000000001
2191,0.12300000000000001
2192,0.12300000000000001
2193,0.12300000000000001
2194,0.12300000000000001
2195,0.12300000000000001
2196,0.12300000000000001
2197,0.12300000000000001
2198,0.12300000000000001
2199,0.12300000000000001
2200,0.12300000000000001
2201,0.12300000000000001
2202,0.12300000000000001
2203,0.12300000000000001
2204,0.12300000000000001
2205,0.12300000000000001
2206,0.12300000000000001
2207,0.12300000000000001
2208,0.12300000000000001
2209,0.12300000000000001
2210,0.12300000000000001
2211,0.12300000000000001
2212,0.12300000000000001
2213,0.12300000000000001
2214,0.12300000000000001
2215,0.12300000000000001
2216,0.12300000000000001
2217,0.12300000000000001
2218,0.12300000000000001
2219,0.12300000000000001
2220,0.12300000000000001
2221,0.12300000000000001
2222,0.12300000000000001
2223,0.12300000000000001
2224,0.12300000000000001
2225,0.12300000000000001
2226,0.12300000000000001
2227,0.12300000000000001
2228,0.12300000000000001
2229,0.12300000000000001
2230,0.12300000000000001
2231,0.12300000000000001
2232,0.12300000000000001
2233,0.12300000000000001
2234,0.12300000000000001
2235,0.12300000000000001
2236,0.12300000000000001
2237,0.12300000000000001
2238,0.12300000000000001
2239,0.12300000000000001
2240,0.12300000000000001
2241,0.12300000000000001
2242,0.12300000000000001
2243,0.12300000000000001
2244,0.12300000000000001
2245,0.12300000000000001
2246,0.12300000000000001
2247,0.12300000000000001
2248,0.12300000000000001
2249,0.12300000000000001
2250,0.12300000000000001
2251,0.12300000000000001
2252,0.12300000000000001
2253,0.12300000000000001
2254,0.12300000000000001
2255,0.12300000000000001
2256,0.12300000000000001
2257,0.12300000000000001
2258,0.12300000000000001
2259,0.12300000000000001
2260,0.12300000000000001
2261,0.12300000000000001
2262,0.12300000000000001
2263,0.12300000000000001
2264,0.12300000000000001
2265,0.12300000000000001
2266,0.12300000000000001
2267,0.12300000000000001
2268,0.12300000000000001
2269,0.12300000000000001
2270,0.12300000000000001
2271,0.12300000000000001
2272,0.12300000000000001
2273,0.12300000000000001
2274,0.12300000000000001
2275,0.12300000000000001
2276,0.12300000000000001
2277,0.12300000000000001
2278,0.12300000000000001
2279,0.12300000000000001
2280,0.12300000000000001
2281,0.12300000000000001
2282,0.12300000000000001
2283,0.12300000000000001
2284,0.12300000000000001
2285,0.12300000000000001
2286,0.12300000000000001
2287,0.12300000000000001
2288,0.12300000000000001
2289,0.12300000000000001
2290,0.12300000000000001
2291,0.12300000000000001
2292,0.12300000000000001
2293,0.12300000000000001
2294,0.12300000000000001
2295,0.12300000000000001
2296,0.12300000000000001
2297,0.12300000000000001
2298,0.12300000000000001
2299,0.12300000000000001
2300,0.12300000000000001
2301,0.12300000000000001
2302,0.12300000000000001
2303,0.12300000000000001
2304,0.12300000000000001
2305,0.12300000000000001
2306,0.12300000000000001
2307,0.12300000000000001
2308,0.12300000000000001
2309,0.12300000000000001
2310,0.12300000000000001
2311,0.12300000000000001
2312,0.12300000000000001
2313,0.12300000000000001
2314,0.12300000000000001
2315,0.12300000000000001
2316,0.12300000000000001
2317,0.12300000000000001
2318,0.12300000000000001
2319,0.12300000000000001
2320,0.12300000000000001
2321,0.12300000000000001
2322,0.12300000000000001
2323,0.12300000000000001
2324,0.12300000000000001
2325,0.12300000000000001
2326,0.12300000000000001
2327,0.12300000000000001
2328,0.12300000000000001
2329,0.12300000000000001
2330,0.12300000000000001
2331,0.12300000000000001
2332,0.12300000000000001
2333,0.12300000000000001
2334,0.12300000000000001
2335,0.12300000000000001
2336,0.12300000000000001
2337,0.12300000000000001
2338,0.12300000000000001
2339,0.12300000000000001
2340,0.12300000000000001
2341,0.12300000000000001
2342,0.12300000000000001
2343,0.12300000000000001
2344,0.12300000000000001
2345,0.12300000000000001
2346,0.12300000000000001
2347,0.12300000000000001
2348,0.12300000000000001
2349,0.12300000000000001
2350,0.12300000000000001
2351,0.12300000000000001
2352,0.12300000000000001
2353,0.12300000000000001
2354,0.12300000000000001
2355,0.12300000000000001
2356,0.12300000000000001
2357,0.12300000000000001
2358,0.12300000000000001
2359,0.12300000000000001
2360,0.12300000000000001
2361,0.12300000000000001
2362,0.12300000000000001
2363,0.12300000000000001
2364,0.12300000000000001
2365,0.12300000000000001
2366,0.12300000000000001
2367,0.12300000000000001
2368,0.12300000000000001
2369,0.12300000000000001
2370,0.12300000000000001
2371,0.12300000000000001
2372,0.12300000000000001
2373,0.12300000000000001
2374,0.12300000000000001
2375,0.12300000000000001
2376,0.12300000000000001
2377,0.12300000000000001
2378,0.12300000000000001
2379,0.12300000000000001
2380,0.12300000000000001
2381,0.12300000000000001
2382,0.12300000000000001
2383,0.12300000000000001
2384,0.12300000000000001
2385,0.12300000000000001
2386,0.12300000000000001
2387,0.12300000000000001
2388,0.12300000000000001
2389,0.12300000000000001
2390,0.12300000000000001
2391,0.12300000000000001
2392,0.12300000000000001
2393,0.12300000000000001
2394,0.12300000000000001
2395,0.12300000000000001
2396,0.12300000000000001
2397,0.12300000000000001
2398,0.12300000000000001
2399,0.12300000000000001
2400,0.12300000000000001
2401,0.12300000000000001
2402,0.12300000000000001
2403,0.12300000000000001
2404,0.12300000000000001
2405,0.12300000000000001
2406,0.12300000000000001
2407,0.12300000000000001
2408,0.12300000000000001
2409,0.12300000000000001
2410,0.12300000000000001
2411,0.12300000000000001
2412,0.12300000000000001
2413,0.12300000000000001
2414,0.12300000000000001
2415,0.12300000000000001
2416,0.12300000000000001
2417,0.12300000000000001
2418,0.12300000000000001
2419,0.12300000000000001
2420,0.12300000000000001
2421,0.12300000000000001
2422,0.12300000000000001
2423,0.12300000000000001
2424,0.12300000000000001
2425,0.12300000000000001
2426,0.12300000000000001
2427,0.12300000000000001
2428,0.12300000000000001
2429,0.12300000000000001
2430,0.12300000000000001
2431,0.12300000000000001
2432,0.12300000000000001
2433,0.12300000000000001
2434,0.12300000000000001
2435,0.12300000000000001
2436,0.12300000000000001
2437,0.12300000000000001
2438,0.12300000000000001
2439,0.12300000000000001
2440,0.12300000000000001
2441,0.12300000000000001
2442,0.12300000000000001
2443,0.12300000000000001
2444,0.12300000000000001
2445,0.12300000000000001
2446,0.12300000000000001
2447,0.12300000000000001
2448,0.12300000000000001
2449,0.12300000000000001
2450,0.12300000000000001
2451,0.12300000000000001
2452,0.12300000000000001
2453,0.12300000000000001
2454,0.12300000000000001
2455,0.12300000000000001
2456,0.12300000000000001
2457,0.12300000000000001
2458,0.12300000000000001
2459,0.12300000000000001
2460,0.12300000000000001
2461,0.12300000000000001
2462,0.12300000000000001
2463,0.12300000000000001
2464,0.12300000000000001
2465,0.12300000000000001
2466,0.12300000000000001
2467,0.12300000000000001
2468,0.12300000000000001
2469,0.12300000000000001
2470,0.12300000000000001
2471,0.12300000000000001
2472,0.12300000000000001
2473,0.12300000000000001
2474,0.12300000000000001
2475,0.12300000000000001
2476,0.12300000000000001
2477,0.12300000000000001
2478,0.12300000000000001
2479,0.12300000000000001
2480,0.12300000000000001
2481,0.12300000000000001
2482,0.12300000000000001
2483,0.12300000000000001
2484,0.12300000000000001
2485,0.12300000000000001
2486,0.12300000000000001
2487,0.12300000000000001
2488,0.12300000000000001
2489,0.12300000000000001
2490,0.12300000000000001
2491,0.12300000000000001
2492,0.12300000000000001
2493,0.12300000000000001
2494,0.12300000000000001
2495,0.12300000000000001
2496,0.12300000000000001
2497,0.12300000000000001
2498,0.12300000000000001
2499,0.12300000000000001
2500,0.12300000000000001
2501,0.12300000000000001
2502,0.12300000000000001
2503,0.12300000000000001
2504,0.12300000000000001
2505,0.12300000000000001
2506,0.12300000000000001
2507,0.12300000000000001
2508,0.12300000000000001
2509,0.12300000000000001
2510,0.12300000000000001
2511,0.12300000000000001
2512,0.12300000000000001
2513,0.12300000000000001
2514,0.12300000000000001
2515,0.12300000000000001
2516,0.12300000000000001
2517,0.12300000000000001
2518,0.12300000000000001
2519,0.12300000000000001
2520,0.12300000000000001
2521,0.12300000000000001
2522,0.12300000000000001
2523,0.12300000000000001
2524,0.12300000000000001
2525,0.12300000000000001
2526,0.12300000000000001
2527,0.12300000000000001
2528,0.12300000000000001
2529,0.12300000000000001
2530,0.12300000000000001
2531,0.12300000000000001
2532,0.12300000000000001
2533,0.12300000000000001
2534,0.12300000000000001
2535,0.12300000000000001
2536,0.12300000000000001
2537,0.12300000000000001
2538,0.12300000000000001
2539,0.12300000000000001
2540,0.12300000000000001
2541,0.12300000000000001
2542,0.12300000000000001
2543,0.12300000000000001
2544,0.12300000000000001
2545,0.12300000000000001
2546,0.12300000000000001
2547,0.12300000000000001
2548,0.12300000000000001
2549,0.12300000000000001
2550,0.12300000000000001
2551,0.12300000000000001
2552,0.12300000000000001
2553,0.12300000000000001
2554,0.12300000000000001
2555,0.12300000000000001
2556,0.12300000000000001
2557,0.12300000000000001
2558,0.12300000000000001
2559,0.12300000000000001
2560,0.12300000000000001
2561,0.12300000000000001
2562,0.12300000000000001
2563,0.12300000000000001
2564,0.12300000000000001
2565,0.12300000000000001
2566,0.12300000000000001
2567,0.12300000000000001
2568,0.12300000000000001
2569,0.12300000000000001
2570,0.12300000000000001
2571,0.12300000000000001
2572,0.12300000000000001
2573,0.12300000000000001
2574,0.12300000000000001
2575,0.12300000000000001
2576,0.12300000000000001
2577,0.12300000000000001
2578,0.12300000000000001
2579,0.12300000000000001
2580,0.12300000000000001
2581,0.12300000000000001
2582,0.12300000000000001
2583,0.12300000000000001
2584,0.12300000000000001
2585,0.12300000000000001
2586,0.12300000000000001
2587,0.12300000000000001
2588,0.12300000000000001
2589,0.12300000000000001
2590,0.12300000000000001
2591,0.12300000000000001
2592,0.12300000000000001
2593,0.12300000000000001
2594,0.12300000000000001
2595,0.12300000000000001
2596,0.12300000000000001
2597,0.12300000000000001
2598,0.12300000000000001
2599,0.12300000000000001
2600,0.12300000000000001
2601,0.12300000000000001
2602,0.12300000000000001
2603,0.12300000000000001
2604,0.12300000000000001
2605,0.12300000000000001
2606,0.12300000000000001
2607,0.12300000000000001
2608,0.12300000000000001
2609,0.12300000000000001
2610,0.12300000000000001
2611,0.12300000000000001
2612,0.12300000000000001
2613,0.12300000000000001
2614,0.12300000000000001
2615,0.12300000000000001
2616,0.12300000000000001
2617,0.12300000000000001
2618,0.12300000000000001
2619,0.12300000000000001
2620,0.12300000000000001
2621,0.12300000000000001
2622,0.12300000000000001
2623,0.12300000000000001
2624,0.12300000000000001
2625,0.12300000000000001
2626,0.12300000000000001
2627,0.12300000000000001
2628,0.12300000000000001
2629,0.12300000000000001
2630,0.12300000000000001
2631,0.12300000000000001
2632,0.12300000000000001
2633,0.12300000000000001
2634,0.12300000000000001
2635,0.12300000000000001
2636,0.12300000000000001
2637,0.12300000000000001
2638,0.12300000000000001
2639,0.12300000000000001
2640,0.12300000000000001
2641,0.12300000000000001
2642,0.12300000000000001
2643,0.12300000000000001
2644,0.12300000000000001
2645,0.12300000000000001
2646,0.12300000000000001
2647,0.12300000000000001
2648,0.12300000000000001
2649,0.12300000000000001
2650,0.12300000000000001
2651,0.12300000000000001
2652,0.12300000000000001
2653,0.12300000000000001
2654,0.12300000000000001
2655,0.12300000000000001
2656,0.12300000000000001
2657,0.12300000000000001
2658,0.12300000000000001
2659,0.12300000000000001
2660,0.12300000000000001
2661,0.12300000000000001
2662,0.12300000000000001
2663,0.12300000000000001
2664,0.12300000000000001
2665,0.12300000000000001
2666,0.12300000000000001
2667,0.12300000000000001
2668,0.12300000000000001
2669,0.12300000000000001
2670,0.12300000000000001
2671,0.12300000000000001
2672,0.12300000000000001
2673,0.12300000000000001
2674,0.12300000000000001
2675,0.12300000000000001
2676,0.12300000000000001
2677,0.12300000000000001
2678,0.12300000000000001
2679,0.12300000000000001
2680,0.12300000000000001
2681,0.12300000000000001
2682,0.12300000000000001
2683,0.12300000000000001
2684,0.12300000000000001
2685,0.12300000000000001
2686,0.12300000000000001
2687,0.12300000000000001
2688,0.12300000000000001
2689,0.12300000000000001
2690,0.12300000000000001
2691,0.12300000000000001
2692,0.12300000000000001
2693,0.12300000000000001
2694,0.12300000000000001
2695,0.12300000000000001
2696,0.12300000000000001
2697,0.12300000000000001
2698,0.12300000000000001
2699,0.12300000000000001
2700,0.12300000000000001
2701,0.12300000000000001
2702,0.12300000000000001
2703,0.12300000000000001
2704,0.12300000000000001
2705,0.12300000000000001
2706,0.12300000000000001
2707,0.12300000000000001
2708,0.12300000000000001
2709,0.12300000000000001
2710,0.12300000000000001
2711,0.12300000000000001
2712,0.12300000000000001
2713,0.12300000000000001
2714,0.12300000000000001
2715,0.12300000000000001
2716,0.12300000000000001
2717,0.12300000000000001
2718,0.12300000000000001
2719,0.12300000000000001
2720,0.12300000000000001
2721,0.12300000000000001
2722,0.12300000000000001
2723,0.12300000000000001
2724,0.12300000000000001
2725,0.12300000000000001
2726,0.12300000000000001
2727,0.12300000000000001
2728,0.12300000000000001
2729,0.12300000000000001
2730,0.12300000000000001
2731,0.12300000000000001
2732,0.12300000000000001
2733,0.12300000000000001
2734,0.12300000000000001
2735,0.12300000000000001
2736,0.12300000000000001
2737,0.12300000000000001
2738,0.12300000000000001
2739,0.12300000000000001
2740,0.12300000000000001
2741,0.12300000000000001
2742,0.12300000000000001
2743,0.12300000000000001
2744,0.12300000000000001
2745,0.12300000000000001
2746,0.12300000000000001
2747,0.12300000000000001
2748,0.12300000000000001
2749,0.12300000000000001
2750,0.12300000000000001
2751,0.12300000000000001
2752,0.12300000000000001
2753,0.12300000000000001
2754,0.12300000000000001
2755,0.12300000000000001
2756,0.12300000000000001
2757,0.12300000000000001
2758,0.12300000000000001
2759,0.12300000000000001
2760,0.12300000000000001
2761,0.12300000000000001
2762,0.12300000000000001
2763,0.12300000000000001
2764,0.12300000000000001
2765,0.12300000000000001
2766,0.12300000000000001
2767,0.12300000000000001
2768,0.12300000000000001
2769,0.12300000000000001
2770,0.12300000000000001
2771,0.12300000000000001
2772,0.12300000000000001
2773,0.12300000000000001
2774,0.12300000000000001
2775,0.12300000000000001
2776,0.12300000000000001
2777,0.12300000000000001
2778,0.12300000000000001
2779,0.12300000000000001
2780,0.12300000000000001
2781,0.12300000000000001
2782,0.12300000000000001
2783,0.12300000000000001
2784,0.12300000000000001
2785,0.12300000000000001
2786,0.12300000000000001
2787,0.12300000000000001
2788,0.12300000000000001
2789,0.12300000000000001
2790,0.12300000000000001
2791,0.12300000000000001
2792,0.12300000000000001
2793,0.12300000000000001
2794,0.12300000000000001
2795,0.12300000000000001
2796,0.12300000000000001
2797,0.12300000000000001
2798,0.12300000000000001
2799,0.12300000000000001
2800,0.12300000000000001
2801,0.12300000000000001
2802,0.12300000000000001
2803,0.12300000000000001
2804,0.12300000000000001
2805,0.12300000000000001
2806,0.12300000000000001
2807,0.12300000000000001
2808,0.12300000000000001
2809,0.12300000000000001
2810,0.12300000000000001
2811,0.12300000000000001
2812,0.12300000000000001
2813,0.12300000000000001
2814,0.12300000000000001
2815,0.12300000000000001
2816,0.12300000000000001
2817,0.12300000000000001
2818,0.12300000000000001
2819,0.12300000000000001
2820,0.12300000000000001
2821,0.12300000000000001
2822,0.12300000000000001
2823,0.12300000000000001
2824,0.12300000000000001
2825,0.12300000000000001
2826,0.12300000000000001
2827,0.12300000000000001
2828,0.12300000000000001
2829,0.12300000000000001
2830,0.12300000000000001
2831,0.12300000000000001
2832,0.12300000000000001
2833,0.12300000000000001
2834,0.12300000000000001
2835,0.12300000000000001
2836,0.12300000000000001
2837,0.12300000000000001
2838,0.12300000000000001
2839,0.12300000000000001
2840,0.12300000000000001
2841,0.12300000000000001
2842,0.12300000000000001
2843,0.12300000000000001
2844,0.12300000000000001
2845,0.12300000000000001
2846,0.12300000000000001
2847,0.12300000000000001
2848,0.12300000000000001
2849,0.12300000000000001
2850,0.12300000000000001
2851,0.12300000000000001
2852,0.12300000000000001
2853,0.12300000000000001
2854,0.12300000000000001
2855,0.12300000000000001
2856,0.12300000000000001
2857,0.12300000000000001
2858,0.12300000000000001
2859,0.12300000000000001
2860,0.12300000000000001
2861,0.12300000000000001
2862,0.12300000000000001
2863,0.12300000000000001
2864,0.12300000000000001
2865,0.12300000000000001
2866,0.12300000000000001
2867,0.12300000000000001
2868,0.12300000000000001
2869,0.12300000000000001
2870,0.12300000000000001
2871,0.12300000000000001
2872,0.12300000000000001
2873,0.12300000000000001
2874,0.12300000000000001
2875,0.12300000000000001
2876,0.12300000000000001
2877,0.12300000000000001
2878,0.12300000000000001
2879,0.12300000000000001
2880,0.12300000000000001
2881,0.12300000000000001
2882,0.12300000000000001
2883,0.12300000000000001
2884,0.12300000000000001
2885,0.12300000000000001
2886,0.12300000000000001
2887,0.12300000000000001
2888,0.12300000000000001
2889,0.12300000000000001
2890,0.12300000000000001
2891,0.12300000000000001
2892,0.12300000000000001
2893,0.12300000000000001
2894,0.12300000000000001
2895,0.12300000000000001
2896,0.12300000000000001
2897,0.12300000000000001
2898,0.12300000000000001
2899,0.12300000000000001
2900,0.12300000000000001
2901,0.12300000000000001
2902,0.12300000000000001
2903,0.12300000000000001
2904,0.12300000000000001
2905,0.12300000000000001
2906,0.12300000000000001
2907,0.12300000000000001
2908,0.12300000000000001
2909,0.12300000000000001
2910,0.12300000000000001
2911,0.12300000000000001
2912,0.12300000000000001
2913,0.12300000000000001
2914,0.12300000000000001
2915,0.12300000000000001
2916,0.12300000000000001
2917,0.12300000000000001
2918,0.12300000000000001
2919,0.12300000000000001
2920,0.12300000000000001
2921,0.12300000000000001
2922,0.12300000000000001
2923,0.12300000000000001
2924,0.12300000000000001
2925,0.12300000000000001
2926,0.12300000000000001
2927,0.12300000000000001
2928,0.12300000000000001
2929,0.12300000000000001
2930,0.12300000000000001
2931,0.12300000000000001
2932,0.12300000000000001
2933,0.12300000000000001
2934,0.12300000000000001
2935,0.12300000000000001
2936,0.12300000000000001
2937,0.12300000000000001
2938,0.12300000000000001
2939,0.12300000000000001
2940,0.12300000000000001
2941,0.12300000000000001
2942,0.12300000000000001
2943,0.12300000000000001
2944,0.12300000000000001
2945,0.12300000000000001
2946,0.12300000000000001
2947,0.12300000000000001
2948,0.12300000000000001
2949,0.12300000000000001
2950,0.12300000000000001
2951,0.12300000000000001
2952,0.12300000000000001
2953,0.12300000000000001
2954,0.12300000000000001
2955,0.12300000000000001
2956,0.12300000000000001
2957,0.12300000000000001
2958,0.12300000000000001
2959,0.12300000000000001
2960,0.12300000000000001
2961,0.12300000000000001
2962,0.12300000000000001
2963,0.12300000000000001
2964,0.12300000000000001
2965,0.12300000000000001
2966,0.12300000000000001
2967,0.12300000000000001
2968,0.12300000000000001
2969,0.12300000000000001
2970,0.12300000000000001
2971,0.12300000000000001
2972,0.12300000000000001
2973,0.12300000000000001
2974,0.12300000000000001
2975,0.12300000000000001
2976,0.12300000000000001
2977,0.12300000000000001
2978,0.12300000000000001
2979,0.12300000000000001
2980,0.12300000000000001
2981,0.12300000000000001
2982,0.12300000000000001
2983,0.12300000000000001
2984,0.12300000000000001
2985,0.12300000000000001
2986,0.12300000000000001
2987,0.12300000000000001
2988,0.12300000000000001
2989,0.12300000000000001
2990,0.12300000000000001
2991,0.12300000000000001
2992,0.12300000000000001
2993,0.12300000000000001
2994,0.12300000000000001
2995,0.12300000000000001
2996,0.12300000000000001
2997,0.12300000000000001
2998,0.12300000000000001
2999,0.12300000000000001
3000,0.12300000000000001
3001,0.12300000000000001
3002,0.12300000000000001
3003,0.12300000000000001
3004,0.12300000000000001
3005,0.12300000000000001
3006,0.12300000000000001
3007,0.12300000000000001
3008,0.12300000000000001
3009,0.12300000000000001
3010,0.12300000000000001
3011,0.12300000000000001
3012,0.12300000000000001
3013,0.12300000000000001
3014,0.12300000000000001
3015,0.12300000000000001
3016,0.12300000000000001
3017,0.12300000000000001
3018,0.12300000000000001
3019,0.12300000000000001
3020,0.12300000000000001
3021,0.12300000000000001
3022,0.12300000000000001
3023,0.12300000000000001
3024,0.12300000000000001
3025,0.12300000000000001
3026,0.12300000000000001
3027,0.12300000000000001
3028,0.12300000000000001
3029,0.12300000000000001
3030,0.12300000000000001
3031,0.12300000000000001
3032,0.12300000000000001
3033,0.12300000000000001
3034,0.12300000000000001
3035,0.12300000000000001
3036,0.12300000000000001
3037,0.12300000000000001
3038,0.12300000000000001
3039,0.12300000000000001
3040,0.12300000000000001
3041,0.12300000000000001
3042,0.12300000000000001
3043,0.12300000000000001
3044,0.12300000000000001
3045,0.12300000000000001
3046,0.12300000000000001
3047,0.12300000000000001
3048,0.12300000000000001
3049,0.12300000000000001
3050,0.12300000000000001
3051,0.12300000000000001
3052,0.12300000000000001
3053,0.12300000000000001
3054,0.12300000000000001
3055,0.12300000000000001
3056,0.12300000000000001
3057,0.12300000000000001
3058,0.12300000000000001
3059,0.12300000000000001
3060,0.12300000000000001
3061,0.12300000000000001
3062,0.12300000000000001
3063,0.12300000000000001
3064,0.12300000000000001
3065,0.12300000000000001
3066,0.12300000000000001
3067,0.12300000000000001
3068,0.12300000000000001
3069,0.12300000000000001
3070,0.12300000000000001
3071,0.12300000000000001
3072,0.12300000000000001
3073,0.12300000000000001
3074,0.12300000000000001
3075,0.12300000000000001
3076,0.12300000000000001
3077,0.12300000000000001
3078,0.12300000000000001
3079,0.12300000000000001
3080,0.12300000000000001
3081,0.12300000000000001
3082,0.12300000000000001
3083,0.12300000000000001
3084,0.12300000000000001
3085,0.12300000000000001
3086,0.12300000000000001
3087,0.12300000000000001
3088,0.12300000000000001
3089,0.12300000000000001
3090,0.12300000000000001
3091,0.12300000000000001
3092,0.12300000000000001
3093,0.12300000000000001
3094,0.12300000000000001
3095,0.12300000000000001
3096,0.12300000000000001
3097,0.12300000000000001
3098,0.12300000000000001
3099,0.12300000000000001
3100,0.12300000000000001
3101,0.12300000000000001
3102,0.12300000000000001
3103,0.12300000000000001
3104,0.12300000000000001
3105,0.12300000000000001
3106,0.12300000000000001
3107,0.12300000000000001
3108,0.12300000000000001
3109,0.12300000000000001
3110,0.12300000000000001
3111,0.12300000000000001
3112,0.12300000000000001
3113,0.12300000000000001
3114,0.12300000000000001
3115,0.12300000000000001
3116,0.12300000000000001
3117,0.12300000000000001
3118,0.12300000000000001
3119,0.12300000000000001
3120,0.12300000000000001
3121,0.12300000000000001
3122,0.12300000000000001
3123,0.12300000000000001
3124,0.12300000000000001
3125,0.12300000000000001
3126,0.12300000000000001
3127,0.12300000000000001
3128,0.12300000000000001
3129,0.12300000000000001
3130,0.12300000000000001
3131,0.12300000000000001
3132,0.12300000000000001
3133,0.12300000000000001
3134,0.12300000000000001
3135,0.12300000000000001
3136,0.12300000000000001
3137,0.12300000000000001
3138,0.12300000000000001
3139,0.12300000000000001
3140,0.12300000000000001
3141,0.12300000000000001
3142,0.12300000000000001
3143,0.12300000000000001
3144,0.12300000000000001
3145,0.12300000000000001
3146,0.12300000000000001
3147,0.12300000000000001
3148,0.12300000000000001
3149,0.12300000000000001
3150,0.12300000000000001
3151,0.12300000000000001
3152,0.12300000000000001
3153,0.12300000000000001
3154,0.12300000000000001
3155,0.12300000000000001
3156,0.12300000000000001
3157,0.12300000000000001
3158,0.12300000000000001
3159,0.12300000000000001
3160,0.12300000000000001
3161,0.12300000000000001
3162,0.12300000000000001
3163,0.12300000000000001
3164,0.12300000000000001
3165,0.12300000000000001
3166,0.12300000000000001
3167,0.12300000000000001
3168,0.12300000000000001
3169,0.12300000000000001
3170,0.12300000000000001
3171,0.12300000000000001
3172,0.12300000000000001
3173,0.12300000000000001
3174,0.12300000000000001
3175,0.12300000000000001
3176,0.12300000000000001
3177,0.12300000000000001
3178,0.12300000000000001
3179,0.12300000000000001
3180,0.12300000000000001
3181,0.12300000000000001
3182,0.12300000000000001
3183,0.12300000000000001
3184,0.12300000000000001
3185,0.12300000000000001
3186,0.12300000000000001
3187,0.12300000000000001
3188,0.12300000000000001
3189,0.12300000000000001
3190,0.12300000000000001
3191,0.12300000000000001
3192,0.12300000000000001
3193,0.12300000000000001
3194,0.12300000000000001
3195,0.12300000000000001
3196,0.12300000000000001
3197,0.12300000000000001
3198,0.12300000000000001
3199,0.12300000000000001
3200,0.12300000000000001
3201,0.12300000000000001
3202,0.12300000000000001
3203,0.12300000000000001
3204,0.12300000000000001
3205,0.12300000000000001
3206,0.12300000000000001
3207,0.12300000000000001
3208,0.12300000000000001
3209,0.12300000000000001
3210,0.12300000000000001
3211,0.12300000000000001
3212,0.12300000000000001
3213,0.12300000000000001
3214,0.12300000000000001
3215,0.12300000000000001
3216,0.12300000000000001
3217,0.12300000000000001
3218,0.12300000000000001
3219,0.12300000000000001
3220,0.12300000000000001
3221,0.12300000000000001
3222,0.12300000000000001
3223,0.12300000000000001
3224,0.12300000000000001
3225,0.12300000000000001
3226,0.12300000000000001
3227,0.12300000000000001
3228,0.12300000000000001
3229,0.12300000000000001
3230,0.12300000000000001
3231,0.12300000000000001
3232,0.12300000000000001
3233,0.12300000000000001
3234,0.12300000000000001
3235,0.12300000000000001
3236,0.12300000000000001
3237,0.12300000000000001
3238,0.12300000000000001
3239,0.12300000000000001
3240,0.12300000000000001
3241,0.12300000000000001
3242,0.12300000000000001
3243,0.12300000000000001
3244,0.12300000000000001
3245,0.12300000000000001
3246,0.12300000000000001
3247,0.12300000000000001
3248,0.12300000000000001
3249,0.12300000000000001
3250,0.12300000000000001
3251,0.12300000000000001
3252,0.12300000000000001
3253,0.12300000000000001
3254,0.12300000000000001
3255,0.12300000000000001
3256,0.12300000000000001
3257,0.12300000000000001
3258,0.12300000000000001
3259,0.12300000000000001
3260,0.12300000000000001
3261,0.12300000000000001
3262,0.12300000000000001
3263,0.12300000000000001
3264,0.12300000000000001
3265,0.12300000000000001
3266,0.12300000000000001
3267,0.12300000000000001
3268,0.12300000000000001
3269,0.12300000000000001
3270,0.12300000000000001
3271,0.12300000000000001
3272,0.12300000000000001
3273,0.12300000000000001
3274,0.12300000000000001
3275,0.12300000000000001
3276,0.12300000000000001
3277,0.12300000000000001
3278,0.12300000000000001
3279,0.12300000000000001
3280,0.12300000000000001
3281,0.12300000000000001
3282,0.12300000000000001
3283,0.12300000000000001
3284,0.12300000000000001
3285,0.12300000000000001
3286,0.12300000000000001
3287,0.12300000000000001
3288,0.12300000000000001
3289,0.12300000000000001
3290,0.12300000000000001
3291,0.12300000000000001
3292,0.12300000000000001
3293,0.12300000000000001
3294,0.12300000000000001
3295,0.12300000000000001
3296,0.12300000000000001
3297,0.12300000000000001
3298,0.12300000000000001
3299,0.12300000000000001
3300,0.12300000000000001
3301,0.12300000000000001
3302,0.12300000000000001
3303,0.12300000000000001
3304,0.12300000000000001
3305,0.12300000000000001
3306,0.12300000000000001
3307,0.12300000000000001
3308,0.12300000000000001
3309,0.12300000000000001
3310,0.12300000000000001
3311,0.12300000000000001
3312,0.12300000000000001
3313,0.12300000000000001
3314,0.12300000000000001
3315,0.12300000000000001
3316,0.12300000000000001
3317,0.12300000000000001
3318,0.12300000000000001
3319,0.12300000000000001
3320,0.12300000000000001
3321,0.12300000000000001
3322,0.12300000000000001
3323,0.12300000000000001
3324,0.12300000000000001
3325,0.12300000000000001
3326,0.12300000000000001
3327,0.12300000000000001
3328,0.12300000000000001
3329,0.12300000000000001
3330,0.12300000000000001
3331,0.12300000000000001
3332,0.12300000000000001
3333,0.12300000000000001
3334,0.12300000000000001
3335,0.12300000000000001
3336,0.12300000000000001
3337,0.12300000000000001
3338,0.12300000000000001
3339,0.12300000000000001
3340,0.12300000000000001
3341,0.12300000000000001
3342,0.12300000000000001
3343,0.12300000000000001
3344,0.12300000000000001
3345,0.12300000000000001
3346,0.12300000000000001
3347,0.12300000000000001
3348,0.12300000000000001
3349,0.12300000000000001
3350,0.12300000000000001
3351,0.12300000000000001
3352,0.12300000000000001
3353,0.12300000000000001
3354,0.12300000000000001
3355,0.12300000000000001
3356,0.12300000000000001
3357,0.12300000000000001
3358,0.12300000000000001
3359,0.12300000000000001
3360,0.12300000000000001
3361,0.12300000000000001
3362,0.12300000000000001
3363,0.12300000000000001
3364,0.12300000000000001
3365,0.12300000000000001
3366,0.12300000000000001
3367,0.12300000000000001
3368,0.12300000000000001
3369,0.12300000000000001
3370,0.12300000000000001
3371,0.12300000000000001
3372,0.12300000000000001
3373,0.12300000000000001
3374,0.12300000000000001
3375,0.12300000000000001
3376,0.12300000000000001
3377,0.12300000000000001
3378,0.12300000000000001
3379,0.12300000000000001
3380,0.12300000000000001
3381,0.12300000000000001
3382,0.12300000000000001
3383,0.12300000000000001
3384,0.12300000000000001
3385,0.12300000000000001
3386,0.12300000000000001
3387,0.12300000000000001
3388,0.12300000000000001
3389,0.12300000000000001
3390,0.12300000000000001
3391,0.12300000000000001
3392,0.12300000000000001
3393,0.12300000000000001
3394,0.12300000000000001
3395,0.12300000000000001
3396,0.12300000000000001
3397,0.12300000000000001
3398,0.12300000000000001
3399,0.12300000000000001
3400,0.12300000000000001
3401,0.12300000000000001
3402,0.12300000000000001
3403,0.12300000000000001
3404,0.12300000000000001
3405,0.12300000000000001
3406,0.12300000000000001
3407,0.12300000000000001
3408,0.12300000000000001
3409,0.12300000000000001
3410,0.12300000000000001
3411,0.12300000000000001
3412,0.12300000000000001
3413,0.12300000000000001
3414,0.12300000000000001
3415,0.12300000000000001
3416,0.12300000000000001
3417,0.12300000000000001
3418,0.12300000000000001
3419,0.12300000000000001
3420,0.12300000000000001
3421,0.12300000000000001
3422,0.12300000000000001
3423,0.12300000000000001
3424,0.12300000000000001
3425,0.12300000000000001
3426,0.12300000000000001
3427,0.12300000000000001
3428,0.12300000000000001
3429,0.12300000000000001
3430,0.12300000000000001
3431,0.12300000000000001
3432,0.12300000000000001
3433,0.12300000000000001
3434,0.12300000000000001
3435,0.12300000000000001
3436,0.12300000000000001
3437,0.12300000000000001
3438,0.12300000000000001
3439,0.12300000000000001
3440,0.12300000000000001
3441,0.12300000000000001
3442,0.12300000000000001
3443,0.12300000000000001
3444,0.12300000000000001
3445,0.12300000000000001
3446,0.12300000000000001
3447,0.12300000000000001
3448,0.12300000000000001
3449,0.12300000000000001
3450,0.12300000000000001
3451,0.12300000000000001
3452,0.12300000000000001
3453,0.12300000000000001
3454,0.12300000000000001
3455,0.12300000000000001
3456,0.12300000000000001
3457,0.12300000000000001
3458,0.12300000000000001
3459,0.12300000000000001
3460,0.12300000000000001
3461,0.12300000000000001
3462,0.12300000000000001
3463,0.12300000000000001
3464,0.12300000000000001
3465,0.12300000000000001
3466,0.12300000000000001
3467,0.12300000000000001
3468,0.12300000000000001
3469,0.12300000000000001
3470,0.12300000000000001
3471,0.12300000000000001
3472,0.12300000000000001
3473,0.12300000000000001
3474,0.12300000000000001
3475,0.12300000000000001
3476,0.12300000000000001
3477,0.12300000000000001
3478,0.12300000000000001
3479,0.12300000000000001
3480,0.12300000000000001
3481,0.12300000000000001
3482,0.12300000000000001
3483,0.12300000000000001
3484,0.12300000000000001
3485,0.12300000000000001
3486,0.12300000000000001
3487,0.12300000000000001
3488,0.12300000000000001
3489,0.12300000000000001
3490,0.12300000000000001
3491,0.12300000000000001
3492,0.12300000000000001
3493,0.12300000000000001
3494,0.12300000000000001
3495,0.12300000000000001
3496,0.12300000000000001
3497,0.12300000000000001
3498,0.12300000000000001
3499,0.12300000000000001
3500,0.12300000000000001
3501,0.12300000000000001
3502,0.12300000000000001
3503,0.12300000000000001
3504,0.12300000000000001
3505,0.12300000000000001
3506,0.12300000000000001
3507,0.12300000000000001
3508,0.12300000000000001
3509,0.12300000000000001
3510,0.12300000000000001
3511,0.12300000000000001
3512,0.12300000000000001
3513,0.12300000000000001
3514,0.12300000000000001
3515,0.12300000000000001
3516,0.12300000000000001
3517,0.12300000000000001
3518,0.12300000000000001
3519,0.12300000000000001
3520,0.12300000000000001
3521,0.12300000000000001
3522,0.12300000000000001
3523,0.12300000000000001
3524,0.12300000000000001
3525,0.12300000000000001
3526,0.12300000000000001
3527,0.12300000000000001
3528,0.12300000000000001
3529,0.12300000000000001
3530,0.12300000000000001
3531,0.12300000000000001
3532,0.12300000000000001
3533,0.12300000000000001
3534,0.12300000000000001
3535,0.12300000000000001
3536,0.12300000000000001
3537,0.12300000000000001
3538,0.12300000000000001
3539,0.12300000000000001
3540,0.12300000000000001
3541,0.12300000000000001
3542,0.12300000000000001
3543,0.12300000000000001
3544,0.12300000000000001
3545,0.12300000000000001
3546,0.12300000000000001
3547,0.12300000000000001
3548,0.12300000000000001
3549,0.12300000000000001
3550,0.12300000000000001
3551,0.12300000000000001
3552,0.12300000000000001
3553,0.12300000000000001
3554,0.12300000000000001
3555,0.12300000000000001
3556,0.12300000000000001
3557,0.12300000000000001
3558,0.12300000000000001
3559,0.12300000000000001
3560,0.12300000000000001
3561,0.12300000000000001
3562,0.12300000000000001
3563,0.12300000000000001
3564,0.12300000000000001
3565,0.12300000000000001
3566,0.12300000000000001
3567,0.12300000000000001
3568,0.12300000000000001
3569,0.12300000000000001
3570,0.12300000000000001
3571,0.12300000000000001
3572,0.12300000000000001
3573,0.12300000000000001
3574,0.12300000000000001
3575,0.12300000000000001
3576,0.12300000000000001
3577,0.12300000000000001
3578,0.12300000000000001
3579,0.12300000000000001
3580,0.12300000000000001
3581,0.12300000000000001
3582,0.12300000000000001
3583,0.12300000000000001
3584,0.12300000000000001
3585,0.12300000000000001
3586,0.12300000000000001
3587,0.12300000000000001
3588,0.12300000000000001
3589,0.12300000000000001
3590,0.12300000000000001
3591,0.12300000000000001
3592,0.12300000000000001
3593,0.12300000000000001
3594,0.12300000000000001
3595,0.12300000000000001
3596,0.12300000000000001
3597,0.12300000000000001
3598,0.12300000000000001
3599,0.12300000000000001
3600,0.12300000000000001
3601,0.12300000000000001
3602,0.12300000000000001
3603,0.12300000000000001
3604,0.12300000000000001
3605,0.12300000000000001
3606,0.12300000000000001
3607,0.12300000000000001
3608,0.12300000000000001
3609,0.12300000000000001
3610,0.12300000000000001
3611,0.12300000000000001
3612,0.12300000000000001
3613,0.12300000000000001
3614,0.12300000000000001
3615,0.12300000000000001
3616,0.12300000000000001
3617,0.12300000000000001
3618,0.12300000000000001
3619,0.12300000000000001
3620,0.12300000000000001
3621,0.12300000000000001
3622,0.12300000000000001
3623,0.12300000000000001
3624,0.12300000000000001
3625,0.12300000000000001
3626,0.12300000000000001
3627,0.12300000000000001
3628,0.12300000000000001
3629,0.12300000000000001
3630,0.12300000000000001
3631,0.12300000000000001
3632,0.12300000000000001
3633,0.12300000000000001
3634,0.12300000000000001
3635,0.12300000000000001
3636,0.12300000000000001
3637,0.12300000000000001
3638,0.12300000000000001
3639,0.12300000000000001
3640,0.12300000000000001
3641,0.12300000000000001
3642,0.12300000000000001
3643,0.12300000000000001
3644,0.12300000000000001
3645,0.12300000000000001
3646,0.12300000000000001
3647,0.12300000000000001
3648,0.12300000000000001
3649,0.12300000000000001
3650,0.12300000000000001
3651,0.12300000000000001
3652,0.12300000000000001
3653,0.12300000000000001
3654,0.12300000000000001
3655,0.12300000000000001
3656,0.12300000000000001
3657,0.12300000000000001
3658,0.12300000000000001
3659,0.12300000000000001
3660,0.12300000000000001
3661,0.12300000000000001
3662,0.12300000000000001
3663,0.12300000000000001
3664,0.12300000000000001
3665,0.12300000000000001
3666,0.12300000000000001
3667,0.12300000000000001
3668,0.12300000000000001
3669,0.12300000000000001
3670,0.12300000000000001
3671,0.12300000000000001
3672,0.12300000000000001
3673,0.12300000000000001
3674,0.12300000000000001
3675,0.12300000000000001
3676,0.12300000000000001
3677,0.12300000000000001
3678,0.12300000000000001
3679,0.12300000000000001
3680,0.12300000000000001
3681,0.12300000000000001
3682,0.12300000000000001
3683,0.12300000000000001
3684,0.12300000000000001
3685,0.12300000000000001
3686,0.12300000000000001
3687,0.12300000000000001
3688,0.12300000000000001
3689,0.12300000000000001
3690,0.12300000000000001
3691,0.12300000000000001
3692,0.12300000000000001
3693,0.12300000000000001
3694,0.12300000000000001
3695,0.12300000000000001
3696,0.12300000000000001
3697,0.12300000000000001
3698,0.12300000000000001
3699,0.12300000000000001
3700,0.12300000000000001
3701,0.12300000000000001
3702,0.12300000000000001
3703,0.12300000000000001
3704,0.12300000000000001
3705,0.12300000000000001
3706,0.12300000000000001
3707,0.12300000000000001
3708,0.12300000000000001
3709,0.12300000000000001
3710,0.12300000000000001
3711,0.12300000000000001
3712,0.12300000000000001
3713,0.12300000000000001
3714,0.12300000000000001
3715,0.12300000000000001
3716,0.12300000000000001
3717,0.12300000000000001
3718,0.12300000000000001
3719,0.12300000000000001
3720,0.12300000000000001
3721,0.12300000000000001
3722,0.12300000000000001
3723,0.12300000000000001
3724,0.12300000000000001
3725,0.12300000000000001
3726,0.12300000000000001
3727,0.12300000000000001
3728,0.12300000000000001
3729,0.12300000000000001
3730,0.12300000000000001
3731,0.12300000000000001
3732,0.12300000000000001
3733,0.12300000000000001
3734,0.12300000000000001
3735,0.12300000000000001
3736,0.12300000000000001
3737,0.12300000000000001
3738,0.12300000000000001
3739,0.12300000000000001
3740,0.12300000000000001
3741,0.12300000000000001
3742,0.12300000000000001
3743,0.12300000000000001
3744,0.12300000000000001
3745,0.12300000000000001
3746,0.12300000000000001
3747,0.12300000000000001
3748,0.12300000000000001
3749,0.12300000000000001
3750,0.12300000000000001
3751,0.12300000000000001
3752,0.12300000000000001
3753,0.12300000000000001
3754,0.12300000000000001
3755,0.12300000000000001
3756,0.12300000000000001
3757,0.12300000000000001
3758,0.12300000000000001
3759,0.12300000000000001
3760,0.12300000000000001
3761,0.12300000000000001
3762,0.12300000000000001
3763,0.12300000000000001
3764,0.12300000000000001
3765,0.12300000000000001
3766,0.12300000000000001
3767,0.12300000000000001
3768,0.12300000000000001
3769,0.12300000000000001
3770,0.12300000000000001
3771,0.12300000000000001
3772,0.12300000000000001
3773,0.12300000000000001
3774,0.12300000000000001
3775,0.12300000000000001
3776,0.12300000000000001
3777,0.12300000000000001
3778,0.12300000000000001
3779,0.12300000000000001
3780,0.12300000000000001
3781,0.12300000000000001
3782,0.12300000000000001
3783,0.12300000000000001
3784,0.12300000000000001
3785,0.12300000000000001
3786,0.12300000000000001
3787,0.12300000000000001
3788,0.12300000000000001
3789,0.12300000000000001
3790,0.12300000000000001
3791,0.12300000000000001
3792,0.12300000000000001
3793,0.12300000000000001
3794,0.12300000000000001
3795,0.12300000000000001
3796,0.12300000000000001
3797,0.12300000000000001
3798,0.12300000000000001
3799,0.12300000000000001
3800,0.12300000000000001
3801,0.12300000000000001
3802,0.12300000000000001
3803,0.12300000000000001
3804,0.12300000000000001
3805,0.12300000000000001
3806,0.12300000000000001
3807,0.12300000000000001
3808,0.12300000000000001
3809,0.12300000000000001
3810,0.12300000000000001
3811,0.12300000000000001
3812,0.12300000000000001
3813,0.12300000000000001
3814,0.12300000000000001
3815,0.12300000000000001
3816,0.12300000000000001
3817,0.12300000000000001
3818,0.12300000000000001
3819,0.12300000000000001
3820,0.12300000000000001
3821,0.12300000000000001
3822,0.12300000000000001
3823,0.12300000000000001
3824,0.12300000000000001
3825,0.12300000000000001
3826,0.12300000000000001
3827,0.12300000000000001
3828,0.12300000000000001
3829,0.12300000000000001
3830,0.12300000000000001
3831,0.12300000000000001
3832,0.12300000000000001
3833,0.12300000000000001
3834,0.12300000000000001
3835,0.12300000000000001
3836,0.12300000000000001
3837,0.12300000000000001
3838,0.12300000000000001
3839,0.12300000000000001
3840,0.12300000000000001
3841,0.12300000000000001
3842,0.12300000000000001
3843,0.12300000000000001
3844,0.12300000000000001
3845,0.12300000000000001
3846,0.12300000000000001
3847,0.12300000000000001
3848,0.12300000000000001
3849,0.12300000000000001
3850,0.12300000000000001
3851,0.12300000000000001
3852,0.12300000000000001
3853,0.12300000000000001
3854,0.12300000000000001
3855,0.12300000000000001
3856,0.12300000000000001
3857,0.12300000000000001
3858,0.12300000000000001
3859,0.12300000000000001
3860,0.12300000000000001
3861,0.12300000000000001
3862,0.12300000000000001
3863,0.12300000000000001
3864,0.12300000000000001
3865,0.12300000000000001
3866,0.12300000000000001
3867,0.12300000000000001
3868,0.12300000000000001
3869,0.12300000000000001
3870,0.12300000000000001
3871,0.12300000000000001
3872,0.12300000000000001
3873,0.12300000000000001
3874,0.12300000000000001
3875,0.12300000000000001
3876,0.12300000000000001
3877,0.12300000000000001
3878,0.12300000000000001
3879,0.12300000000000001
3880,0.12300000000000001
3881,0.12300000000000001
3882,0.12300000000000001
3883,0.12300000000000001
3884,0.12300000000000001
3885,0.12300000000000001
3886,0.12300000000000001
3887,0.12300000000000001
3888,0.12300000000000001
3889,0.12300000000000001
3890,0.12300000000000001
3891,0.12300000000000001
3892,0.12300000000000001
3893,0.12300000000000001
3894,0.12300000000000001
3895,0.12300000000000001
3896,0.12300000000000001
3897,0.12300000000000001
3898,0.12300000000000001
3899,0.12300000000000001
3900,0.12300000000000001
3901,0.12300000000000001
3902,0.12300000000000001
3903,0.12300000000000001
3904,0.12300000000000001
3905,0.12300000000000001
3906,0.12300000000000001
3907,0.12300000000000001
3908,0.12300000000000001
3909,0.12300000000000001
3910,0.12300000000000001
3911,0.12300000000000001
3912,0.12300000000000001
3913,0.12300000000000001
3914,0.12300000000000001
3915,0.12300000000000001
3916,0.12298275862068966
3917,0.12296551724137932
3918,0.12294827586206898
3919,0.12293103448275863
3920,0.12291379310344829
3921,0.12289655172413794
3922,0.12287931034482759
3923,0.12286206896551725
3924,0.1228448275862069
3925,0.12282758620689656
3926,0.12281034482758621
3927,0.12279310344827586
3928,0.12277586206896553
3929,0.12275862068965518
3930,0.12274137931034483
3931,0.12272413793103448
3932,0.12270689655172415
3933,0.1226896551724138
3934,0.12267241379310345
3935,0.1226551724137931
3936,0.12263793103448276
3937,0.12262068965517242
3938,0.12260344827586207
3939,0.12258620689655172
3940,0.12256896551724138
3941,0.12255172413793103
3942,0.1225344827586207
3943,0.12251724137931035
3944,0.1225
3945,0.12245
3946,0.1224
3947,0.12235
3948,0.12229999999999999
3949,0.12225
3950,0.1222
3951,0.12215
3952,0.1221
3953,0.12204999999999999
3954,0.122
3955,0.12195
3956,0.1219
3957,0.12185
3958,0.12179999999999999
3959,0.12175
3960,0.1217
3961,0.12165
3962,0.1216
3963,0.12154999999999999
3964,0.1215
3965,0.12145
3966,0.1214
3967,0.12135
3968,0.12129999999999999
3969,0.12125
3970,0.1212
3971,0.12115
3972,0.1211
3973,0.12104999999999999
3974,0.121
3975,0.121
3976,0.121
3977,0.121
3978,0.121
3979,0.121
3980,0.121
3981,0.121
3982,0.121
3983,0.121
3984,0.121
3985,0.121
3986,0.121
3987,0.121
3988,0.121
3989,0.121
3990,0.121
3991,0.121
3992,0.121
3993,0.121
3994,0.121
3995,0.121
3996,0.121
3997,0.121
3998,0.121
3999,0.121
4000,0.121
4001,0.121
4002,0.121
4003,0.121
4004,0.121
4005,0.121
4006,0.121
4007,0.121
4008,0.121
4009,0.121
4010,0.121
4011,0.121
4012,0.121
4013,0.121
4014,0.121
4015,0.121
4016,0.121
4017,0.121
4018,0.121
4019,0.121
4020,0.121
4021,0.121
4022,0.121
4023,0.121
4024,0.121
4025,0.121
4026,0.121
4027,0.121
4028,0.121
4029,0.121
4030,0.121
4031,0.121
4032,0.121
4033,0.121
4034,0.121
4035,0.121
4036,0.121
4037,0.121
4038,0.121
4039,0.121
4040,0.121
4041,0.121
4042,0.121
4043,0.121
4044,0.121
4045,0.121
4046,0.121
4047,0.121
4048,0.121
4049,0.121
4050,0.121
4051,0.121
4052,0.121
4053,0.121
4054,0.121
4055,0.121
4056,0.121
4057,0.121
4058,0.121
4059,0.121
4060,0.121
4061,0.121
4062,0.121
4063,0.121
4064,0.121
4065,0.121
4066,0.121
4067,0.121
4068,0.121
4069,0.121
4070,0.121
4071,0.121
4072,0.121
4073,0.121
4074,0.121
4075,0.121
4076,0.121
4077,0.121
4078,0.121
4079,0.121
4080,0.121
4081,0.121
4082,0.121
4083,0.121
4084,0.121
4085,0.121
4086,0.121
4087,0.121
4088,0.121
4089,0.121
4090,0.121
4091,0.121
4092,0.121
4093,0.121
4094,0.121
4095,0.121
4096,0.121
4097,0.121
4098,0.121
4099,0.121
4100,0.121
4101,0.121
4102,0.121
4103,0.121
4104,0.121
4105,0.121
4106,0.121
4107,0.121
4108,0.121
4109,0.121
4110,0.121
4111,0.121
4112,0.121
4113,0.121
4114,0.121
4115,0.121
4116,0.121
4117,0.121
4118,0.121
4119,0.121
4120,0.121
4121,0.121
4122,0.121
4123,0.121
4124,0.121
4125,0.121
4126,0.121
4127,0.121
4128,0.121
4129,0.121
4130,0.121
4131,0.121
4132,0.121
4133,0.121
4134,0.121
4135,0.121
4136,0.121
4137,0.121
4138,0.121
4139,0.121
4140,0.121
4141,0.121
4142,0.121
4143,0.121
4144,0.121
4145,0.121
4146,0.121
4147,0.121
4148,0.121
4149,0.121
4150,0.121
4151,0.121
4152,0.121
4153,0.121
4154,0.121
4155,0.121
4156,0.121
4157,0.121
4158,0.121
4159,0.121
4160,0.121
4161,0.121
4162,0.121
4163,0.121
4164,0.121
4165,0.121
4166,0.121
4167,0.121
4168,0.121
4169,0.121
4170,0.121
4171,0.121
4172,0.121
4173,0.121
4174,0.121
4175,0.121
4176,0.121
4177,0.121
4178,0.121
4179,0.121
4180,0.121
4181,0.121
4182,0.121
4183,0.121
4184,0.121
4185,0.121
4186,0.121
4187,0.121
4188,0.121
4189,0.121
4190,0.121
4191,0.121
4192,0.121
4193,0.121
4194,0.121
4195,0.121
4196,0.121
4197,0.121
4198,0.121
4199,0.121
4200,0.121
4201,0.121
4202,0.121
4203,0.121
4204,0.121
4205,0.121
4206,0.121
4207,0.121
4208,0.121
4209,0.121
4210,0.121
4211,0.121
4212,0.121
4213,0.121
4214,0.121
4215,0.121
4216,0.121
4217,0.121
4218,0.121
4219,0.121
4220,0.121
4221,0.121
4222,0.121
4223,0.121
4224,0.121
4225,0.121
4226,0.121
4227,0.121
4228,0.121
4229,0.121
4230,0.121
4231,0.121
4232,0.121
4233,0.121
4234,0.121
4235,0.121
4236,0.121
4237,0.121
4238,0.121
4239,0.121
4240,0.121
4241,0.121
4242,0.121
4243,0.121
4244,0.121
4245,0.121
4246,0.121
4247,0.121
4248,0.121
4249,0.121
4250,0.121
4251,0.121
4252,0.121
4253,0.121
4254,0.121
4255,0.121
4256,0.121
4257,0.121
4258,0.121
4259,0.121
4260,0.121
4261,0.121
4262,0.121
4263,0.121
4264,0.121
4265,0.121
4266,0.121
4267,0.121
4268,0.121
4269,0.121
4270,0.121
4271,0.121
4272,0.121
4273,0.121
4274,0.121
4275,0.121
4276,0.121
4277,0.121
4278,0.121
4279,0.121
4280,0.121
4281,0.121
4282,0.121
4283,0.121
4284,0.121
4285,0.121
4286,0.121
4287,0.121
4288,0.121
4289,0.121
4290,0.121
4291,0.121
4292,0.121
4293,0.121
4294,0.121
4295,0.121
4296,0.121
4297,0.121
4298,0.121
4299,0.121
4300,0.121
4301,0.121
4302,0.121
4303,0.121
4304,0.121
4305,0.121
4306,0.121
4307,0.121
4308,0.121
4309,0.121
4310,0.121
4311,0.121
4312,0.121
4313,0.121
4314,0.121
4315,0.121
4316,0.121
4317,0.121
4318,0.121
4319,0.121
4320,0.121
4321,0.121
4322,0.121
4323,0.121
4324,0.121
4325,0.121
4326,0.121
4327,0.121
4328,0.121
4329,0.121
4330,0.121
4331,0.121
4332,0.121
4333,0.121
4334,0.121
4335,0.121
4336,0.121
4337,0.121
4338,0.121
4339,0.121
4340,0.121
4341,0.121
4342,0.121
4343,0.121
4344,0.121
4345,0.121
4346,0.121
4347,0.121
4348,0.121
4349,0.121
4350,0.121
4351,0.121
4352,0.121
4353,0.121
4354,0.121
4355,0.121
4356,0.121
4357,0.121
4358,0.121
4359,0.121
4360,0.121
4361,0.121
4362,0.121
4363,0.121
4364,0.121
4365,0.121
4366,0.121
4367,0.121
4368,0.121
4369,0.121
4370,0.121
4371,0.121
4372,0.121
4373,0.121
4374,0.121
4375,0.121
4376,0.121
4377,0.121
4378,0.121
4379,0.121
4380,0.121
4381,0.121
4382,0.121
4383,0.121
4384,0.121
4385,0.121
4386,0.121
4387,0.121
4388,0.121
4389,0.121
4390,0.121
4391,0.121
4392,0.121
4393,0.121
4394,0.121
4395,0.121
4396,0.121
4397,0.121
4398,0.121
4399,0.121
4400,0.121
4401,0.121
4402,0.121
4403,0.121
4404,0.121
4405,0.121
4406,0.121
4407,0.121
4408,0.121
4409,0.121
4410,0.121
4411,0.121
4412,0.121
4413,0.121
4414,0.121
4415,0.121
4416,0.121
4417,0.121
4418,0.121
4419,0.121
4420,0.121
4421,0.121
4422,0.121
4423,0.121
4424,0.121
4425,0.121
4426,0.121
4427,0.121
4428,0.121
4429,0.121
4430,0.121
4431,0.121
4432,0.121
4433,0.121
4434,0.121
4435,0.121
4436,0.121
4437,0.121
4438,0.121
4439,0.121
4440,0.121
4441,0.121
4442,0.121
4443,0.121
4444,0.121
4445,0.121
4446,0.121
4447,0.121
4448,0.121
4449,0.121
4450,0.121
4451,0.121
4452,0.121
4453,0.121
4454,0.121
4455,0.121
4456,0.121
4457,0.121
4458,0.121
4459,0.121
4460,0.121
4461,0.121
4462,0.121
4463,0.121
4464,0.121
4465,0.121
4466,0.121
4467,0.121
4468,0.121
4469,0.121
4470,0.121
4471,0.121
4472,0.121
4473,0.121
4474,0.121
4475,0.121
4476,0.121
4477,0.121
4478,0.121
4479,0.121
4480,0.121
4481,0.121
4482,0.121
4483,0.121
4484,0.121
4485,0.121
4486,0.121
4487,0.121
4488,0.121
4489,0.121
4490,0.121
4491,0.121
4492,0.121
4493,0.121
4494,0.121
4495,0.121
4496,0.121
4497,0.12097727272727272
4498,0.12095454545454545
4499,0.12093181818181818
4500,0.12090909090909091
4501,0.12088636363636364
4502,0.12086363636363637
4503,0.12084090909090908
4504,0.12081818181818181
4505,0.12079545454545454
4506,0.12077272727272727
4507,0.12075
4508,0.12072727272727272
4509,0.12070454545454545
4510,0.12068181818181818
4511,0.12065909090909091
4512,0.12063636363636364
4513,0.12061363636363637
4514,0.1205909090909091
4515,0.12056818181818181
4516,0.12054545454545454
4517,0.12052272727272727
4518,0.1205
4519,0.12047727272727272
4520,0.12045454545454545
4521,0.12043181818181818
4522,0.12040909090909091
4523,0.12038636363636364
4524,0.12036363636363637
4525,0.1203409090909091
4526,0.12031818181818182
4527,0.12029545454545455
4528,0.12027272727272727
4529,0.12025
4530,0.12022727272727272
4531,0.12020454545454545
4532,0.12018181818181818
4533,0.12015909090909091
4534,0.12013636363636364
4535,0.12011363636363637
4536,0.1200909090909091
4537,0.12006818181818182
4538,0.12004545454545455
4539,0.12002272727272728
4540,0.12
4541,0.11997727272727272
4542,0.11995454545454545
4543,0.11993181818181818
4544,0.11990909090909091
4545,0.11988636363636364
4546,0.11986363636363637
4547,0.1198409090909091
4548,0.11981818181818182
4549,0.11979545454545455
4550,0.11977272727272728
4551,0.11975000000000001
4552,0.11972727272727274
4553,0.11970454545454545
4554,0.11968181818181818
4555,0.11965909090909091
4556,0.11963636363636364
4557,0.11961363636363637
4558,0.1195909090909091
4559,0.11956818181818182
4560,0.11954545454545455
4561,0.11952272727272728
4562,0.11950000000000001
4563,0.11947727272727274
4564,0.11945454545454547
4565,0.1194318181818182
4566,0.11940909090909091
4567,0.11938636363636364
4568,0.11936363636363637
4569,0.1193409090909091
4570,0.11931818181818182
4571,0.11929545454545455
4572,0.11927272727272728
4573,0.11925000000000001
4574,0.11922727272727274
4575,0.11920454545454547
4576,0.1191818181818182
4577,0.11915909090909092
4578,0.11913636363636364
4579,0.11911363636363637
4580,0.1190909090909091
4581,0.11906818181818182
4582,0.11904545454545455
4583,0.11902272727272728
4584,0.11900000000000001
4585,0.11900000000000001
4586,0.11900000000000001
4587,0.11900000000000001
4588,0.11900000000000001
4589,0.11900000000000001
4590,0.11900000000000001
4591,0.11900000000000001
4592,0.11900000000000001
4593,0.11900000000000001
4594,0.11900000000000001
4595,0.11900000000000001
4596,0.11900000000000001
4597,0.11900000000000001
4598,0.11900000000000001
4599,0.11900000000000001
4600,0.11900000000000001
4601,0.11900000000000001
4602,0.11900000000000001
4603,0.11900000000000001
4604,0.11900000000000001
4605,0.11900000000000001
4606,0.11900000000000001
4607,0.11900000000000001
4608,0.11900000000000001
4609,0.11900000000000001
4610,0.11900000000000001
4611,0.11900000000000001
4612,0.11900000000000001
4613,0.11900000000000001
4614,0.11900000000000001
4615,0.11900000000000001
4616,0.11900000000000001
4617,0.11900000000000001
4618,0.11900000000000001
4619,0.11900000000000001
4620,0.11900000000000001
4621,0.11900000000000001
4622,0.11900000000000001
4623,0.11900000000000001
4624,0.11900000000000001
4625,0.11900000000000001
4626,0.11900000000000001
4627,0.11900000000000001
4628,0.11900000000000001
4629,0.11900000000000001
4630,0.11900000000000001
4631,0.11900000000000001
4632,0.11900000000000001
4633,0.11900000000000001
4634,0.11900000000000001
4635,0.11900000000000001
4636,0.11900000000000001
4637,0.11900000000000001
4638,0.11900000000000001
4639,0.11900000000000001
4640,0.11900000000000001
4641,0.11900000000000001
4642,0.11900000000000001
4643,0.11900000000000001
4644,0.11900000000000001
4645,0.11900000000000001
4646,0.11900000000000001
4647,0.11900000000000001
4648,0.11900000000000001
4649,0.11900000000000001
4650,0.11900000000000001
4651,0.11900000000000001
4652,0.11900000000000001
4653,0.11900000000000001
4654,0.11900000000000001
4655,0.11900000000000001
4656,0.11900000000000001
4657,0.11900000000000001
4658,0.11900000000000001
4659,0.11900000000000001
4660,0.11900000000000001
4661,0.11900000000000001
4662,0.11900000000000001
4663,0.11900000000000001
4664,0.11900000000000001
4665,0.11900000000000001
4666,0.11900000000000001
4667,0.11900000000000001
4668,0.11900000000000001
4669,0.11900000000000001
4670,0.11900000000000001
4671,0.11900000000000001
4672,0.11900000000000001
4673,0.11900000000000001
4674,0.11900000000000001
4675,0.11900000000000001
4676,0.11900000000000001
4677,0.11900000000000001
4678,0.11900000000000001
4679,0.11900000000000001
4680,0.11900000000000001
4681,0.11900000000000001
4682,0.11900000000000001
4683,0.11900000000000001
4684,0.11900000000000001
4685,0.11900000000000001
4686,0.11900000000000001
4687,0.11900000000000001
4688,0.11900000000000001
4689,0.11900000000000001
4690,0.11900000000000001
4691,0.11900000000000001
4692,0.11900000000000001
4693,0.11900000000000001
4694,0.11900000000000001
4695,0.11900000000000001
4696,0.11900000000000001
4697,0.11900000000000001
4698,0.11900000000000001
4699,0.11900000000000001
4700,0.11900000000000001
4701,0.11900000000000001
4702,0.11900000000000001
4703,0.11900000000000001
4704,0.11900000000000001
4705,0.11900000000000001
4706,0.11900000000000001
4707,0.11900000000000001
4708,0.11900000000000001
4709,0.11900000000000001
4710,0.11900000000000001
4711,0.11900000000000001
4712,0.11900000000000001
4713,0.11900000000000001
4714,0.11900000000000001
4715,0.11900000000000001
4716,0.11900000000000001
4717,0.11900000000000001
4718,0.11900000000000001
4719,0.11900000000000001
4720,0.11900000000000001
4721,0.11900000000000001
4722,0.11900000000000001
4723,0.11900000000000001
4724,0.11900000000000001
4725,0.11900000000000001
4726,0.11900000000000001
4727,0.11900000000000001
4728,0.11900000000000001
4729,0.11900000000000001
4730,0.11900000000000001
4731,0.11900000000000001
4732,0.11900000000000001
4733,0.11900000000000001
4734,0.11900000000000001
4735,0.11900000000000001
4736,0.11900000000000001
4737,0.11900000000000001
4738,0.11900000000000001
4739,0.11900000000000001
4740,0.11900000000000001
4741,0.11900000000000001
4742,0.11900000000000001
4743,0.11900000000000001
4744,0.11900000000000001
4745,0.11900000000000001
4746,0.11900000000000001
4747,0.11900000000000001
4748,0.11900000000000001
4749,0.11900000000000001
4750,0.11900000000000001
4751,0.11900000000000001
4752,0.11900000000000001
4753,0.11900000000000001
4754,0.11900000000000001
4755,0.11900000000000001
4756,0.11900000000000001
4757,0.11900000000000001
4758,0.11900000000000001
4759,0.1189888888888889
4760,0.11897777777777778
4761,0.11896666666666668
4762,0.11895555555555556
4763,0.11894444444444445
4764,0.11893333333333334
4765,0.11892222222222223
4766,0.11891111111111112
4767,0.1189
4768,0.11888888888888889
4769,0.11887777777777779
4770,0.11886666666666668
4771,0.11885555555555556
4772,0.11884444444444445
4773,0.11883333333333335
4774,0.11882222222222223
4775,0.11881111111111112
4776,0.1188
4777,0.1187888888888889
4778,0.11877777777777779
4779,0.11876666666666667
4780,0.11875555555555556
4781,0.11874444444444446
4782,0.11873333333333334
4783,0.11872222222222223
4784,0.11871111111111111
4785,0.11870000000000001
4786,0.1186888888888889
4787,0.11867777777777778
4788,0.11866666666666667
4789,0.11865555555555557
4790,0.11864444444444446
4791,0.11863333333333334
4792,0.11862222222222223
4793,0.11861111111111113
4794,0.11860000000000001
4795,0.1185888888888889
4796,0.11857777777777778
4797,0.11856666666666668
4798,0.11855555555555557
4799,0.11854444444444445
4800,0.11853333333333334
4801,0.11852222222222224
4802,0.11851111111111112
4803,0.11850000000000001
4804,0.11849152542372882
4805,0.11848305084745764
4806,0.11847457627118645
4807,0.11846610169491527
4808,0.11845762711864408
4809,0.11844915254237288
4810,0.1184406779661017
4811,0.11843220338983051
4812,0.11842372881355934
4813,0.11841525423728815
4814,0.11840677966101695
4815,0.11839830508474578
4816,0.11838983050847458
4817,0.11838135593220339
4818,0.11837288135593221
4819,0.11836440677966102
4820,0.11835593220338984
4821,0.11834745762711865
4822,0.11833898305084746
4823,0.11833050847457628
4824,0.11832203389830509
4825,0.11831355932203391
4826,0.11830508474576272
4827,0.11829661016949153
4828,0.11828813559322035
4829,0.11827966101694916
4830,0.11827118644067798
4831,0.11826271186440679
4832,0.1182542372881356
4833,0.11824576271186442
4834,0.11823728813559323
4835,0.11822881355932204
4836,0.11822033898305086
4837,0.11821186440677967
4838,0.11820338983050849
4839,0.1181949152542373
4840,0.1181864406779661
4841,0.11817796610169493
4842,0.11816949152542373
4843,0.11816101694915256
4844,0.11815254237288136
4845,0.11814406779661017
4846,0.118135593220339
4847,0.1181271186440678
4848,0.11811864406779662
4849,0.11811016949152543
4850,0.11810169491525424
4851,0.11809322033898306
4852,0.11808474576271187
4853,0.11807627118644068
4854,0.1180677966101695
4855,0.11805932203389831
4856,0.11805084745762713
4857,0.11804237288135594
4858,0.11803389830508475
4859,0.11802542372881357
4860,0.11801694915254238
4861,0.1180084745762712
4862,0.11800000000000001
4863,0.11800000000000001
4864,0.11800000000000001
4865,0.11800000000000001
4866,0.11800000000000001
4867,0.11800000000000001
4868,0.11800000000000001
4869,0.11800000000000001
4870,0.11800000000000001
4871,0.11800000000000001
4872,0.11800000000000001
4873,0.11800000000000001
4874,0.11800000000000001
4875,0.11800000000000001
4876,0.11800000000000001
4877,0.11800000000000001
4878,0.11800000000000001
4879,0.11800000000000001
4880,0.11800000000000001
4881,0.11800000000000001
4882,0.11800000000000001
4883,0.11800000000000001
4884,0.11800000000000001
4885,0.11800000000000001
4886,0.11800000000000001
4887,0.11800000000000001
4888,0.11800000000000001
4889,0.11800000000000001
4890,0.11800000000000001
4891,0.11800000000000001
4892,0.11800000000000001
4893,0.11800000000000001
4894,0.11800000000000001
4895,0.11800000000000001
4896,0.11800000000000001
4897,0.11800000000000001
4898,0.11800000000000001
4899,0.11800000000000001
4900,0.11800000000000001
4901,0.11800000000000001
4902,0.11800000000000001
4903,0.11800000000000001
4904,0.11800000000000001
4905,0.11800000000000001
4906,0.11800000000000001
4907,0.11800000000000001
4908,0.11800000000000001
4909,0.11800000000000001
4910,0.11800000000000001
4911,0.11800000000000001
4912,0.11800000000000001
4913,0.11800000000000001
4914,0.11800000000000001
4915,0.11800000000000001
4916,0.11800000000000001
4917,0.11800000000000001
4918,0.11800000000000001
4919,0.11800000000000001
4920,0.11800000000000001
4921,0.11800000000000001
4922,0.11800000000000001
4923,0.11800000000000001
4924,0.11800000000000001
4925,0.11800000000000001
4926,0.11800000000000001
4927,0.11800000000000001
4928,0.11800000000000001
4929,0.11800000000000001
4930,0.11800000000000001
4931,0.11800000000000001
4932,0.11800000000000001
4933,0.11800000000000001
4934,0.11800000000000001
4935,0.11800000000000001
4936,0.11800000000000001
4937,0.11800000000000001
4938,0.11800000000000001
4939,0.11800000000000001
4940,0.11800000000000001
4941,0.11800000000000001
4942,0.11800000000000001
4943,0.11800000000000001
4944,0.11800000000000001
4945,0.11800000000000001
4946,0.11800000000000001
4947,0.11800000000000001
4948,0.11800000000000001
4949,0.11800000000000001
4950,0.11800000000000001
4951,0.11800000000000001
4952,0.11800000000000001
4953,0.11800000000000001
4954,0.11800000000000001
4955,0.11800000000000001
4956,0.11800000000000001
4957,0.11800000000000001
4958,0.11800000000000001
4959,0.11800000000000001
4960,0.11800000000000001
4961,0.11800000000000001
4962,0.11800000000000001
4963,0.11800000000000001
4964,0.11800000000000001
4965,0.11800000000000001
4966,0.11800000000000001
4967,0.11800000000000001
4968,0.11800000000000001
4969,0.11800000000000001
4970,0.11800000000000001
4971,0.11800000000000001
4972,0.11800000000000001
4973,0.11800000000000001
4974,0.11800000000000001
4975,0.11800000000000001
4976,0.11800000000000001
4977,0.11800000000000001
4978,0.11800000000000001
4979,0.11800000000000001
4980,0.11800000000000001
4981,0.11800000000000001
4982,0.11800000000000001
4983,0.11800000000000001
4984,0.11800000000000001
4985,0.11800000000000001
4986,0.11800000000000001
4987,0.11800000000000001
4988,0.11800000000000001
4989,0.11800000000000001
4990,0.11800000000000001
4991,0.11800000000000001
4992,0.11800000000000001
4993,0.11800000000000001
4994,0.11800000000000001
4995,0.11800000000000001
4996,0.11800000000000001
4997,0.11800000000000001
4998,0.11800000000000001
4999,0.11800000000000001
5000,0.11800000000000001
5001,0.11800000000000001
5002,0.11800000000000001
5003,0.11800000000000001
5004,0.11800000000000001
5005,0.11800000000000001
5006,0.11800000000000001
5007,0.11800000000000001
5008,0.11800000000000001
5009,0.11800000000000001
5010,0.11800000000000001
5011,0.11800000000000001
5012,0.11800000000000001
5013,0.11800000000000001
5014,0.11800000000000001
5015,0.11800000000000001
5016,0.11800000000000001
5017,0.11800000000000001
5018,0.11800000000000001
5019,0.11800000000000001
5020,0.11800000000000001
5021,0.11800000000000001
5022,0.11800000000000001
5023,0.11800000000000001
5024,0.11800000000000001
5025,0.11800000000000001
5026,0.11800000000000001
5027,0.11800000000000001
5028,0.11800000000000001
5029,0.11800000000000001
5030,0.11800000000000001
5031,0.11800000000000001
5032,0.11800000000000001
5033,0.11800000000000001
5034,0.11800000000000001
5035,0.11800000000000001
5036,0.11800000000000001
5037,0.11800000000000001
5038,0.11800000000000001
5039,0.11800000000000001
5040,0.11800000000000001
5041,0.11800000000000001
5042,0.11800000000000001
5043,0.11800000000000001
5044,0.11800000000000001
5045,0.11800000000000001
5046,0.11800000000000001
5047,0.11800000000000001
5048,0.11800000000000001
5049,0.11800000000000001
5050,0.11800000000000001
5051,0.11800000000000001
5052,0.11800000000000001
5053,0.11800000000000001
5054,0.11800000000000001
5055,0.11800000000000001
5056,0.11800000000000001
5057,0.11800000000000001
5058,0.11800000000000001
5059,0.11800000000000001
5060,0.11800000000000001
5061,0.11800000000000001
5062,0.11800000000000001
5063,0.11800000000000001
5064,0.11800000000000001
5065,0.11800000000000001
5066,0.11800000000000001
5067,0.11800000000000001
5068,0.11800000000000001
5069,0.11800000000000001
5070,0.11800000000000001
5071,0.11800000000000001
5072,0.11800000000000001
5073,0.11800000000000001
5074,0.11800000000000001
5075,0.11800000000000001
5076,0.11800000000000001
5077,0.11800000000000001
5078,0.11800000000000001
5079,0.11800000000000001
5080,0.11800000000000001
5081,0.11800000000000001
5082,0.11800000000000001
5083,0.11800000000000001
5084,0.11800000000000001
5085,0.11800000000000001
5086,0.11800000000000001
5087,0.11800000000000001
5088,0.11800000000000001
5089,0.11800000000000001
5090,0.11800000000000001
5091,0.11800000000000001
5092,0.11800000000000001
5093,0.11800000000000001
5094,0.11800000000000001
5095,0.11800000000000001
5096,0.11800000000000001
5097,0.11800000000000001
5098,0.11800000000000001
5099,0.11800000000000001
5100,0.11800000000000001
5101,0.11800000000000001
5102,0.11800000000000001
5103,0.11800000000000001
5104,0.11800000000000001
5105,0.11800000000000001
5106,0.11800000000000001
5107,0.11800000000000001
5108,0.11800000000000001
5109,0.11800000000000001
5110,0.11800000000000001
5111,0.11800000000000001
5112,0.11800000000000001
5113,0.11800000000000001
5114,0.11800000000000001
5115,0.11800000000000001
5116,0.11800000000000001
5117,0.11800000000000001
5118,0.11800000000000001
5119,0.11800000000000001
5120,0.11800000000000001
5121,0.11800000000000001
5122,0.11800000000000001
5123,0.11800000000000001
5124,0.11800000000000001
5125,0.11800000000000001
5126,0.11800000000000001
5127,0.11800000000000001
5128,0.11800000000000001
5129,0.11800000000000001
5130,0.11800000000000001
5131,0.11800000000000001
5132,0.11800000000000001
5133,0.11800000000000001
5134,0.11800000000000001
5135,0.11800000000000001
5136,0.11800000000000001
5137,0.11800000000000001
5138,0.11800000000000001
5139,0.11800000000000001
5140,0.11800000000000001
5141,0.11800000000000001
5142,0.11800000000000001
5143,0.11800000000000001
5144,0.11800000000000001
5145,0.11800000000000001
5146,0.11800000000000001
5147,0.11800000000000001
5148,0.11800000000000001
5149,0.11800000000000001
5150,0.11800000000000001
5151,0.11800000000000001
5152,0.11800000000000001
5153,0.11800000000000001
5154,0.11800000000000001
5155,0.11800000000000001
5156,0.11800000000000001
5157,0.11800000000000001
5158,0.11800000000000001
5159,0.11800000000000001
5160,0.11800000000000001
5161,0.11800000000000001
5162,0.11800000000000001
5163,0.11800000000000001
5164,0.11800000000000001
5165,0.11800000000000001
5166,0.11800000000000001
5167,0.11800000000000001
5168,0.11800000000000001
5169,0.11800000000000001
5170,0.11800000000000001
5171,0.11800000000000001
5172,0.11800000000000001
5173,0.11800000000000001
5174,0.11800000000000001
5175,0.11800000000000001
5176,0.11800000000000001
5177,0.11800000000000001
5178,0.11800000000000001
5179,0.11800000000000001
5180,0.11800000000000001
5181,0.11800000000000001
5182,0.11800000000000001
5183,0.11800000000000001
5184,0.11800000000000001
5185,0.11800000000000001
5186,0.11800000000000001
5187,0.11800000000000001
5188,0.11800000000000001
5189,0.11800000000000001
5190,0.11800000000000001
5191,0.11800000000000001
5192,0.11800000000000001
5193,0.11800000000000001
5194,0.11800000000000001
5195,0.11800000000000001
5196,0.11800000000000001
5197,0.11800000000000001
5198,0.11800000000000001
5199,0.11800000000000001
5200,0.11800000000000001
5201,0.11800000000000001
5202,0.11800000000000001
5203,0.11800000000000001
5204,0.11800000000000001
5205,0.11800000000000001
5206,0.11800000000000001
5207,0.11800000000000001
5208,0.11800000000000001
5209,0.11800000000000001
5210,0.11800000000000001
5211,0.11800000000000001
5212,0.11800000000000001
5213,0.11800000000000001
5214,0.11800000000000001
5215,0.11800000000000001
5216,0.11800000000000001
5217,0.11800000000000001
5218,0.11800000000000001
5219,0.11800000000000001
5220,0.11800000000000001
5221,0.11800000000000001
5222,0.11800000000000001
5223,0.11800000000000001
5224,0.11800000000000001
5225,0.11800000000000001
5226,0.11800000000000001
5227,0.11800000000000001
5228,0.11800000000000001
5229,0.11800000000000001
5230,0.11800000000000001
5231,0.11800000000000001
5232,0.11800000000000001
5233,0.11800000000000001
5234,0.11800000000000001
5235,0.11800000000000001
5236,0.11800000000000001
5237,0.11800000000000001
5238,0.11800000000000001
5239,0.11800000000000001
5240,0.11800000000000001
5241,0.11800000000000001
5242,0.11800000000000001
5243,0.11800000000000001
5244,0.11800000000000001
5245,0.11800000000000001
5246,0.11800000000000001
5247,0.11800000000000001
5248,0.11800000000000001
5249,0.11800000000000001
5250,0.11800000000000001
5251,0.11800000000000001
5252,0.11800000000000001
5253,0.11800000000000001
5254,0.11800000000000001
5255,0.11800000000000001
5256,0.11800000000000001
5257,0.11800000000000001
5258,0.11800000000000001
5259,0.11800000000000001
5260,0.11800000000000001
5261,0.11800000000000001
5262,0.11800000000000001
5263,0.11800000000000001
5264,0.11800000000000001
5265,0.11800000000000001
5266,0.11800000000000001
5267,0.11800000000000001
5268,0.11800000000000001
5269,0.11800000000000001
5270,0.11800000000000001
5271,0.11800000000000001
5272,0.11800000000000001
5273,0.11800000000000001
5274,0.11800000000000001
5275,0.11800000000000001
5276,0.11800000000000001
5277,0.11800000000000001
5278,0.11800000000000001
5279,0.11800000000000001
5280,0.11800000000000001
5281,0.11800000000000001
5282,0.11800000000000001
5283,0.11800000000000001
5284,0.11800000000000001
5285,0.11800000000000001
5286,0.11800000000000001
5287,0.11800000000000001
5288,0.11800000000000001
5289,0.11800000000000001
5290,0.11800000000000001
5291,0.11800000000000001
5292,0.11800000000000001
5293,0.11800000000000001
5294,0.11800000000000001
5295,0.11800000000000001
5296,0.11800000000000001
5297,0.11800000000000001
5298,0.11800000000000001
5299,0.11800000000000001
5300,0.11800000000000001
5301,0.11800000000000001
5302,0.11800000000000001
5303,0.11800000000000001
5304,0.11800000000000001
5305,0.11800000000000001
5306,0.11800000000000001
5307,0.11800000000000001
5308,0.11800000000000001
5309,0.11800000000000001
5310,0.11800000000000001
5311,0.11800000000000001
5312,0.11800000000000001
5313,0.11800000000000001
5314,0.11800000000000001
5315,0.11800000000000001
5316,0.11800000000000001
5317,0.11800000000000001
5318,0.11800000000000001
5319,0.11800000000000001
5320,0.11800000000000001
5321,0.11800000000000001
5322,0.11800000000000001
5323,0.11800000000000001
5324,0.11800000000000001
5325,0.11800000000000001
5326,0.11800000000000001
5327,0.11800000000000001
5328,0.11800000000000001
5329,0.11800000000000001
5330,0.11800000000000001
5331,0.11800000000000001
5332,0.11800000000000001
5333,0.11800000000000001
5334,0.11800000000000001
5335,0.11800000000000001
5336,0.11800000000000001
5337,0.11800000000000001
5338,0.11800000000000001
5339,0.11800000000000001
5340,0.11800000000000001
5341,0.11800000000000001
5342,0.11800000000000001
5343,0.11800000000000001
5344,0.11800000000000001
5345,0.11800000000000001
5346,0.11800000000000001
5347,0.11800000000000001
5348,0.11800000000000001
5349,0.11800000000000001
5350,0.11800000000000001
5351,0.11800000000000001
5352,0.11800000000000001
5353,0.11800000000000001
5354,0.11800000000000001
5355,0.11800000000000001
5356,0.11800000000000001
5357,0.11800000000000001
5358,0.11800000000000001
5359,0.11800000000000001
5360,0.11800000000000001
5361,0.11800000000000001
5362,0.11800000000000001
5363,0.11800000000000001
5364,0.11800000000000001
5365,0.11800000000000001
5366,0.11800000000000001
5367,0.11800000000000001
5368,0.11800000000000001
5369,0.11800000000000001
5370,0.11800000000000001
5371,0.11800000000000001
5372,0.11800000000000001
5373,0.11800000000000001
5374,0.11800000000000001
5375,0.11800000000000001
5376,0.11800000000000001
5377,0.11800000000000001
5378,0.11800000000000001
5379,0.11800000000000001
5380,0.11800000000000001
5381,0.11800000000000001
5382,0.11800000000000001
5383,0.11800000000000001
5384,0.11800000000000001
5385,0.11800000000000001
5386,0.11800000000000001
5387,0.11800000000000001
5388,0.11800000000000001
5389,0.11800000000000001
5390,0.11800000000000001
5391,0.11800000000000001
5392,0.11800000000000001
5393,0.11800000000000001
5394,0.11800000000000001
5395,0.11800000000000001
5396,0.11800000000000001
5397,0.11800000000000001
5398,0.11800000000000001
5399,0.11800000000000001
5400,0.11800000000000001
5401,0.11800000000000001
5402,0.11800000000000001
5403,0.11800000000000001
5404,0.11800000000000001
5405,0.11800000000000001
5406,0.11800000000000001
5407,0.11800000000000001
5408,0.11800000000000001
5409,0.11800000000000001
5410,0.11800000000000001
5411,0.11800000000000001
5412,0.11800000000000001
5413,0.11800000000000001
5414,0.11800000000000001
5415,0.11800000000000001
5416,0.11800000000000001
5417,0.11800000000000001
5418,0.11800000000000001
5419,0.11800000000000001
5420,0.11800000000000001
5421,0.11800000000000001
5422,0.11800000000000001
5423,0.11800000000000001
5424,0.11800000000000001
5425,0.11800000000000001
5426,0.11800000000000001
5427,0.11800000000000001
5428,0.11800000000000001
5429,0.11800000000000001
5430,0.11800000000000001
5431,0.11800000000000001
5432,0.11800000000000001
5433,0.11800000000000001
5434,0.11800000000000001
5435,0.11800000000000001
5436,0.11800000000000001
5437,0.11800000000000001
5438,0.11800000000000001
5439,0.11800000000000001
5440,0.11800000000000001
5441,0.11800000000000001
5442,0.11800000000000001
5443,0.11800000000000001
5444,0.11800000000000001
5445,0.11800000000000001
5446,0.11800000000000001
5447,0.11800000000000001
5448,0.11800000000000001
5449,0.11800000000000001
5450,0.11800000000000001
5451,0.11800000000000001
5452,0.11800000000000001
5453,0.11800000000000001
5454,0.11800000000000001
5455,0.11800000000000001
5456,0.11800000000000001
5457,0.11800000000000001
5458,0.11800000000000001
5459,0.11800000000000001
5460,0.11800000000000001
5461,0.11800000000000001
5462,0.11800000000000001
5463,0.11800000000000001
5464,0.11800000000000001
5465,0.11800000000000001
5466,0.11800000000000001
5467,0.11800000000000001
5468,0.11800000000000001
5469,0.11800000000000001
5470,0.11800000000000001
5471,0.11800000000000001
5472,0.11800000000000001
5473,0.11800000000000001
5474,0.11800000000000001
5475,0.11800000000000001
5476,0.11800000000000001
5477,0.11800000000000001
5478,0.11800000000000001
5479,0.11800000000000001
5480,0.11800000000000001
5481,0.11800000000000001
5482,0.11800000000000001
5483,0.11800000000000001
5484,0.11800000000000001
5485,0.11800000000000001
5486,0.11800000000000001
5487,0.11800000000000001
5488,0.11800000000000001
5489,0.11800000000000001
5490,0.11800000000000001
5491,0.11800000000000001
5492,0.11800000000000001
5493,0.11800000000000001
5494,0.11800000000000001
5495,0.11800000000000001
5496,0.11800000000000001
5497,0.11800000000000001
5498,0.11800000000000001
5499,0.11800000000000001
5500,0.11800000000000001
5501,0.11800000000000001
5502,0.11800000000000001
5503,0.11800000000000001
5504,0.11800000000000001
5505,0.11800000000000001
5506,0.11800000000000001
5507,0.11800000000000001
5508,0.11800000000000001
5509,0.11800000000000001
5510,0.11800000000000001
5511,0.11800000000000001
5512,0.11800000000000001
5513,0.11800000000000001
5514,0.11800000000000001
5515,0.11800000000000001
5516,0.11800000000000001
5517,0.11800000000000001
5518,0.11800000000000001
5519,0.11800000000000001
5520,0.11800000000000001
5521,0.11800000000000001
5522,0.11800000000000001
5523,0.11800000000000001
5524,0.11800000000000001
5525,0.11800000000000001
5526,0.11800000000000001
5527,0.11800000000000001
5528,0.11800000000000001
5529,0.11800000000000001
5530,0.11800000000000001
5531,0.11800000000000001
5532,0.11800000000000001
5533,0.11800000000000001
5534,0.11800000000000001
5535,0.11800000000000001
5536,0.11800000000000001
5537,0.11800000000000001
5538,0.11800000000000001
5539,0.11800000000000001
5540,0.11800000000000001
5541,0.11800000000000001
5542,0.11800000000000001
5543,0.11800000000000001
5544,0.11800000000000001
5545,0.11800000000000001
5546,0.11800000000000001
5547,0.11800000000000001
5548,0.11800000000000001
5549,0.11800000000000001
5550,0.11800000000000001
5551,0.11800000000000001
5552,0.11800000000000001
5553,0.11800000000000001
5554,0.11800000000000001
5555,0.11800000000000001
5556,0.11800000000000001
5557,0.11800000000000001
5558,0.11800000000000001
5559,0.11800000000000001
5560,0.11800000000000001
5561,0.11800000000000001
5562,0.11800000000000001
5563,0.11800000000000001
5564,0.11800000000000001
5565,0.11800000000000001
5566,0.11800000000000001
5567,0.11800000000000001
5568,0.11800000000000001
5569,0.11800000000000001
5570,0.11800000000000001
5571,0.11800000000000001
5572,0.11800000000000001
5573,0.11800000000000001
5574,0.11800000000000001
5575,0.11800000000000001
5576,0.11800000000000001
5577,0.11800000000000001
5578,0.11800000000000001
5579,0.11800000000000001
5580,0.11800000000000001
5581,0.11800000000000001
5582,0.11800000000000001
5583,0.11800000000000001
5584,0.11800000000000001
5585,0.11800000000000001
5586,0.11800000000000001
5587,0.11800000000000001
5588,0.11800000000000001
5589,0.11800000000000001
5590,0.11800000000000001
5591,0.11800000000000001
5592,0.11800000000000001
5593,0.11800000000000001
5594,0.11800000000000001
5595,0.11800000000000001
5596,0.11800000000000001
5597,0.11800000000000001
5598,0.11800000000000001
5599,0.11800000000000001
5600,0.11800000000000001
5601,0.11800000000000001
5602,0.11800000000000001
5603,0.11800000000000001
5604,0.11800000000000001
5605,0.11800000000000001
5606,0.11800000000000001
5607,0.11800000000000001
5608,0.11800000000000001
5609,0.11800000000000001
5610,0.11800000000000001
5611,0.11800000000000001
5612,0.11800000000000001
5613,0.11800000000000001
5614,0.11800000000000001
5615,0.11800000000000001
5616,0.11800000000000001
5617,0.11800000000000001
5618,0.11800000000000001
5619,0.11800000000000001
5620,0.11800000000000001
5621,0.11800000000000001
5622,0.11800000000000001
5623,0.11800000000000001
5624,0.11800000000000001
5625,0.11800000000000001
5626,0.11800000000000001
5627,0.11800000000000001
5628,0.11800000000000001
5629,0.11800000000000001
5630,0.11800000000000001
5631,0.11800000000000001
5632,0.11800000000000001
5633,0.11800000000000001
5634,0.11800000000000001
5635,0.11800000000000001
5636,0.11800000000000001
5637,0.11800000000000001
5638,0.11800000000000001
5639,0.11800000000000001
5640,0.11800000000000001
5641,0.11800000000000001
5642,0.11800000000000001
5643,0.11800000000000001
5644,0.11800000000000001
5645,0.11800000000000001
5646,0.11800000000000001
5647,0.11800000000000001
5648,0.11800000000000001
5649,0.11800000000000001
5650,0.11800000000000001
5651,0.11800000000000001
5652,0.11800000000000001
5653,0.11800000000000001
5654,0.11800000000000001
5655,0.11800000000000001
5656,0.11800000000000001
5657,0.11800000000000001
5658,0.11800000000000001
5659,0.11800000000000001
5660,0.11800000000000001
5661,0.11800000000000001
5662,0.11800000000000001
5663,0.11800000000000001
5664,0.11800000000000001
5665,0.11800000000000001
5666,0.11800000000000001
5667,0.11800000000000001
5668,0.11800000000000001
5669,0.11800000000000001
5670,0.11800000000000001
5671,0.11800000000000001
5672,0.11800000000000001
5673,0.11800000000000001
5674,0.11800000000000001
5675,0.11800000000000001
5676,0.11800000000000001
5677,0.11800000000000001
5678,0.11800000000000001
5679,0.11800000000000001
5680,0.11800000000000001
5681,0.11800000000000001
5682,0.11800000000000001
5683,0.11800000000000001
5684,0.11800000000000001
5685,0.11800000000000001
5686,0.11800000000000001
5687,0.11800000000000001
5688,0.11800000000000001
5689,0.11800000000000001
5690,0.11800000000000001
5691,0.11800000000000001
5692,0.11800000000000001
5693,0.11800000000000001
5694,0.11800000000000001
5695,0.11800000000000001
5696,0.11800000000000001
5697,0.11800000000000001
5698,0.11800000000000001
5699,0.11800000000000001
5700,0.11800000000000001
5701,0.11800000000000001
5702,0.11800000000000001
5703,0.11800000000000001
5704,0.11800000000000001
5705,0.11800000000000001
5706,0.11800000000000001
5707,0.11800000000000001
5708,0.11800000000000001
5709,0.11800000000000001
5710,0.11800000000000001
5711,0.11800000000000001
5712,0.11800000000000001
5713,0.11800000000000001
5714,0.11800000000000001
5715,0.11800000000000001
5716,0.11800000000000001
5717,0.11800000000000001
5718,0.11800000000000001
5719,0.11800000000000001
5720,0.11800000000000001
5721,0.11800000000000001
5722,0.11800000000000001
5723,0.11800000000000001
5724,0.11800000000000001
5725,0.11800000000000001
5726,0.11800000000000001
5727,0.11800000000000001
5728,0.11800000000000001
5729,0.11800000000000001
5730,0.11800000000000001
5731,0.11800000000000001
5732,0.11800000000000001
5733,0.11800000000000001
5734,0.11800000000000001
5735,0.11800000000000001
5736,0.11800000000000001
5737,0.11800000000000001
5738,0.11800000000000001
5739,0.11800000000000001
5740,0.11800000000000001
5741,0.11800000000000001
5742,0.11800000000000001
5743,0.11800000000000001
5744,0.11800000000000001
5745,0.11800000000000001
5746,0.11800000000000001
5747,0.11800000000000001
5748,0.11800000000000001
5749,0.11800000000000001
5750,0.11800000000000001
5751,0.11800000000000001
5752,0.11800000000000001
5753,0.11800000000000001
5754,0.11800000000000001
5755,0.11800000000000001
5756,0.11800000000000001
5757,0.11800000000000001
5758,0.11800000000000001
5759,0.11800000000000001
5760,0.11800000000000001
5761,0.11800000000000001
5762,0.11800000000000001
5763,0.11800000000000001
5764,0.11800000000000001
5765,0.11800000000000001
5766,0.11800000000000001
5767,0.11800000000000001
5768,0.11800000000000001
5769,0.11800000000000001
5770,0.11800000000000001
5771,0.11800000000000001
5772,0.11800000000000001
5773,0.11800000000000001
5774,0.11800000000000001
5775,0.11800000000000001
5776,0.11800000000000001
5777,0.11800000000000001
5778,0.11800000000000001
5779,0.11800000000000001
5780,0.11800000000000001
5781,0.11800000000000001
5782,0.11800000000000001
5783,0.11800000000000001
5784,0.11800000000000001
5785,0.11800000000000001
5786,0.11800000000000001
5787,0.11800000000000001
5788,0.11800000000000001
5789,0.11800000000000001
5790,0.11800000000000001
5791,0.11800000000000001
5792,0.11800000000000001
5793,0.11800000000000001
5794,0.11800000000000001
5795,0.11800000000000001
5796,0.11800000000000001
5797,0.11800000000000001
5798,0.11800000000000001
5799,0.11800000000000001
5800,0.11800000000000001
5801,0.11800000000000001
5802,0.11800000000000001
5803,0.11800000000000001
5804,0.11800000000000001
5805,0.11800000000000001
5806,0.11800000000000001
5807,0.11800000000000001
5808,0.11800000000000001
5809,0.11800000000000001
5810,0.11800000000000001
5811,0.11800000000000001
5812,0.11800000000000001
5813,0.11800000000000001
5814,0.11800000000000001
5815,0.11800000000000001
5816,0.11800000000000001
5817,0.11800000000000001
5818,0.11800000000000001
5819,0.11800000000000001
5820,0.11800000000000001
5821,0.11800000000000001
5822,0.11800000000000001
5823,0.11800000000000001
5824,0.11800000000000001
5825,0.11800000000000001
5826,0.11800000000000001
5827,0.11800000000000001
5828,0.11800000000000001
5829,0.11800000000000001
5830,0.11800000000000001
5831,0.11800000000000001
5832,0.11800000000000001
5833,0.11800000000000001
5834,0.11800000000000001
5835,0.11800000000000001
5836,0.11800000000000001
5837,0.11800000000000001
5838,0.11800000000000001
5839,0.11800000000000001
5840,0.11800000000000001
5841,0.11800000000000001
5842,0.11800000000000001
5843,0.11800000000000001
5844,0.11800000000000001
5845,0.11800000000000001
5846,0.11800000000000001
5847,0.11800000000000001
5848,0.11800000000000001
5849,0.11800000000000001
5850,0.11800000000000001
5851,0.11800000000000001
5852,0.11800000000000001
5853,0.11800000000000001
5854,0.11800000000000001
5855,0.11800000000000001
5856,0.11800000000000001
5857,0.11800000000000001
5858,0.11800000000000001
5859,0.11800000000000001
5860,0.11800000000000001
5861,0.11800000000000001
5862,0.11800000000000001
5863,0.11800000000000001
5864,0.11800000000000001
5865,0.11800000000000001
5866,0.11800000000000001
5867,0.11800000000000001
5868,0.11800000000000001
5869,0.11800000000000001
5870,0.11800000000000001
5871,0.11800000000000001
5872,0.11800000000000001
5873,0.11800000000000001
5874,0.11800000000000001
5875,0.11800000000000001
5876,0.11800000000000001
5877,0.11800000000000001
5878,0.11800000000000001
5879,0.11800000000000001
5880,0.11800000000000001
5881,0.11800000000000001
5882,0.11800000000000001
5883,0.11800000000000001
5884,0.11800000000000001
5885,0.11800000000000001
5886,0.11800000000000001
5887,0.11800000000000001
5888,0.11800000000000001
5889,0.11800000000000001
5890,0.11800000000000001
5891,0.11800000000000001
5892,0.11800000000000001
5893,0.11800000000000001
5894,0.11800000000000001
5895,0.11800000000000001
5896,0.11800000000000001
5897,0.11800000000000001
5898,0.11800000000000001
5899,0.11800000000000001
5900,0.11800000000000001
5901,0.11800000000000001
5902,0.11800000000000001
5903,0.11800000000000001
5904,0.11800000000000001
5905,0.11800000000000001
5906,0.11800000000000001
5907,0.11800000000000001
5908,0.11800000000000001
5909,0.11800000000000001
5910,0.11800000000000001
5911,0.11800000000000001
5912,0.11800000000000001
5913,0.11800000000000001
5914,0.11800000000000001
5915,0.11800000000000001
5916,0.11800000000000001
5917,0.11800000000000001
5918,0.11800000000000001
5919,0.11800000000000001
5920,0.11800000000000001
5921,0.11800000000000001
5922,0.11800000000000001
5923,0.11800000000000001
5924,0.11800000000000001
5925,0.11800000000000001
5926,0.11800000000000001
5927,0.11800000000000001
5928,0.11800000000000001
5929,0.11800000000000001
5930,0.11800000000000001
5931,0.11800000000000001
5932,0.11800000000000001
5933,0.11800000000000001
5934,0.11800000000000001
5935,0.11800000000000001
5936,0.11800000000000001
5937,0.11800000000000001
5938,0.11800000000000001
5939,0.11800000000000001
5940,0.11800000000000001
5941,0.11800000000000001
5942,0.11800000000000001
5943,0.11800000000000001
5944,0.11800000000000001
5945,0.11800000000000001
5946,0.11800000000000001
5947,0.11800000000000001
5948,0.11800000000000001
5949,0.11800000000000001
5950,0.11800000000000001
5951,0.11800000000000001
5952,0.11800000000000001
5953,0.11800000000000001
5954,0.11800000000000001
5955,0.11800000000000001
5956,0.11800000000000001
5957,0.11800000000000001
5958,0.11800000000000001
5959,0.11800000000000001
5960,0.11800000000000001
5961,0.11800000000000001
5962,0.11800000000000001
5963,0.11800000000000001
5964,0.11800000000000001
5965,0.11800000000000001
5966,0.11800000000000001
5967,0.11800000000000001
5968,0.11800000000000001
5969,0.11800000000000001
5970,0.11800000000000001
5971,0.11800000000000001
5972,0.11800000000000001
5973,0.11800000000000001
5974,0.11800000000000001
5975,0.11800000000000001
5976,0.11800000000000001
5977,0.11800000000000001
5978,0.11800000000000001
5979,0.11800000000000001
5980,0.11800000000000001
5981,0.11800000000000001
5982,0.11800000000000001
5983,0.11800000000000001
5984,0.11800000000000001
5985,0.11800000000000001
5986,0.11800000000000001
5987,0.11800000000000001
5988,0.11800000000000001
5989,0.11800000000000001
5990,0.11800000000000001
5991,0.11800000000000001
5992,0.11800000000000001
5993,0.11800000000000001
5994,0.11800000000000001
5995,0.11800000000000001
5996,0.11800000000000001
5997,0.11800000000000001
5998,0.11800000000000001
5999,0.11800000000000001
6000,0.11800000000000001
6001,0.11800000000000001
6002,0.11800000000000001
6003,0.11800000000000001
6004,0.11800000000000001
6005,0.11800000000000001
6006,0.11800000000000001
6007,0.11800000000000001
6008,0.11800000000000001
6009,0.11800000000000001
6010,0.11800000000000001
6011,0.11800000000000001
6012,0.11800000000000001
6013,0.11800000000000001
6014,0.11800000000000001
6015,0.11800000000000001
6016,0.11800000000000001
6017,0.11800000000000001
6018,0.11800000000000001
6019,0.11800000000000001
6020,0.11800000000000001
6021,0.11800000000000001
6022,0.11800000000000001
6023,0.11800000000000001
6024,0.11800000000000001
6025,0.11800000000000001
6026,0.11800000000000001
6027,0.11800000000000001
6028,0.11800000000000001
6029,0.11800000000000001
6030,0.11800000000000001
6031,0.11800000000000001
6032,0.11800000000000001
6033,0.11800000000000001
6034,0.11800000000000001
6035,0.11800000000000001
6036,0.11800000000000001
6037,0.11800000000000001
6038,0.11800000000000001
6039,0.11800000000000001
6040,0.11800000000000001
6041,0.11800000000000001
6042,0.11800000000000001
6043,0.11800000000000001
6044,0.11800000000000001
6045,0.11800000000000001
6046,0.11800000000000001
6047,0.11800000000000001
6048,0.11800000000000001
6049,0.11800000000000001
6050,0.11800000000000001
6051,0.11800000000000001
6052,0.11800000000000001
6053,0.11800000000000001
6054,0.11800000000000001
6055,0.11800000000000001
6056,0.11800000000000001
6057,0.11800000000000001
6058,0.11800000000000001
6059,0.11800000000000001
6060,0.11800000000000001
6061,0.11800000000000001
6062,0.11800000000000001
6063,0.11800000000000001
6064,0.11800000000000001
6065,0.11800000000000001
6066,0.11800000000000001
6067,0.11800000000000001
6068,0.11800000000000001
6069,0.11800000000000001
6070,0.11800000000000001
6071,0.11800000000000001
6072,0.11800000000000001
6073,0.11800000000000001
6074,0.11800000000000001
6075,0.11800000000000001
6076,0.11800000000000001
6077,0.11800000000000001
6078,0.11800000000000001
6079,0.11800000000000001
6080,0.11800000000000001
6081,0.11800000000000001
6082,0.11800000000000001
6083,0.11800000000000001
6084,0.11800000000000001
6085,0.11800000000000001
6086,0.11800000000000001
6087,0.11800000000000001
6088,0.11800000000000001
6089,0.11800000000000001
6090,0.11800000000000001
6091,0.11800000000000001
6092,0.11800000000000001
6093,0.11800000000000001
6094,0.11800000000000001
6095,0.11800000000000001
6096,0.11800000000000001
6097,0.11800000000000001
6098,0.11800000000000001
6099,0.11800000000000001
6100,0.11800000000000001
6101,0.11800000000000001
6102,0.11800000000000001
6103,0.11800000000000001
6104,0.11800000000000001
6105,0.11800000000000001
6106,0.11800000000000001
6107,0.11800000000000001
6108,0.11800000000000001
6109,0.11800000000000001
6110,0.11800000000000001
6111,0.11800000000000001
6112,0.11800000000000001
6113,0.11800000000000001
6114,0.11800000000000001
6115,0.11800000000000001
6116,0.11800000000000001
6117,0.11800000000000001
6118,0.11800000000000001
6119,0.11800000000000001
6120,0.11800000000000001
6121,0.11800000000000001
6122,0.11800000000000001
6123,0.11800000000000001
6124,0.11800000000000001
6125,0.11800000000000001
6126,0.11800000000000001
6127,0.11800000000000001
6128,0.11800000000000001
6129,0.11800000000000001
6130,0.11800000000000001
6131,0.11800000000000001
6132,0.11800000000000001
6133,0.11800000000000001
6134,0.11800000000000001
6135,0.11800000000000001
6136,0.11800000000000001
6137,0.11800000000000001
6138,0.11800000000000001
6139,0.11800000000000001
6140,0.11800000000000001
6141,0.11800000000000001
6142,0.11800000000000001
6143,0.11800000000000001
6144,0.11800000000000001
6145,0.11800000000000001
6146,0.11800000000000001
6147,0.11800000000000001
6148,0.11800000000000001
6149,0.11800000000000001
6150,0.11800000000000001
6151,0.11800000000000001
6152,0.11800000000000001
6153,0.11800000000000001
6154,0.11800000000000001
6155,0.11800000000000001
6156,0.11800000000000001
6157,0.11800000000000001
6158,0.11800000000000001
6159,0.11800000000000001
6160,0.11800000000000001
6161,0.11800000000000001
6162,0.11800000000000001
6163,0.11800000000000001
6164,0.11800000000000001
6165,0.11800000000000001
6166,0.11800000000000001
6167,0.11800000000000001
6168,0.11800000000000001
6169,0.11800000000000001
6170,0.11800000000000001
6171,0.11800000000000001
6172,0.11800000000000001
6173,0.11800000000000001
6174,0.11800000000000001
6175,0.11800000000000001
6176,0.11800000000000001
6177,0.11800000000000001
6178,0.11800000000000001
6179,0.11800000000000001
6180,0.11800000000000001
6181,0.11800000000000001
6182,0.11800000000000001
6183,0.11800000000000001
6184,0.11800000000000001
6185,0.11800000000000001
6186,0.11800000000000001
6187,0.11800000000000001
6188,0.11800000000000001
6189,0.11800000000000001
6190,0.11800000000000001
6191,0.11800000000000001
6192,0.11800000000000001
6193,0.11800000000000001
6194,0.11800000000000001
6195,0.11800000000000001
6196,0.11800000000000001
6197,0.11800000000000001
6198,0.11800000000000001
6199,0.11800000000000001
6200,0.11800000000000001
6201,0.11800000000000001
6202,0.11800000000000001
6203,0.11800000000000001
6204,0.11800000000000001
6205,0.11800000000000001
6206,0.11800000000000001
6207,0.11800000000000001
6208,0.11800000000000001
6209,0.11800000000000001
6210,0.11800000000000001
6211,0.11800000000000001
6212,0.11800000000000001
6213,0.11800000000000001
6214,0.11800000000000001
6215,0.11800000000000001
6216,0.11800000000000001
6217,0.11800000000000001
6218,0.11800000000000001
6219,0.11800000000000001
6220,0.11800000000000001
6221,0.11800000000000001
6222,0.11800000000000001
6223,0.11800000000000001
6224,0.11800000000000001
6225,0.11800000000000001
6226,0.11800000000000001
6227,0.11800000000000001
6228,0.11800000000000001
6229,0.11800000000000001
6230,0.11800000000000001
6231,0.11800000000000001
6232,0.11800000000000001
6233,0.11800000000000001
6234,0.11800000000000001
6235,0.11800000000000001
6236,0.11800000000000001
6237,0.11800000000000001
6238,0.11800000000000001
6239,0.11800000000000001
6240,0.11800000000000001
6241,0.11800000000000001
6242,0.11800000000000001
6243,0.11800000000000001
6244,0.11800000000000001
6245,0.11800000000000001
6246,0.11800000000000001
6247,0.11800000000000001
6248,0.11800000000000001
6249,0.11800000000000001
6250,0.11800000000000001
6251,0.11800000000000001
6252,0.11800000000000001
6253,0.11800000000000001
6254,0.11800000000000001
6255,0.11800000000000001
6256,0.11800000000000001
6257,0.11800000000000001
6258,0.11800000000000001
6259,0.11800000000000001
6260,0.11800000000000001
6261,0.11800000000000001
6262,0.11800000000000001
6263,0.11800000000000001
6264,0.11800000000000001
6265,0.11800000000000001
6266,0.11800000000000001
6267,0.11800000000000001
6268,0.11800000000000001
6269,0.11800000000000001
6270,0.11800000000000001
6271,0.11800000000000001
6272,0.11800000000000001
6273,0.11800000000000001
6274,0.11800000000000001
6275,0.11800000000000001
6276,0.11800000000000001
6277,0.11800000000000001
6278,0.11800000000000001
6279,0.11800000000000001
6280,0.11800000000000001
6281,0.11800000000000001
6282,0.11800000000000001
6283,0.11800000000000001
6284,0.11800000000000001
6285,0.11800000000000001
6286,0.11800000000000001
6287,0.11800000000000001
6288,0.11800000000000001
6289,0.11800000000000001
6290,0.11800000000000001
6291,0.11800000000000001
6292,0.11800000000000001
6293,0.11800000000000001
6294,0.11800000000000001
6295,0.11800000000000001
6296,0.11800000000000001
6297,0.11800000000000001
6298,0.11800000000000001
6299,0.11800000000000001
6300,0.11800000000000001
6301,0.11800000000000001
6302,0.11800000000000001
6303,0.11800000000000001
6304,0.11800000000000001
6305,0.11800000000000001
6306,0.11800000000000001
6307,0.11800000000000001
6308,0.11800000000000001
6309,0.11800000000000001
6310,0.11800000000000001
6311,0.11800000000000001
6312,0.11800000000000001
6313,0.11800000000000001
6314,0.11800000000000001
6315,0.11800000000000001
6316,0.11800000000000001
6317,0.11800000000000001
6318,0.11800000000000001
6319,0.11800000000000001
6320,0.11800000000000001
6321,0.11800000000000001
6322,0.11800000000000001
6323,0.11800000000000001
6324,0.11800000000000001
6325,0.11800000000000001
6326,0.11800000000000001
6327,0.11800000000000001
6328,0.11800000000000001
6329,0.11800000000000001
6330,0.11800000000000001
6331,0.11800000000000001
6332,0.11800000000000001
6333,0.11800000000000001
6334,0.11800000000000001
6335,0.11800000000000001
6336,0.11800000000000001
6337,0.11800000000000001
6338,0.11800000000000001
6339,0.11800000000000001
6340,0.11800000000000001
6341,0.11800000000000001
6342,0.11800000000000001
6343,0.11800000000000001
6344,0.11800000000000001
6345,0.11800000000000001
6346,0.11800000000000001
6347,0.11800000000000001
6348,0.11800000000000001
6349,0.11800000000000001
6350,0.11800000000000001
6351,0.11800000000000001
6352,0.11800000000000001
6353,0.11800000000000001
6354,0.11800000000000001
6355,0.11800000000000001
6356,0.11800000000000001
6357,0.11800000000000001
6358,0.11800000000000001
6359,0.11800000000000001
6360,0.11800000000000001
6361,0.11800000000000001
6362,0.11800000000000001
6363,0.11800000000000001
6364,0.11800000000000001
6365,0.11800000000000001
6366,0.11800000000000001
6367,0.11800000000000001
6368,0.11800000000000001
6369,0.11800000000000001
6370,0.11800000000000001
6371,0.11800000000000001
6372,0.11800000000000001
6373,0.11800000000000001
6374,0.11800000000000001
6375,0.11800000000000001
6376,0.11800000000000001
6377,0.11800000000000001
6378,0.11800000000000001
6379,0.11800000000000001
6380,0.11800000000000001
6381,0.11800000000000001
6382,0.11800000000000001
6383,0.11800000000000001
6384,0.11800000000000001
6385,0.11800000000000001
6386,0.11800000000000001
6387,0.11800000000000001
6388,0.11800000000000001
6389,0.11800000000000001
6390,0.11800000000000001
6391,0.11800000000000001
6392,0.11800000000000001
6393,0.11800000000000001
6394,0.11800000000000001
6395,0.11800000000000001
6396,0.11800000000000001
6397,0.11800000000000001
6398,0.11800000000000001
6399,0.11800000000000001
6400,0.11800000000000001
6401,0.11800000000000001
6402,0.11800000000000001
6403,0.11800000000000001
6404,0.11800000000000001
6405,0.11800000000000001
6406,0.11800000000000001
6407,0.11800000000000001
6408,0.11800000000000001
6409,0.11800000000000001
6410,0.11800000000000001
6411,0.11800000000000001
6412,0.11800000000000001
6413,0.11800000000000001
6414,0.11800000000000001
6415,0.11800000000000001
6416,0.11800000000000001
6417,0.11800000000000001
6418,0.11800000000000001
6419,0.11800000000000001
6420,0.11800000000000001
6421,0.11800000000000001
6422,0.11800000000000001
6423,0.11800000000000001
6424,0.11800000000000001
6425,0.11800000000000001
6426,0.11800000000000001
6427,0.11800000000000001
6428,0.11800000000000001
6429,0.11800000000000001
6430,0.11800000000000001
6431,0.11800000000000001
6432,0.11800000000000001
6433,0.11800000000000001
6434,0.11800000000000001
6435,0.11800000000000001
6436,0.11800000000000001
6437,0.11800000000000001
6438,0.11800000000000001
6439,0.11800000000000001
6440,0.11800000000000001
6441,0.11800000000000001
6442,0.11800000000000001
6443,0.11800000000000001
6444,0.11800000000000001
6445,0.11800000000000001
6446,0.11800000000000001
6447,0.11800000000000001
6448,0.11800000000000001
6449,0.11800000000000001
6450,0.11800000000000001
6451,0.11800000000000001
6452,0.11800000000000001
6453,0.11800000000000001
6454,0.11800000000000001
6455,0.11800000000000001
6456,0.11800000000000001
6457,0.11800000000000001
6458,0.11800000000000001
6459,0.11800000000000001
6460,0.11800000000000001
6461,0.11800000000000001
6462,0.11800000000000001
6463,0.11800000000000001
6464,0.11800000000000001
6465,0.11800000000000001
6466,0.11800000000000001
6467,0.11800000000000001
6468,0.11800000000000001
6469,0.11800000000000001
6470,0.11800000000000001
6471,0.11800000000000001
6472,0.11800000000000001
6473,0.11800000000000001
6474,0.11800000000000001
6475,0.11800000000000001
6476,0.11800000000000001
6477,0.11800000000000001
6478,0.11800000000000001
6479,0.11800000000000001
6480,0.11800000000000001
6481,0.11800000000000001
6482,0.11800000000000001
6483,0.11800000000000001
6484,0.11800000000000001
6485,0.11800000000000001
6486,0.11800000000000001
6487,0.11800000000000001
6488,0.11800000000000001
6489,0.11800000000000001
6490,0.11800000000000001
6491,0.11800000000000001
6492,0.11800000000000001
6493,0.11800000000000001
6494,0.11800000000000001
6495,0.11800000000000001
6496,0.11800000000000001
6497,0.11800000000000001
6498,0.11800000000000001
6499,0.11800000000000001
6500,0.11800000000000001
6501,0.11800000000000001
6502,0.11800000000000001
6503,0.11800000000000001
6504,0.11800000000000001
6505,0.11800000000000001
6506,0.11800000000000001
6507,0.11800000000000001
6508,0.11800000000000001
6509,0.11800000000000001
6510,0.11800000000000001
6511,0.11800000000000001
6512,0.11800000000000001
6513,0.11800000000000001
6514,0.11800000000000001
6515,0.11800000000000001
6516,0.11800000000000001
6517,0.11800000000000001
6518,0.11800000000000001
6519,0.11800000000000001
6520,0.11800000000000001
6521,0.11800000000000001
6522,0.11800000000000001
6523,0.11800000000000001
6524,0.11800000000000001
6525,0.11800000000000001
6526,0.11800000000000001
6527,0.11800000000000001
6528,0.11800000000000001
6529,0.11800000000000001
6530,0.11800000000000001
6531,0.11800000000000001
6532,0.11800000000000001
6533,0.11800000000000001
6534,0.11800000000000001
6535,0.11800000000000001
6536,0.11800000000000001
6537,0.11800000000000001
6538,0.11800000000000001
6539,0.11800000000000001
6540,0.11800000000000001
6541,0.11800000000000001
6542,0.11800000000000001
6543,0.11800000000000001
6544,0.11800000000000001
6545,0.11800000000000001
6546,0.11800000000000001
6547,0.11800000000000001
6548,0.11800000000000001
6549,0.11800000000000001
6550,0.11800000000000001
6551,0.11800000000000001
6552,0.11800000000000001
6553,0.11800000000000001
6554,0.11800000000000001
6555,0.11800000000000001
6556,0.11800000000000001
6557,0.11800000000000001
6558,0.11800000000000001
6559,0.11800000000000001
6560,0.11800000000000001
6561,0.11800000000000001
6562,0.11800000000000001
6563,0.11800000000000001
6564,0.11800000000000001
6565,0.11800000000000001
6566,0.11800000000000001
6567,0.11800000000000001
6568,0.11800000000000001
6569,0.11800000000000001
6570,0.11800000000000001
6571,0.11800000000000001
6572,0.11800000000000001
6573,0.11800000000000001
6574,0.11800000000000001
6575,0.11800000000000001
6576,0.11800000000000001
6577,0.11800000000000001
6578,0.11800000000000001
6579,0.11800000000000001
6580,0.11800000000000001
6581,0.11800000000000001
6582,0.11800000000000001
6583,0.11800000000000001
6584,0.11800000000000001
6585,0.11800000000000001
6586,0.11800000000000001
6587,0.11800000000000001
6588,0.11800000000000001
6589,0.11800000000000001
6590,0.11800000000000001
6591,0.11800000000000001
6592,0.11800000000000001
6593,0.11800000000000001
6594,0.11800000000000001
6595,0.11800000000000001
6596,0.11800000000000001
6597,0.11800000000000001
6598,0.11800000000000001
6599,0.11800000000000001
6600,0.11800000000000001
6601,0.11800000000000001
6602,0.11800000000000001
6603,0.11800000000000001
6604,0.11800000000000001
6605,0.11800000000000001
6606,0.11800000000000001
6607,0.11800000000000001
6608,0.11800000000000001
6609,0.11800000000000001
6610,0.11800000000000001
6611,0.11800000000000001
6612,0.11800000000000001
6613,0.11800000000000001
6614,0.11800000000000001
6615,0.11800000000000001
6616,0.11800000000000001
6617,0.11800000000000001
6618,0.11800000000000001
6619,0.11800000000000001
6620,0.11800000000000001
6621,0.11800000000000001
6622,0.11800000000000001
6623,0.11800000000000001
6624,0.11800000000000001
6625,0.11800000000000001
6626,0.11800000000000001
6627,0.11800000000000001
6628,0.11800000000000001
6629,0.11800000000000001
6630,0.11800000000000001
6631,0.11800000000000001
6632,0.11800000000000001
6633,0.11800000000000001
6634,0.11800000000000001
6635,0.11800000000000001
6636,0.11800000000000001
6637,0.11800000000000001
6638,0.11800000000000001
6639,0.11800000000000001
6640,0.11800000000000001
6641,0.11800000000000001
6642,0.11800000000000001
6643,0.11800000000000001
6644,0.11800000000000001
6645,0.11800000000000001
6646,0.11800000000000001
6647,0.11800000000000001
6648,0.11800000000000001
6649,0.11800000000000001
6650,0.11800000000000001
6651,0.11800000000000001
6652,0.11800000000000001
6653,0.11800000000000001
6654,0.11800000000000001
6655,0.11800000000000001
6656,0.11800000000000001
6657,0.11800000000000001
6658,0.11800000000000001
6659,0.11800000000000001
6660,0.11800000000000001
6661,0.11800000000000001
6662,0.11800000000000001
6663,0.11800000000000001
6664,0.11800000000000001
6665,0.11800000000000001
6666,0.11800000000000001
6667,0.11800000000000001
6668,0.11800000000000001
6669,0.11800000000000001
6670,0.11800000000000001
6671,0.11800000000000001
6672,0.11800000000000001
6673,0.11800000000000001
6674,0.11800000000000001
6675,0.11800000000000001
6676,0.11800000000000001
6677,0.11800000000000001
6678,0.11800000000000001
6679,0.11800000000000001
6680,0.11800000000000001
6681,0.11800000000000001
6682,0.11800000000000001
6683,0.11800000000000001
6684,0.11800000000000001
6685,0.11800000000000001
6686,0.11800000000000001
6687,0.11800000000000001
6688,0.11800000000000001
6689,0.11800000000000001
6690,0.11800000000000001
6691,0.11800000000000001
6692,0.11800000000000001
6693,0.11800000000000001
6694,0.11800000000000001
6695,0.11800000000000001
6696,0.11800000000000001
6697,0.11800000000000001
6698,0.11800000000000001
6699,0.11800000000000001
6700,0.11800000000000001
6701,0.11800000000000001
6702,0.11800000000000001
6703,0.11800000000000001
6704,0.11800000000000001
6705,0.11800000000000001
6706,0.11800000000000001
6707,0.11800000000000001
6708,0.11800000000000001
6709,0.11800000000000001
6710,0.11800000000000001
6711,0.11800000000000001
6712,0.11800000000000001
6713,0.11800000000000001
6714,0.11800000000000001
6715,0.11800000000000001
6716,0.11800000000000001
6717,0.11800000000000001
6718,0.11800000000000001
6719,0.11800000000000001
6720,0.11800000000000001
6721,0.11800000000000001
6722,0.11800000000000001
6723,0.11800000000000001
6724,0.11800000000000001
6725,0.11800000000000001
6726,0.11800000000000001
6727,0.11800000000000001
6728,0.11800000000000001
6729,0.11800000000000001
6730,0.11800000000000001
6731,0.11800000000000001
6732,0.11800000000000001
6733,0.11800000000000001
6734,0.11800000000000001
6735,0.11800000000000001
6736,0.11800000000000001
6737,0.11800000000000001
6738,0.11800000000000001
6739,0.11800000000000001
6740,0.11800000000000001
6741,0.11800000000000001
6742,0.11800000000000001
6743,0.11800000000000001
6744,0.11800000000000001
6745,0.11800000000000001
6746,0.11800000000000001
6747,0.11800000000000001
6748,0.11800000000000001
6749,0.11800000000000001
6750,0.11800000000000001
6751,0.11800000000000001
6752,0.11800000000000001
6753,0.11800000000000001
6754,0.11800000000000001
6755,0.11800000000000001
6756,0.11800000000000001
6757,0.11800000000000001
6758,0.11800000000000001
6759,0.11800000000000001
6760,0.11800000000000001
6761,0.11800000000000001
6762,0.11800000000000001
6763,0.11800000000000001
6764,0.11800000000000001
6765,0.11800000000000001
6766,0.11800000000000001
6767,0.11800000000000001
6768,0.11800000000000001
6769,0.11800000000000001
6770,0.11800000000000001
6771,0.11800000000000001
6772,0.11800000000000001
6773,0.11800000000000001
6774,0.11800000000000001
6775,0.11800000000000001
6776,0.11800000000000001
6777,0.11800000000000001
6778,0.11800000000000001
6779,0.11800000000000001
6780,0.11800000000000001
6781,0.11800000000000001
6782,0.11800000000000001
6783,0.11800000000000001
6784,0.11800000000000001
6785,0.11800000000000001
6786,0.11800000000000001
6787,0.11800000000000001
6788,0.11800000000000001
6789,0.11800000000000001
6790,0.11800000000000001
6791,0.11800000000000001
6792,0.11800000000000001
6793,0.11800000000000001
6794,0.11800000000000001
6795,0.11800000000000001
6796,0.11800000000000001
6797,0.11800000000000001
6798,0.11800000000000001
6799,0.11800000000000001
6800,0.11800000000000001
6801,0.11800000000000001
6802,0.11800000000000001
6803,0.11800000000000001
6804,0.11800000000000001
6805,0.11800000000000001
6806,0.11800000000000001
6807,0.11800000000000001
6808,0.11800000000000001
6809,0.11800000000000001
6810,0.11800000000000001
6811,0.11800000000000001
6812,0.11800000000000001
6813,0.11800000000000001
6814,0.11800000000000001
6815,0.11800000000000001
6816,0.11800000000000001
6817,0.11800000000000001
6818,0.11800000000000001
6819,0.11800000000000001
6820,0.11800000000000001
6821,0.11800000000000001
6822,0.11800000000000001
6823,0.11800000000000001
6824,0.11800000000000001
6825,0.11800000000000001
6826,0.11800000000000001
6827,0.11800000000000001
6828,0.11800000000000001
6829,0.11800000000000001
6830,0.11800000000000001
6831,0.11800000000000001
6832,0.11800000000000001
6833,0.11800000000000001
6834,0.11800000000000001
6835,0.11800000000000001
6836,0.11800000000000001
6837,0.11800000000000001
6838,0.11800000000000001
6839,0.11800000000000001
6840,0.11800000000000001
6841,0.11800000000000001
6842,0.11800000000000001
6843,0.11800000000000001
6844,0.11800000000000001
6845,0.11800000000000001
6846,0.11800000000000001
6847,0.11800000000000001
6848,0.11800000000000001
6849,0.11800000000000001
6850,0.11800000000000001
6851,0.11800000000000001
6852,0.11800000000000001
6853,0.11800000000000001
6854,0.11800000000000001
6855,0.11800000000000001
6856,0.11800000000000001
6857,0.11800000000000001
6858,0.11800000000000001
6859,0.11800000000000001
6860,0.11800000000000001
6861,0.11800000000000001
6862,0.11800000000000001
6863,0.11800000000000001
6864,0.11800000000000001
6865,0.11800000000000001
6866,0.11800000000000001
6867,0.11800000000000001
6868,0.11800000000000001
6869,0.11800000000000001
6870,0.11800000000000001
6871,0.11800000000000001
6872,0.11800000000000001
6873,0.11800000000000001
6874,0.11800000000000001
6875,0.11800000000000001
6876,0.11800000000000001
6877,0.11800000000000001
6878,0.11800000000000001
6879,0.11800000000000001
6880,0.11800000000000001
6881,0.11800000000000001
6882,0.11800000000000001
6883,0.11800000000000001
6884,0.11800000000000001
6885,0.11800000000000001
6886,0.11800000000000001
6887,0.11800000000000001
6888,0.11800000000000001
6889,0.11800000000000001
6890,0.11800000000000001
6891,0.11800000000000001
6892,0.11800000000000001
6893,0.11800000000000001
6894,0.11800000000000001
6895,0.11800000000000001
6896,0.11800000000000001
6897,0.11800000000000001
6898,0.11800000000000001
6899,0.11800000000000001
6900,0.11800000000000001
6901,0.11800000000000001
6902,0.11800000000000001
6903,0.11800000000000001
6904,0.11800000000000001
6905,0.11800000000000001
6906,0.11800000000000001
6907,0.11800000000000001
6908,0.11800000000000001
6909,0.11800000000000001
6910,0.11800000000000001
6911,0.11800000000000001
6912,0.11800000000000001
6913,0.11800000000000001
6914,0.11800000000000001
6915,0.11800000000000001
6916,0.11800000000000001
6917,0.11800000000000001
6918,0.11800000000000001
6919,0.11800000000000001
6920,0.11800000000000001
6921,0.11800000000000001
6922,0.11800000000000001
6923,0.11800000000000001
6924,0.11800000000000001
6925,0.11800000000000001
6926,0.11800000000000001
6927,0.11800000000000001
6928,0.11800000000000001
6929,0.11800000000000001
6930,0.11800000000000001
6931,0.11800000000000001
6932,0.11800000000000001
6933,0.11800000000000001
6934,0.11800000000000001
6935,0.11800000000000001
6936,0.11800000000000001
6937,0.11800000000000001
6938,0.11800000000000001
6939,0.11800000000000001
6940,0.11800000000000001
6941,0.11800000000000001
6942,0.11800000000000001
6943,0.11800000000000001
6944,0.11800000000000001
6945,0.11800000000000001
6946,0.11800000000000001
6947,0.11800000000000001
6948,0.11800000000000001
6949,0.11800000000000001
6950,0.11800000000000001
6951,0.11800000000000001
6952,0.11800000000000001
6953,0.11800000000000001
6954,0.11800000000000001
6955,0.11800000000000001
6956,0.11800000000000001
6957,0.11800000000000001
6958,0.11800000000000001
6959,0.11800000000000001
6960,0.11800000000000001
6961,0.11800000000000001
6962,0.11800000000000001
6963,0.11800000000000001
6964,0.11800000000000001
6965,0.11800000000000001
6966,0.11800000000000001
6967,0.11800000000000001
6968,0.11800000000000001
6969,0.11800000000000001
6970,0.11800000000000001
6971,0.11800000000000001
6972,0.11800000000000001
6973,0.11800000000000001
6974,0.11800000000000001
6975,0.11800000000000001
6976,0.11800000000000001
6977,0.11800000000000001
6978,0.11800000000000001
6979,0.11800000000000001
6980,0.11800000000000001
6981,0.11800000000000001
6982,0.11800000000000001
6983,0.11800000000000001
6984,0.11800000000000001
6985,0.11800000000000001
6986,0.11800000000000001
6987,0.11800000000000001
6988,0.11800000000000001
6989,0.11800000000000001
6990,0.11800000000000001
6991,0.11800000000000001
6992,0.11800000000000001
6993,0.11800000000000001
6994,0.11800000000000001
6995,0.11800000000000001
6996,0.11800000000000001
6997,0.11800000000000001
6998,0.11800000000000001
6999,0.11800000000000001
7000,0.11800000000000001
7001,0.11800000000000001
7002,0.11800000000000001
7003,0.11800000000000001
7004,0.11800000000000001
7005,0.11800000000000001
7006,0.11800000000000001
7007,0.11800000000000001
7008,0.11800000000000001
7009,0.11800000000000001
7010,0.11800000000000001
7011,0.11800000000000001
7012,0.11800000000000001
7013,0.11800000000000001
7014,0.11800000000000001
7015,0.11800000000000001
7016,0.11800000000000001
7017,0.11800000000000001
7018,0.11800000000000001
7019,0.11800000000000001
7020,0.11800000000000001
7021,0.11800000000000001
7022,0.11800000000000001
7023,0.11800000000000001
7024,0.11800000000000001
7025,0.11800000000000001
7026,0.11800000000000001
7027,0.11800000000000001
7028,0.11800000000000001
7029,0.11800000000000001
7030,0.11800000000000001
7031,0.11800000000000001
7032,0.11800000000000001
7033,0.11800000000000001
7034,0.11800000000000001
7035,0.11800000000000001
7036,0.11800000000000001
7037,0.11800000000000001
7038,0.11800000000000001
7039,0.11800000000000001
7040,0.11800000000000001
7041,0.11800000000000001
7042,0.11800000000000001
7043,0.11800000000000001
7044,0.11800000000000001
7045,0.11800000000000001
7046,0.11800000000000001
7047,0.11800000000000001
7048,0.11800000000000001
7049,0.11800000000000001
7050,0.11800000000000001
7051,0.11800000000000001
7052,0.11800000000000001
7053,0.11800000000000001
7054,0.11800000000000001
7055,0.11800000000000001
7056,0.11800000000000001
7057,0.11800000000000001
7058,0.11800000000000001
7059,0.11800000000000001
7060,0.11800000000000001
7061,0.11800000000000001
7062,0.11800000000000001
7063,0.11800000000000001
7064,0.11800000000000001
7065,0.11800000000000001
7066,0.11800000000000001
7067,0.11800000000000001
7068,0.11800000000000001
7069,0.11800000000000001
7070,0.11800000000000001
7071,0.11800000000000001
7072,0.11800000000000001
7073,0.11800000000000001
7074,0.11800000000000001
7075,0.11800000000000001
7076,0.11800000000000001
7077,0.11800000000000001
7078,0.11800000000000001
7079,0.11800000000000001
7080,0.11800000000000001
7081,0.11800000000000001
7082,0.11800000000000001
7083,0.11800000000000001
7084,0.11800000000000001
7085,0.11800000000000001
7086,0.11800000000000001
7087,0.11800000000000001
7088,0.11800000000000001
7089,0.11800000000000001
7090,0.11800000000000001
7091,0.11800000000000001
7092,0.11800000000000001
7093,0.11800000000000001
7094,0.11800000000000001
7095,0.11800000000000001
7096,0.11800000000000001
7097,0.11800000000000001
7098,0.11800000000000001
7099,0.11800000000000001
7100,0.11800000000000001
7101,0.11800000000000001
7102,0.11800000000000001
7103,0.11800000000000001
7104,0.11800000000000001
7105,0.11800000000000001
7106,0.11800000000000001
7107,0.11800000000000001
7108,0.11800000000000001
7109,0.11800000000000001
7110,0.11800000000000001
7111,0.11800000000000001
7112,0.11800000000000001
7113,0.11800000000000001
7114,0.11800000000000001
7115,0.11800000000000001
7116,0.11800000000000001
7117,0.11800000000000001
7118,0.11800000000000001
7119,0.11800000000000001
7120,0.11800000000000001
7121,0.11800000000000001
7122,0.11800000000000001
7123,0.11800000000000001
7124,0.11800000000000001
7125,0.11800000000000001
7126,0.11800000000000001
7127,0.11800000000000001
7128,0.11800000000000001
7129,0.11800000000000001
7130,0.11800000000000001
7131,0.11800000000000001
7132,0.11800000000000001
7133,0.11800000000000001
7134,0.11800000000000001
7135,0.11800000000000001
7136,0.11800000000000001
7137,0.11800000000000001
7138,0.11800000000000001
7139,0.11800000000000001
7140,0.11800000000000001
7141,0.11800000000000001
7142,0.11800000000000001
7143,0.11800000000000001
7144,0.11800000000000001
7145,0.11800000000000001
7146,0.11800000000000001
7147,0.11800000000000001
7148,0.11800000000000001
7149,0.11800000000000001
7150,0.11800000000000001
7151,0.11800000000000001
7152,0.11800000000000001
7153,0.11800000000000001
7154,0.11800000000000001
7155,0.11800000000000001
7156,0.11800000000000001
7157,0.11800000000000001
7158,0.11800000000000001
7159,0.11800000000000001
7160,0.11800000000000001
7161,0.11800000000000001
7162,0.11800000000000001
7163,0.11800000000000001
7164,0.11800000000000001
7165,0.11800000000000001
7166,0.11800000000000001
7167,0.11800000000000001
7168,0.11800000000000001
7169,0.11800000000000001
7170,0.11800000000000001
7171,0.11800000000000001
7172,0.11800000000000001
7173,0.11800000000000001
7174,0.11800000000000001
7175,0.11800000000000001
7176,0.11800000000000001
7177,0.11800000000000001
7178,0.11800000000000001
7179,0.11800000000000001
7180,0.11800000000000001
7181,0.11800000000000001
7182,0.11800000000000001
7183,0.11800000000000001
7184,0.11800000000000001
7185,0.11800000000000001
7186,0.11800000000000001
7187,0.11800000000000001
7188,0.11800000000000001
7189,0.11800000000000001
7190,0.11800000000000001
7191,0.11800000000000001
7192,0.11800000000000001
7193,0.11800000000000001
7194,0.11800000000000001
7195,0.11800000000000001
7196,0.11800000000000001
7197,0.11800000000000001
7198,0.11800000000000001
7199,0.11800000000000001
7200,0.11800000000000001
7201,0.11800000000000001
7202,0.11800000000000001
7203,0.11800000000000001
7204,0.11800000000000001
7205,0.11800000000000001
7206,0.11800000000000001
7207,0.11800000000000001
7208,0.11800000000000001
7209,0.11800000000000001
7210,0.11800000000000001
7211,0.11800000000000001
7212,0.11800000000000001
7213,0.11800000000000001
7214,0.11800000000000001
7215,0.11800000000000001
7216,0.11800000000000001
7217,0.11800000000000001
7218,0.11800000000000001
7219,0.11800000000000001
7220,0.11800000000000001
7221,0.11800000000000001
7222,0.11800000000000001
7223,0.11800000000000001
7224,0.11800000000000001
7225,0.11800000000000001
7226,0.11800000000000001
7227,0.11800000000000001
7228,0.11800000000000001
7229,0.11800000000000001
7230,0.11800000000000001
7231,0.11800000000000001
7232,0.11800000000000001
7233,0.11800000000000001
7234,0.11800000000000001
7235,0.11800000000000001
7236,0.11800000000000001
7237,0.11800000000000001
7238,0.11800000000000001
7239,0.11800000000000001
7240,0.11800000000000001
7241,0.11800000000000001
7242,0.11800000000000001
7243,0.11800000000000001
7244,0.11800000000000001
7245,0.11800000000000001
7246,0.11800000000000001
7247,0.11800000000000001
7248,0.11800000000000001
7249,0.11800000000000001
7250,0.11800000000000001
7251,0.11800000000000001
7252,0.11800000000000001
7253,0.11800000000000001
7254,0.11800000000000001
7255,0.11800000000000001
7256,0.11800000000000001
7257,0.11800000000000001
7258,0.11800000000000001
7259,0.11800000000000001
7260,0.11800000000000001
7261,0.11800000000000001
7262,0.11800000000000001
7263,0.11800000000000001
7264,0.11800000000000001
7265,0.11800000000000001
7266,0.11800000000000001
7267,0.11800000000000001
7268,0.11800000000000001
7269,0.11800000000000001
7270,0.11800000000000001
7271,0.11800000000000001
7272,0.11800000000000001
7273,0.11800000000000001
7274,0.11800000000000001
7275,0.11800000000000001
7276,0.11800000000000001
7277,0.11800000000000001
7278,0.11800000000000001
7279,0.11800000000000001
7280,0.11800000000000001
7281,0.11800000000000001
7282,0.11800000000000001
7283,0.11800000000000001
7284,0.11800000000000001
7285,0.11800000000000001
7286,0.11800000000000001
7287,0.11800000000000001
7288,0.11800000000000001
7289,0.11800000000000001
7290,0.11800000000000001
7291,0.11800000000000001
7292,0.11800000000000001
7293,0.11800000000000001
7294,0.11800000000000001
7295,0.11800000000000001
7296,0.11800000000000001
7297,0.11800000000000001
7298,0.11800000000000001
7299,0.11800000000000001
7300,0.11800000000000001
7301,0.11800000000000001
7302,0.11800000000000001
7303,0.11800000000000001
7304,0.11800000000000001
7305,0.11800000000000001
7306,0.11800000000000001
7307,0.11800000000000001
7308,0.11800000000000001
7309,0.11800000000000001
7310,0.11800000000000001
7311,0.11800000000000001
7312,0.11800000000000001
7313,0.11800000000000001
7314,0.11800000000000001
7315,0.11800000000000001
7316,0.11800000000000001
7317,0.11800000000000001
7318,0.11800000000000001
7319,0.11800000000000001
7320,0.11800000000000001
7321,0.11800000000000001
7322,0.11800000000000001
7323,0.11800000000000001
7324,0.11800000000000001
7325,0.11800000000000001
7326,0.11800000000000001
7327,0.11800000000000001
7328,0.11800000000000001
7329,0.11800000000000001
7330,0.11800000000000001
7331,0.11800000000000001
7332,0.11800000000000001
7333,0.11800000000000001
7334,0.11800000000000001
7335,0.11800000000000001
7336,0.11800000000000001
7337,0.11800000000000001
7338,0.11800000000000001
7339,0.11800000000000001
7340,0.11800000000000001
7341,0.11800000000000001
7342,0.11800000000000001
7343,0.11800000000000001
7344,0.11800000000000001
7345,0.11800000000000001
7346,0.11800000000000001
7347,0.11800000000000001
7348,0.11800000000000001
7349,0.11800000000000001
7350,0.11800000000000001
7351,0.11800000000000001
7352,0.11800000000000001
7353,0.11800000000000001
7354,0.11800000000000001
7355,0.11800000000000001
7356,0.11800000000000001
7357,0.11800000000000001
7358,0.11800000000000001
7359,0.11800000000000001
7360,0.11800000000000001
7361,0.11800000000000001
7362,0.11800000000000001
7363,0.11800000000000001
7364,0.11800000000000001
7365,0.11800000000000001
7366,0.11800000000000001
7367,0.11800000000000001
7368,0.11800000000000001
7369,0.11800000000000001
7370,0.11800000000000001
7371,0.11800000000000001
7372,0.11800000000000001
7373,0.11800000000000001
7374,0.11800000000000001
7375,0.11800000000000001
7376,0.11800000000000001
7377,0.11800000000000001
7378,0.11800000000000001
7379,0.11800000000000001
7380,0.11800000000000001
7381,0.11800000000000001
7382,0.11800000000000001
7383,0.11800000000000001
7384,0.11800000000000001
7385,0.11800000000000001
7386,0.11800000000000001
7387,0.11800000000000001
7388,0.11800000000000001
7389,0.11800000000000001
7390,0.11800000000000001
7391,0.11800000000000001
7392,0.11800000000000001
7393,0.11800000000000001
7394,0.11800000000000001
7395,0.11800000000000001
7396,0.11800000000000001
7397,0.11800000000000001
7398,0.11800000000000001
7399,0.11800000000000001
7400,0.11800000000000001
7401,0.11800000000000001
7402,0.11800000000000001
7403,0.11800000000000001
7404,0.11800000000000001
7405,0.11800000000000001
7406,0.11800000000000001
7407,0.11800000000000001
7408,0.11800000000000001
7409,0.11800000000000001
7410,0.11800000000000001
7411,0.11800000000000001
7412,0.11800000000000001
7413,0.11800000000000001
7414,0.11800000000000001
7415,0.11800000000000001
7416,0.11800000000000001
7417,0.11800000000000001
7418,0.11800000000000001
7419,0.11800000000000001
7420,0.11800000000000001
7421,0.11800000000000001
7422,0.11800000000000001
7423,0.11800000000000001
7424,0.11800000000000001
7425,0.11800000000000001
7426,0.11800000000000001
7427,0.11800000000000001
7428,0.11800000000000001
7429,0.11800000000000001
7430,0.11800000000000001
7431,0.11800000000000001
7432,0.11800000000000001
7433,0.11800000000000001
7434,0.11800000000000001
7435,0.11800000000000001
7436,0.11800000000000001
7437,0.11800000000000001
7438,0.11800000000000001
7439,0.11800000000000001
7440,0.11800000000000001
7441,0.11800000000000001
7442,0.11800000000000001
7443,0.11800000000000001
7444,0.11800000000000001
7445,0.11800000000000001
7446,0.11800000000000001
7447,0.11800000000000001
7448,0.11800000000000001
7449,0.11800000000000001
7450,0.11800000000000001
7451,0.11800000000000001
7452,0.11800000000000001
7453,0.11800000000000001
7454,0.11800000000000001
7455,0.11800000000000001
7456,0.11800000000000001
7457,0.11800000000000001
7458,0.11800000000000001
7459,0.11800000000000001
7460,0.11800000000000001
7461,0.11800000000000001
7462,0.11800000000000001
7463,0.11800000000000001
7464,0.11800000000000001
7465,0.11800000000000001
7466,0.11800000000000001
7467,0.11800000000000001
7468,0.11800000000000001
7469,0.11800000000000001
7470,0.11800000000000001
7471,0.11800000000000001
7472,0.11800000000000001
7473,0.11800000000000001
7474,0.11800000000000001
7475,0.11800000000000001
7476,0.11800000000000001
7477,0.11800000000000001
7478,0.11800000000000001
7479,0.11800000000000001
7480,0.11800000000000001
7481,0.11800000000000001
7482,0.11800000000000001
7483,0.11800000000000001
7484,0.11800000000000001
7485,0.11800000000000001
7486,0.11800000000000001
7487,0.11800000000000001
7488,0.11800000000000001
7489,0.11800000000000001
7490,0.11800000000000001
7491,0.11800000000000001
7492,0.11800000000000001
7493,0.11800000000000001
7494,0.11800000000000001
7495,0.11800000000000001
7496,0.11800000000000001
7497,0.11800000000000001
7498,0.11800000000000001
7499,0.11800000000000001
7500,0.11800000000000001
7501,0.11800000000000001
7502,0.11800000000000001
7503,0.11800000000000001
7504,0.11800000000000001
7505,0.11800000000000001
7506,0.11800000000000001
7507,0.11800000000000001
7508,0.11800000000000001
7509,0.11800000000000001
7510,0.11800000000000001
7511,0.11800000000000001
7512,0.11800000000000001
7513,0.11800000000000001
7514,0.11800000000000001
7515,0.11800000000000001
7516,0.11800000000000001
7517,0.11800000000000001
7518,0.11800000000000001
7519,0.11800000000000001
7520,0.11800000000000001
7521,0.11800000000000001
7522,0.11800000000000001
7523,0.11800000000000001
7524,0.11800000000000001
7525,0.11800000000000001
7526,0.11800000000000001
7527,0.11800000000000001
7528,0.11800000000000001
7529,0.11800000000000001
7530,0.11800000000000001
7531,0.11800000000000001
7532,0.11800000000000001
7533,0.11800000000000001
7534,0.11800000000000001
7535,0.11800000000000001
7536,0.11800000000000001
7537,0.11800000000000001
7538,0.11800000000000001
7539,0.11800000000000001
7540,0.11800000000000001
7541,0.11800000000000001
7542,0.11800000000000001
7543,0.11800000000000001
7544,0.11800000000000001
7545,0.11800000000000001
7546,0.11800000000000001
7547,0.11800000000000001
7548,0.11800000000000001
7549,0.11800000000000001
7550,0.11800000000000001
7551,0.11800000000000001
7552,0.11800000000000001
7553,0.11800000000000001
7554,0.11800000000000001
7555,0.11800000000000001
7556,0.11800000000000001
7557,0.11800000000000001
7558,0.11800000000000001
7559,0.11800000000000001
7560,0.11800000000000001
7561,0.11800000000000001
7562,0.11800000000000001
7563,0.11800000000000001
7564,0.11800000000000001
7565,0.11800000000000001
7566,0.11800000000000001
7567,0.11800000000000001
7568,0.11800000000000001
7569,0.11800000000000001
7570,0.11800000000000001
7571,0.11800000000000001
7572,0.11800000000000001
7573,0.11800000000000001
7574,0.11800000000000001
7575,0.11800000000000001
7576,0.11800000000000001
7577,0.11800000000000001
7578,0.11800000000000001
7579,0.11800000000000001
7580,0.11800000000000001
7581,0.11800000000000001
7582,0.11800000000000001
7583,0.11800000000000001
7584,0.11800000000000001
7585,0.11800000000000001
7586,0.11800000000000001
7587,0.11800000000000001
7588,0.11800000000000001
7589,0.11800000000000001
7590,0.11800000000000001
7591,0.11800000000000001
7592,0.11800000000000001
7593,0.11800000000000001
7594,0.11800000000000001
7595,0.11800000000000001
7596,0.11800000000000001
7597,0.11800000000000001
7598,0.11800000000000001
7599,0.11800000000000001
7600,0.11800000000000001
7601,0.11800000000000001
7602,0.11800000000000001
7603,0.11800000000000001
7604,0.11800000000000001
7605,0.11800000000000001
7606,0.11800000000000001
7607,0.11800000000000001
7608,0.11800000000000001
7609,0.11800000000000001
7610,0.11800000000000001
7611,0.11800000000000001
7612,0.11800000000000001
7613,0.11800000000000001
7614,0.11800000000000001
7615,0.11800000000000001
7616,0.11800000000000001
7617,0.11800000000000001
7618,0.11800000000000001
7619,0.11800000000000001
7620,0.11800000000000001
7621,0.11800000000000001
7622,0.11800000000000001
7623,0.11800000000000001
7624,0.11800000000000001
7625,0.11800000000000001
7626,0.11800000000000001
7627,0.11800000000000001
7628,0.11800000000000001
7629,0.11800000000000001
7630,0.11800000000000001
7631,0.11800000000000001
7632,0.11800000000000001
7633,0.11800000000000001
7634,0.11800000000000001
7635,0.11800000000000001
7636,0.11800000000000001
7637,0.11800000000000001
7638,0.11800000000000001
7639,0.11800000000000001
7640,0.11800000000000001
7641,0.11800000000000001
7642,0.11800000000000001
7643,0.11800000000000001
7644,0.11800000000000001
7645,0.11800000000000001
7646,0.11800000000000001
7647,0.11800000000000001
7648,0.11800000000000001
7649,0.11800000000000001
7650,0.11800000000000001
7651,0.11800000000000001
7652,0.11800000000000001
7653,0.11800000000000001
7654,0.11800000000000001
7655,0.11800000000000001
7656,0.11800000000000001
7657,0.11800000000000001
7658,0.11800000000000001
7659,0.11800000000000001
7660,0.11800000000000001
7661,0.11800000000000001
7662,0.11800000000000001
7663,0.11800000000000001
7664,0.11800000000000001
7665,0.11800000000000001
7666,0.11800000000000001
7667,0.11800000000000001
7668,0.11800000000000001
7669,0.11800000000000001
7670,0.11800000000000001
7671,0.11800000000000001
7672,0.11800000000000001
7673,0.11800000000000001
7674,0.11800000000000001
7675,0.11800000000000001
7676,0.11800000000000001
7677,0.11800000000000001
7678,0.11800000000000001
7679,0.11800000000000001
7680,0.11800000000000001
7681,0.11800000000000001
7682,0.11800000000000001
7683,0.11800000000000001
7684,0.11800000000000001
7685,0.11800000000000001
7686,0.11800000000000001
7687,0.11800000000000001
7688,0.11800000000000001
7689,0.11800000000000001
7690,0.11800000000000001
7691,0.11800000000000001
7692,0.11800000000000001
7693,0.11800000000000001
7694,0.11800000000000001
7695,0.11800000000000001
7696,0.11800000000000001
7697,0.11800000000000001
7698,0.11800000000000001
7699,0.11800000000000001
7700,0.11800000000000001
7701,0.11800000000000001
7702,0.11800000000000001
7703,0.11800000000000001
7704,0.11800000000000001
7705,0.11800000000000001
7706,0.11800000000000001
7707,0.11800000000000001
7708,0.11800000000000001
7709,0.11800000000000001
7710,0.11800000000000001
7711,0.11800000000000001
7712,0.11800000000000001
7713,0.11800000000000001
7714,0.11800000000000001
7715,0.11800000000000001
7716,0.11800000000000001
7717,0.11800000000000001
7718,0.11800000000000001
7719,0.11800000000000001
7720,0.11800000000000001
7721,0.11800000000000001
7722,0.11800000000000001
7723,0.11800000000000001
7724,0.11800000000000001
7725,0.11800000000000001
7726,0.11800000000000001
7727,0.11800000000000001
7728,0.11800000000000001
7729,0.11800000000000001
7730,0.11800000000000001
7731,0.11800000000000001
7732,0.11800000000000001
7733,0.11800000000000001
7734,0.11800000000000001
7735,0.11800000000000001
7736,0.11800000000000001
7737,0.11800000000000001
7738,0.11800000000000001
7739,0.11800000000000001
7740,0.11800000000000001
7741,0.11800000000000001
7742,0.11800000000000001
7743,0.11800000000000001
7744,0.11800000000000001
7745,0.11800000000000001
7746,0.11800000000000001
7747,0.11800000000000001
7748,0.11800000000000001
7749,0.11800000000000001
7750,0.11800000000000001
7751,0.11800000000000001
7752,0.11800000000000001
7753,0.11800000000000001
7754,0.11800000000000001
7755,0.11800000000000001
7756,0.11800000000000001
7757,0.11800000000000001
7758,0.11800000000000001
7759,0.11800000000000001
7760,0.11800000000000001
7761,0.11800000000000001
7762,0.11800000000000001
7763,0.11800000000000001
7764,0.11800000000000001
7765,0.11800000000000001
7766,0.11800000000000001
7767,0.11800000000000001
7768,0.11800000000000001
7769,0.11800000000000001
7770,0.11800000000000001
7771,0.11800000000000001
7772,0.11800000000000001
7773,0.11800000000000001
7774,0.11800000000000001
7775,0.11800000000000001
7776,0.11800000000000001
7777,0.11800000000000001
7778,0.11800000000000001
7779,0.11800000000000001
7780,0.11800000000000001
7781,0.11800000000000001
7782,0.11800000000000001
7783,0.11800000000000001
7784,0.11800000000000001
7785,0.11800000000000001
7786,0.11800000000000001
7787,0.11800000000000001
7788,0.11800000000000001
7789,0.11800000000000001
7790,0.11800000000000001
7791,0.11800000000000001
7792,0.11800000000000001
7793,0.11800000000000001
7794,0.11800000000000001
7795,0.11800000000000001
7796,0.11800000000000001
7797,0.11800000000000001
7798,0.11800000000000001
7799,0.11800000000000001
7800,0.11800000000000001
7801,0.11800000000000001
7802,0.11800000000000001
7803,0.11800000000000001
7804,0.11800000000000001
7805,0.11800000000000001
7806,0.11800000000000001
7807,0.11800000000000001
7808,0.11800000000000001
7809,0.11800000000000001
7810,0.11800000000000001
7811,0.11800000000000001
7812,0.11800000000000001
7813,0.11800000000000001
7814,0.11800000000000001
7815,0.11800000000000001
7816,0.11800000000000001
7817,0.11800000000000001
7818,0.11800000000000001
7819,0.11800000000000001
7820,0.11800000000000001
7821,0.11800000000000001
7822,0.11800000000000001
7823,0.11800000000000001
7824,0.11800000000000001
7825,0.11800000000000001
7826,0.11800000000000001
7827,0.11800000000000001
7828,0.11800000000000001
7829,0.11800000000000001
7830,0.11800000000000001
7831,0.11800000000000001
7832,0.11800000000000001
7833,0.11800000000000001
7834,0.11800000000000001
7835,0.11800000000000001
7836,0.11800000000000001
7837,0.11800000000000001
7838,0.11800000000000001
7839,0.11800000000000001
7840,0.11800000000000001
7841,0.11800000000000001
7842,0.11800000000000001
7843,0.11800000000000001
7844,0.11800000000000001
7845,0.11800000000000001
7846,0.11800000000000001
7847,0.11800000000000001
7848,0.11800000000000001
7849,0.11800000000000001
7850,0.11800000000000001
7851,0.11800000000000001
7852,0.11800000000000001
7853,0.11800000000000001
7854,0.11800000000000001
7855,0.11800000000000001
7856,0.11800000000000001
7857,0.11800000000000001
7858,0.11800000000000001
7859,0.11800000000000001
7860,0.11800000000000001
7861,0.11800000000000001
7862,0.11800000000000001
7863,0.11800000000000001
7864,0.11800000000000001
7865,0.11800000000000001
7866,0.11800000000000001
7867,0.11800000000000001
7868,0.11800000000000001
7869,0.11800000000000001
7870,0.11800000000000001
7871,0.11800000000000001
7872,0.11800000000000001
7873,0.11800000000000001
7874,0.11800000000000001
7875,0.11800000000000001
7876,0.11800000000000001
7877,0.11800000000000001
7878,0.11800000000000001
7879,0.11800000000000001
7880,0.11800000000000001
7881,0.11800000000000001
7882,0.11800000000000001
7883,0.11800000000000001
7884,0.11800000000000001
7885,0.11800000000000001
7886,0.11800000000000001
7887,0.11800000000000001
7888,0.11800000000000001
7889,0.11800000000000001
7890,0.11800000000000001
7891,0.11800000000000001
7892,0.11800000000000001
7893,0.11800000000000001
7894,0.11800000000000001
7895,0.11800000000000001
7896,0.11800000000000001
7897,0.11800000000000001
7898,0.11800000000000001
7899,0.11800000000000001
7900,0.11800000000000001
7901,0.11800000000000001
7902,0.11800000000000001
7903,0.11800000000000001
7904,0.11800000000000001
7905,0.11800000000000001
7906,0.11800000000000001
7907,0.11800000000000001
7908,0.11800000000000001
7909,0.11800000000000001
7910,0.11800000000000001
7911,0.11800000000000001
7912,0.11800000000000001
7913,0.11800000000000001
7914,0.11800000000000001
7915,0.11800000000000001
7916,0.11800000000000001
7917,0.11800000000000001
7918,0.11800000000000001
7919,0.11800000000000001
7920,0.11800000000000001
7921,0.11800000000000001
7922,0.11800000000000001
7923,0.11800000000000001
7924,0.11800000000000001
7925,0.11800000000000001
7926,0.11800000000000001
7927,0.11800000000000001
7928,0.11800000000000001
7929,0.11800000000000001
7930,0.11800000000000001
7931,0.11800000000000001
7932,0.11800000000000001
7933,0.11800000000000001
7934,0.11800000000000001
7935,0.11800000000000001
7936,0.11800000000000001
7937,0.11800000000000001
7938,0.11800000000000001
7939,0.11800000000000001
7940,0.11800000000000001
7941,0.11800000000000001
7942,0.11800000000000001
7943,0.11800000000000001
7944,0.11800000000000001
7945,0.11800000000000001
7946,0.11800000000000001
7947,0.11800000000000001
7948,0.11800000000000001
7949,0.11800000000000001
7950,0.11800000000000001
7951,0.11800000000000001
7952,0.11800000000000001
7953,0.11800000000000001
7954,0.11800000000000001
7955,0.11800000000000001
7956,0.11800000000000001
7957,0.11800000000000001
7958,0.11800000000000001
7959,0.11800000000000001
7960,0.11800000000000001
7961,0.11800000000000001
7962,0.11800000000000001
7963,0.11800000000000001
7964,0.11800000000000001
7965,0.11800000000000001
7966,0.11800000000000001
7967,0.11800000000000001
7968,0.11800000000000001
7969,0.11800000000000001
7970,0.11800000000000001
7971,0.11800000000000001
7972,0.11800000000000001
7973,0.11800000000000001
7974,0.11800000000000001
7975,0.11800000000000001
7976,0.11800000000000001
7977,0.11800000000000001
7978,0.11800000000000001
7979,0.11800000000000001
7980,0.11800000000000001
7981,0.11800000000000001
7982,0.11800000000000001
7983,0.11800000000000001
7984,0.11800000000000001
7985,0.11800000000000001
7986,0.11800000000000001
7987,0.11800000000000001
7988,0.11800000000000001
7989,0.11800000000000001
7990,0.11800000000000001
7991,0.11800000000000001
7992,0.11800000000000001
7993,0.11800000000000001
7994,0.11800000000000001
7995,0.11800000000000001
7996,0.11800000000000001
7997,0.11800000000000001
7998,0.11800000000000001
7999,0.11800000000000001
8000,0.11800000000000001
8001,0.11800000000000001
8002,0.11800000000000001
8003,0.11800000000000001
8004,0.11800000000000001
8005,0.11800000000000001
8006,0.11800000000000001
8007,0.11800000000000001
8008,0.11800000000000001
8009,0.11800000000000001
8010,0.11800000000000001
8011,0.11800000000000001
8012,0.11800000000000001
8013,0.11800000000000001
8014,0.11800000000000001
8015,0.11800000000000001
8016,0.11800000000000001
8017,0.11800000000000001
8018,0.11800000000000001
8019,0.11800000000000001
8020,0.11800000000000001
8021,0.11800000000000001
8022,0.11800000000000001
8023,0.11800000000000001
8024,0.11800000000000001
8025,0.11800000000000001
8026,0.11800000000000001
8027,0.11800000000000001
8028,0.11800000000000001
8029,0.11800000000000001
8030,0.11800000000000001
8031,0.11800000000000001
8032,0.11800000000000001
8033,0.11800000000000001
8034,0.11800000000000001
8035,0.11800000000000001
8036,0.11800000000000001
8037,0.11800000000000001
8038,0.11800000000000001
8039,0.11800000000000001
8040,0.11800000000000001
8041,0.11800000000000001
8042,0.11800000000000001
8043,0.11800000000000001
8044,0.11800000000000001
8045,0.11800000000000001
8046,0.11800000000000001
8047,0.11800000000000001
8048,0.11800000000000001
8049,0.11800000000000001
8050,0.11800000000000001
8051,0.11800000000000001
8052,0.11800000000000001
8053,0.11800000000000001
8054,0.11800000000000001
8055,0.11800000000000001
8056,0.11800000000000001
8057,0.11800000000000001
8058,0.11800000000000001
8059,0.11800000000000001
8060,0.11800000000000001
8061,0.11800000000000001
8062,0.11800000000000001
8063,0.11800000000000001
8064,0.11800000000000001
8065,0.11800000000000001
8066,0.11800000000000001
8067,0.11800000000000001
8068,0.11800000000000001
8069,0.11800000000000001
8070,0.11800000000000001
8071,0.11800000000000001
8072,0.11800000000000001
8073,0.11800000000000001
8074,0.11800000000000001
8075,0.11800000000000001
8076,0.11800000000000001
8077,0.11800000000000001
8078,0.11800000000000001
8079,0.11800000000000001
8080,0.11800000000000001
8081,0.11800000000000001
8082,0.11800000000000001
8083,0.11800000000000001
8084,0.11800000000000001
8085,0.11800000000000001
8086,0.11800000000000001
8087,0.11800000000000001
8088,0.11800000000000001
8089,0.11800000000000001
8090,0.11800000000000001
8091,0.11800000000000001
8092,0.11800000000000001
8093,0.11800000000000001
8094,0.11800000000000001
8095,0.11800000000000001
8096,0.11800000000000001
8097,0.11800000000000001
8098,0.11800000000000001
8099,0.11800000000000001
8100,0.11800000000000001
8101,0.11800000000000001
8102,0.11800000000000001
8103,0.11800000000000001
8104,0.11800000000000001
8105,0.11800000000000001
8106,0.11800000000000001
8107,0.11800000000000001
8108,0.11800000000000001
8109,0.11800000000000001
8110,0.11800000000000001
8111,0.11800000000000001
8112,0.11800000000000001
8113,0.11800000000000001
8114,0.11800000000000001
8115,0.11800000000000001
8116,0.11800000000000001
8117,0.11800000000000001
8118,0.11800000000000001
8119,0.11800000000000001
8120,0.11800000000000001
8121,0.11800000000000001
8122,0.11800000000000001
8123,0.11800000000000001
8124,0.11800000000000001
8125,0.11800000000000001
8126,0.11800000000000001
8127,0.11800000000000001
8128,0.11800000000000001
8129,0.11800000000000001
8130,0.11800000000000001
8131,0.11800000000000001
8132,0.11800000000000001
8133,0.11800000000000001
8134,0.11800000000000001
8135,0.11800000000000001
8136,0.11800000000000001
8137,0.11800000000000001
8138,0.11800000000000001
8139,0.11800000000000001
8140,0.11800000000000001
8141,0.11800000000000001
8142,0.11800000000000001
8143,0.11800000000000001
8144,0.11800000000000001
8145,0.11800000000000001
8146,0.11800000000000001
8147,0.11800000000000001
8148,0.11800000000000001
8149,0.11800000000000001
8150,0.11800000000000001
8151,0.11800000000000001
8152,0.11800000000000001
8153,0.11800000000000001
8154,0.11800000000000001
8155,0.11800000000000001
8156,0.11800000000000001
8157,0.11800000000000001
8158,0.11800000000000001
8159,0.11800000000000001
8160,0.11800000000000001
8161,0.11800000000000001
8162,0.11800000000000001
8163,0.11800000000000001
8164,0.11800000000000001
8165,0.11800000000000001
8166,0.11800000000000001
8167,0.11800000000000001
8168,0.11800000000000001
8169,0.11800000000000001
8170,0.11800000000000001
8171,0.11800000000000001
8172,0.11800000000000001
8173,0.11800000000000001
8174,0.11800000000000001
8175,0.11800000000000001
8176,0.11800000000000001
8177,0.11800000000000001
8178,0.11800000000000001
8179,0.11800000000000001
8180,0.11800000000000001
8181,0.11800000000000001
8182,0.11800000000000001
8183,0.11800000000000001
8184,0.11800000000000001
8185,0.11800000000000001
8186,0.11800000000000001
8187,0.11800000000000001
8188,0.11800000000000001
8189,0.11800000000000001
8190,0.11800000000000001
8191,0.11800000000000001
8192,0.11800000000000001
8193,0.11800000000000001
8194,0.11800000000000001
8195,0.11800000000000001
8196,0.11800000000000001
8197,0.11800000000000001
8198,0.11800000000000001
8199,0.11800000000000001
8200,0.11800000000000001
8201,0.11800000000000001
8202,0.11800000000000001
8203,0.11800000000000001
8204,0.11800000000000001
8205,0.11800000000000001
8206,0.11800000000000001
8207,0.11800000000000001
8208,0.11800000000000001
8209,0.11800000000000001
8210,0.11800000000000001
8211,0.11800000000000001
8212,0.11800000000000001
8213,0.11800000000000001
8214,0.11800000000000001
8215,0.11800000000000001
8216,0.11800000000000001
8217,0.11800000000000001
8218,0.11800000000000001
8219,0.11800000000000001
8220,0.11800000000000001
8221,0.11800000000000001
8222,0.11800000000000001
8223,0.11800000000000001
8224,0.11800000000000001
8225,0.11800000000000001
8226,0.11800000000000001
8227,0.11800000000000001
8228,0.11800000000000001
8229,0.11800000000000001
8230,0.11800000000000001
8231,0.11800000000000001
8232,0.11800000000000001
8233,0.11800000000000001
8234,0.11800000000000001
8235,0.11800000000000001
8236,0.11800000000000001
8237,0.11800000000000001
8238,0.11800000000000001
8239,0.11800000000000001
8240,0.11800000000000001
8241,0.11800000000000001
8242,0.11800000000000001
8243,0.11800000000000001
8244,0.11800000000000001
8245,0.11800000000000001
8246,0.11800000000000001
8247,0.11800000000000001
8248,0.11800000000000001
8249,0.11800000000000001
8250,0.11800000000000001
8251,0.11800000000000001
8252,0.11800000000000001
8253,0.11800000000000001
8254,0.11800000000000001
8255,0.11800000000000001
8256,0.11800000000000001
8257,0.11800000000000001
8258,0.11800000000000001
8259,0.11800000000000001
8260,0.11800000000000001
8261,0.11800000000000001
8262,0.11800000000000001
8263,0.11800000000000001
8264,0.11800000000000001
8265,0.11800000000000001
8266,0.11800000000000001
8267,0.11800000000000001
8268,0.11800000000000001
8269,0.11800000000000001
8270,0.11800000000000001
8271,0.11800000000000001
8272,0.11800000000000001
8273,0.11800000000000001
8274,0.11800000000000001
8275,0.11800000000000001
8276,0.11800000000000001
8277,0.11800000000000001
8278,0.11800000000000001
8279,0.11800000000000001
8280,0.11800000000000001
8281,0.11800000000000001
8282,0.11800000000000001
8283,0.11800000000000001
8284,0.11800000000000001
8285,0.11800000000000001
8286,0.11800000000000001
8287,0.11800000000000001
8288,0.11800000000000001
8289,0.11800000000000001
8290,0.11800000000000001
8291,0.11800000000000001
8292,0.11800000000000001
8293,0.11800000000000001
8294,0.11800000000000001
8295,0.11800000000000001
8296,0.11800000000000001
8297,0.11800000000000001
8298,0.11800000000000001
8299,0.11800000000000001
8300,0.11800000000000001
8301,0.11800000000000001
8302,0.11800000000000001
8303,0.11800000000000001
8304,0.11800000000000001
8305,0.11800000000000001
8306,0.11800000000000001
8307,0.11800000000000001
8308,0.11800000000000001
8309,0.11800000000000001
8310,0.11800000000000001
8311,0.11800000000000001
8312,0.11800000000000001
8313,0.11800000000000001
8314,0.11800000000000001
8315,0.11800000000000001
8316,0.11800000000000001
8317,0.11800000000000001
8318,0.11800000000000001
8319,0.11800000000000001
8320,0.11800000000000001
8321,0.11800000000000001
8322,0.11800000000000001
8323,0.11800000000000001
8324,0.11800000000000001
8325,0.11800000000000001
8326,0.11800000000000001
8327,0.11800000000000001
8328,0.11800000000000001
8329,0.11800000000000001
8330,0.11800000000000001
8331,0.11800000000000001
8332,0.11800000000000001
8333,0.11800000000000001
8334,0.11800000000000001
8335,0.11800000000000001
8336,0.11800000000000001
8337,0.11800000000000001
8338,0.11800000000000001
8339,0.11800000000000001
8340,0.11800000000000001
8341,0.11800000000000001
8342,0.11800000000000001
8343,0.11800000000000001
8344,0.11800000000000001
8345,0.11800000000000001
8346,0.11800000000000001
8347,0.11800000000000001
8348,0.11800000000000001
8349,0.11800000000000001
8350,0.11800000000000001
8351,0.11800000000000001
8352,0.11800000000000001
8353,0.11800000000000001
8354,0.11800000000000001
8355,0.11800000000000001
8356,0.11800000000000001
8357,0.11800000000000001
8358,0.11800000000000001
8359,0.11800000000000001
8360,0.11800000000000001
8361,0.11800000000000001
8362,0.11800000000000001
8363,0.11800000000000001
8364,0.11800000000000001
8365,0.11800000000000001
8366,0.11800000000000001
8367,0.11800000000000001
8368,0.11800000000000001
8369,0.11800000000000001
8370,0.11800000000000001
8371,0.11800000000000001
8372,0.11800000000000001
8373,0.11800000000000001
8374,0.11800000000000001
8375,0.11800000000000001
8376,0.11800000000000001
8377,0.11800000000000001
8378,0.11800000000000001
8379,0.11800000000000001
8380,0.11800000000000001
8381,0.11800000000000001
8382,0.11800000000000001
8383,0.11800000000000001
8384,0.11800000000000001
8385,0.11800000000000001
8386,0.11800000000000001
8387,0.11800000000000001
8388,0.11800000000000001
8389,0.11800000000000001
8390,0.11800000000000001
8391,0.11800000000000001
8392,0.11800000000000001
8393,0.11800000000000001
8394,0.11800000000000001
8395,0.11800000000000001
8396,0.11800000000000001
8397,0.11800000000000001
8398,0.11800000000000001
8399,0.11800000000000001
8400,0.11800000000000001
8401,0.11800000000000001
8402,0.11800000000000001
8403,0.11800000000000001
8404,0.11800000000000001
8405,0.11800000000000001
8406,0.11800000000000001
8407,0.11800000000000001
8408,0.11800000000000001
8409,0.11800000000000001
8410,0.11800000000000001
8411,0.11800000000000001
8412,0.11800000000000001
8413,0.11800000000000001
8414,0.11800000000000001
8415,0.11800000000000001
8416,0.11800000000000001
8417,0.11800000000000001
8418,0.11800000000000001
8419,0.11800000000000001
8420,0.11800000000000001
8421,0.11800000000000001
8422,0.11800000000000001
8423,0.11800000000000001
8424,0.11800000000000001
8425,0.11800000000000001
8426,0.11800000000000001
8427,0.11800000000000001
8428,0.11800000000000001
8429,0.11800000000000001
8430,0.11800000000000001
8431,0.11800000000000001
8432,0.11800000000000001
8433,0.11800000000000001
8434,0.11800000000000001
8435,0.11800000000000001
8436,0.11800000000000001
8437,0.11800000000000001
8438,0.11800000000000001
8439,0.11800000000000001
8440,0.11800000000000001
8441,0.11800000000000001
8442,0.11800000000000001
8443,0.11800000000000001
8444,0.11800000000000001
8445,0.11800000000000001
8446,0.11800000000000001
8447,0.11800000000000001
8448,0.11800000000000001
8449,0.11800000000000001
8450,0.11800000000000001
8451,0.11800000000000001
8452,0.11800000000000001
8453,0.11800000000000001
8454,0.11800000000000001
8455,0.11800000000000001
8456,0.11800000000000001
8457,0.11800000000000001
8458,0.11800000000000001
8459,0.11800000000000001
8460,0.11800000000000001
8461,0.11800000000000001
8462,0.11800000000000001
8463,0.11800000000000001
8464,0.11800000000000001
8465,0.11800000000000001
8466,0.11800000000000001
8467,0.11800000000000001
8468,0.11800000000000001
8469,0.11800000000000001
8470,0.11800000000000001
8471,0.11800000000000001
8472,0.11800000000000001
8473,0.11800000000000001
8474,0.11800000000000001
8475,0.11800000000000001
8476,0.11800000000000001
8477,0.11800000000000001
8478,0.11800000000000001
8479,0.11800000000000001
8480,0.11800000000000001
8481,0.11800000000000001
8482,0.11800000000000001
8483,0.11800000000000001
8484,0.11800000000000001
8485,0.11800000000000001
8486,0.11800000000000001
8487,0.11800000000000001
8488,0.11800000000000001
8489,0.11800000000000001
8490,0.11800000000000001
8491,0.11800000000000001
8492,0.11800000000000001
8493,0.11800000000000001
8494,0.11800000000000001
8495,0.11800000000000001
8496,0.11800000000000001
8497,0.11800000000000001
8498,0.11800000000000001
8499,0.11800000000000001
8500,0.11800000000000001
8501,0.11800000000000001
8502,0.11800000000000001
8503,0.11800000000000001
8504,0.11800000000000001
8505,0.11800000000000001
8506,0.11800000000000001
8507,0.11800000000000001
8508,0.11800000000000001
8509,0.11800000000000001
8510,0.11800000000000001
8511,0.11800000000000001
8512,0.11800000000000001
8513,0.11800000000000001
8514,0.11800000000000001
8515,0.11800000000000001
8516,0.11800000000000001
8517,0.11800000000000001
8518,0.11800000000000001
8519,0.11800000000000001
8520,0.11800000000000001
8521,0.11800000000000001
8522,0.11800000000000001
8523,0.11800000000000001
8524,0.11800000000000001
8525,0.11800000000000001
8526,0.11800000000000001
8527,0.11800000000000001
8528,0.11800000000000001
8529,0.11800000000000001
8530,0.11800000000000001
8531,0.11800000000000001
8532,0.11800000000000001
8533,0.11800000000000001
8534,0.11800000000000001
8535,0.11800000000000001
8536,0.11800000000000001
8537,0.11800000000000001
8538,0.11800000000000001
8539,0.11800000000000001
8540,0.11800000000000001
8541,0.11800000000000001
8542,0.11800000000000001
8543,0.11800000000000001
8544,0.11800000000000001
8545,0.11800000000000001
8546,0.11800000000000001
8547,0.11800000000000001
8548,0.11800000000000001
8549,0.11800000000000001
8550,0.11800000000000001
8551,0.11800000000000001
8552,0.11800000000000001
8553,0.11800000000000001
8554,0.11800000000000001
8555,0.11800000000000001
8556,0.11800000000000001
8557,0.11800000000000001
8558,0.11800000000000001
8559,0.11800000000000001
8560,0.11800000000000001
8561,0.11800000000000001
8562,0.11800000000000001
8563,0.11800000000000001
8564,0.11800000000000001
8565,0.11800000000000001
8566,0.11800000000000001
8567,0.11800000000000001
8568,0.11800000000000001
8569,0.11800000000000001
8570,0.11800000000000001
8571,0.11800000000000001
8572,0.11800000000000001
8573,0.11800000000000001
8574,0.11800000000000001
8575,0.11800000000000001
8576,0.11800000000000001
8577,0.11800000000000001
8578,0.11800000000000001
8579,0.11800000000000001
8580,0.11800000000000001
8581,0.11800000000000001
8582,0.11800000000000001
8583,0.11800000000000001
8584,0.11800000000000001
8585,0.11800000000000001
8586,0.11800000000000001
8587,0.11800000000000001
8588,0.11800000000000001
8589,0.11800000000000001
8590,0.11800000000000001
8591,0.11800000000000001
8592,0.11800000000000001
8593,0.11800000000000001
8594,0.11800000000000001
8595,0.11800000000000001
8596,0.11800000000000001
8597,0.11800000000000001
8598,0.11800000000000001
8599,0.11800000000000001
8600,0.11800000000000001
8601,0.11800000000000001
8602,0.11800000000000001
8603,0.11800000000000001
8604,0.11800000000000001
8605,0.11800000000000001
8606,0.11800000000000001
8607,0.11800000000000001
8608,0.11800000000000001
8609,0.11800000000000001
8610,0.11800000000000001
8611,0.11800000000000001
8612,0.11800000000000001
8613,0.11800000000000001
8614,0.11800000000000001
8615,0.11800000000000001
8616,0.11800000000000001
8617,0.11800000000000001
8618,0.11800000000000001
8619,0.11800000000000001
8620,0.11800000000000001
8621,0.11800000000000001
8622,0.11800000000000001
8623,0.11800000000000001
8624,0.11800000000000001
8625,0.11800000000000001
8626,0.11800000000000001
8627,0.11800000000000001
8628,0.11800000000000001
8629,0.11800000000000001
8630,0.11800000000000001
8631,0.11800000000000001
8632,0.11800000000000001
8633,0.11800000000000001
8634,0.11800000000000001
8635,0.11800000000000001
8636,0.11800000000000001
8637,0.11800000000000001
8638,0.11800000000000001
8639,0.11800000000000001
8640,0.11800000000000001
8641,0.11800000000000001
8642,0.11800000000000001
8643,0.11800000000000001
8644,0.11800000000000001
8645,0.11800000000000001
8646,0.11800000000000001
8647,0.11800000000000001
8648,0.11800000000000001
8649,0.11800000000000001
8650,0.11800000000000001
8651,0.11800000000000001
8652,0.11800000000000001
8653,0.11800000000000001
8654,0.11800000000000001
8655,0.11800000000000001
8656,0.11800000000000001
8657,0.11800000000000001
8658,0.11800000000000001
8659,0.11800000000000001
8660,0.11800000000000001
8661,0.11800000000000001
8662,0.11800000000000001
8663,0.11800000000000001
8664,0.11800000000000001
8665,0.11800000000000001
8666,0.11800000000000001
8667,0.11800000000000001
8668,0.11800000000000001
8669,0.11800000000000001
8670,0.11800000000000001
8671,0.11800000000000001
8672,0.11800000000000001
8673,0.11800000000000001
8674,0.11800000000000001
8675,0.11800000000000001
8676,0.11800000000000001
8677,0.11800000000000001
8678,0.11800000000000001
8679,0.11800000000000001
8680,0.11800000000000001
8681,0.11800000000000001
8682,0.11800000000000001
8683,0.11800000000000001
8684,0.11800000000000001
8685,0.11800000000000001
8686,0.11800000000000001
8687,0.11800000000000001
8688,0.11800000000000001
8689,0.11800000000000001
8690,0.11800000000000001
8691,0.11800000000000001
8692,0.11800000000000001
8693,0.11800000000000001
8694,0.11800000000000001
8695,0.11800000000000001
8696,0.11800000000000001
8697,0.11800000000000001
8698,0.11800000000000001
8699,0.11800000000000001
8700,0.11800000000000001
8701,0.11800000000000001
8702,0.11800000000000001
8703,0.11800000000000001
8704,0.11800000000000001
8705,0.11800000000000001
8706,0.11800000000000001
8707,0.11800000000000001
8708,0.11800000000000001
8709,0.11800000000000001
8710,0.11800000000000001
8711,0.11800000000000001
8712,0.11800000000000001
8713,0.11800000000000001
8714,0.11800000000000001
8715,0.11800000000000001
8716,0.11800000000000001
8717,0.11800000000000001
8718,0.11800000000000001
8719,0.11800000000000001
8720,0.11800000000000001
8721,0.11800000000000001
8722,0.11800000000000001
8723,0.11800000000000001
8724,0.11800000000000001
8725,0.11800000000000001
8726,0.11800000000000001
8727,0.11800000000000001
8728,0.11800000000000001
8729,0.11800000000000001
8730,0.11800000000000001
8731,0.11800000000000001
8732,0.11800000000000001
8733,0.11800000000000001
8734,0.11800000000000001
8735,0.11800000000000001
8736,0.11800000000000001
8737,0.11800000000000001
8738,0.11800000000000001
8739,0.11800000000000001
8740,0.11800000000000001
8741,0.11800000000000001
8742,0.11800000000000001
8743,0.11800000000000001
8744,0.11800000000000001
8745,0.11800000000000001
8746,0.11800000000000001
8747,0.11800000000000001
8748,0.11800000000000001
8749,0.11800000000000001
8750,0.11800000000000001
8751,0.11800000000000001
8752,0.11800000000000001
8753,0.11800000000000001
8754,0.11800000000000001
8755,0.11800000000000001
8756,0.11800000000000001
8757,0.11800000000000001
8758,0.11800000000000001
8759,0.11800000000000001
8760,0.11800000000000001
8761,0.11800000000000001
8762,0.11800000000000001
8763,0.11800000000000001
8764,0.11800000000000001
8765,0.11800000000000001
8766,0.11800000000000001
8767,0.11800000000000001
8768,0.11800000000000001
8769,0.11800000000000001
8770,0.11800000000000001
8771,0.11800000000000001
8772,0.11800000000000001
8773,0.11800000000000001
8774,0.11800000000000001
8775,0.11800000000000001
8776,0.11800000000000001
8777,0.11800000000000001
8778,0.11800000000000001
8779,0.11800000000000001
8780,0.11800000000000001
8781,0.11800000000000001
8782,0.11800000000000001
8783,0.11800000000000001
8784,0.11800000000000001
8785,0.11800000000000001
8786,0.11800000000000001
8787,0.11800000000000001
8788,0.11800000000000001
8789,0.11800000000000001
8790,0.11800000000000001
8791,0.11800000000000001
8792,0.11800000000000001
8793,0.11800000000000001
8794,0.11800000000000001
8795,0.11800000000000001
8796,0.11800000000000001
8797,0.11800000000000001
8798,0.11800000000000001
8799,0.11800000000000001
8800,0.11800000000000001
8801,0.11800000000000001
8802,0.11800000000000001
8803,0.11800000000000001
8804,0.11800000000000001
8805,0.11800000000000001
8806,0.11800000000000001
8807,0.11800000000000001
8808,0.11800000000000001
8809,0.11800000000000001
8810,0.11800000000000001
8811,0.11800000000000001
8812,0.11800000000000001
8813,0.11800000000000001
8814,0.11800000000000001
8815,0.11800000000000001
8816,0.11800000000000001
8817,0.11800000000000001
8818,0.11800000000000001
8819,0.11800000000000001
8820,0.11800000000000001
8821,0.11800000000000001
8822,0.11800000000000001
8823,0.11800000000000001
8824,0.11800000000000001
8825,0.11800000000000001
8826,0.11800000000000001
8827,0.11800000000000001
8828,0.11800000000000001
8829,0.11800000000000001
8830,0.11800000000000001
8831,0.11800000000000001
8832,0.11800000000000001
8833,0.11800000000000001
8834,0.11800000000000001
8835,0.11800000000000001
8836,0.11800000000000001
8837,0.11800000000000001
8838,0.11800000000000001
8839,0.11800000000000001
8840,0.11800000000000001
8841,0.11800000000000001
8842,0.11800000000000001
8843,0.11800000000000001
8844,0.11800000000000001
8845,0.11800000000000001
8846,0.11800000000000001
8847,0.11800000000000001
8848,0.11800000000000001
8849,0.11800000000000001
8850,0.11800000000000001
8851,0.11800000000000001
8852,0.11800000000000001
8853,0.11800000000000001
8854,0.11800000000000001
8855,0.11800000000000001
8856,0.11800000000000001
8857,0.11800000000000001
8858,0.11800000000000001
8859,0.11800000000000001
8860,0.11800000000000001
8861,0.11800000000000001
8862,0.11800000000000001
8863,0.11800000000000001
8864,0.11800000000000001
8865,0.11800000000000001
8866,0.11800000000000001
8867,0.11800000000000001
8868,0.11800000000000001
8869,0.11800000000000001
8870,0.11800000000000001
8871,0.11800000000000001
8872,0.11800000000000001
8873,0.11800000000000001
8874,0.11800000000000001
8875,0.11800000000000001
8876,0.11800000000000001
8877,0.11800000000000001
8878,0.11800000000000001
8879,0.11800000000000001
8880,0.11800000000000001
8881,0.11800000000000001
8882,0.11800000000000001
8883,0.11800000000000001
8884,0.11800000000000001
8885,0.11800000000000001
8886,0.11800000000000001
8887,0.11800000000000001
8888,0.11800000000000001
8889,0.11800000000000001
8890,0.11800000000000001
8891,0.11800000000000001
8892,0.11800000000000001
8893,0.11800000000000001
8894,0.11800000000000001
8895,0.11800000000000001
8896,0.11800000000000001
8897,0.11800000000000001
8898,0.11800000000000001
8899,0.11800000000000001
8900,0.11800000000000001
8901,0.11800000000000001
8902,0.11800000000000001
8903,0.11800000000000001
8904,0.11800000000000001
8905,0.11800000000000001
8906,0.11800000000000001
8907,0.11800000000000001
8908,0.11800000000000001
8909,0.11800000000000001
8910,0.11800000000000001
8911,0.11800000000000001
8912,0.11800000000000001
8913,0.11800000000000001
8914,0.11800000000000001
8915,0.11800000000000001
8916,0.11800000000000001
8917,0.11800000000000001
8918,0.11800000000000001
8919,0.11800000000000001
8920,0.11800000000000001
8921,0.11800000000000001
8922,0.11800000000000001
8923,0.11800000000000001
8924,0.11800000000000001
8925,0.11800000000000001
8926,0.11800000000000001
8927,0.11800000000000001
8928,0.11800000000000001
8929,0.11800000000000001
8930,0.11800000000000001
8931,0.11800000000000001
8932,0.11800000000000001
8933,0.11800000000000001
8934,0.11800000000000001
8935,0.11800000000000001
8936,0.11800000000000001
8937,0.11800000000000001
8938,0.11800000000000001
8939,0.11800000000000001
8940,0.11800000000000001
8941,0.11800000000000001
8942,0.11800000000000001
8943,0.11800000000000001
8944,0.11800000000000001
8945,0.11800000000000001
8946,0.11800000000000001
8947,0.11800000000000001
8948,0.11800000000000001
8949,0.11800000000000001
8950,0.11800000000000001
8951,0.11800000000000001
8952,0.11800000000000001
8953,0.11800000000000001
8954,0.11800000000000001
8955,0.11800000000000001
8956,0.11800000000000001
8957,0.11800000000000001
8958,0.11800000000000001
8959,0.11800000000000001
8960,0.11800000000000001
8961,0.11800000000000001
8962,0.11800000000000001
8963,0.11800000000000001
8964,0.11800000000000001
8965,0.11800000000000001
8966,0.11800000000000001
8967,0.11800000000000001
8968,0.11800000000000001
8969,0.11800000000000001
8970,0.11800000000000001
8971,0.11800000000000001
8972,0.11800000000000001
8973,0.11800000000000001
8974,0.11800000000000001
8975,0.11800000000000001
8976,0.11800000000000001
8977,0.11800000000000001
8978,0.11800000000000001
8979,0.11800000000000001
8980,0.11800000000000001
8981,0.11800000000000001
8982,0.11800000000000001
8983,0.11800000000000001
8984,0.11800000000000001
8985,0.11800000000000001
8986,0.11800000000000001
8987,0.11800000000000001
8988,0.11800000000000001
8989,0.11800000000000001
8990,0.11800000000000001
8991,0.11800000000000001
8992,0.11800000000000001
8993,0.11800000000000001
8994,0.11800000000000001
8995,0.11800000000000001
8996,0.11800000000000001
8997,0.11800000000000001
8998,0.11800000000000001
8999,0.11800000000000001
9000,0.11800000000000001
9001,0.11800000000000001
9002,0.11800000000000001
9003,0.11800000000000001
9004,0.11800000000000001
9005,0.11800000000000001
9006,0.11800000000000001
9007,0.11800000000000001
9008,0.11800000000000001
9009,0.11800000000000001
9010,0.11800000000000001
9011,0.11800000000000001
9012,0.11800000000000001
9013,0.11800000000000001
9014,0.11800000000000001
9015,0.11800000000000001
9016,0.11800000000000001
9017,0.11800000000000001
9018,0.11800000000000001
9019,0.11800000000000001
9020,0.11800000000000001
9021,0.11800000000000001
9022,0.11800000000000001
9023,0.11800000000000001
9024,0.11800000000000001
9025,0.11800000000000001
9026,0.11800000000000001
9027,0.11800000000000001
9028,0.11800000000000001
9029,0.11800000000000001
9030,0.11800000000000001
9031,0.11800000000000001
9032,0.11800000000000001
9033,0.11800000000000001
9034,0.11800000000000001
9035,0.11800000000000001
9036,0.11800000000000001
9037,0.11800000000000001
9038,0.11800000000000001
9039,0.11800000000000001
9040,0.11800000000000001
9041,0.11800000000000001
9042,0.11800000000000001
9043,0.11800000000000001
9044,0.11800000000000001
9045,0.11800000000000001
9046,0.11800000000000001
9047,0.11800000000000001
9048,0.11800000000000001
9049,0.11800000000000001
9050,0.11800000000000001
9051,0.11800000000000001
9052,0.11800000000000001
9053,0.11800000000000001
9054,0.11800000000000001
9055,0.11800000000000001
9056,0.11800000000000001
9057,0.11800000000000001
9058,0.11800000000000001
9059,0.11800000000000001
9060,0.11800000000000001
9061,0.11800000000000001
9062,0.11800000000000001
9063,0.11800000000000001
9064,0.11800000000000001
9065,0.11800000000000001
9066,0.11800000000000001
9067,0.11800000000000001
9068,0.11800000000000001
9069,0.11800000000000001
9070,0.11800000000000001
9071,0.11800000000000001
9072,0.11800000000000001
9073,0.11800000000000001
9074,0.11800000000000001
9075,0.11800000000000001
9076,0.11800000000000001
9077,0.11800000000000001
9078,0.11800000000000001
9079,0.11800000000000001
9080,0.11800000000000001
9081,0.11800000000000001
9082,0.11800000000000001
9083,0.11800000000000001
9084,0.11800000000000001
9085,0.11800000000000001
9086,0.11800000000000001
9087,0.11800000000000001
9088,0.11800000000000001
9089,0.11800000000000001
9090,0.11800000000000001
9091,0.11800000000000001
9092,0.11800000000000001
9093,0.11800000000000001
9094,0.11800000000000001
9095,0.11800000000000001
9096,0.11800000000000001
9097,0.11800000000000001
9098,0.11800000000000001
9099,0.11800000000000001
9100,0.11800000000000001
9101,0.11800000000000001
9102,0.11800000000000001
9103,0.11800000000000001
9104,0.11800000000000001
9105,0.11800000000000001
9106,0.11800000000000001
9107,0.11800000000000001
9108,0.11800000000000001
9109,0.11800000000000001
9110,0.11800000000000001
9111,0.11800000000000001
9112,0.11800000000000001
9113,0.11800000000000001
9114,0.11800000000000001
9115,0.11800000000000001
9116,0.11800000000000001
9117,0.11800000000000001
9118,0.11800000000000001
9119,0.11800000000000001
9120,0.11800000000000001
9121,0.11800000000000001
9122,0.11800000000000001
9123,0.11800000000000001
9124,0.11800000000000001
9125,0.11800000000000001
9126,0.11800000000000001
9127,0.11800000000000001
9128,0.11800000000000001
9129,0.11800000000000001
9130,0.11800000000000001
9131,0.11800000000000001
9132,0.11800000000000001
9133,0.11800000000000001
9134,0.11800000000000001
9135,0.11800000000000001
9136,0.11800000000000001
9137,0.11800000000000001
9138,0.11800000000000001
9139,0.11800000000000001
9140,0.11800000000000001
9141,0.11800000000000001
9142,0.11800000000000001
9143,0.11800000000000001
9144,0.11800000000000001
9145,0.11800000000000001
9146,0.11800000000000001
9147,0.11800000000000001
9148,0.11800000000000001
9149,0.11800000000000001
9150,0.11800000000000001
9151,0.11800000000000001
9152,0.11800000000000001
9153,0.11800000000000001
9154,0.11800000000000001
9155,0.11800000000000001
9156,0.11800000000000001
9157,0.11800000000000001
9158,0.11800000000000001
9159,0.11800000000000001
9160,0.11800000000000001
9161,0.11800000000000001
9162,0.11800000000000001
9163,0.11800000000000001
9164,0.11800000000000001
9165,0.11800000000000001
9166,0.11800000000000001
9167,0.11800000000000001
9168,0.11800000000000001
9169,0.11800000000000001
9170,0.11800000000000001
9171,0.11800000000000001
9172,0.11800000000000001
9173,0.11800000000000001
9174,0.11800000000000001
9175,0.11800000000000001
9176,0.11800000000000001
9177,0.11800000000000001
9178,0.11800000000000001
9179,0.11800000000000001
9180,0.11800000000000001
9181,0.11800000000000001
9182,0.11800000000000001
9183,0.11800000000000001
9184,0.11800000000000001
9185,0.11800000000000001
9186,0.11800000000000001
9187,0.11800000000000001
9188,0.11800000000000001
9189,0.11800000000000001
9190,0.11800000000000001
9191,0.11800000000000001
9192,0.11800000000000001
9193,0.11800000000000001
9194,0.11800000000000001
9195,0.11800000000000001
9196,0.11800000000000001
9197,0.11800000000000001
9198,0.11800000000000001
9199,0.11800000000000001
9200,0.11800000000000001
9201,0.11800000000000001
9202,0.11800000000000001
9203,0.11800000000000001
9204,0.11800000000000001
9205,0.11800000000000001
9206,0.11800000000000001
9207,0.11800000000000001
9208,0.11800000000000001
9209,0.11800000000000001
9210,0.11800000000000001
9211,0.11800000000000001
9212,0.11800000000000001
9213,0.11800000000000001
9214,0.11800000000000001
9215,0.11800000000000001
9216,0.11800000000000001
9217,0.11800000000000001
9218,0.11800000000000001
9219,0.11800000000000001
9220,0.11800000000000001
9221,0.11800000000000001
9222,0.11800000000000001
9223,0.11800000000000001
9224,0.11800000000000001
9225,0.11800000000000001
9226,0.11800000000000001
9227,0.11800000000000001
9228,0.11800000000000001
9229,0.11800000000000001
9230,0.11800000000000001
9231,0.11800000000000001
9232,0.11800000000000001
9233,0.11800000000000001
9234,0.11800000000000001
9235,0.11800000000000001
9236,0.11800000000000001
9237,0.11800000000000001
9238,0.11800000000000001
9239,0.11800000000000001
9240,0.11800000000000001
9241,0.11800000000000001
9242,0.11800000000000001
9243,0.11800000000000001
9244,0.11800000000000001
9245,0.11800000000000001
9246,0.11800000000000001
9247,0.11800000000000001
9248,0.11800000000000001
9249,0.11800000000000001
9250,0.11800000000000001
9251,0.11800000000000001
9252,0.11800000000000001
9253,0.11800000000000001
9254,0.11800000000000001
9255,0.11800000000000001
9256,0.11800000000000001
9257,0.11800000000000001
9258,0.11800000000000001
9259,0.11800000000000001
9260,0.11800000000000001
9261,0.11800000000000001
9262,0.11800000000000001
9263,0.11800000000000001
9264,0.11800000000000001
9265,0.11800000000000001
9266,0.11800000000000001
9267,0.11800000000000001
9268,0.11800000000000001
9269,0.11800000000000001
9270,0.11800000000000001
9271,0.11800000000000001
9272,0.11800000000000001
9273,0.11800000000000001
9274,0.11800000000000001
9275,0.11800000000000001
9276,0.11800000000000001
9277,0.11800000000000001
9278,0.11800000000000001
9279,0.11800000000000001
9280,0.11800000000000001
9281,0.11800000000000001
9282,0.11800000000000001
9283,0.11800000000000001
9284,0.11800000000000001
9285,0.11800000000000001
9286,0.11800000000000001
9287,0.11800000000000001
9288,0.11800000000000001
9289,0.11800000000000001
9290,0.11800000000000001
9291,0.11800000000000001
9292,0.11800000000000001
9293,0.11800000000000001
9294,0.11800000000000001
9295,0.11800000000000001
9296,0.11800000000000001
9297,0.11800000000000001
9298,0.11800000000000001
9299,0.11800000000000001
9300,0.11800000000000001
9301,0.11800000000000001
9302,0.11800000000000001
9303,0.11800000000000001
9304,0.11800000000000001
9305,0.11800000000000001
9306,0.11800000000000001
9307,0.11800000000000001
9308,0.11800000000000001
9309,0.11800000000000001
9310,0.11800000000000001
9311,0.11800000000000001
9312,0.11800000000000001
9313,0.11800000000000001
9314,0.11800000000000001
9315,0.11800000000000001
9316,0.11800000000000001
9317,0.11800000000000001
9318,0.11800000000000001
9319,0.11800000000000001
9320,0.11800000000000001
9321,0.11800000000000001
9322,0.11800000000000001
9323,0.11800000000000001
9324,0.11800000000000001
9325,0.11800000000000001
9326,0.11800000000000001
9327,0.11800000000000001
9328,0.11800000000000001
9329,0.11800000000000001
9330,0.11800000000000001
9331,0.11800000000000001
9332,0.11800000000000001
9333,0.11800000000000001
9334,0.11800000000000001
9335,0.11800000000000001
9336,0.11800000000000001
9337,0.11800000000000001
9338,0.11800000000000001
9339,0.11800000000000001
9340,0.11800000000000001
9341,0.11800000000000001
9342,0.11800000000000001
9343,0.11800000000000001
9344,0.11800000000000001
9345,0.11800000000000001
9346,0.11800000000000001
9347,0.11800000000000001
9348,0.11800000000000001
9349,0.11800000000000001
9350,0.11800000000000001
9351,0.11800000000000001
9352,0.11800000000000001
9353,0.11800000000000001
9354,0.11800000000000001
9355,0.11800000000000001
9356,0.11800000000000001
9357,0.11800000000000001
9358,0.11800000000000001
9359,0.11800000000000001
9360,0.11800000000000001
9361,0.11800000000000001
9362,0.11800000000000001
9363,0.11800000000000001
9364,0.11800000000000001
9365,0.11800000000000001
9366,0.11800000000000001
9367,0.11800000000000001
9368,0.11800000000000001
9369,0.11800000000000001
9370,0.11800000000000001
9371,0.11800000000000001
9372,0.11800000000000001
9373,0.11800000000000001
9374,0.11800000000000001
9375,0.11800000000000001
9376,0.11800000000000001
9377,0.11800000000000001
9378,0.11800000000000001
9379,0.11800000000000001
9380,0.11800000000000001
9381,0.11800000000000001
9382,0.11800000000000001
9383,0.11800000000000001
9384,0.11800000000000001
9385,0.11800000000000001
9386,0.11800000000000001
9387,0.11800000000000001
9388,0.11800000000000001
9389,0.11800000000000001
9390,0.11800000000000001
9391,0.11800000000000001
9392,0.11800000000000001
9393,0.11800000000000001
9394,0.11800000000000001
9395,0.11800000000000001
9396,0.11800000000000001
9397,0.11800000000000001
9398,0.11800000000000001
9399,0.11800000000000001
9400,0.11800000000000001
9401,0.11800000000000001
9402,0.11800000000000001
9403,0.11800000000000001
9404,0.11800000000000001
9405,0.11800000000000001
9406,0.11800000000000001
9407,0.11800000000000001
9408,0.11800000000000001
9409,0.11800000000000001
9410,0.11800000000000001
9411,0.11800000000000001
9412,0.11800000000000001
9413,0.11800000000000001
9414,0.11800000000000001
9415,0.11800000000000001
9416,0.11800000000000001
9417,0.11800000000000001
9418,0.11800000000000001
9419,0.11800000000000001
9420,0.11800000000000001
9421,0.11800000000000001
9422,0.11800000000000001
9423,0.11800000000000001
9424,0.11800000000000001
9425,0.11800000000000001
9426,0.11800000000000001
9427,0.11800000000000001
9428,0.11800000000000001
9429,0.11800000000000001
9430,0.11800000000000001
9431,0.11800000000000001
9432,0.11800000000000001
9433,0.11800000000000001
9434,0.11800000000000001
9435,0.11800000000000001
9436,0.11800000000000001
9437,0.11800000000000001
9438,0.11800000000000001
9439,0.11800000000000001
9440,0.11800000000000001
9441,0.11800000000000001
9442,0.11800000000000001
9443,0.11800000000000001
9444,0.11800000000000001
9445,0.11800000000000001
9446,0.11800000000000001
9447,0.11800000000000001
9448,0.11800000000000001
9449,0.11800000000000001
9450,0.11800000000000001
9451,0.11800000000000001
9452,0.11800000000000001
9453,0.11800000000000001
9454,0.11800000000000001
9455,0.11800000000000001
9456,0.11800000000000001
9457,0.11800000000000001
9458,0.11800000000000001
9459,0.11800000000000001
9460,0.11800000000000001
9461,0.11800000000000001
9462,0.11800000000000001
9463,0.11800000000000001
9464,0.11800000000000001
9465,0.11800000000000001
9466,0.11800000000000001
9467,0.11800000000000001
9468,0.11800000000000001
9469,0.11800000000000001
9470,0.11800000000000001
9471,0.11800000000000001
9472,0.11800000000000001
9473,0.11800000000000001
9474,0.11800000000000001
9475,0.11800000000000001
9476,0.11800000000000001
9477,0.11800000000000001
9478,0.11800000000000001
9479,0.11800000000000001
9480,0.11800000000000001
9481,0.11800000000000001
9482,0.11800000000000001
9483,0.11800000000000001
9484,0.11800000000000001
9485,0.11800000000000001
9486,0.11800000000000001
9487,0.11800000000000001
9488,0.11800000000000001
9489,0.11800000000000001
9490,0.11800000000000001
9491,0.11800000000000001
9492,0.11800000000000001
9493,0.11800000000000001
9494,0.11800000000000001
9495,0.11800000000000001
9496,0.11800000000000001
9497,0.11800000000000001
9498,0.11800000000000001
9499,0.11800000000000001
9500,0.11800000000000001
9501,0.11800000000000001
9502,0.11800000000000001
9503,0.11800000000000001
9504,0.11800000000000001
9505,0.11800000000000001
9506,0.11800000000000001
9507,0.11800000000000001
9508,0.11800000000000001
9509,0.11800000000000001
9510,0.11800000000000001
9511,0.11800000000000001
9512,0.11800000000000001
9513,0.11800000000000001
9514,0.11800000000000001
9515,0.11800000000000001
9516,0.11800000000000001
9517,0.11800000000000001
9518,0.11800000000000001
9519,0.11800000000000001
9520,0.11800000000000001
9521,0.11800000000000001
9522,0.11800000000000001
9523,0.11800000000000001
9524,0.11800000000000001
9525,0.11800000000000001
9526,0.11800000000000001
9527,0.11800000000000001
9528,0.11800000000000001
9529,0.11800000000000001
9530,0.11800000000000001
9531,0.11800000000000001
9532,0.11800000000000001
9533,0.11800000000000001
9534,0.11800000000000001
9535,0.11800000000000001
9536,0.11800000000000001
9537,0.11800000000000001
9538,0.11800000000000001
9539,0.11800000000000001
9540,0.11800000000000001
9541,0.11800000000000001
9542,0.11800000000000001
9543,0.11800000000000001
9544,0.11800000000000001
9545,0.11800000000000001
9546,0.11800000000000001
9547,0.11800000000000001
9548,0.11800000000000001
9549,0.11800000000000001
9550,0.11800000000000001
9551,0.11800000000000001
9552,0.11800000000000001
9553,0.11800000000000001
9554,0.11800000000000001
9555,0.11800000000000001
9556,0.11800000000000001
9557,0.11800000000000001
9558,0.11800000000000001
9559,0.11800000000000001
9560,0.11800000000000001
9561,0.11800000000000001
9562,0.11800000000000001
9563,0.11800000000000001
9564,0.11800000000000001
9565,0.11800000000000001
9566,0.11800000000000001
9567,0.11800000000000001
9568,0.11800000000000001
9569,0.11800000000000001
9570,0.11800000000000001
9571,0.11800000000000001
9572,0.11800000000000001
9573,0.11800000000000001
9574,0.11800000000000001
9575,0.11800000000000001
9576,0.11800000000000001
9577,0.11800000000000001
9578,0.11800000000000001
9579,0.11800000000000001
9580,0.11800000000000001
9581,0.11800000000000001
9582,0.11800000000000001
9583,0.11800000000000001
9584,0.11800000000000001
9585,0.11800000000000001
9586,0.11800000000000001
9587,0.11800000000000001
9588,0.11800000000000001
9589,0.11800000000000001
9590,0.11800000000000001
9591,0.11800000000000001
9592,0.11800000000000001
9593,0.11800000000000001
9594,0.11800000000000001
9595,0.11800000000000001
9596,0.11800000000000001
9597,0.11800000000000001
9598,0.11800000000000001
9599,0.11800000000000001
9600,0.11800000000000001
9601,0.11800000000000001
9602,0.11800000000000001
9603,0.11800000000000001
9604,0.11800000000000001
9605,0.11800000000000001
9606,0.11800000000000001
9607,0.11800000000000001
9608,0.11800000000000001
9609,0.11800000000000001
9610,0.11800000000000001
9611,0.11800000000000001
9612,0.11800000000000001
9613,0.11800000000000001
9614,0.11800000000000001
9615,0.11800000000000001
9616,0.11800000000000001
9617,0.11800000000000001
9618,0.11800000000000001
9619,0.11800000000000001
9620,0.11800000000000001
9621,0.11800000000000001
9622,0.11800000000000001
9623,0.11800000000000001
9624,0.11800000000000001
9625,0.11800000000000001
9626,0.11800000000000001
9627,0.11800000000000001
9628,0.11800000000000001
9629,0.11800000000000001
9630,0.11800000000000001
9631,0.11800000000000001
9632,0.11800000000000001
9633,0.11800000000000001
9634,0.11800000000000001
9635,0.11800000000000001
9636,0.11800000000000001
9637,0.11800000000000001
9638,0.11800000000000001
9639,0.11800000000000001
9640,0.11800000000000001
9641,0.11800000000000001
9642,0.11800000000000001
9643,0.11800000000000001
9644,0.11800000000000001
9645,0.11800000000000001
9646,0.11800000000000001
9647,0.11800000000000001
9648,0.11800000000000001
9649,0.11800000000000001
9650,0.11800000000000001
9651,0.11800000000000001
9652,0.11800000000000001
9653,0.11800000000000001
9654,0.11800000000000001
9655,0.11800000000000001
9656,0.11800000000000001
9657,0.11800000000000001
9658,0.11800000000000001
9659,0.11800000000000001
9660,0.11800000000000001
9661,0.11800000000000001
9662,0.11800000000000001
9663,0.11800000000000001
9664,0.11800000000000001
9665,0.11800000000000001
9666,0.11800000000000001
9667,0.11800000000000001
9668,0.11800000000000001
9669,0.11800000000000001
9670,0.11800000000000001
9671,0.11800000000000001
9672,0.11800000000000001
9673,0.11800000000000001
9674,0.11800000000000001
9675,0.11800000000000001
9676,0.11800000000000001
9677,0.11800000000000001
9678,0.11800000000000001
9679,0.11800000000000001
9680,0.11800000000000001
9681,0.11800000000000001
9682,0.11800000000000001
9683,0.11800000000000001
9684,0.11800000000000001
9685,0.11800000000000001
9686,0.11800000000000001
9687,0.11800000000000001
9688,0.11800000000000001
9689,0.11800000000000001
9690,0.11800000000000001
9691,0.11800000000000001
9692,0.11800000000000001
9693,0.11800000000000001
9694,0.11800000000000001
9695,0.11800000000000001
9696,0.11800000000000001
9697,0.11800000000000001
9698,0.11800000000000001
9699,0.11800000000000001
9700,0.11800000000000001
9701,0.11800000000000001
9702,0.11800000000000001
9703,0.11800000000000001
9704,0.11800000000000001
9705,0.11800000000000001
9706,0.11800000000000001
9707,0.11800000000000001
9708,0.11800000000000001
9709,0.11800000000000001
9710,0.11800000000000001
9711,0.11800000000000001
9712,0.11800000000000001
9713,0.11800000000000001
9714,0.11800000000000001
9715,0.11800000000000001
9716,0.11800000000000001
9717,0.11800000000000001
9718,0.11800000000000001
9719,0.11800000000000001
9720,0.11800000000000001
9721,0.11800000000000001
9722,0.11800000000000001
9723,0.11800000000000001
9724,0.11800000000000001
9725,0.11800000000000001
9726,0.11800000000000001
9727,0.11800000000000001
9728,0.11800000000000001
9729,0.11800000000000001
9730,0.11800000000000001
9731,0.11800000000000001
9732,0.11800000000000001
9733,0.11800000000000001
9734,0.11800000000000001
9735,0.11800000000000001
9736,0.11800000000000001
9737,0.11800000000000001
9738,0.11800000000000001
9739,0.11800000000000001
9740,0.11800000000000001
9741,0.11800000000000001
9742,0.11800000000000001
9743,0.11800000000000001
9744,0.11800000000000001
9745,0.11800000000000001
9746,0.11800000000000001
9747,0.11800000000000001
9748,0.11800000000000001
9749,0.11800000000000001
9750,0.11800000000000001
9751,0.11800000000000001
9752,0.11800000000000001
9753,0.11800000000000001
9754,0.11800000000000001
9755,0.11800000000000001
9756,0.11800000000000001
9757,0.11800000000000001
9758,0.11800000000000001
9759,0.11800000000000001
9760,0.11800000000000001
9761,0.11800000000000001
9762,0.11800000000000001
9763,0.11800000000000001
9764,0.11800000000000001
9765,0.11800000000000001
9766,0.11800000000000001
9767,0.11800000000000001
9768,0.11800000000000001
9769,0.11800000000000001
9770,0.11800000000000001
9771,0.11800000000000001
9772,0.11800000000000001
9773,0.11800000000000001
9774,0.11800000000000001
9775,0.11800000000000001
9776,0.11800000000000001
9777,0.11800000000000001
9778,0.11800000000000001
9779,0.11800000000000001
9780,0.11800000000000001
9781,0.11800000000000001
9782,0.11800000000000001
9783,0.11800000000000001
9784,0.11800000000000001
9785,0.11800000000000001
9786,0.11800000000000001
9787,0.11800000000000001
9788,0.11800000000000001
9789,0.11800000000000001
9790,0.11800000000000001
9791,0.11800000000000001
9792,0.11800000000000001
9793,0.11800000000000001
9794,0.11800000000000001
9795,0.11800000000000001
9796,0.11800000000000001
9797,0.11800000000000001
9798,0.11800000000000001
9799,0.11800000000000001
9800,0.11800000000000001
9801,0.11800000000000001
9802,0.11800000000000001
9803,0.11800000000000001
9804,0.11800000000000001
9805,0.11800000000000001
9806,0.11800000000000001
9807,0.11800000000000001
9808,0.11800000000000001
9809,0.11800000000000001
9810,0.11800000000000001
9811,0.11800000000000001
9812,0.11800000000000001
9813,0.11800000000000001
9814,0.11800000000000001
9815,0.11800000000000001
9816,0.11800000000000001
9817,0.11800000000000001
9818,0.11800000000000001
9819,0.11800000000000001
9820,0.11800000000000001
9821,0.11800000000000001
9822,0.11800000000000001
9823,0.11800000000000001
9824,0.11800000000000001
9825,0.11800000000000001
9826,0.11800000000000001
9827,0.11800000000000001
9828,0.11800000000000001
9829,0.11800000000000001
9830,0.11800000000000001
9831,0.11800000000000001
9832,0.11800000000000001
9833,0.11800000000000001
9834,0.11800000000000001
9835,0.11800000000000001
9836,0.11800000000000001
9837,0.11800000000000001
9838,0.11800000000000001
9839,0.11800000000000001
9840,0.11800000000000001
9841,0.11800000000000001
9842,0.11800000000000001
9843,0.11800000000000001
9844,0.11800000000000001
9845,0.11800000000000001
9846,0.11800000000000001
9847,0.11800000000000001
9848,0.11800000000000001
9849,0.11800000000000001
9850,0.11800000000000001
9851,0.11800000000000001
9852,0.11800000000000001
9853,0.11800000000000001
9854,0.11800000000000001
9855,0.11800000000000001
9856,0.11800000000000001
9857,0.11800000000000001
9858,0.11800000000000001
9859,0.11800000000000001
9860,0.11800000000000001
9861,0.11800000000000001
9862,0.11800000000000001
9863,0.11800000000000001
9864,0.11800000000000001
9865,0.11800000000000001
9866,0.11800000000000001
9867,0.11800000000000001
9868,0.11800000000000001
9869,0.11800000000000001
9870,0.11800000000000001
9871,0.11800000000000001
9872,0.11800000000000001
9873,0.11800000000000001
9874,0.11800000000000001
9875,0.11800000000000001
9876,0.11800000000000001
9877,0.11800000000000001
9878,0.11800000000000001
9879,0.11800000000000001
9880,0.11800000000000001
9881,0.11800000000000001
9882,0.11800000000000001
9883,0.11800000000000001
9884,0.11800000000000001
9885,0.11800000000000001
9886,0.11800000000000001
9887,0.11800000000000001
9888,0.11800000000000001
9889,0.11800000000000001
9890,0.11800000000000001
9891,0.11800000000000001
9892,0.11800000000000001
9893,0.11800000000000001
9894,0.11800000000000001
9895,0.11800000000000001
9896,0.11800000000000001
9897,0.11800000000000001
9898,0.11800000000000001
9899,0.11800000000000001
9900,0.11800000000000001
9901,0.11800000000000001
9902,0.11800000000000001
9903,0.11800000000000001
9904,0.11800000000000001
9905,0.11800000000000001
9906,0.11800000000000001
9907,0.11800000000000001
9908,0.11800000000000001
9909,0.11800000000000001
9910,0.11800000000000001
9911,0.11800000000000001
9912,0.11800000000000001
9913,0.11800000000000001
9914,0.11800000000000001
9915,0.11800000000000001
9916,0.11800000000000001
9917,0.11800000000000001
9918,0.11800000000000001
9919,0.11800000000000001
9920,0.11800000000000001
9921,0.11800000000000001
9922,0.11800000000000001
9923,0.11800000000000001
9924,0.11800000000000001
9925,0.11800000000000001
9926,0.11800000000000001
9927,0.11800000000000001
9928,0.11800000000000001
9929,0.11800000000000001
9930,0.11800000000000001
9931,0.11800000000000001
9932,0.11800000000000001
9933,0.11800000000000001
9934,0.11800000000000001
9935,0.11800000000000001
9936,0.11800000000000001
9937,0.11800000000000001
9938,0.11800000000000001
9939,0.11800000000000001
9940,0.11800000000000001
9941,0.11800000000000001
9942,0.11800000000000001
9943,0.11800000000000001
9944,0.11800000000000001
9945,0.11800000000000001
9946,0.11800000000000001
9947,0.11800000000000001
9948,0.11800000000000001
9949,0.11800000000000001
9950,0.11800000000000001
9951,0.11800000000000001
9952,0.11800000000000001
9953,0.11800000000000001
9954,0.11800000000000001
9955,0.11800000000000001
9956,0.11800000000000001
9957,0.11800000000000001
9958,0.11800000000000001
9959,0.11800000000000001
9960,0.11800000000000001
9961,0.11800000000000001
9962,0.11800000000000001
9963,0.11800000000000001
9964,0.11800000000000001
9965,0.11800000000000001
9966,0.11800000000000001
9967,0.11800000000000001
9968,0.11800000000000001
9969,0.11800000000000001
9970,0.11800000000000001
9971,0.11800000000000001
9972,0.11800000000000001
9973,0.11800000000000001
9974,0.11800000000000001
9975,0.11800000000000001
9976,0.11800000000000001
9977,0.11800000000000001
9978,0.11800000000000001
9979,0.11800000000000001
9980,0.11800000000000001
9981,0.11800000000000001
9982,0.11800000000000001
9983,0.11800000000000001
9984,0.11800000000000001
9985,0.11800000000000001
9986,0.11800000000000001
9987,0.11800000000000001
9988,0.11800000000000001
9989,0.11800000000000001
9990,0.11800000000000001
9991,0.11800000000000001
9992,0.11800000000000001
9993,0.11800000000000001
9994,0.11800000000000001
9995,0.11800000000000001
9996,0.11800000000000001
9997,0.11800000000000001
9998,0.11800000000000001
9999,0.11800000000000001
10000,0.11800000000000001
10001,0.11800000000000001
10002,0.11800000000000001
10003,0.11800000000000001
10004,0.11800000000000001
10005,0.11800000000000001
10006,0.11800000000000001
10007,0.11800000000000001
10008,0.11800000000000001
10009,0.11800000000000001
10010,0.11800000000000001
10011,0.11800000000000001
10012,0.11800000000000001
10013,0.11800000000000001
10014,0.11800000000000001
10015,0.11800000000000001
10016,0.11800000000000001
10017,0.11800000000000001
10018,0.11800000000000001
10019,0.11800000000000001
10020,0.11800000000000001
10021,0.11800000000000001
10022,0.11800000000000001
10023,0.11800000000000001
10024,0.11800000000000001
10025,0.11800000000000001
10026,0.11800000000000001
10027,0.11800000000000001
10028,0.11800000000000001
10029,0.11800000000000001
10030,0.11800000000000001
10031,0.11800000000000001
10032,0.11800000000000001
10033,0.11800000000000001
10034,0.11800000000000001
10035,0.11800000000000001
10036,0.11800000000000001
10037,0.11800000000000001
10038,0.11800000000000001
10039,0.11800000000000001
10040,0.11800000000000001
10041,0.11800000000000001
10042,0.11800000000000001
10043,0.11800000000000001
10044,0.11800000000000001
10045,0.11800000000000001
10046,0.11800000000000001
10047,0.11800000000000001
10048,0.11800000000000001
10049,0.11800000000000001
10050,0.11800000000000001
10051,0.11800000000000001
10052,0.11800000000000001
10053,0.11800000000000001
10054,0.11800000000000001
10055,0.11800000000000001
10056,0.11800000000000001
10057,0.11800000000000001
10058,0.11800000000000001
10059,0.11800000000000001
10060,0.11800000000000001
10061,0.11800000000000001
10062,0.11800000000000001
10063,0.11800000000000001
10064,0.11800000000000001
10065,0.11800000000000001
10066,0.11800000000000001
10067,0.11800000000000001
10068,0.11800000000000001
10069,0.11800000000000001
10070,0.11800000000000001
10071,0.11800000000000001
10072,0.11800000000000001
10073,0.11800000000000001
10074,0.11800000000000001
10075,0.11800000000000001
10076,0.11800000000000001
10077,0.11800000000000001
10078,0.11800000000000001
10079,0.11800000000000001
10080,0.11800000000000001
10081,0.11800000000000001
10082,0.11800000000000001
10083,0.11800000000000001
10084,0.11800000000000001
10085,0.11800000000000001
10086,0.11800000000000001
10087,0.11800000000000001
10088,0.11800000000000001
10089,0.11800000000000001
10090,0.11800000000000001
10091,0.11800000000000001
10092,0.11800000000000001
10093,0.11800000000000001
10094,0.11800000000000001
10095,0.11800000000000001
10096,0.11800000000000001
10097,0.11800000000000001
10098,0.11800000000000001
10099,0.11800000000000001
10100,0.11800000000000001
10101,0.11800000000000001
10102,0.11800000000000001
10103,0.11800000000000001
10104,0.11800000000000001
10105,0.11800000000000001
10106,0.11800000000000001
10107,0.11800000000000001
10108,0.11800000000000001
10109,0.11800000000000001
10110,0.11800000000000001
10111,0.11800000000000001
10112,0.11800000000000001
10113,0.11800000000000001
10114,0.11800000000000001
10115,0.11800000000000001
10116,0.11800000000000001
10117,0.11800000000000001
10118,0.11800000000000001
10119,0.11800000000000001
10120,0.11800000000000001
10121,0.11800000000000001
10122,0.11800000000000001
10123,0.11800000000000001
10124,0.11800000000000001
10125,0.11800000000000001
10126,0.11800000000000001
10127,0.11800000000000001
10128,0.11800000000000001
10129,0.11800000000000001
10130,0.11800000000000001
10131,0.11800000000000001
10132,0.11800000000000001
10133,0.11800000000000001
10134,0.11800000000000001
10135,0.11800000000000001
10136,0.11800000000000001
10137,0.11800000000000001
10138,0.11800000000000001
10139,0.11800000000000001
10140,0.11800000000000001
10141,0.11800000000000001
10142,0.11800000000000001
10143,0.11800000000000001
10144,0.11800000000000001
10145,0.11800000000000001
10146,0.11800000000000001
10147,0.11800000000000001
10148,0.11800000000000001
10149,0.11800000000000001
10150,0.11800000000000001
10151,0.11800000000000001
10152,0.11800000000000001
10153,0.11800000000000001
10154,0.11800000000000001
10155,0.11800000000000001
10156,0.11800000000000001
10157,0.11800000000000001
10158,0.11800000000000001
10159,0.11800000000000001
10160,0.11800000000000001
10161,0.11800000000000001
10162,0.11800000000000001
10163,0.11800000000000001
10164,0.11800000000000001
10165,0.11800000000000001
10166,0.11800000000000001
10167,0.11800000000000001
10168,0.11800000000000001
10169,0.11800000000000001
10170,0.11800000000000001
10171,0.11800000000000001
10172,0.11800000000000001
10173,0.11800000000000001
10174,0.11800000000000001
10175,0.11800000000000001
10176,0.11800000000000001
10177,0.11800000000000001
10178,0.11800000000000001
10179,0.11800000000000001
10180,0.11800000000000001
10181,0.11800000000000001
10182,0.11800000000000001
10183,0.11800000000000001
10184,0.11800000000000001
10185,0.11800000000000001
10186,0.11800000000000001
10187,0.11800000000000001
10188,0.11800000000000001
10189,0.11800000000000001
10190,0.11800000000000001
10191,0.11800000000000001
10192,0.11800000000000001
10193,0.11800000000000001
10194,0.11800000000000001
10195,0.11800000000000001
10196,0.11800000000000001
10197,0.11800000000000001
10198,0.11800000000000001
10199,0.11800000000000001
10200,0.11800000000000001
10201,0.11800000000000001
10202,0.11800000000000001
10203,0.11800000000000001
10204,0.11800000000000001
10205,0.11800000000000001
10206,0.11800000000000001
10207,0.11800000000000001
10208,0.11800000000000001
10209,0.11800000000000001
10210,0.11800000000000001
10211,0.11800000000000001
10212,0.11800000000000001
10213,0.11800000000000001
10214,0.11800000000000001
10215,0.11800000000000001
10216,0.11800000000000001
10217,0.11800000000000001
10218,0.11800000000000001
10219,0.11800000000000001
10220,0.11800000000000001
10221,0.11800000000000001
10222,0.11800000000000001
10223,0.11800000000000001
10224,0.11800000000000001
10225,0.11800000000000001
10226,0.11800000000000001
10227,0.11800000000000001
10228,0.11800000000000001
10229,0.11800000000000001
10230,0.11800000000000001
10231,0.11800000000000001
10232,0.11800000000000001
10233,0.11800000000000001
10234,0.11800000000000001
10235,0.11800000000000001
10236,0.11800000000000001
10237,0.11800000000000001
10238,0.11800000000000001
10239,0.11800000000000001
10240,0.11800000000000001
10241,0.11800000000000001
10242,0.11800000000000001
10243,0.11800000000000001
10244,0.11800000000000001
10245,0.11800000000000001
10246,0.11800000000000001
10247,0.11800000000000001
10248,0.11800000000000001
10249,0.11800000000000001
10250,0.11800000000000001
10251,0.11800000000000001
10252,0.11800000000000001
10253,0.11800000000000001
10254,0.11800000000000001
10255,0.11800000000000001
10256,0.11800000000000001
10257,0.11800000000000001
10258,0.11800000000000001
10259,0.11800000000000001
10260,0.11800000000000001
10261,0.11800000000000001
10262,0.11800000000000001
10263,0.11800000000000001
10264,0.11800000000000001
10265,0.11800000000000001
10266,0.11800000000000001
10267,0.11800000000000001
10268,0.11800000000000001
10269,0.11800000000000001
10270,0.11800000000000001
10271,0.11800000000000001
10272,0.11800000000000001
10273,0.11800000000000001
10274,0.11800000000000001
10275,0.11800000000000001
10276,0.11800000000000001
10277,0.11800000000000001
10278,0.11800000000000001
10279,0.11800000000000001
10280,0.11800000000000001
10281,0.11800000000000001
10282,0.11800000000000001
10283,0.11800000000000001
10284,0.11800000000000001
10285,0.11800000000000001
10286,0.11800000000000001
10287,0.11800000000000001
10288,0.11800000000000001
10289,0.11800000000000001
10290,0.11800000000000001
10291,0.11800000000000001
10292,0.11800000000000001
10293,0.11800000000000001
10294,0.11800000000000001
10295,0.11800000000000001
10296,0.11800000000000001
10297,0.11800000000000001
10298,0.11800000000000001
10299,0.11800000000000001
10300,0.11800000000000001
10301,0.11800000000000001
10302,0.11800000000000001
10303,0.11800000000000001
10304,0.11800000000000001
10305,0.11800000000000001
10306,0.11800000000000001
10307,0.11800000000000001
10308,0.11800000000000001
10309,0.11800000000000001
10310,0.11800000000000001
10311,0.11800000000000001
10312,0.11800000000000001
10313,0.11800000000000001
10314,0.11800000000000001
10315,0.11800000000000001
10316,0.11800000000000001
10317,0.11800000000000001
10318,0.11800000000000001
10319,0.11800000000000001
10320,0.11800000000000001
10321,0.11800000000000001
10322,0.11800000000000001
10323,0.11800000000000001
10324,0.11800000000000001
10325,0.11800000000000001
10326,0.11800000000000001
10327,0.11800000000000001
10328,0.11800000000000001
10329,0.11800000000000001
10330,0.11800000000000001
10331,0.11800000000000001
10332,0.11800000000000001
10333,0.11800000000000001
10334,0.11800000000000001
10335,0.11800000000000001
10336,0.11800000000000001
10337,0.11800000000000001
10338,0.11800000000000001
10339,0.11800000000000001
10340,0.11800000000000001
10341,0.11800000000000001
10342,0.11800000000000001
10343,0.11800000000000001
10344,0.11800000000000001
10345,0.11800000000000001
10346,0.11800000000000001
10347,0.11800000000000001
10348,0.11800000000000001
10349,0.11800000000000001
10350,0.11800000000000001
10351,0.11800000000000001
10352,0.11800000000000001
10353,0.11800000000000001
10354,0.11800000000000001
10355,0.11800000000000001
10356,0.11800000000000001
10357,0.11800000000000001
10358,0.11800000000000001
10359,0.11800000000000001
10360,0.11800000000000001
10361,0.11800000000000001
10362,0.11800000000000001
10363,0.11800000000000001
10364,0.11800000000000001
10365,0.11800000000000001
10366,0.11800000000000001
10367,0.11800000000000001
10368,0.11800000000000001
10369,0.11800000000000001
10370,0.11800000000000001
10371,0.11800000000000001
10372,0.11800000000000001
10373,0.11800000000000001
10374,0.11800000000000001
10375,0.11800000000000001
10376,0.11800000000000001
10377,0.11800000000000001
10378,0.11800000000000001
10379,0.11800000000000001
10380,0.11800000000000001
10381,0.11800000000000001
10382,0.11800000000000001
10383,0.11800000000000001
10384,0.11800000000000001
10385,0.11800000000000001
10386,0.11800000000000001
10387,0.11800000000000001
10388,0.11800000000000001
10389,0.11800000000000001
10390,0.11800000000000001
10391,0.11800000000000001
10392,0.11800000000000001
10393,0.11800000000000001
10394,0.11800000000000001
10395,0.11800000000000001
10396,0.11800000000000001
10397,0.11800000000000001
10398,0.11800000000000001
10399,0.11800000000000001
10400,0.11800000000000001
10401,0.11800000000000001
10402,0.11800000000000001
10403,0.11800000000000001
10404,0.11800000000000001
10405,0.11800000000000001
10406,0.11800000000000001
10407,0.11800000000000001
10408,0.11800000000000001
10409,0.11800000000000001
10410,0.11800000000000001
10411,0.11800000000000001
10412,0.11800000000000001
10413,0.11800000000000001
10414,0.11800000000000001
10415,0.11800000000000001
10416,0.11800000000000001
10417,0.11800000000000001
10418,0.11800000000000001
10419,0.11800000000000001
10420,0.11800000000000001
10421,0.11800000000000001
10422,0.11800000000000001
10423,0.11800000000000001
10424,0.11800000000000001
10425,0.11800000000000001
10426,0.11800000000000001
10427,0.11800000000000001
10428,0.11800000000000001
10429,0.11800000000000001
10430,0.11800000000000001
10431,0.11800000000000001
10432,0.11800000000000001
10433,0.11800000000000001
10434,0.11800000000000001
10435,0.11800000000000001
10436,0.11800000000000001
10437,0.11800000000000001
10438,0.11800000000000001
10439,0.11800000000000001
10440,0.11800000000000001
10441,0.11800000000000001
10442,0.11800000000000001
10443,0.11800000000000001
10444,0.11800000000000001
10445,0.11800000000000001
10446,0.11800000000000001
10447,0.11800000000000001
10448,0.11800000000000001
10449,0.11800000000000001
10450,0.11800000000000001
10451,0.11800000000000001
10452,0.11800000000000001
10453,0.11800000000000001
10454,0.11800000000000001
10455,0.11800000000000001
10456,0.11800000000000001
10457,0.11800000000000001
10458,0.11800000000000001
10459,0.11800000000000001
10460,0.11800000000000001
10461,0.11800000000000001
10462,0.11800000000000001
10463,0.11800000000000001
10464,0.11800000000000001
10465,0.11800000000000001
10466,0.11800000000000001
10467,0.11800000000000001
10468,0.11800000000000001
10469,0.11800000000000001
10470,0.11800000000000001
10471,0.11800000000000001
10472,0.11800000000000001
10473,0.11800000000000001
10474,0.11800000000000001
10475,0.11800000000000001
10476,0.11800000000000001
10477,0.11800000000000001
10478,0.11800000000000001
10479,0.11800000000000001
10480,0.11800000000000001
10481,0.11800000000000001
10482,0.11800000000000001
10483,0.11800000000000001
10484,0.11800000000000001
10485,0.11800000000000001
10486,0.11800000000000001
10487,0.11800000000000001
10488,0.11800000000000001
10489,0.11800000000000001
10490,0.11800000000000001
10491,0.11800000000000001
10492,0.11800000000000001
10493,0.11800000000000001
10494,0.11800000000000001
10495,0.11800000000000001
10496,0.11800000000000001
10497,0.11800000000000001
10498,0.11800000000000001
10499,0.11800000000000001
10500,0.11800000000000001
10501,0.11800000000000001
10502,0.11800000000000001
10503,0.11800000000000001
10504,0.11800000000000001
10505,0.11800000000000001
10506,0.11800000000000001
10507,0.11800000000000001
10508,0.11800000000000001
10509,0.11800000000000001
10510,0.11800000000000001
10511,0.11800000000000001
10512,0.11800000000000001
10513,0.11800000000000001
10514,0.11800000000000001
10515,0.11800000000000001
10516,0.11800000000000001
10517,0.11800000000000001
10518,0.11800000000000001
10519,0.11800000000000001
10520,0.11800000000000001
10521,0.11800000000000001
10522,0.11800000000000001
10523,0.11800000000000001
10524,0.11800000000000001
10525,0.11800000000000001
10526,0.11800000000000001
10527,0.11800000000000001
10528,0.11800000000000001
10529,0.11800000000000001
10530,0.11800000000000001
10531,0.11800000000000001
10532,0.11800000000000001
10533,0.11800000000000001
10534,0.11800000000000001
10535,0.11800000000000001
10536,0.11800000000000001
10537,0.11800000000000001
10538,0.11800000000000001
10539,0.11800000000000001
10540,0.11800000000000001
10541,0.11800000000000001
10542,0.11800000000000001
10543,0.11800000000000001
10544,0.11800000000000001
10545,0.11800000000000001
10546,0.11800000000000001
10547,0.11800000000000001
10548,0.11800000000000001
10549,0.11800000000000001
10550,0.11800000000000001
10551,0.11800000000000001
10552,0.11800000000000001
10553,0.11800000000000001
10554,0.11800000000000001
10555,0.11800000000000001
10556,0.11800000000000001
10557,0.11800000000000001
10558,0.11800000000000001
10559,0.11800000000000001
10560,0.11800000000000001
10561,0.11800000000000001
10562,0.11800000000000001
10563,0.11800000000000001
10564,0.11800000000000001
10565,0.11800000000000001
10566,0.11800000000000001
10567,0.11800000000000001
10568,0.11800000000000001
10569,0.11800000000000001
10570,0.11800000000000001
10571,0.11800000000000001
10572,0.11800000000000001
10573,0.11800000000000001
10574,0.11800000000000001
10575,0.11800000000000001
10576,0.11800000000000001
10577,0.11800000000000001
10578,0.11800000000000001
10579,0.11800000000000001
10580,0.11800000000000001
10581,0.11800000000000001
10582,0.11800000000000001
10583,0.11800000000000001
10584,0.11800000000000001
10585,0.11800000000000001
10586,0.11800000000000001
10587,0.11800000000000001
10588,0.11800000000000001
10589,0.11800000000000001
10590,0.11800000000000001
10591,0.11800000000000001
10592,0.11800000000000001
10593,0.11800000000000001
10594,0.11800000000000001
10595,0.11800000000000001
10596,0.11800000000000001
10597,0.11800000000000001
10598,0.11800000000000001
10599,0.11800000000000001
10600,0.11800000000000001
10601,0.11800000000000001
10602,0.11800000000000001
10603,0.11800000000000001
10604,0.11800000000000001
10605,0.11800000000000001
10606,0.11800000000000001
10607,0.11800000000000001
10608,0.11800000000000001
10609,0.11800000000000001
10610,0.11800000000000001
10611,0.11800000000000001
10612,0.11800000000000001
10613,0.11800000000000001
10614,0.11800000000000001
10615,0.11800000000000001
10616,0.11800000000000001
10617,0.11800000000000001
10618,0.11800000000000001
10619,0.11800000000000001
10620,0.11800000000000001
10621,0.11800000000000001
10622,0.11800000000000001
10623,0.11800000000000001
10624,0.11800000000000001
10625,0.11800000000000001
10626,0.11800000000000001
10627,0.11800000000000001
10628,0.11800000000000001
10629,0.11800000000000001
10630,0.11800000000000001
10631,0.11800000000000001
10632,0.11800000000000001
10633,0.11800000000000001
10634,0.11800000000000001
10635,0.11800000000000001
10636,0.11800000000000001
10637,0.11800000000000001
10638,0.11800000000000001
10639,0.11800000000000001
10640,0.11800000000000001
10641,0.11800000000000001
10642,0.11800000000000001
10643,0.11800000000000001
10644,0.11800000000000001
10645,0.11800000000000001
10646,0.11800000000000001
10647,0.11800000000000001
10648,0.11800000000000001
10649,0.11800000000000001
10650,0.11800000000000001
10651,0.11800000000000001
10652,0.11800000000000001
10653,0.11800000000000001
10654,0.11800000000000001
10655,0.11800000000000001
10656,0.11800000000000001
10657,0.11800000000000001
10658,0.11800000000000001
10659,0.11800000000000001
10660,0.11800000000000001
10661,0.11800000000000001
10662,0.11800000000000001
10663,0.11800000000000001
10664,0.11800000000000001
10665,0.11800000000000001
10666,0.11800000000000001
10667,0.11800000000000001
10668,0.11800000000000001
10669,0.11800000000000001
10670,0.11800000000000001
10671,0.11800000000000001
10672,0.11800000000000001
10673,0.11800000000000001
10674,0.11800000000000001
10675,0.11800000000000001
10676,0.11800000000000001
10677,0.11800000000000001
10678,0.11800000000000001
10679,0.11800000000000001
10680,0.11800000000000001
10681,0.11800000000000001
10682,0.11800000000000001
10683,0.11800000000000001
10684,0.11800000000000001
10685,0.11800000000000001
10686,0.11800000000000001
10687,0.11800000000000001
10688,0.11800000000000001
10689,0.11800000000000001
10690,0.11800000000000001
10691,0.11800000000000001
10692,0.11800000000000001
10693,0.11800000000000001
10694,0.11800000000000001
10695,0.11800000000000001
10696,0.11800000000000001
10697,0.11800000000000001
10698,0.11800000000000001
10699,0.11800000000000001
10700,0.11800000000000001
10701,0.11800000000000001
10702,0.11800000000000001
10703,0.11800000000000001
10704,0.11800000000000001
10705,0.11800000000000001
10706,0.11800000000000001
10707,0.11800000000000001
10708,0.11800000000000001
10709,0.11800000000000001
10710,0.11800000000000001
10711,0.11800000000000001
10712,0.11800000000000001
10713,0.11800000000000001
10714,0.11800000000000001
10715,0.11800000000000001
10716,0.11800000000000001
10717,0.11800000000000001
10718,0.11800000000000001
10719,0.11800000000000001
10720,0.11800000000000001
10721,0.11800000000000001
10722,0.11800000000000001
10723,0.11800000000000001
10724,0.11800000000000001
10725,0.11800000000000001
10726,0.11800000000000001
10727,0.11800000000000001
10728,0.11800000000000001
10729,0.11800000000000001
10730,0.11800000000000001
10731,0.11800000000000001
10732,0.11800000000000001
10733,0.11800000000000001
10734,0.11800000000000001
10735,0.11800000000000001
10736,0.11800000000000001
10737,0.11800000000000001
10738,0.11800000000000001
10739,0.11800000000000001
10740,0.11800000000000001
10741,0.11800000000000001
10742,0.11800000000000001
10743,0.11800000000000001
10744,0.11800000000000001
10745,0.11800000000000001
10746,0.11800000000000001
10747,0.11800000000000001
10748,0.11800000000000001
10749,0.11800000000000001
10750,0.11800000000000001
10751,0.11800000000000001
10752,0.11800000000000001
10753,0.11800000000000001
10754,0.11800000000000001
10755,0.11800000000000001
10756,0.11800000000000001
10757,0.11800000000000001
10758,0.11800000000000001
10759,0.11800000000000001
10760,0.11800000000000001
10761,0.11800000000000001
10762,0.11800000000000001
10763,0.11800000000000001
10764,0.11800000000000001
10765,0.11800000000000001
10766,0.11800000000000001
10767,0.11800000000000001
10768,0.11800000000000001
10769,0.11800000000000001
10770,0.11800000000000001
10771,0.11800000000000001
10772,0.11800000000000001
10773,0.11800000000000001
10774,0.11800000000000001
10775,0.11800000000000001
10776,0.11800000000000001
10777,0.11800000000000001
10778,0.11800000000000001
10779,0.11800000000000001
10780,0.11800000000000001
10781,0.11800000000000001
10782,0.11800000000000001
10783,0.11800000000000001
10784,0.11800000000000001
10785,0.11800000000000001
10786,0.11800000000000001
10787,0.11800000000000001
10788,0.11800000000000001
10789,0.11800000000000001
10790,0.11800000000000001
10791,0.11800000000000001
10792,0.11800000000000001
10793,0.11800000000000001
10794,0.11800000000000001
10795,0.11800000000000001
10796,0.11800000000000001
10797,0.11800000000000001
10798,0.11800000000000001
10799,0.11800000000000001
10800,0.11800000000000001
0,0.1545
1,0.1545
2,0.149
3,0.148625
4,0.14825
5,0.14787499999999998
6,0.1475
7,0.147125
8,0.14675
9,0.14637499999999998
10,0.146
11,0.146
12,0.146
13,0.146
14,0.146
15,0.146
16,0.146
17,0.14466666666666667
18,0.1433333333333333
19,0.142
20,0.1408333333333333
21,0.13966666666666666
22,0.1385
23,0.13733333333333334
24,0.13616666666666666
25,0.135
26,0.135
27,0.135
28,0.135
29,0.135
30,0.135
31,0.135
32,0.135
33,0.135
34,0.135
35,0.135
36,0.135
37,0.135
38,0.135
39,0.135
40,0.135
41,0.135
42,0.135
43,0.135
44,0.135
45,0.135
46,0.135
47,0.135
48,0.135
49,0.135
50,0.135
51,0.135
52,0.135
53,0.135
54,0.135
55,0.135
56,0.135
57,0.135
58,0.135
59,0.135
60,0.135
61,0.135
62,0.135
63,0.135
64,0.135
65,0.135
66,0.135
67,0.135
68,0.135
69,0.135
70,0.135
71,0.13466666666666668
72,0.13433333333333333
73,0.134
74,0.1332727272727273
75,0.13254545454545455
76,0.13181818181818183
77,0.1310909090909091
78,0.13036363636363638
79,0.12963636363636363
80,0.12890909090909092
81,0.12818181818181817
82,0.12745454545454546
83,0.12672727272727272
84,0.126
85,0.126
86,0.126
87,0.126
88,0.126
89,0.126
90,0.126
91,0.126
92,0.126
93,0.126
94,0.126
95,0.126
96,0.126
97,0.126
98,0.126
99,0.126
100,0.126
101,0.126
102,0.126
103,0.126
104,0.126
105,0.126
106,0.126
107,0.126
108,0.126
109,0.126
110,0.126
111,0.126
112,0.126
113,0.126
114,0.126
115,0.126
116,0.126
117,0.126
118,0.126
119,0.126
120,0.126
121,0.126
122,0.126
123,0.126
124,0.126
125,0.126
126,0.126
127,0.126
128,0.126
129,0.126
130,0.126
131,0.126
132,0.126
133,0.126
134,0.126
135,0.126
136,0.126
137,0.126
138,0.126
139,0.126
140,0.126
141,0.126
142,0.126
143,0.126
144,0.126
145,0.126
146,0.126
147,0.126
148,0.1255
149,0.125
150,0.124
151,0.123
152,0.122
153,0.12100000000000001
154,0.12000000000000001
155,0.11900000000000001
156,0.11800000000000001
157,0.11800000000000001
158,0.11800000000000001
159,0.11800000000000001
160,0.11800000000000001
161,0.11800000000000001
162,0.11800000000000001
163,0.11800000000000001
164,0.11800000000000001
165,0.11800000000000001
166,0.11800000000000001
167,0.11800000000000001
168,0.11800000000000001
169,0.11800000000000001
170,0.11800000000000001
171,0.11800000000000001
172,0.11800000000000001
173,0.11800000000000001
174,0.11800000000000001
175,0.11800000000000001
176,0.11800000000000001
177,0.11800000000000001
178,0.11800000000000001
179,0.11800000000000001
180,0.11800000000000001
181,0.11800000000000001
182,0.11800000000000001
183,0.11800000000000001
184,0.11800000000000001
185,0.11800000000000001
186,0.11800000000000001
187,0.11800000000000001
188,0.11800000000000001
189,0.11800000000000001
190,0.11800000000000001
191,0.11800000000000001
192,0.11800000000000001
193,0.11800000000000001
194,0.11800000000000001
195,0.11800000000000001
196,0.11800000000000001
197,0.11800000000000001
198,0.11800000000000001
199,0.11800000000000001
200,0.11800000000000001
201,0.11800000000000001
202,0.11800000000000001
203,0.11800000000000001
204,0.11800000000000001
205,0.11800000000000001
206,0.11800000000000001
207,0.11800000000000001
208,0.11800000000000001
209,0.11800000000000001
210,0.11800000000000001
211,0.11800000000000001
212,0.11800000000000001
213,0.11800000000000001
214,0.11800000000000001
215,0.11800000000000001
216,0.11800000000000001
217,0.11800000000000001
218,0.11800000000000001
219,0.11800000000000001
220,0.11800000000000001
221,0.11800000000000001
222,0.11800000000000001
223,0.11800000000000001
224,0.11800000000000001
225,0.11800000000000001
226,0.11800000000000001
227,0.11800000000000001
228,0.11800000000000001
229,0.11800000000000001
230,0.11800000000000001
231,0.11800000000000001
232,0.11800000000000001
233,0.11800000000000001
234,0.11800000000000001
235,0.11800000000000001
236,0.11800000000000001
237,0.11800000000000001
238,0.11800000000000001
239,0.11800000000000001
240,0.11800000000000001
241,0.11800000000000001
242,0.11800000000000001
243,0.11800000000000001
244,0.11800000000000001
245,0.11800000000000001
246,0.11800000000000001
247,0.11800000000000001
248,0.11800000000000001
249,0.11800000000000001
250,0.11800000000000001
251,0.11800000000000001
252,0.11800000000000001
253,0.11800000000000001
254,0.11800000000000001
255,0.11800000000000001
256,0.11800000000000001
257,0.11800000000000001
258,0.11800000000000001
259,0.11800000000000001
260,0.11800000000000001
261,0.11800000000000001
262,0.11800000000000001
263,0.11800000000000001
264,0.11800000000000001
265,0.11800000000000001
266,0.11800000000000001
267,0.11800000000000001
268,0.11800000000000001
269,0.11800000000000001
270,0.11800000000000001
271,0.11800000000000001
272,0.11800000000000001
273,0.11800000000000001
274,0.11800000000000001
275,0.11800000000000001
276,0.11800000000000001
277,0.11800000000000001
278,0.11800000000000001
279,0.11800000000000001
280,0.11800000000000001
281,0.11800000000000001
282,0.11800000000000001
283,0.11800000000000001
284,0.11800000000000001
285,0.11800000000000001
286,0.11800000000000001
287,0.11800000000000001
288,0.11800000000000001
289,0.11800000000000001
290,0.11800000000000001
291,0.11800000000000001
292,0.11800000000000001
293,0.11800000000000001
294,0.11800000000000001
295,0.11800000000000001
296,0.11800000000000001
297,0.11800000000000001
298,0.11800000000000001
299,0.11800000000000001
300,0.11800000000000001
301,0.11800000000000001
302,0.11800000000000001
303,0.11800000000000001
304,0.11800000000000001
305,0.11800000000000001
306,0.11800000000000001
307,0.11800000000000001
308,0.11800000000000001
309,0.11800000000000001
310,0.11800000000000001
311,0.11800000000000001
312,0.11800000000000001
313,0.11800000000000001
314,0.11800000000000001
315,0.11800000000000001
316,0.11800000000000001
317,0.11800000000000001
318,0.11800000000000001
319,0.11800000000000001
320,0.11800000000000001
321,0.11800000000000001
322,0.11800000000000001
323,0.11800000000000001
324,0.11800000000000001
325,0.11800000000000001
326,0.11800000000000001
327,0.11800000000000001
328,0.11800000000000001
329,0.11800000000000001
330,0.11800000000000001
331,0.11800000000000001
332,0.11800000000000001
333,0.11800000000000001
334,0.11800000000000001
335,0.11800000000000001
336,0.11800000000000001
337,0.11800000000000001
338,0.11800000000000001
339,0.11800000000000001
340,0.11800000000000001
341,0.11800000000000001
342,0.11800000000000001
343,0.11800000000000001
344,0.11800000000000001
345,0.11800000000000001
346,0.11800000000000001
347,0.11800000000000001
348,0.11800000000000001
349,0.11800000000000001
350,0.11800000000000001
351,0.11800000000000001
352,0.11800000000000001
353,0.11800000000000001
354,0.11800000000000001
355,0.11800000000000001
356,0.11800000000000001
357,0.11800000000000001
358,0.11800000000000001
359,0.11800000000000001
360,0.11800000000000001
361,0.11800000000000001
362,0.11800000000000001
363,0.11800000000000001
364,0.11800000000000001
365,0.11800000000000001
366,0.11800000000000001
367,0.11800000000000001
368,0.11800000000000001
369,0.11800000000000001
370,0.11800000000000001
371,0.11800000000000001
372,0.11800000000000001
373,0.11800000000000001
374,0.11800000000000001
375,0.11800000000000001
376,0.11800000000000001
377,0.11800000000000001
378,0.11800000000000001
379,0.11800000000000001
380,0.11800000000000001
381,0.11800000000000001
382,0.11800000000000001
383,0.11800000000000001
384,0.11800000000000001
385,0.11800000000000001
386,0.11800000000000001
387,0.11800000000000001
388,0.11800000000000001
389,0.11800000000000001
390,0.11800000000000001
391,0.11800000000000001
392,0.11800000000000001
393,0.11800000000000001
394,0.11800000000000001
395,0.11800000000000001
396,0.11800000000000001
397,0.11800000000000001
398,0.11800000000000001
399,0.11800000000000001
400,0.11800000000000001
401,0.11800000000000001
402,0.11800000000000001
403,0.11800000000000001
404,0.11599999999999999
405,0.11599999999999999
406,0.11599999999999999
407,0.11599999999999999
408,0.11599999999999999
409,0.11599999999999999
410,0.11599999999999999
411,0.11599999999999999
412,0.11599999999999999
413,0.11599999999999999
414,0.11599999999999999
415,0.11599999999999999
416,0.11599999999999999
417,0.11599999999999999
418,0.11599999999999999
419,0.11599999999999999
420,0.11599999999999999
421,0.11599999999999999
422,0.11599999999999999
423,0.11599999999999999
424,0.11599999999999999
425,0.11599999999999999
426,0.11599999999999999
427,0.11599999999999999
428,0.11599999999999999
429,0.11599999999999999
430,0.11599999999999999
431,0.11599999999999999
432,0.11599999999999999
433,0.11599999999999999
434,0.11599999999999999
435,0.11599999999999999
436,0.11599999999999999
437,0.11599999999999999
438,0.11599999999999999
439,0.11599999999999999
440,0.11599999999999999
441,0.11599999999999999
442,0.11599999999999999
443,0.11599999999999999
444,0.11599999999999999
445,0.11599999999999999
446,0.11599999999999999
447,0.11599999999999999
448,0.11599999999999999
449,0.11599999999999999
450,0.11599999999999999
451,0.11599999999999999
452,0.11599999999999999
453,0.11599999999999999
454,0.11599999999999999
455,0.11599999999999999
456,0.11599999999999999
457,0.11599999999999999
458,0.11599999999999999
459,0.11599999999999999
460,0.11599999999999999
461,0.11599999999999999
462,0.11599999999999999
463,0.11599999999999999
464,0.11599999999999999
465,0.11599999999999999
466,0.11599999999999999
467,0.11599999999999999
468,0.11599999999999999
469,0.11599999999999999
470,0.11599999999999999
471,0.11599999999999999
472,0.11599999999999999
473,0.11599999999999999
474,0.11599999999999999
475,0.11599999999999999
476,0.11599999999999999
477,0.11599999999999999
478,0.11599999999999999
479,0.11599999999999999
480,0.11599999999999999
481,0.11599999999999999
482,0.11599999999999999
483,0.11599999999999999
484,0.11599999999999999
485,0.11599999999999999
486,0.11599999999999999
487,0.11599999999999999
488,0.11599999999999999
489,0.11599999999999999
490,0.11599999999999999
491,0.11599999999999999
492,0.11599999999999999
493,0.11599999999999999
494,0.11599999999999999
495,0.11599999999999999
496,0.11599999999999999
497,0.11599999999999999
498,0.11599999999999999
499,0.11599999999999999
500,0.11599999999999999
501,0.11599999999999999
502,0.11599999999999999
503,0.11599999999999999
504,0.11599999999999999
505,0.11599999999999999
506,0.11599999999999999
507,0.11599999999999999
508,0.11599999999999999
509,0.11599999999999999
510,0.11599999999999999
511,0.11599999999999999
512,0.11599999999999999
513,0.11599999999999999
514,0.11599999999999999
515,0.11599999999999999
516,0.11599999999999999
517,0.11599999999999999
518,0.11599999999999999
519,0.11599999999999999
520,0.11599999999999999
521,0.11599999999999999
522,0.11599999999999999
523,0.11599999999999999
524,0.11599999999999999
525,0.11599999999999999
526,0.11599999999999999
527,0.11599999999999999
528,0.11599999999999999
529,0.11599999999999999
530,0.11599999999999999
531,0.11599999999999999
532,0.11599999999999999
533,0.11599999999999999
534,0.11599999999999999
535,0.11599999999999999
536,0.11599999999999999
537,0.11599999999999999
538,0.11599999999999999
539,0.11599999999999999
540,0.11599999999999999
541,0.11599999999999999
542,0.11599999999999999
543,0.11599999999999999
544,0.11599999999999999
545,0.11599999999999999
546,0.11599999999999999
547,0.11599999999999999
548,0.11599999999999999
549,0.11599999999999999
550,0.11599999999999999
551,0.11599999999999999
552,0.11599999999999999
553,0.11599999999999999
554,0.11599999999999999
555,0.11599999999999999
556,0.11599999999999999
557,0.11599999999999999
558,0.11599999999999999
559,0.11599999999999999
560,0.11599999999999999
561,0.11599999999999999
562,0.11599999999999999
563,0.11599999999999999
564,0.11599999999999999
565,0.11599999999999999
566,0.11599999999999999
567,0.11599999999999999
568,0.11599999999999999
569,0.11599999999999999
570,0.11599999999999999
571,0.11599999999999999
572,0.11599999999999999
573,0.11599999999999999
574,0.11599999999999999
575,0.11599999999999999
576,0.11599999999999999
577,0.11599999999999999
578,0.11599999999999999
579,0.11599999999999999
580,0.11599999999999999
581,0.11599999999999999
582,0.11599999999999999
583,0.11599999999999999
584,0.11599999999999999
585,0.11599999999999999
586,0.11599999999999999
587,0.11599999999999999
588,0.11599999999999999
589,0.11599999999999999
590,0.11599999999999999
591,0.11599999999999999
592,0.11599999999999999
593,0.11599999999999999
594,0.11599999999999999
595,0.11599999999999999
596,0.11599999999999999
597,0.11599999999999999
598,0.11599999999999999
599,0.11599999999999999
600,0.11599999999999999
601,0.11599999999999999
602,0.11599999999999999
603,0.11599999999999999
604,0.11599999999999999
605,0.11599999999999999
606,0.11599999999999999
607,0.11599999999999999
608,0.11599999999999999
609,0.11599999999999999
610,0.11599999999999999
611,0.11599999999999999
612,0.11599999999999999
613,0.11599999999999999
614,0.11599999999999999
615,0.11599999999999999
616,0.11599999999999999
617,0.11599999999999999
618,0.11599999999999999
619,0.11599999999999999
620,0.11599999999999999
621,0.11599999999999999
622,0.11599999999999999
623,0.11599999999999999
624,0.11599999999999999
625,0.11599999999999999
626,0.11599999999999999
627,0.11599999999999999
628,0.11599999999999999
629,0.11599999999999999
630,0.11599999999999999
631,0.11599999999999999
632,0.11599999999999999
633,0.11599999999999999
634,0.11599999999999999
635,0.11599999999999999
636,0.11599999999999999
637,0.11599999999999999
638,0.11599999999999999
639,0.11599999999999999
640,0.11599999999999999
641,0.11599999999999999
642,0.11599999999999999
643,0.11599999999999999
644,0.11599999999999999
645,0.11599999999999999
646,0.11599999999999999
647,0.11599999999999999
648,0.11599999999999999
649,0.11599999999999999
650,0.11599999999999999
651,0.11599999999999999
652,0.11599999999999999
653,0.11599999999999999
654,0.11599999999999999
655,0.11599999999999999
656,0.11599999999999999
657,0.11599999999999999
658,0.11599999999999999
659,0.11599999999999999
660,0.11599999999999999
661,0.11599999999999999
662,0.11599999999999999
663,0.11599999999999999
664,0.11599999999999999
665,0.11599999999999999
666,0.11599999999999999
667,0.11599999999999999
668,0.11599999999999999
669,0.11599999999999999
670,0.11599999999999999
671,0.11599999999999999
672,0.11599999999999999
673,0.11599999999999999
674,0.11599999999999999
675,0.11599999999999999
676,0.11599999999999999
677,0.11599999999999999
678,0.11599999999999999
679,0.11599999999999999
680,0.11599999999999999
681,0.11599999999999999
682,0.11599999999999999
683,0.11599999999999999
684,0.11599999999999999
685,0.11599999999999999
686,0.11599999999999999
687,0.11599999999999999
688,0.11599999999999999
689,0.11599999999999999
690,0.11599999999999999
691,0.11599999999999999
692,0.11599999999999999
693,0.11599999999999999
694,0.11599999999999999
695,0.11599999999999999
696,0.11599999999999999
697,0.11599999999999999
698,0.11599999999999999
699,0.11599999999999999
700,0.11599999999999999
701,0.11599999999999999
702,0.11599999999999999
703,0.11599999999999999
704,0.11599999999999999
705,0.11599999999999999
706,0.11599999999999999
707,0.11599999999999999
708,0.11599999999999999
709,0.11599999999999999
710,0.11599999999999999
711,0.11599999999999999
712,0.11599999999999999
713,0.11599999999999999
714,0.11599999999999999
715,0.11599999999999999
716,0.11599999999999999
717,0.11599999999999999
718,0.11599999999999999
719,0.11599999999999999
720,0.11599999999999999
721,0.11599999999999999
722,0.11599999999999999
723,0.11599999999999999
724,0.11599999999999999
725,0.11599999999999999
726,0.11599999999999999
727,0.11599999999999999
728,0.11599999999999999
729,0.11599999999999999
730,0.11599999999999999
731,0.11599999999999999
732,0.11599999999999999
733,0.11599999999999999
734,0.11599999999999999
735,0.11599999999999999
736,0.11599999999999999
737,0.11599999999999999
738,0.11599999999999999
739,0.11599999999999999
740,0.11599999999999999
741,0.11599999999999999
742,0.11599999999999999
743,0.11599999999999999
744,0.11599999999999999
745,0.11599999999999999
746,0.11599999999999999
747,0.11599999999999999
748,0.11599999999999999
749,0.11599999999999999
750,0.11599999999999999
751,0.11599999999999999
752,0.11599999999999999
753,0.11599999999999999
754,0.11599999999999999
755,0.11599999999999999
756,0.11599999999999999
757,0.11599999999999999
758,0.11599999999999999
759,0.11599999999999999
760,0.11599999999999999
761,0.11599999999999999
762,0.11599999999999999
763,0.11599999999999999
764,0.11599999999999999
765,0.11599999999999999
766,0.11599999999999999
767,0.11599999999999999
768,0.11599999999999999
769,0.11599999999999999
770,0.11599999999999999
771,0.11599999999999999
772,0.11599999999999999
773,0.11599999999999999
774,0.11599999999999999
775,0.11599999999999999
776,0.11599999999999999
777,0.11599999999999999
778,0.11599999999999999
779,0.11599999999999999
780,0.11599999999999999
781,0.11599999999999999
782,0.11599999999999999
783,0.11599999999999999
784,0.11599999999999999
785,0.11599999999999999
786,0.11599999999999999
787,0.11599999999999999
788,0.11599999999999999
789,0.11599999999999999
790,0.11599999999999999
791,0.11599999999999999
792,0.11599999999999999
793,0.11599999999999999
794,0.11599999999999999
795,0.11599999999999999
796,0.11599999999999999
797,0.11599999999999999
798,0.11599999999999999
799,0.11599999999999999
800,0.11599999999999999
801,0.11599999999999999
802,0.11599999999999999
803,0.11599999999999999
804,0.11599999999999999
805,0.11599999999999999
806,0.11599999999999999
807,0.11599999999999999
808,0.11599999999999999
809,0.11599999999999999
810,0.11599999999999999
811,0.11599999999999999
812,0.11599999999999999
813,0.11599999999999999
814,0.11599999999999999
815,0.11599999999999999
816,0.11599999999999999
817,0.11599999999999999
818,0.11599999999999999
819,0.11599999999999999
820,0.11599999999999999
821,0.11599999999999999
822,0.11599999999999999
823,0.11599999999999999
824,0.11599999999999999
825,0.11599999999999999
826,0.11599999999999999
827,0.11599999999999999
828,0.11599999999999999
829,0.11599999999999999
830,0.11599999999999999
831,0.11599999999999999
832,0.11599999999999999
833,0.11599999999999999
834,0.11599999999999999
835,0.11599999999999999
836,0.11599999999999999
837,0.11599999999999999
838,0.11599999999999999
839,0.11599999999999999
840,0.11599999999999999
841,0.11599999999999999
842,0.11599999999999999
843,0.11599999999999999
844,0.11599999999999999
845,0.11599999999999999
846,0.11599999999999999
847,0.11599999999999999
848,0.11599999999999999
849,0.11599999999999999
850,0.11599999999999999
851,0.11599999999999999
852,0.11599999999999999
853,0.11599999999999999
854,0.11599999999999999
855,0.11599999999999999
856,0.11599999999999999
857,0.11599999999999999
858,0.11599999999999999
859,0.11599999999999999
860,0.11599999999999999
861,0.11599999999999999
862,0.11599999999999999
863,0.11599999999999999
864,0.11599999999999999
865,0.11599999999999999
866,0.11599999999999999
867,0.11599999999999999
868,0.11599999999999999
869,0.11599999999999999
870,0.11599999999999999
871,0.11599999999999999
872,0.11599999999999999
873,0.11599999999999999
874,0.11599999999999999
875,0.11599999999999999
876,0.11599999999999999
877,0.11599999999999999
878,0.11599999999999999
879,0.11599999999999999
880,0.11599999999999999
881,0.11599999999999999
882,0.11599999999999999
883,0.11599999999999999
884,0.11599999999999999
885,0.11599999999999999
886,0.11599999999999999
887,0.11599999999999999
888,0.11599999999999999
889,0.11599999999999999
890,0.11599999999999999
891,0.11599999999999999
892,0.11599999999999999
893,0.11599999999999999
894,0.11599999999999999
895,0.11599999999999999
896,0.11599999999999999
897,0.11599999999999999
898,0.11599999999999999
899,0.11599999999999999
900,0.11599999999999999
901,0.11599999999999999
902,0.11599999999999999
903,0.11599999999999999
904,0.11599999999999999
905,0.11599999999999999
906,0.11599999999999999
907,0.11599999999999999
908,0.11599999999999999
909,0.11599999999999999
910,0.11599999999999999
911,0.11599999999999999
912,0.11599999999999999
913,0.11599999999999999
914,0.11599999999999999
915,0.11599999999999999
916,0.11599999999999999
917,0.11599999999999999
918,0.11599999999999999
919,0.11599999999999999
920,0.11599999999999999
921,0.11599999999999999
922,0.11599999999999999
923,0.11599999999999999
924,0.11599999999999999
925,0.11599999999999999
926,0.11599999999999999
927,0.11599999999999999
928,0.11599999999999999
929,0.11599999999999999
930,0.11599999999999999
931,0.11599999999999999
932,0.11599999999999999
933,0.11599999999999999
934,0.11599999999999999
935,0.11599999999999999
936,0.11599999999999999
937,0.11599999999999999
938,0.11599999999999999
939,0.11599999999999999
940,0.11599999999999999
941,0.11599999999999999
942,0.11599999999999999
943,0.11599999999999999
944,0.11599999999999999
945,0.11599999999999999
946,0.11599999999999999
947,0.11599999999999999
948,0.11599999999999999
949,0.11599999999999999
950,0.11599999999999999
951,0.11599999999999999
952,0.11599999999999999
953,0.11599999999999999
954,0.11599999999999999
955,0.11599999999999999
956,0.11599999999999999
957,0.11599999999999999
958,0.11599999999999999
959,0.11599999999999999
960,0.11599999999999999
961,0.11599999999999999
962,0.11599999999999999
963,0.11599999999999999
964,0.11599999999999999
965,0.11599999999999999
966,0.11599999999999999
967,0.11599999999999999
968,0.11599999999999999
969,0.11599999999999999
970,0.11599999999999999
971,0.11599999999999999
972,0.11599999999999999
973,0.11599999999999999
974,0.11599999999999999
975,0.11599999999999999
976,0.11599999999999999
977,0.11599999999999999
978,0.11599999999999999
979,0.11599999999999999
980,0.11599999999999999
981,0.11599999999999999
982,0.11599999999999999
983,0.11599999999999999
984,0.11599999999999999
985,0.11599999999999999
986,0.11599999999999999
987,0.11599999999999999
988,0.11599999999999999
989,0.11599999999999999
990,0.11599999999999999
991,0.11599999999999999
992,0.11599999999999999
993,0.11599999999999999
994,0.11599999999999999
995,0.11599999999999999
996,0.11599999999999999
997,0.11599999999999999
998,0.11599999999999999
999,0.11599999999999999
1000,0.11599999999999999
1001,0.11599999999999999
1002,0.11599999999999999
1003,0.11599999999999999
1004,0.11599999999999999
1005,0.11599999999999999
1006,0.11599999999999999
1007,0.11599999999999999
1008,0.11599999999999999
1009,0.11599999999999999
1010,0.11599999999999999
1011,0.11599999999999999
1012,0.11599999999999999
1013,0.11599999999999999
1014,0.11599999999999999
1015,0.11599999999999999
1016,0.11599999999999999
1017,0.11599999999999999
1018,0.11599999999999999
1019,0.11599999999999999
1020,0.11599999999999999
1021,0.11599999999999999
1022,0.11599999999999999
1023,0.11599999999999999
1024,0.11599999999999999
1025,0.11599999999999999
1026,0.11599999999999999
1027,0.11599999999999999
1028,0.11599999999999999
1029,0.11599999999999999
1030,0.11599999999999999
1031,0.11599999999999999
1032,0.11599999999999999
1033,0.11599999999999999
1034,0.11599999999999999
1035,0.11599999999999999
1036,0.11599999999999999
1037,0.11599999999999999
1038,0.11599999999999999
1039,0.11599999999999999
1040,0.11599999999999999
1041,0.11599999999999999
1042,0.11599999999999999
1043,0.11599999999999999
1044,0.11599999999999999
1045,0.11599999999999999
1046,0.11599999999999999
1047,0.11599999999999999
1048,0.11599999999999999
1049,0.11599999999999999
1050,0.11599999999999999
1051,0.11599999999999999
1052,0.11599999999999999
1053,0.11599999999999999
1054,0.11599999999999999
1055,0.11599999999999999
1056,0.11599999999999999
1057,0.11599999999999999
1058,0.11599999999999999
1059,0.11599999999999999
1060,0.11599999999999999
1061,0.11599999999999999
1062,0.11599999999999999
1063,0.11599999999999999
1064,0.11599999999999999
1065,0.11599999999999999
1066,0.11599999999999999
1067,0.11599999999999999
1068,0.11599999999999999
1069,0.11599999999999999
1070,0.11599999999999999
1071,0.11599999999999999
1072,0.11599999999999999
1073,0.11599999999999999
1074,0.11599999999999999
1075,0.11599999999999999
1076,0.11599999999999999
1077,0.11599999999999999
1078,0.11599999999999999
1079,0.11599999999999999
1080,0.11599999999999999
1081,0.11599999999999999
1082,0.11599999999999999
1083,0.11599999999999999
1084,0.11599999999999999
1085,0.11599999999999999
1086,0.11599999999999999
1087,0.11599999999999999
1088,0.11599999999999999
1089,0.11599999999999999
1090,0.11599999999999999
1091,0.11599999999999999
1092,0.11599999999999999
1093,0.11599999999999999
1094,0.11599999999999999
1095,0.11599999999999999
1096,0.11599999999999999
1097,0.11599999999999999
1098,0.11599999999999999
1099,0.11599999999999999
1100,0.11599999999999999
1101,0.11599999999999999
1102,0.11599999999999999
1103,0.11599999999999999
1104,0.11599999999999999
1105,0.11599999999999999
1106,0.11599999999999999
1107,0.11599999999999999
1108,0.11599999999999999
1109,0.11599999999999999
1110,0.11599999999999999
1111,0.11599999999999999
1112,0.11599999999999999
1113,0.11599999999999999
1114,0.11599999999999999
1115,0.11599999999999999
1116,0.11599999999999999
1117,0.11599999999999999
1118,0.11599999999999999
1119,0.11599999999999999
1120,0.11599999999999999
1121,0.11599999999999999
1122,0.11599999999999999
1123,0.11599999999999999
1124,0.11599999999999999
1125,0.11599999999999999
1126,0.11599999999999999
1127,0.11599999999999999
1128,0.11599999999999999
1129,0.11599999999999999
1130,0.11599999999999999
1131,0.11599999999999999
1132,0.11599999999999999
1133,0.11599999999999999
1134,0.11599999999999999
1135,0.11599999999999999
1136,0.11599999999999999
1137,0.11599999999999999
1138,0.11599999999999999
1139,0.11599999999999999
1140,0.11599999999999999
1141,0.11599999999999999
1142,0.11599999999999999
1143,0.11599999999999999
1144,0.11599999999999999
1145,0.11599999999999999
1146,0.11599999999999999
1147,0.11599999999999999
1148,0.11599999999999999
1149,0.11599999999999999
1150,0.11599999999999999
1151,0.11599999999999999
1152,0.11599999999999999
1153,0.11599999999999999
1154,0.11599999999999999
1155,0.11599999999999999
1156,0.11599999999999999
1157,0.11599999999999999
1158,0.11599999999999999
1159,0.11599999999999999
1160,0.11599999999999999
1161,0.11599999999999999
1162,0.11599999999999999
1163,0.11599999999999999
1164,0.11599999999999999
1165,0.11599999999999999
1166,0.11599999999999999
1167,0.11599999999999999
1168,0.11599999999999999
1169,0.11599999999999999
1170,0.11599999999999999
1171,0.11599999999999999
1172,0.11599999999999999
1173,0.11599999999999999
1174,0.11599999999999999
1175,0.11599999999999999
1176,0.11599999999999999
1177,0.11599999999999999
1178,0.11599999999999999
1179,0.11599999999999999
1180,0.11599999999999999
1181,0.11599999999999999
1182,0.11599999999999999
1183,0.11599999999999999
1184,0.11599999999999999
1185,0.11599999999999999
1186,0.11599999999999999
1187,0.11599999999999999
1188,0.11599999999999999
1189,0.11599999999999999
1190,0.11599999999999999
1191,0.11599999999999999
1192,0.11599999999999999
1193,0.11599999999999999
1194,0.11599999999999999
1195,0.11599999999999999
1196,0.11599999999999999
1197,0.11599999999999999
1198,0.11599999999999999
1199,0.11599999999999999
1200,0.11599999999999999
1201,0.11599999999999999
1202,0.11599999999999999
1203,0.11599999999999999
1204,0.11599999999999999
1205,0.11599999999999999
1206,0.11599999999999999
1207,0.11599999999999999
1208,0.11599999999999999
1209,0.11599999999999999
1210,0.11599999999999999
1211,0.11599999999999999
1212,0.11599999999999999
1213,0.11599999999999999
1214,0.11599999999999999
1215,0.11599999999999999
1216,0.11599999999999999
1217,0.11599999999999999
1218,0.11599999999999999
1219,0.11599999999999999
1220,0.11599999999999999
1221,0.11599999999999999
1222,0.11599999999999999
1223,0.11599999999999999
1224,0.11599999999999999
1225,0.11599999999999999
1226,0.11599999999999999
1227,0.11599999999999999
1228,0.11599999999999999
1229,0.11599999999999999
1230,0.11599999999999999
1231,0.11599999999999999
1232,0.11599999999999999
1233,0.11599999999999999
1234,0.11599999999999999
1235,0.11599999999999999
1236,0.11599999999999999
1237,0.11599999999999999
1238,0.11599999999999999
1239,0.11599999999999999
1240,0.11599999999999999
1241,0.11599999999999999
1242,0.11599999999999999
1243,0.11599999999999999
1244,0.11599999999999999
1245,0.11599999999999999
1246,0.11599999999999999
1247,0.11599999999999999
1248,0.11599999999999999
1249,0.11599999999999999
1250,0.11599999999999999
1251,0.11599999999999999
1252,0.11599999999999999
1253,0.11599999999999999
1254,0.11599999999999999
1255,0.11599999999999999
1256,0.11599999999999999
1257,0.11599999999999999
1258,0.11599999999999999
1259,0.11599999999999999
1260,0.11599999999999999
1261,0.11599999999999999
1262,0.11599999999999999
1263,0.11599999999999999
1264,0.11599999999999999
1265,0.11599999999999999
1266,0.11599999999999999
1267,0.11599999999999999
1268,0.11599999999999999
1269,0.11599999999999999
1270,0.11599999999999999
1271,0.11599999999999999
1272,0.11599999999999999
1273,0.11599999999999999
1274,0.11599999999999999
1275,0.11599999999999999
1276,0.11599999999999999
1277,0.11599999999999999
1278,0.11599999999999999
1279,0.11599999999999999
1280,0.11599999999999999
1281,0.11599999999999999
1282,0.11599999999999999
1283,0.11599999999999999
1284,0.11599999999999999
1285,0.11599999999999999
1286,0.11599999999999999
1287,0.11599999999999999
1288,0.11599999999999999
1289,0.11599999999999999
1290,0.11599999999999999
1291,0.11599999999999999
1292,0.11599999999999999
1293,0.11599999999999999
1294,0.11599999999999999
1295,0.11599999999999999
1296,0.11599999999999999
1297,0.11599999999999999
1298,0.11599999999999999
1299,0.11599999999999999
1300,0.11599999999999999
1301,0.11599999999999999
1302,0.11599999999999999
1303,0.11599999999999999
1304,0.11599999999999999
1305,0.11599999999999999
1306,0.11599999999999999
1307,0.11599999999999999
1308,0.11599999999999999
1309,0.11599999999999999
1310,0.11599999999999999
1311,0.11599999999999999
1312,0.11599999999999999
1313,0.11599999999999999
1314,0.11599999999999999
1315,0.11599999999999999
1316,0.11599999999999999
1317,0.11599999999999999
1318,0.11599999999999999
1319,0.11599999999999999
1320,0.11599999999999999
1321,0.11599999999999999
1322,0.11599999999999999
1323,0.11599999999999999
1324,0.11599999999999999
1325,0.11599999999999999
1326,0.11599999999999999
1327,0.11599999999999999
1328,0.11599999999999999
1329,0.11599999999999999
1330,0.11599999999999999
1331,0.11599999999999999
1332,0.11599999999999999
1333,0.11599999999999999
1334,0.11599999999999999
1335,0.11599999999999999
1336,0.11599999999999999
1337,0.11599999999999999
1338,0.11599999999999999
1339,0.11599999999999999
1340,0.11599999999999999
1341,0.11599999999999999
1342,0.11599999999999999
1343,0.11599999999999999
1344,0.11599999999999999
1345,0.11599999999999999
1346,0.11599999999999999
1347,0.11599999999999999
1348,0.11599999999999999
1349,0.11599999999999999
1350,0.11599999999999999
1351,0.11599999999999999
1352,0.11599999999999999
1353,0.11599999999999999
1354,0.11599999999999999
1355,0.11599999999999999
1356,0.11599999999999999
1357,0.11599999999999999
1358,0.11599999999999999
1359,0.11599999999999999
1360,0.11599999999999999
1361,0.11599999999999999
1362,0.11599999999999999
1363,0.11599999999999999
1364,0.11599999999999999
1365,0.11599999999999999
1366,0.11599999999999999
1367,0.11599999999999999
1368,0.11599999999999999
1369,0.11599999999999999
1370,0.11599999999999999
1371,0.11599999999999999
1372,0.11599999999999999
1373,0.11599999999999999
1374,0.11599999999999999
1375,0.11599999999999999
1376,0.11599999999999999
1377,0.11599999999999999
1378,0.11599999999999999
1379,0.11599999999999999
1380,0.11599999999999999
1381,0.11599999999999999
1382,0.11599999999999999
1383,0.11599999999999999
1384,0.11599999999999999
1385,0.11599999999999999
1386,0.11599999999999999
1387,0.11599999999999999
1388,0.11599999999999999
1389,0.11599999999999999
1390,0.11599999999999999
1391,0.11599999999999999
1392,0.11599999999999999
1393,0.11599999999999999
1394,0.11599999999999999
1395,0.11599999999999999
1396,0.11599999999999999
1397,0.11599999999999999
1398,0.11599999999999999
1399,0.11599999999999999
1400,0.11599999999999999
1401,0.11599999999999999
1402,0.11599999999999999
1403,0.11599999999999999
1404,0.11599999999999999
1405,0.11599999999999999
1406,0.11599999999999999
1407,0.11599999999999999
1408,0.11599999999999999
1409,0.11599999999999999
1410,0.11599999999999999
1411,0.11599999999999999
1412,0.11599999999999999
1413,0.11599999999999999
1414,0.11599999999999999
1415,0.11599999999999999
1416,0.11599999999999999
1417,0.11599999999999999
1418,0.11599999999999999
1419,0.11599999999999999
1420,0.11599999999999999
1421,0.11599999999999999
1422,0.11599999999999999
1423,0.11599999999999999
1424,0.11599999999999999
1425,0.11599999999999999
1426,0.11599999999999999
1427,0.11599999999999999
1428,0.11599999999999999
1429,0.11599999999999999
1430,0.11599999999999999
1431,0.11599999999999999
1432,0.11599999999999999
1433,0.11599999999999999
1434,0.11599999999999999
1435,0.11599999999999999
1436,0.11599999999999999
1437,0.11599999999999999
1438,0.11599999999999999
1439,0.11599999999999999
1440,0.11599999999999999
1441,0.11599999999999999
1442,0.11599999999999999
1443,0.11599999999999999
1444,0.11599999999999999
1445,0.11599999999999999
1446,0.11599999999999999
1447,0.11599999999999999
1448,0.11599999999999999
1449,0.11599999999999999
1450,0.11599999999999999
1451,0.11599999999999999
1452,0.11599999999999999
1453,0.11599999999999999
1454,0.11599999999999999
1455,0.11599999999999999
1456,0.11599999999999999
1457,0.11599999999999999
1458,0.11599999999999999
1459,0.11599999999999999
1460,0.11599999999999999
1461,0.11599999999999999
1462,0.11599999999999999
1463,0.11599999999999999
1464,0.11599999999999999
1465,0.11599999999999999
1466,0.11599999999999999
1467,0.11599999999999999
1468,0.11599999999999999
1469,0.11599999999999999
1470,0.11599999999999999
1471,0.11599999999999999
1472,0.11599999999999999
1473,0.11599999999999999
1474,0.11599999999999999
1475,0.11599999999999999
1476,0.11599999999999999
1477,0.11599999999999999
1478,0.11599999999999999
1479,0.11599999999999999
1480,0.11599999999999999
1481,0.11599999999999999
1482,0.11599999999999999
1483,0.11599999999999999
1484,0.11599999999999999
1485,0.11599999999999999
1486,0.11599999999999999
1487,0.11599999999999999
1488,0.11599999999999999
1489,0.11599999999999999
1490,0.11599999999999999
1491,0.11599999999999999
1492,0.11599999999999999
1493,0.11599999999999999
1494,0.11599999999999999
1495,0.11599999999999999
1496,0.11599999999999999
1497,0.11599999999999999
1498,0.11599999999999999
1499,0.11599999999999999
1500,0.11599999999999999
1501,0.11599999999999999
1502,0.11599999999999999
1503,0.11599999999999999
1504,0.11599999999999999
1505,0.11599999999999999
1506,0.11599999999999999
1507,0.11599999999999999
1508,0.11599999999999999
1509,0.11599999999999999
1510,0.11599999999999999
1511,0.11599999999999999
1512,0.11599999999999999
1513,0.11599999999999999
1514,0.11599999999999999
1515,0.11599999999999999
1516,0.11599999999999999
1517,0.11599999999999999
1518,0.11599999999999999
1519,0.11599999999999999
1520,0.11599999999999999
1521,0.11599999999999999
1522,0.11599999999999999
1523,0.11599999999999999
1524,0.11599999999999999
1525,0.11599999999999999
1526,0.11599999999999999
1527,0.11599999999999999
1528,0.11599999999999999
1529,0.11599999999999999
1530,0.11599999999999999
1531,0.11599999999999999
1532,0.11599999999999999
1533,0.11599999999999999
1534,0.11599999999999999
1535,0.11599999999999999
1536,0.11599999999999999
1537,0.11599999999999999
1538,0.11599999999999999
1539,0.11599999999999999
1540,0.11599999999999999
1541,0.11599999999999999
1542,0.11599999999999999
1543,0.11599999999999999
1544,0.11599999999999999
1545,0.11599999999999999
1546,0.11599999999999999
1547,0.11599999999999999
1548,0.11599999999999999
1549,0.11599999999999999
1550,0.11599999999999999
1551,0.11599999999999999
1552,0.11599999999999999
1553,0.11599999999999999
1554,0.11599999999999999
1555,0.11599999999999999
1556,0.11599999999999999
1557,0.11599999999999999
1558,0.11599999999999999
1559,0.11599999999999999
1560,0.11599999999999999
1561,0.11599999999999999
1562,0.11599999999999999
1563,0.11599999999999999
1564,0.11599999999999999
1565,0.11599999999999999
1566,0.11599999999999999
1567,0.11599999999999999
1568,0.11599999999999999
1569,0.11599999999999999
1570,0.11599999999999999
1571,0.11599999999999999
1572,0.11599999999999999
1573,0.11599999999999999
1574,0.11599999999999999
1575,0.11599999999999999
1576,0.11599999999999999
1577,0.11599999999999999
1578,0.11599999999999999
1579,0.11599999999999999
1580,0.11599999999999999
1581,0.11599999999999999
1582,0.11599999999999999
1583,0.11599999999999999
1584,0.11599999999999999
1585,0.11599999999999999
1586,0.11599999999999999
1587,0.11599999999999999
1588,0.11599999999999999
1589,0.11599999999999999
1590,0.11599999999999999
1591,0.11599999999999999
1592,0.11599999999999999
1593,0.11599999999999999
1594,0.11599999999999999
1595,0.11599999999999999
1596,0.11599999999999999
1597,0.11599999999999999
1598,0.11599999999999999
1599,0.11599999999999999
1600,0.11599999999999999
1601,0.11599999999999999
1602,0.11599999999999999
1603,0.11599999999999999
1604,0.11599999999999999
1605,0.11599999999999999
1606,0.11599999999999999
1607,0.11599999999999999
1608,0.11599999999999999
1609,0.11599999999999999
1610,0.11599999999999999
1611,0.11599999999999999
1612,0.11599999999999999
1613,0.11598214285714285
1614,0.1159642857142857
1615,0.11594642857142856
1616,0.11592857142857142
1617,0.11591071428571428
1618,0.11589285714285713
1619,0.11587499999999999
1620,0.11585714285714285
1621,0.11583928571428571
1622,0.11582142857142856
1623,0.11580357142857142
1624,0.11578571428571428
1625,0.11576785714285714
1626,0.11574999999999999
1627,0.11573214285714285
1628,0.11571428571428571
1629,0.11569642857142856
1630,0.11567857142857142
1631,0.11566071428571428
1632,0.11564285714285714
1633,0.11562499999999999
1634,0.11560714285714285
1635,0.11558928571428571
1636,0.11557142857142857
1637,0.11555357142857142
1638,0.11553571428571428
1639,0.11551785714285714
1640,0.11549999999999999
1641,0.11548214285714285
1642,0.11546428571428571
1643,0.11544642857142857
1644,0.11542857142857142
1645,0.11541071428571428
1646,0.11539285714285714
1647,0.115375
1648,0.11535714285714285
1649,0.11533928571428571
1650,0.11532142857142857
1651,0.11530357142857144
1652,0.11528571428571428
1653,0.11526785714285714
1654,0.11525
1655,0.11523214285714285
1656,0.11521428571428571
1657,0.11519642857142857
1658,0.11517857142857144
1659,0.11516071428571428
1660,0.11514285714285714
1661,0.115125
1662,0.11510714285714287
1663,0.11508928571428571
1664,0.11507142857142857
1665,0.11505357142857144
1666,0.1150357142857143
1667,0.11501785714285714
1668,0.115
1669,0.115
1670,0.115
1671,0.115
1672,0.115
1673,0.115
1674,0.115
1675,0.115
1676,0.115
1677,0.115
1678,0.115
1679,0.115
1680,0.115
1681,0.115
1682,0.115
1683,0.115
1684,0.115
1685,0.115
1686,0.115
1687,0.115
1688,0.115
1689,0.115
1690,0.115
1691,0.115
1692,0.115
1693,0.115
1694,0.115
1695,0.115
1696,0.115
1697,0.115
1698,0.115
1699,0.115
1700,0.115
1701,0.115
1702,0.115
1703,0.115
1704,0.115
1705,0.115
1706,0.115
1707,0.115
1708,0.115
1709,0.115
1710,0.115
1711,0.115
1712,0.115
1713,0.115
1714,0.115
1715,0.115
1716,0.115
1717,0.115
1718,0.115
1719,0.115
1720,0.115
1721,0.115
1722,0.115
1723,0.115
1724,0.115
1725,0.115
1726,0.115
1727,0.115
1728,0.115
1729,0.115
1730,0.115
1731,0.115
1732,0.115
1733,0.115
1734,0.115
1735,0.115
1736,0.115
1737,0.115
1738,0.115
1739,0.115
1740,0.115
1741,0.115
1742,0.115
1743,0.115
1744,0.115
1745,0.115
1746,0.115
1747,0.115
1748,0.115
1749,0.115
1750,0.115
1751,0.115
1752,0.115
1753,0.115
1754,0.115
1755,0.115
1756,0.115
1757,0.115
1758,0.115
1759,0.115
1760,0.115
1761,0.115
1762,0.115
1763,0.115
1764,0.115
1765,0.115
1766,0.115
1767,0.115
1768,0.115
1769,0.115
1770,0.115
1771,0.115
1772,0.115
1773,0.115
1774,0.115
1775,0.115
1776,0.115
1777,0.115
1778,0.115
1779,0.115
1780,0.115
1781,0.115
1782,0.115
1783,0.115
1784,0.115
1785,0.115
1786,0.115
1787,0.115
1788,0.115
1789,0.115
1790,0.115
1791,0.115
1792,0.115
1793,0.115
1794,0.115
1795,0.115
1796,0.115
1797,0.115
1798,0.115
1799,0.115
1800,0.115
1801,0.115
1802,0.115
1803,0.115
1804,0.115
1805,0.115
1806,0.115
1807,0.115
1808,0.115
1809,0.115
1810,0.115
1811,0.115
1812,0.115
1813,0.115
1814,0.115
1815,0.115
1816,0.115
1817,0.115
1818,0.115
1819,0.115
1820,0.115
1821,0.115
1822,0.115
1823,0.115
1824,0.115
1825,0.115
1826,0.115
1827,0.115
1828,0.115
1829,0.115
1830,0.115
1831,0.115
1832,0.115
1833,0.115
1834,0.115
1835,0.115
1836,0.115
1837,0.115
1838,0.115
1839,0.115
1840,0.115
1841,0.115
1842,0.115
1843,0.115
1844,0.115
1845,0.115
1846,0.115
1847,0.115
1848,0.115
1849,0.115
1850,0.115
1851,0.115
1852,0.115
1853,0.115
1854,0.115
1855,0.115
1856,0.115
1857,0.115
1858,0.115
1859,0.115
1860,0.115
1861,0.115
1862,0.115
1863,0.115
1864,0.115
1865,0.115
1866,0.115
1867,0.115
1868,0.115
1869,0.115
1870,0.115
1871,0.115
1872,0.115
1873,0.115
1874,0.115
1875,0.115
1876,0.115
1877,0.115
1878,0.115
1879,0.115
1880,0.115
1881,0.115
1882,0.115
1883,0.115
1884,0.115
1885,0.115
1886,0.115
1887,0.115
1888,0.115
1889,0.115
1890,0.115
1891,0.115
1892,0.115
1893,0.115
1894,0.115
1895,0.115
1896,0.115
1897,0.115
1898,0.115
1899,0.115
1900,0.115
1901,0.115
1902,0.115
1903,0.115
1904,0.115
1905,0.115
1906,0.115
1907,0.115
1908,0.115
1909,0.115
1910,0.115
1911,0.115
1912,0.115
1913,0.115
1914,0.115
1915,0.115
1916,0.115
1917,0.115
1918,0.115
1919,0.115
1920,0.115
1921,0.115
1922,0.115
1923,0.115
1924,0.115
1925,0.115
1926,0.115
1927,0.115
1928,0.115
1929,0.115
1930,0.115
1931,0.115
1932,0.115
1933,0.115
1934,0.115
1935,0.115
1936,0.115
1937,0.115
1938,0.115
1939,0.115
1940,0.115
1941,0.115
1942,0.115
1943,0.115
1944,0.11488095238095239
1945,0.11476190476190477
1946,0.11464285714285714
1947,0.11452380952380953
1948,0.11440476190476191
1949,0.1142857142857143
1950,0.11416666666666667
1951,0.11404761904761905
1952,0.11392857142857143
1953,0.11380952380952382
1954,0.11369047619047619
1955,0.11357142857142857
1956,0.11345238095238096
1957,0.11333333333333334
1958,0.11321428571428571
1959,0.1130952380952381
1960,0.11297619047619048
1961,0.11285714285714286
1962,0.11273809523809523
1963,0.11261904761904762
1964,0.1125
1965,0.11238095238095239
1966,0.11226190476190477
1967,0.11214285714285714
1968,0.11202380952380953
1969,0.11190476190476191
1970,0.1117857142857143
1971,0.11166666666666666
1972,0.11154761904761905
1973,0.11142857142857143
1974,0.11130952380952382
1975,0.11119047619047619
1976,0.11107142857142857
1977,0.11095238095238096
1978,0.11083333333333334
1979,0.11071428571428571
1980,0.1105952380952381
1981,0.11047619047619048
1982,0.11035714285714286
1983,0.11023809523809525
1984,0.11011904761904762
1985,0.11
1986,0.11
1987,0.11
1988,0.11
1989,0.11
1990,0.11
1991,0.11
1992,0.11
1993,0.11
1994,0.11
1995,0.11
1996,0.11
1997,0.11
1998,0.11
1999,0.11
2000,0.11
2001,0.11
2002,0.11
2003,0.11
2004,0.11
2005,0.11
2006,0.11
2007,0.11
2008,0.11
2009,0.11
2010,0.11
2011,0.11
2012,0.11
2013,0.11
2014,0.11
2015,0.11
2016,0.11
2017,0.11
2018,0.11
2019,0.11
2020,0.11
2021,0.11
2022,0.11
2023,0.11
2024,0.11
2025,0.11
2026,0.11
2027,0.11
2028,0.11
2029,0.11
2030,0.11
2031,0.11
2032,0.11
2033,0.11
2034,0.11
2035,0.11
2036,0.11
2037,0.11
2038,0.11
2039,0.11
2040,0.11
2041,0.11
2042,0.11
2043,0.11
2044,0.11
2045,0.11
2046,0.11
2047,0.11
2048,0.11
2049,0.11
2050,0.11
2051,0.11
2052,0.11
2053,0.11
2054,0.11
2055,0.11
2056,0.11
2057,0.11
2058,0.11
2059,0.11
2060,0.11
2061,0.11
2062,0.11
2063,0.11
2064,0.11
2065,0.11
2066,0.11
2067,0.11
2068,0.11
2069,0.11
2070,0.11
2071,0.11
2072,0.11
2073,0.11
2074,0.11
2075,0.11
2076,0.11
2077,0.11
2078,0.11
2079,0.11
2080,0.11
2081,0.11
2082,0.11
2083,0.11
2084,0.11
2085,0.11
2086,0.11
2087,0.11
2088,0.11
2089,0.11
2090,0.11
2091,0.11
2092,0.11
2093,0.11
2094,0.11
2095,0.11
2096,0.11
2097,0.11
2098,0.11
2099,0.11
2100,0.11
2101,0.11
2102,0.11
2103,0.11
2104,0.11
2105,0.11
2106,0.11
2107,0.11
2108,0.11
2109,0.11
2110,0.11
2111,0.11
2112,0.11
2113,0.11
2114,0.11
2115,0.11
2116,0.11
2117,0.11
2118,0.11
2119,0.11
2120,0.11
2121,0.11
2122,0.11
2123,0.11
2124,0.11
2125,0.11
2126,0.11
2127,0.11
2128,0.11
2129,0.11
2130,0.11
2131,0.11
2132,0.11
2133,0.11
2134,0.11
2135,0.11
2136,0.11
2137,0.11
2138,0.11
2139,0.11
2140,0.11
2141,0.11
2142,0.11
2143,0.11
2144,0.11
2145,0.11
2146,0.11
2147,0.11
2148,0.11
2149,0.11
2150,0.11
2151,0.11
2152,0.11
2153,0.11
2154,0.11
2155,0.11
2156,0.11
2157,0.11
2158,0.11
2159,0.11
2160,0.11
2161,0.11
2162,0.11
2163,0.11
2164,0.11
2165,0.11
2166,0.11
2167,0.11
2168,0.11
2169,0.11
2170,0.11
2171,0.11
2172,0.11
2173,0.11
2174,0.11
2175,0.11
2176,0.11
2177,0.11
2178,0.11
2179,0.11
2180,0.11
2181,0.11
2182,0.11
2183,0.11
2184,0.11
2185,0.11
2186,0.11
2187,0.11
2188,0.11
2189,0.11
2190,0.11
2191,0.11
2192,0.11
2193,0.11
2194,0.11
2195,0.11
2196,0.11
2197,0.11
2198,0.11
2199,0.11
2200,0.11
2201,0.11
2202,0.11
2203,0.11
2204,0.11
2205,0.11
2206,0.11
2207,0.11
2208,0.11
2209,0.11
2210,0.11
2211,0.11
2212,0.11
2213,0.11
2214,0.11
2215,0.11
2216,0.11
2217,0.11
2218,0.11
2219,0.11
2220,0.11
2221,0.11
2222,0.11
2223,0.11
2224,0.11
2225,0.11
2226,0.11
2227,0.11
2228,0.11
2229,0.11
2230,0.11
2231,0.11
2232,0.11
2233,0.11
2234,0.11
2235,0.11
2236,0.11
2237,0.11
2238,0.11
2239,0.11
2240,0.11
2241,0.11
2242,0.11
2243,0.11
2244,0.11
2245,0.11
2246,0.11
2247,0.11
2248,0.11
2249,0.11
2250,0.11
2251,0.11
2252,0.11
2253,0.11
2254,0.11
2255,0.11
2256,0.11
2257,0.11
2258,0.11
2259,0.11
2260,0.11
2261,0.11
2262,0.11
2263,0.11
2264,0.11
2265,0.11
2266,0.11
2267,0.11
2268,0.11
2269,0.11
2270,0.11
2271,0.11
2272,0.11
2273,0.11
2274,0.11
2275,0.11
2276,0.11
2277,0.11
2278,0.11
2279,0.11
2280,0.11
2281,0.11
2282,0.11
2283,0.11
2284,0.11
2285,0.11
2286,0.11
2287,0.11
2288,0.11
2289,0.11
2290,0.11
2291,0.11
2292,0.11
2293,0.11
2294,0.11
2295,0.11
2296,0.11
2297,0.11
2298,0.11
2299,0.11
2300,0.11
2301,0.11
2302,0.11
2303,0.11
2304,0.11
2305,0.11
2306,0.11
2307,0.11
2308,0.11
2309,0.11
2310,0.11
2311,0.11
2312,0.11
2313,0.11
2314,0.11
2315,0.11
2316,0.11
2317,0.11
2318,0.11
2319,0.11
2320,0.11
2321,0.11
2322,0.11
2323,0.11
2324,0.11
2325,0.11
2326,0.11
2327,0.11
2328,0.11
2329,0.11
2330,0.11
2331,0.11
2332,0.11
2333,0.11
2334,0.11
2335,0.11
2336,0.11
2337,0.11
2338,0.11
2339,0.11
2340,0.11
2341,0.11
2342,0.11
2343,0.11
2344,0.11
2345,0.11
2346,0.11
2347,0.11
2348,0.11
2349,0.11
2350,0.11
2351,0.11
2352,0.11
2353,0.11
2354,0.11
2355,0.11
2356,0.11
2357,0.11
2358,0.11
2359,0.11
2360,0.11
2361,0.11
2362,0.11
2363,0.11
2364,0.11
2365,0.11
2366,0.11
2367,0.11
2368,0.11
2369,0.11
2370,0.11
2371,0.11
2372,0.11
2373,0.11
2374,0.11
2375,0.11
2376,0.11
2377,0.11
2378,0.11
2379,0.11
2380,0.11
2381,0.11
2382,0.11
2383,0.11
2384,0.11
2385,0.11
2386,0.11
2387,0.11
2388,0.11
2389,0.11
2390,0.11
2391,0.11
2392,0.11
2393,0.11
2394,0.11
2395,0.11
2396,0.11
2397,0.11
2398,0.11
2399,0.11
2400,0.11
2401,0.11
2402,0.11
2403,0.11
2404,0.11
2405,0.11
2406,0.11
2407,0.11
2408,0.11
2409,0.11
2410,0.11
2411,0.11
2412,0.11
2413,0.11
2414,0.11
2415,0.11
2416,0.11
2417,0.11
2418,0.11
2419,0.11
2420,0.11
2421,0.11
2422,0.11
2423,0.11
2424,0.10992
2425,0.10984000000000001
2426,0.10976
2427,0.10968
2428,0.1096
2429,0.10952
2430,0.10944000000000001
2431,0.10936
2432,0.10928
2433,0.1092
2434,0.10912000000000001
2435,0.10904000000000001
2436,0.10896
2437,0.10888
2438,0.10880000000000001
2439,0.10872000000000001
2440,0.10864000000000001
2441,0.10856
2442,0.10848000000000001
2443,0.10840000000000001
2444,0.10832000000000001
2445,0.10824000000000002
2446,0.10816
2447,0.10808000000000001
2448,0.10800000000000001
2449,0.10800000000000001
2450,0.10800000000000001
2451,0.10800000000000001
2452,0.10800000000000001
2453,0.10800000000000001
2454,0.10800000000000001
2455,0.10800000000000001
2456,0.10800000000000001
2457,0.10800000000000001
2458,0.10800000000000001
2459,0.10800000000000001
2460,0.10800000000000001
2461,0.10800000000000001
2462,0.10800000000000001
2463,0.10800000000000001
2464,0.10800000000000001
2465,0.10800000000000001
2466,0.10800000000000001
2467,0.10800000000000001
2468,0.10800000000000001
2469,0.10800000000000001
2470,0.10800000000000001
2471,0.10800000000000001
2472,0.10800000000000001
2473,0.10800000000000001
2474,0.10800000000000001
2475,0.10800000000000001
2476,0.10800000000000001
2477,0.10800000000000001
2478,0.10800000000000001
2479,0.10800000000000001
2480,0.10800000000000001
2481,0.10800000000000001
2482,0.10800000000000001
2483,0.10800000000000001
2484,0.10800000000000001
2485,0.10800000000000001
2486,0.10800000000000001
2487,0.10800000000000001
2488,0.10800000000000001
2489,0.10800000000000001
2490,0.10800000000000001
2491,0.10800000000000001
2492,0.10800000000000001
2493,0.10800000000000001
2494,0.10800000000000001
2495,0.10800000000000001
2496,0.10800000000000001
2497,0.10800000000000001
2498,0.10800000000000001
2499,0.10800000000000001
2500,0.10800000000000001
2501,0.10800000000000001
2502,0.10800000000000001
2503,0.10800000000000001
2504,0.10800000000000001
2505,0.10800000000000001
2506,0.10800000000000001
2507,0.10800000000000001
2508,0.10800000000000001
2509,0.10800000000000001
2510,0.10800000000000001
2511,0.10800000000000001
2512,0.10800000000000001
2513,0.10800000000000001
2514,0.10800000000000001
2515,0.10800000000000001
2516,0.10800000000000001
2517,0.10800000000000001
2518,0.10800000000000001
2519,0.10800000000000001
2520,0.10800000000000001
2521,0.10800000000000001
2522,0.10800000000000001
2523,0.10800000000000001
2524,0.10800000000000001
2525,0.10800000000000001
2526,0.10800000000000001
2527,0.10800000000000001
2528,0.10800000000000001
2529,0.10800000000000001
2530,0.10800000000000001
2531,0.10800000000000001
2532,0.10800000000000001
2533,0.10800000000000001
2534,0.10800000000000001
2535,0.10800000000000001
2536,0.10800000000000001
2537,0.10800000000000001
2538,0.10800000000000001
2539,0.10800000000000001
2540,0.10800000000000001
2541,0.10800000000000001
2542,0.10800000000000001
2543,0.10800000000000001
2544,0.10800000000000001
2545,0.10800000000000001
2546,0.10800000000000001
2547,0.10800000000000001
2548,0.10800000000000001
2549,0.10800000000000001
2550,0.10800000000000001
2551,0.10800000000000001
2552,0.10800000000000001
2553,0.10800000000000001
2554,0.10800000000000001
2555,0.10800000000000001
2556,0.10800000000000001
2557,0.10800000000000001
2558,0.10800000000000001
2559,0.10800000000000001
2560,0.10800000000000001
2561,0.10800000000000001
2562,0.10800000000000001
2563,0.10800000000000001
2564,0.10800000000000001
2565,0.10800000000000001
2566,0.10800000000000001
2567,0.10800000000000001
2568,0.10800000000000001
2569,0.10800000000000001
2570,0.10800000000000001
2571,0.10800000000000001
2572,0.10800000000000001
2573,0.10800000000000001
2574,0.10800000000000001
2575,0.10800000000000001
2576,0.10800000000000001
2577,0.10800000000000001
2578,0.10800000000000001
2579,0.10800000000000001
2580,0.10800000000000001
2581,0.10800000000000001
2582,0.10800000000000001
2583,0.10800000000000001
2584,0.10800000000000001
2585,0.10800000000000001
2586,0.10800000000000001
2587,0.10800000000000001
2588,0.10800000000000001
2589,0.10800000000000001
2590,0.10800000000000001
2591,0.10800000000000001
2592,0.10800000000000001
2593,0.10800000000000001
2594,0.10800000000000001
2595,0.10800000000000001
2596,0.10800000000000001
2597,0.10800000000000001
2598,0.10800000000000001
2599,0.10800000000000001
2600,0.10800000000000001
2601,0.10800000000000001
2602,0.10800000000000001
2603,0.10800000000000001
2604,0.10800000000000001
2605,0.10800000000000001
2606,0.10800000000000001
2607,0.10800000000000001
2608,0.10800000000000001
2609,0.10800000000000001
2610,0.10800000000000001
2611,0.10800000000000001
2612,0.10800000000000001
2613,0.10800000000000001
2614,0.10800000000000001
2615,0.10800000000000001
2616,0.10800000000000001
2617,0.10800000000000001
2618,0.10800000000000001
2619,0.10800000000000001
2620,0.10800000000000001
2621,0.10800000000000001
2622,0.10800000000000001
2623,0.10800000000000001
2624,0.10800000000000001
2625,0.10800000000000001
2626,0.10800000000000001
2627,0.10800000000000001
2628,0.10800000000000001
2629,0.10800000000000001
2630,0.10800000000000001
2631,0.10800000000000001
2632,0.10800000000000001
2633,0.10800000000000001
2634,0.10800000000000001
2635,0.10800000000000001
2636,0.10800000000000001
2637,0.10800000000000001
2638,0.10800000000000001
2639,0.10800000000000001
2640,0.10800000000000001
2641,0.10800000000000001
2642,0.10800000000000001
2643,0.10800000000000001
2644,0.10800000000000001
2645,0.10800000000000001
2646,0.10800000000000001
2647,0.10800000000000001
2648,0.10800000000000001
2649,0.10800000000000001
2650,0.10800000000000001
2651,0.10800000000000001
2652,0.10800000000000001
2653,0.10800000000000001
2654,0.10800000000000001
2655,0.10800000000000001
2656,0.10800000000000001
2657,0.10800000000000001
2658,0.10800000000000001
2659,0.10800000000000001
2660,0.10800000000000001
2661,0.10800000000000001
2662,0.10800000000000001
2663,0.10800000000000001
2664,0.10800000000000001
2665,0.10800000000000001
2666,0.10800000000000001
2667,0.10800000000000001
2668,0.10800000000000001
2669,0.10800000000000001
2670,0.10800000000000001
2671,0.10800000000000001
2672,0.10800000000000001
2673,0.10800000000000001
2674,0.10800000000000001
2675,0.10800000000000001
2676,0.10800000000000001
2677,0.10800000000000001
2678,0.10800000000000001
2679,0.10800000000000001
2680,0.10800000000000001
2681,0.10800000000000001
2682,0.10800000000000001
2683,0.10800000000000001
2684,0.10800000000000001
2685,0.10800000000000001
2686,0.10800000000000001
2687,0.10800000000000001
2688,0.10800000000000001
2689,0.10800000000000001
2690,0.10800000000000001
2691,0.10800000000000001
2692,0.10800000000000001
2693,0.10800000000000001
2694,0.10800000000000001
2695,0.10800000000000001
2696,0.10800000000000001
2697,0.10800000000000001
2698,0.10800000000000001
2699,0.10800000000000001
2700,0.10800000000000001
2701,0.10800000000000001
2702,0.10800000000000001
2703,0.10800000000000001
2704,0.10800000000000001
2705,0.10800000000000001
2706,0.10800000000000001
2707,0.10800000000000001
2708,0.10800000000000001
2709,0.10800000000000001
2710,0.10800000000000001
2711,0.10800000000000001
2712,0.10800000000000001
2713,0.10800000000000001
2714,0.10800000000000001
2715,0.10800000000000001
2716,0.10800000000000001
2717,0.10800000000000001
2718,0.10800000000000001
2719,0.10800000000000001
2720,0.10800000000000001
2721,0.10800000000000001
2722,0.10800000000000001
2723,0.10800000000000001
2724,0.10800000000000001
2725,0.10800000000000001
2726,0.10800000000000001
2727,0.10800000000000001
2728,0.10800000000000001
2729,0.10800000000000001
2730,0.10800000000000001
2731,0.10800000000000001
2732,0.10800000000000001
2733,0.10800000000000001
2734,0.10800000000000001
2735,0.10800000000000001
2736,0.10800000000000001
2737,0.10800000000000001
2738,0.10800000000000001
2739,0.10800000000000001
2740,0.10800000000000001
2741,0.10800000000000001
2742,0.10800000000000001
2743,0.10800000000000001
2744,0.10800000000000001
2745,0.10800000000000001
2746,0.10800000000000001
2747,0.10800000000000001
2748,0.10800000000000001
2749,0.10800000000000001
2750,0.10800000000000001
2751,0.10800000000000001
2752,0.10800000000000001
2753,0.10800000000000001
2754,0.10800000000000001
2755,0.10800000000000001
2756,0.10800000000000001
2757,0.10800000000000001
2758,0.10800000000000001
2759,0.10800000000000001
2760,0.10800000000000001
2761,0.10800000000000001
2762,0.10800000000000001
2763,0.10800000000000001
2764,0.10800000000000001
2765,0.10800000000000001
2766,0.10800000000000001
2767,0.10800000000000001
2768,0.10800000000000001
2769,0.10800000000000001
2770,0.10800000000000001
2771,0.10800000000000001
2772,0.10800000000000001
2773,0.10800000000000001
2774,0.10800000000000001
2775,0.10800000000000001
2776,0.10800000000000001
2777,0.10800000000000001
2778,0.10800000000000001
2779,0.10800000000000001
2780,0.10800000000000001
2781,0.10800000000000001
2782,0.10800000000000001
2783,0.10800000000000001
2784,0.10800000000000001
2785,0.10800000000000001
2786,0.10800000000000001
2787,0.10800000000000001
2788,0.10800000000000001
2789,0.10800000000000001
2790,0.10800000000000001
2791,0.10800000000000001
2792,0.10800000000000001
2793,0.10800000000000001
2794,0.10800000000000001
2795,0.10800000000000001
2796,0.10800000000000001
2797,0.10800000000000001
2798,0.10800000000000001
2799,0.10800000000000001
2800,0.10800000000000001
2801,0.10800000000000001
2802,0.10800000000000001
2803,0.10800000000000001
2804,0.10800000000000001
2805,0.10800000000000001
2806,0.10800000000000001
2807,0.10800000000000001
2808,0.10800000000000001
2809,0.10800000000000001
2810,0.10800000000000001
2811,0.10800000000000001
2812,0.10800000000000001
2813,0.10800000000000001
2814,0.10800000000000001
2815,0.10800000000000001
2816,0.10800000000000001
2817,0.10800000000000001
2818,0.10800000000000001
2819,0.10800000000000001
2820,0.10800000000000001
2821,0.10800000000000001
2822,0.10800000000000001
2823,0.10800000000000001
2824,0.10800000000000001
2825,0.10800000000000001
2826,0.10800000000000001
2827,0.10800000000000001
2828,0.10800000000000001
2829,0.10800000000000001
2830,0.10800000000000001
2831,0.10800000000000001
2832,0.10800000000000001
2833,0.10800000000000001
2834,0.10800000000000001
2835,0.10800000000000001
2836,0.10800000000000001
2837,0.10800000000000001
2838,0.10800000000000001
2839,0.10800000000000001
2840,0.10800000000000001
2841,0.10800000000000001
2842,0.10800000000000001
2843,0.10800000000000001
2844,0.10800000000000001
2845,0.10800000000000001
2846,0.10800000000000001
2847,0.10800000000000001
2848,0.10800000000000001
2849,0.10800000000000001
2850,0.10800000000000001
2851,0.10800000000000001
2852,0.10800000000000001
2853,0.10800000000000001
2854,0.10800000000000001
2855,0.10800000000000001
2856,0.10800000000000001
2857,0.10800000000000001
2858,0.10800000000000001
2859,0.10800000000000001
2860,0.10800000000000001
2861,0.10800000000000001
2862,0.10800000000000001
2863,0.10800000000000001
2864,0.10800000000000001
2865,0.10800000000000001
2866,0.10800000000000001
2867,0.10800000000000001
2868,0.10800000000000001
2869,0.10800000000000001
2870,0.10800000000000001
2871,0.10800000000000001
2872,0.10800000000000001
2873,0.10800000000000001
2874,0.10800000000000001
2875,0.10800000000000001
2876,0.10800000000000001
2877,0.10800000000000001
2878,0.10800000000000001
2879,0.10800000000000001
2880,0.10800000000000001
2881,0.10800000000000001
2882,0.10800000000000001
2883,0.10800000000000001
2884,0.10800000000000001
2885,0.10800000000000001
2886,0.10800000000000001
2887,0.10800000000000001
2888,0.10800000000000001
2889,0.10800000000000001
2890,0.10800000000000001
2891,0.10800000000000001
2892,0.10800000000000001
2893,0.10800000000000001
2894,0.10800000000000001
2895,0.10800000000000001
2896,0.10800000000000001
2897,0.10800000000000001
2898,0.10800000000000001
2899,0.10800000000000001
2900,0.10800000000000001
2901,0.10800000000000001
2902,0.10800000000000001
2903,0.10800000000000001
2904,0.10800000000000001
2905,0.10800000000000001
2906,0.10800000000000001
2907,0.10800000000000001
2908,0.10800000000000001
2909,0.10800000000000001
2910,0.10800000000000001
2911,0.10800000000000001
2912,0.10800000000000001
2913,0.10800000000000001
2914,0.10800000000000001
2915,0.10800000000000001
2916,0.10800000000000001
2917,0.10800000000000001
2918,0.10800000000000001
2919,0.10800000000000001
2920,0.10800000000000001
2921,0.10800000000000001
2922,0.10800000000000001
2923,0.10800000000000001
2924,0.10800000000000001
2925,0.10800000000000001
2926,0.10800000000000001
2927,0.10800000000000001
2928,0.10800000000000001
2929,0.10800000000000001
2930,0.10800000000000001
2931,0.10800000000000001
2932,0.10800000000000001
2933,0.10800000000000001
2934,0.10800000000000001
2935,0.10800000000000001
2936,0.10800000000000001
2937,0.10800000000000001
2938,0.10800000000000001
2939,0.10800000000000001
2940,0.10800000000000001
2941,0.10800000000000001
2942,0.10800000000000001
2943,0.10800000000000001
2944,0.10800000000000001
2945,0.10800000000000001
2946,0.10800000000000001
2947,0.10800000000000001
2948,0.10800000000000001
2949,0.10800000000000001
2950,0.10800000000000001
2951,0.10800000000000001
2952,0.10800000000000001
2953,0.10800000000000001
2954,0.10800000000000001
2955,0.10800000000000001
2956,0.10800000000000001
2957,0.10800000000000001
2958,0.10800000000000001
2959,0.10800000000000001
2960,0.10800000000000001
2961,0.10800000000000001
2962,0.10800000000000001
2963,0.10800000000000001
2964,0.10800000000000001
2965,0.10800000000000001
2966,0.10800000000000001
2967,0.10800000000000001
2968,0.10800000000000001
2969,0.10800000000000001
2970,0.10800000000000001
2971,0.10800000000000001
2972,0.10800000000000001
2973,0.10800000000000001
2974,0.10800000000000001
2975,0.10800000000000001
2976,0.10800000000000001
2977,0.10800000000000001
2978,0.10800000000000001
2979,0.10800000000000001
2980,0.10800000000000001
2981,0.10800000000000001
2982,0.10800000000000001
2983,0.10800000000000001
2984,0.10800000000000001
2985,0.10800000000000001
2986,0.10800000000000001
2987,0.10800000000000001
2988,0.10800000000000001
2989,0.10800000000000001
2990,0.10800000000000001
2991,0.10800000000000001
2992,0.10800000000000001
2993,0.10800000000000001
2994,0.10800000000000001
2995,0.10800000000000001
2996,0.10800000000000001
2997,0.10800000000000001
2998,0.10800000000000001
2999,0.10800000000000001
3000,0.10800000000000001
3001,0.10800000000000001
3002,0.10800000000000001
3003,0.10800000000000001
3004,0.10800000000000001
3005,0.10800000000000001
3006,0.10800000000000001
3007,0.10800000000000001
3008,0.10800000000000001
3009,0.10800000000000001
3010,0.10800000000000001
3011,0.10800000000000001
3012,0.10800000000000001
3013,0.10800000000000001
3014,0.10800000000000001
3015,0.10800000000000001
3016,0.10800000000000001
3017,0.10800000000000001
3018,0.10800000000000001
3019,0.10800000000000001
3020,0.10800000000000001
3021,0.10800000000000001
3022,0.10800000000000001
3023,0.10800000000000001
3024,0.10800000000000001
3025,0.10800000000000001
3026,0.10800000000000001
3027,0.10800000000000001
3028,0.10800000000000001
3029,0.10800000000000001
3030,0.10800000000000001
3031,0.10800000000000001
3032,0.10800000000000001
3033,0.10800000000000001
3034,0.10800000000000001
3035,0.10800000000000001
3036,0.10800000000000001
3037,0.10800000000000001
3038,0.10800000000000001
3039,0.10800000000000001
3040,0.10800000000000001
3041,0.10800000000000001
3042,0.10800000000000001
3043,0.10800000000000001
3044,0.10800000000000001
3045,0.10800000000000001
3046,0.10800000000000001
3047,0.10800000000000001
3048,0.10800000000000001
3049,0.10800000000000001
3050,0.10800000000000001
3051,0.10800000000000001
3052,0.10800000000000001
3053,0.10800000000000001
3054,0.10800000000000001
3055,0.10800000000000001
3056,0.10800000000000001
3057,0.10800000000000001
3058,0.10800000000000001
3059,0.10800000000000001
3060,0.10800000000000001
3061,0.10800000000000001
3062,0.10800000000000001
3063,0.10800000000000001
3064,0.10800000000000001
3065,0.10800000000000001
3066,0.10800000000000001
3067,0.10800000000000001
3068,0.10800000000000001
3069,0.10800000000000001
3070,0.10800000000000001
3071,0.10800000000000001
3072,0.10800000000000001
3073,0.10800000000000001
3074,0.10800000000000001
3075,0.10800000000000001
3076,0.10800000000000001
3077,0.10800000000000001
3078,0.10800000000000001
3079,0.10800000000000001
3080,0.10800000000000001
3081,0.10800000000000001
3082,0.10800000000000001
3083,0.10800000000000001
3084,0.10800000000000001
3085,0.10800000000000001
3086,0.10800000000000001
3087,0.10800000000000001
3088,0.10800000000000001
3089,0.10800000000000001
3090,0.10800000000000001
3091,0.10800000000000001
3092,0.10800000000000001
3093,0.10800000000000001
3094,0.10800000000000001
3095,0.10800000000000001
3096,0.10800000000000001
3097,0.10800000000000001
3098,0.10800000000000001
3099,0.10800000000000001
3100,0.10800000000000001
3101,0.10800000000000001
3102,0.10800000000000001
3103,0.10800000000000001
3104,0.10800000000000001
3105,0.10800000000000001
3106,0.10800000000000001
3107,0.10800000000000001
3108,0.10800000000000001
3109,0.10800000000000001
3110,0.10800000000000001
3111,0.10800000000000001
3112,0.10800000000000001
3113,0.10800000000000001
3114,0.10800000000000001
3115,0.10800000000000001
3116,0.10800000000000001
3117,0.10800000000000001
3118,0.10800000000000001
3119,0.10800000000000001
3120,0.10800000000000001
3121,0.10800000000000001
3122,0.10800000000000001
3123,0.10800000000000001
3124,0.10800000000000001
3125,0.10800000000000001
3126,0.10800000000000001
3127,0.10800000000000001
3128,0.10800000000000001
3129,0.10800000000000001
3130,0.10800000000000001
3131,0.10800000000000001
3132,0.10800000000000001
3133,0.10800000000000001
3134,0.10800000000000001
3135,0.10800000000000001
3136,0.10800000000000001
3137,0.10800000000000001
3138,0.10800000000000001
3139,0.10800000000000001
3140,0.10800000000000001
3141,0.10800000000000001
3142,0.10800000000000001
3143,0.10800000000000001
3144,0.10800000000000001
3145,0.10800000000000001
3146,0.10800000000000001
3147,0.10800000000000001
3148,0.10800000000000001
3149,0.10800000000000001
3150,0.10800000000000001
3151,0.10800000000000001
3152,0.10800000000000001
3153,0.10800000000000001
3154,0.10800000000000001
3155,0.10800000000000001
3156,0.10800000000000001
3157,0.10800000000000001
3158,0.10800000000000001
3159,0.10800000000000001
3160,0.10800000000000001
3161,0.10800000000000001
3162,0.10800000000000001
3163,0.10800000000000001
3164,0.10800000000000001
3165,0.10800000000000001
3166,0.10800000000000001
3167,0.10800000000000001
3168,0.10800000000000001
3169,0.10800000000000001
3170,0.10800000000000001
3171,0.10800000000000001
3172,0.10800000000000001
3173,0.10800000000000001
3174,0.10800000000000001
3175,0.10800000000000001
3176,0.10800000000000001
3177,0.10800000000000001
3178,0.10800000000000001
3179,0.10800000000000001
3180,0.10800000000000001
3181,0.10800000000000001
3182,0.10800000000000001
3183,0.10800000000000001
3184,0.10800000000000001
3185,0.10800000000000001
3186,0.10800000000000001
3187,0.10800000000000001
3188,0.10800000000000001
3189,0.10800000000000001
3190,0.10800000000000001
3191,0.10800000000000001
3192,0.10800000000000001
3193,0.10800000000000001
3194,0.10800000000000001
3195,0.10800000000000001
3196,0.10800000000000001
3197,0.10800000000000001
3198,0.10800000000000001
3199,0.10800000000000001
3200,0.10800000000000001
3201,0.10800000000000001
3202,0.10800000000000001
3203,0.10800000000000001
3204,0.10800000000000001
3205,0.10800000000000001
3206,0.10800000000000001
3207,0.10800000000000001
3208,0.10800000000000001
3209,0.10800000000000001
3210,0.10800000000000001
3211,0.10800000000000001
3212,0.10800000000000001
3213,0.10800000000000001
3214,0.10800000000000001
3215,0.10800000000000001
3216,0.10800000000000001
3217,0.10800000000000001
3218,0.10800000000000001
3219,0.10800000000000001
3220,0.10800000000000001
3221,0.10800000000000001
3222,0.10800000000000001
3223,0.10800000000000001
3224,0.10800000000000001
3225,0.10800000000000001
3226,0.10800000000000001
3227,0.10800000000000001
3228,0.10800000000000001
3229,0.10800000000000001
3230,0.10800000000000001
3231,0.10800000000000001
3232,0.10800000000000001
3233,0.10800000000000001
3234,0.10800000000000001
3235,0.10800000000000001
3236,0.10800000000000001
3237,0.10800000000000001
3238,0.10800000000000001
3239,0.10800000000000001
3240,0.10800000000000001
3241,0.10800000000000001
3242,0.10800000000000001
3243,0.10800000000000001
3244,0.10800000000000001
3245,0.10800000000000001
3246,0.10800000000000001
3247,0.10800000000000001
3248,0.10800000000000001
3249,0.10800000000000001
3250,0.10800000000000001
3251,0.10800000000000001
3252,0.10800000000000001
3253,0.10800000000000001
3254,0.10800000000000001
3255,0.10800000000000001
3256,0.10800000000000001
3257,0.10800000000000001
3258,0.10800000000000001
3259,0.10800000000000001
3260,0.10800000000000001
3261,0.10800000000000001
3262,0.10800000000000001
3263,0.10800000000000001
3264,0.10800000000000001
3265,0.10800000000000001
3266,0.10800000000000001
3267,0.10800000000000001
3268,0.10800000000000001
3269,0.10800000000000001
3270,0.10800000000000001
3271,0.10800000000000001
3272,0.10800000000000001
3273,0.10800000000000001
3274,0.10800000000000001
3275,0.10800000000000001
3276,0.10800000000000001
3277,0.10800000000000001
3278,0.10800000000000001
3279,0.10800000000000001
3280,0.10800000000000001
3281,0.10800000000000001
3282,0.10800000000000001
3283,0.10800000000000001
3284,0.10800000000000001
3285,0.10800000000000001
3286,0.10800000000000001
3287,0.10800000000000001
3288,0.10800000000000001
3289,0.10800000000000001
3290,0.10800000000000001
3291,0.10800000000000001
3292,0.10800000000000001
3293,0.10800000000000001
3294,0.10800000000000001
3295,0.10800000000000001
3296,0.10800000000000001
3297,0.10800000000000001
3298,0.10800000000000001
3299,0.10800000000000001
3300,0.10800000000000001
3301,0.10800000000000001
3302,0.10800000000000001
3303,0.10800000000000001
3304,0.10800000000000001
3305,0.10800000000000001
3306,0.10800000000000001
3307,0.10800000000000001
3308,0.10800000000000001
3309,0.10800000000000001
3310,0.10800000000000001
3311,0.10800000000000001
3312,0.10800000000000001
3313,0.10800000000000001
3314,0.10800000000000001
3315,0.10800000000000001
3316,0.10800000000000001
3317,0.10800000000000001
3318,0.10800000000000001
3319,0.10800000000000001
3320,0.10800000000000001
3321,0.10800000000000001
3322,0.10800000000000001
3323,0.10800000000000001
3324,0.10800000000000001
3325,0.10800000000000001
3326,0.10800000000000001
3327,0.10800000000000001
3328,0.10800000000000001
3329,0.10800000000000001
3330,0.10800000000000001
3331,0.10800000000000001
3332,0.10800000000000001
3333,0.10800000000000001
3334,0.10800000000000001
3335,0.10800000000000001
3336,0.10800000000000001
3337,0.10800000000000001
3338,0.10800000000000001
3339,0.10800000000000001
3340,0.10800000000000001
3341,0.10800000000000001
3342,0.10800000000000001
3343,0.10800000000000001
3344,0.10800000000000001
3345,0.10800000000000001
3346,0.10800000000000001
3347,0.10800000000000001
3348,0.10800000000000001
3349,0.10800000000000001
3350,0.10800000000000001
3351,0.10800000000000001
3352,0.10800000000000001
3353,0.10800000000000001
3354,0.10800000000000001
3355,0.10800000000000001
3356,0.10800000000000001
3357,0.10800000000000001
3358,0.10800000000000001
3359,0.10800000000000001
3360,0.10800000000000001
3361,0.10800000000000001
3362,0.10800000000000001
3363,0.10800000000000001
3364,0.10800000000000001
3365,0.10800000000000001
3366,0.10800000000000001
3367,0.10800000000000001
3368,0.10800000000000001
3369,0.10800000000000001
3370,0.10800000000000001
3371,0.10800000000000001
3372,0.10800000000000001
3373,0.10800000000000001
3374,0.10800000000000001
3375,0.10800000000000001
3376,0.10800000000000001
3377,0.10800000000000001
3378,0.10800000000000001
3379,0.10800000000000001
3380,0.10800000000000001
3381,0.10800000000000001
3382,0.10800000000000001
3383,0.10800000000000001
3384,0.10800000000000001
3385,0.10800000000000001
3386,0.10800000000000001
3387,0.10800000000000001
3388,0.10800000000000001
3389,0.10800000000000001
3390,0.10800000000000001
3391,0.10800000000000001
3392,0.10800000000000001
3393,0.10800000000000001
3394,0.10800000000000001
3395,0.10800000000000001
3396,0.10800000000000001
3397,0.10800000000000001
3398,0.10800000000000001
3399,0.10800000000000001
3400,0.10800000000000001
3401,0.10800000000000001
3402,0.10800000000000001
3403,0.10800000000000001
3404,0.10800000000000001
3405,0.10800000000000001
3406,0.10800000000000001
3407,0.10800000000000001
3408,0.10800000000000001
3409,0.10800000000000001
3410,0.10800000000000001
3411,0.10800000000000001
3412,0.10800000000000001
3413,0.10800000000000001
3414,0.10800000000000001
3415,0.10800000000000001
3416,0.10800000000000001
3417,0.10800000000000001
3418,0.10800000000000001
3419,0.10800000000000001
3420,0.10800000000000001
3421,0.10800000000000001
3422,0.10800000000000001
3423,0.10800000000000001
3424,0.10800000000000001
3425,0.10800000000000001
3426,0.10800000000000001
3427,0.10800000000000001
3428,0.10800000000000001
3429,0.10800000000000001
3430,0.10800000000000001
3431,0.10800000000000001
3432,0.10800000000000001
3433,0.10800000000000001
3434,0.10800000000000001
3435,0.10800000000000001
3436,0.10800000000000001
3437,0.10800000000000001
3438,0.10800000000000001
3439,0.10800000000000001
3440,0.10800000000000001
3441,0.10800000000000001
3442,0.10800000000000001
3443,0.10800000000000001
3444,0.10800000000000001
3445,0.10800000000000001
3446,0.10800000000000001
3447,0.10800000000000001
3448,0.10800000000000001
3449,0.10800000000000001
3450,0.10800000000000001
3451,0.10800000000000001
3452,0.10800000000000001
3453,0.10800000000000001
3454,0.10800000000000001
3455,0.10800000000000001
3456,0.10800000000000001
3457,0.10800000000000001
3458,0.10800000000000001
3459,0.10800000000000001
3460,0.10800000000000001
3461,0.10800000000000001
3462,0.10800000000000001
3463,0.10800000000000001
3464,0.10800000000000001
3465,0.10800000000000001
3466,0.10800000000000001
3467,0.10800000000000001
3468,0.10800000000000001
3469,0.10800000000000001
3470,0.10800000000000001
3471,0.10800000000000001
3472,0.10800000000000001
3473,0.10800000000000001
3474,0.10800000000000001
3475,0.10800000000000001
3476,0.10800000000000001
3477,0.10800000000000001
3478,0.10800000000000001
3479,0.10800000000000001
3480,0.10800000000000001
3481,0.10800000000000001
3482,0.10800000000000001
3483,0.10800000000000001
3484,0.10800000000000001
3485,0.10800000000000001
3486,0.10800000000000001
3487,0.10800000000000001
3488,0.10800000000000001
3489,0.10800000000000001
3490,0.10800000000000001
3491,0.10800000000000001
3492,0.10800000000000001
3493,0.10800000000000001
3494,0.10800000000000001
3495,0.10800000000000001
3496,0.10800000000000001
3497,0.10800000000000001
3498,0.10800000000000001
3499,0.10800000000000001
3500,0.10800000000000001
3501,0.10800000000000001
3502,0.10800000000000001
3503,0.10800000000000001
3504,0.10800000000000001
3505,0.10800000000000001
3506,0.10800000000000001
3507,0.10800000000000001
3508,0.10800000000000001
3509,0.10800000000000001
3510,0.10800000000000001
3511,0.10800000000000001
3512,0.10800000000000001
3513,0.10800000000000001
3514,0.10800000000000001
3515,0.10800000000000001
3516,0.10800000000000001
3517,0.10800000000000001
3518,0.10800000000000001
3519,0.10800000000000001
3520,0.10800000000000001
3521,0.10800000000000001
3522,0.10800000000000001
3523,0.10800000000000001
3524,0.10800000000000001
3525,0.10800000000000001
3526,0.10800000000000001
3527,0.10800000000000001
3528,0.10800000000000001
3529,0.10800000000000001
3530,0.10800000000000001
3531,0.10800000000000001
3532,0.10800000000000001
3533,0.10800000000000001
3534,0.10800000000000001
3535,0.10800000000000001
3536,0.10800000000000001
3537,0.10800000000000001
3538,0.10800000000000001
3539,0.10800000000000001
3540,0.10800000000000001
3541,0.10800000000000001
3542,0.10800000000000001
3543,0.10800000000000001
3544,0.10800000000000001
3545,0.10800000000000001
3546,0.10800000000000001
3547,0.10800000000000001
3548,0.10800000000000001
3549,0.10800000000000001
3550,0.10800000000000001
3551,0.10800000000000001
3552,0.10800000000000001
3553,0.10800000000000001
3554,0.10800000000000001
3555,0.10800000000000001
3556,0.10800000000000001
3557,0.10800000000000001
3558,0.10800000000000001
3559,0.10800000000000001
3560,0.10800000000000001
3561,0.10800000000000001
3562,0.10800000000000001
3563,0.10800000000000001
3564,0.10800000000000001
3565,0.10800000000000001
3566,0.10800000000000001
3567,0.10800000000000001
3568,0.10800000000000001
3569,0.10800000000000001
3570,0.10800000000000001
3571,0.10800000000000001
3572,0.10800000000000001
3573,0.10800000000000001
3574,0.10800000000000001
3575,0.10800000000000001
3576,0.10800000000000001
3577,0.10800000000000001
3578,0.10800000000000001
3579,0.10800000000000001
3580,0.10800000000000001
3581,0.10800000000000001
3582,0.10800000000000001
3583,0.10800000000000001
3584,0.10800000000000001
3585,0.10800000000000001
3586,0.10800000000000001
3587,0.10800000000000001
3588,0.10800000000000001
3589,0.10800000000000001
3590,0.10800000000000001
3591,0.10800000000000001
3592,0.10800000000000001
3593,0.10800000000000001
3594,0.10800000000000001
3595,0.10800000000000001
3596,0.10800000000000001
3597,0.10800000000000001
3598,0.10800000000000001
3599,0.10800000000000001
3600,0.10800000000000001
3601,0.10800000000000001
3602,0.10800000000000001
3603,0.10800000000000001
3604,0.10800000000000001
3605,0.10800000000000001
3606,0.10800000000000001
3607,0.10800000000000001
3608,0.10800000000000001
3609,0.10800000000000001
3610,0.10800000000000001
3611,0.10800000000000001
3612,0.10800000000000001
3613,0.10800000000000001
3614,0.10800000000000001
3615,0.10800000000000001
3616,0.10800000000000001
3617,0.10800000000000001
3618,0.10800000000000001
3619,0.10800000000000001
3620,0.10800000000000001
3621,0.10800000000000001
3622,0.10800000000000001
3623,0.10800000000000001
3624,0.10800000000000001
3625,0.10800000000000001
3626,0.10800000000000001
3627,0.10800000000000001
3628,0.10800000000000001
3629,0.10800000000000001
3630,0.10800000000000001
3631,0.10800000000000001
3632,0.10800000000000001
3633,0.10800000000000001
3634,0.10800000000000001
3635,0.10800000000000001
3636,0.10800000000000001
3637,0.10800000000000001
3638,0.10800000000000001
3639,0.10800000000000001
3640,0.10800000000000001
3641,0.10800000000000001
3642,0.10800000000000001
3643,0.10800000000000001
3644,0.10800000000000001
3645,0.10800000000000001
3646,0.10800000000000001
3647,0.10800000000000001
3648,0.10800000000000001
3649,0.10800000000000001
3650,0.10800000000000001
3651,0.10800000000000001
3652,0.10800000000000001
3653,0.10800000000000001
3654,0.10800000000000001
3655,0.10800000000000001
3656,0.10800000000000001
3657,0.10800000000000001
3658,0.10800000000000001
3659,0.10800000000000001
3660,0.10800000000000001
3661,0.10800000000000001
3662,0.10800000000000001
3663,0.10800000000000001
3664,0.10800000000000001
3665,0.10800000000000001
3666,0.10800000000000001
3667,0.10800000000000001
3668,0.10800000000000001
3669,0.10800000000000001
3670,0.10800000000000001
3671,0.10800000000000001
3672,0.10800000000000001
3673,0.10800000000000001
3674,0.10800000000000001
3675,0.10800000000000001
3676,0.10800000000000001
3677,0.10800000000000001
3678,0.10800000000000001
3679,0.10800000000000001
3680,0.10800000000000001
3681,0.10800000000000001
3682,0.10800000000000001
3683,0.10800000000000001
3684,0.10800000000000001
3685,0.10800000000000001
3686,0.10800000000000001
3687,0.10800000000000001
3688,0.10800000000000001
3689,0.10800000000000001
3690,0.10800000000000001
3691,0.10800000000000001
3692,0.10800000000000001
3693,0.10800000000000001
3694,0.10800000000000001
3695,0.10800000000000001
3696,0.10800000000000001
3697,0.10800000000000001
3698,0.10800000000000001
3699,0.10800000000000001
3700,0.10800000000000001
3701,0.10800000000000001
3702,0.10800000000000001
3703,0.10800000000000001
3704,0.10800000000000001
3705,0.10800000000000001
3706,0.10800000000000001
3707,0.10800000000000001
3708,0.10800000000000001
3709,0.10800000000000001
3710,0.10800000000000001
3711,0.10800000000000001
3712,0.10800000000000001
3713,0.10800000000000001
3714,0.10800000000000001
3715,0.10800000000000001
3716,0.10800000000000001
3717,0.10800000000000001
3718,0.10800000000000001
3719,0.10800000000000001
3720,0.10800000000000001
3721,0.10800000000000001
3722,0.10800000000000001
3723,0.10800000000000001
3724,0.10800000000000001
3725,0.10800000000000001
3726,0.10800000000000001
3727,0.10800000000000001
3728,0.10800000000000001
3729,0.10800000000000001
3730,0.10800000000000001
3731,0.10800000000000001
3732,0.10800000000000001
3733,0.10800000000000001
3734,0.10800000000000001
3735,0.10800000000000001
3736,0.10800000000000001
3737,0.10800000000000001
3738,0.10800000000000001
3739,0.10800000000000001
3740,0.10800000000000001
3741,0.10800000000000001
3742,0.10800000000000001
3743,0.10800000000000001
3744,0.10800000000000001
3745,0.10800000000000001
3746,0.10800000000000001
3747,0.10800000000000001
3748,0.10800000000000001
3749,0.10800000000000001
3750,0.10800000000000001
3751,0.10800000000000001
3752,0.10800000000000001
3753,0.10800000000000001
3754,0.10800000000000001
3755,0.10800000000000001
3756,0.10800000000000001
3757,0.10800000000000001
3758,0.10800000000000001
3759,0.10800000000000001
3760,0.10800000000000001
3761,0.10800000000000001
3762,0.10800000000000001
3763,0.10800000000000001
3764,0.10800000000000001
3765,0.10800000000000001
3766,0.10800000000000001
3767,0.10800000000000001
3768,0.10800000000000001
3769,0.10800000000000001
3770,0.10800000000000001
3771,0.10800000000000001
3772,0.10800000000000001
3773,0.10800000000000001
3774,0.10800000000000001
3775,0.10800000000000001
3776,0.10800000000000001
3777,0.10800000000000001
3778,0.10800000000000001
3779,0.10800000000000001
3780,0.10800000000000001
3781,0.10800000000000001
3782,0.10800000000000001
3783,0.10800000000000001
3784,0.10800000000000001
3785,0.10800000000000001
3786,0.10800000000000001
3787,0.10800000000000001
3788,0.10800000000000001
3789,0.10800000000000001
3790,0.10800000000000001
3791,0.10800000000000001
3792,0.10800000000000001
3793,0.10800000000000001
3794,0.10800000000000001
3795,0.10800000000000001
3796,0.10800000000000001
3797,0.10800000000000001
3798,0.10800000000000001
3799,0.10800000000000001
3800,0.10800000000000001
3801,0.10800000000000001
3802,0.10800000000000001
3803,0.10800000000000001
3804,0.10800000000000001
3805,0.10800000000000001
3806,0.10800000000000001
3807,0.10800000000000001
3808,0.10800000000000001
3809,0.10800000000000001
3810,0.10800000000000001
3811,0.10800000000000001
3812,0.10800000000000001
3813,0.10800000000000001
3814,0.10800000000000001
3815,0.10800000000000001
3816,0.10800000000000001
3817,0.10800000000000001
3818,0.10800000000000001
3819,0.10800000000000001
3820,0.10800000000000001
3821,0.10800000000000001
3822,0.10800000000000001
3823,0.10800000000000001
3824,0.10800000000000001
3825,0.10800000000000001
3826,0.10800000000000001
3827,0.10800000000000001
3828,0.10800000000000001
3829,0.10800000000000001
3830,0.10800000000000001
3831,0.10800000000000001
3832,0.10800000000000001
3833,0.10800000000000001
3834,0.10800000000000001
3835,0.10800000000000001
3836,0.10800000000000001
3837,0.10800000000000001
3838,0.10800000000000001
3839,0.10800000000000001
3840,0.10800000000000001
3841,0.10800000000000001
3842,0.10800000000000001
3843,0.10800000000000001
3844,0.10800000000000001
3845,0.10800000000000001
3846,0.10800000000000001
3847,0.10800000000000001
3848,0.10800000000000001
3849,0.10800000000000001
3850,0.10800000000000001
3851,0.10800000000000001
3852,0.10800000000000001
3853,0.10800000000000001
3854,0.10800000000000001
3855,0.10800000000000001
3856,0.10800000000000001
3857,0.10800000000000001
3858,0.10800000000000001
3859,0.10800000000000001
3860,0.10800000000000001
3861,0.10800000000000001
3862,0.10800000000000001
3863,0.10800000000000001
3864,0.10800000000000001
3865,0.10800000000000001
3866,0.10800000000000001
3867,0.10800000000000001
3868,0.10800000000000001
3869,0.10800000000000001
3870,0.10800000000000001
3871,0.10800000000000001
3872,0.10800000000000001
3873,0.10800000000000001
3874,0.10800000000000001
3875,0.10800000000000001
3876,0.10800000000000001
3877,0.10800000000000001
3878,0.10800000000000001
3879,0.10800000000000001
3880,0.10800000000000001
3881,0.10800000000000001
3882,0.10800000000000001
3883,0.10800000000000001
3884,0.10800000000000001
3885,0.10800000000000001
3886,0.10800000000000001
3887,0.10800000000000001
3888,0.10800000000000001
3889,0.10800000000000001
3890,0.10800000000000001
3891,0.10800000000000001
3892,0.10800000000000001
3893,0.10800000000000001
3894,0.10800000000000001
3895,0.10800000000000001
3896,0.10800000000000001
3897,0.10800000000000001
3898,0.10800000000000001
3899,0.10800000000000001
3900,0.10800000000000001
3901,0.10800000000000001
3902,0.10800000000000001
3903,0.10800000000000001
3904,0.10800000000000001
3905,0.10800000000000001
3906,0.10800000000000001
3907,0.10800000000000001
3908,0.10800000000000001
3909,0.10800000000000001
3910,0.10800000000000001
3911,0.10800000000000001
3912,0.10800000000000001
3913,0.10800000000000001
3914,0.10800000000000001
3915,0.10800000000000001
3916,0.10800000000000001
3917,0.10800000000000001
3918,0.10800000000000001
3919,0.10800000000000001
3920,0.10800000000000001
3921,0.10800000000000001
3922,0.10800000000000001
3923,0.10800000000000001
3924,0.10800000000000001
3925,0.10800000000000001
3926,0.10800000000000001
3927,0.10800000000000001
3928,0.10800000000000001
3929,0.10800000000000001
3930,0.10800000000000001
3931,0.10800000000000001
3932,0.10800000000000001
3933,0.10800000000000001
3934,0.10800000000000001
3935,0.10800000000000001
3936,0.10800000000000001
3937,0.10800000000000001
3938,0.10800000000000001
3939,0.10800000000000001
3940,0.10800000000000001
3941,0.10800000000000001
3942,0.10800000000000001
3943,0.10800000000000001
3944,0.10800000000000001
3945,0.10800000000000001
3946,0.10800000000000001
3947,0.10800000000000001
3948,0.10800000000000001
3949,0.10800000000000001
3950,0.10800000000000001
3951,0.10800000000000001
3952,0.10800000000000001
3953,0.10800000000000001
3954,0.10800000000000001
3955,0.10800000000000001
3956,0.10800000000000001
3957,0.10800000000000001
3958,0.10800000000000001
3959,0.10800000000000001
3960,0.10800000000000001
3961,0.10800000000000001
3962,0.10800000000000001
3963,0.10800000000000001
3964,0.10800000000000001
3965,0.10800000000000001
3966,0.10800000000000001
3967,0.10800000000000001
3968,0.10800000000000001
3969,0.10800000000000001
3970,0.10800000000000001
3971,0.10800000000000001
3972,0.10800000000000001
3973,0.10800000000000001
3974,0.10800000000000001
3975,0.10800000000000001
3976,0.10800000000000001
3977,0.10800000000000001
3978,0.10800000000000001
3979,0.10800000000000001
3980,0.10800000000000001
3981,0.10800000000000001
3982,0.10800000000000001
3983,0.10800000000000001
3984,0.10800000000000001
3985,0.10800000000000001
3986,0.10800000000000001
3987,0.10800000000000001
3988,0.10800000000000001
3989,0.10800000000000001
3990,0.10800000000000001
3991,0.10800000000000001
3992,0.10800000000000001
3993,0.10800000000000001
3994,0.10800000000000001
3995,0.10800000000000001
3996,0.10800000000000001
3997,0.10800000000000001
3998,0.10800000000000001
3999,0.10800000000000001
4000,0.10800000000000001
4001,0.10800000000000001
4002,0.10800000000000001
4003,0.10800000000000001
4004,0.10800000000000001
4005,0.10800000000000001
4006,0.10800000000000001
4007,0.10800000000000001
4008,0.10800000000000001
4009,0.10800000000000001
4010,0.10800000000000001
4011,0.10800000000000001
4012,0.10800000000000001
4013,0.10800000000000001
4014,0.10800000000000001
4015,0.10800000000000001
4016,0.10800000000000001
4017,0.10800000000000001
4018,0.10800000000000001
4019,0.10800000000000001
4020,0.10800000000000001
4021,0.10800000000000001
4022,0.10800000000000001
4023,0.10800000000000001
4024,0.10800000000000001
4025,0.10800000000000001
4026,0.10800000000000001
4027,0.10800000000000001
4028,0.10800000000000001
4029,0.10800000000000001
4030,0.10800000000000001
4031,0.10800000000000001
4032,0.10800000000000001
4033,0.10800000000000001
4034,0.10800000000000001
4035,0.10800000000000001
4036,0.10800000000000001
4037,0.10800000000000001
4038,0.10800000000000001
4039,0.10800000000000001
4040,0.10800000000000001
4041,0.10800000000000001
4042,0.10800000000000001
4043,0.10800000000000001
4044,0.10800000000000001
4045,0.10800000000000001
4046,0.10800000000000001
4047,0.10800000000000001
4048,0.10800000000000001
4049,0.10800000000000001
4050,0.10800000000000001
4051,0.10800000000000001
4052,0.10800000000000001
4053,0.10800000000000001
4054,0.10800000000000001
4055,0.10800000000000001
4056,0.10800000000000001
4057,0.10800000000000001
4058,0.10800000000000001
4059,0.10800000000000001
4060,0.10800000000000001
4061,0.10800000000000001
4062,0.10800000000000001
4063,0.10800000000000001
4064,0.10800000000000001
4065,0.10800000000000001
4066,0.10800000000000001
4067,0.10800000000000001
4068,0.10800000000000001
4069,0.10800000000000001
4070,0.10800000000000001
4071,0.10800000000000001
4072,0.10800000000000001
4073,0.10800000000000001
4074,0.10800000000000001
4075,0.10800000000000001
4076,0.10800000000000001
4077,0.10800000000000001
4078,0.10800000000000001
4079,0.10800000000000001
4080,0.10800000000000001
4081,0.10800000000000001
4082,0.10800000000000001
4083,0.10800000000000001
4084,0.10800000000000001
4085,0.10800000000000001
4086,0.10800000000000001
4087,0.10800000000000001
4088,0.10800000000000001
4089,0.10800000000000001
4090,0.10800000000000001
4091,0.10800000000000001
4092,0.10800000000000001
4093,0.10800000000000001
4094,0.10800000000000001
4095,0.10800000000000001
4096,0.10800000000000001
4097,0.10800000000000001
4098,0.10800000000000001
4099,0.10800000000000001
4100,0.10800000000000001
4101,0.10800000000000001
4102,0.10800000000000001
4103,0.10800000000000001
4104,0.10800000000000001
4105,0.10800000000000001
4106,0.10800000000000001
4107,0.10800000000000001
4108,0.10800000000000001
4109,0.10800000000000001
4110,0.10800000000000001
4111,0.10800000000000001
4112,0.10800000000000001
4113,0.10800000000000001
4114,0.10800000000000001
4115,0.10800000000000001
4116,0.10800000000000001
4117,0.10800000000000001
4118,0.10800000000000001
4119,0.10800000000000001
4120,0.10800000000000001
4121,0.10800000000000001
4122,0.10800000000000001
4123,0.10800000000000001
4124,0.10800000000000001
4125,0.10800000000000001
4126,0.10800000000000001
4127,0.10800000000000001
4128,0.10800000000000001
4129,0.10800000000000001
4130,0.10800000000000001
4131,0.10800000000000001
4132,0.10800000000000001
4133,0.10800000000000001
4134,0.10800000000000001
4135,0.10800000000000001
4136,0.10800000000000001
4137,0.10800000000000001
4138,0.10800000000000001
4139,0.10800000000000001
4140,0.10800000000000001
4141,0.10800000000000001
4142,0.10800000000000001
4143,0.10800000000000001
4144,0.10800000000000001
4145,0.10800000000000001
4146,0.10800000000000001
4147,0.10800000000000001
4148,0.10800000000000001
4149,0.10800000000000001
4150,0.10800000000000001
4151,0.10800000000000001
4152,0.10800000000000001
4153,0.10800000000000001
4154,0.10800000000000001
4155,0.10800000000000001
4156,0.10800000000000001
4157,0.10800000000000001
4158,0.10800000000000001
4159,0.10800000000000001
4160,0.10800000000000001
4161,0.10800000000000001
4162,0.10800000000000001
4163,0.10800000000000001
4164,0.10800000000000001
4165,0.10800000000000001
4166,0.10800000000000001
4167,0.10800000000000001
4168,0.10800000000000001
4169,0.10800000000000001
4170,0.10800000000000001
4171,0.10800000000000001
4172,0.10800000000000001
4173,0.10800000000000001
4174,0.10800000000000001
4175,0.10800000000000001
4176,0.10800000000000001
4177,0.10800000000000001
4178,0.10800000000000001
4179,0.10800000000000001
4180,0.10800000000000001
4181,0.10800000000000001
4182,0.10800000000000001
4183,0.10800000000000001
4184,0.10800000000000001
4185,0.10800000000000001
4186,0.10800000000000001
4187,0.10800000000000001
4188,0.10800000000000001
4189,0.10800000000000001
4190,0.10800000000000001
4191,0.10800000000000001
4192,0.10800000000000001
4193,0.10800000000000001
4194,0.10800000000000001
4195,0.10800000000000001
4196,0.10800000000000001
4197,0.10800000000000001
4198,0.10800000000000001
4199,0.10800000000000001
4200,0.10800000000000001
4201,0.10800000000000001
4202,0.10800000000000001
4203,0.10800000000000001
4204,0.10800000000000001
4205,0.10800000000000001
4206,0.10800000000000001
4207,0.10800000000000001
4208,0.10800000000000001
4209,0.10800000000000001
4210,0.10800000000000001
4211,0.10800000000000001
4212,0.10800000000000001
4213,0.10800000000000001
4214,0.10800000000000001
4215,0.10800000000000001
4216,0.10800000000000001
4217,0.10800000000000001
4218,0.10800000000000001
4219,0.10800000000000001
4220,0.10800000000000001
4221,0.10800000000000001
4222,0.10800000000000001
4223,0.10800000000000001
4224,0.10800000000000001
4225,0.10800000000000001
4226,0.10800000000000001
4227,0.10800000000000001
4228,0.10800000000000001
4229,0.10800000000000001
4230,0.10800000000000001
4231,0.10800000000000001
4232,0.10800000000000001
4233,0.10800000000000001
4234,0.10800000000000001
4235,0.10800000000000001
4236,0.10800000000000001
4237,0.10800000000000001
4238,0.10800000000000001
4239,0.10800000000000001
4240,0.10800000000000001
4241,0.10800000000000001
4242,0.10800000000000001
4243,0.10800000000000001
4244,0.10800000000000001
4245,0.10800000000000001
4246,0.10800000000000001
4247,0.10800000000000001
4248,0.10800000000000001
4249,0.10800000000000001
4250,0.10800000000000001
4251,0.10800000000000001
4252,0.10800000000000001
4253,0.10800000000000001
4254,0.10800000000000001
4255,0.10800000000000001
4256,0.10800000000000001
4257,0.10800000000000001
4258,0.10800000000000001
4259,0.10800000000000001
4260,0.10800000000000001
4261,0.10800000000000001
4262,0.10800000000000001
4263,0.10800000000000001
4264,0.10800000000000001
4265,0.10800000000000001
4266,0.10800000000000001
4267,0.10800000000000001
4268,0.10800000000000001
4269,0.10800000000000001
4270,0.10800000000000001
4271,0.10800000000000001
4272,0.10800000000000001
4273,0.10800000000000001
4274,0.10800000000000001
4275,0.10800000000000001
4276,0.10800000000000001
4277,0.10800000000000001
4278,0.10800000000000001
4279,0.10800000000000001
4280,0.10800000000000001
4281,0.10800000000000001
4282,0.10800000000000001
4283,0.10800000000000001
4284,0.10800000000000001
4285,0.10800000000000001
4286,0.10800000000000001
4287,0.10800000000000001
4288,0.10800000000000001
4289,0.10800000000000001
4290,0.10800000000000001
4291,0.10800000000000001
4292,0.10800000000000001
4293,0.10800000000000001
4294,0.10800000000000001
4295,0.10800000000000001
4296,0.10800000000000001
4297,0.10800000000000001
4298,0.10800000000000001
4299,0.10800000000000001
4300,0.10800000000000001
4301,0.10800000000000001
4302,0.10800000000000001
4303,0.10800000000000001
4304,0.10800000000000001
4305,0.10800000000000001
4306,0.10800000000000001
4307,0.10800000000000001
4308,0.10800000000000001
4309,0.10800000000000001
4310,0.10800000000000001
4311,0.10800000000000001
4312,0.10800000000000001
4313,0.10800000000000001
4314,0.10800000000000001
4315,0.10800000000000001
4316,0.10800000000000001
4317,0.10800000000000001
4318,0.10800000000000001
4319,0.10800000000000001
4320,0.10800000000000001
4321,0.10800000000000001
4322,0.10800000000000001
4323,0.10800000000000001
4324,0.10800000000000001
4325,0.10800000000000001
4326,0.10800000000000001
4327,0.10800000000000001
4328,0.10800000000000001
4329,0.10800000000000001
4330,0.10800000000000001
4331,0.10800000000000001
4332,0.10800000000000001
4333,0.10800000000000001
4334,0.10800000000000001
4335,0.10800000000000001
4336,0.10800000000000001
4337,0.10800000000000001
4338,0.10800000000000001
4339,0.10800000000000001
4340,0.10800000000000001
4341,0.10800000000000001
4342,0.10800000000000001
4343,0.10800000000000001
4344,0.10800000000000001
4345,0.10800000000000001
4346,0.10800000000000001
4347,0.10800000000000001
4348,0.10800000000000001
4349,0.10800000000000001
4350,0.10800000000000001
4351,0.10800000000000001
4352,0.10800000000000001
4353,0.10800000000000001
4354,0.10800000000000001
4355,0.10800000000000001
4356,0.10800000000000001
4357,0.10800000000000001
4358,0.10800000000000001
4359,0.10800000000000001
4360,0.10800000000000001
4361,0.10800000000000001
4362,0.10800000000000001
4363,0.10800000000000001
4364,0.10800000000000001
4365,0.10800000000000001
4366,0.10800000000000001
4367,0.10800000000000001
4368,0.10800000000000001
4369,0.10800000000000001
4370,0.10800000000000001
4371,0.10800000000000001
4372,0.10800000000000001
4373,0.10800000000000001
4374,0.10800000000000001
4375,0.10800000000000001
4376,0.10800000000000001
4377,0.10800000000000001
4378,0.10800000000000001
4379,0.10800000000000001
4380,0.10800000000000001
4381,0.10800000000000001
4382,0.10800000000000001
4383,0.10800000000000001
4384,0.10800000000000001
4385,0.10800000000000001
4386,0.10800000000000001
4387,0.10800000000000001
4388,0.10800000000000001
4389,0.10800000000000001
4390,0.10800000000000001
4391,0.10800000000000001
4392,0.10800000000000001
4393,0.10800000000000001
4394,0.10800000000000001
4395,0.10800000000000001
4396,0.10800000000000001
4397,0.10800000000000001
4398,0.10800000000000001
4399,0.10800000000000001
4400,0.10800000000000001
4401,0.10800000000000001
4402,0.10800000000000001
4403,0.10800000000000001
4404,0.10800000000000001
4405,0.10800000000000001
4406,0.10800000000000001
4407,0.10800000000000001
4408,0.10800000000000001
4409,0.10800000000000001
4410,0.10800000000000001
4411,0.10800000000000001
4412,0.10800000000000001
4413,0.10800000000000001
4414,0.10800000000000001
4415,0.10800000000000001
4416,0.10800000000000001
4417,0.10800000000000001
4418,0.10800000000000001
4419,0.10800000000000001
4420,0.10800000000000001
4421,0.10800000000000001
4422,0.10800000000000001
4423,0.10800000000000001
4424,0.10800000000000001
4425,0.10800000000000001
4426,0.10800000000000001
4427,0.10800000000000001
4428,0.10800000000000001
4429,0.10800000000000001
4430,0.10800000000000001
4431,0.10800000000000001
4432,0.10800000000000001
4433,0.10800000000000001
4434,0.10800000000000001
4435,0.10800000000000001
4436,0.10800000000000001
4437,0.10800000000000001
4438,0.10800000000000001
4439,0.10800000000000001
4440,0.10800000000000001
4441,0.10800000000000001
4442,0.10800000000000001
4443,0.10800000000000001
4444,0.10800000000000001
4445,0.10800000000000001
4446,0.10800000000000001
4447,0.10800000000000001
4448,0.10800000000000001
4449,0.10800000000000001
4450,0.10800000000000001
4451,0.10800000000000001
4452,0.10800000000000001
4453,0.10800000000000001
4454,0.10800000000000001
4455,0.10800000000000001
4456,0.10800000000000001
4457,0.10800000000000001
4458,0.10800000000000001
4459,0.10800000000000001
4460,0.10800000000000001
4461,0.10800000000000001
4462,0.10800000000000001
4463,0.10800000000000001
4464,0.10800000000000001
4465,0.10800000000000001
4466,0.10800000000000001
4467,0.10800000000000001
4468,0.10800000000000001
4469,0.10800000000000001
4470,0.10800000000000001
4471,0.10800000000000001
4472,0.10800000000000001
4473,0.10800000000000001
4474,0.10800000000000001
4475,0.10800000000000001
4476,0.10800000000000001
4477,0.10800000000000001
4478,0.10800000000000001
4479,0.10800000000000001
4480,0.10800000000000001
4481,0.10800000000000001
4482,0.10800000000000001
4483,0.10800000000000001
4484,0.10800000000000001
4485,0.10800000000000001
4486,0.10800000000000001
4487,0.10800000000000001
4488,0.10800000000000001
4489,0.10800000000000001
4490,0.10800000000000001
4491,0.10800000000000001
4492,0.10800000000000001
4493,0.10800000000000001
4494,0.10800000000000001
4495,0.10800000000000001
4496,0.10800000000000001
4497,0.10800000000000001
4498,0.10800000000000001
4499,0.10800000000000001
4500,0.10800000000000001
4501,0.10800000000000001
4502,0.10800000000000001
4503,0.10800000000000001
4504,0.10800000000000001
4505,0.10800000000000001
4506,0.10800000000000001
4507,0.10800000000000001
4508,0.10800000000000001
4509,0.10800000000000001
4510,0.10800000000000001
4511,0.10800000000000001
4512,0.10800000000000001
4513,0.10800000000000001
4514,0.10800000000000001
4515,0.10800000000000001
4516,0.10800000000000001
4517,0.10800000000000001
4518,0.10800000000000001
4519,0.10800000000000001
4520,0.10800000000000001
4521,0.10800000000000001
4522,0.10800000000000001
4523,0.10800000000000001
4524,0.10800000000000001
4525,0.10800000000000001
4526,0.10800000000000001
4527,0.10800000000000001
4528,0.10800000000000001
4529,0.10800000000000001
4530,0.10800000000000001
4531,0.10800000000000001
4532,0.10800000000000001
4533,0.10800000000000001
4534,0.10800000000000001
4535,0.10800000000000001
4536,0.10800000000000001
4537,0.10800000000000001
4538,0.10800000000000001
4539,0.10800000000000001
4540,0.10800000000000001
4541,0.10800000000000001
4542,0.10800000000000001
4543,0.10800000000000001
4544,0.10800000000000001
4545,0.10800000000000001
4546,0.10800000000000001
4547,0.10800000000000001
4548,0.10800000000000001
4549,0.10800000000000001
4550,0.10800000000000001
4551,0.10800000000000001
4552,0.10800000000000001
4553,0.10800000000000001
4554,0.10800000000000001
4555,0.10800000000000001
4556,0.10800000000000001
4557,0.10800000000000001
4558,0.10800000000000001
4559,0.10800000000000001
4560,0.10800000000000001
4561,0.10800000000000001
4562,0.10800000000000001
4563,0.10800000000000001
4564,0.10800000000000001
4565,0.10800000000000001
4566,0.10800000000000001
4567,0.10800000000000001
4568,0.10800000000000001
4569,0.10800000000000001
4570,0.10800000000000001
4571,0.10800000000000001
4572,0.10800000000000001
4573,0.10800000000000001
4574,0.10800000000000001
4575,0.10800000000000001
4576,0.10800000000000001
4577,0.10800000000000001
4578,0.10800000000000001
4579,0.10800000000000001
4580,0.10800000000000001
4581,0.10800000000000001
4582,0.10800000000000001
4583,0.10800000000000001
4584,0.10800000000000001
4585,0.10800000000000001
4586,0.10800000000000001
4587,0.10800000000000001
4588,0.10800000000000001
4589,0.10800000000000001
4590,0.10800000000000001
4591,0.10800000000000001
4592,0.10800000000000001
4593,0.10800000000000001
4594,0.10800000000000001
4595,0.10800000000000001
4596,0.10800000000000001
4597,0.10800000000000001
4598,0.10800000000000001
4599,0.10800000000000001
4600,0.10800000000000001
4601,0.10800000000000001
4602,0.10800000000000001
4603,0.10800000000000001
4604,0.10800000000000001
4605,0.10800000000000001
4606,0.10800000000000001
4607,0.10800000000000001
4608,0.10800000000000001
4609,0.10800000000000001
4610,0.10800000000000001
4611,0.10800000000000001
4612,0.10800000000000001
4613,0.10800000000000001
4614,0.10800000000000001
4615,0.10800000000000001
4616,0.10800000000000001
4617,0.10800000000000001
4618,0.10800000000000001
4619,0.10800000000000001
4620,0.10800000000000001
4621,0.10800000000000001
4622,0.10800000000000001
4623,0.10800000000000001
4624,0.10800000000000001
4625,0.10800000000000001
4626,0.10800000000000001
4627,0.10800000000000001
4628,0.10800000000000001
4629,0.10800000000000001
4630,0.10800000000000001
4631,0.10800000000000001
4632,0.10800000000000001
4633,0.10800000000000001
4634,0.10800000000000001
4635,0.10800000000000001
4636,0.10800000000000001
4637,0.10800000000000001
4638,0.10800000000000001
4639,0.10800000000000001
4640,0.10800000000000001
4641,0.10800000000000001
4642,0.10800000000000001
4643,0.10800000000000001
4644,0.10800000000000001
4645,0.10800000000000001
4646,0.10800000000000001
4647,0.10800000000000001
4648,0.10800000000000001
4649,0.10800000000000001
4650,0.10800000000000001
4651,0.10800000000000001
4652,0.10800000000000001
4653,0.10800000000000001
4654,0.10800000000000001
4655,0.10800000000000001
4656,0.10800000000000001
4657,0.10800000000000001
4658,0.10800000000000001
4659,0.10800000000000001
4660,0.10800000000000001
4661,0.10800000000000001
4662,0.10800000000000001
4663,0.10800000000000001
4664,0.10800000000000001
4665,0.10800000000000001
4666,0.10800000000000001
4667,0.10800000000000001
4668,0.10800000000000001
4669,0.10800000000000001
4670,0.10800000000000001
4671,0.10800000000000001
4672,0.10800000000000001
4673,0.10800000000000001
4674,0.10800000000000001
4675,0.10800000000000001
4676,0.10800000000000001
4677,0.10800000000000001
4678,0.10800000000000001
4679,0.10800000000000001
4680,0.10800000000000001
4681,0.10800000000000001
4682,0.10800000000000001
4683,0.10800000000000001
4684,0.10800000000000001
4685,0.10800000000000001
4686,0.10800000000000001
4687,0.10800000000000001
4688,0.10800000000000001
4689,0.10800000000000001
4690,0.10800000000000001
4691,0.10800000000000001
4692,0.10800000000000001
4693,0.10800000000000001
4694,0.10800000000000001
4695,0.10800000000000001
4696,0.10800000000000001
4697,0.10800000000000001
4698,0.10800000000000001
4699,0.10800000000000001
4700,0.10800000000000001
4701,0.10800000000000001
4702,0.10800000000000001
4703,0.10800000000000001
4704,0.10800000000000001
4705,0.10800000000000001
4706,0.10800000000000001
4707,0.10800000000000001
4708,0.10800000000000001
4709,0.10800000000000001
4710,0.10800000000000001
4711,0.10800000000000001
4712,0.10800000000000001
4713,0.10800000000000001
4714,0.10800000000000001
4715,0.10800000000000001
4716,0.10800000000000001
4717,0.10800000000000001
4718,0.10800000000000001
4719,0.10800000000000001
4720,0.10800000000000001
4721,0.10800000000000001
4722,0.10800000000000001
4723,0.10800000000000001
4724,0.10800000000000001
4725,0.10800000000000001
4726,0.10800000000000001
4727,0.10800000000000001
4728,0.10800000000000001
4729,0.10800000000000001
4730,0.10800000000000001
4731,0.10800000000000001
4732,0.10800000000000001
4733,0.10800000000000001
4734,0.10800000000000001
4735,0.10800000000000001
4736,0.10800000000000001
4737,0.10800000000000001
4738,0.10800000000000001
4739,0.10800000000000001
4740,0.10800000000000001
4741,0.10800000000000001
4742,0.10800000000000001
4743,0.10800000000000001
4744,0.10800000000000001
4745,0.10800000000000001
4746,0.10800000000000001
4747,0.10800000000000001
4748,0.10800000000000001
4749,0.10800000000000001
4750,0.10800000000000001
4751,0.10800000000000001
4752,0.10800000000000001
4753,0.10800000000000001
4754,0.10800000000000001
4755,0.10800000000000001
4756,0.10800000000000001
4757,0.10800000000000001
4758,0.10800000000000001
4759,0.10800000000000001
4760,0.10800000000000001
4761,0.10800000000000001
4762,0.10800000000000001
4763,0.10800000000000001
4764,0.10800000000000001
4765,0.10800000000000001
4766,0.10800000000000001
4767,0.10800000000000001
4768,0.10800000000000001
4769,0.10800000000000001
4770,0.10800000000000001
4771,0.10800000000000001
4772,0.10800000000000001
4773,0.10800000000000001
4774,0.10800000000000001
4775,0.10800000000000001
4776,0.10800000000000001
4777,0.10800000000000001
4778,0.10800000000000001
4779,0.10800000000000001
4780,0.10800000000000001
4781,0.10800000000000001
4782,0.10800000000000001
4783,0.10800000000000001
4784,0.10800000000000001
4785,0.10800000000000001
4786,0.10800000000000001
4787,0.10800000000000001
4788,0.10800000000000001
4789,0.10800000000000001
4790,0.10800000000000001
4791,0.10800000000000001
4792,0.10800000000000001
4793,0.10800000000000001
4794,0.10800000000000001
4795,0.10800000000000001
4796,0.10800000000000001
4797,0.10800000000000001
4798,0.10800000000000001
4799,0.10800000000000001
4800,0.10800000000000001
4801,0.10800000000000001
4802,0.10800000000000001
4803,0.10800000000000001
4804,0.10800000000000001
4805,0.10800000000000001
4806,0.10800000000000001
4807,0.10800000000000001
4808,0.10800000000000001
4809,0.10800000000000001
4810,0.10800000000000001
4811,0.10800000000000001
4812,0.10800000000000001
4813,0.10800000000000001
4814,0.10800000000000001
4815,0.10800000000000001
4816,0.10800000000000001
4817,0.10800000000000001
4818,0.10800000000000001
4819,0.10800000000000001
4820,0.10800000000000001
4821,0.10800000000000001
4822,0.10800000000000001
4823,0.10800000000000001
4824,0.10800000000000001
4825,0.10800000000000001
4826,0.10800000000000001
4827,0.10800000000000001
4828,0.10800000000000001
4829,0.10800000000000001
4830,0.10800000000000001
4831,0.10800000000000001
4832,0.10800000000000001
4833,0.10800000000000001
4834,0.10800000000000001
4835,0.10800000000000001
4836,0.10800000000000001
4837,0.10800000000000001
4838,0.10800000000000001
4839,0.10800000000000001
4840,0.10800000000000001
4841,0.10800000000000001
4842,0.10800000000000001
4843,0.10800000000000001
4844,0.10800000000000001
4845,0.10800000000000001
4846,0.10800000000000001
4847,0.10800000000000001
4848,0.10800000000000001
4849,0.10800000000000001
4850,0.10800000000000001
4851,0.10800000000000001
4852,0.10800000000000001
4853,0.10800000000000001
4854,0.10800000000000001
4855,0.10800000000000001
4856,0.10800000000000001
4857,0.10800000000000001
4858,0.10800000000000001
4859,0.10800000000000001
4860,0.10800000000000001
4861,0.10800000000000001
4862,0.10800000000000001
4863,0.10800000000000001
4864,0.10800000000000001
4865,0.10800000000000001
4866,0.10800000000000001
4867,0.10800000000000001
4868,0.10800000000000001
4869,0.10800000000000001
4870,0.10800000000000001
4871,0.10800000000000001
4872,0.10800000000000001
4873,0.10800000000000001
4874,0.10800000000000001
4875,0.10800000000000001
4876,0.10800000000000001
4877,0.10800000000000001
4878,0.10800000000000001
4879,0.10800000000000001
4880,0.10800000000000001
4881,0.10800000000000001
4882,0.10800000000000001
4883,0.10800000000000001
4884,0.10800000000000001
4885,0.10800000000000001
4886,0.10800000000000001
4887,0.10800000000000001
4888,0.10800000000000001
4889,0.10800000000000001
4890,0.10800000000000001
4891,0.10800000000000001
4892,0.10800000000000001
4893,0.10800000000000001
4894,0.10800000000000001
4895,0.10800000000000001
4896,0.10800000000000001
4897,0.10800000000000001
4898,0.10800000000000001
4899,0.10800000000000001
4900,0.10800000000000001
4901,0.10800000000000001
4902,0.10800000000000001
4903,0.10800000000000001
4904,0.10800000000000001
4905,0.10800000000000001
4906,0.10800000000000001
4907,0.10800000000000001
4908,0.10800000000000001
4909,0.10800000000000001
4910,0.10800000000000001
4911,0.10800000000000001
4912,0.10800000000000001
4913,0.10800000000000001
4914,0.10800000000000001
4915,0.10800000000000001
4916,0.10800000000000001
4917,0.10800000000000001
4918,0.10800000000000001
4919,0.10800000000000001
4920,0.10800000000000001
4921,0.10800000000000001
4922,0.10800000000000001
4923,0.10800000000000001
4924,0.10800000000000001
4925,0.10800000000000001
4926,0.10800000000000001
4927,0.10800000000000001
4928,0.10800000000000001
4929,0.10800000000000001
4930,0.10800000000000001
4931,0.10800000000000001
4932,0.10800000000000001
4933,0.10800000000000001
4934,0.10800000000000001
4935,0.10800000000000001
4936,0.10800000000000001
4937,0.10800000000000001
4938,0.10800000000000001
4939,0.10800000000000001
4940,0.10800000000000001
4941,0.10800000000000001
4942,0.10800000000000001
4943,0.10800000000000001
4944,0.10800000000000001
4945,0.10800000000000001
4946,0.10800000000000001
4947,0.10800000000000001
4948,0.10800000000000001
4949,0.10800000000000001
4950,0.10800000000000001
4951,0.10800000000000001
4952,0.10800000000000001
4953,0.10800000000000001
4954,0.10800000000000001
4955,0.10800000000000001
4956,0.10800000000000001
4957,0.10800000000000001
4958,0.10800000000000001
4959,0.10800000000000001
4960,0.10800000000000001
4961,0.10800000000000001
4962,0.10800000000000001
4963,0.10800000000000001
4964,0.10800000000000001
4965,0.10800000000000001
4966,0.10800000000000001
4967,0.10800000000000001
4968,0.10800000000000001
4969,0.10800000000000001
4970,0.10800000000000001
4971,0.10800000000000001
4972,0.10800000000000001
4973,0.10800000000000001
4974,0.10800000000000001
4975,0.10800000000000001
4976,0.10800000000000001
4977,0.10800000000000001
4978,0.10800000000000001
4979,0.10800000000000001
4980,0.10800000000000001
4981,0.10800000000000001
4982,0.10800000000000001
4983,0.10800000000000001
4984,0.10800000000000001
4985,0.10800000000000001
4986,0.10800000000000001
4987,0.10800000000000001
4988,0.10800000000000001
4989,0.10800000000000001
4990,0.10800000000000001
4991,0.10800000000000001
4992,0.10800000000000001
4993,0.10800000000000001
4994,0.10800000000000001
4995,0.10800000000000001
4996,0.10800000000000001
4997,0.10800000000000001
4998,0.10800000000000001
4999,0.10800000000000001
5000,0.10800000000000001
5001,0.10800000000000001
5002,0.10800000000000001
5003,0.10800000000000001
5004,0.10800000000000001
5005,0.10800000000000001
5006,0.10800000000000001
5007,0.10800000000000001
5008,0.10800000000000001
5009,0.10800000000000001
5010,0.10800000000000001
5011,0.10800000000000001
5012,0.10800000000000001
5013,0.10800000000000001
5014,0.10800000000000001
5015,0.10800000000000001
5016,0.10800000000000001
5017,0.10800000000000001
5018,0.10800000000000001
5019,0.10800000000000001
5020,0.10800000000000001
5021,0.10800000000000001
5022,0.10800000000000001
5023,0.10800000000000001
5024,0.10800000000000001
5025,0.10800000000000001
5026,0.10800000000000001
5027,0.10800000000000001
5028,0.10800000000000001
5029,0.10800000000000001
5030,0.10800000000000001
5031,0.10800000000000001
5032,0.10800000000000001
5033,0.10800000000000001
5034,0.10800000000000001
5035,0.10800000000000001
5036,0.10800000000000001
5037,0.10800000000000001
5038,0.10800000000000001
5039,0.10800000000000001
5040,0.10800000000000001
5041,0.10800000000000001
5042,0.10800000000000001
5043,0.10800000000000001
5044,0.10800000000000001
5045,0.10800000000000001
5046,0.10800000000000001
5047,0.10800000000000001
5048,0.10800000000000001
5049,0.10800000000000001
5050,0.10800000000000001
5051,0.10800000000000001
5052,0.10800000000000001
5053,0.10800000000000001
5054,0.10800000000000001
5055,0.10800000000000001
5056,0.10800000000000001
5057,0.10800000000000001
5058,0.10800000000000001
5059,0.10800000000000001
5060,0.10800000000000001
5061,0.10800000000000001
5062,0.10800000000000001
5063,0.10800000000000001
5064,0.10800000000000001
5065,0.10800000000000001
5066,0.10800000000000001
5067,0.10800000000000001
5068,0.10800000000000001
5069,0.10800000000000001
5070,0.10800000000000001
5071,0.10800000000000001
5072,0.10800000000000001
5073,0.10800000000000001
5074,0.10800000000000001
5075,0.10800000000000001
5076,0.10800000000000001
5077,0.10800000000000001
5078,0.10800000000000001
5079,0.10800000000000001
5080,0.10800000000000001
5081,0.10800000000000001
5082,0.10800000000000001
5083,0.10800000000000001
5084,0.10800000000000001
5085,0.10800000000000001
5086,0.10800000000000001
5087,0.10800000000000001
5088,0.10800000000000001
5089,0.10800000000000001
5090,0.10800000000000001
5091,0.10800000000000001
5092,0.10800000000000001
5093,0.10800000000000001
5094,0.10800000000000001
5095,0.10800000000000001
5096,0.10800000000000001
5097,0.10800000000000001
5098,0.10800000000000001
5099,0.10800000000000001
5100,0.10800000000000001
5101,0.10800000000000001
5102,0.10800000000000001
5103,0.10800000000000001
5104,0.10800000000000001
5105,0.10800000000000001
5106,0.10800000000000001
5107,0.10800000000000001
5108,0.10800000000000001
5109,0.10800000000000001
5110,0.10800000000000001
5111,0.10800000000000001
5112,0.10800000000000001
5113,0.10800000000000001
5114,0.10800000000000001
5115,0.10800000000000001
5116,0.10800000000000001
5117,0.10800000000000001
5118,0.10800000000000001
5119,0.10800000000000001
5120,0.10800000000000001
5121,0.10800000000000001
5122,0.10800000000000001
5123,0.10800000000000001
5124,0.10800000000000001
5125,0.10800000000000001
5126,0.10800000000000001
5127,0.10800000000000001
5128,0.10800000000000001
5129,0.10800000000000001
5130,0.10800000000000001
5131,0.10800000000000001
5132,0.10800000000000001
5133,0.10800000000000001
5134,0.10800000000000001
5135,0.10800000000000001
5136,0.10800000000000001
5137,0.10800000000000001
5138,0.10800000000000001
5139,0.10800000000000001
5140,0.10800000000000001
5141,0.10800000000000001
5142,0.10800000000000001
5143,0.10800000000000001
5144,0.10800000000000001
5145,0.10800000000000001
5146,0.10800000000000001
5147,0.10800000000000001
5148,0.10800000000000001
5149,0.10800000000000001
5150,0.10800000000000001
5151,0.10800000000000001
5152,0.10800000000000001
5153,0.10800000000000001
5154,0.10800000000000001
5155,0.10800000000000001
5156,0.10800000000000001
5157,0.10800000000000001
5158,0.10800000000000001
5159,0.10800000000000001
5160,0.10800000000000001
5161,0.10800000000000001
5162,0.10800000000000001
5163,0.10800000000000001
5164,0.10800000000000001
5165,0.10800000000000001
5166,0.10800000000000001
5167,0.10800000000000001
5168,0.10800000000000001
5169,0.10800000000000001
5170,0.10800000000000001
5171,0.10800000000000001
5172,0.10800000000000001
5173,0.10800000000000001
5174,0.10800000000000001
5175,0.10800000000000001
5176,0.10800000000000001
5177,0.10800000000000001
5178,0.10800000000000001
5179,0.10800000000000001
5180,0.10800000000000001
5181,0.10800000000000001
5182,0.10800000000000001
5183,0.10800000000000001
5184,0.10800000000000001
5185,0.10800000000000001
5186,0.10800000000000001
5187,0.10800000000000001
5188,0.10800000000000001
5189,0.10800000000000001
5190,0.10800000000000001
5191,0.10800000000000001
5192,0.10800000000000001
5193,0.10800000000000001
5194,0.10800000000000001
5195,0.10800000000000001
5196,0.10800000000000001
5197,0.10800000000000001
5198,0.10800000000000001
5199,0.10800000000000001
5200,0.10800000000000001
5201,0.10800000000000001
5202,0.10800000000000001
5203,0.10800000000000001
5204,0.10800000000000001
5205,0.10800000000000001
5206,0.10800000000000001
5207,0.10800000000000001
5208,0.10800000000000001
5209,0.10800000000000001
5210,0.10800000000000001
5211,0.10800000000000001
5212,0.10800000000000001
5213,0.10800000000000001
5214,0.10800000000000001
5215,0.10800000000000001
5216,0.10800000000000001
5217,0.10800000000000001
5218,0.10800000000000001
5219,0.10800000000000001
5220,0.10800000000000001
5221,0.10800000000000001
5222,0.10800000000000001
5223,0.10800000000000001
5224,0.10800000000000001
5225,0.10800000000000001
5226,0.10800000000000001
5227,0.10800000000000001
5228,0.10800000000000001
5229,0.10800000000000001
5230,0.10800000000000001
5231,0.10800000000000001
5232,0.10800000000000001
5233,0.10800000000000001
5234,0.10800000000000001
5235,0.10800000000000001
5236,0.10800000000000001
5237,0.10800000000000001
5238,0.10800000000000001
5239,0.10800000000000001
5240,0.10800000000000001
5241,0.10800000000000001
5242,0.10800000000000001
5243,0.10800000000000001
5244,0.10800000000000001
5245,0.10800000000000001
5246,0.10800000000000001
5247,0.10800000000000001
5248,0.10800000000000001
5249,0.10800000000000001
5250,0.10800000000000001
5251,0.10800000000000001
5252,0.10800000000000001
5253,0.10800000000000001
5254,0.10800000000000001
5255,0.10800000000000001
5256,0.10800000000000001
5257,0.10800000000000001
5258,0.10800000000000001
5259,0.10800000000000001
5260,0.10800000000000001
5261,0.10800000000000001
5262,0.10800000000000001
5263,0.10800000000000001
5264,0.10800000000000001
5265,0.10800000000000001
5266,0.10800000000000001
5267,0.10800000000000001
5268,0.10800000000000001
5269,0.10800000000000001
5270,0.10800000000000001
5271,0.10800000000000001
5272,0.10800000000000001
5273,0.10800000000000001
5274,0.10800000000000001
5275,0.10800000000000001
5276,0.10800000000000001
5277,0.10800000000000001
5278,0.10800000000000001
5279,0.10800000000000001
5280,0.10800000000000001
5281,0.10800000000000001
5282,0.10800000000000001
5283,0.10800000000000001
5284,0.10800000000000001
5285,0.10800000000000001
5286,0.10800000000000001
5287,0.10800000000000001
5288,0.10800000000000001
5289,0.10800000000000001
5290,0.10800000000000001
5291,0.10800000000000001
5292,0.10800000000000001
5293,0.10800000000000001
5294,0.10800000000000001
5295,0.10800000000000001
5296,0.10800000000000001
5297,0.10800000000000001
5298,0.10800000000000001
5299,0.10800000000000001
5300,0.10800000000000001
5301,0.10800000000000001
5302,0.10800000000000001
5303,0.10800000000000001
5304,0.10800000000000001
5305,0.10800000000000001
5306,0.10800000000000001
5307,0.10800000000000001
5308,0.10800000000000001
5309,0.10800000000000001
5310,0.10800000000000001
5311,0.10800000000000001
5312,0.10800000000000001
5313,0.10800000000000001
5314,0.10800000000000001
5315,0.10800000000000001
5316,0.10800000000000001
5317,0.10800000000000001
5318,0.10800000000000001
5319,0.10800000000000001
5320,0.10800000000000001
5321,0.10800000000000001
5322,0.10800000000000001
5323,0.10800000000000001
5324,0.10800000000000001
5325,0.10800000000000001
5326,0.10800000000000001
5327,0.10800000000000001
5328,0.10800000000000001
5329,0.10800000000000001
5330,0.10800000000000001
5331,0.10800000000000001
5332,0.10800000000000001
5333,0.10800000000000001
5334,0.10800000000000001
5335,0.10800000000000001
5336,0.10800000000000001
5337,0.10800000000000001
5338,0.10800000000000001
5339,0.10800000000000001
5340,0.10800000000000001
5341,0.10800000000000001
5342,0.10800000000000001
5343,0.10800000000000001
5344,0.10800000000000001
5345,0.10800000000000001
5346,0.10800000000000001
5347,0.10800000000000001
5348,0.10800000000000001
5349,0.10800000000000001
5350,0.10800000000000001
5351,0.10800000000000001
5352,0.10800000000000001
5353,0.10800000000000001
5354,0.10800000000000001
5355,0.10800000000000001
5356,0.10800000000000001
5357,0.10800000000000001
5358,0.10800000000000001
5359,0.10800000000000001
5360,0.10800000000000001
5361,0.10800000000000001
5362,0.10800000000000001
5363,0.10800000000000001
5364,0.10800000000000001
5365,0.10800000000000001
5366,0.10800000000000001
5367,0.10800000000000001
5368,0.10800000000000001
5369,0.10800000000000001
5370,0.10800000000000001
5371,0.10800000000000001
5372,0.10800000000000001
5373,0.10800000000000001
5374,0.10800000000000001
5375,0.10800000000000001
5376,0.10800000000000001
5377,0.10800000000000001
5378,0.10800000000000001
5379,0.10800000000000001
5380,0.10800000000000001
5381,0.10800000000000001
5382,0.10800000000000001
5383,0.10800000000000001
5384,0.10800000000000001
5385,0.10800000000000001
5386,0.10800000000000001
5387,0.10800000000000001
5388,0.10800000000000001
5389,0.10800000000000001
5390,0.10800000000000001
5391,0.10800000000000001
5392,0.10800000000000001
5393,0.10800000000000001
5394,0.10800000000000001
5395,0.10800000000000001
5396,0.10800000000000001
5397,0.10800000000000001
5398,0.10800000000000001
5399,0.10800000000000001
5400,0.10800000000000001
5401,0.10800000000000001
5402,0.10800000000000001
5403,0.10800000000000001
5404,0.10800000000000001
5405,0.10800000000000001
5406,0.10800000000000001
5407,0.10800000000000001
5408,0.10800000000000001
5409,0.10800000000000001
5410,0.10800000000000001
5411,0.10800000000000001
5412,0.10800000000000001
5413,0.10800000000000001
5414,0.10800000000000001
5415,0.10800000000000001
5416,0.10800000000000001
5417,0.10800000000000001
5418,0.10800000000000001
5419,0.10800000000000001
5420,0.10800000000000001
5421,0.10800000000000001
5422,0.10800000000000001
5423,0.10800000000000001
5424,0.10800000000000001
5425,0.10800000000000001
5426,0.10800000000000001
5427,0.10800000000000001
5428,0.10800000000000001
5429,0.10800000000000001
5430,0.10800000000000001
5431,0.10800000000000001
5432,0.10800000000000001
5433,0.10800000000000001
5434,0.10800000000000001
5435,0.10800000000000001
5436,0.10800000000000001
5437,0.10800000000000001
5438,0.10800000000000001
5439,0.10800000000000001
5440,0.10800000000000001
5441,0.10800000000000001
5442,0.10800000000000001
5443,0.10800000000000001
5444,0.10800000000000001
5445,0.10800000000000001
5446,0.10800000000000001
5447,0.10800000000000001
5448,0.10800000000000001
5449,0.10800000000000001
5450,0.10800000000000001
5451,0.10800000000000001
5452,0.10800000000000001
5453,0.10800000000000001
5454,0.10800000000000001
5455,0.10800000000000001
5456,0.10800000000000001
5457,0.10800000000000001
5458,0.10800000000000001
5459,0.10800000000000001
5460,0.10800000000000001
5461,0.10800000000000001
5462,0.10800000000000001
5463,0.10800000000000001
5464,0.10800000000000001
5465,0.10800000000000001
5466,0.10800000000000001
5467,0.10800000000000001
5468,0.10800000000000001
5469,0.10800000000000001
5470,0.10800000000000001
5471,0.10800000000000001
5472,0.10800000000000001
5473,0.10800000000000001
5474,0.10800000000000001
5475,0.10800000000000001
5476,0.10800000000000001
5477,0.10800000000000001
5478,0.10800000000000001
5479,0.10800000000000001
5480,0.10800000000000001
5481,0.10800000000000001
5482,0.10800000000000001
5483,0.10800000000000001
5484,0.10800000000000001
5485,0.10800000000000001
5486,0.10800000000000001
5487,0.10800000000000001
5488,0.10800000000000001
5489,0.10800000000000001
5490,0.10800000000000001
5491,0.10800000000000001
5492,0.10800000000000001
5493,0.10800000000000001
5494,0.10800000000000001
5495,0.10800000000000001
5496,0.10800000000000001
5497,0.10800000000000001
5498,0.10800000000000001
5499,0.10800000000000001
5500,0.10800000000000001
5501,0.10800000000000001
5502,0.10800000000000001
5503,0.10800000000000001
5504,0.10800000000000001
5505,0.10800000000000001
5506,0.10800000000000001
5507,0.10800000000000001
5508,0.10800000000000001
5509,0.10800000000000001
5510,0.10800000000000001
5511,0.10800000000000001
5512,0.10800000000000001
5513,0.10800000000000001
5514,0.10800000000000001
5515,0.10800000000000001
5516,0.10800000000000001
5517,0.10800000000000001
5518,0.10800000000000001
5519,0.10800000000000001
5520,0.10800000000000001
5521,0.10800000000000001
5522,0.10800000000000001
5523,0.10800000000000001
5524,0.10800000000000001
5525,0.10800000000000001
5526,0.10800000000000001
5527,0.10800000000000001
5528,0.10800000000000001
5529,0.10800000000000001
5530,0.10800000000000001
5531,0.10800000000000001
5532,0.10800000000000001
5533,0.10800000000000001
5534,0.10800000000000001
5535,0.10800000000000001
5536,0.10800000000000001
5537,0.10800000000000001
5538,0.10800000000000001
5539,0.10800000000000001
5540,0.10800000000000001
5541,0.10800000000000001
5542,0.10800000000000001
5543,0.10800000000000001
5544,0.10800000000000001
5545,0.10800000000000001
5546,0.10800000000000001
5547,0.10800000000000001
5548,0.10800000000000001
5549,0.10800000000000001
5550,0.10800000000000001
5551,0.10800000000000001
5552,0.10800000000000001
5553,0.10800000000000001
5554,0.10800000000000001
5555,0.10800000000000001
5556,0.10800000000000001
5557,0.10800000000000001
5558,0.10800000000000001
5559,0.10800000000000001
5560,0.10800000000000001
5561,0.10800000000000001
5562,0.10800000000000001
5563,0.10800000000000001
5564,0.10800000000000001
5565,0.10800000000000001
5566,0.10800000000000001
5567,0.10800000000000001
5568,0.10800000000000001
5569,0.10800000000000001
5570,0.10800000000000001
5571,0.10800000000000001
5572,0.10800000000000001
5573,0.10800000000000001
5574,0.10800000000000001
5575,0.10800000000000001
5576,0.10800000000000001
5577,0.10800000000000001
5578,0.10800000000000001
5579,0.10800000000000001
5580,0.10800000000000001
5581,0.10800000000000001
5582,0.10800000000000001
5583,0.10800000000000001
5584,0.10800000000000001
5585,0.10800000000000001
5586,0.10800000000000001
5587,0.10800000000000001
5588,0.10800000000000001
5589,0.10800000000000001
5590,0.10800000000000001
5591,0.10800000000000001
5592,0.10800000000000001
5593,0.10800000000000001
5594,0.10800000000000001
5595,0.10800000000000001
5596,0.10800000000000001
5597,0.10800000000000001
5598,0.10800000000000001
5599,0.10800000000000001
5600,0.10800000000000001
5601,0.10800000000000001
5602,0.10800000000000001
5603,0.10800000000000001
5604,0.10800000000000001
5605,0.10800000000000001
5606,0.10800000000000001
5607,0.10800000000000001
5608,0.10800000000000001
5609,0.10800000000000001
5610,0.10800000000000001
5611,0.10800000000000001
5612,0.10800000000000001
5613,0.10800000000000001
5614,0.10800000000000001
5615,0.10800000000000001
5616,0.10800000000000001
5617,0.10800000000000001
5618,0.10800000000000001
5619,0.10800000000000001
5620,0.10800000000000001
5621,0.10800000000000001
5622,0.10800000000000001
5623,0.10800000000000001
5624,0.10800000000000001
5625,0.10800000000000001
5626,0.10800000000000001
5627,0.10800000000000001
5628,0.10800000000000001
5629,0.10800000000000001
5630,0.10800000000000001
5631,0.10800000000000001
5632,0.10800000000000001
5633,0.10800000000000001
5634,0.10800000000000001
5635,0.10800000000000001
5636,0.10800000000000001
5637,0.10800000000000001
5638,0.10800000000000001
5639,0.10800000000000001
5640,0.10800000000000001
5641,0.10800000000000001
5642,0.10800000000000001
5643,0.10800000000000001
5644,0.10800000000000001
5645,0.10800000000000001
5646,0.10800000000000001
5647,0.10800000000000001
5648,0.10800000000000001
5649,0.10800000000000001
5650,0.10800000000000001
5651,0.10800000000000001
5652,0.10800000000000001
5653,0.10800000000000001
5654,0.10800000000000001
5655,0.10800000000000001
5656,0.10800000000000001
5657,0.10800000000000001
5658,0.10800000000000001
5659,0.10800000000000001
5660,0.10800000000000001
5661,0.10800000000000001
5662,0.10800000000000001
5663,0.10800000000000001
5664,0.10800000000000001
5665,0.10800000000000001
5666,0.10800000000000001
5667,0.10800000000000001
5668,0.10800000000000001
5669,0.10800000000000001
5670,0.10800000000000001
5671,0.10800000000000001
5672,0.10800000000000001
5673,0.10800000000000001
5674,0.10800000000000001
5675,0.10800000000000001
5676,0.10800000000000001
5677,0.10800000000000001
5678,0.10800000000000001
5679,0.10800000000000001
5680,0.10800000000000001
5681,0.10800000000000001
5682,0.10800000000000001
5683,0.10800000000000001
5684,0.10800000000000001
5685,0.10800000000000001
5686,0.10800000000000001
5687,0.10800000000000001
5688,0.10800000000000001
5689,0.10800000000000001
5690,0.10800000000000001
5691,0.10800000000000001
5692,0.10800000000000001
5693,0.10800000000000001
5694,0.10800000000000001
5695,0.10800000000000001
5696,0.10800000000000001
5697,0.10800000000000001
5698,0.10800000000000001
5699,0.10800000000000001
5700,0.10800000000000001
5701,0.10800000000000001
5702,0.10800000000000001
5703,0.10800000000000001
5704,0.10800000000000001
5705,0.10800000000000001
5706,0.10800000000000001
5707,0.10800000000000001
5708,0.10800000000000001
5709,0.10800000000000001
5710,0.10800000000000001
5711,0.10800000000000001
5712,0.10800000000000001
5713,0.10800000000000001
5714,0.10800000000000001
5715,0.10800000000000001
5716,0.10800000000000001
5717,0.10800000000000001
5718,0.10800000000000001
5719,0.10800000000000001
5720,0.10800000000000001
5721,0.10800000000000001
5722,0.10800000000000001
5723,0.10800000000000001
5724,0.10800000000000001
5725,0.10800000000000001
5726,0.10800000000000001
5727,0.10800000000000001
5728,0.10800000000000001
5729,0.10800000000000001
5730,0.10800000000000001
5731,0.10800000000000001
5732,0.10800000000000001
5733,0.10800000000000001
5734,0.10800000000000001
5735,0.10800000000000001
5736,0.10800000000000001
5737,0.10800000000000001
5738,0.10800000000000001
5739,0.10800000000000001
5740,0.10800000000000001
5741,0.10800000000000001
5742,0.10800000000000001
5743,0.10800000000000001
5744,0.10800000000000001
5745,0.10800000000000001
5746,0.10800000000000001
5747,0.10800000000000001
5748,0.10800000000000001
5749,0.10800000000000001
5750,0.10800000000000001
5751,0.10800000000000001
5752,0.10800000000000001
5753,0.10800000000000001
5754,0.10800000000000001
5755,0.10800000000000001
5756,0.10800000000000001
5757,0.10800000000000001
5758,0.10800000000000001
5759,0.10800000000000001
5760,0.10800000000000001
5761,0.10800000000000001
5762,0.10800000000000001
5763,0.10800000000000001
5764,0.10800000000000001
5765,0.10800000000000001
5766,0.10800000000000001
5767,0.10800000000000001
5768,0.10800000000000001
5769,0.10800000000000001
5770,0.10800000000000001
5771,0.10800000000000001
5772,0.10800000000000001
5773,0.10800000000000001
5774,0.10800000000000001
5775,0.10800000000000001
5776,0.10800000000000001
5777,0.10800000000000001
5778,0.10800000000000001
5779,0.10800000000000001
5780,0.10800000000000001
5781,0.10800000000000001
5782,0.10800000000000001
5783,0.10800000000000001
5784,0.10800000000000001
5785,0.10800000000000001
5786,0.10800000000000001
5787,0.10800000000000001
5788,0.10800000000000001
5789,0.10800000000000001
5790,0.10800000000000001
5791,0.10800000000000001
5792,0.10800000000000001
5793,0.10800000000000001
5794,0.10800000000000001
5795,0.10800000000000001
5796,0.10800000000000001
5797,0.10800000000000001
5798,0.10800000000000001
5799,0.10800000000000001
5800,0.10800000000000001
5801,0.10800000000000001
5802,0.10800000000000001
5803,0.10800000000000001
5804,0.10800000000000001
5805,0.10800000000000001
5806,0.10800000000000001
5807,0.10800000000000001
5808,0.10800000000000001
5809,0.10800000000000001
5810,0.10800000000000001
5811,0.10800000000000001
5812,0.10800000000000001
5813,0.10800000000000001
5814,0.10800000000000001
5815,0.10800000000000001
5816,0.10800000000000001
5817,0.10800000000000001
5818,0.10800000000000001
5819,0.10800000000000001
5820,0.10800000000000001
5821,0.10800000000000001
5822,0.10800000000000001
5823,0.10800000000000001
5824,0.10800000000000001
5825,0.10800000000000001
5826,0.10800000000000001
5827,0.10800000000000001
5828,0.10800000000000001
5829,0.10800000000000001
5830,0.10800000000000001
5831,0.10800000000000001
5832,0.10800000000000001
5833,0.10800000000000001
5834,0.10800000000000001
5835,0.10800000000000001
5836,0.10800000000000001
5837,0.10800000000000001
5838,0.10800000000000001
5839,0.10800000000000001
5840,0.10800000000000001
5841,0.10800000000000001
5842,0.10800000000000001
5843,0.10800000000000001
5844,0.10800000000000001
5845,0.10800000000000001
5846,0.10800000000000001
5847,0.10800000000000001
5848,0.10800000000000001
5849,0.10800000000000001
5850,0.10800000000000001
5851,0.10800000000000001
5852,0.10800000000000001
5853,0.10800000000000001
5854,0.10800000000000001
5855,0.10800000000000001
5856,0.10800000000000001
5857,0.10800000000000001
5858,0.10800000000000001
5859,0.10800000000000001
5860,0.10800000000000001
5861,0.10800000000000001
5862,0.10800000000000001
5863,0.10800000000000001
5864,0.10800000000000001
5865,0.10800000000000001
5866,0.10800000000000001
5867,0.10800000000000001
5868,0.10800000000000001
5869,0.10800000000000001
5870,0.10800000000000001
5871,0.10800000000000001
5872,0.10800000000000001
5873,0.10800000000000001
5874,0.10800000000000001
5875,0.10800000000000001
5876,0.10800000000000001
5877,0.10800000000000001
5878,0.10800000000000001
5879,0.10800000000000001
5880,0.10800000000000001
5881,0.10800000000000001
5882,0.10800000000000001
5883,0.10800000000000001
5884,0.10800000000000001
5885,0.10800000000000001
5886,0.10800000000000001
5887,0.10800000000000001
5888,0.10800000000000001
5889,0.10800000000000001
5890,0.10800000000000001
5891,0.10800000000000001
5892,0.10800000000000001
5893,0.10800000000000001
5894,0.10800000000000001
5895,0.10800000000000001
5896,0.10800000000000001
5897,0.10800000000000001
5898,0.10800000000000001
5899,0.10800000000000001
5900,0.10800000000000001
5901,0.10800000000000001
5902,0.10800000000000001
5903,0.10800000000000001
5904,0.10800000000000001
5905,0.10800000000000001
5906,0.10800000000000001
5907,0.10800000000000001
5908,0.10800000000000001
5909,0.10800000000000001
5910,0.10800000000000001
5911,0.10800000000000001
5912,0.10800000000000001
5913,0.10800000000000001
5914,0.10800000000000001
5915,0.10800000000000001
5916,0.10800000000000001
5917,0.10800000000000001
5918,0.10800000000000001
5919,0.10800000000000001
5920,0.10800000000000001
5921,0.10800000000000001
5922,0.10800000000000001
5923,0.10800000000000001
5924,0.10800000000000001
5925,0.10800000000000001
5926,0.10800000000000001
5927,0.10800000000000001
5928,0.10800000000000001
5929,0.10800000000000001
5930,0.10800000000000001
5931,0.10800000000000001
5932,0.10800000000000001
5933,0.10800000000000001
5934,0.10800000000000001
5935,0.10800000000000001
5936,0.10800000000000001
5937,0.10800000000000001
5938,0.10800000000000001
5939,0.10800000000000001
5940,0.10800000000000001
5941,0.10800000000000001
5942,0.10800000000000001
5943,0.10800000000000001
5944,0.10800000000000001
5945,0.10800000000000001
5946,0.10800000000000001
5947,0.10800000000000001
5948,0.10800000000000001
5949,0.10800000000000001
5950,0.10800000000000001
5951,0.10800000000000001
5952,0.10800000000000001
5953,0.10800000000000001
5954,0.10800000000000001
5955,0.10800000000000001
5956,0.10800000000000001
5957,0.10800000000000001
5958,0.10800000000000001
5959,0.10800000000000001
5960,0.10800000000000001
5961,0.10800000000000001
5962,0.10800000000000001
5963,0.10800000000000001
5964,0.10800000000000001
5965,0.10800000000000001
5966,0.10800000000000001
5967,0.10800000000000001
5968,0.10800000000000001
5969,0.10800000000000001
5970,0.10800000000000001
5971,0.10800000000000001
5972,0.10800000000000001
5973,0.10800000000000001
5974,0.10800000000000001
5975,0.10800000000000001
5976,0.10800000000000001
5977,0.10800000000000001
5978,0.10800000000000001
5979,0.10800000000000001
5980,0.10800000000000001
5981,0.10800000000000001
5982,0.10800000000000001
5983,0.10800000000000001
5984,0.10800000000000001
5985,0.10800000000000001
5986,0.10800000000000001
5987,0.10800000000000001
5988,0.10800000000000001
5989,0.10800000000000001
5990,0.10800000000000001
5991,0.10800000000000001
5992,0.10800000000000001
5993,0.10800000000000001
5994,0.10800000000000001
5995,0.10800000000000001
5996,0.10800000000000001
5997,0.10800000000000001
5998,0.10800000000000001
5999,0.10800000000000001
6000,0.10800000000000001
6001,0.10800000000000001
6002,0.10800000000000001
6003,0.10800000000000001
6004,0.10800000000000001
6005,0.10800000000000001
6006,0.10800000000000001
6007,0.10800000000000001
6008,0.10800000000000001
6009,0.10800000000000001
6010,0.10800000000000001
6011,0.10800000000000001
6012,0.10800000000000001
6013,0.10800000000000001
6014,0.10800000000000001
6015,0.10800000000000001
6016,0.10800000000000001
6017,0.10800000000000001
6018,0.10800000000000001
6019,0.10800000000000001
6020,0.10800000000000001
6021,0.10800000000000001
6022,0.10800000000000001
6023,0.10800000000000001
6024,0.10800000000000001
6025,0.10800000000000001
6026,0.10800000000000001
6027,0.10800000000000001
6028,0.10800000000000001
6029,0.10800000000000001
6030,0.10800000000000001
6031,0.10800000000000001
6032,0.10800000000000001
6033,0.10800000000000001
6034,0.10800000000000001
6035,0.10800000000000001
6036,0.10800000000000001
6037,0.10800000000000001
6038,0.10800000000000001
6039,0.10800000000000001
6040,0.10800000000000001
6041,0.10800000000000001
6042,0.10800000000000001
6043,0.10800000000000001
6044,0.10800000000000001
6045,0.10800000000000001
6046,0.10800000000000001
6047,0.10800000000000001
6048,0.10800000000000001
6049,0.10800000000000001
6050,0.10800000000000001
6051,0.10800000000000001
6052,0.10800000000000001
6053,0.10800000000000001
6054,0.10800000000000001
6055,0.10800000000000001
6056,0.10800000000000001
6057,0.10800000000000001
6058,0.10800000000000001
6059,0.10800000000000001
6060,0.10800000000000001
6061,0.10800000000000001
6062,0.10800000000000001
6063,0.10800000000000001
6064,0.10800000000000001
6065,0.10800000000000001
6066,0.10800000000000001
6067,0.10800000000000001
6068,0.10800000000000001
6069,0.10800000000000001
6070,0.10800000000000001
6071,0.10800000000000001
6072,0.10800000000000001
6073,0.10800000000000001
6074,0.10800000000000001
6075,0.10800000000000001
6076,0.10800000000000001
6077,0.10800000000000001
6078,0.10800000000000001
6079,0.10800000000000001
6080,0.10800000000000001
6081,0.10800000000000001
6082,0.10800000000000001
6083,0.10800000000000001
6084,0.10800000000000001
6085,0.10800000000000001
6086,0.10800000000000001
6087,0.10800000000000001
6088,0.10800000000000001
6089,0.10800000000000001
6090,0.10800000000000001
6091,0.10800000000000001
6092,0.10800000000000001
6093,0.10800000000000001
6094,0.10800000000000001
6095,0.10800000000000001
6096,0.10800000000000001
6097,0.10800000000000001
6098,0.10800000000000001
6099,0.10800000000000001
6100,0.10800000000000001
6101,0.10800000000000001
6102,0.10800000000000001
6103,0.10800000000000001
6104,0.10800000000000001
6105,0.10800000000000001
6106,0.10800000000000001
6107,0.10800000000000001
6108,0.10800000000000001
6109,0.10800000000000001
6110,0.10800000000000001
6111,0.10800000000000001
6112,0.10800000000000001
6113,0.10800000000000001
6114,0.10800000000000001
6115,0.10800000000000001
6116,0.10800000000000001
6117,0.10800000000000001
6118,0.10800000000000001
6119,0.10800000000000001
6120,0.10800000000000001
6121,0.10800000000000001
6122,0.10800000000000001
6123,0.10800000000000001
6124,0.10800000000000001
6125,0.10800000000000001
6126,0.10800000000000001
6127,0.10800000000000001
6128,0.10800000000000001
6129,0.10800000000000001
6130,0.10800000000000001
6131,0.10800000000000001
6132,0.10800000000000001
6133,0.10800000000000001
6134,0.10800000000000001
6135,0.10800000000000001
6136,0.10800000000000001
6137,0.10800000000000001
6138,0.10800000000000001
6139,0.10800000000000001
6140,0.10800000000000001
6141,0.10800000000000001
6142,0.10800000000000001
6143,0.10800000000000001
6144,0.10800000000000001
6145,0.10800000000000001
6146,0.10800000000000001
6147,0.10800000000000001
6148,0.10800000000000001
6149,0.10800000000000001
6150,0.10800000000000001
6151,0.10800000000000001
6152,0.10800000000000001
6153,0.10800000000000001
6154,0.10800000000000001
6155,0.10800000000000001
6156,0.10800000000000001
6157,0.10800000000000001
6158,0.10800000000000001
6159,0.10800000000000001
6160,0.10800000000000001
6161,0.10800000000000001
6162,0.10800000000000001
6163,0.10800000000000001
6164,0.10800000000000001
6165,0.10800000000000001
6166,0.10800000000000001
6167,0.10800000000000001
6168,0.10800000000000001
6169,0.10800000000000001
6170,0.10800000000000001
6171,0.10800000000000001
6172,0.10800000000000001
6173,0.10800000000000001
6174,0.10800000000000001
6175,0.10800000000000001
6176,0.10800000000000001
6177,0.10800000000000001
6178,0.10800000000000001
6179,0.10800000000000001
6180,0.10800000000000001
6181,0.10800000000000001
6182,0.10800000000000001
6183,0.10800000000000001
6184,0.10800000000000001
6185,0.10800000000000001
6186,0.10800000000000001
6187,0.10800000000000001
6188,0.10800000000000001
6189,0.10800000000000001
6190,0.10800000000000001
6191,0.10800000000000001
6192,0.10800000000000001
6193,0.10800000000000001
6194,0.10800000000000001
6195,0.10800000000000001
6196,0.10800000000000001
6197,0.10800000000000001
6198,0.10800000000000001
6199,0.10800000000000001
6200,0.10800000000000001
6201,0.10800000000000001
6202,0.10800000000000001
6203,0.10800000000000001
6204,0.10800000000000001
6205,0.10800000000000001
6206,0.10800000000000001
6207,0.10800000000000001
6208,0.10800000000000001
6209,0.10800000000000001
6210,0.10800000000000001
6211,0.10800000000000001
6212,0.10800000000000001
6213,0.10800000000000001
6214,0.10800000000000001
6215,0.10800000000000001
6216,0.10800000000000001
6217,0.10800000000000001
6218,0.10800000000000001
6219,0.10800000000000001
6220,0.10800000000000001
6221,0.10800000000000001
6222,0.10800000000000001
6223,0.10800000000000001
6224,0.10800000000000001
6225,0.10800000000000001
6226,0.10800000000000001
6227,0.10800000000000001
6228,0.10800000000000001
6229,0.10800000000000001
6230,0.10800000000000001
6231,0.10800000000000001
6232,0.10800000000000001
6233,0.10800000000000001
6234,0.10800000000000001
6235,0.10800000000000001
6236,0.10800000000000001
6237,0.10800000000000001
6238,0.10800000000000001
6239,0.10800000000000001
6240,0.10800000000000001
6241,0.10800000000000001
6242,0.10800000000000001
6243,0.10800000000000001
6244,0.10800000000000001
6245,0.10800000000000001
6246,0.10800000000000001
6247,0.10800000000000001
6248,0.10800000000000001
6249,0.10800000000000001
6250,0.10800000000000001
6251,0.10800000000000001
6252,0.10800000000000001
6253,0.10800000000000001
6254,0.10800000000000001
6255,0.10800000000000001
6256,0.10800000000000001
6257,0.10800000000000001
6258,0.10800000000000001
6259,0.10800000000000001
6260,0.10800000000000001
6261,0.10800000000000001
6262,0.10800000000000001
6263,0.10800000000000001
6264,0.10800000000000001
6265,0.10800000000000001
6266,0.10800000000000001
6267,0.10800000000000001
6268,0.10800000000000001
6269,0.10800000000000001
6270,0.10800000000000001
6271,0.10800000000000001
6272,0.10800000000000001
6273,0.10800000000000001
6274,0.10800000000000001
6275,0.10800000000000001
6276,0.10800000000000001
6277,0.10800000000000001
6278,0.10800000000000001
6279,0.10800000000000001
6280,0.10800000000000001
6281,0.10800000000000001
6282,0.10800000000000001
6283,0.10800000000000001
6284,0.10800000000000001
6285,0.10800000000000001
6286,0.10800000000000001
6287,0.10800000000000001
6288,0.10800000000000001
6289,0.10800000000000001
6290,0.10800000000000001
6291,0.10800000000000001
6292,0.10800000000000001
6293,0.10800000000000001
6294,0.10800000000000001
6295,0.10800000000000001
6296,0.10800000000000001
6297,0.10800000000000001
6298,0.10800000000000001
6299,0.10800000000000001
6300,0.10800000000000001
6301,0.10800000000000001
6302,0.10800000000000001
6303,0.10800000000000001
6304,0.10800000000000001
6305,0.10800000000000001
6306,0.10800000000000001
6307,0.10800000000000001
6308,0.10800000000000001
6309,0.10800000000000001
6310,0.10800000000000001
6311,0.10800000000000001
6312,0.10800000000000001
6313,0.10800000000000001
6314,0.10800000000000001
6315,0.10800000000000001
6316,0.10800000000000001
6317,0.10800000000000001
6318,0.10800000000000001
6319,0.10800000000000001
6320,0.10800000000000001
6321,0.10800000000000001
6322,0.10800000000000001
6323,0.10800000000000001
6324,0.10800000000000001
6325,0.10800000000000001
6326,0.10800000000000001
6327,0.10800000000000001
6328,0.10800000000000001
6329,0.10800000000000001
6330,0.10800000000000001
6331,0.10800000000000001
6332,0.10800000000000001
6333,0.10800000000000001
6334,0.10800000000000001
6335,0.10800000000000001
6336,0.10800000000000001
6337,0.10800000000000001
6338,0.10800000000000001
6339,0.10800000000000001
6340,0.10800000000000001
6341,0.10800000000000001
6342,0.10800000000000001
6343,0.10800000000000001
6344,0.10800000000000001
6345,0.10800000000000001
6346,0.10800000000000001
6347,0.10800000000000001
6348,0.10800000000000001
6349,0.10800000000000001
6350,0.10800000000000001
6351,0.10800000000000001
6352,0.10800000000000001
6353,0.10800000000000001
6354,0.10800000000000001
6355,0.10800000000000001
6356,0.10800000000000001
6357,0.10800000000000001
6358,0.10800000000000001
6359,0.10800000000000001
6360,0.10800000000000001
6361,0.10800000000000001
6362,0.10800000000000001
6363,0.10800000000000001
6364,0.10800000000000001
6365,0.10800000000000001
6366,0.10800000000000001
6367,0.10800000000000001
6368,0.10800000000000001
6369,0.10800000000000001
6370,0.10800000000000001
6371,0.10800000000000001
6372,0.10800000000000001
6373,0.10800000000000001
6374,0.10800000000000001
6375,0.10800000000000001
6376,0.10800000000000001
6377,0.10800000000000001
6378,0.10800000000000001
6379,0.10800000000000001
6380,0.10800000000000001
6381,0.10800000000000001
6382,0.10800000000000001
6383,0.10800000000000001
6384,0.10800000000000001
6385,0.10800000000000001
6386,0.10800000000000001
6387,0.10800000000000001
6388,0.10800000000000001
6389,0.10800000000000001
6390,0.10800000000000001
6391,0.10800000000000001
6392,0.10800000000000001
6393,0.10800000000000001
6394,0.10800000000000001
6395,0.10800000000000001
6396,0.10800000000000001
6397,0.10800000000000001
6398,0.10800000000000001
6399,0.10800000000000001
6400,0.10800000000000001
6401,0.10800000000000001
6402,0.10800000000000001
6403,0.10800000000000001
6404,0.10800000000000001
6405,0.10800000000000001
6406,0.10800000000000001
6407,0.10800000000000001
6408,0.10800000000000001
6409,0.10800000000000001
6410,0.10800000000000001
6411,0.10800000000000001
6412,0.10800000000000001
6413,0.10800000000000001
6414,0.10800000000000001
6415,0.10800000000000001
6416,0.10800000000000001
6417,0.10800000000000001
6418,0.10800000000000001
6419,0.10800000000000001
6420,0.10800000000000001
6421,0.10800000000000001
6422,0.10800000000000001
6423,0.10800000000000001
6424,0.10800000000000001
6425,0.10800000000000001
6426,0.10800000000000001
6427,0.10800000000000001
6428,0.10800000000000001
6429,0.10800000000000001
6430,0.10800000000000001
6431,0.10800000000000001
6432,0.10800000000000001
6433,0.10800000000000001
6434,0.10800000000000001
6435,0.10800000000000001
6436,0.10800000000000001
6437,0.10800000000000001
6438,0.10800000000000001
6439,0.10800000000000001
6440,0.10800000000000001
6441,0.10800000000000001
6442,0.10800000000000001
6443,0.10800000000000001
6444,0.10800000000000001
6445,0.10800000000000001
6446,0.10800000000000001
6447,0.10800000000000001
6448,0.10800000000000001
6449,0.10800000000000001
6450,0.10800000000000001
6451,0.10800000000000001
6452,0.10800000000000001
6453,0.10800000000000001
6454,0.10800000000000001
6455,0.10800000000000001
6456,0.10800000000000001
6457,0.10800000000000001
6458,0.10800000000000001
6459,0.10800000000000001
6460,0.10800000000000001
6461,0.10800000000000001
6462,0.10800000000000001
6463,0.10800000000000001
6464,0.10800000000000001
6465,0.10800000000000001
6466,0.10800000000000001
6467,0.10800000000000001
6468,0.10800000000000001
6469,0.10800000000000001
6470,0.10800000000000001
6471,0.10800000000000001
6472,0.10800000000000001
6473,0.10800000000000001
6474,0.10800000000000001
6475,0.10800000000000001
6476,0.10800000000000001
6477,0.10800000000000001
6478,0.10800000000000001
6479,0.10800000000000001
6480,0.10800000000000001
6481,0.10800000000000001
6482,0.10800000000000001
6483,0.10800000000000001
6484,0.10800000000000001
6485,0.10800000000000001
6486,0.10800000000000001
6487,0.10800000000000001
6488,0.10800000000000001
6489,0.10800000000000001
6490,0.10800000000000001
6491,0.10800000000000001
6492,0.10800000000000001
6493,0.10800000000000001
6494,0.10800000000000001
6495,0.10800000000000001
6496,0.10800000000000001
6497,0.10800000000000001
6498,0.10800000000000001
6499,0.10800000000000001
6500,0.10800000000000001
6501,0.10800000000000001
6502,0.10800000000000001
6503,0.10800000000000001
6504,0.10800000000000001
6505,0.10800000000000001
6506,0.10800000000000001
6507,0.10800000000000001
6508,0.10800000000000001
6509,0.10800000000000001
6510,0.10800000000000001
6511,0.10800000000000001
6512,0.10800000000000001
6513,0.10800000000000001
6514,0.10800000000000001
6515,0.10800000000000001
6516,0.10800000000000001
6517,0.10800000000000001
6518,0.10800000000000001
6519,0.10800000000000001
6520,0.10800000000000001
6521,0.10800000000000001
6522,0.10800000000000001
6523,0.10800000000000001
6524,0.10800000000000001
6525,0.10800000000000001
6526,0.10800000000000001
6527,0.10800000000000001
6528,0.10800000000000001
6529,0.10800000000000001
6530,0.10800000000000001
6531,0.10800000000000001
6532,0.10800000000000001
6533,0.10800000000000001
6534,0.10800000000000001
6535,0.10800000000000001
6536,0.10800000000000001
6537,0.10800000000000001
6538,0.10800000000000001
6539,0.10800000000000001
6540,0.10800000000000001
6541,0.10800000000000001
6542,0.10800000000000001
6543,0.10800000000000001
6544,0.10800000000000001
6545,0.10800000000000001
6546,0.10800000000000001
6547,0.10800000000000001
6548,0.10800000000000001
6549,0.10800000000000001
6550,0.10800000000000001
6551,0.10800000000000001
6552,0.10800000000000001
6553,0.10800000000000001
6554,0.10800000000000001
6555,0.10800000000000001
6556,0.10800000000000001
6557,0.10800000000000001
6558,0.10800000000000001
6559,0.10800000000000001
6560,0.10800000000000001
6561,0.10800000000000001
6562,0.10800000000000001
6563,0.10800000000000001
6564,0.10800000000000001
6565,0.10800000000000001
6566,0.10800000000000001
6567,0.10800000000000001
6568,0.10800000000000001
6569,0.10800000000000001
6570,0.10800000000000001
6571,0.10800000000000001
6572,0.10800000000000001
6573,0.10800000000000001
6574,0.10800000000000001
6575,0.10800000000000001
6576,0.10800000000000001
6577,0.10800000000000001
6578,0.10800000000000001
6579,0.10800000000000001
6580,0.10800000000000001
6581,0.10800000000000001
6582,0.10800000000000001
6583,0.10800000000000001
6584,0.10800000000000001
6585,0.10800000000000001
6586,0.10800000000000001
6587,0.10800000000000001
6588,0.10800000000000001
6589,0.10800000000000001
6590,0.10800000000000001
6591,0.10800000000000001
6592,0.10800000000000001
6593,0.10800000000000001
6594,0.10800000000000001
6595,0.10800000000000001
6596,0.10800000000000001
6597,0.10800000000000001
6598,0.10800000000000001
6599,0.10800000000000001
6600,0.10800000000000001
6601,0.10800000000000001
6602,0.10800000000000001
6603,0.10800000000000001
6604,0.10800000000000001
6605,0.10800000000000001
6606,0.10800000000000001
6607,0.10800000000000001
6608,0.10800000000000001
6609,0.10800000000000001
6610,0.10800000000000001
6611,0.10800000000000001
6612,0.10800000000000001
6613,0.10800000000000001
6614,0.10800000000000001
6615,0.10800000000000001
6616,0.10800000000000001
6617,0.10800000000000001
6618,0.10800000000000001
6619,0.10800000000000001
6620,0.10800000000000001
6621,0.10800000000000001
6622,0.10800000000000001
6623,0.10800000000000001
6624,0.10800000000000001
6625,0.10800000000000001
6626,0.10800000000000001
6627,0.10800000000000001
6628,0.10800000000000001
6629,0.10800000000000001
6630,0.10800000000000001
6631,0.10800000000000001
6632,0.10800000000000001
6633,0.10800000000000001
6634,0.10800000000000001
6635,0.10800000000000001
6636,0.10800000000000001
6637,0.10800000000000001
6638,0.10800000000000001
6639,0.10800000000000001
6640,0.10800000000000001
6641,0.10800000000000001
6642,0.10800000000000001
6643,0.10800000000000001
6644,0.10800000000000001
6645,0.10800000000000001
6646,0.10800000000000001
6647,0.10800000000000001
6648,0.10800000000000001
6649,0.10800000000000001
6650,0.10800000000000001
6651,0.10800000000000001
6652,0.10800000000000001
6653,0.10800000000000001
6654,0.10800000000000001
6655,0.10800000000000001
6656,0.10800000000000001
6657,0.10800000000000001
6658,0.10800000000000001
6659,0.10800000000000001
6660,0.10800000000000001
6661,0.10800000000000001
6662,0.10800000000000001
6663,0.10800000000000001
6664,0.10800000000000001
6665,0.10800000000000001
6666,0.10800000000000001
6667,0.10800000000000001
6668,0.10800000000000001
6669,0.10800000000000001
6670,0.10800000000000001
6671,0.10800000000000001
6672,0.10800000000000001
6673,0.10800000000000001
6674,0.10800000000000001
6675,0.10800000000000001
6676,0.10800000000000001
6677,0.10800000000000001
6678,0.10800000000000001
6679,0.10800000000000001
6680,0.10800000000000001
6681,0.10800000000000001
6682,0.10800000000000001
6683,0.10800000000000001
6684,0.10800000000000001
6685,0.10800000000000001
6686,0.10800000000000001
6687,0.10800000000000001
6688,0.10800000000000001
6689,0.10800000000000001
6690,0.10800000000000001
6691,0.10800000000000001
6692,0.10800000000000001
6693,0.10800000000000001
6694,0.10800000000000001
6695,0.10800000000000001
6696,0.10800000000000001
6697,0.10800000000000001
6698,0.10800000000000001
6699,0.10800000000000001
6700,0.10800000000000001
6701,0.10800000000000001
6702,0.10800000000000001
6703,0.10800000000000001
6704,0.10800000000000001
6705,0.10800000000000001
6706,0.10800000000000001
6707,0.10800000000000001
6708,0.10800000000000001
6709,0.10800000000000001
6710,0.10800000000000001
6711,0.10800000000000001
6712,0.10800000000000001
6713,0.10800000000000001
6714,0.10800000000000001
6715,0.10800000000000001
6716,0.10800000000000001
6717,0.10800000000000001
6718,0.10800000000000001
6719,0.10800000000000001
6720,0.10800000000000001
6721,0.10800000000000001
6722,0.10800000000000001
6723,0.10800000000000001
6724,0.10800000000000001
6725,0.10800000000000001
6726,0.10800000000000001
6727,0.10800000000000001
6728,0.10800000000000001
6729,0.10800000000000001
6730,0.10800000000000001
6731,0.10800000000000001
6732,0.10800000000000001
6733,0.10800000000000001
6734,0.10800000000000001
6735,0.10800000000000001
6736,0.10800000000000001
6737,0.10800000000000001
6738,0.10800000000000001
6739,0.10800000000000001
6740,0.10800000000000001
6741,0.10800000000000001
6742,0.10800000000000001
6743,0.10800000000000001
6744,0.10800000000000001
6745,0.10800000000000001
6746,0.10800000000000001
6747,0.10800000000000001
6748,0.10800000000000001
6749,0.10800000000000001
6750,0.10800000000000001
6751,0.10800000000000001
6752,0.10800000000000001
6753,0.10800000000000001
6754,0.10800000000000001
6755,0.10800000000000001
6756,0.10800000000000001
6757,0.10800000000000001
6758,0.10800000000000001
6759,0.10800000000000001
6760,0.10800000000000001
6761,0.10800000000000001
6762,0.10800000000000001
6763,0.10800000000000001
6764,0.10800000000000001
6765,0.10800000000000001
6766,0.10800000000000001
6767,0.10800000000000001
6768,0.10800000000000001
6769,0.10800000000000001
6770,0.10800000000000001
6771,0.10800000000000001
6772,0.10800000000000001
6773,0.10800000000000001
6774,0.10800000000000001
6775,0.10800000000000001
6776,0.10800000000000001
6777,0.10800000000000001
6778,0.10800000000000001
6779,0.10800000000000001
6780,0.10800000000000001
6781,0.10800000000000001
6782,0.10800000000000001
6783,0.10800000000000001
6784,0.10800000000000001
6785,0.10800000000000001
6786,0.10800000000000001
6787,0.10800000000000001
6788,0.10800000000000001
6789,0.10800000000000001
6790,0.10800000000000001
6791,0.10800000000000001
6792,0.10800000000000001
6793,0.10800000000000001
6794,0.10800000000000001
6795,0.10800000000000001
6796,0.10800000000000001
6797,0.10800000000000001
6798,0.10800000000000001
6799,0.10800000000000001
6800,0.10800000000000001
6801,0.10800000000000001
6802,0.10800000000000001
6803,0.10800000000000001
6804,0.10800000000000001
6805,0.10800000000000001
6806,0.10800000000000001
6807,0.10800000000000001
6808,0.10800000000000001
6809,0.10800000000000001
6810,0.10800000000000001
6811,0.10800000000000001
6812,0.10800000000000001
6813,0.10800000000000001
6814,0.10800000000000001
6815,0.10800000000000001
6816,0.10800000000000001
6817,0.10800000000000001
6818,0.10800000000000001
6819,0.10800000000000001
6820,0.10800000000000001
6821,0.10800000000000001
6822,0.10800000000000001
6823,0.10800000000000001
6824,0.10800000000000001
6825,0.10800000000000001
6826,0.10800000000000001
6827,0.10800000000000001
6828,0.10800000000000001
6829,0.10800000000000001
6830,0.10800000000000001
6831,0.10800000000000001
6832,0.10800000000000001
6833,0.10800000000000001
6834,0.10800000000000001
6835,0.10800000000000001
6836,0.10800000000000001
6837,0.10800000000000001
6838,0.10800000000000001
6839,0.10800000000000001
6840,0.10800000000000001
6841,0.10800000000000001
6842,0.10800000000000001
6843,0.10800000000000001
6844,0.10800000000000001
6845,0.10800000000000001
6846,0.10800000000000001
6847,0.10800000000000001
6848,0.10800000000000001
6849,0.10800000000000001
6850,0.10800000000000001
6851,0.10800000000000001
6852,0.10800000000000001
6853,0.10800000000000001
6854,0.10800000000000001
6855,0.10800000000000001
6856,0.10800000000000001
6857,0.10800000000000001
6858,0.10800000000000001
6859,0.10800000000000001
6860,0.10800000000000001
6861,0.10800000000000001
6862,0.10800000000000001
6863,0.10800000000000001
6864,0.10800000000000001
6865,0.10800000000000001
6866,0.10800000000000001
6867,0.10800000000000001
6868,0.10800000000000001
6869,0.10800000000000001
6870,0.10800000000000001
6871,0.10800000000000001
6872,0.10800000000000001
6873,0.10800000000000001
6874,0.10800000000000001
6875,0.10800000000000001
6876,0.10800000000000001
6877,0.10800000000000001
6878,0.10800000000000001
6879,0.10800000000000001
6880,0.10800000000000001
6881,0.10800000000000001
6882,0.10800000000000001
6883,0.10800000000000001
6884,0.10800000000000001
6885,0.10800000000000001
6886,0.10800000000000001
6887,0.10800000000000001
6888,0.10800000000000001
6889,0.10800000000000001
6890,0.10800000000000001
6891,0.10800000000000001
6892,0.10800000000000001
6893,0.10800000000000001
6894,0.10800000000000001
6895,0.10800000000000001
6896,0.10800000000000001
6897,0.10800000000000001
6898,0.10800000000000001
6899,0.10800000000000001
6900,0.10800000000000001
6901,0.10800000000000001
6902,0.10800000000000001
6903,0.10800000000000001
6904,0.10800000000000001
6905,0.10800000000000001
6906,0.10800000000000001
6907,0.10800000000000001
6908,0.10800000000000001
6909,0.10800000000000001
6910,0.10800000000000001
6911,0.10800000000000001
6912,0.10800000000000001
6913,0.10800000000000001
6914,0.10800000000000001
6915,0.10800000000000001
6916,0.10800000000000001
6917,0.10800000000000001
6918,0.10800000000000001
6919,0.10800000000000001
6920,0.10800000000000001
6921,0.10800000000000001
6922,0.10800000000000001
6923,0.10800000000000001
6924,0.10800000000000001
6925,0.10800000000000001
6926,0.10800000000000001
6927,0.10800000000000001
6928,0.10800000000000001
6929,0.10800000000000001
6930,0.10800000000000001
6931,0.10800000000000001
6932,0.10800000000000001
6933,0.10800000000000001
6934,0.10800000000000001
6935,0.10800000000000001
6936,0.10800000000000001
6937,0.10800000000000001
6938,0.10800000000000001
6939,0.10800000000000001
6940,0.10800000000000001
6941,0.10800000000000001
6942,0.10800000000000001
6943,0.10800000000000001
6944,0.10800000000000001
6945,0.10800000000000001
6946,0.10800000000000001
6947,0.10800000000000001
6948,0.10800000000000001
6949,0.10800000000000001
6950,0.10800000000000001
6951,0.10800000000000001
6952,0.10800000000000001
6953,0.10800000000000001
6954,0.10800000000000001
6955,0.10800000000000001
6956,0.10800000000000001
6957,0.10800000000000001
6958,0.10800000000000001
6959,0.10800000000000001
6960,0.10800000000000001
6961,0.10800000000000001
6962,0.10800000000000001
6963,0.10800000000000001
6964,0.10800000000000001
6965,0.10800000000000001
6966,0.10800000000000001
6967,0.10800000000000001
6968,0.10800000000000001
6969,0.10800000000000001
6970,0.10800000000000001
6971,0.10800000000000001
6972,0.10800000000000001
6973,0.10800000000000001
6974,0.10800000000000001
6975,0.10800000000000001
6976,0.10800000000000001
6977,0.10800000000000001
6978,0.10800000000000001
6979,0.10800000000000001
6980,0.10800000000000001
6981,0.10800000000000001
6982,0.10800000000000001
6983,0.10800000000000001
6984,0.10800000000000001
6985,0.10800000000000001
6986,0.10800000000000001
6987,0.10800000000000001
6988,0.10800000000000001
6989,0.10800000000000001
6990,0.10800000000000001
6991,0.10800000000000001
6992,0.10800000000000001
6993,0.10800000000000001
6994,0.10800000000000001
6995,0.10800000000000001
6996,0.10800000000000001
6997,0.10800000000000001
6998,0.10800000000000001
6999,0.10800000000000001
7000,0.10800000000000001
7001,0.10800000000000001
7002,0.10800000000000001
7003,0.10800000000000001
7004,0.10800000000000001
7005,0.10800000000000001
7006,0.10800000000000001
7007,0.10800000000000001
7008,0.10800000000000001
7009,0.10800000000000001
7010,0.10800000000000001
7011,0.10800000000000001
7012,0.10800000000000001
7013,0.10800000000000001
7014,0.10800000000000001
7015,0.10800000000000001
7016,0.10800000000000001
7017,0.10800000000000001
7018,0.10800000000000001
7019,0.10800000000000001
7020,0.10800000000000001
7021,0.10800000000000001
7022,0.10800000000000001
7023,0.10800000000000001
7024,0.10800000000000001
7025,0.10800000000000001
7026,0.10800000000000001
7027,0.10800000000000001
7028,0.10800000000000001
7029,0.10800000000000001
7030,0.10800000000000001
7031,0.10800000000000001
7032,0.10800000000000001
7033,0.10800000000000001
7034,0.10800000000000001
7035,0.10800000000000001
7036,0.10800000000000001
7037,0.10800000000000001
7038,0.10800000000000001
7039,0.10800000000000001
7040,0.10800000000000001
7041,0.10800000000000001
7042,0.10800000000000001
7043,0.10800000000000001
7044,0.10800000000000001
7045,0.10800000000000001
7046,0.10800000000000001
7047,0.10800000000000001
7048,0.10800000000000001
7049,0.10800000000000001
7050,0.10800000000000001
7051,0.10800000000000001
7052,0.10800000000000001
7053,0.10800000000000001
7054,0.10800000000000001
7055,0.10800000000000001
7056,0.10800000000000001
7057,0.10800000000000001
7058,0.10800000000000001
7059,0.10800000000000001
7060,0.10800000000000001
7061,0.10800000000000001
7062,0.10800000000000001
7063,0.10800000000000001
7064,0.10800000000000001
7065,0.10800000000000001
7066,0.10800000000000001
7067,0.10800000000000001
7068,0.10800000000000001
7069,0.10800000000000001
7070,0.10800000000000001
7071,0.10800000000000001
7072,0.10800000000000001
7073,0.10800000000000001
7074,0.10800000000000001
7075,0.10800000000000001
7076,0.10800000000000001
7077,0.10800000000000001
7078,0.10800000000000001
7079,0.10800000000000001
7080,0.10800000000000001
7081,0.10800000000000001
7082,0.10800000000000001
7083,0.10800000000000001
7084,0.10800000000000001
7085,0.10800000000000001
7086,0.10800000000000001
7087,0.10800000000000001
7088,0.10800000000000001
7089,0.10800000000000001
7090,0.10800000000000001
7091,0.10800000000000001
7092,0.10800000000000001
7093,0.10800000000000001
7094,0.10800000000000001
7095,0.10800000000000001
7096,0.10800000000000001
7097,0.10800000000000001
7098,0.10800000000000001
7099,0.10800000000000001
7100,0.10800000000000001
7101,0.10800000000000001
7102,0.10800000000000001
7103,0.10800000000000001
7104,0.10800000000000001
7105,0.10800000000000001
7106,0.10800000000000001
7107,0.10800000000000001
7108,0.10800000000000001
7109,0.10800000000000001
7110,0.10800000000000001
7111,0.10800000000000001
7112,0.10800000000000001
7113,0.10800000000000001
7114,0.10800000000000001
7115,0.10800000000000001
7116,0.10800000000000001
7117,0.10800000000000001
7118,0.10800000000000001
7119,0.10800000000000001
7120,0.10800000000000001
7121,0.10800000000000001
7122,0.10800000000000001
7123,0.10800000000000001
7124,0.10800000000000001
7125,0.10800000000000001
7126,0.10800000000000001
7127,0.10800000000000001
7128,0.10800000000000001
7129,0.10800000000000001
7130,0.10800000000000001
7131,0.10800000000000001
7132,0.10800000000000001
7133,0.10800000000000001
7134,0.10800000000000001
7135,0.10800000000000001
7136,0.10800000000000001
7137,0.10800000000000001
7138,0.10800000000000001
7139,0.10800000000000001
7140,0.10800000000000001
7141,0.10800000000000001
7142,0.10800000000000001
7143,0.10800000000000001
7144,0.10800000000000001
7145,0.10800000000000001
7146,0.10800000000000001
7147,0.10800000000000001
7148,0.10800000000000001
7149,0.10800000000000001
7150,0.10800000000000001
7151,0.10800000000000001
7152,0.10800000000000001
7153,0.10800000000000001
7154,0.10800000000000001
7155,0.10800000000000001
7156,0.10800000000000001
7157,0.10800000000000001
7158,0.10800000000000001
7159,0.10800000000000001
7160,0.10800000000000001
7161,0.10800000000000001
7162,0.10800000000000001
7163,0.10800000000000001
7164,0.10800000000000001
7165,0.10800000000000001
7166,0.10800000000000001
7167,0.10800000000000001
7168,0.10800000000000001
7169,0.10800000000000001
7170,0.10800000000000001
7171,0.10800000000000001
7172,0.10800000000000001
7173,0.10800000000000001
7174,0.10800000000000001
7175,0.10800000000000001
7176,0.10800000000000001
7177,0.10800000000000001
7178,0.10800000000000001
7179,0.10800000000000001
7180,0.10800000000000001
7181,0.10800000000000001
7182,0.10800000000000001
7183,0.10800000000000001
7184,0.10800000000000001
7185,0.10800000000000001
7186,0.10800000000000001
7187,0.10800000000000001
7188,0.10800000000000001
7189,0.10800000000000001
7190,0.10800000000000001
7191,0.10800000000000001
7192,0.10800000000000001
7193,0.10800000000000001
7194,0.10800000000000001
7195,0.10800000000000001
7196,0.10800000000000001
7197,0.10800000000000001
7198,0.10800000000000001
7199,0.10800000000000001
7200,0.10800000000000001
7201,0.10800000000000001
7202,0.10800000000000001
7203,0.10800000000000001
7204,0.10800000000000001
7205,0.10800000000000001
7206,0.10800000000000001
7207,0.10800000000000001
7208,0.10800000000000001
7209,0.10800000000000001
7210,0.10800000000000001
7211,0.10800000000000001
7212,0.10800000000000001
7213,0.10800000000000001
7214,0.10800000000000001
7215,0.10800000000000001
7216,0.10800000000000001
7217,0.10800000000000001
7218,0.10800000000000001
7219,0.10800000000000001
7220,0.10800000000000001
7221,0.10800000000000001
7222,0.10800000000000001
7223,0.10800000000000001
7224,0.10800000000000001
7225,0.10800000000000001
7226,0.10800000000000001
7227,0.10800000000000001
7228,0.10800000000000001
7229,0.10800000000000001
7230,0.10800000000000001
7231,0.10800000000000001
7232,0.10800000000000001
7233,0.10800000000000001
7234,0.10800000000000001
7235,0.10800000000000001
7236,0.10800000000000001
7237,0.10800000000000001
7238,0.10800000000000001
7239,0.10800000000000001
7240,0.10800000000000001
7241,0.10800000000000001
7242,0.10800000000000001
7243,0.10800000000000001
7244,0.10800000000000001
7245,0.10800000000000001
7246,0.10800000000000001
7247,0.10800000000000001
7248,0.10800000000000001
7249,0.10800000000000001
7250,0.10800000000000001
7251,0.10800000000000001
7252,0.10800000000000001
7253,0.10800000000000001
7254,0.10800000000000001
7255,0.10800000000000001
7256,0.10800000000000001
7257,0.10800000000000001
7258,0.10800000000000001
7259,0.10800000000000001
7260,0.10800000000000001
7261,0.10800000000000001
7262,0.10800000000000001
7263,0.10800000000000001
7264,0.10800000000000001
7265,0.10800000000000001
7266,0.10800000000000001
7267,0.10800000000000001
7268,0.10800000000000001
7269,0.10800000000000001
7270,0.10800000000000001
7271,0.10800000000000001
7272,0.10800000000000001
7273,0.10800000000000001
7274,0.10800000000000001
7275,0.10800000000000001
7276,0.10800000000000001
7277,0.10800000000000001
7278,0.10800000000000001
7279,0.10800000000000001
7280,0.10800000000000001
7281,0.10800000000000001
7282,0.10800000000000001
7283,0.10800000000000001
7284,0.10800000000000001
7285,0.10800000000000001
7286,0.10800000000000001
7287,0.10800000000000001
7288,0.10800000000000001
7289,0.10800000000000001
7290,0.10800000000000001
7291,0.10800000000000001
7292,0.10800000000000001
7293,0.10800000000000001
7294,0.10800000000000001
7295,0.10800000000000001
7296,0.10800000000000001
7297,0.10800000000000001
7298,0.10800000000000001
7299,0.10800000000000001
7300,0.10800000000000001
7301,0.10800000000000001
7302,0.10800000000000001
7303,0.10800000000000001
7304,0.10800000000000001
7305,0.10800000000000001
7306,0.10800000000000001
7307,0.10800000000000001
7308,0.10800000000000001
7309,0.10800000000000001
7310,0.10800000000000001
7311,0.10800000000000001
7312,0.10800000000000001
7313,0.10800000000000001
7314,0.10800000000000001
7315,0.10800000000000001
7316,0.10800000000000001
7317,0.10800000000000001
7318,0.10800000000000001
7319,0.10800000000000001
7320,0.10800000000000001
7321,0.10800000000000001
7322,0.10800000000000001
7323,0.10800000000000001
7324,0.10800000000000001
7325,0.10800000000000001
7326,0.10800000000000001
7327,0.10800000000000001
7328,0.10800000000000001
7329,0.10800000000000001
7330,0.10800000000000001
7331,0.10800000000000001
7332,0.10800000000000001
7333,0.10800000000000001
7334,0.10800000000000001
7335,0.10800000000000001
7336,0.10800000000000001
7337,0.10800000000000001
7338,0.10800000000000001
7339,0.10800000000000001
7340,0.10800000000000001
7341,0.10800000000000001
7342,0.10800000000000001
7343,0.10800000000000001
7344,0.10800000000000001
7345,0.10800000000000001
7346,0.10800000000000001
7347,0.10800000000000001
7348,0.10800000000000001
7349,0.10800000000000001
7350,0.10800000000000001
7351,0.10800000000000001
7352,0.10800000000000001
7353,0.10800000000000001
7354,0.10800000000000001
7355,0.10800000000000001
7356,0.10800000000000001
7357,0.10800000000000001
7358,0.10800000000000001
7359,0.10800000000000001
7360,0.10800000000000001
7361,0.10800000000000001
7362,0.10800000000000001
7363,0.10800000000000001
7364,0.10800000000000001
7365,0.10800000000000001
7366,0.10800000000000001
7367,0.10800000000000001
7368,0.10800000000000001
7369,0.10800000000000001
7370,0.10800000000000001
7371,0.10800000000000001
7372,0.10800000000000001
7373,0.10800000000000001
7374,0.10800000000000001
7375,0.10800000000000001
7376,0.10800000000000001
7377,0.10800000000000001
7378,0.10800000000000001
7379,0.10800000000000001
7380,0.10800000000000001
7381,0.10800000000000001
7382,0.10800000000000001
7383,0.10800000000000001
7384,0.10800000000000001
7385,0.10800000000000001
7386,0.10800000000000001
7387,0.10800000000000001
7388,0.10800000000000001
7389,0.10800000000000001
7390,0.10800000000000001
7391,0.10800000000000001
7392,0.10800000000000001
7393,0.10800000000000001
7394,0.10800000000000001
7395,0.10800000000000001
7396,0.10800000000000001
7397,0.10800000000000001
7398,0.10800000000000001
7399,0.10800000000000001
7400,0.10800000000000001
7401,0.10800000000000001
7402,0.10800000000000001
7403,0.10800000000000001
7404,0.10800000000000001
7405,0.10800000000000001
7406,0.10800000000000001
7407,0.10800000000000001
7408,0.10800000000000001
7409,0.10800000000000001
7410,0.10800000000000001
7411,0.10800000000000001
7412,0.10800000000000001
7413,0.10800000000000001
7414,0.10800000000000001
7415,0.10800000000000001
7416,0.10800000000000001
7417,0.10800000000000001
7418,0.10800000000000001
7419,0.10800000000000001
7420,0.10800000000000001
7421,0.10800000000000001
7422,0.10800000000000001
7423,0.10800000000000001
7424,0.10800000000000001
7425,0.10800000000000001
7426,0.10800000000000001
7427,0.10800000000000001
7428,0.10800000000000001
7429,0.10800000000000001
7430,0.10800000000000001
7431,0.10800000000000001
7432,0.10800000000000001
7433,0.10800000000000001
7434,0.10800000000000001
7435,0.10800000000000001
7436,0.10800000000000001
7437,0.10800000000000001
7438,0.10800000000000001
7439,0.10800000000000001
7440,0.10800000000000001
7441,0.10800000000000001
7442,0.10800000000000001
7443,0.10800000000000001
7444,0.10800000000000001
7445,0.10800000000000001
7446,0.10800000000000001
7447,0.10800000000000001
7448,0.10800000000000001
7449,0.10800000000000001
7450,0.10800000000000001
7451,0.10800000000000001
7452,0.10800000000000001
7453,0.10800000000000001
7454,0.10800000000000001
7455,0.10800000000000001
7456,0.10800000000000001
7457,0.10800000000000001
7458,0.10800000000000001
7459,0.10800000000000001
7460,0.10800000000000001
7461,0.10800000000000001
7462,0.10800000000000001
7463,0.10800000000000001
7464,0.10800000000000001
7465,0.10800000000000001
7466,0.10800000000000001
7467,0.10800000000000001
7468,0.10800000000000001
7469,0.10800000000000001
7470,0.10800000000000001
7471,0.10800000000000001
7472,0.10800000000000001
7473,0.10800000000000001
7474,0.10800000000000001
7475,0.10800000000000001
7476,0.10800000000000001
7477,0.10800000000000001
7478,0.10800000000000001
7479,0.10800000000000001
7480,0.10800000000000001
7481,0.10800000000000001
7482,0.10800000000000001
7483,0.10800000000000001
7484,0.10800000000000001
7485,0.10800000000000001
7486,0.10800000000000001
7487,0.10800000000000001
7488,0.10800000000000001
7489,0.10800000000000001
7490,0.10800000000000001
7491,0.10800000000000001
7492,0.10800000000000001
7493,0.10800000000000001
7494,0.10800000000000001
7495,0.10800000000000001
7496,0.10800000000000001
7497,0.10800000000000001
7498,0.10800000000000001
7499,0.10800000000000001
7500,0.10800000000000001
7501,0.10800000000000001
7502,0.10800000000000001
7503,0.10800000000000001
7504,0.10800000000000001
7505,0.10800000000000001
7506,0.10800000000000001
7507,0.10800000000000001
7508,0.10800000000000001
7509,0.10800000000000001
7510,0.10800000000000001
7511,0.10800000000000001
7512,0.10800000000000001
7513,0.10800000000000001
7514,0.10800000000000001
7515,0.10800000000000001
7516,0.10800000000000001
7517,0.10800000000000001
7518,0.10800000000000001
7519,0.10800000000000001
7520,0.10800000000000001
7521,0.10800000000000001
7522,0.10800000000000001
7523,0.10800000000000001
7524,0.10800000000000001
7525,0.10800000000000001
7526,0.10800000000000001
7527,0.10800000000000001
7528,0.10800000000000001
7529,0.10800000000000001
7530,0.10800000000000001
7531,0.10800000000000001
7532,0.10800000000000001
7533,0.10800000000000001
7534,0.10800000000000001
7535,0.10800000000000001
7536,0.10800000000000001
7537,0.10800000000000001
7538,0.10800000000000001
7539,0.10800000000000001
7540,0.10800000000000001
7541,0.10800000000000001
7542,0.10800000000000001
7543,0.10800000000000001
7544,0.10800000000000001
7545,0.10800000000000001
7546,0.10800000000000001
7547,0.10800000000000001
7548,0.10800000000000001
7549,0.10800000000000001
7550,0.10800000000000001
7551,0.10800000000000001
7552,0.10800000000000001
7553,0.10800000000000001
7554,0.10800000000000001
7555,0.10800000000000001
7556,0.10800000000000001
7557,0.10800000000000001
7558,0.10800000000000001
7559,0.10800000000000001
7560,0.10800000000000001
7561,0.10800000000000001
7562,0.10800000000000001
7563,0.10800000000000001
7564,0.10800000000000001
7565,0.10800000000000001
7566,0.10800000000000001
7567,0.10800000000000001
7568,0.10800000000000001
7569,0.10800000000000001
7570,0.10800000000000001
7571,0.10800000000000001
7572,0.10800000000000001
7573,0.10800000000000001
7574,0.10800000000000001
7575,0.10800000000000001
7576,0.10800000000000001
7577,0.10800000000000001
7578,0.10800000000000001
7579,0.10800000000000001
7580,0.10800000000000001
7581,0.10800000000000001
7582,0.10800000000000001
7583,0.10800000000000001
7584,0.10800000000000001
7585,0.10800000000000001
7586,0.10800000000000001
7587,0.10800000000000001
7588,0.10800000000000001
7589,0.10800000000000001
7590,0.10800000000000001
7591,0.10800000000000001
7592,0.10800000000000001
7593,0.10800000000000001
7594,0.10800000000000001
7595,0.10800000000000001
7596,0.10800000000000001
7597,0.10800000000000001
7598,0.10800000000000001
7599,0.10800000000000001
7600,0.10800000000000001
7601,0.10800000000000001
7602,0.10800000000000001
7603,0.10800000000000001
7604,0.10800000000000001
7605,0.10800000000000001
7606,0.10800000000000001
7607,0.10800000000000001
7608,0.10800000000000001
7609,0.10800000000000001
7610,0.10800000000000001
7611,0.10800000000000001
7612,0.10800000000000001
7613,0.10800000000000001
7614,0.10800000000000001
7615,0.10800000000000001
7616,0.10800000000000001
7617,0.10800000000000001
7618,0.10800000000000001
7619,0.10800000000000001
7620,0.10800000000000001
7621,0.10800000000000001
7622,0.10800000000000001
7623,0.10800000000000001
7624,0.10800000000000001
7625,0.10800000000000001
7626,0.10800000000000001
7627,0.10800000000000001
7628,0.10800000000000001
7629,0.10800000000000001
7630,0.10800000000000001
7631,0.10800000000000001
7632,0.10800000000000001
7633,0.10800000000000001
7634,0.10800000000000001
7635,0.10800000000000001
7636,0.10800000000000001
7637,0.10800000000000001
7638,0.10800000000000001
7639,0.10800000000000001
7640,0.10800000000000001
7641,0.10800000000000001
7642,0.10800000000000001
7643,0.10800000000000001
7644,0.10800000000000001
7645,0.10800000000000001
7646,0.10800000000000001
7647,0.10800000000000001
7648,0.10800000000000001
7649,0.10800000000000001
7650,0.10800000000000001
7651,0.10800000000000001
7652,0.10800000000000001
7653,0.10800000000000001
7654,0.10800000000000001
7655,0.10800000000000001
7656,0.10800000000000001
7657,0.10800000000000001
7658,0.10800000000000001
7659,0.10800000000000001
7660,0.10800000000000001
7661,0.10800000000000001
7662,0.10800000000000001
7663,0.10800000000000001
7664,0.10800000000000001
7665,0.10800000000000001
7666,0.10800000000000001
7667,0.10800000000000001
7668,0.10800000000000001
7669,0.10800000000000001
7670,0.10800000000000001
7671,0.10800000000000001
7672,0.10800000000000001
7673,0.10800000000000001
7674,0.10800000000000001
7675,0.10800000000000001
7676,0.10800000000000001
7677,0.10800000000000001
7678,0.10800000000000001
7679,0.10800000000000001
7680,0.10800000000000001
7681,0.10800000000000001
7682,0.10800000000000001
7683,0.10800000000000001
7684,0.10800000000000001
7685,0.10800000000000001
7686,0.10800000000000001
7687,0.10800000000000001
7688,0.10800000000000001
7689,0.10800000000000001
7690,0.10800000000000001
7691,0.10800000000000001
7692,0.10800000000000001
7693,0.10800000000000001
7694,0.10800000000000001
7695,0.10800000000000001
7696,0.10800000000000001
7697,0.10800000000000001
7698,0.10800000000000001
7699,0.10800000000000001
7700,0.10800000000000001
7701,0.10800000000000001
7702,0.10800000000000001
7703,0.10800000000000001
7704,0.10800000000000001
7705,0.10800000000000001
7706,0.10800000000000001
7707,0.10800000000000001
7708,0.10800000000000001
7709,0.10800000000000001
7710,0.10800000000000001
7711,0.10800000000000001
7712,0.10800000000000001
7713,0.10800000000000001
7714,0.10800000000000001
7715,0.10800000000000001
7716,0.10800000000000001
7717,0.10800000000000001
7718,0.10800000000000001
7719,0.10800000000000001
7720,0.10800000000000001
7721,0.10800000000000001
7722,0.10800000000000001
7723,0.10800000000000001
7724,0.10800000000000001
7725,0.10800000000000001
7726,0.10800000000000001
7727,0.10800000000000001
7728,0.10800000000000001
7729,0.10800000000000001
7730,0.10800000000000001
7731,0.10800000000000001
7732,0.10800000000000001
7733,0.10800000000000001
7734,0.10800000000000001
7735,0.10800000000000001
7736,0.10800000000000001
7737,0.10800000000000001
7738,0.10800000000000001
7739,0.10800000000000001
7740,0.10800000000000001
7741,0.10800000000000001
7742,0.10800000000000001
7743,0.10800000000000001
7744,0.10800000000000001
7745,0.10800000000000001
7746,0.10800000000000001
7747,0.10800000000000001
7748,0.10800000000000001
7749,0.10800000000000001
7750,0.10800000000000001
7751,0.10800000000000001
7752,0.10800000000000001
7753,0.10800000000000001
7754,0.10800000000000001
7755,0.10800000000000001
7756,0.10800000000000001
7757,0.10800000000000001
7758,0.10800000000000001
7759,0.10800000000000001
7760,0.10800000000000001
7761,0.10800000000000001
7762,0.10800000000000001
7763,0.10800000000000001
7764,0.10800000000000001
7765,0.10800000000000001
7766,0.10800000000000001
7767,0.10800000000000001
7768,0.10800000000000001
7769,0.10800000000000001
7770,0.10800000000000001
7771,0.10800000000000001
7772,0.10800000000000001
7773,0.10800000000000001
7774,0.10800000000000001
7775,0.10800000000000001
7776,0.10800000000000001
7777,0.10800000000000001
7778,0.10800000000000001
7779,0.10800000000000001
7780,0.10800000000000001
7781,0.10800000000000001
7782,0.10800000000000001
7783,0.10800000000000001
7784,0.10800000000000001
7785,0.10800000000000001
7786,0.10800000000000001
7787,0.10800000000000001
7788,0.10800000000000001
7789,0.10800000000000001
7790,0.10800000000000001
7791,0.10800000000000001
7792,0.10800000000000001
7793,0.10800000000000001
7794,0.10800000000000001
7795,0.10800000000000001
7796,0.10800000000000001
7797,0.10800000000000001
7798,0.10800000000000001
7799,0.10800000000000001
7800,0.10800000000000001
7801,0.10800000000000001
7802,0.10800000000000001
7803,0.10800000000000001
7804,0.10800000000000001
7805,0.10800000000000001
7806,0.10800000000000001
7807,0.10800000000000001
7808,0.10800000000000001
7809,0.10800000000000001
7810,0.10800000000000001
7811,0.10800000000000001
7812,0.10800000000000001
7813,0.10800000000000001
7814,0.10800000000000001
7815,0.10800000000000001
7816,0.10800000000000001
7817,0.10800000000000001
7818,0.10800000000000001
7819,0.10800000000000001
7820,0.10800000000000001
7821,0.10800000000000001
7822,0.10800000000000001
7823,0.10800000000000001
7824,0.10800000000000001
7825,0.10800000000000001
7826,0.10800000000000001
7827,0.10800000000000001
7828,0.10800000000000001
7829,0.10800000000000001
7830,0.10800000000000001
7831,0.10800000000000001
7832,0.10800000000000001
7833,0.10800000000000001
7834,0.10800000000000001
7835,0.10800000000000001
7836,0.10800000000000001
7837,0.10800000000000001
7838,0.10800000000000001
7839,0.10800000000000001
7840,0.10800000000000001
7841,0.10800000000000001
7842,0.10800000000000001
7843,0.10800000000000001
7844,0.10800000000000001
7845,0.10800000000000001
7846,0.10800000000000001
7847,0.10800000000000001
7848,0.10800000000000001
7849,0.10800000000000001
7850,0.10800000000000001
7851,0.10800000000000001
7852,0.10800000000000001
7853,0.10800000000000001
7854,0.10800000000000001
7855,0.10800000000000001
7856,0.10800000000000001
7857,0.10800000000000001
7858,0.10800000000000001
7859,0.10800000000000001
7860,0.10800000000000001
7861,0.10800000000000001
7862,0.10800000000000001
7863,0.10800000000000001
7864,0.10800000000000001
7865,0.10800000000000001
7866,0.10800000000000001
7867,0.10800000000000001
7868,0.10800000000000001
7869,0.10800000000000001
7870,0.10800000000000001
7871,0.10800000000000001
7872,0.10800000000000001
7873,0.10800000000000001
7874,0.10800000000000001
7875,0.10800000000000001
7876,0.10800000000000001
7877,0.10800000000000001
7878,0.10800000000000001
7879,0.10800000000000001
7880,0.10800000000000001
7881,0.10800000000000001
7882,0.10800000000000001
7883,0.10800000000000001
7884,0.10800000000000001
7885,0.10800000000000001
7886,0.10800000000000001
7887,0.10800000000000001
7888,0.10800000000000001
7889,0.10800000000000001
7890,0.10800000000000001
7891,0.10800000000000001
7892,0.10800000000000001
7893,0.10800000000000001
7894,0.10800000000000001
7895,0.10800000000000001
7896,0.10800000000000001
7897,0.10800000000000001
7898,0.10800000000000001
7899,0.10800000000000001
7900,0.10800000000000001
7901,0.10800000000000001
7902,0.10800000000000001
7903,0.10800000000000001
7904,0.10800000000000001
7905,0.10800000000000001
7906,0.10800000000000001
7907,0.10800000000000001
7908,0.10800000000000001
7909,0.10800000000000001
7910,0.10800000000000001
7911,0.10800000000000001
7912,0.10800000000000001
7913,0.10800000000000001
7914,0.10800000000000001
7915,0.10800000000000001
7916,0.10800000000000001
7917,0.10800000000000001
7918,0.10800000000000001
7919,0.10800000000000001
7920,0.10800000000000001
7921,0.10800000000000001
7922,0.10800000000000001
7923,0.10800000000000001
7924,0.10800000000000001
7925,0.10800000000000001
7926,0.10800000000000001
7927,0.10800000000000001
7928,0.10800000000000001
7929,0.10800000000000001
7930,0.10800000000000001
7931,0.10800000000000001
7932,0.10800000000000001
7933,0.10800000000000001
7934,0.10800000000000001
7935,0.10800000000000001
7936,0.10800000000000001
7937,0.10800000000000001
7938,0.10800000000000001
7939,0.10800000000000001
7940,0.10800000000000001
7941,0.10800000000000001
7942,0.10800000000000001
7943,0.10800000000000001
7944,0.10800000000000001
7945,0.10800000000000001
7946,0.10800000000000001
7947,0.10800000000000001
7948,0.10800000000000001
7949,0.10800000000000001
7950,0.10800000000000001
7951,0.10800000000000001
7952,0.10800000000000001
7953,0.10800000000000001
7954,0.10800000000000001
7955,0.10800000000000001
7956,0.10800000000000001
7957,0.10800000000000001
7958,0.10800000000000001
7959,0.10800000000000001
7960,0.10800000000000001
7961,0.10800000000000001
7962,0.10800000000000001
7963,0.10800000000000001
7964,0.10800000000000001
7965,0.10800000000000001
7966,0.10800000000000001
7967,0.10800000000000001
7968,0.10800000000000001
7969,0.10800000000000001
7970,0.10800000000000001
7971,0.10800000000000001
7972,0.10800000000000001
7973,0.10800000000000001
7974,0.10800000000000001
7975,0.10800000000000001
7976,0.10800000000000001
7977,0.10800000000000001
7978,0.10800000000000001
7979,0.10800000000000001
7980,0.10800000000000001
7981,0.10800000000000001
7982,0.10800000000000001
7983,0.10800000000000001
7984,0.10800000000000001
7985,0.10800000000000001
7986,0.10800000000000001
7987,0.10800000000000001
7988,0.10800000000000001
7989,0.10800000000000001
7990,0.10800000000000001
7991,0.10800000000000001
7992,0.10800000000000001
7993,0.10800000000000001
7994,0.10800000000000001
7995,0.10800000000000001
7996,0.10800000000000001
7997,0.10800000000000001
7998,0.10800000000000001
7999,0.10800000000000001
8000,0.10800000000000001
8001,0.10800000000000001
8002,0.10800000000000001
8003,0.10800000000000001
8004,0.10800000000000001
8005,0.10800000000000001
8006,0.10800000000000001
8007,0.10800000000000001
8008,0.10800000000000001
8009,0.10800000000000001
8010,0.10800000000000001
8011,0.10800000000000001
8012,0.10800000000000001
8013,0.10800000000000001
8014,0.10800000000000001
8015,0.10800000000000001
8016,0.10800000000000001
8017,0.10800000000000001
8018,0.10800000000000001
8019,0.10800000000000001
8020,0.10800000000000001
8021,0.10800000000000001
8022,0.10800000000000001
8023,0.10800000000000001
8024,0.10800000000000001
8025,0.10800000000000001
8026,0.10800000000000001
8027,0.10800000000000001
8028,0.10800000000000001
8029,0.10800000000000001
8030,0.10800000000000001
8031,0.10800000000000001
8032,0.10800000000000001
8033,0.10800000000000001
8034,0.10800000000000001
8035,0.10800000000000001
8036,0.10800000000000001
8037,0.10800000000000001
8038,0.10800000000000001
8039,0.10800000000000001
8040,0.10800000000000001
8041,0.10800000000000001
8042,0.10800000000000001
8043,0.10800000000000001
8044,0.10800000000000001
8045,0.10800000000000001
8046,0.10800000000000001
8047,0.10800000000000001
8048,0.10800000000000001
8049,0.10800000000000001
8050,0.10800000000000001
8051,0.10800000000000001
8052,0.10800000000000001
8053,0.10800000000000001
8054,0.10800000000000001
8055,0.10800000000000001
8056,0.10800000000000001
8057,0.10800000000000001
8058,0.10800000000000001
8059,0.10800000000000001
8060,0.10800000000000001
8061,0.10800000000000001
8062,0.10800000000000001
8063,0.10800000000000001
8064,0.10800000000000001
8065,0.10800000000000001
8066,0.10800000000000001
8067,0.10800000000000001
8068,0.10800000000000001
8069,0.10800000000000001
8070,0.10800000000000001
8071,0.10800000000000001
8072,0.10800000000000001
8073,0.10800000000000001
8074,0.10800000000000001
8075,0.10800000000000001
8076,0.10800000000000001
8077,0.10800000000000001
8078,0.10800000000000001
8079,0.10800000000000001
8080,0.10800000000000001
8081,0.10800000000000001
8082,0.10800000000000001
8083,0.10800000000000001
8084,0.10800000000000001
8085,0.10800000000000001
8086,0.10800000000000001
8087,0.10800000000000001
8088,0.10800000000000001
8089,0.10800000000000001
8090,0.10800000000000001
8091,0.10800000000000001
8092,0.10800000000000001
8093,0.10800000000000001
8094,0.10800000000000001
8095,0.10800000000000001
8096,0.10800000000000001
8097,0.10800000000000001
8098,0.10800000000000001
8099,0.10800000000000001
8100,0.10800000000000001
8101,0.10800000000000001
8102,0.10800000000000001
8103,0.10800000000000001
8104,0.10800000000000001
8105,0.10800000000000001
8106,0.10800000000000001
8107,0.10800000000000001
8108,0.10800000000000001
8109,0.10800000000000001
8110,0.10800000000000001
8111,0.10800000000000001
8112,0.10800000000000001
8113,0.10800000000000001
8114,0.10800000000000001
8115,0.10800000000000001
8116,0.10800000000000001
8117,0.10800000000000001
8118,0.10800000000000001
8119,0.10800000000000001
8120,0.10800000000000001
8121,0.10800000000000001
8122,0.10800000000000001
8123,0.10800000000000001
8124,0.10800000000000001
8125,0.10800000000000001
8126,0.10800000000000001
8127,0.10800000000000001
8128,0.10800000000000001
8129,0.10800000000000001
8130,0.10800000000000001
8131,0.10800000000000001
8132,0.10800000000000001
8133,0.10800000000000001
8134,0.10800000000000001
8135,0.10800000000000001
8136,0.10800000000000001
8137,0.10800000000000001
8138,0.10800000000000001
8139,0.10800000000000001
8140,0.10800000000000001
8141,0.10800000000000001
8142,0.10800000000000001
8143,0.10800000000000001
8144,0.10800000000000001
8145,0.10800000000000001
8146,0.10800000000000001
8147,0.10800000000000001
8148,0.10800000000000001
8149,0.10800000000000001
8150,0.10800000000000001
8151,0.10800000000000001
8152,0.10800000000000001
8153,0.10800000000000001
8154,0.10800000000000001
8155,0.10800000000000001
8156,0.10800000000000001
8157,0.10800000000000001
8158,0.10800000000000001
8159,0.10800000000000001
8160,0.10800000000000001
8161,0.10800000000000001
8162,0.10800000000000001
8163,0.10800000000000001
8164,0.10800000000000001
8165,0.10800000000000001
8166,0.10800000000000001
8167,0.10800000000000001
8168,0.10800000000000001
8169,0.10800000000000001
8170,0.10800000000000001
8171,0.10800000000000001
8172,0.10800000000000001
8173,0.10800000000000001
8174,0.10800000000000001
8175,0.10800000000000001
8176,0.10800000000000001
8177,0.10800000000000001
8178,0.10800000000000001
8179,0.10800000000000001
8180,0.10800000000000001
8181,0.10800000000000001
8182,0.10800000000000001
8183,0.10800000000000001
8184,0.10800000000000001
8185,0.10800000000000001
8186,0.10800000000000001
8187,0.10800000000000001
8188,0.10800000000000001
8189,0.10800000000000001
8190,0.10800000000000001
8191,0.10800000000000001
8192,0.10800000000000001
8193,0.10800000000000001
8194,0.10800000000000001
8195,0.10800000000000001
8196,0.10800000000000001
8197,0.10800000000000001
8198,0.10800000000000001
8199,0.10800000000000001
8200,0.10800000000000001
8201,0.10800000000000001
8202,0.10800000000000001
8203,0.10800000000000001
8204,0.10800000000000001
8205,0.10800000000000001
8206,0.10800000000000001
8207,0.10800000000000001
8208,0.10800000000000001
8209,0.10800000000000001
8210,0.10800000000000001
8211,0.10800000000000001
8212,0.10800000000000001
8213,0.10800000000000001
8214,0.10800000000000001
8215,0.10800000000000001
8216,0.10800000000000001
8217,0.10800000000000001
8218,0.10800000000000001
8219,0.10800000000000001
8220,0.10800000000000001
8221,0.10800000000000001
8222,0.10800000000000001
8223,0.10800000000000001
8224,0.10800000000000001
8225,0.10800000000000001
8226,0.10800000000000001
8227,0.10800000000000001
8228,0.10800000000000001
8229,0.10800000000000001
8230,0.10800000000000001
8231,0.10800000000000001
8232,0.10800000000000001
8233,0.10800000000000001
8234,0.10800000000000001
8235,0.10800000000000001
8236,0.10800000000000001
8237,0.10800000000000001
8238,0.10800000000000001
8239,0.10800000000000001
8240,0.10800000000000001
8241,0.10800000000000001
8242,0.10800000000000001
8243,0.10800000000000001
8244,0.10800000000000001
8245,0.10800000000000001
8246,0.10800000000000001
8247,0.10800000000000001
8248,0.10800000000000001
8249,0.10800000000000001
8250,0.10800000000000001
8251,0.10800000000000001
8252,0.10800000000000001
8253,0.10800000000000001
8254,0.10800000000000001
8255,0.10800000000000001
8256,0.10800000000000001
8257,0.10800000000000001
8258,0.10800000000000001
8259,0.10800000000000001
8260,0.10800000000000001
8261,0.10800000000000001
8262,0.10800000000000001
8263,0.10800000000000001
8264,0.10800000000000001
8265,0.10800000000000001
8266,0.10800000000000001
8267,0.10800000000000001
8268,0.10800000000000001
8269,0.10800000000000001
8270,0.10800000000000001
8271,0.10800000000000001
8272,0.10800000000000001
8273,0.10800000000000001
8274,0.10800000000000001
8275,0.10800000000000001
8276,0.10800000000000001
8277,0.10800000000000001
8278,0.10800000000000001
8279,0.10800000000000001
8280,0.10800000000000001
8281,0.10800000000000001
8282,0.10800000000000001
8283,0.10800000000000001
8284,0.10800000000000001
8285,0.10800000000000001
8286,0.10800000000000001
8287,0.10800000000000001
8288,0.10800000000000001
8289,0.10800000000000001
8290,0.10800000000000001
8291,0.10800000000000001
8292,0.10800000000000001
8293,0.10800000000000001
8294,0.10800000000000001
8295,0.10800000000000001
8296,0.10800000000000001
8297,0.10800000000000001
8298,0.10800000000000001
8299,0.10800000000000001
8300,0.10800000000000001
8301,0.10800000000000001
8302,0.10800000000000001
8303,0.10800000000000001
8304,0.10800000000000001
8305,0.10800000000000001
8306,0.10800000000000001
8307,0.10800000000000001
8308,0.10800000000000001
8309,0.10800000000000001
8310,0.10800000000000001
8311,0.10800000000000001
8312,0.10800000000000001
8313,0.10800000000000001
8314,0.10800000000000001
8315,0.10800000000000001
8316,0.10800000000000001
8317,0.10800000000000001
8318,0.10800000000000001
8319,0.10800000000000001
8320,0.10800000000000001
8321,0.10800000000000001
8322,0.10800000000000001
8323,0.10800000000000001
8324,0.10800000000000001
8325,0.10800000000000001
8326,0.10800000000000001
8327,0.10800000000000001
8328,0.10800000000000001
8329,0.10800000000000001
8330,0.10800000000000001
8331,0.10800000000000001
8332,0.10800000000000001
8333,0.10800000000000001
8334,0.10800000000000001
8335,0.10800000000000001
8336,0.10800000000000001
8337,0.10800000000000001
8338,0.10800000000000001
8339,0.10800000000000001
8340,0.10800000000000001
8341,0.10800000000000001
8342,0.10800000000000001
8343,0.10800000000000001
8344,0.10800000000000001
8345,0.10800000000000001
8346,0.10800000000000001
8347,0.10800000000000001
8348,0.10800000000000001
8349,0.10800000000000001
8350,0.10800000000000001
8351,0.10800000000000001
8352,0.10800000000000001
8353,0.10800000000000001
8354,0.10800000000000001
8355,0.10800000000000001
8356,0.10800000000000001
8357,0.10800000000000001
8358,0.10800000000000001
8359,0.10800000000000001
8360,0.10800000000000001
8361,0.10800000000000001
8362,0.10800000000000001
8363,0.10800000000000001
8364,0.10800000000000001
8365,0.10800000000000001
8366,0.10800000000000001
8367,0.10800000000000001
8368,0.10800000000000001
8369,0.10800000000000001
8370,0.10800000000000001
8371,0.10800000000000001
8372,0.10800000000000001
8373,0.10800000000000001
8374,0.10800000000000001
8375,0.10800000000000001
8376,0.10800000000000001
8377,0.10800000000000001
8378,0.10800000000000001
8379,0.10800000000000001
8380,0.10800000000000001
8381,0.10800000000000001
8382,0.10800000000000001
8383,0.10800000000000001
8384,0.10800000000000001
8385,0.10800000000000001
8386,0.10800000000000001
8387,0.10800000000000001
8388,0.10800000000000001
8389,0.10800000000000001
8390,0.10800000000000001
8391,0.10800000000000001
8392,0.10800000000000001
8393,0.10800000000000001
8394,0.10800000000000001
8395,0.10800000000000001
8396,0.10800000000000001
8397,0.10800000000000001
8398,0.10800000000000001
8399,0.10800000000000001
8400,0.10800000000000001
8401,0.10800000000000001
8402,0.10800000000000001
8403,0.10800000000000001
8404,0.10800000000000001
8405,0.10800000000000001
8406,0.10800000000000001
8407,0.10800000000000001
8408,0.10800000000000001
8409,0.10800000000000001
8410,0.10800000000000001
8411,0.10800000000000001
8412,0.10800000000000001
8413,0.10800000000000001
8414,0.10800000000000001
8415,0.10800000000000001
8416,0.10800000000000001
8417,0.10800000000000001
8418,0.10800000000000001
8419,0.10800000000000001
8420,0.10800000000000001
8421,0.10800000000000001
8422,0.10800000000000001
8423,0.10800000000000001
8424,0.10800000000000001
8425,0.10800000000000001
8426,0.10800000000000001
8427,0.10800000000000001
8428,0.10800000000000001
8429,0.10800000000000001
8430,0.10800000000000001
8431,0.10800000000000001
8432,0.10800000000000001
8433,0.10800000000000001
8434,0.10800000000000001
8435,0.10800000000000001
8436,0.10800000000000001
8437,0.10800000000000001
8438,0.10800000000000001
8439,0.10800000000000001
8440,0.10800000000000001
8441,0.10800000000000001
8442,0.10800000000000001
8443,0.10800000000000001
8444,0.10800000000000001
8445,0.10800000000000001
8446,0.10800000000000001
8447,0.10800000000000001
8448,0.10800000000000001
8449,0.10800000000000001
8450,0.10800000000000001
8451,0.10800000000000001
8452,0.10800000000000001
8453,0.10800000000000001
8454,0.10800000000000001
8455,0.10800000000000001
8456,0.10800000000000001
8457,0.10800000000000001
8458,0.10800000000000001
8459,0.10800000000000001
8460,0.10800000000000001
8461,0.10800000000000001
8462,0.10800000000000001
8463,0.10800000000000001
8464,0.10800000000000001
8465,0.10800000000000001
8466,0.10800000000000001
8467,0.10800000000000001
8468,0.10800000000000001
8469,0.10800000000000001
8470,0.10800000000000001
8471,0.10800000000000001
8472,0.10800000000000001
8473,0.10800000000000001
8474,0.10800000000000001
8475,0.10800000000000001
8476,0.10800000000000001
8477,0.10800000000000001
8478,0.10800000000000001
8479,0.10800000000000001
8480,0.10800000000000001
8481,0.10800000000000001
8482,0.10800000000000001
8483,0.10800000000000001
8484,0.10800000000000001
8485,0.10800000000000001
8486,0.10800000000000001
8487,0.10800000000000001
8488,0.10800000000000001
8489,0.10800000000000001
8490,0.10800000000000001
8491,0.10800000000000001
8492,0.10800000000000001
8493,0.10800000000000001
8494,0.10800000000000001
8495,0.10800000000000001
8496,0.10800000000000001
8497,0.10800000000000001
8498,0.10800000000000001
8499,0.10800000000000001
8500,0.10800000000000001
8501,0.10800000000000001
8502,0.10800000000000001
8503,0.10800000000000001
8504,0.10800000000000001
8505,0.10800000000000001
8506,0.10800000000000001
8507,0.10800000000000001
8508,0.10800000000000001
8509,0.10800000000000001
8510,0.10800000000000001
8511,0.10800000000000001
8512,0.10800000000000001
8513,0.10800000000000001
8514,0.10800000000000001
8515,0.10800000000000001
8516,0.10800000000000001
8517,0.10800000000000001
8518,0.10800000000000001
8519,0.10800000000000001
8520,0.10800000000000001
8521,0.10800000000000001
8522,0.10800000000000001
8523,0.10800000000000001
8524,0.10800000000000001
8525,0.10800000000000001
8526,0.10800000000000001
8527,0.10800000000000001
8528,0.10800000000000001
8529,0.10800000000000001
8530,0.10800000000000001
8531,0.10800000000000001
8532,0.10800000000000001
8533,0.10800000000000001
8534,0.10800000000000001
8535,0.10800000000000001
8536,0.10800000000000001
8537,0.10800000000000001
8538,0.10800000000000001
8539,0.10800000000000001
8540,0.10800000000000001
8541,0.10800000000000001
8542,0.10800000000000001
8543,0.10800000000000001
8544,0.10800000000000001
8545,0.10800000000000001
8546,0.10800000000000001
8547,0.10800000000000001
8548,0.10800000000000001
8549,0.10800000000000001
8550,0.10800000000000001
8551,0.10800000000000001
8552,0.10800000000000001
8553,0.10800000000000001
8554,0.10800000000000001
8555,0.10800000000000001
8556,0.10800000000000001
8557,0.10800000000000001
8558,0.10800000000000001
8559,0.10800000000000001
8560,0.10800000000000001
8561,0.10800000000000001
8562,0.10800000000000001
8563,0.10800000000000001
8564,0.10800000000000001
8565,0.10800000000000001
8566,0.10800000000000001
8567,0.10800000000000001
8568,0.10800000000000001
8569,0.10800000000000001
8570,0.10800000000000001
8571,0.10800000000000001
8572,0.10800000000000001
8573,0.10800000000000001
8574,0.10800000000000001
8575,0.10800000000000001
8576,0.10800000000000001
8577,0.10800000000000001
8578,0.10800000000000001
8579,0.10800000000000001
8580,0.10800000000000001
8581,0.10800000000000001
8582,0.10800000000000001
8583,0.10800000000000001
8584,0.10800000000000001
8585,0.10800000000000001
8586,0.10800000000000001
8587,0.10800000000000001
8588,0.10800000000000001
8589,0.10800000000000001
8590,0.10800000000000001
8591,0.10800000000000001
8592,0.10800000000000001
8593,0.10800000000000001
8594,0.10800000000000001
8595,0.10800000000000001
8596,0.10800000000000001
8597,0.10800000000000001
8598,0.10800000000000001
8599,0.10800000000000001
8600,0.10800000000000001
8601,0.10800000000000001
8602,0.10800000000000001
8603,0.10800000000000001
8604,0.10800000000000001
8605,0.10800000000000001
8606,0.10800000000000001
8607,0.10800000000000001
8608,0.10800000000000001
8609,0.10800000000000001
8610,0.10800000000000001
8611,0.10800000000000001
8612,0.10800000000000001
8613,0.10800000000000001
8614,0.10800000000000001
8615,0.10800000000000001
8616,0.10800000000000001
8617,0.10800000000000001
8618,0.10800000000000001
8619,0.10800000000000001
8620,0.10800000000000001
8621,0.10800000000000001
8622,0.10800000000000001
8623,0.10800000000000001
8624,0.10800000000000001
8625,0.10800000000000001
8626,0.10800000000000001
8627,0.10800000000000001
8628,0.10800000000000001
8629,0.10800000000000001
8630,0.10800000000000001
8631,0.10800000000000001
8632,0.10800000000000001
8633,0.10800000000000001
8634,0.10800000000000001
8635,0.10800000000000001
8636,0.10800000000000001
8637,0.10800000000000001
8638,0.10800000000000001
8639,0.10800000000000001
8640,0.10800000000000001
8641,0.10800000000000001
8642,0.10800000000000001
8643,0.10800000000000001
8644,0.10800000000000001
8645,0.10800000000000001
8646,0.10800000000000001
8647,0.10800000000000001
8648,0.10800000000000001
8649,0.10800000000000001
8650,0.10800000000000001
8651,0.10800000000000001
8652,0.10800000000000001
8653,0.10800000000000001
8654,0.10800000000000001
8655,0.10800000000000001
8656,0.10800000000000001
8657,0.10800000000000001
8658,0.10800000000000001
8659,0.10800000000000001
8660,0.10800000000000001
8661,0.10800000000000001
8662,0.10800000000000001
8663,0.10800000000000001
8664,0.10800000000000001
8665,0.10800000000000001
8666,0.10800000000000001
8667,0.10800000000000001
8668,0.10800000000000001
8669,0.10800000000000001
8670,0.10800000000000001
8671,0.10800000000000001
8672,0.10800000000000001
8673,0.10800000000000001
8674,0.10800000000000001
8675,0.10800000000000001
8676,0.10800000000000001
8677,0.10800000000000001
8678,0.10800000000000001
8679,0.10800000000000001
8680,0.10800000000000001
8681,0.10800000000000001
8682,0.10800000000000001
8683,0.10800000000000001
8684,0.10800000000000001
8685,0.10800000000000001
8686,0.10800000000000001
8687,0.10800000000000001
8688,0.10800000000000001
8689,0.10800000000000001
8690,0.10800000000000001
8691,0.10800000000000001
8692,0.10800000000000001
8693,0.10800000000000001
8694,0.10800000000000001
8695,0.10800000000000001
8696,0.10800000000000001
8697,0.10800000000000001
8698,0.10800000000000001
8699,0.10800000000000001
8700,0.10800000000000001
8701,0.10800000000000001
8702,0.10800000000000001
8703,0.10800000000000001
8704,0.10800000000000001
8705,0.10800000000000001
8706,0.10800000000000001
8707,0.10800000000000001
8708,0.10800000000000001
8709,0.10800000000000001
8710,0.10800000000000001
8711,0.10800000000000001
8712,0.10800000000000001
8713,0.10800000000000001
8714,0.10800000000000001
8715,0.10800000000000001
8716,0.10800000000000001
8717,0.10800000000000001
8718,0.10800000000000001
8719,0.10800000000000001
8720,0.10800000000000001
8721,0.10800000000000001
8722,0.10800000000000001
8723,0.10800000000000001
8724,0.10800000000000001
8725,0.10800000000000001
8726,0.10800000000000001
8727,0.10800000000000001
8728,0.10800000000000001
8729,0.10800000000000001
8730,0.10800000000000001
8731,0.10800000000000001
8732,0.10800000000000001
8733,0.10800000000000001
8734,0.10800000000000001
8735,0.10800000000000001
8736,0.10800000000000001
8737,0.10800000000000001
8738,0.10800000000000001
8739,0.10800000000000001
8740,0.10800000000000001
8741,0.10800000000000001
8742,0.10800000000000001
8743,0.10800000000000001
8744,0.10800000000000001
8745,0.10800000000000001
8746,0.10800000000000001
8747,0.10800000000000001
8748,0.10800000000000001
8749,0.10800000000000001
8750,0.10800000000000001
8751,0.10800000000000001
8752,0.10800000000000001
8753,0.10800000000000001
8754,0.10800000000000001
8755,0.10800000000000001
8756,0.10800000000000001
8757,0.10800000000000001
8758,0.10800000000000001
8759,0.10800000000000001
8760,0.10800000000000001
8761,0.10800000000000001
8762,0.10800000000000001
8763,0.10800000000000001
8764,0.10800000000000001
8765,0.10800000000000001
8766,0.10800000000000001
8767,0.10800000000000001
8768,0.10800000000000001
8769,0.10800000000000001
8770,0.10800000000000001
8771,0.10800000000000001
8772,0.10800000000000001
8773,0.10800000000000001
8774,0.10800000000000001
8775,0.10800000000000001
8776,0.10800000000000001
8777,0.10800000000000001
8778,0.10800000000000001
8779,0.10800000000000001
8780,0.10800000000000001
8781,0.10800000000000001
8782,0.10800000000000001
8783,0.10800000000000001
8784,0.10800000000000001
8785,0.10800000000000001
8786,0.10800000000000001
8787,0.10800000000000001
8788,0.10800000000000001
8789,0.10800000000000001
8790,0.10800000000000001
8791,0.10800000000000001
8792,0.10800000000000001
8793,0.10800000000000001
8794,0.10800000000000001
8795,0.10800000000000001
8796,0.10800000000000001
8797,0.10800000000000001
8798,0.10800000000000001
8799,0.10800000000000001
8800,0.10800000000000001
8801,0.10800000000000001
8802,0.10800000000000001
8803,0.10800000000000001
8804,0.10800000000000001
8805,0.10800000000000001
8806,0.10800000000000001
8807,0.10800000000000001
8808,0.10800000000000001
8809,0.10800000000000001
8810,0.10800000000000001
8811,0.10800000000000001
8812,0.10800000000000001
8813,0.10800000000000001
8814,0.10800000000000001
8815,0.10800000000000001
8816,0.10800000000000001
8817,0.10800000000000001
8818,0.10800000000000001
8819,0.10800000000000001
8820,0.10800000000000001
8821,0.10800000000000001
8822,0.10800000000000001
8823,0.10800000000000001
8824,0.10800000000000001
8825,0.10800000000000001
8826,0.10800000000000001
8827,0.10800000000000001
8828,0.10800000000000001
8829,0.10800000000000001
8830,0.10800000000000001
8831,0.10800000000000001
8832,0.10800000000000001
8833,0.10800000000000001
8834,0.10800000000000001
8835,0.10800000000000001
8836,0.10800000000000001
8837,0.10800000000000001
8838,0.10800000000000001
8839,0.10800000000000001
8840,0.10800000000000001
8841,0.10800000000000001
8842,0.10800000000000001
8843,0.10800000000000001
8844,0.10800000000000001
8845,0.10800000000000001
8846,0.10800000000000001
8847,0.10800000000000001
8848,0.10800000000000001
8849,0.10800000000000001
8850,0.10800000000000001
8851,0.10800000000000001
8852,0.10800000000000001
8853,0.10800000000000001
8854,0.10800000000000001
8855,0.10800000000000001
8856,0.10800000000000001
8857,0.10800000000000001
8858,0.10800000000000001
8859,0.10800000000000001
8860,0.10800000000000001
8861,0.10800000000000001
8862,0.10800000000000001
8863,0.10800000000000001
8864,0.10800000000000001
8865,0.10800000000000001
8866,0.10800000000000001
8867,0.10800000000000001
8868,0.10800000000000001
8869,0.10800000000000001
8870,0.10800000000000001
8871,0.10800000000000001
8872,0.10800000000000001
8873,0.10800000000000001
8874,0.10800000000000001
8875,0.10800000000000001
8876,0.10800000000000001
8877,0.10800000000000001
8878,0.10800000000000001
8879,0.10800000000000001
8880,0.10800000000000001
8881,0.10800000000000001
8882,0.10800000000000001
8883,0.10800000000000001
8884,0.10800000000000001
8885,0.10800000000000001
8886,0.10800000000000001
8887,0.10800000000000001
8888,0.10800000000000001
8889,0.10800000000000001
8890,0.10800000000000001
8891,0.10800000000000001
8892,0.10800000000000001
8893,0.10800000000000001
8894,0.10800000000000001
8895,0.10800000000000001
8896,0.10800000000000001
8897,0.10800000000000001
8898,0.10800000000000001
8899,0.10800000000000001
8900,0.10800000000000001
8901,0.10800000000000001
8902,0.10800000000000001
8903,0.10800000000000001
8904,0.10800000000000001
8905,0.10800000000000001
8906,0.10800000000000001
8907,0.10800000000000001
8908,0.10800000000000001
8909,0.10800000000000001
8910,0.10800000000000001
8911,0.10800000000000001
8912,0.10800000000000001
8913,0.10800000000000001
8914,0.10800000000000001
8915,0.10800000000000001
8916,0.10800000000000001
8917,0.10800000000000001
8918,0.10800000000000001
8919,0.10800000000000001
8920,0.10800000000000001
8921,0.10800000000000001
8922,0.10800000000000001
8923,0.10800000000000001
8924,0.10800000000000001
8925,0.10800000000000001
8926,0.10800000000000001
8927,0.10800000000000001
8928,0.10800000000000001
8929,0.10800000000000001
8930,0.10800000000000001
8931,0.10800000000000001
8932,0.10800000000000001
8933,0.10800000000000001
8934,0.10800000000000001
8935,0.10800000000000001
8936,0.10800000000000001
8937,0.10800000000000001
8938,0.10800000000000001
8939,0.10800000000000001
8940,0.10800000000000001
8941,0.10800000000000001
8942,0.10800000000000001
8943,0.10800000000000001
8944,0.10800000000000001
8945,0.10800000000000001
8946,0.10800000000000001
8947,0.10800000000000001
8948,0.10800000000000001
8949,0.10800000000000001
8950,0.10800000000000001
8951,0.10800000000000001
8952,0.10800000000000001
8953,0.10800000000000001
8954,0.10800000000000001
8955,0.10800000000000001
8956,0.10800000000000001
8957,0.10800000000000001
8958,0.10800000000000001
8959,0.10800000000000001
8960,0.10800000000000001
8961,0.10800000000000001
8962,0.10800000000000001
8963,0.10800000000000001
8964,0.10800000000000001
8965,0.10800000000000001
8966,0.10800000000000001
8967,0.10800000000000001
8968,0.10800000000000001
8969,0.10800000000000001
8970,0.10800000000000001
8971,0.10800000000000001
8972,0.10800000000000001
8973,0.10800000000000001
8974,0.10800000000000001
8975,0.10800000000000001
8976,0.10800000000000001
8977,0.10800000000000001
8978,0.10800000000000001
8979,0.10800000000000001
8980,0.10800000000000001
8981,0.10800000000000001
8982,0.10800000000000001
8983,0.10800000000000001
8984,0.10800000000000001
8985,0.10800000000000001
8986,0.10800000000000001
8987,0.10800000000000001
8988,0.10800000000000001
8989,0.10800000000000001
8990,0.10800000000000001
8991,0.10800000000000001
8992,0.10800000000000001
8993,0.10800000000000001
8994,0.10800000000000001
8995,0.10800000000000001
8996,0.10800000000000001
8997,0.10800000000000001
8998,0.10800000000000001
8999,0.10800000000000001
9000,0.10800000000000001
9001,0.10800000000000001
9002,0.10800000000000001
9003,0.10800000000000001
9004,0.10800000000000001
9005,0.10800000000000001
9006,0.10800000000000001
9007,0.10800000000000001
9008,0.10800000000000001
9009,0.10800000000000001
9010,0.10800000000000001
9011,0.10800000000000001
9012,0.10800000000000001
9013,0.10800000000000001
9014,0.10800000000000001
9015,0.10800000000000001
9016,0.10800000000000001
9017,0.10800000000000001
9018,0.10800000000000001
9019,0.10800000000000001
9020,0.10800000000000001
9021,0.10800000000000001
9022,0.10800000000000001
9023,0.10800000000000001
9024,0.10800000000000001
9025,0.10800000000000001
9026,0.10800000000000001
9027,0.10800000000000001
9028,0.10800000000000001
9029,0.10800000000000001
9030,0.10800000000000001
9031,0.10800000000000001
9032,0.10800000000000001
9033,0.10800000000000001
9034,0.10800000000000001
9035,0.10800000000000001
9036,0.10800000000000001
9037,0.10800000000000001
9038,0.10800000000000001
9039,0.10800000000000001
9040,0.10800000000000001
9041,0.10800000000000001
9042,0.10800000000000001
9043,0.10800000000000001
9044,0.10800000000000001
9045,0.10800000000000001
9046,0.10800000000000001
9047,0.10800000000000001
9048,0.10800000000000001
9049,0.10800000000000001
9050,0.10800000000000001
9051,0.10800000000000001
9052,0.10800000000000001
9053,0.10800000000000001
9054,0.10800000000000001
9055,0.10800000000000001
9056,0.10800000000000001
9057,0.10800000000000001
9058,0.10800000000000001
9059,0.10800000000000001
9060,0.10800000000000001
9061,0.10800000000000001
9062,0.10800000000000001
9063,0.10800000000000001
9064,0.10800000000000001
9065,0.10800000000000001
9066,0.10800000000000001
9067,0.10800000000000001
9068,0.10800000000000001
9069,0.10800000000000001
9070,0.10800000000000001
9071,0.10800000000000001
9072,0.10800000000000001
9073,0.10800000000000001
9074,0.10800000000000001
9075,0.10800000000000001
9076,0.10800000000000001
9077,0.10800000000000001
9078,0.10800000000000001
9079,0.10800000000000001
9080,0.10800000000000001
9081,0.10800000000000001
9082,0.10800000000000001
9083,0.10800000000000001
9084,0.10800000000000001
9085,0.10800000000000001
9086,0.10800000000000001
9087,0.10800000000000001
9088,0.10800000000000001
9089,0.10800000000000001
9090,0.10800000000000001
9091,0.10800000000000001
9092,0.10800000000000001
9093,0.10800000000000001
9094,0.10800000000000001
9095,0.10800000000000001
9096,0.10800000000000001
9097,0.10800000000000001
9098,0.10800000000000001
9099,0.10800000000000001
9100,0.10800000000000001
9101,0.10800000000000001
9102,0.10800000000000001
9103,0.10800000000000001
9104,0.10800000000000001
9105,0.10800000000000001
9106,0.10800000000000001
9107,0.10800000000000001
9108,0.10800000000000001
9109,0.10800000000000001
9110,0.10800000000000001
9111,0.10800000000000001
9112,0.10800000000000001
9113,0.10800000000000001
9114,0.10800000000000001
9115,0.10800000000000001
9116,0.10800000000000001
9117,0.10800000000000001
9118,0.10800000000000001
9119,0.10800000000000001
9120,0.10800000000000001
9121,0.10800000000000001
9122,0.10800000000000001
9123,0.10800000000000001
9124,0.10800000000000001
9125,0.10800000000000001
9126,0.10800000000000001
9127,0.10800000000000001
9128,0.10800000000000001
9129,0.10800000000000001
9130,0.10800000000000001
9131,0.10800000000000001
9132,0.10800000000000001
9133,0.10800000000000001
9134,0.10800000000000001
9135,0.10800000000000001
9136,0.10800000000000001
9137,0.10800000000000001
9138,0.10800000000000001
9139,0.10800000000000001
9140,0.10800000000000001
9141,0.10800000000000001
9142,0.10800000000000001
9143,0.10800000000000001
9144,0.10800000000000001
9145,0.10800000000000001
9146,0.10800000000000001
9147,0.10800000000000001
9148,0.10800000000000001
9149,0.10800000000000001
9150,0.10800000000000001
9151,0.10800000000000001
9152,0.10800000000000001
9153,0.10800000000000001
9154,0.10800000000000001
9155,0.10800000000000001
9156,0.10800000000000001
9157,0.10800000000000001
9158,0.10800000000000001
9159,0.10800000000000001
9160,0.10800000000000001
9161,0.10800000000000001
9162,0.10800000000000001
9163,0.10800000000000001
9164,0.10800000000000001
9165,0.10800000000000001
9166,0.10800000000000001
9167,0.10800000000000001
9168,0.10800000000000001
9169,0.10800000000000001
9170,0.10800000000000001
9171,0.10800000000000001
9172,0.10800000000000001
9173,0.10800000000000001
9174,0.10800000000000001
9175,0.10800000000000001
9176,0.10800000000000001
9177,0.10800000000000001
9178,0.10800000000000001
9179,0.10800000000000001
9180,0.10800000000000001
9181,0.10800000000000001
9182,0.10800000000000001
9183,0.10800000000000001
9184,0.10800000000000001
9185,0.10800000000000001
9186,0.10800000000000001
9187,0.10800000000000001
9188,0.10800000000000001
9189,0.10800000000000001
9190,0.10800000000000001
9191,0.10800000000000001
9192,0.10800000000000001
9193,0.10800000000000001
9194,0.10800000000000001
9195,0.10800000000000001
9196,0.10800000000000001
9197,0.10800000000000001
9198,0.10800000000000001
9199,0.10800000000000001
9200,0.10800000000000001
9201,0.10800000000000001
9202,0.10800000000000001
9203,0.10800000000000001
9204,0.10800000000000001
9205,0.10800000000000001
9206,0.10800000000000001
9207,0.10800000000000001
9208,0.10800000000000001
9209,0.10800000000000001
9210,0.10800000000000001
9211,0.10800000000000001
9212,0.10800000000000001
9213,0.10800000000000001
9214,0.10800000000000001
9215,0.10800000000000001
9216,0.10800000000000001
9217,0.10800000000000001
9218,0.10800000000000001
9219,0.10800000000000001
9220,0.10800000000000001
9221,0.10800000000000001
9222,0.10800000000000001
9223,0.10800000000000001
9224,0.10800000000000001
9225,0.10800000000000001
9226,0.10800000000000001
9227,0.10800000000000001
9228,0.10800000000000001
9229,0.10800000000000001
9230,0.10800000000000001
9231,0.10800000000000001
9232,0.10800000000000001
9233,0.10800000000000001
9234,0.10800000000000001
9235,0.10800000000000001
9236,0.10800000000000001
9237,0.10800000000000001
9238,0.10800000000000001
9239,0.10800000000000001
9240,0.10800000000000001
9241,0.10800000000000001
9242,0.10800000000000001
9243,0.10800000000000001
9244,0.10800000000000001
9245,0.10800000000000001
9246,0.10800000000000001
9247,0.10800000000000001
9248,0.10800000000000001
9249,0.10800000000000001
9250,0.10800000000000001
9251,0.10800000000000001
9252,0.10800000000000001
9253,0.10800000000000001
9254,0.10800000000000001
9255,0.10800000000000001
9256,0.10800000000000001
9257,0.10800000000000001
9258,0.10800000000000001
9259,0.10800000000000001
9260,0.10800000000000001
9261,0.10800000000000001
9262,0.10800000000000001
9263,0.10800000000000001
9264,0.10800000000000001
9265,0.10800000000000001
9266,0.10800000000000001
9267,0.10800000000000001
9268,0.10800000000000001
9269,0.10800000000000001
9270,0.10800000000000001
9271,0.10800000000000001
9272,0.10800000000000001
9273,0.10800000000000001
9274,0.10800000000000001
9275,0.10800000000000001
9276,0.10800000000000001
9277,0.10800000000000001
9278,0.10800000000000001
9279,0.10800000000000001
9280,0.10800000000000001
9281,0.10800000000000001
9282,0.10800000000000001
9283,0.10800000000000001
9284,0.10800000000000001
9285,0.10800000000000001
9286,0.10800000000000001
9287,0.10800000000000001
9288,0.10800000000000001
9289,0.10800000000000001
9290,0.10800000000000001
9291,0.10800000000000001
9292,0.10800000000000001
9293,0.10800000000000001
9294,0.10800000000000001
9295,0.10800000000000001
9296,0.10800000000000001
9297,0.10800000000000001
9298,0.10800000000000001
9299,0.10800000000000001
9300,0.10800000000000001
9301,0.10800000000000001
9302,0.10800000000000001
9303,0.10800000000000001
9304,0.10800000000000001
9305,0.10800000000000001
9306,0.10800000000000001
9307,0.10800000000000001
9308,0.10800000000000001
9309,0.10800000000000001
9310,0.10800000000000001
9311,0.10800000000000001
9312,0.10800000000000001
9313,0.10800000000000001
9314,0.10800000000000001
9315,0.10800000000000001
9316,0.10800000000000001
9317,0.10800000000000001
9318,0.10800000000000001
9319,0.10800000000000001
9320,0.10800000000000001
9321,0.10800000000000001
9322,0.10800000000000001
9323,0.10800000000000001
9324,0.10800000000000001
9325,0.10800000000000001
9326,0.10800000000000001
9327,0.10800000000000001
9328,0.10800000000000001
9329,0.10800000000000001
9330,0.10800000000000001
9331,0.10800000000000001
9332,0.10800000000000001
9333,0.10800000000000001
9334,0.10800000000000001
9335,0.10800000000000001
9336,0.10800000000000001
9337,0.10800000000000001
9338,0.10800000000000001
9339,0.10800000000000001
9340,0.10800000000000001
9341,0.10800000000000001
9342,0.10800000000000001
9343,0.10800000000000001
9344,0.10800000000000001
9345,0.10800000000000001
9346,0.10800000000000001
9347,0.10800000000000001
9348,0.10800000000000001
9349,0.10800000000000001
9350,0.10800000000000001
9351,0.10800000000000001
9352,0.10800000000000001
9353,0.10800000000000001
9354,0.10800000000000001
9355,0.10800000000000001
9356,0.10800000000000001
9357,0.10800000000000001
9358,0.10800000000000001
9359,0.10800000000000001
9360,0.10800000000000001
9361,0.10800000000000001
9362,0.10800000000000001
9363,0.10800000000000001
9364,0.10800000000000001
9365,0.10800000000000001
9366,0.10800000000000001
9367,0.10800000000000001
9368,0.10800000000000001
9369,0.10800000000000001
9370,0.10800000000000001
9371,0.10800000000000001
9372,0.10800000000000001
9373,0.10800000000000001
9374,0.10800000000000001
9375,0.10800000000000001
9376,0.10800000000000001
9377,0.10800000000000001
9378,0.10800000000000001
9379,0.10800000000000001
9380,0.10800000000000001
9381,0.10800000000000001
9382,0.10800000000000001
9383,0.10800000000000001
9384,0.10800000000000001
9385,0.10800000000000001
9386,0.10800000000000001
9387,0.10800000000000001
9388,0.10800000000000001
9389,0.10800000000000001
9390,0.10800000000000001
9391,0.10800000000000001
9392,0.10800000000000001
9393,0.10800000000000001
9394,0.10800000000000001
9395,0.10800000000000001
9396,0.10800000000000001
9397,0.10800000000000001
9398,0.10800000000000001
9399,0.10800000000000001
9400,0.10800000000000001
9401,0.10800000000000001
9402,0.10800000000000001
9403,0.10800000000000001
9404,0.10800000000000001
9405,0.10800000000000001
9406,0.10800000000000001
9407,0.10800000000000001
9408,0.10800000000000001
9409,0.10800000000000001
9410,0.10800000000000001
9411,0.10800000000000001
9412,0.10800000000000001
9413,0.10800000000000001
9414,0.10800000000000001
9415,0.10800000000000001
9416,0.10800000000000001
9417,0.10800000000000001
9418,0.10800000000000001
9419,0.10800000000000001
9420,0.10800000000000001
9421,0.10800000000000001
9422,0.10800000000000001
9423,0.10800000000000001
9424,0.10800000000000001
9425,0.10800000000000001
9426,0.10800000000000001
9427,0.10800000000000001
9428,0.10800000000000001
9429,0.10800000000000001
9430,0.10800000000000001
9431,0.10800000000000001
9432,0.10800000000000001
9433,0.10800000000000001
9434,0.10800000000000001
9435,0.10800000000000001
9436,0.10800000000000001
9437,0.10800000000000001
9438,0.10800000000000001
9439,0.10800000000000001
9440,0.10800000000000001
9441,0.10800000000000001
9442,0.10800000000000001
9443,0.10800000000000001
9444,0.10800000000000001
9445,0.10800000000000001
9446,0.10800000000000001
9447,0.10800000000000001
9448,0.10800000000000001
9449,0.10800000000000001
9450,0.10800000000000001
9451,0.10800000000000001
9452,0.10800000000000001
9453,0.10800000000000001
9454,0.10800000000000001
9455,0.10800000000000001
9456,0.10800000000000001
9457,0.10800000000000001
9458,0.10800000000000001
9459,0.10800000000000001
9460,0.10800000000000001
9461,0.10800000000000001
9462,0.10800000000000001
9463,0.10800000000000001
9464,0.10800000000000001
9465,0.10800000000000001
9466,0.10800000000000001
9467,0.10800000000000001
9468,0.10800000000000001
9469,0.10800000000000001
9470,0.10800000000000001
9471,0.10800000000000001
9472,0.10800000000000001
9473,0.10800000000000001
9474,0.10800000000000001
9475,0.10800000000000001
9476,0.10800000000000001
9477,0.10800000000000001
9478,0.10800000000000001
9479,0.10800000000000001
9480,0.10800000000000001
9481,0.10800000000000001
9482,0.10800000000000001
9483,0.10800000000000001
9484,0.10800000000000001
9485,0.10800000000000001
9486,0.10800000000000001
9487,0.10800000000000001
9488,0.10800000000000001
9489,0.10800000000000001
9490,0.10800000000000001
9491,0.10800000000000001
9492,0.10800000000000001
9493,0.10800000000000001
9494,0.10800000000000001
9495,0.10800000000000001
9496,0.10800000000000001
9497,0.10800000000000001
9498,0.10800000000000001
9499,0.10800000000000001
9500,0.10800000000000001
9501,0.10800000000000001
9502,0.10800000000000001
9503,0.10800000000000001
9504,0.10800000000000001
9505,0.10800000000000001
9506,0.10800000000000001
9507,0.10800000000000001
9508,0.10800000000000001
9509,0.10800000000000001
9510,0.10800000000000001
9511,0.10800000000000001
9512,0.10800000000000001
9513,0.10800000000000001
9514,0.10800000000000001
9515,0.10800000000000001
9516,0.10800000000000001
9517,0.10800000000000001
9518,0.10800000000000001
9519,0.10800000000000001
9520,0.10800000000000001
9521,0.10800000000000001
9522,0.10800000000000001
9523,0.10800000000000001
9524,0.10800000000000001
9525,0.10800000000000001
9526,0.10800000000000001
9527,0.10800000000000001
9528,0.10800000000000001
9529,0.10800000000000001
9530,0.10800000000000001
9531,0.10800000000000001
9532,0.10800000000000001
9533,0.10800000000000001
9534,0.10800000000000001
9535,0.10800000000000001
9536,0.10800000000000001
9537,0.10800000000000001
9538,0.10800000000000001
9539,0.10800000000000001
9540,0.10800000000000001
9541,0.10800000000000001
9542,0.10800000000000001
9543,0.10800000000000001
9544,0.10800000000000001
9545,0.10800000000000001
9546,0.10800000000000001
9547,0.10800000000000001
9548,0.10800000000000001
9549,0.10800000000000001
9550,0.10800000000000001
9551,0.10800000000000001
9552,0.10800000000000001
9553,0.10800000000000001
9554,0.10800000000000001
9555,0.10800000000000001
9556,0.10800000000000001
9557,0.10800000000000001
9558,0.10800000000000001
9559,0.10800000000000001
9560,0.10800000000000001
9561,0.10800000000000001
9562,0.10800000000000001
9563,0.10800000000000001
9564,0.10800000000000001
9565,0.10800000000000001
9566,0.10800000000000001
9567,0.10800000000000001
9568,0.10800000000000001
9569,0.10800000000000001
9570,0.10800000000000001
9571,0.10800000000000001
9572,0.10800000000000001
9573,0.10800000000000001
9574,0.10800000000000001
9575,0.10800000000000001
9576,0.10800000000000001
9577,0.10800000000000001
9578,0.10800000000000001
9579,0.10800000000000001
9580,0.10800000000000001
9581,0.10800000000000001
9582,0.10800000000000001
9583,0.10800000000000001
9584,0.10800000000000001
9585,0.10800000000000001
9586,0.10800000000000001
9587,0.10800000000000001
9588,0.10800000000000001
9589,0.10800000000000001
9590,0.10800000000000001
9591,0.10800000000000001
9592,0.10800000000000001
9593,0.10800000000000001
9594,0.10800000000000001
9595,0.10800000000000001
9596,0.10800000000000001
9597,0.10800000000000001
9598,0.10800000000000001
9599,0.10800000000000001
9600,0.10800000000000001
9601,0.10800000000000001
9602,0.10800000000000001
9603,0.10800000000000001
9604,0.10800000000000001
9605,0.10800000000000001
9606,0.10800000000000001
9607,0.10800000000000001
9608,0.10800000000000001
9609,0.10800000000000001
9610,0.10800000000000001
9611,0.10800000000000001
9612,0.10800000000000001
9613,0.10800000000000001
9614,0.10800000000000001
9615,0.10800000000000001
9616,0.10800000000000001
9617,0.10800000000000001
9618,0.10800000000000001
9619,0.10800000000000001
9620,0.10800000000000001
9621,0.10800000000000001
9622,0.10800000000000001
9623,0.10800000000000001
9624,0.10800000000000001
9625,0.10800000000000001
9626,0.10800000000000001
9627,0.10800000000000001
9628,0.10800000000000001
9629,0.10800000000000001
9630,0.10800000000000001
9631,0.10800000000000001
9632,0.10800000000000001
9633,0.10800000000000001
9634,0.10800000000000001
9635,0.10800000000000001
9636,0.10800000000000001
9637,0.10800000000000001
9638,0.10800000000000001
9639,0.10800000000000001
9640,0.10800000000000001
9641,0.10800000000000001
9642,0.10800000000000001
9643,0.10800000000000001
9644,0.10800000000000001
9645,0.10800000000000001
9646,0.10800000000000001
9647,0.10800000000000001
9648,0.10800000000000001
9649,0.10800000000000001
9650,0.10800000000000001
9651,0.10800000000000001
9652,0.10800000000000001
9653,0.10800000000000001
9654,0.10800000000000001
9655,0.10800000000000001
9656,0.10800000000000001
9657,0.10800000000000001
9658,0.10800000000000001
9659,0.10800000000000001
9660,0.10800000000000001
9661,0.10800000000000001
9662,0.10800000000000001
9663,0.10800000000000001
9664,0.10800000000000001
9665,0.10800000000000001
9666,0.10800000000000001
9667,0.10800000000000001
9668,0.10800000000000001
9669,0.10800000000000001
9670,0.10800000000000001
9671,0.10800000000000001
9672,0.10800000000000001
9673,0.10800000000000001
9674,0.10800000000000001
9675,0.10800000000000001
9676,0.10800000000000001
9677,0.10800000000000001
9678,0.10800000000000001
9679,0.10800000000000001
9680,0.10800000000000001
9681,0.10800000000000001
9682,0.10800000000000001
9683,0.10800000000000001
9684,0.10800000000000001
9685,0.10800000000000001
9686,0.10800000000000001
9687,0.10800000000000001
9688,0.10800000000000001
9689,0.10800000000000001
9690,0.10800000000000001
9691,0.10800000000000001
9692,0.10800000000000001
9693,0.10800000000000001
9694,0.10800000000000001
9695,0.10800000000000001
9696,0.10800000000000001
9697,0.10800000000000001
9698,0.10800000000000001
9699,0.10800000000000001
9700,0.10800000000000001
9701,0.10800000000000001
9702,0.10800000000000001
9703,0.10800000000000001
9704,0.10800000000000001
9705,0.10800000000000001
9706,0.10800000000000001
9707,0.10800000000000001
9708,0.10800000000000001
9709,0.10800000000000001
9710,0.10800000000000001
9711,0.10800000000000001
9712,0.10800000000000001
9713,0.10800000000000001
9714,0.10800000000000001
9715,0.10800000000000001
9716,0.10800000000000001
9717,0.10800000000000001
9718,0.10800000000000001
9719,0.10800000000000001
9720,0.10800000000000001
9721,0.10800000000000001
9722,0.10800000000000001
9723,0.10800000000000001
9724,0.10800000000000001
9725,0.10800000000000001
9726,0.10800000000000001
9727,0.10800000000000001
9728,0.10800000000000001
9729,0.10800000000000001
9730,0.10800000000000001
9731,0.10800000000000001
9732,0.10800000000000001
9733,0.10800000000000001
9734,0.10800000000000001
9735,0.10800000000000001
9736,0.10800000000000001
9737,0.10800000000000001
9738,0.10800000000000001
9739,0.10800000000000001
9740,0.10800000000000001
9741,0.10800000000000001
9742,0.10800000000000001
9743,0.10800000000000001
9744,0.10800000000000001
9745,0.10800000000000001
9746,0.10800000000000001
9747,0.10800000000000001
9748,0.10800000000000001
9749,0.10800000000000001
9750,0.10800000000000001
9751,0.10800000000000001
9752,0.10800000000000001
9753,0.10800000000000001
9754,0.10800000000000001
9755,0.10800000000000001
9756,0.10800000000000001
9757,0.10800000000000001
9758,0.10800000000000001
9759,0.10800000000000001
9760,0.10800000000000001
9761,0.10800000000000001
9762,0.10800000000000001
9763,0.10800000000000001
9764,0.10800000000000001
9765,0.10800000000000001
9766,0.10800000000000001
9767,0.10800000000000001
9768,0.10800000000000001
9769,0.10800000000000001
9770,0.10800000000000001
9771,0.10800000000000001
9772,0.10800000000000001
9773,0.10800000000000001
9774,0.10800000000000001
9775,0.10800000000000001
9776,0.10800000000000001
9777,0.10800000000000001
9778,0.10800000000000001
9779,0.10800000000000001
9780,0.10800000000000001
9781,0.10800000000000001
9782,0.10800000000000001
9783,0.10800000000000001
9784,0.10800000000000001
9785,0.10800000000000001
9786,0.10800000000000001
9787,0.10800000000000001
9788,0.10800000000000001
9789,0.10800000000000001
9790,0.10800000000000001
9791,0.10800000000000001
9792,0.10800000000000001
9793,0.10800000000000001
9794,0.10800000000000001
9795,0.10800000000000001
9796,0.10800000000000001
9797,0.10800000000000001
9798,0.10800000000000001
9799,0.10800000000000001
9800,0.10800000000000001
9801,0.10800000000000001
9802,0.10800000000000001
9803,0.10800000000000001
9804,0.10800000000000001
9805,0.10800000000000001
9806,0.10800000000000001
9807,0.10800000000000001
9808,0.10800000000000001
9809,0.10800000000000001
9810,0.10800000000000001
9811,0.10800000000000001
9812,0.10800000000000001
9813,0.10800000000000001
9814,0.10800000000000001
9815,0.10800000000000001
9816,0.10800000000000001
9817,0.10800000000000001
9818,0.10800000000000001
9819,0.10800000000000001
9820,0.10800000000000001
9821,0.10800000000000001
9822,0.10800000000000001
9823,0.10800000000000001
9824,0.10800000000000001
9825,0.10800000000000001
9826,0.10800000000000001
9827,0.10800000000000001
9828,0.10800000000000001
9829,0.10800000000000001
9830,0.10800000000000001
9831,0.10800000000000001
9832,0.10800000000000001
9833,0.10800000000000001
9834,0.10800000000000001
9835,0.10800000000000001
9836,0.10800000000000001
9837,0.10800000000000001
9838,0.10800000000000001
9839,0.10800000000000001
9840,0.10800000000000001
9841,0.10800000000000001
9842,0.10800000000000001
9843,0.10800000000000001
9844,0.10800000000000001
9845,0.10800000000000001
9846,0.10800000000000001
9847,0.10800000000000001
9848,0.10800000000000001
9849,0.10800000000000001
9850,0.10800000000000001
9851,0.10800000000000001
9852,0.10800000000000001
9853,0.10800000000000001
9854,0.10800000000000001
9855,0.10800000000000001
9856,0.10800000000000001
9857,0.10800000000000001
9858,0.10800000000000001
9859,0.10800000000000001
9860,0.10800000000000001
9861,0.10800000000000001
9862,0.10800000000000001
9863,0.10800000000000001
9864,0.10800000000000001
9865,0.10800000000000001
9866,0.10800000000000001
9867,0.10800000000000001
9868,0.10800000000000001
9869,0.10800000000000001
9870,0.10800000000000001
9871,0.10800000000000001
9872,0.10800000000000001
9873,0.10800000000000001
9874,0.10800000000000001
9875,0.10800000000000001
9876,0.10800000000000001
9877,0.10800000000000001
9878,0.10800000000000001
9879,0.10800000000000001
9880,0.10800000000000001
9881,0.10800000000000001
9882,0.10800000000000001
9883,0.10800000000000001
9884,0.10800000000000001
9885,0.10800000000000001
9886,0.10800000000000001
9887,0.10800000000000001
9888,0.10800000000000001
9889,0.10800000000000001
9890,0.10800000000000001
9891,0.10800000000000001
9892,0.10800000000000001
9893,0.10800000000000001
9894,0.10800000000000001
9895,0.10800000000000001
9896,0.10800000000000001
9897,0.10800000000000001
9898,0.10800000000000001
9899,0.10800000000000001
9900,0.10800000000000001
9901,0.10800000000000001
9902,0.10800000000000001
9903,0.10800000000000001
9904,0.10800000000000001
9905,0.10800000000000001
9906,0.10800000000000001
9907,0.10800000000000001
9908,0.10800000000000001
9909,0.10800000000000001
9910,0.10800000000000001
9911,0.10800000000000001
9912,0.10800000000000001
9913,0.10800000000000001
9914,0.10800000000000001
9915,0.10800000000000001
9916,0.10800000000000001
9917,0.10800000000000001
9918,0.10800000000000001
9919,0.10800000000000001
9920,0.10800000000000001
9921,0.10800000000000001
9922,0.10800000000000001
9923,0.10800000000000001
9924,0.10800000000000001
9925,0.10800000000000001
9926,0.10800000000000001
9927,0.10800000000000001
9928,0.10800000000000001
9929,0.10800000000000001
9930,0.10800000000000001
9931,0.10800000000000001
9932,0.10800000000000001
9933,0.10800000000000001
9934,0.10800000000000001
9935,0.10800000000000001
9936,0.10800000000000001
9937,0.10800000000000001
9938,0.10800000000000001
9939,0.10800000000000001
9940,0.10800000000000001
9941,0.10800000000000001
9942,0.10800000000000001
9943,0.10800000000000001
9944,0.10800000000000001
9945,0.10800000000000001
9946,0.10800000000000001
9947,0.10800000000000001
9948,0.10800000000000001
9949,0.10800000000000001
9950,0.10800000000000001
9951,0.10800000000000001
9952,0.10800000000000001
9953,0.10800000000000001
9954,0.10800000000000001
9955,0.10800000000000001
9956,0.10800000000000001
9957,0.10800000000000001
9958,0.10800000000000001
9959,0.10800000000000001
9960,0.10800000000000001
9961,0.10800000000000001
9962,0.10800000000000001
9963,0.10800000000000001
9964,0.10800000000000001
9965,0.10800000000000001
9966,0.10800000000000001
9967,0.10800000000000001
9968,0.10800000000000001
9969,0.10800000000000001
9970,0.10800000000000001
9971,0.10800000000000001
9972,0.10800000000000001
9973,0.10800000000000001
9974,0.10800000000000001
9975,0.10800000000000001
9976,0.10800000000000001
9977,0.10800000000000001
9978,0.10800000000000001
9979,0.10800000000000001
9980,0.10800000000000001
9981,0.10800000000000001
9982,0.10800000000000001
9983,0.10800000000000001
9984,0.10800000000000001
9985,0.10800000000000001
9986,0.10800000000000001
9987,0.10800000000000001
9988,0.10800000000000001
9989,0.10800000000000001
9990,0.10800000000000001
9991,0.10800000000000001
9992,0.10800000000000001
9993,0.10800000000000001
9994,0.10800000000000001
9995,0.10800000000000001
9996,0.10800000000000001
9997,0.10800000000000001
9998,0.10800000000000001
9999,0.10800000000000001
10000,0.10800000000000001
10001,0.10800000000000001
10002,0.10800000000000001
10003,0.10800000000000001
10004,0.10800000000000001
10005,0.10800000000000001
10006,0.10800000000000001
10007,0.10800000000000001
10008,0.10800000000000001
10009,0.10800000000000001
10010,0.10800000000000001
10011,0.10800000000000001
10012,0.10800000000000001
10013,0.10800000000000001
10014,0.10800000000000001
10015,0.10800000000000001
10016,0.10800000000000001
10017,0.10800000000000001
10018,0.10800000000000001
10019,0.10800000000000001
10020,0.10800000000000001
10021,0.10800000000000001
10022,0.10800000000000001
10023,0.10800000000000001
10024,0.10800000000000001
10025,0.10800000000000001
10026,0.10800000000000001
10027,0.10800000000000001
10028,0.10800000000000001
10029,0.10800000000000001
10030,0.10800000000000001
10031,0.10800000000000001
10032,0.10800000000000001
10033,0.10800000000000001
10034,0.10800000000000001
10035,0.10800000000000001
10036,0.10800000000000001
10037,0.10800000000000001
10038,0.10800000000000001
10039,0.10800000000000001
10040,0.10800000000000001
10041,0.10800000000000001
10042,0.10800000000000001
10043,0.10800000000000001
10044,0.10800000000000001
10045,0.10800000000000001
10046,0.10800000000000001
10047,0.10800000000000001
10048,0.10800000000000001
10049,0.10800000000000001
10050,0.10800000000000001
10051,0.10800000000000001
10052,0.10800000000000001
10053,0.10800000000000001
10054,0.10800000000000001
10055,0.10800000000000001
10056,0.10800000000000001
10057,0.10800000000000001
10058,0.10800000000000001
10059,0.10800000000000001
10060,0.10800000000000001
10061,0.10800000000000001
10062,0.10800000000000001
10063,0.10800000000000001
10064,0.10800000000000001
10065,0.10800000000000001
10066,0.10800000000000001
10067,0.10800000000000001
10068,0.10800000000000001
10069,0.10800000000000001
10070,0.10800000000000001
10071,0.10800000000000001
10072,0.10800000000000001
10073,0.10800000000000001
10074,0.10800000000000001
10075,0.10800000000000001
10076,0.10800000000000001
10077,0.10800000000000001
10078,0.10800000000000001
10079,0.10800000000000001
10080,0.10800000000000001
10081,0.10800000000000001
10082,0.10800000000000001
10083,0.10800000000000001
10084,0.10800000000000001
10085,0.10800000000000001
10086,0.10800000000000001
10087,0.10800000000000001
10088,0.10800000000000001
10089,0.10800000000000001
10090,0.10800000000000001
10091,0.10800000000000001
10092,0.10800000000000001
10093,0.10800000000000001
10094,0.10800000000000001
10095,0.10800000000000001
10096,0.10800000000000001
10097,0.10800000000000001
10098,0.10800000000000001
10099,0.10800000000000001
10100,0.10800000000000001
10101,0.10800000000000001
10102,0.10800000000000001
10103,0.10800000000000001
10104,0.10800000000000001
10105,0.10800000000000001
10106,0.10800000000000001
10107,0.10800000000000001
10108,0.10800000000000001
10109,0.10800000000000001
10110,0.10800000000000001
10111,0.10800000000000001
10112,0.10800000000000001
10113,0.10800000000000001
10114,0.10800000000000001
10115,0.10800000000000001
10116,0.10800000000000001
10117,0.10800000000000001
10118,0.10800000000000001
10119,0.10800000000000001
10120,0.10800000000000001
10121,0.10800000000000001
10122,0.10800000000000001
10123,0.10800000000000001
10124,0.10800000000000001
10125,0.10800000000000001
10126,0.10800000000000001
10127,0.10800000000000001
10128,0.10800000000000001
10129,0.10800000000000001
10130,0.10800000000000001
10131,0.10800000000000001
10132,0.10800000000000001
10133,0.10800000000000001
10134,0.10800000000000001
10135,0.10800000000000001
10136,0.10800000000000001
10137,0.10800000000000001
10138,0.10800000000000001
10139,0.10800000000000001
10140,0.10800000000000001
10141,0.10800000000000001
10142,0.10800000000000001
10143,0.10800000000000001
10144,0.10800000000000001
10145,0.10800000000000001
10146,0.10800000000000001
10147,0.10800000000000001
10148,0.10800000000000001
10149,0.10800000000000001
10150,0.10800000000000001
10151,0.10800000000000001
10152,0.10800000000000001
10153,0.10800000000000001
10154,0.10800000000000001
10155,0.10800000000000001
10156,0.10800000000000001
10157,0.10800000000000001
10158,0.10800000000000001
10159,0.10800000000000001
10160,0.10800000000000001
10161,0.10800000000000001
10162,0.10800000000000001
10163,0.10800000000000001
10164,0.10800000000000001
10165,0.10800000000000001
10166,0.10800000000000001
10167,0.10800000000000001
10168,0.10800000000000001
10169,0.10800000000000001
10170,0.10800000000000001
10171,0.10800000000000001
10172,0.10800000000000001
10173,0.10800000000000001
10174,0.10800000000000001
10175,0.10800000000000001
10176,0.10800000000000001
10177,0.10800000000000001
10178,0.10800000000000001
10179,0.10800000000000001
10180,0.10800000000000001
10181,0.10800000000000001
10182,0.10800000000000001
10183,0.10800000000000001
10184,0.10800000000000001
10185,0.10800000000000001
10186,0.10800000000000001
10187,0.10800000000000001
10188,0.10800000000000001
10189,0.10800000000000001
10190,0.10800000000000001
10191,0.10800000000000001
10192,0.10800000000000001
10193,0.10800000000000001
10194,0.10800000000000001
10195,0.10800000000000001
10196,0.10800000000000001
10197,0.10800000000000001
10198,0.10800000000000001
10199,0.10800000000000001
10200,0.10800000000000001
10201,0.10800000000000001
10202,0.10800000000000001
10203,0.10800000000000001
10204,0.10800000000000001
10205,0.10800000000000001
10206,0.10800000000000001
10207,0.10800000000000001
10208,0.10800000000000001
10209,0.10800000000000001
10210,0.10800000000000001
10211,0.10800000000000001
10212,0.10800000000000001
10213,0.10800000000000001
10214,0.10800000000000001
10215,0.10800000000000001
10216,0.10800000000000001
10217,0.10800000000000001
10218,0.10800000000000001
10219,0.10800000000000001
10220,0.10800000000000001
10221,0.10800000000000001
10222,0.10800000000000001
10223,0.10800000000000001
10224,0.10800000000000001
10225,0.10800000000000001
10226,0.10800000000000001
10227,0.10800000000000001
10228,0.10800000000000001
10229,0.10800000000000001
10230,0.10800000000000001
10231,0.10800000000000001
10232,0.10800000000000001
10233,0.10800000000000001
10234,0.10800000000000001
10235,0.10800000000000001
10236,0.10800000000000001
10237,0.10800000000000001
10238,0.10800000000000001
10239,0.10800000000000001
10240,0.10800000000000001
10241,0.10800000000000001
10242,0.10800000000000001
10243,0.10800000000000001
10244,0.10800000000000001
10245,0.10800000000000001
10246,0.10800000000000001
10247,0.10800000000000001
10248,0.10800000000000001
10249,0.10800000000000001
10250,0.10800000000000001
10251,0.10800000000000001
10252,0.10800000000000001
10253,0.10800000000000001
10254,0.10800000000000001
10255,0.10800000000000001
10256,0.10800000000000001
10257,0.10800000000000001
10258,0.10800000000000001
10259,0.10800000000000001
10260,0.10800000000000001
10261,0.10800000000000001
10262,0.10800000000000001
10263,0.10800000000000001
10264,0.10800000000000001
10265,0.10800000000000001
10266,0.10800000000000001
10267,0.10800000000000001
10268,0.10800000000000001
10269,0.10800000000000001
10270,0.10800000000000001
10271,0.10800000000000001
10272,0.10800000000000001
10273,0.10800000000000001
10274,0.10800000000000001
10275,0.10800000000000001
10276,0.10800000000000001
10277,0.10800000000000001
10278,0.10800000000000001
10279,0.10800000000000001
10280,0.10800000000000001
10281,0.10800000000000001
10282,0.10800000000000001
10283,0.10800000000000001
10284,0.10800000000000001
10285,0.10800000000000001
10286,0.10800000000000001
10287,0.10800000000000001
10288,0.10800000000000001
10289,0.10800000000000001
10290,0.10800000000000001
10291,0.10800000000000001
10292,0.10800000000000001
10293,0.10800000000000001
10294,0.10800000000000001
10295,0.10800000000000001
10296,0.10800000000000001
10297,0.10800000000000001
10298,0.10800000000000001
10299,0.10800000000000001
10300,0.10800000000000001
10301,0.10800000000000001
10302,0.10800000000000001
10303,0.10800000000000001
10304,0.10800000000000001
10305,0.10800000000000001
10306,0.10800000000000001
10307,0.10800000000000001
10308,0.10800000000000001
10309,0.10800000000000001
10310,0.10800000000000001
10311,0.10800000000000001
10312,0.10800000000000001
10313,0.10800000000000001
10314,0.10800000000000001
10315,0.10800000000000001
10316,0.10800000000000001
10317,0.10800000000000001
10318,0.10800000000000001
10319,0.10800000000000001
10320,0.10800000000000001
10321,0.10800000000000001
10322,0.10800000000000001
10323,0.10800000000000001
10324,0.10800000000000001
10325,0.10800000000000001
10326,0.10800000000000001
10327,0.10800000000000001
10328,0.10800000000000001
10329,0.10800000000000001
10330,0.10800000000000001
10331,0.10800000000000001
10332,0.10800000000000001
10333,0.10800000000000001
10334,0.10800000000000001
10335,0.10800000000000001
10336,0.10800000000000001
10337,0.10800000000000001
10338,0.10800000000000001
10339,0.10800000000000001
10340,0.10800000000000001
10341,0.10800000000000001
10342,0.10800000000000001
10343,0.10800000000000001
10344,0.10800000000000001
10345,0.10800000000000001
10346,0.10800000000000001
10347,0.10800000000000001
10348,0.10800000000000001
10349,0.10800000000000001
10350,0.10800000000000001
10351,0.10800000000000001
10352,0.10800000000000001
10353,0.10800000000000001
10354,0.10800000000000001
10355,0.10800000000000001
10356,0.10800000000000001
10357,0.10800000000000001
10358,0.10800000000000001
10359,0.10800000000000001
10360,0.10800000000000001
10361,0.10800000000000001
10362,0.10800000000000001
10363,0.10800000000000001
10364,0.10800000000000001
10365,0.10800000000000001
10366,0.10800000000000001
10367,0.10800000000000001
10368,0.10800000000000001
10369,0.10800000000000001
10370,0.10800000000000001
10371,0.10800000000000001
10372,0.10800000000000001
10373,0.10800000000000001
10374,0.10800000000000001
10375,0.10800000000000001
10376,0.10800000000000001
10377,0.10800000000000001
10378,0.10800000000000001
10379,0.10800000000000001
10380,0.10800000000000001
10381,0.10800000000000001
10382,0.10800000000000001
10383,0.10800000000000001
10384,0.10800000000000001
10385,0.10800000000000001
10386,0.10800000000000001
10387,0.10800000000000001
10388,0.10800000000000001
10389,0.10800000000000001
10390,0.10800000000000001
10391,0.10800000000000001
10392,0.10800000000000001
10393,0.10800000000000001
10394,0.10800000000000001
10395,0.10800000000000001
10396,0.10800000000000001
10397,0.10800000000000001
10398,0.10800000000000001
10399,0.10800000000000001
10400,0.10800000000000001
10401,0.10800000000000001
10402,0.10800000000000001
10403,0.10800000000000001
10404,0.10800000000000001
10405,0.10800000000000001
10406,0.10800000000000001
10407,0.10800000000000001
10408,0.10800000000000001
10409,0.10800000000000001
10410,0.10800000000000001
10411,0.10800000000000001
10412,0.10800000000000001
10413,0.10800000000000001
10414,0.10800000000000001
10415,0.10800000000000001
10416,0.10800000000000001
10417,0.10800000000000001
10418,0.10800000000000001
10419,0.10800000000000001
10420,0.10800000000000001
10421,0.10800000000000001
10422,0.10800000000000001
10423,0.10800000000000001
10424,0.10800000000000001
10425,0.10800000000000001
10426,0.10800000000000001
10427,0.10800000000000001
10428,0.10800000000000001
10429,0.10800000000000001
10430,0.10800000000000001
10431,0.10800000000000001
10432,0.10800000000000001
10433,0.10800000000000001
10434,0.10800000000000001
10435,0.10800000000000001
10436,0.10800000000000001
10437,0.10800000000000001
10438,0.10800000000000001
10439,0.10800000000000001
10440,0.10800000000000001
10441,0.10800000000000001
10442,0.10800000000000001
10443,0.10800000000000001
10444,0.10800000000000001
10445,0.10800000000000001
10446,0.10800000000000001
10447,0.10800000000000001
10448,0.10800000000000001
10449,0.10800000000000001
10450,0.10800000000000001
10451,0.10800000000000001
10452,0.10800000000000001
10453,0.10800000000000001
10454,0.10800000000000001
10455,0.10800000000000001
10456,0.10800000000000001
10457,0.10800000000000001
10458,0.10800000000000001
10459,0.10800000000000001
10460,0.10800000000000001
10461,0.10800000000000001
10462,0.10800000000000001
10463,0.10800000000000001
10464,0.10800000000000001
10465,0.10800000000000001
10466,0.10800000000000001
10467,0.10800000000000001
10468,0.10800000000000001
10469,0.10800000000000001
10470,0.10800000000000001
10471,0.10800000000000001
10472,0.10800000000000001
10473,0.10800000000000001
10474,0.10800000000000001
10475,0.10800000000000001
10476,0.10800000000000001
10477,0.10800000000000001
10478,0.10800000000000001
10479,0.10800000000000001
10480,0.10800000000000001
10481,0.10800000000000001
10482,0.10800000000000001
10483,0.10800000000000001
10484,0.10800000000000001
10485,0.10800000000000001
10486,0.10800000000000001
10487,0.10800000000000001
10488,0.10800000000000001
10489,0.10800000000000001
10490,0.10800000000000001
10491,0.10800000000000001
10492,0.10800000000000001
10493,0.10800000000000001
10494,0.10800000000000001
10495,0.10800000000000001
10496,0.10800000000000001
10497,0.10800000000000001
10498,0.10800000000000001
10499,0.10800000000000001
10500,0.10800000000000001
10501,0.10800000000000001
10502,0.10800000000000001
10503,0.10800000000000001
10504,0.10800000000000001
10505,0.10800000000000001
10506,0.10800000000000001
10507,0.10800000000000001
10508,0.10800000000000001
10509,0.10800000000000001
10510,0.10800000000000001
10511,0.10800000000000001
10512,0.10800000000000001
10513,0.10800000000000001
10514,0.10800000000000001
10515,0.10800000000000001
10516,0.10800000000000001
10517,0.10800000000000001
10518,0.10800000000000001
10519,0.10800000000000001
10520,0.10800000000000001
10521,0.10800000000000001
10522,0.10800000000000001
10523,0.10800000000000001
10524,0.10800000000000001
10525,0.10800000000000001
10526,0.10800000000000001
10527,0.10800000000000001
10528,0.10800000000000001
10529,0.10800000000000001
10530,0.10800000000000001
10531,0.10800000000000001
10532,0.10800000000000001
10533,0.10800000000000001
10534,0.10800000000000001
10535,0.10800000000000001
10536,0.10800000000000001
10537,0.10800000000000001
10538,0.10800000000000001
10539,0.10800000000000001
10540,0.10800000000000001
10541,0.10800000000000001
10542,0.10800000000000001
10543,0.10800000000000001
10544,0.10800000000000001
10545,0.10800000000000001
10546,0.10800000000000001
10547,0.10800000000000001
10548,0.10800000000000001
10549,0.10800000000000001
10550,0.10800000000000001
10551,0.10800000000000001
10552,0.10800000000000001
10553,0.10800000000000001
10554,0.10800000000000001
10555,0.10800000000000001
10556,0.10800000000000001
10557,0.10800000000000001
10558,0.10800000000000001
10559,0.10800000000000001
10560,0.10800000000000001
10561,0.10800000000000001
10562,0.10800000000000001
10563,0.10800000000000001
10564,0.10800000000000001
10565,0.10800000000000001
10566,0.10800000000000001
10567,0.10800000000000001
10568,0.10800000000000001
10569,0.10800000000000001
10570,0.10800000000000001
10571,0.10800000000000001
10572,0.10800000000000001
10573,0.10800000000000001
10574,0.10800000000000001
10575,0.10800000000000001
10576,0.10800000000000001
10577,0.10800000000000001
10578,0.10800000000000001
10579,0.10800000000000001
10580,0.10800000000000001
10581,0.10800000000000001
10582,0.10800000000000001
10583,0.10800000000000001
10584,0.10800000000000001
10585,0.10800000000000001
10586,0.10800000000000001
10587,0.10800000000000001
10588,0.10800000000000001
10589,0.10800000000000001
10590,0.10800000000000001
10591,0.10800000000000001
10592,0.10800000000000001
10593,0.10800000000000001
10594,0.10800000000000001
10595,0.10800000000000001
10596,0.10800000000000001
10597,0.10800000000000001
10598,0.10800000000000001
10599,0.10800000000000001
10600,0.10800000000000001
10601,0.10800000000000001
10602,0.10800000000000001
10603,0.10800000000000001
10604,0.10800000000000001
10605,0.10800000000000001
10606,0.10800000000000001
10607,0.10800000000000001
10608,0.10800000000000001
10609,0.10800000000000001
10610,0.10800000000000001
10611,0.10800000000000001
10612,0.10800000000000001
10613,0.10800000000000001
10614,0.10800000000000001
10615,0.10800000000000001
10616,0.10800000000000001
10617,0.10800000000000001
10618,0.10800000000000001
10619,0.10800000000000001
10620,0.10800000000000001
10621,0.10800000000000001
10622,0.10800000000000001
10623,0.10800000000000001
10624,0.10800000000000001
10625,0.10800000000000001
10626,0.10800000000000001
10627,0.10800000000000001
10628,0.10800000000000001
10629,0.10800000000000001
10630,0.10800000000000001
10631,0.10800000000000001
10632,0.10800000000000001
10633,0.10800000000000001
10634,0.10800000000000001
10635,0.10800000000000001
10636,0.10800000000000001
10637,0.10800000000000001
10638,0.10800000000000001
10639,0.10800000000000001
10640,0.10800000000000001
10641,0.10800000000000001
10642,0.10800000000000001
10643,0.10800000000000001
10644,0.10800000000000001
10645,0.10800000000000001
10646,0.10800000000000001
10647,0.10800000000000001
10648,0.10800000000000001
10649,0.10800000000000001
10650,0.10800000000000001
10651,0.10800000000000001
10652,0.10800000000000001
10653,0.10800000000000001
10654,0.10800000000000001
10655,0.10800000000000001
10656,0.10800000000000001
10657,0.10800000000000001
10658,0.10800000000000001
10659,0.10800000000000001
10660,0.10800000000000001
10661,0.10800000000000001
10662,0.10800000000000001
10663,0.10800000000000001
10664,0.10800000000000001
10665,0.10800000000000001
10666,0.10800000000000001
10667,0.10800000000000001
10668,0.10800000000000001
10669,0.10800000000000001
10670,0.10800000000000001
10671,0.10800000000000001
10672,0.10800000000000001
10673,0.10800000000000001
10674,0.10800000000000001
10675,0.10800000000000001
10676,0.10800000000000001
10677,0.10800000000000001
10678,0.10800000000000001
10679,0.10800000000000001
10680,0.10800000000000001
10681,0.10800000000000001
10682,0.10800000000000001
10683,0.10800000000000001
10684,0.10800000000000001
10685,0.10800000000000001
10686,0.10800000000000001
10687,0.10800000000000001
10688,0.10800000000000001
10689,0.10800000000000001
10690,0.10800000000000001
10691,0.10800000000000001
10692,0.10800000000000001
10693,0.10800000000000001
10694,0.10800000000000001
10695,0.10800000000000001
10696,0.10800000000000001
10697,0.10800000000000001
10698,0.10800000000000001
10699,0.10800000000000001
10700,0.10800000000000001
10701,0.10800000000000001
10702,0.10800000000000001
10703,0.10800000000000001
10704,0.10800000000000001
10705,0.10800000000000001
10706,0.10800000000000001
10707,0.10800000000000001
10708,0.10800000000000001
10709,0.10800000000000001
10710,0.10800000000000001
10711,0.10800000000000001
10712,0.10800000000000001
10713,0.10800000000000001
10714,0.10800000000000001
10715,0.10800000000000001
10716,0.10800000000000001
10717,0.10800000000000001
10718,0.10800000000000001
10719,0.10800000000000001
10720,0.10800000000000001
10721,0.10800000000000001
10722,0.10800000000000001
10723,0.10800000000000001
10724,0.10800000000000001
10725,0.10800000000000001
10726,0.10800000000000001
10727,0.10800000000000001
10728,0.10800000000000001
10729,0.10800000000000001
10730,0.10800000000000001
10731,0.10800000000000001
10732,0.10800000000000001
10733,0.10800000000000001
10734,0.10800000000000001
10735,0.10800000000000001
10736,0.10800000000000001
10737,0.10800000000000001
10738,0.10800000000000001
10739,0.10800000000000001
10740,0.10800000000000001
10741,0.10800000000000001
10742,0.10800000000000001
10743,0.10800000000000001
10744,0.10800000000000001
10745,0.10800000000000001
10746,0.10800000000000001
10747,0.10800000000000001
10748,0.10800000000000001
10749,0.10800000000000001
10750,0.10800000000000001
10751,0.10800000000000001
10752,0.10800000000000001
10753,0.10800000000000001
10754,0.10800000000000001
10755,0.10800000000000001
10756,0.10800000000000001
10757,0.10800000000000001
10758,0.10800000000000001
10759,0.10800000000000001
10760,0.10800000000000001
10761,0.10800000000000001
10762,0.10800000000000001
10763,0.10800000000000001
10764,0.10800000000000001
10765,0.10800000000000001
10766,0.10800000000000001
10767,0.10800000000000001
10768,0.10800000000000001
10769,0.10800000000000001
10770,0.10800000000000001
10771,0.10800000000000001
10772,0.10800000000000001
10773,0.10800000000000001
10774,0.10800000000000001
10775,0.10800000000000001
10776,0.10800000000000001
10777,0.10800000000000001
10778,0.10800000000000001
10779,0.10800000000000001
10780,0.10800000000000001
10781,0.10800000000000001
10782,0.10800000000000001
10783,0.10800000000000001
10784,0.10800000000000001
10785,0.10800000000000001
10786,0.10800000000000001
10787,0.10800000000000001
10788,0.10800000000000001
10789,0.10800000000000001
10790,0.10800000000000001
10791,0.10800000000000001
10792,0.10800000000000001
10793,0.10800000000000001
10794,0.10800000000000001
10795,0.10800000000000001
10796,0.10800000000000001
10797,0.10800000000000001
10798,0.10800000000000001
10799,0.10800000000000001
10800,0.10800000000000001
0,0.14833333333333334
1,0.14833333333333334
2,0.128
3,0.128
4,0.128
5,0.128
6,0.128
7,0.128
8,0.128
9,0.128
10,0.128
11,0.128
12,0.128
13,0.128
14,0.128
15,0.128
16,0.128
17,0.1275
18,0.12666666666666668
19,0.12583333333333332
20,0.125
21,0.1248
22,0.1246
23,0.1244
24,0.1242
25,0.124
26,0.124
27,0.124
28,0.124
29,0.124
30,0.124
31,0.124
32,0.124
33,0.124
34,0.124
35,0.124
36,0.124
37,0.124
38,0.124
39,0.124
40,0.12325
41,0.1225
42,0.12233333333333334
43,0.12216666666666666
44,0.122
45,0.12183333333333334
46,0.12166666666666666
47,0.1215
48,0.12133333333333333
49,0.12116666666666666
50,0.121
51,0.12083333333333333
52,0.12066666666666666
53,0.1205
54,0.12033333333333333
55,0.12016666666666666
56,0.12
57,0.12
58,0.12
59,0.12
60,0.12
61,0.12
62,0.12
63,0.12
64,0.12
65,0.12
66,0.12
67,0.12
68,0.12
69,0.12
70,0.12
71,0.12
72,0.12
73,0.12
74,0.12
75,0.12
76,0.12
77,0.12
78,0.12
79,0.12
80,0.12
81,0.12
82,0.12
83,0.12
84,0.12
85,0.12
86,0.12
87,0.12
88,0.12
89,0.12
90,0.12
91,0.12
92,0.12
93,0.12
94,0.12
95,0.12
96,0.12
97,0.12
98,0.12
99,0.12
100,0.12
101,0.12
102,0.12
103,0.12
104,0.12
105,0.12
106,0.12
107,0.12
108,0.12
109,0.12
110,0.12
111,0.12
112,0.12
113,0.12
114,0.12
115,0.12
116,0.12
117,0.12
118,0.12
119,0.12
120,0.12
121,0.12
122,0.12
123,0.12
124,0.12
125,0.12
126,0.12
127,0.12
128,0.12
129,0.12
130,0.12
131,0.12
132,0.12
133,0.12
134,0.12
135,0.12
136,0.12
137,0.12
138,0.12
139,0.12
140,0.12
141,0.12
142,0.12
143,0.12
144,0.12
145,0.12
146,0.12
147,0.12
148,0.12
149,0.12
150,0.12
151,0.12
152,0.12
153,0.12
154,0.12
155,0.12
156,0.12
157,0.12
158,0.12
159,0.12
160,0.12
161,0.12
162,0.12
163,0.12
164,0.12
165,0.12
166,0.12
167,0.12
168,0.12
169,0.12
170,0.12
171,0.12
172,0.12
173,0.12
174,0.12
175,0.12
176,0.12
177,0.12
178,0.12
179,0.12
180,0.12
181,0.12
182,0.12
183,0.12
184,0.12
185,0.12
186,0.12
187,0.12
188,0.12
189,0.12
190,0.12
191,0.12
192,0.12
193,0.12
194,0.12
195,0.12
196,0.12
197,0.12
198,0.12
199,0.12
200,0.12
201,0.12
202,0.12
203,0.12
204,0.12
205,0.12
206,0.12
207,0.12
208,0.12
209,0.12
210,0.12
211,0.12
212,0.12
213,0.12
214,0.12
215,0.12
216,0.12
217,0.12
218,0.12
219,0.12
220,0.12
221,0.12
222,0.12
223,0.12
224,0.12
225,0.12
226,0.12
227,0.12
228,0.12
229,0.12
230,0.12
231,0.12
232,0.12
233,0.12
234,0.12
235,0.12
236,0.12
237,0.12
238,0.12
239,0.12
240,0.12
241,0.12
242,0.12
243,0.12
244,0.12
245,0.12
246,0.12
247,0.12
248,0.12
249,0.12
250,0.12
251,0.12
252,0.12
253,0.12
254,0.12
255,0.12
256,0.11985714285714286
257,0.11971428571428572
258,0.11957142857142858
259,0.11942857142857143
260,0.11928571428571429
261,0.11914285714285715
262,0.11900000000000001
263,0.11900000000000001
264,0.11900000000000001
265,0.11900000000000001
266,0.11900000000000001
267,0.11900000000000001
268,0.11900000000000001
269,0.11900000000000001
270,0.11900000000000001
271,0.11900000000000001
272,0.11900000000000001
273,0.11900000000000001
274,0.11900000000000001
275,0.11900000000000001
276,0.11900000000000001
277,0.11900000000000001
278,0.11900000000000001
279,0.11900000000000001
280,0.11900000000000001
281,0.11900000000000001
282,0.11900000000000001
283,0.11900000000000001
284,0.11900000000000001
285,0.11900000000000001
286,0.11900000000000001
287,0.11900000000000001
288,0.11900000000000001
289,0.11900000000000001
290,0.11900000000000001
291,0.11900000000000001
292,0.11900000000000001
293,0.11900000000000001
294,0.11900000000000001
295,0.11900000000000001
296,0.11900000000000001
297,0.11900000000000001
298,0.11900000000000001
299,0.11900000000000001
300,0.11900000000000001
301,0.11900000000000001
302,0.11900000000000001
303,0.11900000000000001
304,0.11900000000000001
305,0.11900000000000001
306,0.11900000000000001
307,0.11900000000000001
308,0.11900000000000001
309,0.11900000000000001
310,0.11900000000000001
311,0.11900000000000001
312,0.11900000000000001
313,0.11900000000000001
314,0.11900000000000001
315,0.11900000000000001
316,0.11900000000000001
317,0.11900000000000001
318,0.11900000000000001
319,0.11900000000000001
320,0.11900000000000001
321,0.11900000000000001
322,0.11900000000000001
323,0.11900000000000001
324,0.11900000000000001
325,0.11900000000000001
326,0.11900000000000001
327,0.11900000000000001
328,0.11900000000000001
329,0.11900000000000001
330,0.11900000000000001
331,0.11900000000000001
332,0.11900000000000001
333,0.11900000000000001
334,0.11900000000000001
335,0.11900000000000001
336,0.11900000000000001
337,0.11900000000000001
338,0.11900000000000001
339,0.11900000000000001
340,0.11900000000000001
341,0.11900000000000001
342,0.11900000000000001
343,0.11900000000000001
344,0.11900000000000001
345,0.11900000000000001
346,0.11900000000000001
347,0.11900000000000001
348,0.11900000000000001
349,0.11900000000000001
350,0.11900000000000001
351,0.11900000000000001
352,0.11900000000000001
353,0.11900000000000001
354,0.11900000000000001
355,0.11900000000000001
356,0.11900000000000001
357,0.11900000000000001
358,0.11900000000000001
359,0.11900000000000001
360,0.11900000000000001
361,0.11900000000000001
362,0.11900000000000001
363,0.11900000000000001
364,0.11900000000000001
365,0.11900000000000001
366,0.11900000000000001
367,0.11900000000000001
368,0.11900000000000001
369,0.11900000000000001
370,0.11900000000000001
371,0.11900000000000001
372,0.11900000000000001
373,0.11900000000000001
374,0.11900000000000001
375,0.11900000000000001
376,0.11900000000000001
377,0.11900000000000001
378,0.11900000000000001
379,0.11900000000000001
380,0.11900000000000001
381,0.11900000000000001
382,0.11900000000000001
383,0.11900000000000001
384,0.11900000000000001
385,0.11900000000000001
386,0.11900000000000001
387,0.11900000000000001
388,0.11900000000000001
389,0.11900000000000001
390,0.11900000000000001
391,0.11900000000000001
392,0.11900000000000001
393,0.11900000000000001
394,0.11900000000000001
395,0.11900000000000001
396,0.11900000000000001
397,0.11900000000000001
398,0.11900000000000001
399,0.11900000000000001
400,0.11900000000000001
401,0.11900000000000001
402,0.11900000000000001
403,0.11900000000000001
404,0.11800000000000001
405,0.11800000000000001
406,0.11800000000000001
407,0.11800000000000001
408,0.11800000000000001
409,0.11800000000000001
410,0.11800000000000001
411,0.11800000000000001
412,0.11800000000000001
413,0.11800000000000001
414,0.11800000000000001
415,0.11800000000000001
416,0.11800000000000001
417,0.11800000000000001
418,0.11800000000000001
419,0.11800000000000001
420,0.11800000000000001
421,0.11800000000000001
422,0.11800000000000001
423,0.11800000000000001
424,0.11800000000000001
425,0.11800000000000001
426,0.11800000000000001
427,0.11800000000000001
428,0.11800000000000001
429,0.11800000000000001
430,0.11800000000000001
431,0.11800000000000001
432,0.11800000000000001
433,0.11800000000000001
434,0.11800000000000001
435,0.11800000000000001
436,0.11800000000000001
437,0.11800000000000001
438,0.11800000000000001
439,0.11800000000000001
440,0.11800000000000001
441,0.11800000000000001
442,0.11800000000000001
443,0.11800000000000001
444,0.11800000000000001
445,0.11800000000000001
446,0.11800000000000001
447,0.11800000000000001
448,0.11800000000000001
449,0.11800000000000001
450,0.11800000000000001
451,0.11800000000000001
452,0.11800000000000001
453,0.11800000000000001
454,0.11800000000000001
455,0.11800000000000001
456,0.11800000000000001
457,0.11800000000000001
458,0.11800000000000001
459,0.11800000000000001
460,0.11800000000000001
461,0.11800000000000001
462,0.11800000000000001
463,0.11800000000000001
464,0.11800000000000001
465,0.11800000000000001
466,0.11800000000000001
467,0.11800000000000001
468,0.11800000000000001
469,0.11800000000000001
470,0.11800000000000001
471,0.11800000000000001
472,0.11800000000000001
473,0.11800000000000001
474,0.11800000000000001
475,0.11800000000000001
476,0.11800000000000001
477,0.11800000000000001
478,0.11800000000000001
479,0.11800000000000001
480,0.11800000000000001
481,0.11800000000000001
482,0.11800000000000001
483,0.11800000000000001
484,0.11800000000000001
485,0.11800000000000001
486,0.11800000000000001
487,0.11800000000000001
488,0.11800000000000001
489,0.11800000000000001
490,0.11800000000000001
491,0.11800000000000001
492,0.11800000000000001
493,0.11800000000000001
494,0.11800000000000001
495,0.11800000000000001
496,0.11800000000000001
497,0.11800000000000001
498,0.11800000000000001
499,0.11800000000000001
500,0.11800000000000001
501,0.11800000000000001
502,0.11800000000000001
503,0.11800000000000001
504,0.11800000000000001
505,0.11800000000000001
506,0.11800000000000001
507,0.11800000000000001
508,0.11800000000000001
509,0.11800000000000001
510,0.11800000000000001
511,0.11800000000000001
512,0.11800000000000001
513,0.11800000000000001
514,0.11800000000000001
515,0.11800000000000001
516,0.11800000000000001
517,0.11800000000000001
518,0.11800000000000001
519,0.11800000000000001
520,0.11800000000000001
521,0.11800000000000001
522,0.11800000000000001
523,0.11800000000000001
524,0.11800000000000001
525,0.11800000000000001
526,0.11800000000000001
527,0.11800000000000001
528,0.11800000000000001
529,0.11800000000000001
530,0.11800000000000001
531,0.11800000000000001
532,0.11800000000000001
533,0.11800000000000001
534,0.11800000000000001
535,0.11800000000000001
536,0.11800000000000001
537,0.11800000000000001
538,0.11800000000000001
539,0.11800000000000001
540,0.11800000000000001
541,0.11800000000000001
542,0.11800000000000001
543,0.11800000000000001
544,0.11800000000000001
545,0.11800000000000001
546,0.11800000000000001
547,0.11800000000000001
548,0.11800000000000001
549,0.11800000000000001
550,0.11800000000000001
551,0.11800000000000001
552,0.11800000000000001
553,0.11800000000000001
554,0.11800000000000001
555,0.11800000000000001
556,0.11800000000000001
557,0.11800000000000001
558,0.11800000000000001
559,0.11800000000000001
560,0.11800000000000001
561,0.11800000000000001
562,0.11800000000000001
563,0.11800000000000001
564,0.11800000000000001
565,0.11800000000000001
566,0.11800000000000001
567,0.11800000000000001
568,0.11800000000000001
569,0.11800000000000001
570,0.11800000000000001
571,0.11800000000000001
572,0.11800000000000001
573,0.11800000000000001
574,0.11800000000000001
575,0.11800000000000001
576,0.11800000000000001
577,0.11800000000000001
578,0.11800000000000001
579,0.11800000000000001
580,0.11800000000000001
581,0.11800000000000001
582,0.11800000000000001
583,0.11800000000000001
584,0.11800000000000001
585,0.11800000000000001
586,0.11800000000000001
587,0.11800000000000001
588,0.11800000000000001
589,0.11800000000000001
590,0.11800000000000001
591,0.11800000000000001
592,0.11800000000000001
593,0.11800000000000001
594,0.11800000000000001
595,0.11800000000000001
596,0.11800000000000001
597,0.11800000000000001
598,0.11800000000000001
599,0.11800000000000001
600,0.11800000000000001
601,0.11800000000000001
602,0.11800000000000001
603,0.11800000000000001
604,0.11800000000000001
605,0.11800000000000001
606,0.11800000000000001
607,0.11800000000000001
608,0.11800000000000001
609,0.11800000000000001
610,0.11800000000000001
611,0.11800000000000001
612,0.11800000000000001
613,0.11800000000000001
614,0.11800000000000001
615,0.11800000000000001
616,0.11800000000000001
617,0.11800000000000001
618,0.11800000000000001
619,0.11800000000000001
620,0.11800000000000001
621,0.11800000000000001
622,0.11800000000000001
623,0.11800000000000001
624,0.11800000000000001
625,0.11800000000000001
626,0.11800000000000001
627,0.11800000000000001
628,0.11800000000000001
629,0.11800000000000001
630,0.11800000000000001
631,0.11800000000000001
632,0.11800000000000001
633,0.11800000000000001
634,0.11800000000000001
635,0.11800000000000001
636,0.11800000000000001
637,0.11800000000000001
638,0.11800000000000001
639,0.11800000000000001
640,0.11800000000000001
641,0.11800000000000001
642,0.11800000000000001
643,0.11800000000000001
644,0.11800000000000001
645,0.11800000000000001
646,0.11800000000000001
647,0.11800000000000001
648,0.11800000000000001
649,0.11800000000000001
650,0.11800000000000001
651,0.11800000000000001
652,0.11800000000000001
653,0.11800000000000001
654,0.11800000000000001
655,0.11800000000000001
656,0.11800000000000001
657,0.11800000000000001
658,0.11800000000000001
659,0.11800000000000001
660,0.11800000000000001
661,0.11800000000000001
662,0.11800000000000001
663,0.11800000000000001
664,0.11800000000000001
665,0.11800000000000001
666,0.11800000000000001
667,0.11800000000000001
668,0.11800000000000001
669,0.11800000000000001
670,0.11800000000000001
671,0.11800000000000001
672,0.11800000000000001
673,0.11800000000000001
674,0.11800000000000001
675,0.11800000000000001
676,0.11800000000000001
677,0.11800000000000001
678,0.11800000000000001
679,0.11800000000000001
680,0.11800000000000001
681,0.11800000000000001
682,0.11800000000000001
683,0.11800000000000001
684,0.11800000000000001
685,0.11800000000000001
686,0.11800000000000001
687,0.11800000000000001
688,0.11800000000000001
689,0.11800000000000001
690,0.11800000000000001
691,0.11800000000000001
692,0.11800000000000001
693,0.11800000000000001
694,0.11800000000000001
695,0.11800000000000001
696,0.11800000000000001
697,0.11800000000000001
698,0.11800000000000001
699,0.11800000000000001
700,0.11800000000000001
701,0.11800000000000001
702,0.11800000000000001
703,0.11800000000000001
704,0.11800000000000001
705,0.11800000000000001
706,0.11800000000000001
707,0.11800000000000001
708,0.11800000000000001
709,0.11800000000000001
710,0.11800000000000001
711,0.11800000000000001
712,0.11800000000000001
713,0.11800000000000001
714,0.11800000000000001
715,0.11800000000000001
716,0.11800000000000001
717,0.11800000000000001
718,0.11800000000000001
719,0.11800000000000001
720,0.11800000000000001
721,0.11800000000000001
722,0.11800000000000001
723,0.11800000000000001
724,0.11800000000000001
725,0.11800000000000001
726,0.11800000000000001
727,0.11800000000000001
728,0.11800000000000001
729,0.11800000000000001
730,0.11800000000000001
731,0.11800000000000001
732,0.11800000000000001
733,0.11800000000000001
734,0.11800000000000001
735,0.11800000000000001
736,0.11800000000000001
737,0.11800000000000001
738,0.11800000000000001
739,0.11800000000000001
740,0.11800000000000001
741,0.11800000000000001
742,0.11800000000000001
743,0.11800000000000001
744,0.11800000000000001
745,0.11800000000000001
746,0.11800000000000001
747,0.11800000000000001
748,0.11800000000000001
749,0.11800000000000001
750,0.11800000000000001
751,0.11800000000000001
752,0.11800000000000001
753,0.11800000000000001
754,0.11800000000000001
755,0.11800000000000001
756,0.11800000000000001
757,0.11800000000000001
758,0.11800000000000001
759,0.11800000000000001
760,0.11800000000000001
761,0.11800000000000001
762,0.11800000000000001
763,0.11800000000000001
764,0.11800000000000001
765,0.11800000000000001
766,0.11800000000000001
767,0.11800000000000001
768,0.11800000000000001
769,0.11800000000000001
770,0.11800000000000001
771,0.11800000000000001
772,0.11800000000000001
773,0.11800000000000001
774,0.11800000000000001
775,0.11800000000000001
776,0.11800000000000001
777,0.11800000000000001
778,0.11800000000000001
779,0.11800000000000001
780,0.11800000000000001
781,0.11800000000000001
782,0.11800000000000001
783,0.11800000000000001
784,0.11800000000000001
785,0.11800000000000001
786,0.11800000000000001
787,0.11800000000000001
788,0.11800000000000001
789,0.11800000000000001
790,0.11800000000000001
791,0.11800000000000001
792,0.11800000000000001
793,0.11800000000000001
794,0.11800000000000001
795,0.11800000000000001
796,0.11800000000000001
797,0.11800000000000001
798,0.11800000000000001
799,0.11800000000000001
800,0.11800000000000001
801,0.11800000000000001
802,0.11800000000000001
803,0.11800000000000001
804,0.11800000000000001
805,0.11800000000000001
806,0.11800000000000001
807,0.11800000000000001
808,0.11800000000000001
809,0.11800000000000001
810,0.11800000000000001
811,0.11800000000000001
812,0.11800000000000001
813,0.11800000000000001
814,0.11800000000000001
815,0.11800000000000001
816,0.11800000000000001
817,0.11800000000000001
818,0.11800000000000001
819,0.11800000000000001
820,0.11800000000000001
821,0.11800000000000001
822,0.11800000000000001
823,0.11800000000000001
824,0.11800000000000001
825,0.11800000000000001
826,0.11800000000000001
827,0.11800000000000001
828,0.11800000000000001
829,0.11800000000000001
830,0.11800000000000001
831,0.11800000000000001
832,0.11800000000000001
833,0.11800000000000001
834,0.11800000000000001
835,0.11800000000000001
836,0.11800000000000001
837,0.11800000000000001
838,0.11800000000000001
839,0.11800000000000001
840,0.11800000000000001
841,0.11800000000000001
842,0.11800000000000001
843,0.11800000000000001
844,0.11800000000000001
845,0.11800000000000001
846,0.11800000000000001
847,0.11800000000000001
848,0.11800000000000001
849,0.11800000000000001
850,0.11800000000000001
851,0.11800000000000001
852,0.11800000000000001
853,0.11800000000000001
854,0.11800000000000001
855,0.11800000000000001
856,0.11800000000000001
857,0.11800000000000001
858,0.11800000000000001
859,0.11800000000000001
860,0.11800000000000001
861,0.11800000000000001
862,0.11800000000000001
863,0.11800000000000001
864,0.11800000000000001
865,0.11800000000000001
866,0.11800000000000001
867,0.11800000000000001
868,0.11800000000000001
869,0.11800000000000001
870,0.11800000000000001
871,0.11800000000000001
872,0.11800000000000001
873,0.11800000000000001
874,0.11800000000000001
875,0.11800000000000001
876,0.11800000000000001
877,0.11800000000000001
878,0.11800000000000001
879,0.11800000000000001
880,0.11800000000000001
881,0.11800000000000001
882,0.11800000000000001
883,0.11800000000000001
884,0.11800000000000001
885,0.11800000000000001
886,0.11800000000000001
887,0.11800000000000001
888,0.11800000000000001
889,0.11800000000000001
890,0.11800000000000001
891,0.11800000000000001
892,0.11800000000000001
893,0.11800000000000001
894,0.11800000000000001
895,0.11800000000000001
896,0.11800000000000001
897,0.11800000000000001
898,0.11800000000000001
899,0.11800000000000001
900,0.11800000000000001
901,0.11800000000000001
902,0.11800000000000001
903,0.11800000000000001
904,0.11800000000000001
905,0.11800000000000001
906,0.11800000000000001
907,0.11800000000000001
908,0.11800000000000001
909,0.11800000000000001
910,0.11800000000000001
911,0.11800000000000001
912,0.11800000000000001
913,0.11800000000000001
914,0.11800000000000001
915,0.11800000000000001
916,0.11800000000000001
917,0.11800000000000001
918,0.11800000000000001
919,0.11800000000000001
920,0.11800000000000001
921,0.11800000000000001
922,0.11800000000000001
923,0.11800000000000001
924,0.11800000000000001
925,0.11800000000000001
926,0.11800000000000001
927,0.11800000000000001
928,0.11800000000000001
929,0.11800000000000001
930,0.11800000000000001
931,0.11800000000000001
932,0.11800000000000001
933,0.11800000000000001
934,0.11800000000000001
935,0.11800000000000001
936,0.11800000000000001
937,0.11800000000000001
938,0.11800000000000001
939,0.11800000000000001
940,0.11800000000000001
941,0.11800000000000001
942,0.11800000000000001
943,0.11800000000000001
944,0.11800000000000001
945,0.11800000000000001
946,0.11800000000000001
947,0.11800000000000001
948,0.11800000000000001
949,0.11800000000000001
950,0.11800000000000001
951,0.11800000000000001
952,0.11800000000000001
953,0.11800000000000001
954,0.11800000000000001
955,0.11800000000000001
956,0.11800000000000001
957,0.11800000000000001
958,0.11800000000000001
959,0.11800000000000001
960,0.11800000000000001
961,0.11800000000000001
962,0.11800000000000001
963,0.11800000000000001
964,0.11800000000000001
965,0.11800000000000001
966,0.11800000000000001
967,0.11800000000000001
968,0.11800000000000001
969,0.11800000000000001
970,0.11800000000000001
971,0.11800000000000001
972,0.11800000000000001
973,0.11800000000000001
974,0.11800000000000001
975,0.11800000000000001
976,0.11800000000000001
977,0.11800000000000001
978,0.11800000000000001
979,0.11800000000000001
980,0.11800000000000001
981,0.11800000000000001
982,0.11800000000000001
983,0.11800000000000001
984,0.11800000000000001
985,0.11800000000000001
986,0.11800000000000001
987,0.11800000000000001
988,0.11800000000000001
989,0.11800000000000001
990,0.11800000000000001
991,0.11800000000000001
992,0.11800000000000001
993,0.11800000000000001
994,0.11800000000000001
995,0.11800000000000001
996,0.11800000000000001
997,0.11800000000000001
998,0.11800000000000001
999,0.11800000000000001
1000,0.11800000000000001
1001,0.11800000000000001
1002,0.11800000000000001
1003,0.11800000000000001
1004,0.11800000000000001
1005,0.11800000000000001
1006,0.11800000000000001
1007,0.11800000000000001
1008,0.11800000000000001
1009,0.11800000000000001
1010,0.11800000000000001
1011,0.11800000000000001
1012,0.11800000000000001
1013,0.11800000000000001
1014,0.11800000000000001
1015,0.11800000000000001
1016,0.11800000000000001
1017,0.11800000000000001
1018,0.11800000000000001
1019,0.11800000000000001
1020,0.11800000000000001
1021,0.11800000000000001
1022,0.11800000000000001
1023,0.11800000000000001
1024,0.11800000000000001
1025,0.11800000000000001
1026,0.11800000000000001
1027,0.11800000000000001
1028,0.11800000000000001
1029,0.11800000000000001
1030,0.11800000000000001
1031,0.11800000000000001
1032,0.11800000000000001
1033,0.11800000000000001
1034,0.11800000000000001
1035,0.11800000000000001
1036,0.11800000000000001
1037,0.11800000000000001
1038,0.11800000000000001
1039,0.11800000000000001
1040,0.11800000000000001
1041,0.11800000000000001
1042,0.11800000000000001
1043,0.11800000000000001
1044,0.11800000000000001
1045,0.11800000000000001
1046,0.11800000000000001
1047,0.11800000000000001
1048,0.11800000000000001
1049,0.11800000000000001
1050,0.11800000000000001
1051,0.11800000000000001
1052,0.11800000000000001
1053,0.11800000000000001
1054,0.11800000000000001
1055,0.11800000000000001
1056,0.11800000000000001
1057,0.11800000000000001
1058,0.11800000000000001
1059,0.11800000000000001
1060,0.11800000000000001
1061,0.11800000000000001
1062,0.11800000000000001
1063,0.11800000000000001
1064,0.11800000000000001
1065,0.11800000000000001
1066,0.11800000000000001
1067,0.11800000000000001
1068,0.11800000000000001
1069,0.11800000000000001
1070,0.11800000000000001
1071,0.11800000000000001
1072,0.11800000000000001
1073,0.11800000000000001
1074,0.11800000000000001
1075,0.11800000000000001
1076,0.11800000000000001
1077,0.11800000000000001
1078,0.11800000000000001
1079,0.11800000000000001
1080,0.11800000000000001
1081,0.11800000000000001
1082,0.11800000000000001
1083,0.11800000000000001
1084,0.11800000000000001
1085,0.11800000000000001
1086,0.11800000000000001
1087,0.11800000000000001
1088,0.11800000000000001
1089,0.11800000000000001
1090,0.11800000000000001
1091,0.11800000000000001
1092,0.11800000000000001
1093,0.11800000000000001
1094,0.11800000000000001
1095,0.11800000000000001
1096,0.11800000000000001
1097,0.11800000000000001
1098,0.11800000000000001
1099,0.11800000000000001
1100,0.11800000000000001
1101,0.11800000000000001
1102,0.11800000000000001
1103,0.11800000000000001
1104,0.11800000000000001
1105,0.11800000000000001
1106,0.11800000000000001
1107,0.11800000000000001
1108,0.11800000000000001
1109,0.11800000000000001
1110,0.11800000000000001
1111,0.11800000000000001
1112,0.11800000000000001
1113,0.11800000000000001
1114,0.11800000000000001
1115,0.11800000000000001
1116,0.11800000000000001
1117,0.11800000000000001
1118,0.11800000000000001
1119,0.11800000000000001
1120,0.11800000000000001
1121,0.11800000000000001
1122,0.11800000000000001
1123,0.11800000000000001
1124,0.11800000000000001
1125,0.11800000000000001
1126,0.11800000000000001
1127,0.11800000000000001
1128,0.11800000000000001
1129,0.11800000000000001
1130,0.11800000000000001
1131,0.11800000000000001
1132,0.11800000000000001
1133,0.11800000000000001
1134,0.11800000000000001
1135,0.11800000000000001
1136,0.11800000000000001
1137,0.11800000000000001
1138,0.11800000000000001
1139,0.11800000000000001
1140,0.11800000000000001
1141,0.11800000000000001
1142,0.11800000000000001
1143,0.11800000000000001
1144,0.11800000000000001
1145,0.11800000000000001
1146,0.11800000000000001
1147,0.11800000000000001
1148,0.11800000000000001
1149,0.11800000000000001
1150,0.11800000000000001
1151,0.11800000000000001
1152,0.11800000000000001
1153,0.11800000000000001
1154,0.11800000000000001
1155,0.11800000000000001
1156,0.11800000000000001
1157,0.11800000000000001
1158,0.11800000000000001
1159,0.11800000000000001
1160,0.11800000000000001
1161,0.11800000000000001
1162,0.11800000000000001
1163,0.11800000000000001
1164,0.11800000000000001
1165,0.11800000000000001
1166,0.11800000000000001
1167,0.11800000000000001
1168,0.11800000000000001
1169,0.11800000000000001
1170,0.11800000000000001
1171,0.11800000000000001
1172,0.11800000000000001
1173,0.11800000000000001
1174,0.11800000000000001
1175,0.11800000000000001
1176,0.11800000000000001
1177,0.11800000000000001
1178,0.11800000000000001
1179,0.11800000000000001
1180,0.11800000000000001
1181,0.11800000000000001
1182,0.11800000000000001
1183,0.11800000000000001
1184,0.11800000000000001
1185,0.11800000000000001
1186,0.11800000000000001
1187,0.11800000000000001
1188,0.11800000000000001
1189,0.11800000000000001
1190,0.11800000000000001
1191,0.11800000000000001
1192,0.11800000000000001
1193,0.11800000000000001
1194,0.11800000000000001
1195,0.11800000000000001
1196,0.11800000000000001
1197,0.11800000000000001
1198,0.11800000000000001
1199,0.11800000000000001
1200,0.11800000000000001
1201,0.11800000000000001
1202,0.11800000000000001
1203,0.11800000000000001
1204,0.11800000000000001
1205,0.11800000000000001
1206,0.11800000000000001
1207,0.11800000000000001
1208,0.11800000000000001
1209,0.11800000000000001
1210,0.11800000000000001
1211,0.11800000000000001
1212,0.11800000000000001
1213,0.11800000000000001
1214,0.11800000000000001
1215,0.11800000000000001
1216,0.11800000000000001
1217,0.11800000000000001
1218,0.11800000000000001
1219,0.11800000000000001
1220,0.11800000000000001
1221,0.11800000000000001
1222,0.11800000000000001
1223,0.11800000000000001
1224,0.11800000000000001
1225,0.11800000000000001
1226,0.11800000000000001
1227,0.11800000000000001
1228,0.11800000000000001
1229,0.11800000000000001
1230,0.11800000000000001
1231,0.11800000000000001
1232,0.11800000000000001
1233,0.11800000000000001
1234,0.11800000000000001
1235,0.11800000000000001
1236,0.11800000000000001
1237,0.11800000000000001
1238,0.11800000000000001
1239,0.11800000000000001
1240,0.11800000000000001
1241,0.11800000000000001
1242,0.11800000000000001
1243,0.11800000000000001
1244,0.11800000000000001
1245,0.11800000000000001
1246,0.11800000000000001
1247,0.11800000000000001
1248,0.11800000000000001
1249,0.11800000000000001
1250,0.11800000000000001
1251,0.11800000000000001
1252,0.11800000000000001
1253,0.11800000000000001
1254,0.11800000000000001
1255,0.11800000000000001
1256,0.11800000000000001
1257,0.11800000000000001
1258,0.11800000000000001
1259,0.11800000000000001
1260,0.11800000000000001
1261,0.11800000000000001
1262,0.11800000000000001
1263,0.11800000000000001
1264,0.11800000000000001
1265,0.11800000000000001
1266,0.11800000000000001
1267,0.11800000000000001
1268,0.11800000000000001
1269,0.11800000000000001
1270,0.11800000000000001
1271,0.11800000000000001
1272,0.11800000000000001
1273,0.11800000000000001
1274,0.11800000000000001
1275,0.11800000000000001
1276,0.11800000000000001
1277,0.11800000000000001
1278,0.11800000000000001
1279,0.11800000000000001
1280,0.11800000000000001
1281,0.11800000000000001
1282,0.11800000000000001
1283,0.11800000000000001
1284,0.11800000000000001
1285,0.11800000000000001
1286,0.11800000000000001
1287,0.11800000000000001
1288,0.11800000000000001
1289,0.11800000000000001
1290,0.11800000000000001
1291,0.11800000000000001
1292,0.11800000000000001
1293,0.11800000000000001
1294,0.11800000000000001
1295,0.11800000000000001
1296,0.11800000000000001
1297,0.11800000000000001
1298,0.11800000000000001
1299,0.11800000000000001
1300,0.11800000000000001
1301,0.11800000000000001
1302,0.11800000000000001
1303,0.11800000000000001
1304,0.11800000000000001
1305,0.11800000000000001
1306,0.11800000000000001
1307,0.11800000000000001
1308,0.11800000000000001
1309,0.11800000000000001
1310,0.11800000000000001
1311,0.11800000000000001
1312,0.11800000000000001
1313,0.11800000000000001
1314,0.11800000000000001
1315,0.11800000000000001
1316,0.11800000000000001
1317,0.11800000000000001
1318,0.11800000000000001
1319,0.11800000000000001
1320,0.11800000000000001
1321,0.11800000000000001
1322,0.11800000000000001
1323,0.11800000000000001
1324,0.11800000000000001
1325,0.11800000000000001
1326,0.11800000000000001
1327,0.11800000000000001
1328,0.11800000000000001
1329,0.11800000000000001
1330,0.11800000000000001
1331,0.11800000000000001
1332,0.11800000000000001
1333,0.11800000000000001
1334,0.11800000000000001
1335,0.11800000000000001
1336,0.11800000000000001
1337,0.11800000000000001
1338,0.11800000000000001
1339,0.11800000000000001
1340,0.11800000000000001
1341,0.11800000000000001
1342,0.11800000000000001
1343,0.11800000000000001
1344,0.11800000000000001
1345,0.11800000000000001
1346,0.11800000000000001
1347,0.11800000000000001
1348,0.11800000000000001
1349,0.11800000000000001
1350,0.11800000000000001
1351,0.11800000000000001
1352,0.11800000000000001
1353,0.11800000000000001
1354,0.11800000000000001
1355,0.11800000000000001
1356,0.11800000000000001
1357,0.11800000000000001
1358,0.11800000000000001
1359,0.11800000000000001
1360,0.11800000000000001
1361,0.11800000000000001
1362,0.11800000000000001
1363,0.11800000000000001
1364,0.11800000000000001
1365,0.11800000000000001
1366,0.11800000000000001
1367,0.11800000000000001
1368,0.11800000000000001
1369,0.11800000000000001
1370,0.11800000000000001
1371,0.11800000000000001
1372,0.11800000000000001
1373,0.11800000000000001
1374,0.11800000000000001
1375,0.11800000000000001
1376,0.11800000000000001
1377,0.11800000000000001
1378,0.11800000000000001
1379,0.11800000000000001
1380,0.11800000000000001
1381,0.11800000000000001
1382,0.11800000000000001
1383,0.11800000000000001
1384,0.11800000000000001
1385,0.11800000000000001
1386,0.11800000000000001
1387,0.11800000000000001
1388,0.11800000000000001
1389,0.11800000000000001
1390,0.11800000000000001
1391,0.11800000000000001
1392,0.11800000000000001
1393,0.11800000000000001
1394,0.11800000000000001
1395,0.11800000000000001
1396,0.11800000000000001
1397,0.11800000000000001
1398,0.11800000000000001
1399,0.11800000000000001
1400,0.11800000000000001
1401,0.11800000000000001
1402,0.11800000000000001
1403,0.11800000000000001
1404,0.11800000000000001
1405,0.11800000000000001
1406,0.11800000000000001
1407,0.11800000000000001
1408,0.11800000000000001
1409,0.11800000000000001
1410,0.11800000000000001
1411,0.11800000000000001
1412,0.11800000000000001
1413,0.11800000000000001
1414,0.11800000000000001
1415,0.11800000000000001
1416,0.11800000000000001
1417,0.11800000000000001
1418,0.11800000000000001
1419,0.11800000000000001
1420,0.11800000000000001
1421,0.11800000000000001
1422,0.11800000000000001
1423,0.11800000000000001
1424,0.11800000000000001
1425,0.11800000000000001
1426,0.11800000000000001
1427,0.11800000000000001
1428,0.11800000000000001
1429,0.11800000000000001
1430,0.11800000000000001
1431,0.11800000000000001
1432,0.11800000000000001
1433,0.11800000000000001
1434,0.11800000000000001
1435,0.11800000000000001
1436,0.11800000000000001
1437,0.11800000000000001
1438,0.11800000000000001
1439,0.11800000000000001
1440,0.11800000000000001
1441,0.11800000000000001
1442,0.11800000000000001
1443,0.11800000000000001
1444,0.11800000000000001
1445,0.11800000000000001
1446,0.11800000000000001
1447,0.11800000000000001
1448,0.11800000000000001
1449,0.11800000000000001
1450,0.11800000000000001
1451,0.11800000000000001
1452,0.11800000000000001
1453,0.11800000000000001
1454,0.11800000000000001
1455,0.11800000000000001
1456,0.11800000000000001
1457,0.11800000000000001
1458,0.11800000000000001
1459,0.11800000000000001
1460,0.11800000000000001
1461,0.11800000000000001
1462,0.11800000000000001
1463,0.11800000000000001
1464,0.11800000000000001
1465,0.11800000000000001
1466,0.11800000000000001
1467,0.11800000000000001
1468,0.11800000000000001
1469,0.11800000000000001
1470,0.11800000000000001
1471,0.11800000000000001
1472,0.11800000000000001
1473,0.11800000000000001
1474,0.11800000000000001
1475,0.11800000000000001
1476,0.11800000000000001
1477,0.11800000000000001
1478,0.11800000000000001
1479,0.11800000000000001
1480,0.11800000000000001
1481,0.11800000000000001
1482,0.11800000000000001
1483,0.11800000000000001
1484,0.11800000000000001
1485,0.11800000000000001
1486,0.11800000000000001
1487,0.11800000000000001
1488,0.11800000000000001
1489,0.11800000000000001
1490,0.11800000000000001
1491,0.11800000000000001
1492,0.11800000000000001
1493,0.11800000000000001
1494,0.11800000000000001
1495,0.11800000000000001
1496,0.11800000000000001
1497,0.11800000000000001
1498,0.11800000000000001
1499,0.11800000000000001
1500,0.11800000000000001
1501,0.11800000000000001
1502,0.11800000000000001
1503,0.11800000000000001
1504,0.11800000000000001
1505,0.11800000000000001
1506,0.11800000000000001
1507,0.11800000000000001
1508,0.11800000000000001
1509,0.11800000000000001
1510,0.11800000000000001
1511,0.11800000000000001
1512,0.11800000000000001
1513,0.11800000000000001
1514,0.11800000000000001
1515,0.11800000000000001
1516,0.11800000000000001
1517,0.11800000000000001
1518,0.11800000000000001
1519,0.11800000000000001
1520,0.11800000000000001
1521,0.11800000000000001
1522,0.11800000000000001
1523,0.11800000000000001
1524,0.11800000000000001
1525,0.11800000000000001
1526,0.11800000000000001
1527,0.11800000000000001
1528,0.11800000000000001
1529,0.11800000000000001
1530,0.11800000000000001
1531,0.11800000000000001
1532,0.11800000000000001
1533,0.11800000000000001
1534,0.11800000000000001
1535,0.11800000000000001
1536,0.11800000000000001
1537,0.11800000000000001
1538,0.11800000000000001
1539,0.11800000000000001
1540,0.11800000000000001
1541,0.11800000000000001
1542,0.11800000000000001
1543,0.11800000000000001
1544,0.11800000000000001
1545,0.11800000000000001
1546,0.11800000000000001
1547,0.11800000000000001
1548,0.11800000000000001
1549,0.11800000000000001
1550,0.11800000000000001
1551,0.11800000000000001
1552,0.11800000000000001
1553,0.11800000000000001
1554,0.11800000000000001
1555,0.11800000000000001
1556,0.11800000000000001
1557,0.11800000000000001
1558,0.11800000000000001
1559,0.11800000000000001
1560,0.11800000000000001
1561,0.11800000000000001
1562,0.11800000000000001
1563,0.11800000000000001
1564,0.11800000000000001
1565,0.11800000000000001
1566,0.11800000000000001
1567,0.11800000000000001
1568,0.11800000000000001
1569,0.11800000000000001
1570,0.11800000000000001
1571,0.11800000000000001
1572,0.11800000000000001
1573,0.11800000000000001
1574,0.11800000000000001
1575,0.11800000000000001
1576,0.11800000000000001
1577,0.11800000000000001
1578,0.11800000000000001
1579,0.11800000000000001
1580,0.11800000000000001
1581,0.11800000000000001
1582,0.11800000000000001
1583,0.11800000000000001
1584,0.11800000000000001
1585,0.11800000000000001
1586,0.11800000000000001
1587,0.11800000000000001
1588,0.11800000000000001
1589,0.11800000000000001
1590,0.11800000000000001
1591,0.11800000000000001
1592,0.11800000000000001
1593,0.11800000000000001
1594,0.11800000000000001
1595,0.11800000000000001
1596,0.11800000000000001
1597,0.11800000000000001
1598,0.11800000000000001
1599,0.11800000000000001
1600,0.11800000000000001
1601,0.11800000000000001
1602,0.11800000000000001
1603,0.11800000000000001
1604,0.11800000000000001
1605,0.11800000000000001
1606,0.11800000000000001
1607,0.11800000000000001
1608,0.11800000000000001
1609,0.11800000000000001
1610,0.11800000000000001
1611,0.11800000000000001
1612,0.11800000000000001
1613,0.11800000000000001
1614,0.11800000000000001
1615,0.11800000000000001
1616,0.11800000000000001
1617,0.11800000000000001
1618,0.11800000000000001
1619,0.11800000000000001
1620,0.11800000000000001
1621,0.11800000000000001
1622,0.11800000000000001
1623,0.11800000000000001
1624,0.11800000000000001
1625,0.11800000000000001
1626,0.11800000000000001
1627,0.11800000000000001
1628,0.11800000000000001
1629,0.11800000000000001
1630,0.11800000000000001
1631,0.11800000000000001
1632,0.11800000000000001
1633,0.11800000000000001
1634,0.11800000000000001
1635,0.11800000000000001
1636,0.11800000000000001
1637,0.11800000000000001
1638,0.11800000000000001
1639,0.11800000000000001
1640,0.11800000000000001
1641,0.11800000000000001
1642,0.11800000000000001
1643,0.11800000000000001
1644,0.11800000000000001
1645,0.11800000000000001
1646,0.11800000000000001
1647,0.11800000000000001
1648,0.11800000000000001
1649,0.11800000000000001
1650,0.11800000000000001
1651,0.11800000000000001
1652,0.11800000000000001
1653,0.11800000000000001
1654,0.11800000000000001
1655,0.11800000000000001
1656,0.11800000000000001
1657,0.11800000000000001
1658,0.11800000000000001
1659,0.11800000000000001
1660,0.11800000000000001
1661,0.11796296296296296
1662,0.11792592592592593
1663,0.11788888888888889
1664,0.11785185185185186
1665,0.11781481481481482
1666,0.11777777777777779
1667,0.11774074074074074
1668,0.11770370370370371
1669,0.11766666666666667
1670,0.11762962962962963
1671,0.1175925925925926
1672,0.11755555555555555
1673,0.11751851851851852
1674,0.11748148148148148
1675,0.11744444444444445
1676,0.1174074074074074
1677,0.11737037037037037
1678,0.11733333333333333
1679,0.11729629629629629
1680,0.11725925925925926
1681,0.11722222222222221
1682,0.11718518518518518
1683,0.11714814814814814
1684,0.11711111111111111
1685,0.11707407407407407
1686,0.11703703703703704
1687,0.11699999999999999
1688,0.11699999999999999
1689,0.11699999999999999
1690,0.11699999999999999
1691,0.11699999999999999
1692,0.11699999999999999
1693,0.11699999999999999
1694,0.11699999999999999
1695,0.11699999999999999
1696,0.11699999999999999
1697,0.11699999999999999
1698,0.11699999999999999
1699,0.11699999999999999
1700,0.11699999999999999
1701,0.11699999999999999
1702,0.11699999999999999
1703,0.11699999999999999
1704,0.11699999999999999
1705,0.11699999999999999
1706,0.11699999999999999
1707,0.11699999999999999
1708,0.11699999999999999
1709,0.11699999999999999
1710,0.11699999999999999
1711,0.11699999999999999
1712,0.11699999999999999
1713,0.11699999999999999
1714,0.11699999999999999
1715,0.11699999999999999
1716,0.11699999999999999
1717,0.11699999999999999
1718,0.11699999999999999
1719,0.11699999999999999
1720,0.11699999999999999
1721,0.11699999999999999
1722,0.11699999999999999
1723,0.11699999999999999
1724,0.11699999999999999
1725,0.11699999999999999
1726,0.11699999999999999
1727,0.11699999999999999
1728,0.11699999999999999
1729,0.11699999999999999
1730,0.11699999999999999
1731,0.11699999999999999
1732,0.11699999999999999
1733,0.11699999999999999
1734,0.11699999999999999
1735,0.11699999999999999
1736,0.11699999999999999
1737,0.11699999999999999
1738,0.11699999999999999
1739,0.11699999999999999
1740,0.11699999999999999
1741,0.11699999999999999
1742,0.11699999999999999
1743,0.11699999999999999
1744,0.11699999999999999
1745,0.11699999999999999
1746,0.11699999999999999
1747,0.11699999999999999
1748,0.11699999999999999
1749,0.11699999999999999
1750,0.11699999999999999
1751,0.11699999999999999
1752,0.11699999999999999
1753,0.11699999999999999
1754,0.11699999999999999
1755,0.11699999999999999
1756,0.11699999999999999
1757,0.11699999999999999
1758,0.11699999999999999
1759,0.11699999999999999
1760,0.11699999999999999
1761,0.11699999999999999
1762,0.11699999999999999
1763,0.11699999999999999
1764,0.11699999999999999
1765,0.11699999999999999
1766,0.11699999999999999
1767,0.11699999999999999
1768,0.11699999999999999
1769,0.11699999999999999
1770,0.11699999999999999
1771,0.11699999999999999
1772,0.11699999999999999
1773,0.11699999999999999
1774,0.11699999999999999
1775,0.11699999999999999
1776,0.11699999999999999
1777,0.11699999999999999
1778,0.11699999999999999
1779,0.11699999999999999
1780,0.11699999999999999
1781,0.11699999999999999
1782,0.11699999999999999
1783,0.11699999999999999
1784,0.11699999999999999
1785,0.11699999999999999
1786,0.11699999999999999
1787,0.11699999999999999
1788,0.11699999999999999
1789,0.11699999999999999
1790,0.11699999999999999
1791,0.11699999999999999
1792,0.11699999999999999
1793,0.11699999999999999
1794,0.11699999999999999
1795,0.11699999999999999
1796,0.11699999999999999
1797,0.11699999999999999
1798,0.11699999999999999
1799,0.11699999999999999
1800,0.11699999999999999
1801,0.11699999999999999
1802,0.11699999999999999
1803,0.11699999999999999
1804,0.11699999999999999
1805,0.11699999999999999
1806,0.11699999999999999
1807,0.11699999999999999
1808,0.11699999999999999
1809,0.11699999999999999
1810,0.11699999999999999
1811,0.11699999999999999
1812,0.11699999999999999
1813,0.11699999999999999
1814,0.11699999999999999
1815,0.11699999999999999
1816,0.11699999999999999
1817,0.11699999999999999
1818,0.11699999999999999
1819,0.11699999999999999
1820,0.11699999999999999
1821,0.11699999999999999
1822,0.11699999999999999
1823,0.11699999999999999
1824,0.11699999999999999
1825,0.11699999999999999
1826,0.11699999999999999
1827,0.11699999999999999
1828,0.11699999999999999
1829,0.11699999999999999
1830,0.11699999999999999
1831,0.11699999999999999
1832,0.11699999999999999
1833,0.11699999999999999
1834,0.11699999999999999
1835,0.11699999999999999
1836,0.11699999999999999
1837,0.11699999999999999
1838,0.11699999999999999
1839,0.11699999999999999
1840,0.11699999999999999
1841,0.11699999999999999
1842,0.11699999999999999
1843,0.11699999999999999
1844,0.11699999999999999
1845,0.11699999999999999
1846,0.11699999999999999
1847,0.11699999999999999
1848,0.11699999999999999
1849,0.11699999999999999
1850,0.11699999999999999
1851,0.11699999999999999
1852,0.11699999999999999
1853,0.11699999999999999
1854,0.11699999999999999
1855,0.11699999999999999
1856,0.11699999999999999
1857,0.11699999999999999
1858,0.11699999999999999
1859,0.11699999999999999
1860,0.11699999999999999
1861,0.11699999999999999
1862,0.11699999999999999
1863,0.11699999999999999
1864,0.11699999999999999
1865,0.11699999999999999
1866,0.11699999999999999
1867,0.11699999999999999
1868,0.11699999999999999
1869,0.11699999999999999
1870,0.11699999999999999
1871,0.11699999999999999
1872,0.11699999999999999
1873,0.11699999999999999
1874,0.11699999999999999
1875,0.11699999999999999
1876,0.11699999999999999
1877,0.11699999999999999
1878,0.11699999999999999
1879,0.11699999999999999
1880,0.11699999999999999
1881,0.11699999999999999
1882,0.11699999999999999
1883,0.11699999999999999
1884,0.11699999999999999
1885,0.11699999999999999
1886,0.11699999999999999
1887,0.11699999999999999
1888,0.11699999999999999
1889,0.11699999999999999
1890,0.11699999999999999
1891,0.11699999999999999
1892,0.11699999999999999
1893,0.11699999999999999
1894,0.11699999999999999
1895,0.11699999999999999
1896,0.11699999999999999
1897,0.11699999999999999
1898,0.11699999999999999
1899,0.11699999999999999
1900,0.11699999999999999
1901,0.11699999999999999
1902,0.11699999999999999
1903,0.11699999999999999
1904,0.11699999999999999
1905,0.11699999999999999
1906,0.11699999999999999
1907,0.11699999999999999
1908,0.11699999999999999
1909,0.11699999999999999
1910,0.11699999999999999
1911,0.11699999999999999
1912,0.11699999999999999
1913,0.11699999999999999
1914,0.11699999999999999
1915,0.11699999999999999
1916,0.11699999999999999
1917,0.11699999999999999
1918,0.11699999999999999
1919,0.11699999999999999
1920,0.11699999999999999
1921,0.11699999999999999
1922,0.11699999999999999
1923,0.11699999999999999
1924,0.11699999999999999
1925,0.11699999999999999
1926,0.11699999999999999
1927,0.11699999999999999
1928,0.11699999999999999
1929,0.11699999999999999
1930,0.11699999999999999
1931,0.11699999999999999
1932,0.11699999999999999
1933,0.11699999999999999
1934,0.11699999999999999
1935,0.11699999999999999
1936,0.11699999999999999
1937,0.11699999999999999
1938,0.11699999999999999
1939,0.11699999999999999
1940,0.11699999999999999
1941,0.11699999999999999
1942,0.11699999999999999
1943,0.11699999999999999
1944,0.11699999999999999
1945,0.11699999999999999
1946,0.11699999999999999
1947,0.11699999999999999
1948,0.11699999999999999
1949,0.11699999999999999
1950,0.11699999999999999
1951,0.11699999999999999
1952,0.11699999999999999
1953,0.11699999999999999
1954,0.11699999999999999
1955,0.11699999999999999
1956,0.11699999999999999
1957,0.11699999999999999
1958,0.11699999999999999
1959,0.11699999999999999
1960,0.11699999999999999
1961,0.11699999999999999
1962,0.11699999999999999
1963,0.11699999999999999
1964,0.11699999999999999
1965,0.11699999999999999
1966,0.11699999999999999
1967,0.11699999999999999
1968,0.11699999999999999
1969,0.11699999999999999
1970,0.11699999999999999
1971,0.11699999999999999
1972,0.11699999999999999
1973,0.11699999999999999
1974,0.11699999999999999
1975,0.11699999999999999
1976,0.11699999999999999
1977,0.11699999999999999
1978,0.11699999999999999
1979,0.11699999999999999
1980,0.11699999999999999
1981,0.11699999999999999
1982,0.11699999999999999
1983,0.11699999999999999
1984,0.11699999999999999
1985,0.11699999999999999
1986,0.11699999999999999
1987,0.11699999999999999
1988,0.11699999999999999
1989,0.11699999999999999
1990,0.11699999999999999
1991,0.11699999999999999
1992,0.11699999999999999
1993,0.11699999999999999
1994,0.11699999999999999
1995,0.11699999999999999
1996,0.11699999999999999
1997,0.11699999999999999
1998,0.11699999999999999
1999,0.11699999999999999
2000,0.11699999999999999
2001,0.11699999999999999
2002,0.11699999999999999
2003,0.11699999999999999
2004,0.11699999999999999
2005,0.11699999999999999
2006,0.11699999999999999
2007,0.11699999999999999
2008,0.11699999999999999
2009,0.11699999999999999
2010,0.11699999999999999
2011,0.11699999999999999
2012,0.11699999999999999
2013,0.11699999999999999
2014,0.11699999999999999
2015,0.11699999999999999
2016,0.11699999999999999
2017,0.11699999999999999
2018,0.11699999999999999
2019,0.11699999999999999
2020,0.11699999999999999
2021,0.11699999999999999
2022,0.11699999999999999
2023,0.11699999999999999
2024,0.11699999999999999
2025,0.11699999999999999
2026,0.11699999999999999
2027,0.11699999999999999
2028,0.11699999999999999
2029,0.11699999999999999
2030,0.11699999999999999
2031,0.11699999999999999
2032,0.11699999999999999
2033,0.11699999999999999
2034,0.11699999999999999
2035,0.11699999999999999
2036,0.11699999999999999
2037,0.11699999999999999
2038,0.11699999999999999
2039,0.11699999999999999
2040,0.11699999999999999
2041,0.11699999999999999
2042,0.11699999999999999
2043,0.11699999999999999
2044,0.11699999999999999
2045,0.11699999999999999
2046,0.11699999999999999
2047,0.11699999999999999
2048,0.11699999999999999
2049,0.11699999999999999
2050,0.11699999999999999
2051,0.11699999999999999
2052,0.11699999999999999
2053,0.11699999999999999
2054,0.11699999999999999
2055,0.11699999999999999
2056,0.11699999999999999
2057,0.11699999999999999
2058,0.11699999999999999
2059,0.11699999999999999
2060,0.11699999999999999
2061,0.11699999999999999
2062,0.11699999999999999
2063,0.11699999999999999
2064,0.11699999999999999
2065,0.11699999999999999
2066,0.11699999999999999
2067,0.11699999999999999
2068,0.11699999999999999
2069,0.11699999999999999
2070,0.11699999999999999
2071,0.11699999999999999
2072,0.11699999999999999
2073,0.11699999999999999
2074,0.11699999999999999
2075,0.11699999999999999
2076,0.11699999999999999
2077,0.11699999999999999
2078,0.11699999999999999
2079,0.11699999999999999
2080,0.11699999999999999
2081,0.11699999999999999
2082,0.11699999999999999
2083,0.11699999999999999
2084,0.11699999999999999
2085,0.11699999999999999
2086,0.11699999999999999
2087,0.11699999999999999
2088,0.11699999999999999
2089,0.11699999999999999
2090,0.11699999999999999
2091,0.11699999999999999
2092,0.11699999999999999
2093,0.11699999999999999
2094,0.11699999999999999
2095,0.11699999999999999
2096,0.11699999999999999
2097,0.11699999999999999
2098,0.11699999999999999
2099,0.11699999999999999
2100,0.11699999999999999
2101,0.11699999999999999
2102,0.11699999999999999
2103,0.11699999999999999
2104,0.11699999999999999
2105,0.11699999999999999
2106,0.11699999999999999
2107,0.11699999999999999
2108,0.11699999999999999
2109,0.11699999999999999
2110,0.11699999999999999
2111,0.11699999999999999
2112,0.11699999999999999
2113,0.11699999999999999
2114,0.11699999999999999
2115,0.11699999999999999
2116,0.11699999999999999
2117,0.11699999999999999
2118,0.11699999999999999
2119,0.11699999999999999
2120,0.11699999999999999
2121,0.11699999999999999
2122,0.11699999999999999
2123,0.11699999999999999
2124,0.11699999999999999
2125,0.11699999999999999
2126,0.11699999999999999
2127,0.11699999999999999
2128,0.11699999999999999
2129,0.11699999999999999
2130,0.11699999999999999
2131,0.11699999999999999
2132,0.11699999999999999
2133,0.11699999999999999
2134,0.11699999999999999
2135,0.11699999999999999
2136,0.11699999999999999
2137,0.11699999999999999
2138,0.11699999999999999
2139,0.11699999999999999
2140,0.11699999999999999
2141,0.11699999999999999
2142,0.11699999999999999
2143,0.11699999999999999
2144,0.11699999999999999
2145,0.11699999999999999
2146,0.11699999999999999
2147,0.11699999999999999
2148,0.11699999999999999
2149,0.11699999999999999
2150,0.11699999999999999
2151,0.11699999999999999
2152,0.11699999999999999
2153,0.11699999999999999
2154,0.11699999999999999
2155,0.11699999999999999
2156,0.11699999999999999
2157,0.11699999999999999
2158,0.11699999999999999
2159,0.11699999999999999
2160,0.11699999999999999
2161,0.11699999999999999
2162,0.11699999999999999
2163,0.11699999999999999
2164,0.11699999999999999
2165,0.11699999999999999
2166,0.11699999999999999
2167,0.11699999999999999
2168,0.11699999999999999
2169,0.11699999999999999
2170,0.11699999999999999
2171,0.11699999999999999
2172,0.11699999999999999
2173,0.11699999999999999
2174,0.11699999999999999
2175,0.11699999999999999
2176,0.11699999999999999
2177,0.11699999999999999
2178,0.11699999999999999
2179,0.11699999999999999
2180,0.11699999999999999
2181,0.11699999999999999
2182,0.11699999999999999
2183,0.11699999999999999
2184,0.11699999999999999
2185,0.11699999999999999
2186,0.11699999999999999
2187,0.11699999999999999
2188,0.11699999999999999
2189,0.11699999999999999
2190,0.11699999999999999
2191,0.11699999999999999
2192,0.11699999999999999
2193,0.11699999999999999
2194,0.11699999999999999
2195,0.11699999999999999
2196,0.11699999999999999
2197,0.11699999999999999
2198,0.11699999999999999
2199,0.11699999999999999
2200,0.11699999999999999
2201,0.11699999999999999
2202,0.11699999999999999
2203,0.11699999999999999
2204,0.11699999999999999
2205,0.11699999999999999
2206,0.11699999999999999
2207,0.11699999999999999
2208,0.11699999999999999
2209,0.11699999999999999
2210,0.11699999999999999
2211,0.11699999999999999
2212,0.11699999999999999
2213,0.11699999999999999
2214,0.11699999999999999
2215,0.11699999999999999
2216,0.11699999999999999
2217,0.11699999999999999
2218,0.11699999999999999
2219,0.11699999999999999
2220,0.11699999999999999
2221,0.11699999999999999
2222,0.11699999999999999
2223,0.11699999999999999
2224,0.11699999999999999
2225,0.11699999999999999
2226,0.11699999999999999
2227,0.11699999999999999
2228,0.11699999999999999
2229,0.11699999999999999
2230,0.11699999999999999
2231,0.11699999999999999
2232,0.11699999999999999
2233,0.11699999999999999
2234,0.11699999999999999
2235,0.11699999999999999
2236,0.11699999999999999
2237,0.11699999999999999
2238,0.11699999999999999
2239,0.11699999999999999
2240,0.11699999999999999
2241,0.11699999999999999
2242,0.11699999999999999
2243,0.11699999999999999
2244,0.11699999999999999
2245,0.11699999999999999
2246,0.11699999999999999
2247,0.11699999999999999
2248,0.11699999999999999
2249,0.11699999999999999
2250,0.11699999999999999
2251,0.11699999999999999
2252,0.11699999999999999
2253,0.11699999999999999
2254,0.11699999999999999
2255,0.11699999999999999
2256,0.11699999999999999
2257,0.11699999999999999
2258,0.11699999999999999
2259,0.11699999999999999
2260,0.11699999999999999
2261,0.11699999999999999
2262,0.11699999999999999
2263,0.11699999999999999
2264,0.11699999999999999
2265,0.11699999999999999
2266,0.11699999999999999
2267,0.11699999999999999
2268,0.11699999999999999
2269,0.11699999999999999
2270,0.11699999999999999
2271,0.11699999999999999
2272,0.11699999999999999
2273,0.11699999999999999
2274,0.11699999999999999
2275,0.11699999999999999
2276,0.11699999999999999
2277,0.11699999999999999
2278,0.11699999999999999
2279,0.11699999999999999
2280,0.11699999999999999
2281,0.11699999999999999
2282,0.11699999999999999
2283,0.11699999999999999
2284,0.11699999999999999
2285,0.11699999999999999
2286,0.11699999999999999
2287,0.11699999999999999
2288,0.11699999999999999
2289,0.11699999999999999
2290,0.11699999999999999
2291,0.11699999999999999
2292,0.11699999999999999
2293,0.11699999999999999
2294,0.11699999999999999
2295,0.11699999999999999
2296,0.11699999999999999
2297,0.11699999999999999
2298,0.11699999999999999
2299,0.11699999999999999
2300,0.11699999999999999
2301,0.11699999999999999
2302,0.11699999999999999
2303,0.11699999999999999
2304,0.11699999999999999
2305,0.11699999999999999
2306,0.11699999999999999
2307,0.11699999999999999
2308,0.11699999999999999
2309,0.11699999999999999
2310,0.11699999999999999
2311,0.11699999999999999
2312,0.11699999999999999
2313,0.11699999999999999
2314,0.11699999999999999
2315,0.11699999999999999
2316,0.11699999999999999
2317,0.11699999999999999
2318,0.11699999999999999
2319,0.11699999999999999
2320,0.11699999999999999
2321,0.11699999999999999
2322,0.11699999999999999
2323,0.11699999999999999
2324,0.11699999999999999
2325,0.11699999999999999
2326,0.11699999999999999
2327,0.11699999999999999
2328,0.11699999999999999
2329,0.11699999999999999
2330,0.11699999999999999
2331,0.11699999999999999
2332,0.11699999999999999
2333,0.11699999999999999
2334,0.11699999999999999
2335,0.11699999999999999
2336,0.11699999999999999
2337,0.11699999999999999
2338,0.11699999999999999
2339,0.11699999999999999
2340,0.11699999999999999
2341,0.11699999999999999
2342,0.11699999999999999
2343,0.11699999999999999
2344,0.11699999999999999
2345,0.11699999999999999
2346,0.11699999999999999
2347,0.11699999999999999
2348,0.11699999999999999
2349,0.11699999999999999
2350,0.11699999999999999
2351,0.11699999999999999
2352,0.11699999999999999
2353,0.11699999999999999
2354,0.11699999999999999
2355,0.11699999999999999
2356,0.11699999999999999
2357,0.11699999999999999
2358,0.11699999999999999
2359,0.11699999999999999
2360,0.11699999999999999
2361,0.11699999999999999
2362,0.11699999999999999
2363,0.11699999999999999
2364,0.11699999999999999
2365,0.11699999999999999
2366,0.11699999999999999
2367,0.11699999999999999
2368,0.11699999999999999
2369,0.11699999999999999
2370,0.11699999999999999
2371,0.11699999999999999
2372,0.11699999999999999
2373,0.11699999999999999
2374,0.11699999999999999
2375,0.11699999999999999
2376,0.11699999999999999
2377,0.11699999999999999
2378,0.11699999999999999
2379,0.11699999999999999
2380,0.11699999999999999
2381,0.11699999999999999
2382,0.11699999999999999
2383,0.11699999999999999
2384,0.11699999999999999
2385,0.11699999999999999
2386,0.11699999999999999
2387,0.11699999999999999
2388,0.11699999999999999
2389,0.11699999999999999
2390,0.11699999999999999
2391,0.11699999999999999
2392,0.11699999999999999
2393,0.11699999999999999
2394,0.11699999999999999
2395,0.11699999999999999
2396,0.11699999999999999
2397,0.11699999999999999
2398,0.11699999999999999
2399,0.11699999999999999
2400,0.11699999999999999
2401,0.11699999999999999
2402,0.11699999999999999
2403,0.11699999999999999
2404,0.11699999999999999
2405,0.11699999999999999
2406,0.11699999999999999
2407,0.11699999999999999
2408,0.11699999999999999
2409,0.11699999999999999
2410,0.11699999999999999
2411,0.11699999999999999
2412,0.11699999999999999
2413,0.11699999999999999
2414,0.11699999999999999
2415,0.11699999999999999
2416,0.11699999999999999
2417,0.11699999999999999
2418,0.11699999999999999
2419,0.11699999999999999
2420,0.11699999999999999
2421,0.11699999999999999
2422,0.11699999999999999
2423,0.11699999999999999
2424,0.11699999999999999
2425,0.11699999999999999
2426,0.11699999999999999
2427,0.11699999999999999
2428,0.11699999999999999
2429,0.11699999999999999
2430,0.11699999999999999
2431,0.11699999999999999
2432,0.11699999999999999
2433,0.11699999999999999
2434,0.11699999999999999
2435,0.11699999999999999
2436,0.11699999999999999
2437,0.11699999999999999
2438,0.11699999999999999
2439,0.11699999999999999
2440,0.11699999999999999
2441,0.11699999999999999
2442,0.11699999999999999
2443,0.11699999999999999
2444,0.11699999999999999
2445,0.11699999999999999
2446,0.11699999999999999
2447,0.11699999999999999
2448,0.11699999999999999
2449,0.11699999999999999
2450,0.11699999999999999
2451,0.11699999999999999
2452,0.11699999999999999
2453,0.11699999999999999
2454,0.11699999999999999
2455,0.11699999999999999
2456,0.11699999999999999
2457,0.11699999999999999
2458,0.11699999999999999
2459,0.11699999999999999
2460,0.11699999999999999
2461,0.11699999999999999
2462,0.11699999999999999
2463,0.11699999999999999
2464,0.11699999999999999
2465,0.11699999999999999
2466,0.11699999999999999
2467,0.11699999999999999
2468,0.11699999999999999
2469,0.11699999999999999
2470,0.11699999999999999
2471,0.11699999999999999
2472,0.11699999999999999
2473,0.11699999999999999
2474,0.11699999999999999
2475,0.11699999999999999
2476,0.11699999999999999
2477,0.11699999999999999
2478,0.11699999999999999
2479,0.11699999999999999
2480,0.11699999999999999
2481,0.11699999999999999
2482,0.11699999999999999
2483,0.11699999999999999
2484,0.11699999999999999
2485,0.11699999999999999
2486,0.11699999999999999
2487,0.11699999999999999
2488,0.11699999999999999
2489,0.11699999999999999
2490,0.11699999999999999
2491,0.11699999999999999
2492,0.11699999999999999
2493,0.11699999999999999
2494,0.11699999999999999
2495,0.11699999999999999
2496,0.11699999999999999
2497,0.11699999999999999
2498,0.11699999999999999
2499,0.11699999999999999
2500,0.11699999999999999
2501,0.11699999999999999
2502,0.11699999999999999
2503,0.11699999999999999
2504,0.11699999999999999
2505,0.11699999999999999
2506,0.11699999999999999
2507,0.11699999999999999
2508,0.11699999999999999
2509,0.11699999999999999
2510,0.11699999999999999
2511,0.11699999999999999
2512,0.11699999999999999
2513,0.11699999999999999
2514,0.11699999999999999
2515,0.11699999999999999
2516,0.11699999999999999
2517,0.11699999999999999
2518,0.11699999999999999
2519,0.11699999999999999
2520,0.11699999999999999
2521,0.11699999999999999
2522,0.11699999999999999
2523,0.11699999999999999
2524,0.11699999999999999
2525,0.11699999999999999
2526,0.11699999999999999
2527,0.11699999999999999
2528,0.11699999999999999
2529,0.11699999999999999
2530,0.11699999999999999
2531,0.11699999999999999
2532,0.11699999999999999
2533,0.11699999999999999
2534,0.11699999999999999
2535,0.11699999999999999
2536,0.11699999999999999
2537,0.11699999999999999
2538,0.11699999999999999
2539,0.11699999999999999
2540,0.11699999999999999
2541,0.11699999999999999
2542,0.11699999999999999
2543,0.11699999999999999
2544,0.11699999999999999
2545,0.11699999999999999
2546,0.11699999999999999
2547,0.11699999999999999
2548,0.11699999999999999
2549,0.11699999999999999
2550,0.11699999999999999
2551,0.11699999999999999
2552,0.11699999999999999
2553,0.11699999999999999
2554,0.11699999999999999
2555,0.11699999999999999
2556,0.11699999999999999
2557,0.11699999999999999
2558,0.11699999999999999
2559,0.11699999999999999
2560,0.11699999999999999
2561,0.11699999999999999
2562,0.11699999999999999
2563,0.11699999999999999
2564,0.11699999999999999
2565,0.11699999999999999
2566,0.11699999999999999
2567,0.11699999999999999
2568,0.11699999999999999
2569,0.11699999999999999
2570,0.11699999999999999
2571,0.11699999999999999
2572,0.11699999999999999
2573,0.11699999999999999
2574,0.11699999999999999
2575,0.11699999999999999
2576,0.11699999999999999
2577,0.11699999999999999
2578,0.11699999999999999
2579,0.11699999999999999
2580,0.11699999999999999
2581,0.11699999999999999
2582,0.11699999999999999
2583,0.11699999999999999
2584,0.11699999999999999
2585,0.11699999999999999
2586,0.11699999999999999
2587,0.11699999999999999
2588,0.11699999999999999
2589,0.11699999999999999
2590,0.11699999999999999
2591,0.11699999999999999
2592,0.11699999999999999
2593,0.11699999999999999
2594,0.11699999999999999
2595,0.11699999999999999
2596,0.11699999999999999
2597,0.11699999999999999
2598,0.11699999999999999
2599,0.11699999999999999
2600,0.11699999999999999
2601,0.11699999999999999
2602,0.11699999999999999
2603,0.11699999999999999
2604,0.11699999999999999
2605,0.11699999999999999
2606,0.11699999999999999
2607,0.11699999999999999
2608,0.11699999999999999
2609,0.11699999999999999
2610,0.11699999999999999
2611,0.11699999999999999
2612,0.11699999999999999
2613,0.11699999999999999
2614,0.11699999999999999
2615,0.11699999999999999
2616,0.11699999999999999
2617,0.11699999999999999
2618,0.11699999999999999
2619,0.11699999999999999
2620,0.11699999999999999
2621,0.11699999999999999
2622,0.11699999999999999
2623,0.11699999999999999
2624,0.11699999999999999
2625,0.11699999999999999
2626,0.11699999999999999
2627,0.11699999999999999
2628,0.11699999999999999
2629,0.11699999999999999
2630,0.11699999999999999
2631,0.11699999999999999
2632,0.11699999999999999
2633,0.11699999999999999
2634,0.11699999999999999
2635,0.11699999999999999
2636,0.11699999999999999
2637,0.11699999999999999
2638,0.11699999999999999
2639,0.11699999999999999
2640,0.11699999999999999
2641,0.11699999999999999
2642,0.11699999999999999
2643,0.11699999999999999
2644,0.11699999999999999
2645,0.11699999999999999
2646,0.11699999999999999
2647,0.11699999999999999
2648,0.11699999999999999
2649,0.11699999999999999
2650,0.11699999999999999
2651,0.11699999999999999
2652,0.11699999999999999
2653,0.11699999999999999
2654,0.11699999999999999
2655,0.11699999999999999
2656,0.11699999999999999
2657,0.11699999999999999
2658,0.11699999999999999
2659,0.11699999999999999
2660,0.11699999999999999
2661,0.11699999999999999
2662,0.11699999999999999
2663,0.11699999999999999
2664,0.11699999999999999
2665,0.11699999999999999
2666,0.11699999999999999
2667,0.11699999999999999
2668,0.11699999999999999
2669,0.11699999999999999
2670,0.11699999999999999
2671,0.11699999999999999
2672,0.11699999999999999
2673,0.11699999999999999
2674,0.11699999999999999
2675,0.11699999999999999
2676,0.11699999999999999
2677,0.11699999999999999
2678,0.11699999999999999
2679,0.11699999999999999
2680,0.11699999999999999
2681,0.11699999999999999
2682,0.11699999999999999
2683,0.11699999999999999
2684,0.11699999999999999
2685,0.11699999999999999
2686,0.11699999999999999
2687,0.11699999999999999
2688,0.11699999999999999
2689,0.11699999999999999
2690,0.11699999999999999
2691,0.11699999999999999
2692,0.11699999999999999
2693,0.11699999999999999
2694,0.11699999999999999
2695,0.11699999999999999
2696,0.11699999999999999
2697,0.11699999999999999
2698,0.11699999999999999
2699,0.11699999999999999
2700,0.11699999999999999
2701,0.11699999999999999
2702,0.11699999999999999
2703,0.11699999999999999
2704,0.11699999999999999
2705,0.11699999999999999
2706,0.11699999999999999
2707,0.11699999999999999
2708,0.11699999999999999
2709,0.11699999999999999
2710,0.11699999999999999
2711,0.11699999999999999
2712,0.11699999999999999
2713,0.11699999999999999
2714,0.11699999999999999
2715,0.11699999999999999
2716,0.11699999999999999
2717,0.11699999999999999
2718,0.11699999999999999
2719,0.11699999999999999
2720,0.11699999999999999
2721,0.11699999999999999
2722,0.11699999999999999
2723,0.11699999999999999
2724,0.11699999999999999
2725,0.11699999999999999
2726,0.11699999999999999
2727,0.11699999999999999
2728,0.11699999999999999
2729,0.11699999999999999
2730,0.11699999999999999
2731,0.11699999999999999
2732,0.11699999999999999
2733,0.11699999999999999
2734,0.11699999999999999
2735,0.11699999999999999
2736,0.11699999999999999
2737,0.11699999999999999
2738,0.11699999999999999
2739,0.11699999999999999
2740,0.11699999999999999
2741,0.11699999999999999
2742,0.11699999999999999
2743,0.11699999999999999
2744,0.11699999999999999
2745,0.11699999999999999
2746,0.11699999999999999
2747,0.11699999999999999
2748,0.11699999999999999
2749,0.11699999999999999
2750,0.11699999999999999
2751,0.11699999999999999
2752,0.11699999999999999
2753,0.11699999999999999
2754,0.11699999999999999
2755,0.11699999999999999
2756,0.11699999999999999
2757,0.11699999999999999
2758,0.11699999999999999
2759,0.11699999999999999
2760,0.11699999999999999
2761,0.11699999999999999
2762,0.11699999999999999
2763,0.11699999999999999
2764,0.11699999999999999
2765,0.11699999999999999
2766,0.11699999999999999
2767,0.11699999999999999
2768,0.11699999999999999
2769,0.11699999999999999
2770,0.11699999999999999
2771,0.11699999999999999
2772,0.11699999999999999
2773,0.11699999999999999
2774,0.11699999999999999
2775,0.11699999999999999
2776,0.11699999999999999
2777,0.11699999999999999
2778,0.11699999999999999
2779,0.11699999999999999
2780,0.11699999999999999
2781,0.11699999999999999
2782,0.11699999999999999
2783,0.11699999999999999
2784,0.11699999999999999
2785,0.11699999999999999
2786,0.11699999999999999
2787,0.11699999999999999
2788,0.11699999999999999
2789,0.11699999999999999
2790,0.11699999999999999
2791,0.11699999999999999
2792,0.11699999999999999
2793,0.11699999999999999
2794,0.11699999999999999
2795,0.11699999999999999
2796,0.11699999999999999
2797,0.11699999999999999
2798,0.11699999999999999
2799,0.11699999999999999
2800,0.11699999999999999
2801,0.11699999999999999
2802,0.11699999999999999
2803,0.11699999999999999
2804,0.11699999999999999
2805,0.11699999999999999
2806,0.11699999999999999
2807,0.11699999999999999
2808,0.11699999999999999
2809,0.11699999999999999
2810,0.11699999999999999
2811,0.11699999999999999
2812,0.11699999999999999
2813,0.11699999999999999
2814,0.11699999999999999
2815,0.11699999999999999
2816,0.11699999999999999
2817,0.11699999999999999
2818,0.11699999999999999
2819,0.11699999999999999
2820,0.11699999999999999
2821,0.11699999999999999
2822,0.11699999999999999
2823,0.11699999999999999
2824,0.11699999999999999
2825,0.11699999999999999
2826,0.11699999999999999
2827,0.11699999999999999
2828,0.11699999999999999
2829,0.11699999999999999
2830,0.11699999999999999
2831,0.11699999999999999
2832,0.11699999999999999
2833,0.11699999999999999
2834,0.11699999999999999
2835,0.11699999999999999
2836,0.11699999999999999
2837,0.11699999999999999
2838,0.11699999999999999
2839,0.11699999999999999
2840,0.11699999999999999
2841,0.11699999999999999
2842,0.11699999999999999
2843,0.11699999999999999
2844,0.11699999999999999
2845,0.11699999999999999
2846,0.11699999999999999
2847,0.11699999999999999
2848,0.11699999999999999
2849,0.11699999999999999
2850,0.11699999999999999
2851,0.11699999999999999
2852,0.11699999999999999
2853,0.11699999999999999
2854,0.11699999999999999
2855,0.11699999999999999
2856,0.11699999999999999
2857,0.11699999999999999
2858,0.11699999999999999
2859,0.11699999999999999
2860,0.11699999999999999
2861,0.11699999999999999
2862,0.11699999999999999
2863,0.11699999999999999
2864,0.11699999999999999
2865,0.11699999999999999
2866,0.11699999999999999
2867,0.11699999999999999
2868,0.11699999999999999
2869,0.11699999999999999
2870,0.11699999999999999
2871,0.11699999999999999
2872,0.11699999999999999
2873,0.11699999999999999
2874,0.11699999999999999
2875,0.11699999999999999
2876,0.11699999999999999
2877,0.11699999999999999
2878,0.11699999999999999
2879,0.11699999999999999
2880,0.11699999999999999
2881,0.11699999999999999
2882,0.11699999999999999
2883,0.11699999999999999
2884,0.11699999999999999
2885,0.11699999999999999
2886,0.11699999999999999
2887,0.11699999999999999
2888,0.11699999999999999
2889,0.11699999999999999
2890,0.11699999999999999
2891,0.11699999999999999
2892,0.11699999999999999
2893,0.11699999999999999
2894,0.11699999999999999
2895,0.11699999999999999
2896,0.11699999999999999
2897,0.11699999999999999
2898,0.11699999999999999
2899,0.11699999999999999
2900,0.11699999999999999
2901,0.11699999999999999
2902,0.11699999999999999
2903,0.11699999999999999
2904,0.11699999999999999
2905,0.11699999999999999
2906,0.11699999999999999
2907,0.11699999999999999
2908,0.11699999999999999
2909,0.11699999999999999
2910,0.11699999999999999
2911,0.11699999999999999
2912,0.11699999999999999
2913,0.11699999999999999
2914,0.11699999999999999
2915,0.11699999999999999
2916,0.11699999999999999
2917,0.11699999999999999
2918,0.11699999999999999
2919,0.11699999999999999
2920,0.11699999999999999
2921,0.11699999999999999
2922,0.11699999999999999
2923,0.11699999999999999
2924,0.11699999999999999
2925,0.11699999999999999
2926,0.11699999999999999
2927,0.11699999999999999
2928,0.11699999999999999
2929,0.11699999999999999
2930,0.11699999999999999
2931,0.11699999999999999
2932,0.11699999999999999
2933,0.11699999999999999
2934,0.11699999999999999
2935,0.11699999999999999
2936,0.11699999999999999
2937,0.11699999999999999
2938,0.11699999999999999
2939,0.11699999999999999
2940,0.11699999999999999
2941,0.11699999999999999
2942,0.11699999999999999
2943,0.11699999999999999
2944,0.11699999999999999
2945,0.11699999999999999
2946,0.11699999999999999
2947,0.11699999999999999
2948,0.11699999999999999
2949,0.11699999999999999
2950,0.11699999999999999
2951,0.11699999999999999
2952,0.11699999999999999
2953,0.11699999999999999
2954,0.11699999999999999
2955,0.11699999999999999
2956,0.11699999999999999
2957,0.11699999999999999
2958,0.11699999999999999
2959,0.11699999999999999
2960,0.11699999999999999
2961,0.11699999999999999
2962,0.11699999999999999
2963,0.11699999999999999
2964,0.11699999999999999
2965,0.11699999999999999
2966,0.11699999999999999
2967,0.11699999999999999
2968,0.11699999999999999
2969,0.11699999999999999
2970,0.11699999999999999
2971,0.11699999999999999
2972,0.11699999999999999
2973,0.11699999999999999
2974,0.11699999999999999
2975,0.11699999999999999
2976,0.11699999999999999
2977,0.11699999999999999
2978,0.11699999999999999
2979,0.11699999999999999
2980,0.11699999999999999
2981,0.11699999999999999
2982,0.11699999999999999
2983,0.11699999999999999
2984,0.11699999999999999
2985,0.11699999999999999
2986,0.11699999999999999
2987,0.11699999999999999
2988,0.11699999999999999
2989,0.11699999999999999
2990,0.11699999999999999
2991,0.11699999999999999
2992,0.11699999999999999
2993,0.11699999999999999
2994,0.11699999999999999
2995,0.11699999999999999
2996,0.11699999999999999
2997,0.11699999999999999
2998,0.11699999999999999
2999,0.11699999999999999
3000,0.11699999999999999
3001,0.11699999999999999
3002,0.11699999999999999
3003,0.11699999999999999
3004,0.11699999999999999
3005,0.11699999999999999
3006,0.11699999999999999
3007,0.11699999999999999
3008,0.11699999999999999
3009,0.11699999999999999
3010,0.11699999999999999
3011,0.11699999999999999
3012,0.11699999999999999
3013,0.11699999999999999
3014,0.11699999999999999
3015,0.11699999999999999
3016,0.11699999999999999
3017,0.11699999999999999
3018,0.11699999999999999
3019,0.11699999999999999
3020,0.11699999999999999
3021,0.11699999999999999
3022,0.11699999999999999
3023,0.11699999999999999
3024,0.11699999999999999
3025,0.11699999999999999
3026,0.11699999999999999
3027,0.11699999999999999
3028,0.11699999999999999
3029,0.11699999999999999
3030,0.11699999999999999
3031,0.11699999999999999
3032,0.11699999999999999
3033,0.11699999999999999
3034,0.11699999999999999
3035,0.11699999999999999
3036,0.11699999999999999
3037,0.11699999999999999
3038,0.11699999999999999
3039,0.11699999999999999
3040,0.11699999999999999
3041,0.11699999999999999
3042,0.11699999999999999
3043,0.11699999999999999
3044,0.11699999999999999
3045,0.11699999999999999
3046,0.11699999999999999
3047,0.11699999999999999
3048,0.11699999999999999
3049,0.11699999999999999
3050,0.11699999999999999
3051,0.11699999999999999
3052,0.11699999999999999
3053,0.11699999999999999
3054,0.11699999999999999
3055,0.11699999999999999
3056,0.11699999999999999
3057,0.11699999999999999
3058,0.11699999999999999
3059,0.11699999999999999
3060,0.11699999999999999
3061,0.11699999999999999
3062,0.11699999999999999
3063,0.11699999999999999
3064,0.11699999999999999
3065,0.11699999999999999
3066,0.11699999999999999
3067,0.11699999999999999
3068,0.11699999999999999
3069,0.11699999999999999
3070,0.11699999999999999
3071,0.11699999999999999
3072,0.11699999999999999
3073,0.11699999999999999
3074,0.11699999999999999
3075,0.11699999999999999
3076,0.11699999999999999
3077,0.11699999999999999
3078,0.11699999999999999
3079,0.11699999999999999
3080,0.11699999999999999
3081,0.11699999999999999
3082,0.11699999999999999
3083,0.11699999999999999
3084,0.11699999999999999
3085,0.11699999999999999
3086,0.11699999999999999
3087,0.11699999999999999
3088,0.11699999999999999
3089,0.11699999999999999
3090,0.11699999999999999
3091,0.11699999999999999
3092,0.11699999999999999
3093,0.11699999999999999
3094,0.11699999999999999
3095,0.11699999999999999
3096,0.11699999999999999
3097,0.11699999999999999
3098,0.11699999999999999
3099,0.11699999999999999
3100,0.11699999999999999
3101,0.11699999999999999
3102,0.11699999999999999
3103,0.11699999999999999
3104,0.11699999999999999
3105,0.11699999999999999
3106,0.11699999999999999
3107,0.11699999999999999
3108,0.11699999999999999
3109,0.11699999999999999
3110,0.11699999999999999
3111,0.11699999999999999
3112,0.11699999999999999
3113,0.11699999999999999
3114,0.11699999999999999
3115,0.11699999999999999
3116,0.11699999999999999
3117,0.11699999999999999
3118,0.11699999999999999
3119,0.11699999999999999
3120,0.11699999999999999
3121,0.11699999999999999
3122,0.11699999999999999
3123,0.11699999999999999
3124,0.11699999999999999
3125,0.11699999999999999
3126,0.11699999999999999
3127,0.11699999999999999
3128,0.11699999999999999
3129,0.11699999999999999
3130,0.11699999999999999
3131,0.11699999999999999
3132,0.11699999999999999
3133,0.11699999999999999
3134,0.11699999999999999
3135,0.11699999999999999
3136,0.11699999999999999
3137,0.11699999999999999
3138,0.11699999999999999
3139,0.11699999999999999
3140,0.11699999999999999
3141,0.11699999999999999
3142,0.11699999999999999
3143,0.11699999999999999
3144,0.11699999999999999
3145,0.11699999999999999
3146,0.11699999999999999
3147,0.11699999999999999
3148,0.11699999999999999
3149,0.11699999999999999
3150,0.11699999999999999
3151,0.11699999999999999
3152,0.11699999999999999
3153,0.11699999999999999
3154,0.11699999999999999
3155,0.11699999999999999
3156,0.11699999999999999
3157,0.11699999999999999
3158,0.11699999999999999
3159,0.11699999999999999
3160,0.11699999999999999
3161,0.11699999999999999
3162,0.11699999999999999
3163,0.11699999999999999
3164,0.11699999999999999
3165,0.11699999999999999
3166,0.11699999999999999
3167,0.11699999999999999
3168,0.11699999999999999
3169,0.11699999999999999
3170,0.11699999999999999
3171,0.11699999999999999
3172,0.11699999999999999
3173,0.11699999999999999
3174,0.11699999999999999
3175,0.11699999999999999
3176,0.11699999999999999
3177,0.11699999999999999
3178,0.11699999999999999
3179,0.11699999999999999
3180,0.11699999999999999
3181,0.11699999999999999
3182,0.11699999999999999
3183,0.11699999999999999
3184,0.11699999999999999
3185,0.11699999999999999
3186,0.11699999999999999
3187,0.11699999999999999
3188,0.11699999999999999
3189,0.11699999999999999
3190,0.11699999999999999
3191,0.11699999999999999
3192,0.11699999999999999
3193,0.11699999999999999
3194,0.11699999999999999
3195,0.11699999999999999
3196,0.11699999999999999
3197,0.11699999999999999
3198,0.11699999999999999
3199,0.11699999999999999
3200,0.11699999999999999
3201,0.11699999999999999
3202,0.11699999999999999
3203,0.11699999999999999
3204,0.11699999999999999
3205,0.11699999999999999
3206,0.11699999999999999
3207,0.11699999999999999
3208,0.11699999999999999
3209,0.11699999999999999
3210,0.11699999999999999
3211,0.11699999999999999
3212,0.11699999999999999
3213,0.11699999999999999
3214,0.11699999999999999
3215,0.11699999999999999
3216,0.11699999999999999
3217,0.11699999999999999
3218,0.11699999999999999
3219,0.11699999999999999
3220,0.11699999999999999
3221,0.11699999999999999
3222,0.11699999999999999
3223,0.11699999999999999
3224,0.11699999999999999
3225,0.11699999999999999
3226,0.11699999999999999
3227,0.11699999999999999
3228,0.11699999999999999
3229,0.11699999999999999
3230,0.11699999999999999
3231,0.11699999999999999
3232,0.11699999999999999
3233,0.11699999999999999
3234,0.11699999999999999
3235,0.11699999999999999
3236,0.11699999999999999
3237,0.11699999999999999
3238,0.11699999999999999
3239,0.11699999999999999
3240,0.11699999999999999
3241,0.11699999999999999
3242,0.11699999999999999
3243,0.11699999999999999
3244,0.11699999999999999
3245,0.11699999999999999
3246,0.11699999999999999
3247,0.11699999999999999
3248,0.11699999999999999
3249,0.11699999999999999
3250,0.11699999999999999
3251,0.11699999999999999
3252,0.11699999999999999
3253,0.11699999999999999
3254,0.11699999999999999
3255,0.11699999999999999
3256,0.11699999999999999
3257,0.11699999999999999
3258,0.11699999999999999
3259,0.11699999999999999
3260,0.11699999999999999
3261,0.11699999999999999
3262,0.11699999999999999
3263,0.11699999999999999
3264,0.11699999999999999
3265,0.11699999999999999
3266,0.11699999999999999
3267,0.11699999999999999
3268,0.11699999999999999
3269,0.11699999999999999
3270,0.11699999999999999
3271,0.11699999999999999
3272,0.11699999999999999
3273,0.11699999999999999
3274,0.11699999999999999
3275,0.11699999999999999
3276,0.11699999999999999
3277,0.11699999999999999
3278,0.11699999999999999
3279,0.11699999999999999
3280,0.11699999999999999
3281,0.11699999999999999
3282,0.11699999999999999
3283,0.11699999999999999
3284,0.11699999999999999
3285,0.11699999999999999
3286,0.11699999999999999
3287,0.11699999999999999
3288,0.11699999999999999
3289,0.11699999999999999
3290,0.11699999999999999
3291,0.11699999999999999
3292,0.11699999999999999
3293,0.11699999999999999
3294,0.11699999999999999
3295,0.11699999999999999
3296,0.11699999999999999
3297,0.11699999999999999
3298,0.11699999999999999
3299,0.11699999999999999
3300,0.11699999999999999
3301,0.11699999999999999
3302,0.11699999999999999
3303,0.11699999999999999
3304,0.11699999999999999
3305,0.11699999999999999
3306,0.11699999999999999
3307,0.11699999999999999
3308,0.11699999999999999
3309,0.11699999999999999
3310,0.11699999999999999
3311,0.11699999999999999
3312,0.11699999999999999
3313,0.11699999999999999
3314,0.11699999999999999
3315,0.11699999999999999
3316,0.11699999999999999
3317,0.11699999999999999
3318,0.11699999999999999
3319,0.11699999999999999
3320,0.11699999999999999
3321,0.11699999999999999
3322,0.11699999999999999
3323,0.11699999999999999
3324,0.11699999999999999
3325,0.11699999999999999
3326,0.11699999999999999
3327,0.11699999999999999
3328,0.11699999999999999
3329,0.11699999999999999
3330,0.11699999999999999
3331,0.11699999999999999
3332,0.11699999999999999
3333,0.11699999999999999
3334,0.11699999999999999
3335,0.11699999999999999
3336,0.11699999999999999
3337,0.11699999999999999
3338,0.11699999999999999
3339,0.11699999999999999
3340,0.11699999999999999
3341,0.11699999999999999
3342,0.11699999999999999
3343,0.11699999999999999
3344,0.11699999999999999
3345,0.11699999999999999
3346,0.11699999999999999
3347,0.11699999999999999
3348,0.11699999999999999
3349,0.11699999999999999
3350,0.11699999999999999
3351,0.11699999999999999
3352,0.11699999999999999
3353,0.11699999999999999
3354,0.11699999999999999
3355,0.11699999999999999
3356,0.11699999999999999
3357,0.11699999999999999
3358,0.11699999999999999
3359,0.11699999999999999
3360,0.11699999999999999
3361,0.11699999999999999
3362,0.11699999999999999
3363,0.11699999999999999
3364,0.11699999999999999
3365,0.11699999999999999
3366,0.11699999999999999
3367,0.11699999999999999
3368,0.11699999999999999
3369,0.11699999999999999
3370,0.11699999999999999
3371,0.11699999999999999
3372,0.11699999999999999
3373,0.11699999999999999
3374,0.11699999999999999
3375,0.11699999999999999
3376,0.11699999999999999
3377,0.11699999999999999
3378,0.11699999999999999
3379,0.11699999999999999
3380,0.11699999999999999
3381,0.11699999999999999
3382,0.11699999999999999
3383,0.11699999999999999
3384,0.11699999999999999
3385,0.11699999999999999
3386,0.11699999999999999
3387,0.11699999999999999
3388,0.11699999999999999
3389,0.11699999999999999
3390,0.11699999999999999
3391,0.11699999999999999
3392,0.11699999999999999
3393,0.11699999999999999
3394,0.11699999999999999
3395,0.11699999999999999
3396,0.11699999999999999
3397,0.11699999999999999
3398,0.11699999999999999
3399,0.11699999999999999
3400,0.11699999999999999
3401,0.11699999999999999
3402,0.11699999999999999
3403,0.11699999999999999
3404,0.11699999999999999
3405,0.11699999999999999
3406,0.11699999999999999
3407,0.11699999999999999
3408,0.11699999999999999
3409,0.11699999999999999
3410,0.11699999999999999
3411,0.11699999999999999
3412,0.11699999999999999
3413,0.11699999999999999
3414,0.11699999999999999
3415,0.11699999999999999
3416,0.11699999999999999
3417,0.11699999999999999
3418,0.11699999999999999
3419,0.11699999999999999
3420,0.11699999999999999
3421,0.11699999999999999
3422,0.11699999999999999
3423,0.11699999999999999
3424,0.11699999999999999
3425,0.11699999999999999
3426,0.11699999999999999
3427,0.11699999999999999
3428,0.11699999999999999
3429,0.11699999999999999
3430,0.11699999999999999
3431,0.11699999999999999
3432,0.11699999999999999
3433,0.11699999999999999
3434,0.11699999999999999
3435,0.11699999999999999
3436,0.11699999999999999
3437,0.11699999999999999
3438,0.11699999999999999
3439,0.11699999999999999
3440,0.11699999999999999
3441,0.11699999999999999
3442,0.11699999999999999
3443,0.11699999999999999
3444,0.11699999999999999
3445,0.11699999999999999
3446,0.11699999999999999
3447,0.11699999999999999
3448,0.11699999999999999
3449,0.11699999999999999
3450,0.11699999999999999
3451,0.11699999999999999
3452,0.11699999999999999
3453,0.11699999999999999
3454,0.11699999999999999
3455,0.11699999999999999
3456,0.11699999999999999
3457,0.11699999999999999
3458,0.11699999999999999
3459,0.11699999999999999
3460,0.11699999999999999
3461,0.11699999999999999
3462,0.11699999999999999
3463,0.11699999999999999
3464,0.11699999999999999
3465,0.11699999999999999
3466,0.11699999999999999
3467,0.11699999999999999
3468,0.11699999999999999
3469,0.11699999999999999
3470,0.11699999999999999
3471,0.11699999999999999
3472,0.11699999999999999
3473,0.11699999999999999
3474,0.11699999999999999
3475,0.11699999999999999
3476,0.11699999999999999
3477,0.11699999999999999
3478,0.11699999999999999
3479,0.11699999999999999
3480,0.11699999999999999
3481,0.11699999999999999
3482,0.11699999999999999
3483,0.11699999999999999
3484,0.11699999999999999
3485,0.11699999999999999
3486,0.11699999999999999
3487,0.11699999999999999
3488,0.11699999999999999
3489,0.11699999999999999
3490,0.11699999999999999
3491,0.11699999999999999
3492,0.11699999999999999
3493,0.11699999999999999
3494,0.11699999999999999
3495,0.11699999999999999
3496,0.11699999999999999
3497,0.11699999999999999
3498,0.11699999999999999
3499,0.11699999999999999
3500,0.11699999999999999
3501,0.11699999999999999
3502,0.11699999999999999
3503,0.11699999999999999
3504,0.11699999999999999
3505,0.11699999999999999
3506,0.11699999999999999
3507,0.11699999999999999
3508,0.11699999999999999
3509,0.11699999999999999
3510,0.11699999999999999
3511,0.11699999999999999
3512,0.11699999999999999
3513,0.11699999999999999
3514,0.11699999999999999
3515,0.11699999999999999
3516,0.11699999999999999
3517,0.11699999999999999
3518,0.11699999999999999
3519,0.11699999999999999
3520,0.11699999999999999
3521,0.11699999999999999
3522,0.11699999999999999
3523,0.11699999999999999
3524,0.11699999999999999
3525,0.11699999999999999
3526,0.11699999999999999
3527,0.11699999999999999
3528,0.11699999999999999
3529,0.11699999999999999
3530,0.11699999999999999
3531,0.11699999999999999
3532,0.11699999999999999
3533,0.11699999999999999
3534,0.11699999999999999
3535,0.11699999999999999
3536,0.11699999999999999
3537,0.11699999999999999
3538,0.11699999999999999
3539,0.11699999999999999
3540,0.11699999999999999
3541,0.11699999999999999
3542,0.11699999999999999
3543,0.11699999999999999
3544,0.11699999999999999
3545,0.11699999999999999
3546,0.11699999999999999
3547,0.11699999999999999
3548,0.11699999999999999
3549,0.11699999999999999
3550,0.11699999999999999
3551,0.11699999999999999
3552,0.11699999999999999
3553,0.11699999999999999
3554,0.11699999999999999
3555,0.11699999999999999
3556,0.11699999999999999
3557,0.11699999999999999
3558,0.11699999999999999
3559,0.11699999999999999
3560,0.11699999999999999
3561,0.11699999999999999
3562,0.11699999999999999
3563,0.11699999999999999
3564,0.11699999999999999
3565,0.11699999999999999
3566,0.11699999999999999
3567,0.11699999999999999
3568,0.11699999999999999
3569,0.11699999999999999
3570,0.11699999999999999
3571,0.11699999999999999
3572,0.11699999999999999
3573,0.11699999999999999
3574,0.11699999999999999
3575,0.11699999999999999
3576,0.11699999999999999
3577,0.11699999999999999
3578,0.11699999999999999
3579,0.11699999999999999
3580,0.11699999999999999
3581,0.11699999999999999
3582,0.11699999999999999
3583,0.11699999999999999
3584,0.11699999999999999
3585,0.11699999999999999
3586,0.11699999999999999
3587,0.11699999999999999
3588,0.11699999999999999
3589,0.11699999999999999
3590,0.11699999999999999
3591,0.11699999999999999
3592,0.11699999999999999
3593,0.11699999999999999
3594,0.11699999999999999
3595,0.11699999999999999
3596,0.11699999999999999
3597,0.11699999999999999
3598,0.11699999999999999
3599,0.11699999999999999
3600,0.11699999999999999
3601,0.11699999999999999
3602,0.11699999999999999
3603,0.11699999999999999
3604,0.11699999999999999
3605,0.11699999999999999
3606,0.11699999999999999
3607,0.11699999999999999
3608,0.11699999999999999
3609,0.11699999999999999
3610,0.11699999999999999
3611,0.11699999999999999
3612,0.11699999999999999
3613,0.11699999999999999
3614,0.11699999999999999
3615,0.11699999999999999
3616,0.11699999999999999
3617,0.11699999999999999
3618,0.11699999999999999
3619,0.11699999999999999
3620,0.11699999999999999
3621,0.11699999999999999
3622,0.11699999999999999
3623,0.11699999999999999
3624,0.11699999999999999
3625,0.11699999999999999
3626,0.11699999999999999
3627,0.11699999999999999
3628,0.11699999999999999
3629,0.11699999999999999
3630,0.11699999999999999
3631,0.11699999999999999
3632,0.11699999999999999
3633,0.11699999999999999
3634,0.11699999999999999
3635,0.11699999999999999
3636,0.11699999999999999
3637,0.11699999999999999
3638,0.11699999999999999
3639,0.11699999999999999
3640,0.11699999999999999
3641,0.11699999999999999
3642,0.11699999999999999
3643,0.11699999999999999
3644,0.11699999999999999
3645,0.11699999999999999
3646,0.11699999999999999
3647,0.11699999999999999
3648,0.11699999999999999
3649,0.11699999999999999
3650,0.11699999999999999
3651,0.11699999999999999
3652,0.11699999999999999
3653,0.11699999999999999
3654,0.11699999999999999
3655,0.11699999999999999
3656,0.11699999999999999
3657,0.11699999999999999
3658,0.11699999999999999
3659,0.11699999999999999
3660,0.11699999999999999
3661,0.11699999999999999
3662,0.11699999999999999
3663,0.11699999999999999
3664,0.11699999999999999
3665,0.11699999999999999
3666,0.11699999999999999
3667,0.11699999999999999
3668,0.11699999999999999
3669,0.11699999999999999
3670,0.11699999999999999
3671,0.11699999999999999
3672,0.11699999999999999
3673,0.11699999999999999
3674,0.11699999999999999
3675,0.11699999999999999
3676,0.11699999999999999
3677,0.11699999999999999
3678,0.11699999999999999
3679,0.11699999999999999
3680,0.11699999999999999
3681,0.11699999999999999
3682,0.11699999999999999
3683,0.11699999999999999
3684,0.11699999999999999
3685,0.11699999999999999
3686,0.11699999999999999
3687,0.11699999999999999
3688,0.11699999999999999
3689,0.11699999999999999
3690,0.11699999999999999
3691,0.11699999999999999
3692,0.11699999999999999
3693,0.11699999999999999
3694,0.11699999999999999
3695,0.11699999999999999
3696,0.11699999999999999
3697,0.11699999999999999
3698,0.11699999999999999
3699,0.11699999999999999
3700,0.11699999999999999
3701,0.11699999999999999
3702,0.11699999999999999
3703,0.11699999999999999
3704,0.11699999999999999
3705,0.11699999999999999
3706,0.11699999999999999
3707,0.11699999999999999
3708,0.11699999999999999
3709,0.11699999999999999
3710,0.11699999999999999
3711,0.11699999999999999
3712,0.11699999999999999
3713,0.11699999999999999
3714,0.11699999999999999
3715,0.11699999999999999
3716,0.11699999999999999
3717,0.11699999999999999
3718,0.11699999999999999
3719,0.11699999999999999
3720,0.11699999999999999
3721,0.11699999999999999
3722,0.11699999999999999
3723,0.11699999999999999
3724,0.11699999999999999
3725,0.11699999999999999
3726,0.11699999999999999
3727,0.11699999999999999
3728,0.11699999999999999
3729,0.11699999999999999
3730,0.11699999999999999
3731,0.11699999999999999
3732,0.11699999999999999
3733,0.11699999999999999
3734,0.11699999999999999
3735,0.11699999999999999
3736,0.11699999999999999
3737,0.11699999999999999
3738,0.11699999999999999
3739,0.11699999999999999
3740,0.11699999999999999
3741,0.11699999999999999
3742,0.11699999999999999
3743,0.11699999999999999
3744,0.11699999999999999
3745,0.11699999999999999
3746,0.11699999999999999
3747,0.11699999999999999
3748,0.11699999999999999
3749,0.11699999999999999
3750,0.11699999999999999
3751,0.11699999999999999
3752,0.11699999999999999
3753,0.11699999999999999
3754,0.11699999999999999
3755,0.11699999999999999
3756,0.11699999999999999
3757,0.11699999999999999
3758,0.11699999999999999
3759,0.11699999999999999
3760,0.11699999999999999
3761,0.11699999999999999
3762,0.11699999999999999
3763,0.11699999999999999
3764,0.11699999999999999
3765,0.11699999999999999
3766,0.11699999999999999
3767,0.11699999999999999
3768,0.11699999999999999
3769,0.11699999999999999
3770,0.11699999999999999
3771,0.11699999999999999
3772,0.11699999999999999
3773,0.11699999999999999
3774,0.11699999999999999
3775,0.11699999999999999
3776,0.11699999999999999
3777,0.11699999999999999
3778,0.11699999999999999
3779,0.11699999999999999
3780,0.11699999999999999
3781,0.11699999999999999
3782,0.11699999999999999
3783,0.11699999999999999
3784,0.11699999999999999
3785,0.11699999999999999
3786,0.11699999999999999
3787,0.11699999999999999
3788,0.11699999999999999
3789,0.11699999999999999
3790,0.11699999999999999
3791,0.11699999999999999
3792,0.11699999999999999
3793,0.11699999999999999
3794,0.11699999999999999
3795,0.11699999999999999
3796,0.11699999999999999
3797,0.11699999999999999
3798,0.11699999999999999
3799,0.11699999999999999
3800,0.11699999999999999
3801,0.11699999999999999
3802,0.11699999999999999
3803,0.11699999999999999
3804,0.11699999999999999
3805,0.11699999999999999
3806,0.11699999999999999
3807,0.11699999999999999
3808,0.11699999999999999
3809,0.11699999999999999
3810,0.11699999999999999
3811,0.11699999999999999
3812,0.11699999999999999
3813,0.11699999999999999
3814,0.11699999999999999
3815,0.11699999999999999
3816,0.11699999999999999
3817,0.11699999999999999
3818,0.11699999999999999
3819,0.11699999999999999
3820,0.11699999999999999
3821,0.11699999999999999
3822,0.11699999999999999
3823,0.11699999999999999
3824,0.11699999999999999
3825,0.11699999999999999
3826,0.11699999999999999
3827,0.11699999999999999
3828,0.11699999999999999
3829,0.11699999999999999
3830,0.11699999999999999
3831,0.11699999999999999
3832,0.11699999999999999
3833,0.11699999999999999
3834,0.11699999999999999
3835,0.11699999999999999
3836,0.11699999999999999
3837,0.11699999999999999
3838,0.11699999999999999
3839,0.11699999999999999
3840,0.11699999999999999
3841,0.11699999999999999
3842,0.11699999999999999
3843,0.11699999999999999
3844,0.11699999999999999
3845,0.11699999999999999
3846,0.11699999999999999
3847,0.11699999999999999
3848,0.11699999999999999
3849,0.11699999999999999
3850,0.11699999999999999
3851,0.11699999999999999
3852,0.11699999999999999
3853,0.11699999999999999
3854,0.11699999999999999
3855,0.11699999999999999
3856,0.11699999999999999
3857,0.11699999999999999
3858,0.11699999999999999
3859,0.11699999999999999
3860,0.11699999999999999
3861,0.11699999999999999
3862,0.11699999999999999
3863,0.11699999999999999
3864,0.11699999999999999
3865,0.11699999999999999
3866,0.11699999999999999
3867,0.11695833333333333
3868,0.11691666666666665
3869,0.11687499999999999
3870,0.11683333333333333
3871,0.11679166666666665
3872,0.11674999999999999
3873,0.11670833333333333
3874,0.11666666666666665
3875,0.11662499999999999
3876,0.11658333333333333
3877,0.11654166666666665
3878,0.11649999999999999
3879,0.11645833333333333
3880,0.11641666666666665
3881,0.11637499999999999
3882,0.11633333333333333
3883,0.11629166666666665
3884,0.11624999999999999
3885,0.11620833333333333
3886,0.11616666666666665
3887,0.11612499999999999
3888,0.11608333333333333
3889,0.11604166666666665
3890,0.11599999999999999
3891,0.11599999999999999
3892,0.11599999999999999
3893,0.11599999999999999
3894,0.11599999999999999
3895,0.11599999999999999
3896,0.11599999999999999
3897,0.11599999999999999
3898,0.11599999999999999
3899,0.11599999999999999
3900,0.11599999999999999
3901,0.11599999999999999
3902,0.11599999999999999
3903,0.11599999999999999
3904,0.11599999999999999
3905,0.11599999999999999
3906,0.11599999999999999
3907,0.11599999999999999
3908,0.11599999999999999
3909,0.11599999999999999
3910,0.11599999999999999
3911,0.11599999999999999
3912,0.11599999999999999
3913,0.11599999999999999
3914,0.11599999999999999
3915,0.11599999999999999
3916,0.11599999999999999
3917,0.11599999999999999
3918,0.11599999999999999
3919,0.11599999999999999
3920,0.11599999999999999
3921,0.11599999999999999
3922,0.11599999999999999
3923,0.11599999999999999
3924,0.11599999999999999
3925,0.11599999999999999
3926,0.11599999999999999
3927,0.11599999999999999
3928,0.11599999999999999
3929,0.11599999999999999
3930,0.11599999999999999
3931,0.11599999999999999
3932,0.11599999999999999
3933,0.11599999999999999
3934,0.11599999999999999
3935,0.11599999999999999
3936,0.11599999999999999
3937,0.11599999999999999
3938,0.11599999999999999
3939,0.11599999999999999
3940,0.11599999999999999
3941,0.11599999999999999
3942,0.11599999999999999
3943,0.11599999999999999
3944,0.11599999999999999
3945,0.11599999999999999
3946,0.11599999999999999
3947,0.11599999999999999
3948,0.11599999999999999
3949,0.11599999999999999
3950,0.11599999999999999
3951,0.11599999999999999
3952,0.11599999999999999
3953,0.11599999999999999
3954,0.11599999999999999
3955,0.11599999999999999
3956,0.11599999999999999
3957,0.11599999999999999
3958,0.11599999999999999
3959,0.11599999999999999
3960,0.11599999999999999
3961,0.11599999999999999
3962,0.11599999999999999
3963,0.11599999999999999
3964,0.11599999999999999
3965,0.11599999999999999
3966,0.11599999999999999
3967,0.11599999999999999
3968,0.11599999999999999
3969,0.11599999999999999
3970,0.11599999999999999
3971,0.11599999999999999
3972,0.11599999999999999
3973,0.11599999999999999
3974,0.11599999999999999
3975,0.11599999999999999
3976,0.11599999999999999
3977,0.11599999999999999
3978,0.11599999999999999
3979,0.11599999999999999
3980,0.11599999999999999
3981,0.11599999999999999
3982,0.11599999999999999
3983,0.11599999999999999
3984,0.11599999999999999
3985,0.11599999999999999
3986,0.11599999999999999
3987,0.11599999999999999
3988,0.11599999999999999
3989,0.11599999999999999
3990,0.11599999999999999
3991,0.11599999999999999
3992,0.11599999999999999
3993,0.11599999999999999
3994,0.11599999999999999
3995,0.11599999999999999
3996,0.11599999999999999
3997,0.11599999999999999
3998,0.11599999999999999
3999,0.11599999999999999
4000,0.11599999999999999
4001,0.11599999999999999
4002,0.11599999999999999
4003,0.11599999999999999
4004,0.11599999999999999
4005,0.11599999999999999
4006,0.11599999999999999
4007,0.11599999999999999
4008,0.11599999999999999
4009,0.11599999999999999
4010,0.11599999999999999
4011,0.11599999999999999
4012,0.11599999999999999
4013,0.11599999999999999
4014,0.11599999999999999
4015,0.11599999999999999
4016,0.11599999999999999
4017,0.11599999999999999
4018,0.11599999999999999
4019,0.11599999999999999
4020,0.11599999999999999
4021,0.11599999999999999
4022,0.11599999999999999
4023,0.11599999999999999
4024,0.11599999999999999
4025,0.11599999999999999
4026,0.11599999999999999
4027,0.11599999999999999
4028,0.11599999999999999
4029,0.11599999999999999
4030,0.11599999999999999
4031,0.11599999999999999
4032,0.11599999999999999
4033,0.11599999999999999
4034,0.11599999999999999
4035,0.11599999999999999
4036,0.11599999999999999
4037,0.11599999999999999
4038,0.11599999999999999
4039,0.11599999999999999
4040,0.11599999999999999
4041,0.11599999999999999
4042,0.11599999999999999
4043,0.11599999999999999
4044,0.11599999999999999
4045,0.11599999999999999
4046,0.11599999999999999
4047,0.11599999999999999
4048,0.11599999999999999
4049,0.11599999999999999
4050,0.11599999999999999
4051,0.11599999999999999
4052,0.11599999999999999
4053,0.11599999999999999
4054,0.11599999999999999
4055,0.11599999999999999
4056,0.11599999999999999
4057,0.11599999999999999
4058,0.11599999999999999
4059,0.11599999999999999
4060,0.11599999999999999
4061,0.11599999999999999
4062,0.11599999999999999
4063,0.11599999999999999
4064,0.11599999999999999
4065,0.11599999999999999
4066,0.11599999999999999
4067,0.11599999999999999
4068,0.11599999999999999
4069,0.11599999999999999
4070,0.11599999999999999
4071,0.11599999999999999
4072,0.11599999999999999
4073,0.11599999999999999
4074,0.11599999999999999
4075,0.11599999999999999
4076,0.11599999999999999
4077,0.11599999999999999
4078,0.11599999999999999
4079,0.11599999999999999
4080,0.11599999999999999
4081,0.11599999999999999
4082,0.11599999999999999
4083,0.11599999999999999
4084,0.11599999999999999
4085,0.11599999999999999
4086,0.11599999999999999
4087,0.11599999999999999
4088,0.11599999999999999
4089,0.11599999999999999
4090,0.11599999999999999
4091,0.11599999999999999
4092,0.11599999999999999
4093,0.11599999999999999
4094,0.11599999999999999
4095,0.11599999999999999
4096,0.11599999999999999
4097,0.11599999999999999
4098,0.11599999999999999
4099,0.11599999999999999
4100,0.11599999999999999
4101,0.11599999999999999
4102,0.11599999999999999
4103,0.11599999999999999
4104,0.11599999999999999
4105,0.11599999999999999
4106,0.11599999999999999
4107,0.11599999999999999
4108,0.11599999999999999
4109,0.11599999999999999
4110,0.11599999999999999
4111,0.11599999999999999
4112,0.11599999999999999
4113,0.11599999999999999
4114,0.11599999999999999
4115,0.11599999999999999
4116,0.11599999999999999
4117,0.11599999999999999
4118,0.11599999999999999
4119,0.11599999999999999
4120,0.11599999999999999
4121,0.11599999999999999
4122,0.11599999999999999
4123,0.11599999999999999
4124,0.11599999999999999
4125,0.11599999999999999
4126,0.11599999999999999
4127,0.11599999999999999
4128,0.11599999999999999
4129,0.11599999999999999
4130,0.11599999999999999
4131,0.11599999999999999
4132,0.11599999999999999
4133,0.11599999999999999
4134,0.11599999999999999
4135,0.11599999999999999
4136,0.11599999999999999
4137,0.11599999999999999
4138,0.11599999999999999
4139,0.11599999999999999
4140,0.11599999999999999
4141,0.11599999999999999
4142,0.11599999999999999
4143,0.11599999999999999
4144,0.11599999999999999
4145,0.11599999999999999
4146,0.11599999999999999
4147,0.11599999999999999
4148,0.11599999999999999
4149,0.11599999999999999
4150,0.11599999999999999
4151,0.11599999999999999
4152,0.11599999999999999
4153,0.11599999999999999
4154,0.11599999999999999
4155,0.11599999999999999
4156,0.11599999999999999
4157,0.11599999999999999
4158,0.11599999999999999
4159,0.11599999999999999
4160,0.11599999999999999
4161,0.11599999999999999
4162,0.11599999999999999
4163,0.11599999999999999
4164,0.11599999999999999
4165,0.11599999999999999
4166,0.11599999999999999
4167,0.11599999999999999
4168,0.11599999999999999
4169,0.11599999999999999
4170,0.11599999999999999
4171,0.11599999999999999
4172,0.11599999999999999
4173,0.11599999999999999
4174,0.11599999999999999
4175,0.11599999999999999
4176,0.11599999999999999
4177,0.11599999999999999
4178,0.11599999999999999
4179,0.11599999999999999
4180,0.11599999999999999
4181,0.11599999999999999
4182,0.11599999999999999
4183,0.11599999999999999
4184,0.11599999999999999
4185,0.11599999999999999
4186,0.11599999999999999
4187,0.11599999999999999
4188,0.11599999999999999
4189,0.11599999999999999
4190,0.11599999999999999
4191,0.11599999999999999
4192,0.11599999999999999
4193,0.11599999999999999
4194,0.11599999999999999
4195,0.11599999999999999
4196,0.11599999999999999
4197,0.11599999999999999
4198,0.11599999999999999
4199,0.11599999999999999
4200,0.11599999999999999
4201,0.11599999999999999
4202,0.11599999999999999
4203,0.11599999999999999
4204,0.11599999999999999
4205,0.11599999999999999
4206,0.11599999999999999
4207,0.11599999999999999
4208,0.11599999999999999
4209,0.11599999999999999
4210,0.11599999999999999
4211,0.11599999999999999
4212,0.11599999999999999
4213,0.11599999999999999
4214,0.11599999999999999
4215,0.11599999999999999
4216,0.11599999999999999
4217,0.11599999999999999
4218,0.11599999999999999
4219,0.11599999999999999
4220,0.11599999999999999
4221,0.11599999999999999
4222,0.11599999999999999
4223,0.11599999999999999
4224,0.11599999999999999
4225,0.11599999999999999
4226,0.11599999999999999
4227,0.11599999999999999
4228,0.11599999999999999
4229,0.11599999999999999
4230,0.11599999999999999
4231,0.11599999999999999
4232,0.11599999999999999
4233,0.11599999999999999
4234,0.11599999999999999
4235,0.11599999999999999
4236,0.11599999999999999
4237,0.11599999999999999
4238,0.11599999999999999
4239,0.11599999999999999
4240,0.11599999999999999
4241,0.11599999999999999
4242,0.11599999999999999
4243,0.11599999999999999
4244,0.11599999999999999
4245,0.11599999999999999
4246,0.11599999999999999
4247,0.11599999999999999
4248,0.11599999999999999
4249,0.11599999999999999
4250,0.11599999999999999
4251,0.11599999999999999
4252,0.11599999999999999
4253,0.11599999999999999
4254,0.11599999999999999
4255,0.11599999999999999
4256,0.11599999999999999
4257,0.11599999999999999
4258,0.11599999999999999
4259,0.11599999999999999
4260,0.11599999999999999
4261,0.11599999999999999
4262,0.11599999999999999
4263,0.11599999999999999
4264,0.11599999999999999
4265,0.11599999999999999
4266,0.11599999999999999
4267,0.11599999999999999
4268,0.11599999999999999
4269,0.11599999999999999
4270,0.11599999999999999
4271,0.11599999999999999
4272,0.11599999999999999
4273,0.11599999999999999
4274,0.11599999999999999
4275,0.11599999999999999
4276,0.11599999999999999
4277,0.11599999999999999
4278,0.11599999999999999
4279,0.11599999999999999
4280,0.11599999999999999
4281,0.11599999999999999
4282,0.11599999999999999
4283,0.11599999999999999
4284,0.11599999999999999
4285,0.11599999999999999
4286,0.11599999999999999
4287,0.11599999999999999
4288,0.11599999999999999
4289,0.11599999999999999
4290,0.11599999999999999
4291,0.11599999999999999
4292,0.11599999999999999
4293,0.11599999999999999
4294,0.11599999999999999
4295,0.11599999999999999
4296,0.11599999999999999
4297,0.11599999999999999
4298,0.11599999999999999
4299,0.11599999999999999
4300,0.11599999999999999
4301,0.11599999999999999
4302,0.11599999999999999
4303,0.11599999999999999
4304,0.11599999999999999
4305,0.11599999999999999
4306,0.11599999999999999
4307,0.11599999999999999
4308,0.11599999999999999
4309,0.11599999999999999
4310,0.11599999999999999
4311,0.11599999999999999
4312,0.11599999999999999
4313,0.11599999999999999
4314,0.11599999999999999
4315,0.11599999999999999
4316,0.11599999999999999
4317,0.11599999999999999
4318,0.11599999999999999
4319,0.11599999999999999
4320,0.11599999999999999
4321,0.11599999999999999
4322,0.11599999999999999
4323,0.11599999999999999
4324,0.11599999999999999
4325,0.11599999999999999
4326,0.11599999999999999
4327,0.11599999999999999
4328,0.11599999999999999
4329,0.11599999999999999
4330,0.11599999999999999
4331,0.11599999999999999
4332,0.11599999999999999
4333,0.11599999999999999
4334,0.11599999999999999
4335,0.11599999999999999
4336,0.11599999999999999
4337,0.11599999999999999
4338,0.11599999999999999
4339,0.11599999999999999
4340,0.11599999999999999
4341,0.11599999999999999
4342,0.11599999999999999
4343,0.11599999999999999
4344,0.11599999999999999
4345,0.11599999999999999
4346,0.11599999999999999
4347,0.11599999999999999
4348,0.11599999999999999
4349,0.11599999999999999
4350,0.11599999999999999
4351,0.11599999999999999
4352,0.11599999999999999
4353,0.11599999999999999
4354,0.11599999999999999
4355,0.11599999999999999
4356,0.11599999999999999
4357,0.11599999999999999
4358,0.11599999999999999
4359,0.11599999999999999
4360,0.11599999999999999
4361,0.11599999999999999
4362,0.11599999999999999
4363,0.11599999999999999
4364,0.11599999999999999
4365,0.11599999999999999
4366,0.11599999999999999
4367,0.11599999999999999
4368,0.11599999999999999
4369,0.11599999999999999
4370,0.11599999999999999
4371,0.11599999999999999
4372,0.11599999999999999
4373,0.11599999999999999
4374,0.11599999999999999
4375,0.11599999999999999
4376,0.11599999999999999
4377,0.11599999999999999
4378,0.11599999999999999
4379,0.11599999999999999
4380,0.11599999999999999
4381,0.11599999999999999
4382,0.11599999999999999
4383,0.11599999999999999
4384,0.11599999999999999
4385,0.11599999999999999
4386,0.11599999999999999
4387,0.11599999999999999
4388,0.11599999999999999
4389,0.11599999999999999
4390,0.11599999999999999
4391,0.11599999999999999
4392,0.11599999999999999
4393,0.11599999999999999
4394,0.11599999999999999
4395,0.11599999999999999
4396,0.11599999999999999
4397,0.11599999999999999
4398,0.11599999999999999
4399,0.11599999999999999
4400,0.11599999999999999
4401,0.11599999999999999
4402,0.11599999999999999
4403,0.11599999999999999
4404,0.11599999999999999
4405,0.11599999999999999
4406,0.11599999999999999
4407,0.11599999999999999
4408,0.11599999999999999
4409,0.11599999999999999
4410,0.11599999999999999
4411,0.11599999999999999
4412,0.11599999999999999
4413,0.11599999999999999
4414,0.11599999999999999
4415,0.11599999999999999
4416,0.11599999999999999
4417,0.11599999999999999
4418,0.11599999999999999
4419,0.11599999999999999
4420,0.11599999999999999
4421,0.11599999999999999
4422,0.11599999999999999
4423,0.11599999999999999
4424,0.11599999999999999
4425,0.11599999999999999
4426,0.11599999999999999
4427,0.11599999999999999
4428,0.11599999999999999
4429,0.11599999999999999
4430,0.11599999999999999
4431,0.11599999999999999
4432,0.11599999999999999
4433,0.11599999999999999
4434,0.11599999999999999
4435,0.11599999999999999
4436,0.11599999999999999
4437,0.11599999999999999
4438,0.11599999999999999
4439,0.11599999999999999
4440,0.11599999999999999
4441,0.11599999999999999
4442,0.11599999999999999
4443,0.11599999999999999
4444,0.11599999999999999
4445,0.11599999999999999
4446,0.11599999999999999
4447,0.11599999999999999
4448,0.11599999999999999
4449,0.11599999999999999
4450,0.11599999999999999
4451,0.11599999999999999
4452,0.11599999999999999
4453,0.11599999999999999
4454,0.11599999999999999
4455,0.11599999999999999
4456,0.11599999999999999
4457,0.11599999999999999
4458,0.11599999999999999
4459,0.11599999999999999
4460,0.11599999999999999
4461,0.11599999999999999
4462,0.11599999999999999
4463,0.11599999999999999
4464,0.11599999999999999
4465,0.11599999999999999
4466,0.11599999999999999
4467,0.11599999999999999
4468,0.11599999999999999
4469,0.11599999999999999
4470,0.11599999999999999
4471,0.11599999999999999
4472,0.11599999999999999
4473,0.11599999999999999
4474,0.11599999999999999
4475,0.11599999999999999
4476,0.11599999999999999
4477,0.11599999999999999
4478,0.11599999999999999
4479,0.11599999999999999
4480,0.11599999999999999
4481,0.11599999999999999
4482,0.11599999999999999
4483,0.11599999999999999
4484,0.11599999999999999
4485,0.11599999999999999
4486,0.11599999999999999
4487,0.11599999999999999
4488,0.11599999999999999
4489,0.11599999999999999
4490,0.11599999999999999
4491,0.11599999999999999
4492,0.11599999999999999
4493,0.11599999999999999
4494,0.11599999999999999
4495,0.11599999999999999
4496,0.11599999999999999
4497,0.11599999999999999
4498,0.11599999999999999
4499,0.11599999999999999
4500,0.11599999999999999
4501,0.11599999999999999
4502,0.11599999999999999
4503,0.11599999999999999
4504,0.11599999999999999
4505,0.11599999999999999
4506,0.11599999999999999
4507,0.11599999999999999
4508,0.11599999999999999
4509,0.11599999999999999
4510,0.11599999999999999
4511,0.11599999999999999
4512,0.11599999999999999
4513,0.11599999999999999
4514,0.11599999999999999
4515,0.11599999999999999
4516,0.11599999999999999
4517,0.11599999999999999
4518,0.11599999999999999
4519,0.11599999999999999
4520,0.11599999999999999
4521,0.11599999999999999
4522,0.11599999999999999
4523,0.11599999999999999
4524,0.11599999999999999
4525,0.11599999999999999
4526,0.11599999999999999
4527,0.11599999999999999
4528,0.11599999999999999
4529,0.11599999999999999
4530,0.11599999999999999
4531,0.11599999999999999
4532,0.11599999999999999
4533,0.11599999999999999
4534,0.11599999999999999
4535,0.11599999999999999
4536,0.11599999999999999
4537,0.11599999999999999
4538,0.11599999999999999
4539,0.11599999999999999
4540,0.11599999999999999
4541,0.11599999999999999
4542,0.11599999999999999
4543,0.11599999999999999
4544,0.11599999999999999
4545,0.11599999999999999
4546,0.11599999999999999
4547,0.11599999999999999
4548,0.11599999999999999
4549,0.11599999999999999
4550,0.11599999999999999
4551,0.11599999999999999
4552,0.11599999999999999
4553,0.11599999999999999
4554,0.11599999999999999
4555,0.11599999999999999
4556,0.11599999999999999
4557,0.11599999999999999
4558,0.11599999999999999
4559,0.11599999999999999
4560,0.11599999999999999
4561,0.11599999999999999
4562,0.11599999999999999
4563,0.11599999999999999
4564,0.11599999999999999
4565,0.11599999999999999
4566,0.11599999999999999
4567,0.11599999999999999
4568,0.11599999999999999
4569,0.11599999999999999
4570,0.11599999999999999
4571,0.11599999999999999
4572,0.11599999999999999
4573,0.11599999999999999
4574,0.11599999999999999
4575,0.11599999999999999
4576,0.11599999999999999
4577,0.11599999999999999
4578,0.11599999999999999
4579,0.11599999999999999
4580,0.11599999999999999
4581,0.11599999999999999
4582,0.11599999999999999
4583,0.11599999999999999
4584,0.11599999999999999
4585,0.11599999999999999
4586,0.11599999999999999
4587,0.11599999999999999
4588,0.11599999999999999
4589,0.11599999999999999
4590,0.11599999999999999
4591,0.11599999999999999
4592,0.11599999999999999
4593,0.11599999999999999
4594,0.11599999999999999
4595,0.11599999999999999
4596,0.11599999999999999
4597,0.11599999999999999
4598,0.11599999999999999
4599,0.11599999999999999
4600,0.11599999999999999
4601,0.11599999999999999
4602,0.11599999999999999
4603,0.11599999999999999
4604,0.11599999999999999
4605,0.11599999999999999
4606,0.11599999999999999
4607,0.11599999999999999
4608,0.11599999999999999
4609,0.11599999999999999
4610,0.11599999999999999
4611,0.11599999999999999
4612,0.11599999999999999
4613,0.11599999999999999
4614,0.11599999999999999
4615,0.11599999999999999
4616,0.11599999999999999
4617,0.11599999999999999
4618,0.11599999999999999
4619,0.11599999999999999
4620,0.11599999999999999
4621,0.11599999999999999
4622,0.11599999999999999
4623,0.11599999999999999
4624,0.11599999999999999
4625,0.11599999999999999
4626,0.11599999999999999
4627,0.11599999999999999
4628,0.11599999999999999
4629,0.11599999999999999
4630,0.11599999999999999
4631,0.11599999999999999
4632,0.11599999999999999
4633,0.11599999999999999
4634,0.11599999999999999
4635,0.11599999999999999
4636,0.11599999999999999
4637,0.11599999999999999
4638,0.11599999999999999
4639,0.11599999999999999
4640,0.11599999999999999
4641,0.11599999999999999
4642,0.11599999999999999
4643,0.11599999999999999
4644,0.11599999999999999
4645,0.11599999999999999
4646,0.11599999999999999
4647,0.11599999999999999
4648,0.11599999999999999
4649,0.11599999999999999
4650,0.11599999999999999
4651,0.11599999999999999
4652,0.11599999999999999
4653,0.11599999999999999
4654,0.11599999999999999
4655,0.11599999999999999
4656,0.11599999999999999
4657,0.11599999999999999
4658,0.11599999999999999
4659,0.11599999999999999
4660,0.11599999999999999
4661,0.11599999999999999
4662,0.11599999999999999
4663,0.11599999999999999
4664,0.11599999999999999
4665,0.11599999999999999
4666,0.11599999999999999
4667,0.11599999999999999
4668,0.11599999999999999
4669,0.11599999999999999
4670,0.11599999999999999
4671,0.11599999999999999
4672,0.11599999999999999
4673,0.11599999999999999
4674,0.11599999999999999
4675,0.11599999999999999
4676,0.11599999999999999
4677,0.11599999999999999
4678,0.11599999999999999
4679,0.11599999999999999
4680,0.11599999999999999
4681,0.11599999999999999
4682,0.11599999999999999
4683,0.11599999999999999
4684,0.11599999999999999
4685,0.11599999999999999
4686,0.11599999999999999
4687,0.11599999999999999
4688,0.11599999999999999
4689,0.11599999999999999
4690,0.11599999999999999
4691,0.11599999999999999
4692,0.11599999999999999
4693,0.11599999999999999
4694,0.11599999999999999
4695,0.11599999999999999
4696,0.11599999999999999
4697,0.11599999999999999
4698,0.11599999999999999
4699,0.11599999999999999
4700,0.11599999999999999
4701,0.11599999999999999
4702,0.11599999999999999
4703,0.11599999999999999
4704,0.11599999999999999
4705,0.11599999999999999
4706,0.11599999999999999
4707,0.11599999999999999
4708,0.11599999999999999
4709,0.11599999999999999
4710,0.11599999999999999
4711,0.11599999999999999
4712,0.11599999999999999
4713,0.11599999999999999
4714,0.11599999999999999
4715,0.11599999999999999
4716,0.11599999999999999
4717,0.11599999999999999
4718,0.11599999999999999
4719,0.11599999999999999
4720,0.11599999999999999
4721,0.11599999999999999
4722,0.11599999999999999
4723,0.11599999999999999
4724,0.11599999999999999
4725,0.11599999999999999
4726,0.11599999999999999
4727,0.11599999999999999
4728,0.11599999999999999
4729,0.11599999999999999
4730,0.11599999999999999
4731,0.11599999999999999
4732,0.11599999999999999
4733,0.11599999999999999
4734,0.11599999999999999
4735,0.11599999999999999
4736,0.11599999999999999
4737,0.11599999999999999
4738,0.11599999999999999
4739,0.11599999999999999
4740,0.11599999999999999
4741,0.11599999999999999
4742,0.11599999999999999
4743,0.11599999999999999
4744,0.11599999999999999
4745,0.11599999999999999
4746,0.11599999999999999
4747,0.11599999999999999
4748,0.11599999999999999
4749,0.11599999999999999
4750,0.11599999999999999
4751,0.11599999999999999
4752,0.11599999999999999
4753,0.11599999999999999
4754,0.11599999999999999
4755,0.11599999999999999
4756,0.11599999999999999
4757,0.11599999999999999
4758,0.11599999999999999
4759,0.11599999999999999
4760,0.11599999999999999
4761,0.11599999999999999
4762,0.11599999999999999
4763,0.11599999999999999
4764,0.11599999999999999
4765,0.11599999999999999
4766,0.11599999999999999
4767,0.11599999999999999
4768,0.11599999999999999
4769,0.11599999999999999
4770,0.11599999999999999
4771,0.11599999999999999
4772,0.11599999999999999
4773,0.11599999999999999
4774,0.11599999999999999
4775,0.11599999999999999
4776,0.11599999999999999
4777,0.11599999999999999
4778,0.11599999999999999
4779,0.11599999999999999
4780,0.11599999999999999
4781,0.11599999999999999
4782,0.11599999999999999
4783,0.11599999999999999
4784,0.11599999999999999
4785,0.11599999999999999
4786,0.11599999999999999
4787,0.11599999999999999
4788,0.11599999999999999
4789,0.11599999999999999
4790,0.11599999999999999
4791,0.11599999999999999
4792,0.11599999999999999
4793,0.11599999999999999
4794,0.11599999999999999
4795,0.11599999999999999
4796,0.11599999999999999
4797,0.11599999999999999
4798,0.11599999999999999
4799,0.11599999999999999
4800,0.11599999999999999
4801,0.11599999999999999
4802,0.11599999999999999
4803,0.11599999999999999
4804,0.11599999999999999
4805,0.11599999999999999
4806,0.11599999999999999
4807,0.11599999999999999
4808,0.11599999999999999
4809,0.11599999999999999
4810,0.11599999999999999
4811,0.11599999999999999
4812,0.11599999999999999
4813,0.11599999999999999
4814,0.11599999999999999
4815,0.11599999999999999
4816,0.11599999999999999
4817,0.11599999999999999
4818,0.11599999999999999
4819,0.11599999999999999
4820,0.11599999999999999
4821,0.11599999999999999
4822,0.11599999999999999
4823,0.11599999999999999
4824,0.11599999999999999
4825,0.11599999999999999
4826,0.11599999999999999
4827,0.11599999999999999
4828,0.11599999999999999
4829,0.11599999999999999
4830,0.11599999999999999
4831,0.11599999999999999
4832,0.11599999999999999
4833,0.11599999999999999
4834,0.11599999999999999
4835,0.11599999999999999
4836,0.11599999999999999
4837,0.11599999999999999
4838,0.11599999999999999
4839,0.11599999999999999
4840,0.11599999999999999
4841,0.11599999999999999
4842,0.11599999999999999
4843,0.11599999999999999
4844,0.11599999999999999
4845,0.11599999999999999
4846,0.11599999999999999
4847,0.11599999999999999
4848,0.11599999999999999
4849,0.11599999999999999
4850,0.11599999999999999
4851,0.11599999999999999
4852,0.11599999999999999
4853,0.11599999999999999
4854,0.11599999999999999
4855,0.11599999999999999
4856,0.11599999999999999
4857,0.11599999999999999
4858,0.11599999999999999
4859,0.11599999999999999
4860,0.11599999999999999
4861,0.11599999999999999
4862,0.11599999999999999
4863,0.11599999999999999
4864,0.11599999999999999
4865,0.11599999999999999
4866,0.11599999999999999
4867,0.11599999999999999
4868,0.11599999999999999
4869,0.11599999999999999
4870,0.11599999999999999
4871,0.11599999999999999
4872,0.11599999999999999
4873,0.11599999999999999
4874,0.11599999999999999
4875,0.11599999999999999
4876,0.11599999999999999
4877,0.11599999999999999
4878,0.11599999999999999
4879,0.11599999999999999
4880,0.11599999999999999
4881,0.11599999999999999
4882,0.11599999999999999
4883,0.11599999999999999
4884,0.11599999999999999
4885,0.11599999999999999
4886,0.11599999999999999
4887,0.11599999999999999
4888,0.11599999999999999
4889,0.11599999999999999
4890,0.11599999999999999
4891,0.11599999999999999
4892,0.11599999999999999
4893,0.11599999999999999
4894,0.11599999999999999
4895,0.11599999999999999
4896,0.11599999999999999
4897,0.11599999999999999
4898,0.11599999999999999
4899,0.11599999999999999
4900,0.11599999999999999
4901,0.11599999999999999
4902,0.11599999999999999
4903,0.11599999999999999
4904,0.11599999999999999
4905,0.11599999999999999
4906,0.11599999999999999
4907,0.11599999999999999
4908,0.11599999999999999
4909,0.11599999999999999
4910,0.11599999999999999
4911,0.11599999999999999
4912,0.11599999999999999
4913,0.11599999999999999
4914,0.11599999999999999
4915,0.11599999999999999
4916,0.11599999999999999
4917,0.11599999999999999
4918,0.11599999999999999
4919,0.11599999999999999
4920,0.11599999999999999
4921,0.11599999999999999
4922,0.11599999999999999
4923,0.11599999999999999
4924,0.11599999999999999
4925,0.11599999999999999
4926,0.11599999999999999
4927,0.11599999999999999
4928,0.11599999999999999
4929,0.11599999999999999
4930,0.11599999999999999
4931,0.11599999999999999
4932,0.11599999999999999
4933,0.11599999999999999
4934,0.11599999999999999
4935,0.11599999999999999
4936,0.11599999999999999
4937,0.11599999999999999
4938,0.11599999999999999
4939,0.11599999999999999
4940,0.11599999999999999
4941,0.11599999999999999
4942,0.11599999999999999
4943,0.11599999999999999
4944,0.11599999999999999
4945,0.11599999999999999
4946,0.11599999999999999
4947,0.11599999999999999
4948,0.11599999999999999
4949,0.11599999999999999
4950,0.11599999999999999
4951,0.11599999999999999
4952,0.11599999999999999
4953,0.11599999999999999
4954,0.11599999999999999
4955,0.11599999999999999
4956,0.11599999999999999
4957,0.11599999999999999
4958,0.11599999999999999
4959,0.11599999999999999
4960,0.11599999999999999
4961,0.11599999999999999
4962,0.11599999999999999
4963,0.11599999999999999
4964,0.11599999999999999
4965,0.11599999999999999
4966,0.11599999999999999
4967,0.11599999999999999
4968,0.11599999999999999
4969,0.11599999999999999
4970,0.11599999999999999
4971,0.11599999999999999
4972,0.11599999999999999
4973,0.11599999999999999
4974,0.11599999999999999
4975,0.11599999999999999
4976,0.11599999999999999
4977,0.11599999999999999
4978,0.11599999999999999
4979,0.11599999999999999
4980,0.11599999999999999
4981,0.11599999999999999
4982,0.11599999999999999
4983,0.11599999999999999
4984,0.11599999999999999
4985,0.11599999999999999
4986,0.11599999999999999
4987,0.11599999999999999
4988,0.11599999999999999
4989,0.11599999999999999
4990,0.11599999999999999
4991,0.11599999999999999
4992,0.11599999999999999
4993,0.11599999999999999
4994,0.11599999999999999
4995,0.11599999999999999
4996,0.11599999999999999
4997,0.11599999999999999
4998,0.11599999999999999
4999,0.11599999999999999
5000,0.11599999999999999
5001,0.11599999999999999
5002,0.11599999999999999
5003,0.11599999999999999
5004,0.11599999999999999
5005,0.11599999999999999
5006,0.11599999999999999
5007,0.11599999999999999
5008,0.11599999999999999
5009,0.11599999999999999
5010,0.11599999999999999
5011,0.11599999999999999
5012,0.11599999999999999
5013,0.11599999999999999
5014,0.11599999999999999
5015,0.11599999999999999
5016,0.11599999999999999
5017,0.11599999999999999
5018,0.11599999999999999
5019,0.11599999999999999
5020,0.11599999999999999
5021,0.11599999999999999
5022,0.11599999999999999
5023,0.11599999999999999
5024,0.11599999999999999
5025,0.11599999999999999
5026,0.11599999999999999
5027,0.11599999999999999
5028,0.11599999999999999
5029,0.11599999999999999
5030,0.11599999999999999
5031,0.11599999999999999
5032,0.11599999999999999
5033,0.11599999999999999
5034,0.11599999999999999
5035,0.11599999999999999
5036,0.11599999999999999
5037,0.11599999999999999
5038,0.11599999999999999
5039,0.11599999999999999
5040,0.11599999999999999
5041,0.11599999999999999
5042,0.11599999999999999
5043,0.11599999999999999
5044,0.11599999999999999
5045,0.11599999999999999
5046,0.11599999999999999
5047,0.11599999999999999
5048,0.11599999999999999
5049,0.11599999999999999
5050,0.11599999999999999
5051,0.11599999999999999
5052,0.11599999999999999
5053,0.11599999999999999
5054,0.11599999999999999
5055,0.11599999999999999
5056,0.11599999999999999
5057,0.11599999999999999
5058,0.11599999999999999
5059,0.11599999999999999
5060,0.11599999999999999
5061,0.11599999999999999
5062,0.11599999999999999
5063,0.11599999999999999
5064,0.11599999999999999
5065,0.11599999999999999
5066,0.11599999999999999
5067,0.11599999999999999
5068,0.11599999999999999
5069,0.11599999999999999
5070,0.11599999999999999
5071,0.11599999999999999
5072,0.11599999999999999
5073,0.11599999999999999
5074,0.11599999999999999
5075,0.11599999999999999
5076,0.11599999999999999
5077,0.11599999999999999
5078,0.11599999999999999
5079,0.11599999999999999
5080,0.11599999999999999
5081,0.11599999999999999
5082,0.11599999999999999
5083,0.11599999999999999
5084,0.11599999999999999
5085,0.11599999999999999
5086,0.11599999999999999
5087,0.11599999999999999
5088,0.11599999999999999
5089,0.11599999999999999
5090,0.11599999999999999
5091,0.11599999999999999
5092,0.11599999999999999
5093,0.11599999999999999
5094,0.11599999999999999
5095,0.11599999999999999
5096,0.11599999999999999
5097,0.11599999999999999
5098,0.11599999999999999
5099,0.11599999999999999
5100,0.11599999999999999
5101,0.11599999999999999
5102,0.11599999999999999
5103,0.11599999999999999
5104,0.11599999999999999
5105,0.11599999999999999
5106,0.11599999999999999
5107,0.11599999999999999
5108,0.11599999999999999
5109,0.11599999999999999
5110,0.11599999999999999
5111,0.11599999999999999
5112,0.11599999999999999
5113,0.11599999999999999
5114,0.11599999999999999
5115,0.11599999999999999
5116,0.11599999999999999
5117,0.11599999999999999
5118,0.11599999999999999
5119,0.11599999999999999
5120,0.11599999999999999
5121,0.11599999999999999
5122,0.11599999999999999
5123,0.11599999999999999
5124,0.11599999999999999
5125,0.11599999999999999
5126,0.11599999999999999
5127,0.11599999999999999
5128,0.11599999999999999
5129,0.11599999999999999
5130,0.11599999999999999
5131,0.11599999999999999
5132,0.11599999999999999
5133,0.11599999999999999
5134,0.11599999999999999
5135,0.11599999999999999
5136,0.11599999999999999
5137,0.11599999999999999
5138,0.11599999999999999
5139,0.11599999999999999
5140,0.11599999999999999
5141,0.11599999999999999
5142,0.11599999999999999
5143,0.11599999999999999
5144,0.11599999999999999
5145,0.11599999999999999
5146,0.11599999999999999
5147,0.11599999999999999
5148,0.11599999999999999
5149,0.11599999999999999
5150,0.11599999999999999
5151,0.11599999999999999
5152,0.11599999999999999
5153,0.11599999999999999
5154,0.11599999999999999
5155,0.11599999999999999
5156,0.11599999999999999
5157,0.11599999999999999
5158,0.11599999999999999
5159,0.11599999999999999
5160,0.11599999999999999
5161,0.11599999999999999
5162,0.11599999999999999
5163,0.11599999999999999
5164,0.11599999999999999
5165,0.11599999999999999
5166,0.11599999999999999
5167,0.11599999999999999
5168,0.11599999999999999
5169,0.11599999999999999
5170,0.11599999999999999
5171,0.11599999999999999
5172,0.11599999999999999
5173,0.11599999999999999
5174,0.11599999999999999
5175,0.11599999999999999
5176,0.11599999999999999
5177,0.11599999999999999
5178,0.11599999999999999
5179,0.11599999999999999
5180,0.11599999999999999
5181,0.11599999999999999
5182,0.11599999999999999
5183,0.11599999999999999
5184,0.11599999999999999
5185,0.11599999999999999
5186,0.11599999999999999
5187,0.11599999999999999
5188,0.11599999999999999
5189,0.11599999999999999
5190,0.11599999999999999
5191,0.11599999999999999
5192,0.11599999999999999
5193,0.11599999999999999
5194,0.11599999999999999
5195,0.11599999999999999
5196,0.11599999999999999
5197,0.11599999999999999
5198,0.11599999999999999
5199,0.11599999999999999
5200,0.11599999999999999
5201,0.11599999999999999
5202,0.11599999999999999
5203,0.11599999999999999
5204,0.11599999999999999
5205,0.11599999999999999
5206,0.11599999999999999
5207,0.11599999999999999
5208,0.11599999999999999
5209,0.11599999999999999
5210,0.11599999999999999
5211,0.11599999999999999
5212,0.11599999999999999
5213,0.11599999999999999
5214,0.11599999999999999
5215,0.11599999999999999
5216,0.11599999999999999
5217,0.11599999999999999
5218,0.11599999999999999
5219,0.11599999999999999
5220,0.11599999999999999
5221,0.11599999999999999
5222,0.11599999999999999
5223,0.11599999999999999
5224,0.11599999999999999
5225,0.11599999999999999
5226,0.11599999999999999
5227,0.11599999999999999
5228,0.11599999999999999
5229,0.11599999999999999
5230,0.11599999999999999
5231,0.11599999999999999
5232,0.11599999999999999
5233,0.11599999999999999
5234,0.11599999999999999
5235,0.11599999999999999
5236,0.11599999999999999
5237,0.11599999999999999
5238,0.11599999999999999
5239,0.11599999999999999
5240,0.11599999999999999
5241,0.11599999999999999
5242,0.11599999999999999
5243,0.11599999999999999
5244,0.11599999999999999
5245,0.11599999999999999
5246,0.11599999999999999
5247,0.11599999999999999
5248,0.11599999999999999
5249,0.11599999999999999
5250,0.11599999999999999
5251,0.11599999999999999
5252,0.11599999999999999
5253,0.11599999999999999
5254,0.11599999999999999
5255,0.11599999999999999
5256,0.11599999999999999
5257,0.11599999999999999
5258,0.11599999999999999
5259,0.11599999999999999
5260,0.11599999999999999
5261,0.11599999999999999
5262,0.11599999999999999
5263,0.11599999999999999
5264,0.11599999999999999
5265,0.11599999999999999
5266,0.11599999999999999
5267,0.11599999999999999
5268,0.11599999999999999
5269,0.11599999999999999
5270,0.11599999999999999
5271,0.11599999999999999
5272,0.11599999999999999
5273,0.11599999999999999
5274,0.11599999999999999
5275,0.11599999999999999
5276,0.11599999999999999
5277,0.11599999999999999
5278,0.11599999999999999
5279,0.11599999999999999
5280,0.11599999999999999
5281,0.11599999999999999
5282,0.11599999999999999
5283,0.11599999999999999
5284,0.11599999999999999
5285,0.11599999999999999
5286,0.11599999999999999
5287,0.11599999999999999
5288,0.11599999999999999
5289,0.11599999999999999
5290,0.11599999999999999
5291,0.11599999999999999
5292,0.11599999999999999
5293,0.11599999999999999
5294,0.11599999999999999
5295,0.11599999999999999
5296,0.11599999999999999
5297,0.11599999999999999
5298,0.11599999999999999
5299,0.11599999999999999
5300,0.11599999999999999
5301,0.11599999999999999
5302,0.11599999999999999
5303,0.11599999999999999
5304,0.11599999999999999
5305,0.11599999999999999
5306,0.11599999999999999
5307,0.11599999999999999
5308,0.11599999999999999
5309,0.11599999999999999
5310,0.11599999999999999
5311,0.11599999999999999
5312,0.11599999999999999
5313,0.11599999999999999
5314,0.11599999999999999
5315,0.11599999999999999
5316,0.11599999999999999
5317,0.11599999999999999
5318,0.11599999999999999
5319,0.11599999999999999
5320,0.11599999999999999
5321,0.11599999999999999
5322,0.11599999999999999
5323,0.11599999999999999
5324,0.11599999999999999
5325,0.11599999999999999
5326,0.11599999999999999
5327,0.11599999999999999
5328,0.11599999999999999
5329,0.11599999999999999
5330,0.11599999999999999
5331,0.11599999999999999
5332,0.11599999999999999
5333,0.11599999999999999
5334,0.11599999999999999
5335,0.11599999999999999
5336,0.11599999999999999
5337,0.11599999999999999
5338,0.11599999999999999
5339,0.11599999999999999
5340,0.11599999999999999
5341,0.11599999999999999
5342,0.11599999999999999
5343,0.11599999999999999
5344,0.11599999999999999
5345,0.11599999999999999
5346,0.11599999999999999
5347,0.11599999999999999
5348,0.11599999999999999
5349,0.11599999999999999
5350,0.11599999999999999
5351,0.11599999999999999
5352,0.11599999999999999
5353,0.11599999999999999
5354,0.11599999999999999
5355,0.11599999999999999
5356,0.11599999999999999
5357,0.11599999999999999
5358,0.11599999999999999
5359,0.11599999999999999
5360,0.11599999999999999
5361,0.11599999999999999
5362,0.11599999999999999
5363,0.11599999999999999
5364,0.11599999999999999
5365,0.11599999999999999
5366,0.11599999999999999
5367,0.11599999999999999
5368,0.11599999999999999
5369,0.11599999999999999
5370,0.11599999999999999
5371,0.11599999999999999
5372,0.11599999999999999
5373,0.11599999999999999
5374,0.11599999999999999
5375,0.11599999999999999
5376,0.11599999999999999
5377,0.11599999999999999
5378,0.11599999999999999
5379,0.11599999999999999
5380,0.11599999999999999
5381,0.11599999999999999
5382,0.11599999999999999
5383,0.11599999999999999
5384,0.11599999999999999
5385,0.11599999999999999
5386,0.11599999999999999
5387,0.11599999999999999
5388,0.11599999999999999
5389,0.11599999999999999
5390,0.11599999999999999
5391,0.11599999999999999
5392,0.11599999999999999
5393,0.11599999999999999
5394,0.11599999999999999
5395,0.11599999999999999
5396,0.11599999999999999
5397,0.11599999999999999
5398,0.11599999999999999
5399,0.11599999999999999
5400,0.11599999999999999
5401,0.11599999999999999
5402,0.11599999999999999
5403,0.11599999999999999
5404,0.11599999999999999
5405,0.11599999999999999
5406,0.11599999999999999
5407,0.11599999999999999
5408,0.11599999999999999
5409,0.11599999999999999
5410,0.11599999999999999
5411,0.11599999999999999
5412,0.11599999999999999
5413,0.11599999999999999
5414,0.11599999999999999
5415,0.11599999999999999
5416,0.11599999999999999
5417,0.11599999999999999
5418,0.11599999999999999
5419,0.11599999999999999
5420,0.11599999999999999
5421,0.11599999999999999
5422,0.11599999999999999
5423,0.11599999999999999
5424,0.11599999999999999
5425,0.11599999999999999
5426,0.11599999999999999
5427,0.11599999999999999
5428,0.11599999999999999
5429,0.11599999999999999
5430,0.11599999999999999
5431,0.11599999999999999
5432,0.11599999999999999
5433,0.11599999999999999
5434,0.11599999999999999
5435,0.11599999999999999
5436,0.11599999999999999
5437,0.11599999999999999
5438,0.11599999999999999
5439,0.11599999999999999
5440,0.11599999999999999
5441,0.11599999999999999
5442,0.11599999999999999
5443,0.11599999999999999
5444,0.11599999999999999
5445,0.11599999999999999
5446,0.11599999999999999
5447,0.11599999999999999
5448,0.11599999999999999
5449,0.11599999999999999
5450,0.11599999999999999
5451,0.11599999999999999
5452,0.11599999999999999
5453,0.11599999999999999
5454,0.11599999999999999
5455,0.11599999999999999
5456,0.11599999999999999
5457,0.11599999999999999
5458,0.11599999999999999
5459,0.11599999999999999
5460,0.11599999999999999
5461,0.11599999999999999
5462,0.11599999999999999
5463,0.11599999999999999
5464,0.11599999999999999
5465,0.11599999999999999
5466,0.11599999999999999
5467,0.11599999999999999
5468,0.11599999999999999
5469,0.11599999999999999
5470,0.11599999999999999
5471,0.11599999999999999
5472,0.11599999999999999
5473,0.11599999999999999
5474,0.11599999999999999
5475,0.11599999999999999
5476,0.11599999999999999
5477,0.11599999999999999
5478,0.11599999999999999
5479,0.11599999999999999
5480,0.11599999999999999
5481,0.11599999999999999
5482,0.11599999999999999
5483,0.11599999999999999
5484,0.11599999999999999
5485,0.11599999999999999
5486,0.11599999999999999
5487,0.11599999999999999
5488,0.11599999999999999
5489,0.11599999999999999
5490,0.11599999999999999
5491,0.11599999999999999
5492,0.11599999999999999
5493,0.11599999999999999
5494,0.11599999999999999
5495,0.11599999999999999
5496,0.11599999999999999
5497,0.11599999999999999
5498,0.11599999999999999
5499,0.11599999999999999
5500,0.11599999999999999
5501,0.11599999999999999
5502,0.11599999999999999
5503,0.11599999999999999
5504,0.11599999999999999
5505,0.11599999999999999
5506,0.11599999999999999
5507,0.11599999999999999
5508,0.11599999999999999
5509,0.11599999999999999
5510,0.11599999999999999
5511,0.11599999999999999
5512,0.11599999999999999
5513,0.11599999999999999
5514,0.11599999999999999
5515,0.11599999999999999
5516,0.11599999999999999
5517,0.11599999999999999
5518,0.11599999999999999
5519,0.11599999999999999
5520,0.11599999999999999
5521,0.11599999999999999
5522,0.11599999999999999
5523,0.11599999999999999
5524,0.11599999999999999
5525,0.11599999999999999
5526,0.11599999999999999
5527,0.11599999999999999
5528,0.11599999999999999
5529,0.11599999999999999
5530,0.11599999999999999
5531,0.11599999999999999
5532,0.11599999999999999
5533,0.11599999999999999
5534,0.11599999999999999
5535,0.11599999999999999
5536,0.11599999999999999
5537,0.11599999999999999
5538,0.11599999999999999
5539,0.11599999999999999
5540,0.11599999999999999
5541,0.11599999999999999
5542,0.11599999999999999
5543,0.11599999999999999
5544,0.11599999999999999
5545,0.11599999999999999
5546,0.11599999999999999
5547,0.11599999999999999
5548,0.11599999999999999
5549,0.11599999999999999
5550,0.11599999999999999
5551,0.11599999999999999
5552,0.11599999999999999
5553,0.11599999999999999
5554,0.11599999999999999
5555,0.11599999999999999
5556,0.11599999999999999
5557,0.11599999999999999
5558,0.11599999999999999
5559,0.11599999999999999
5560,0.11599999999999999
5561,0.11599999999999999
5562,0.11599999999999999
5563,0.11599999999999999
5564,0.11599999999999999
5565,0.11599999999999999
5566,0.11599999999999999
5567,0.11599999999999999
5568,0.11599999999999999
5569,0.11599999999999999
5570,0.11599999999999999
5571,0.11599999999999999
5572,0.11599999999999999
5573,0.11599999999999999
5574,0.11599999999999999
5575,0.11599999999999999
5576,0.11599999999999999
5577,0.11599999999999999
5578,0.11599999999999999
5579,0.11599999999999999
5580,0.11599999999999999
5581,0.11599999999999999
5582,0.11599999999999999
5583,0.11599999999999999
5584,0.11599999999999999
5585,0.11599999999999999
5586,0.11599999999999999
5587,0.11599999999999999
5588,0.11599999999999999
5589,0.11599999999999999
5590,0.11599999999999999
5591,0.11599999999999999
5592,0.11599999999999999
5593,0.11599999999999999
5594,0.11599999999999999
5595,0.11599999999999999
5596,0.11599999999999999
5597,0.11599999999999999
5598,0.11599999999999999
5599,0.11599999999999999
5600,0.11599999999999999
5601,0.11599999999999999
5602,0.11599999999999999
5603,0.11599999999999999
5604,0.11599999999999999
5605,0.11599999999999999
5606,0.11599999999999999
5607,0.11599999999999999
5608,0.11599999999999999
5609,0.11599999999999999
5610,0.11599999999999999
5611,0.11599999999999999
5612,0.11599999999999999
5613,0.11599999999999999
5614,0.11599999999999999
5615,0.11599999999999999
5616,0.11599999999999999
5617,0.11599999999999999
5618,0.11599999999999999
5619,0.11599999999999999
5620,0.11599999999999999
5621,0.11599999999999999
5622,0.11599999999999999
5623,0.11599999999999999
5624,0.11599999999999999
5625,0.11599999999999999
5626,0.11599999999999999
5627,0.11599999999999999
5628,0.11599999999999999
5629,0.11599999999999999
5630,0.11599999999999999
5631,0.11599999999999999
5632,0.11599999999999999
5633,0.11599999999999999
5634,0.11599999999999999
5635,0.11599999999999999
5636,0.11599999999999999
5637,0.11599999999999999
5638,0.11599999999999999
5639,0.11599999999999999
5640,0.11599999999999999
5641,0.11599999999999999
5642,0.11599999999999999
5643,0.11599999999999999
5644,0.11599999999999999
5645,0.11599999999999999
5646,0.11599999999999999
5647,0.11599999999999999
5648,0.11599999999999999
5649,0.11599999999999999
5650,0.11599999999999999
5651,0.11599999999999999
5652,0.11599999999999999
5653,0.11599999999999999
5654,0.11599999999999999
5655,0.11599999999999999
5656,0.11599999999999999
5657,0.11599999999999999
5658,0.11599999999999999
5659,0.11599999999999999
5660,0.11599999999999999
5661,0.11599999999999999
5662,0.11599999999999999
5663,0.11599999999999999
5664,0.11599999999999999
5665,0.11599999999999999
5666,0.11599999999999999
5667,0.11599999999999999
5668,0.11599999999999999
5669,0.11599999999999999
5670,0.11599999999999999
5671,0.11599999999999999
5672,0.11599999999999999
5673,0.11599999999999999
5674,0.11599999999999999
5675,0.11599999999999999
5676,0.11599999999999999
5677,0.11599999999999999
5678,0.11599999999999999
5679,0.11599999999999999
5680,0.11599999999999999
5681,0.11599999999999999
5682,0.11599999999999999
5683,0.11599999999999999
5684,0.11599999999999999
5685,0.11599999999999999
5686,0.11599999999999999
5687,0.11599999999999999
5688,0.11599999999999999
5689,0.11599999999999999
5690,0.11599999999999999
5691,0.11599999999999999
5692,0.11599999999999999
5693,0.11599999999999999
5694,0.11599999999999999
5695,0.11599999999999999
5696,0.11599999999999999
5697,0.11599999999999999
5698,0.11599999999999999
5699,0.11599999999999999
5700,0.11599999999999999
5701,0.11599999999999999
5702,0.11599999999999999
5703,0.11599999999999999
5704,0.11599999999999999
5705,0.11599999999999999
5706,0.11599999999999999
5707,0.11599999999999999
5708,0.11599999999999999
5709,0.11599999999999999
5710,0.11599999999999999
5711,0.11599999999999999
5712,0.11599999999999999
5713,0.11599999999999999
5714,0.11599999999999999
5715,0.11599999999999999
5716,0.11599999999999999
5717,0.11599999999999999
5718,0.11599999999999999
5719,0.11599999999999999
5720,0.11599999999999999
5721,0.11599999999999999
5722,0.11599999999999999
5723,0.11599999999999999
5724,0.11599999999999999
5725,0.11599999999999999
5726,0.11599999999999999
5727,0.11599999999999999
5728,0.11599999999999999
5729,0.11599999999999999
5730,0.11599999999999999
5731,0.11599999999999999
5732,0.11599999999999999
5733,0.11599999999999999
5734,0.11599999999999999
5735,0.11599999999999999
5736,0.11599999999999999
5737,0.11599999999999999
5738,0.11599999999999999
5739,0.11599999999999999
5740,0.11599999999999999
5741,0.11599999999999999
5742,0.11599999999999999
5743,0.11599999999999999
5744,0.11599999999999999
5745,0.11599999999999999
5746,0.11599999999999999
5747,0.11599999999999999
5748,0.11599999999999999
5749,0.11599999999999999
5750,0.11599999999999999
5751,0.11599999999999999
5752,0.11599999999999999
5753,0.11599999999999999
5754,0.11599999999999999
5755,0.11599999999999999
5756,0.11599999999999999
5757,0.11599999999999999
5758,0.11599999999999999
5759,0.11599999999999999
5760,0.11599999999999999
5761,0.11599999999999999
5762,0.11599999999999999
5763,0.11599999999999999
5764,0.11599999999999999
5765,0.11599999999999999
5766,0.11599999999999999
5767,0.11599999999999999
5768,0.11599999999999999
5769,0.11599999999999999
5770,0.11599999999999999
5771,0.11599999999999999
5772,0.11599999999999999
5773,0.11599999999999999
5774,0.11599999999999999
5775,0.11599999999999999
5776,0.11599999999999999
5777,0.11599999999999999
5778,0.11599999999999999
5779,0.11599999999999999
5780,0.11599999999999999
5781,0.11599999999999999
5782,0.11599999999999999
5783,0.11599999999999999
5784,0.11599999999999999
5785,0.11599999999999999
5786,0.11599999999999999
5787,0.11599999999999999
5788,0.11599999999999999
5789,0.11599999999999999
5790,0.11599999999999999
5791,0.11599999999999999
5792,0.11599999999999999
5793,0.11599999999999999
5794,0.11599999999999999
5795,0.11599999999999999
5796,0.11599999999999999
5797,0.11599999999999999
5798,0.11599999999999999
5799,0.11599999999999999
5800,0.11599999999999999
5801,0.11599999999999999
5802,0.11599999999999999
5803,0.11599999999999999
5804,0.11599999999999999
5805,0.11599999999999999
5806,0.11599999999999999
5807,0.11599999999999999
5808,0.11599999999999999
5809,0.11599999999999999
5810,0.11599999999999999
5811,0.11599999999999999
5812,0.11599999999999999
5813,0.11599999999999999
5814,0.11599999999999999
5815,0.11599999999999999
5816,0.11599999999999999
5817,0.11599999999999999
5818,0.11599999999999999
5819,0.11599999999999999
5820,0.11599999999999999
5821,0.11599999999999999
5822,0.11599999999999999
5823,0.11599999999999999
5824,0.11599999999999999
5825,0.11599999999999999
5826,0.11599999999999999
5827,0.11599999999999999
5828,0.11599999999999999
5829,0.11599999999999999
5830,0.11599999999999999
5831,0.11599999999999999
5832,0.11599999999999999
5833,0.11599999999999999
5834,0.11599999999999999
5835,0.11599999999999999
5836,0.11599999999999999
5837,0.11599999999999999
5838,0.11599999999999999
5839,0.11599999999999999
5840,0.11599999999999999
5841,0.11599999999999999
5842,0.11599999999999999
5843,0.11599999999999999
5844,0.11599999999999999
5845,0.11599999999999999
5846,0.11599999999999999
5847,0.11599999999999999
5848,0.11599999999999999
5849,0.11599999999999999
5850,0.11599999999999999
5851,0.11599999999999999
5852,0.11599999999999999
5853,0.11599999999999999
5854,0.11599999999999999
5855,0.11599999999999999
5856,0.11599999999999999
5857,0.11599999999999999
5858,0.11599999999999999
5859,0.11599999999999999
5860,0.11599999999999999
5861,0.11599999999999999
5862,0.11599999999999999
5863,0.11599999999999999
5864,0.11599999999999999
5865,0.11599999999999999
5866,0.11599999999999999
5867,0.11599999999999999
5868,0.11599999999999999
5869,0.11599999999999999
5870,0.11599999999999999
5871,0.11599999999999999
5872,0.11599999999999999
5873,0.11599999999999999
5874,0.11599999999999999
5875,0.11599999999999999
5876,0.11599999999999999
5877,0.11599999999999999
5878,0.11599999999999999
5879,0.11599999999999999
5880,0.11599999999999999
5881,0.11599999999999999
5882,0.11599999999999999
5883,0.11599999999999999
5884,0.11599999999999999
5885,0.11599999999999999
5886,0.11599999999999999
5887,0.11599999999999999
5888,0.11599999999999999
5889,0.11599999999999999
5890,0.11599999999999999
5891,0.11599999999999999
5892,0.11599999999999999
5893,0.11599999999999999
5894,0.11599999999999999
5895,0.11599999999999999
5896,0.11599999999999999
5897,0.11599999999999999
5898,0.11599999999999999
5899,0.11599999999999999
5900,0.11599999999999999
5901,0.11599999999999999
5902,0.11599999999999999
5903,0.11599999999999999
5904,0.11599999999999999
5905,0.11599999999999999
5906,0.11599999999999999
5907,0.11599999999999999
5908,0.11599999999999999
5909,0.11599999999999999
5910,0.11599999999999999
5911,0.11599999999999999
5912,0.11599999999999999
5913,0.11599999999999999
5914,0.11599999999999999
5915,0.11599999999999999
5916,0.11599999999999999
5917,0.11599999999999999
5918,0.11599999999999999
5919,0.11599999999999999
5920,0.11599999999999999
5921,0.11599999999999999
5922,0.11599999999999999
5923,0.11599999999999999
5924,0.11599999999999999
5925,0.11599999999999999
5926,0.11599999999999999
5927,0.11599999999999999
5928,0.11599999999999999
5929,0.11599999999999999
5930,0.11599999999999999
5931,0.11599999999999999
5932,0.11599999999999999
5933,0.11599999999999999
5934,0.11599999999999999
5935,0.11599999999999999
5936,0.11599999999999999
5937,0.11599999999999999
5938,0.11599999999999999
5939,0.11599999999999999
5940,0.11599999999999999
5941,0.11599999999999999
5942,0.11599999999999999
5943,0.11599999999999999
5944,0.11599999999999999
5945,0.11599999999999999
5946,0.11599999999999999
5947,0.11599999999999999
5948,0.11599999999999999
5949,0.11599999999999999
5950,0.11599999999999999
5951,0.11599999999999999
5952,0.11599999999999999
5953,0.11599999999999999
5954,0.11599999999999999
5955,0.11599999999999999
5956,0.11599999999999999
5957,0.11599999999999999
5958,0.11599999999999999
5959,0.11599999999999999
5960,0.11599999999999999
5961,0.11599999999999999
5962,0.11599999999999999
5963,0.11599999999999999
5964,0.11599999999999999
5965,0.11599999999999999
5966,0.11599999999999999
5967,0.11599999999999999
5968,0.11599999999999999
5969,0.11599999999999999
5970,0.11599999999999999
5971,0.11599999999999999
5972,0.11599999999999999
5973,0.11599999999999999
5974,0.11599999999999999
5975,0.11599999999999999
5976,0.11599999999999999
5977,0.11599999999999999
5978,0.11599999999999999
5979,0.11599999999999999
5980,0.11599999999999999
5981,0.11599999999999999
5982,0.11599999999999999
5983,0.11599999999999999
5984,0.11599999999999999
5985,0.11599999999999999
5986,0.11599999999999999
5987,0.11599999999999999
5988,0.11599999999999999
5989,0.11599999999999999
5990,0.11599999999999999
5991,0.11599999999999999
5992,0.11599999999999999
5993,0.11599999999999999
5994,0.11599999999999999
5995,0.11599999999999999
5996,0.11599999999999999
5997,0.11599999999999999
5998,0.11599999999999999
5999,0.11599999999999999
6000,0.11599999999999999
6001,0.11599999999999999
6002,0.11599999999999999
6003,0.11599999999999999
6004,0.11599999999999999
6005,0.11599999999999999
6006,0.11599999999999999
6007,0.11599999999999999
6008,0.11599999999999999
6009,0.11599999999999999
6010,0.11599999999999999
6011,0.11599999999999999
6012,0.11599999999999999
6013,0.11599999999999999
6014,0.11599999999999999
6015,0.11599999999999999
6016,0.11599999999999999
6017,0.11599999999999999
6018,0.11599999999999999
6019,0.11599999999999999
6020,0.11599999999999999
6021,0.11599999999999999
6022,0.11599999999999999
6023,0.11599999999999999
6024,0.11599999999999999
6025,0.11599999999999999
6026,0.11599999999999999
6027,0.11599999999999999
6028,0.11599999999999999
6029,0.11599999999999999
6030,0.11599999999999999
6031,0.11599999999999999
6032,0.11599999999999999
6033,0.11599999999999999
6034,0.11599999999999999
6035,0.11599999999999999
6036,0.11599999999999999
6037,0.11599999999999999
6038,0.11599999999999999
6039,0.11599999999999999
6040,0.11599999999999999
6041,0.11599999999999999
6042,0.11599999999999999
6043,0.11599999999999999
6044,0.11599999999999999
6045,0.11599999999999999
6046,0.11599999999999999
6047,0.11599999999999999
6048,0.11599999999999999
6049,0.11599999999999999
6050,0.11599999999999999
6051,0.11599999999999999
6052,0.11599999999999999
6053,0.11599999999999999
6054,0.11599999999999999
6055,0.11599999999999999
6056,0.11599999999999999
6057,0.11599999999999999
6058,0.11599999999999999
6059,0.11599999999999999
6060,0.11599999999999999
6061,0.11599999999999999
6062,0.11599999999999999
6063,0.11599999999999999
6064,0.11599999999999999
6065,0.11599999999999999
6066,0.11599999999999999
6067,0.11599999999999999
6068,0.11599999999999999
6069,0.11599999999999999
6070,0.11599999999999999
6071,0.11599999999999999
6072,0.11599999999999999
6073,0.11599999999999999
6074,0.11599999999999999
6075,0.11599999999999999
6076,0.11599999999999999
6077,0.11599999999999999
6078,0.11599999999999999
6079,0.11599999999999999
6080,0.11599999999999999
6081,0.11599999999999999
6082,0.11599999999999999
6083,0.11599999999999999
6084,0.11599999999999999
6085,0.11599999999999999
6086,0.11599999999999999
6087,0.11599999999999999
6088,0.11599999999999999
6089,0.11599999999999999
6090,0.11599999999999999
6091,0.11599999999999999
6092,0.11599999999999999
6093,0.11599999999999999
6094,0.11599999999999999
6095,0.11599999999999999
6096,0.11599999999999999
6097,0.11599999999999999
6098,0.11599999999999999
6099,0.11599999999999999
6100,0.11599999999999999
6101,0.11599999999999999
6102,0.11599999999999999
6103,0.11599999999999999
6104,0.11599999999999999
6105,0.11599999999999999
6106,0.11599999999999999
6107,0.11599999999999999
6108,0.11599999999999999
6109,0.11599999999999999
6110,0.11599999999999999
6111,0.11599999999999999
6112,0.11599999999999999
6113,0.11599999999999999
6114,0.11599999999999999
6115,0.11599999999999999
6116,0.11599999999999999
6117,0.11599999999999999
6118,0.11599999999999999
6119,0.11599999999999999
6120,0.11599999999999999
6121,0.11599999999999999
6122,0.11599999999999999
6123,0.11599999999999999
6124,0.11599999999999999
6125,0.11599999999999999
6126,0.11599999999999999
6127,0.11599999999999999
6128,0.11599999999999999
6129,0.11599999999999999
6130,0.11599999999999999
6131,0.11599999999999999
6132,0.11599999999999999
6133,0.11599999999999999
6134,0.11599999999999999
6135,0.11599999999999999
6136,0.11599999999999999
6137,0.11599999999999999
6138,0.11599999999999999
6139,0.11599999999999999
6140,0.11599999999999999
6141,0.11599999999999999
6142,0.11599999999999999
6143,0.11599999999999999
6144,0.11599999999999999
6145,0.11599999999999999
6146,0.11599999999999999
6147,0.11599999999999999
6148,0.11599999999999999
6149,0.11599999999999999
6150,0.11599999999999999
6151,0.11599999999999999
6152,0.11599999999999999
6153,0.11599999999999999
6154,0.11599999999999999
6155,0.11599999999999999
6156,0.11599999999999999
6157,0.11599999999999999
6158,0.11599999999999999
6159,0.11599999999999999
6160,0.11599999999999999
6161,0.11599999999999999
6162,0.11599999999999999
6163,0.11599999999999999
6164,0.11599999999999999
6165,0.11599999999999999
6166,0.11599999999999999
6167,0.11599999999999999
6168,0.11599999999999999
6169,0.11599999999999999
6170,0.11599999999999999
6171,0.11599999999999999
6172,0.11599999999999999
6173,0.11599999999999999
6174,0.11599999999999999
6175,0.11599999999999999
6176,0.11599999999999999
6177,0.11599999999999999
6178,0.11599999999999999
6179,0.11599999999999999
6180,0.11599999999999999
6181,0.11599999999999999
6182,0.11599999999999999
6183,0.11599999999999999
6184,0.11599999999999999
6185,0.11599999999999999
6186,0.11599999999999999
6187,0.11599999999999999
6188,0.11599999999999999
6189,0.11599999999999999
6190,0.11599999999999999
6191,0.11599999999999999
6192,0.11599999999999999
6193,0.11599999999999999
6194,0.11599999999999999
6195,0.11599999999999999
6196,0.11599999999999999
6197,0.11599999999999999
6198,0.11599999999999999
6199,0.11599999999999999
6200,0.11599999999999999
6201,0.11599999999999999
6202,0.11599999999999999
6203,0.11599999999999999
6204,0.11599999999999999
6205,0.11599999999999999
6206,0.11599999999999999
6207,0.11599999999999999
6208,0.11599999999999999
6209,0.11599999999999999
6210,0.11599999999999999
6211,0.11599999999999999
6212,0.11599999999999999
6213,0.11599999999999999
6214,0.11599999999999999
6215,0.11599999999999999
6216,0.11599999999999999
6217,0.11599999999999999
6218,0.11599999999999999
6219,0.11599999999999999
6220,0.11599999999999999
6221,0.11599999999999999
6222,0.11599999999999999
6223,0.11599999999999999
6224,0.11599999999999999
6225,0.11599999999999999
6226,0.11599999999999999
6227,0.11599999999999999
6228,0.11599999999999999
6229,0.11599999999999999
6230,0.11599999999999999
6231,0.11599999999999999
6232,0.11599999999999999
6233,0.11599999999999999
6234,0.11599999999999999
6235,0.11599999999999999
6236,0.11599999999999999
6237,0.11599999999999999
6238,0.11599999999999999
6239,0.11599999999999999
6240,0.11599999999999999
6241,0.11599999999999999
6242,0.11599999999999999
6243,0.11599999999999999
6244,0.11599999999999999
6245,0.11599999999999999
6246,0.11599999999999999
6247,0.11599999999999999
6248,0.11599999999999999
6249,0.11599999999999999
6250,0.11599999999999999
6251,0.11599999999999999
6252,0.11599999999999999
6253,0.11599999999999999
6254,0.11599999999999999
6255,0.11599999999999999
6256,0.11599999999999999
6257,0.11599999999999999
6258,0.11599999999999999
6259,0.11599999999999999
6260,0.11599999999999999
6261,0.11599999999999999
6262,0.11599999999999999
6263,0.11599999999999999
6264,0.11599999999999999
6265,0.11599999999999999
6266,0.11599999999999999
6267,0.11599999999999999
6268,0.11599999999999999
6269,0.11599999999999999
6270,0.11599999999999999
6271,0.11599999999999999
6272,0.11599999999999999
6273,0.11599999999999999
6274,0.11599999999999999
6275,0.11599999999999999
6276,0.11599999999999999
6277,0.11599999999999999
6278,0.11599999999999999
6279,0.11599999999999999
6280,0.11599999999999999
6281,0.11599999999999999
6282,0.11599999999999999
6283,0.11599999999999999
6284,0.11599999999999999
6285,0.11599999999999999
6286,0.11599999999999999
6287,0.11599999999999999
6288,0.11599999999999999
6289,0.11599999999999999
6290,0.11599999999999999
6291,0.11599999999999999
6292,0.11599999999999999
6293,0.11599999999999999
6294,0.11599999999999999
6295,0.11599999999999999
6296,0.11599999999999999
6297,0.11599999999999999
6298,0.11599999999999999
6299,0.11599999999999999
6300,0.11599999999999999
6301,0.11599999999999999
6302,0.11599999999999999
6303,0.11599999999999999
6304,0.11599999999999999
6305,0.11599999999999999
6306,0.11599999999999999
6307,0.11599999999999999
6308,0.11599999999999999
6309,0.11599999999999999
6310,0.11599999999999999
6311,0.11599999999999999
6312,0.11599999999999999
6313,0.11599999999999999
6314,0.11599999999999999
6315,0.11599999999999999
6316,0.11599999999999999
6317,0.11599999999999999
6318,0.11599999999999999
6319,0.11599999999999999
6320,0.11599999999999999
6321,0.11599999999999999
6322,0.11599999999999999
6323,0.11599999999999999
6324,0.11599999999999999
6325,0.11599999999999999
6326,0.11599999999999999
6327,0.11599999999999999
6328,0.11599999999999999
6329,0.11599999999999999
6330,0.11599999999999999
6331,0.11599999999999999
6332,0.11599999999999999
6333,0.11599999999999999
6334,0.11599999999999999
6335,0.11599999999999999
6336,0.11599999999999999
6337,0.11599999999999999
6338,0.11599999999999999
6339,0.11599999999999999
6340,0.11599999999999999
6341,0.11599999999999999
6342,0.11599999999999999
6343,0.11599999999999999
6344,0.11599999999999999
6345,0.11599999999999999
6346,0.11599999999999999
6347,0.11599999999999999
6348,0.11599999999999999
6349,0.11599999999999999
6350,0.11599999999999999
6351,0.11599999999999999
6352,0.11599999999999999
6353,0.11599999999999999
6354,0.11599999999999999
6355,0.11599999999999999
6356,0.11599999999999999
6357,0.11599999999999999
6358,0.11599999999999999
6359,0.11599999999999999
6360,0.11599999999999999
6361,0.11599999999999999
6362,0.11599999999999999
6363,0.11599999999999999
6364,0.11599999999999999
6365,0.11599999999999999
6366,0.11599999999999999
6367,0.11599999999999999
6368,0.11599999999999999
6369,0.11599999999999999
6370,0.11599999999999999
6371,0.11599999999999999
6372,0.11599999999999999
6373,0.11599999999999999
6374,0.11599999999999999
6375,0.11599999999999999
6376,0.11599999999999999
6377,0.11599999999999999
6378,0.11599999999999999
6379,0.11599999999999999
6380,0.11599999999999999
6381,0.11599999999999999
6382,0.11599999999999999
6383,0.11599999999999999
6384,0.11599999999999999
6385,0.11599999999999999
6386,0.11599999999999999
6387,0.11599999999999999
6388,0.11599999999999999
6389,0.11599999999999999
6390,0.11599999999999999
6391,0.11599999999999999
6392,0.11599999999999999
6393,0.11599999999999999
6394,0.11599999999999999
6395,0.11599999999999999
6396,0.11599999999999999
6397,0.11599999999999999
6398,0.11599999999999999
6399,0.11599999999999999
6400,0.11599999999999999
6401,0.11599999999999999
6402,0.11599999999999999
6403,0.11599999999999999
6404,0.11599999999999999
6405,0.11599999999999999
6406,0.11599999999999999
6407,0.11599999999999999
6408,0.11599999999999999
6409,0.11599999999999999
6410,0.11599999999999999
6411,0.11599999999999999
6412,0.11599999999999999
6413,0.11599999999999999
6414,0.11599999999999999
6415,0.11599999999999999
6416,0.11599999999999999
6417,0.11599999999999999
6418,0.11599999999999999
6419,0.11599999999999999
6420,0.11599999999999999
6421,0.11599999999999999
6422,0.11599999999999999
6423,0.11599999999999999
6424,0.11599999999999999
6425,0.11599999999999999
6426,0.11599999999999999
6427,0.11599999999999999
6428,0.11599999999999999
6429,0.11599999999999999
6430,0.11599999999999999
6431,0.11599999999999999
6432,0.11599999999999999
6433,0.11599999999999999
6434,0.11599999999999999
6435,0.11599999999999999
6436,0.11599999999999999
6437,0.11599999999999999
6438,0.11599999999999999
6439,0.11599999999999999
6440,0.11599999999999999
6441,0.11599999999999999
6442,0.11599999999999999
6443,0.11599999999999999
6444,0.11599999999999999
6445,0.11599999999999999
6446,0.11599999999999999
6447,0.11599999999999999
6448,0.11599999999999999
6449,0.11599999999999999
6450,0.11599999999999999
6451,0.11599999999999999
6452,0.11599999999999999
6453,0.11599999999999999
6454,0.11599999999999999
6455,0.11599999999999999
6456,0.11599999999999999
6457,0.11599999999999999
6458,0.11599999999999999
6459,0.11599999999999999
6460,0.11599999999999999
6461,0.11599999999999999
6462,0.11599999999999999
6463,0.11599999999999999
6464,0.11599999999999999
6465,0.11599999999999999
6466,0.11599999999999999
6467,0.11599999999999999
6468,0.11599999999999999
6469,0.11599999999999999
6470,0.11599999999999999
6471,0.11599999999999999
6472,0.11599999999999999
6473,0.11599999999999999
6474,0.11599999999999999
6475,0.11599999999999999
6476,0.11599999999999999
6477,0.11599999999999999
6478,0.11599999999999999
6479,0.11599999999999999
6480,0.11599999999999999
6481,0.11599999999999999
6482,0.11599999999999999
6483,0.11599999999999999
6484,0.11599999999999999
6485,0.11599999999999999
6486,0.11599999999999999
6487,0.11599999999999999
6488,0.11599999999999999
6489,0.11599999999999999
6490,0.11599999999999999
6491,0.11599999999999999
6492,0.11599999999999999
6493,0.11599999999999999
6494,0.11599999999999999
6495,0.11599999999999999
6496,0.11599999999999999
6497,0.11599999999999999
6498,0.11599999999999999
6499,0.11599999999999999
6500,0.11599999999999999
6501,0.11599999999999999
6502,0.11599999999999999
6503,0.11599999999999999
6504,0.11599999999999999
6505,0.11599999999999999
6506,0.11599999999999999
6507,0.11599999999999999
6508,0.11599999999999999
6509,0.11599999999999999
6510,0.11599999999999999
6511,0.11599999999999999
6512,0.11599999999999999
6513,0.11599999999999999
6514,0.11599999999999999
6515,0.11599999999999999
6516,0.11599999999999999
6517,0.11599999999999999
6518,0.11599999999999999
6519,0.11599999999999999
6520,0.11599999999999999
6521,0.11599999999999999
6522,0.11599999999999999
6523,0.11599999999999999
6524,0.11599999999999999
6525,0.11599999999999999
6526,0.11599999999999999
6527,0.11599999999999999
6528,0.11599999999999999
6529,0.11599999999999999
6530,0.11599999999999999
6531,0.11599999999999999
6532,0.11599999999999999
6533,0.11599999999999999
6534,0.11599999999999999
6535,0.11599999999999999
6536,0.11599999999999999
6537,0.11599999999999999
6538,0.11599999999999999
6539,0.11599999999999999
6540,0.11599999999999999
6541,0.11599999999999999
6542,0.11599999999999999
6543,0.11599999999999999
6544,0.11599999999999999
6545,0.11599999999999999
6546,0.11599999999999999
6547,0.11599999999999999
6548,0.11599999999999999
6549,0.11599999999999999
6550,0.11599999999999999
6551,0.11599999999999999
6552,0.11599999999999999
6553,0.11599999999999999
6554,0.11599999999999999
6555,0.11599999999999999
6556,0.11599999999999999
6557,0.11599999999999999
6558,0.11599999999999999
6559,0.11599999999999999
6560,0.11599999999999999
6561,0.11599999999999999
6562,0.11599999999999999
6563,0.11599999999999999
6564,0.11599999999999999
6565,0.11599999999999999
6566,0.11599999999999999
6567,0.11599999999999999
6568,0.11599999999999999
6569,0.11599999999999999
6570,0.11599999999999999
6571,0.11599999999999999
6572,0.11599999999999999
6573,0.11599999999999999
6574,0.11599999999999999
6575,0.11599999999999999
6576,0.11599999999999999
6577,0.11599999999999999
6578,0.11599999999999999
6579,0.11599999999999999
6580,0.11599999999999999
6581,0.11599999999999999
6582,0.11599999999999999
6583,0.11599999999999999
6584,0.11599999999999999
6585,0.11599999999999999
6586,0.11599999999999999
6587,0.11599999999999999
6588,0.11599999999999999
6589,0.11599999999999999
6590,0.11599999999999999
6591,0.11599999999999999
6592,0.11599999999999999
6593,0.11599999999999999
6594,0.11599999999999999
6595,0.11599999999999999
6596,0.11599999999999999
6597,0.11599999999999999
6598,0.11599999999999999
6599,0.11599999999999999
6600,0.11599999999999999
6601,0.11599999999999999
6602,0.11599999999999999
6603,0.11599999999999999
6604,0.11599999999999999
6605,0.11599999999999999
6606,0.11599999999999999
6607,0.11599999999999999
6608,0.11599999999999999
6609,0.11599999999999999
6610,0.11599999999999999
6611,0.11599999999999999
6612,0.11599999999999999
6613,0.11599999999999999
6614,0.11599999999999999
6615,0.11599999999999999
6616,0.11599999999999999
6617,0.11599999999999999
6618,0.11599999999999999
6619,0.11599999999999999
6620,0.11599999999999999
6621,0.11599999999999999
6622,0.11599999999999999
6623,0.11599999999999999
6624,0.11599999999999999
6625,0.11599999999999999
6626,0.11599999999999999
6627,0.11599999999999999
6628,0.11599999999999999
6629,0.11599999999999999
6630,0.11599999999999999
6631,0.11599999999999999
6632,0.11599999999999999
6633,0.11599999999999999
6634,0.11599999999999999
6635,0.11599999999999999
6636,0.11599999999999999
6637,0.11599999999999999
6638,0.11599999999999999
6639,0.11599999999999999
6640,0.11599999999999999
6641,0.11599999999999999
6642,0.11599999999999999
6643,0.11599999999999999
6644,0.11599999999999999
6645,0.11599999999999999
6646,0.11599999999999999
6647,0.11599999999999999
6648,0.11599999999999999
6649,0.11599999999999999
6650,0.11599999999999999
6651,0.11599999999999999
6652,0.11599999999999999
6653,0.11599999999999999
6654,0.11599999999999999
6655,0.11599999999999999
6656,0.11599999999999999
6657,0.11599999999999999
6658,0.11599999999999999
6659,0.11599999999999999
6660,0.11599999999999999
6661,0.11599999999999999
6662,0.11599999999999999
6663,0.11599999999999999
6664,0.11599999999999999
6665,0.11599999999999999
6666,0.11599999999999999
6667,0.11599999999999999
6668,0.11599999999999999
6669,0.11599999999999999
6670,0.11599999999999999
6671,0.11599999999999999
6672,0.11599999999999999
6673,0.11599999999999999
6674,0.11599999999999999
6675,0.11599999999999999
6676,0.11599999999999999
6677,0.11599999999999999
6678,0.11599999999999999
6679,0.11599999999999999
6680,0.11599999999999999
6681,0.11599999999999999
6682,0.11599999999999999
6683,0.11599999999999999
6684,0.11599999999999999
6685,0.11599999999999999
6686,0.11599999999999999
6687,0.11599999999999999
6688,0.11599999999999999
6689,0.11599999999999999
6690,0.11599999999999999
6691,0.11599999999999999
6692,0.11599999999999999
6693,0.11599999999999999
6694,0.11599999999999999
6695,0.11599999999999999
6696,0.11599999999999999
6697,0.11599999999999999
6698,0.11599999999999999
6699,0.11599999999999999
6700,0.11599999999999999
6701,0.11599999999999999
6702,0.11599999999999999
6703,0.11599999999999999
6704,0.11599999999999999
6705,0.11599999999999999
6706,0.11599999999999999
6707,0.11599999999999999
6708,0.11599999999999999
6709,0.11599999999999999
6710,0.11599999999999999
6711,0.11599999999999999
6712,0.11599999999999999
6713,0.11599999999999999
6714,0.11599999999999999
6715,0.11599999999999999
6716,0.11599999999999999
6717,0.11599999999999999
6718,0.11599999999999999
6719,0.11599999999999999
6720,0.11599999999999999
6721,0.11599999999999999
6722,0.11599999999999999
6723,0.11599999999999999
6724,0.11599999999999999
6725,0.11599999999999999
6726,0.11599999999999999
6727,0.11599999999999999
6728,0.11599999999999999
6729,0.11599999999999999
6730,0.11599999999999999
6731,0.11599999999999999
6732,0.11599999999999999
6733,0.11599999999999999
6734,0.11599999999999999
6735,0.11599999999999999
6736,0.11599999999999999
6737,0.11599999999999999
6738,0.11599999999999999
6739,0.11599999999999999
6740,0.11599999999999999
6741,0.11599999999999999
6742,0.11599999999999999
6743,0.11599999999999999
6744,0.11599999999999999
6745,0.11599999999999999
6746,0.11599999999999999
6747,0.11599999999999999
6748,0.11599999999999999
6749,0.11599999999999999
6750,0.11599999999999999
6751,0.11599999999999999
6752,0.11599999999999999
6753,0.11599999999999999
6754,0.11599999999999999
6755,0.11599999999999999
6756,0.11599999999999999
6757,0.11599999999999999
6758,0.11599999999999999
6759,0.11599999999999999
6760,0.11599999999999999
6761,0.11599999999999999
6762,0.11599999999999999
6763,0.11599999999999999
6764,0.11599999999999999
6765,0.11599999999999999
6766,0.11599999999999999
6767,0.11599999999999999
6768,0.11599999999999999
6769,0.11599999999999999
6770,0.11599999999999999
6771,0.11599999999999999
6772,0.11599999999999999
6773,0.11599999999999999
6774,0.11599999999999999
6775,0.11599999999999999
6776,0.11599999999999999
6777,0.11599999999999999
6778,0.11599999999999999
6779,0.11599999999999999
6780,0.11599999999999999
6781,0.11599999999999999
6782,0.11599999999999999
6783,0.11599999999999999
6784,0.11599999999999999
6785,0.11599999999999999
6786,0.11599999999999999
6787,0.11599999999999999
6788,0.11599999999999999
6789,0.11599999999999999
6790,0.11599999999999999
6791,0.11599999999999999
6792,0.11599999999999999
6793,0.11599999999999999
6794,0.11599999999999999
6795,0.11599999999999999
6796,0.11599999999999999
6797,0.11599999999999999
6798,0.11599999999999999
6799,0.11599999999999999
6800,0.11599999999999999
6801,0.11599999999999999
6802,0.11599999999999999
6803,0.11599999999999999
6804,0.11599999999999999
6805,0.11599999999999999
6806,0.11599999999999999
6807,0.11599999999999999
6808,0.11599999999999999
6809,0.11599999999999999
6810,0.11599999999999999
6811,0.11599999999999999
6812,0.11599999999999999
6813,0.11599999999999999
6814,0.11599999999999999
6815,0.11599999999999999
6816,0.11599999999999999
6817,0.11599999999999999
6818,0.11599999999999999
6819,0.11599999999999999
6820,0.11599999999999999
6821,0.11599999999999999
6822,0.11599999999999999
6823,0.11599999999999999
6824,0.11599999999999999
6825,0.11599999999999999
6826,0.11599999999999999
6827,0.11599999999999999
6828,0.11599999999999999
6829,0.11599999999999999
6830,0.11599999999999999
6831,0.11599999999999999
6832,0.11599999999999999
6833,0.11599999999999999
6834,0.11599999999999999
6835,0.11599999999999999
6836,0.11599999999999999
6837,0.11599999999999999
6838,0.11599999999999999
6839,0.11599999999999999
6840,0.11599999999999999
6841,0.11599999999999999
6842,0.11599999999999999
6843,0.11599999999999999
6844,0.11599999999999999
6845,0.11599999999999999
6846,0.11599999999999999
6847,0.11599999999999999
6848,0.11599999999999999
6849,0.11599999999999999
6850,0.11599999999999999
6851,0.11599999999999999
6852,0.11599999999999999
6853,0.11599999999999999
6854,0.11599999999999999
6855,0.11599999999999999
6856,0.11599999999999999
6857,0.11599999999999999
6858,0.11599999999999999
6859,0.11599999999999999
6860,0.11599999999999999
6861,0.11599999999999999
6862,0.11599999999999999
6863,0.11599999999999999
6864,0.11599999999999999
6865,0.11599999999999999
6866,0.11599999999999999
6867,0.11599999999999999
6868,0.11599999999999999
6869,0.11599999999999999
6870,0.11599999999999999
6871,0.11599999999999999
6872,0.11599999999999999
6873,0.11599999999999999
6874,0.11599999999999999
6875,0.11599999999999999
6876,0.11599999999999999
6877,0.11599999999999999
6878,0.11599999999999999
6879,0.11599999999999999
6880,0.11599999999999999
6881,0.11599999999999999
6882,0.11599999999999999
6883,0.11599999999999999
6884,0.11599999999999999
6885,0.11599999999999999
6886,0.11599999999999999
6887,0.11599999999999999
6888,0.11599999999999999
6889,0.11599999999999999
6890,0.11599999999999999
6891,0.11599999999999999
6892,0.11599999999999999
6893,0.11599999999999999
6894,0.11599999999999999
6895,0.11599999999999999
6896,0.11599999999999999
6897,0.11599999999999999
6898,0.11599999999999999
6899,0.11599999999999999
6900,0.11599999999999999
6901,0.11599999999999999
6902,0.11599999999999999
6903,0.11599999999999999
6904,0.11599999999999999
6905,0.11599999999999999
6906,0.11599999999999999
6907,0.11599999999999999
6908,0.11599999999999999
6909,0.11599999999999999
6910,0.11599999999999999
6911,0.11599999999999999
6912,0.11599999999999999
6913,0.11599999999999999
6914,0.11599999999999999
6915,0.11599999999999999
6916,0.11599999999999999
6917,0.11599999999999999
6918,0.11599999999999999
6919,0.11599999999999999
6920,0.11599999999999999
6921,0.11599999999999999
6922,0.11599999999999999
6923,0.11599999999999999
6924,0.11599999999999999
6925,0.11599999999999999
6926,0.11599999999999999
6927,0.11599999999999999
6928,0.11599999999999999
6929,0.11599999999999999
6930,0.11599999999999999
6931,0.11599999999999999
6932,0.11599999999999999
6933,0.11599999999999999
6934,0.11599999999999999
6935,0.11599999999999999
6936,0.11599999999999999
6937,0.11599999999999999
6938,0.11599999999999999
6939,0.11599999999999999
6940,0.11599999999999999
6941,0.11599999999999999
6942,0.11599999999999999
6943,0.11599999999999999
6944,0.11599999999999999
6945,0.11599999999999999
6946,0.11599999999999999
6947,0.11599999999999999
6948,0.11599999999999999
6949,0.11599999999999999
6950,0.11599999999999999
6951,0.11599999999999999
6952,0.11599999999999999
6953,0.11599999999999999
6954,0.11599999999999999
6955,0.11599999999999999
6956,0.11599999999999999
6957,0.11599999999999999
6958,0.11599999999999999
6959,0.11599999999999999
6960,0.11599999999999999
6961,0.11599999999999999
6962,0.11599999999999999
6963,0.11599999999999999
6964,0.11599999999999999
6965,0.11599999999999999
6966,0.11599999999999999
6967,0.11599999999999999
6968,0.11599999999999999
6969,0.11599999999999999
6970,0.11599999999999999
6971,0.11599999999999999
6972,0.11599999999999999
6973,0.11599999999999999
6974,0.11599999999999999
6975,0.11599999999999999
6976,0.11599999999999999
6977,0.11599999999999999
6978,0.11599999999999999
6979,0.11599999999999999
6980,0.11599999999999999
6981,0.11599999999999999
6982,0.11599999999999999
6983,0.11599999999999999
6984,0.11599999999999999
6985,0.11599999999999999
6986,0.11599999999999999
6987,0.11599999999999999
6988,0.11599999999999999
6989,0.11599999999999999
6990,0.11599999999999999
6991,0.11599999999999999
6992,0.11599999999999999
6993,0.11599999999999999
6994,0.11599999999999999
6995,0.11599999999999999
6996,0.11599999999999999
6997,0.11599999999999999
6998,0.11599999999999999
6999,0.11599999999999999
7000,0.11599999999999999
7001,0.11599999999999999
7002,0.11599999999999999
7003,0.11599999999999999
7004,0.11599999999999999
7005,0.11599999999999999
7006,0.11599999999999999
7007,0.11599999999999999
7008,0.11599999999999999
7009,0.11599999999999999
7010,0.11599999999999999
7011,0.11599999999999999
7012,0.11599999999999999
7013,0.11599999999999999
7014,0.11599999999999999
7015,0.11599999999999999
7016,0.11599999999999999
7017,0.11599999999999999
7018,0.11599999999999999
7019,0.11599999999999999
7020,0.11599999999999999
7021,0.11599999999999999
7022,0.11599999999999999
7023,0.11599999999999999
7024,0.11599999999999999
7025,0.11599999999999999
7026,0.11599999999999999
7027,0.11599999999999999
7028,0.11599999999999999
7029,0.11599999999999999
7030,0.11599999999999999
7031,0.11599999999999999
7032,0.11599999999999999
7033,0.11599999999999999
7034,0.11599999999999999
7035,0.11599999999999999
7036,0.11599999999999999
7037,0.11599999999999999
7038,0.11599999999999999
7039,0.11599999999999999
7040,0.11599999999999999
7041,0.11599999999999999
7042,0.11599999999999999
7043,0.11599999999999999
7044,0.11599999999999999
7045,0.11599999999999999
7046,0.11599999999999999
7047,0.11599999999999999
7048,0.11599999999999999
7049,0.11599999999999999
7050,0.11599999999999999
7051,0.11599999999999999
7052,0.11599999999999999
7053,0.11599999999999999
7054,0.11599999999999999
7055,0.11599999999999999
7056,0.11599999999999999
7057,0.11599999999999999
7058,0.11599999999999999
7059,0.11599999999999999
7060,0.11599999999999999
7061,0.11599999999999999
7062,0.11599999999999999
7063,0.11599999999999999
7064,0.11599999999999999
7065,0.11599999999999999
7066,0.11599999999999999
7067,0.11599999999999999
7068,0.11599999999999999
7069,0.11599999999999999
7070,0.11599999999999999
7071,0.11599999999999999
7072,0.11599999999999999
7073,0.11599999999999999
7074,0.11599999999999999
7075,0.11599999999999999
7076,0.11599999999999999
7077,0.11599999999999999
7078,0.11599999999999999
7079,0.11599999999999999
7080,0.11599999999999999
7081,0.11599999999999999
7082,0.11599999999999999
7083,0.11599999999999999
7084,0.11599999999999999
7085,0.11599999999999999
7086,0.11599999999999999
7087,0.11599999999999999
7088,0.11599999999999999
7089,0.11599999999999999
7090,0.11599999999999999
7091,0.11599999999999999
7092,0.11599999999999999
7093,0.11599999999999999
7094,0.11599999999999999
7095,0.11599999999999999
7096,0.11599999999999999
7097,0.11599999999999999
7098,0.11599999999999999
7099,0.11599999999999999
7100,0.11599999999999999
7101,0.11599999999999999
7102,0.11599999999999999
7103,0.11599999999999999
7104,0.11599999999999999
7105,0.11599999999999999
7106,0.11599999999999999
7107,0.11599999999999999
7108,0.11599999999999999
7109,0.11599999999999999
7110,0.11599999999999999
7111,0.11599999999999999
7112,0.11599999999999999
7113,0.11599999999999999
7114,0.11599999999999999
7115,0.11599999999999999
7116,0.11599999999999999
7117,0.11599999999999999
7118,0.11599999999999999
7119,0.11599999999999999
7120,0.11599999999999999
7121,0.11599999999999999
7122,0.11599999999999999
7123,0.11599999999999999
7124,0.11599999999999999
7125,0.11599999999999999
7126,0.11599999999999999
7127,0.11599999999999999
7128,0.11599999999999999
7129,0.11599999999999999
7130,0.11599999999999999
7131,0.11599999999999999
7132,0.11599999999999999
7133,0.11599999999999999
7134,0.11599999999999999
7135,0.11599999999999999
7136,0.11599999999999999
7137,0.11599999999999999
7138,0.11599999999999999
7139,0.11599999999999999
7140,0.11599999999999999
7141,0.11599999999999999
7142,0.11599999999999999
7143,0.11599999999999999
7144,0.11599999999999999
7145,0.11599999999999999
7146,0.11599999999999999
7147,0.11599999999999999
7148,0.11599999999999999
7149,0.11599999999999999
7150,0.11599999999999999
7151,0.11599999999999999
7152,0.11599999999999999
7153,0.11599999999999999
7154,0.11599999999999999
7155,0.11599999999999999
7156,0.11599999999999999
7157,0.11599999999999999
7158,0.11599999999999999
7159,0.11599999999999999
7160,0.11599999999999999
7161,0.11599999999999999
7162,0.11599999999999999
7163,0.11599999999999999
7164,0.11599999999999999
7165,0.11599999999999999
7166,0.11599999999999999
7167,0.11599999999999999
7168,0.11599999999999999
7169,0.11599999999999999
7170,0.11599999999999999
7171,0.11599999999999999
7172,0.11599999999999999
7173,0.11599999999999999
7174,0.11599999999999999
7175,0.11599999999999999
7176,0.11599999999999999
7177,0.11599999999999999
7178,0.11599999999999999
7179,0.11599999999999999
7180,0.11599999999999999
7181,0.11599999999999999
7182,0.11599999999999999
7183,0.11599999999999999
7184,0.11599999999999999
7185,0.11599999999999999
7186,0.11599999999999999
7187,0.11599999999999999
7188,0.11599999999999999
7189,0.11599999999999999
7190,0.11599999999999999
7191,0.11599999999999999
7192,0.11599999999999999
7193,0.11599999999999999
7194,0.11599999999999999
7195,0.11599999999999999
7196,0.11599999999999999
7197,0.11599999999999999
7198,0.11599999999999999
7199,0.11599999999999999
7200,0.11599999999999999
7201,0.11599999999999999
7202,0.11599999999999999
7203,0.11599999999999999
7204,0.11599999999999999
7205,0.11599999999999999
7206,0.11599999999999999
7207,0.11599999999999999
7208,0.11599999999999999
7209,0.11599999999999999
7210,0.11599999999999999
7211,0.11599999999999999
7212,0.11599999999999999
7213,0.11599999999999999
7214,0.11599999999999999
7215,0.11599999999999999
7216,0.11599999999999999
7217,0.11599999999999999
7218,0.11599999999999999
7219,0.11599999999999999
7220,0.11599999999999999
7221,0.11599999999999999
7222,0.11599999999999999
7223,0.11599999999999999
7224,0.11599999999999999
7225,0.11599999999999999
7226,0.11599999999999999
7227,0.11599999999999999
7228,0.11599999999999999
7229,0.11599999999999999
7230,0.11599999999999999
7231,0.11599999999999999
7232,0.11599999999999999
7233,0.11599999999999999
7234,0.11599999999999999
7235,0.11599999999999999
7236,0.11599999999999999
7237,0.11599999999999999
7238,0.11599999999999999
7239,0.11599999999999999
7240,0.11599999999999999
7241,0.11599999999999999
7242,0.11599999999999999
7243,0.11599999999999999
7244,0.11599999999999999
7245,0.11599999999999999
7246,0.11599999999999999
7247,0.11599999999999999
7248,0.11599999999999999
7249,0.11599999999999999
7250,0.11599999999999999
7251,0.11599999999999999
7252,0.11599999999999999
7253,0.11599999999999999
7254,0.11599999999999999
7255,0.11599999999999999
7256,0.11599999999999999
7257,0.11599999999999999
7258,0.11599999999999999
7259,0.11599999999999999
7260,0.11599999999999999
7261,0.11599999999999999
7262,0.11599999999999999
7263,0.11599999999999999
7264,0.11599999999999999
7265,0.11599999999999999
7266,0.11599999999999999
7267,0.11599999999999999
7268,0.11599999999999999
7269,0.11599999999999999
7270,0.11599999999999999
7271,0.11599999999999999
7272,0.11599999999999999
7273,0.11599999999999999
7274,0.11599999999999999
7275,0.11599999999999999
7276,0.11599999999999999
7277,0.11599999999999999
7278,0.11599999999999999
7279,0.11599999999999999
7280,0.11599999999999999
7281,0.11599999999999999
7282,0.11599999999999999
7283,0.11599999999999999
7284,0.11599999999999999
7285,0.11599999999999999
7286,0.11599999999999999
7287,0.11599999999999999
7288,0.11599999999999999
7289,0.11599999999999999
7290,0.11599999999999999
7291,0.11599999999999999
7292,0.11599999999999999
7293,0.11599999999999999
7294,0.11599999999999999
7295,0.11599999999999999
7296,0.11599999999999999
7297,0.11599999999999999
7298,0.11599999999999999
7299,0.11599999999999999
7300,0.11599999999999999
7301,0.11599999999999999
7302,0.11599999999999999
7303,0.11599999999999999
7304,0.11599999999999999
7305,0.11599999999999999
7306,0.11599999999999999
7307,0.11599999999999999
7308,0.11599999999999999
7309,0.11599999999999999
7310,0.11599999999999999
7311,0.11599999999999999
7312,0.11599999999999999
7313,0.11599999999999999
7314,0.11599999999999999
7315,0.11599999999999999
7316,0.11599999999999999
7317,0.11599999999999999
7318,0.11599999999999999
7319,0.11599999999999999
7320,0.11599999999999999
7321,0.11599999999999999
7322,0.11599999999999999
7323,0.11599999999999999
7324,0.11599999999999999
7325,0.11599999999999999
7326,0.11599999999999999
7327,0.11599999999999999
7328,0.11599999999999999
7329,0.11599999999999999
7330,0.11599999999999999
7331,0.11599999999999999
7332,0.11599999999999999
7333,0.11599999999999999
7334,0.11599999999999999
7335,0.11599999999999999
7336,0.11599999999999999
7337,0.11599999999999999
7338,0.11599999999999999
7339,0.11599999999999999
7340,0.11599999999999999
7341,0.11599999999999999
7342,0.11599999999999999
7343,0.11599999999999999
7344,0.11599999999999999
7345,0.11599999999999999
7346,0.11599999999999999
7347,0.11599999999999999
7348,0.11599999999999999
7349,0.11599999999999999
7350,0.11599999999999999
7351,0.11599999999999999
7352,0.11599999999999999
7353,0.11599999999999999
7354,0.11599999999999999
7355,0.11599999999999999
7356,0.11599999999999999
7357,0.11599999999999999
7358,0.11599999999999999
7359,0.11599999999999999
7360,0.11599999999999999
7361,0.11599999999999999
7362,0.11599999999999999
7363,0.11599999999999999
7364,0.11599999999999999
7365,0.11599999999999999
7366,0.11599999999999999
7367,0.11599999999999999
7368,0.11599999999999999
7369,0.11599999999999999
7370,0.11599999999999999
7371,0.11599999999999999
7372,0.11599999999999999
7373,0.11599999999999999
7374,0.11599999999999999
7375,0.11599999999999999
7376,0.11599999999999999
7377,0.11599999999999999
7378,0.11599999999999999
7379,0.11599999999999999
7380,0.11599999999999999
7381,0.11599999999999999
7382,0.11599999999999999
7383,0.11599999999999999
7384,0.11599999999999999
7385,0.11599999999999999
7386,0.11599999999999999
7387,0.11599999999999999
7388,0.11599999999999999
7389,0.11599999999999999
7390,0.11599999999999999
7391,0.11599999999999999
7392,0.11599999999999999
7393,0.11599999999999999
7394,0.11599999999999999
7395,0.11599999999999999
7396,0.11599999999999999
7397,0.11599999999999999
7398,0.11599999999999999
7399,0.11599999999999999
7400,0.11599999999999999
7401,0.11599999999999999
7402,0.11599999999999999
7403,0.11599999999999999
7404,0.11599999999999999
7405,0.11599999999999999
7406,0.11599999999999999
7407,0.11599999999999999
7408,0.11599999999999999
7409,0.11599999999999999
7410,0.11599999999999999
7411,0.11599999999999999
7412,0.11599999999999999
7413,0.11599999999999999
7414,0.11599999999999999
7415,0.11599999999999999
7416,0.11599999999999999
7417,0.11599999999999999
7418,0.11599999999999999
7419,0.11599999999999999
7420,0.11599999999999999
7421,0.11599999999999999
7422,0.11599999999999999
7423,0.11599999999999999
7424,0.11599999999999999
7425,0.11599999999999999
7426,0.11599999999999999
7427,0.11599999999999999
7428,0.11599999999999999
7429,0.11599999999999999
7430,0.11599999999999999
7431,0.11599999999999999
7432,0.11599999999999999
7433,0.11599999999999999
7434,0.11599999999999999
7435,0.11599999999999999
7436,0.11599999999999999
7437,0.11599999999999999
7438,0.11599999999999999
7439,0.11599999999999999
7440,0.11599999999999999
7441,0.11599999999999999
7442,0.11599999999999999
7443,0.11599999999999999
7444,0.11599999999999999
7445,0.11599999999999999
7446,0.11599999999999999
7447,0.11599999999999999
7448,0.11599999999999999
7449,0.11599999999999999
7450,0.11599999999999999
7451,0.11599999999999999
7452,0.11599999999999999
7453,0.11599999999999999
7454,0.11599999999999999
7455,0.11599999999999999
7456,0.11599999999999999
7457,0.11599999999999999
7458,0.11599999999999999
7459,0.11599999999999999
7460,0.11599999999999999
7461,0.11599999999999999
7462,0.11599999999999999
7463,0.11599999999999999
7464,0.11599999999999999
7465,0.11599999999999999
7466,0.11599999999999999
7467,0.11599999999999999
7468,0.11599999999999999
7469,0.11599999999999999
7470,0.11599999999999999
7471,0.11599999999999999
7472,0.11599999999999999
7473,0.11599999999999999
7474,0.11599999999999999
7475,0.11599999999999999
7476,0.11599999999999999
7477,0.11599999999999999
7478,0.11599999999999999
7479,0.11599999999999999
7480,0.11599999999999999
7481,0.11599999999999999
7482,0.11599999999999999
7483,0.11599999999999999
7484,0.11599999999999999
7485,0.11599999999999999
7486,0.11599999999999999
7487,0.11599999999999999
7488,0.11599999999999999
7489,0.11599999999999999
7490,0.11599999999999999
7491,0.11599999999999999
7492,0.11599999999999999
7493,0.11599999999999999
7494,0.11599999999999999
7495,0.11599999999999999
7496,0.11599999999999999
7497,0.11599999999999999
7498,0.11599999999999999
7499,0.11599999999999999
7500,0.11599999999999999
7501,0.11599999999999999
7502,0.11599999999999999
7503,0.11599999999999999
7504,0.11599999999999999
7505,0.11599999999999999
7506,0.11599999999999999
7507,0.11599999999999999
7508,0.11599999999999999
7509,0.11599999999999999
7510,0.11599999999999999
7511,0.11599999999999999
7512,0.11599999999999999
7513,0.11599999999999999
7514,0.11599999999999999
7515,0.11599999999999999
7516,0.11599999999999999
7517,0.11599999999999999
7518,0.11599999999999999
7519,0.11599999999999999
7520,0.11599999999999999
7521,0.11599999999999999
7522,0.11599999999999999
7523,0.11599999999999999
7524,0.11599999999999999
7525,0.11599999999999999
7526,0.11599999999999999
7527,0.11599999999999999
7528,0.11599999999999999
7529,0.11599999999999999
7530,0.11599999999999999
7531,0.11599999999999999
7532,0.11599999999999999
7533,0.11599999999999999
7534,0.11599999999999999
7535,0.11599999999999999
7536,0.11599999999999999
7537,0.11599999999999999
7538,0.11599999999999999
7539,0.11599999999999999
7540,0.11599999999999999
7541,0.11599999999999999
7542,0.11599999999999999
7543,0.11599999999999999
7544,0.11599999999999999
7545,0.11599999999999999
7546,0.11599999999999999
7547,0.11599999999999999
7548,0.11599999999999999
7549,0.11599999999999999
7550,0.11599999999999999
7551,0.11599999999999999
7552,0.11599999999999999
7553,0.11599999999999999
7554,0.11599999999999999
7555,0.11599999999999999
7556,0.11599999999999999
7557,0.11599999999999999
7558,0.11599999999999999
7559,0.11599999999999999
7560,0.11599999999999999
7561,0.11599999999999999
7562,0.11599999999999999
7563,0.11599999999999999
7564,0.11599999999999999
7565,0.11599999999999999
7566,0.11599999999999999
7567,0.11599999999999999
7568,0.11599999999999999
7569,0.11599999999999999
7570,0.11599999999999999
7571,0.11599999999999999
7572,0.11599999999999999
7573,0.11599999999999999
7574,0.11599999999999999
7575,0.11599999999999999
7576,0.11599999999999999
7577,0.11599999999999999
7578,0.11599999999999999
7579,0.11599999999999999
7580,0.11599999999999999
7581,0.11599999999999999
7582,0.11599999999999999
7583,0.11599999999999999
7584,0.11599999999999999
7585,0.11599999999999999
7586,0.11599999999999999
7587,0.11599999999999999
7588,0.11599999999999999
7589,0.11599999999999999
7590,0.11599999999999999
7591,0.11599999999999999
7592,0.11599999999999999
7593,0.11599999999999999
7594,0.11599999999999999
7595,0.11599999999999999
7596,0.11599999999999999
7597,0.11599999999999999
7598,0.11599999999999999
7599,0.11599999999999999
7600,0.11599999999999999
7601,0.11599999999999999
7602,0.11599999999999999
7603,0.11599999999999999
7604,0.11599999999999999
7605,0.11599999999999999
7606,0.11599999999999999
7607,0.11599999999999999
7608,0.11599999999999999
7609,0.11599999999999999
7610,0.11599999999999999
7611,0.11599999999999999
7612,0.11599999999999999
7613,0.11599999999999999
7614,0.11599999999999999
7615,0.11599999999999999
7616,0.11599999999999999
7617,0.11599999999999999
7618,0.11599999999999999
7619,0.11599999999999999
7620,0.11599999999999999
7621,0.11599999999999999
7622,0.11599999999999999
7623,0.11599999999999999
7624,0.11599999999999999
7625,0.11599999999999999
7626,0.11599999999999999
7627,0.11599999999999999
7628,0.11599999999999999
7629,0.11599999999999999
7630,0.11599999999999999
7631,0.11599999999999999
7632,0.11599999999999999
7633,0.11599999999999999
7634,0.11599999999999999
7635,0.11599999999999999
7636,0.11599999999999999
7637,0.11599999999999999
7638,0.11599999999999999
7639,0.11599999999999999
7640,0.11599999999999999
7641,0.11599999999999999
7642,0.11599999999999999
7643,0.11599999999999999
7644,0.11599999999999999
7645,0.11599999999999999
7646,0.11599999999999999
7647,0.11599999999999999
7648,0.11599999999999999
7649,0.11599999999999999
7650,0.11599999999999999
7651,0.11599999999999999
7652,0.11599999999999999
7653,0.11599999999999999
7654,0.11599999999999999
7655,0.11599999999999999
7656,0.11599999999999999
7657,0.11599999999999999
7658,0.11599999999999999
7659,0.11599999999999999
7660,0.11599999999999999
7661,0.11599999999999999
7662,0.11599999999999999
7663,0.11599999999999999
7664,0.11599999999999999
7665,0.11599999999999999
7666,0.11599999999999999
7667,0.11599999999999999
7668,0.11599999999999999
7669,0.11599999999999999
7670,0.11599999999999999
7671,0.11599999999999999
7672,0.11599999999999999
7673,0.11599999999999999
7674,0.11599999999999999
7675,0.11599999999999999
7676,0.11599999999999999
7677,0.11599999999999999
7678,0.11599999999999999
7679,0.11599999999999999
7680,0.11599999999999999
7681,0.11599999999999999
7682,0.11599999999999999
7683,0.11599999999999999
7684,0.11599999999999999
7685,0.11599999999999999
7686,0.11599999999999999
7687,0.11599999999999999
7688,0.11599999999999999
7689,0.11599999999999999
7690,0.11599999999999999
7691,0.11599999999999999
7692,0.11599999999999999
7693,0.11599999999999999
7694,0.11599999999999999
7695,0.11599999999999999
7696,0.11599999999999999
7697,0.11599999999999999
7698,0.11599999999999999
7699,0.11599999999999999
7700,0.11599999999999999
7701,0.11599999999999999
7702,0.11599999999999999
7703,0.11599999999999999
7704,0.11599999999999999
7705,0.11599999999999999
7706,0.11599999999999999
7707,0.11599999999999999
7708,0.11599999999999999
7709,0.11599999999999999
7710,0.11599999999999999
7711,0.11599999999999999
7712,0.11599999999999999
7713,0.11599999999999999
7714,0.11599999999999999
7715,0.11599999999999999
7716,0.11599999999999999
7717,0.11599999999999999
7718,0.11599999999999999
7719,0.11599999999999999
7720,0.11599999999999999
7721,0.11599999999999999
7722,0.11599999999999999
7723,0.11599999999999999
7724,0.11599999999999999
7725,0.11599999999999999
7726,0.11599999999999999
7727,0.11599999999999999
7728,0.11599999999999999
7729,0.11599999999999999
7730,0.11599999999999999
7731,0.11599999999999999
7732,0.11599999999999999
7733,0.11599999999999999
7734,0.11599999999999999
7735,0.11599999999999999
7736,0.11599999999999999
7737,0.11599999999999999
7738,0.11599999999999999
7739,0.11599999999999999
7740,0.11599999999999999
7741,0.11599999999999999
7742,0.11599999999999999
7743,0.11599999999999999
7744,0.11599999999999999
7745,0.11599999999999999
7746,0.11599999999999999
7747,0.11599999999999999
7748,0.11599999999999999
7749,0.11599999999999999
7750,0.11599999999999999
7751,0.11599999999999999
7752,0.11599999999999999
7753,0.11599999999999999
7754,0.11599999999999999
7755,0.11599999999999999
7756,0.11599999999999999
7757,0.11599999999999999
7758,0.11599999999999999
7759,0.11599999999999999
7760,0.11599999999999999
7761,0.11599999999999999
7762,0.11599999999999999
7763,0.11599999999999999
7764,0.11599999999999999
7765,0.11599999999999999
7766,0.11599999999999999
7767,0.11599999999999999
7768,0.11599999999999999
7769,0.11599999999999999
7770,0.11599999999999999
7771,0.11599999999999999
7772,0.11599999999999999
7773,0.11599999999999999
7774,0.11599999999999999
7775,0.11599999999999999
7776,0.11599999999999999
7777,0.11599999999999999
7778,0.11599999999999999
7779,0.11599999999999999
7780,0.11599999999999999
7781,0.11599999999999999
7782,0.11599999999999999
7783,0.11599999999999999
7784,0.11599999999999999
7785,0.11599999999999999
7786,0.11599999999999999
7787,0.11599999999999999
7788,0.11599999999999999
7789,0.11599999999999999
7790,0.11599999999999999
7791,0.11599999999999999
7792,0.11599999999999999
7793,0.11599999999999999
7794,0.11599999999999999
7795,0.11599999999999999
7796,0.11599999999999999
7797,0.11599999999999999
7798,0.11599999999999999
7799,0.11599999999999999
7800,0.11599999999999999
7801,0.11599999999999999
7802,0.11599999999999999
7803,0.11599999999999999
7804,0.11599999999999999
7805,0.11599999999999999
7806,0.11599999999999999
7807,0.11599999999999999
7808,0.11599999999999999
7809,0.11599999999999999
7810,0.11599999999999999
7811,0.11599999999999999
7812,0.11599999999999999
7813,0.11599999999999999
7814,0.11599999999999999
7815,0.11599999999999999
7816,0.11599999999999999
7817,0.11599999999999999
7818,0.11599999999999999
7819,0.11599999999999999
7820,0.11599999999999999
7821,0.11599999999999999
7822,0.11599999999999999
7823,0.11599999999999999
7824,0.11599999999999999
7825,0.11599999999999999
7826,0.11599999999999999
7827,0.11599999999999999
7828,0.11599999999999999
7829,0.11599999999999999
7830,0.11599999999999999
7831,0.11599999999999999
7832,0.11599999999999999
7833,0.11599999999999999
7834,0.11599999999999999
7835,0.11599999999999999
7836,0.11599999999999999
7837,0.11599999999999999
7838,0.11599999999999999
7839,0.11599999999999999
7840,0.11599999999999999
7841,0.11599999999999999
7842,0.11599999999999999
7843,0.11599999999999999
7844,0.11599999999999999
7845,0.11599999999999999
7846,0.11599999999999999
7847,0.11599999999999999
7848,0.11599999999999999
7849,0.11599999999999999
7850,0.11599999999999999
7851,0.11599999999999999
7852,0.11599999999999999
7853,0.11599999999999999
7854,0.11599999999999999
7855,0.11599999999999999
7856,0.11599999999999999
7857,0.11599999999999999
7858,0.11599999999999999
7859,0.11599999999999999
7860,0.11599999999999999
7861,0.11599999999999999
7862,0.11599999999999999
7863,0.11599999999999999
7864,0.11599999999999999
7865,0.11599999999999999
7866,0.11599999999999999
7867,0.11599999999999999
7868,0.11599999999999999
7869,0.11599999999999999
7870,0.11599999999999999
7871,0.11599999999999999
7872,0.11599999999999999
7873,0.11599999999999999
7874,0.11599999999999999
7875,0.11599999999999999
7876,0.11599999999999999
7877,0.11599999999999999
7878,0.11599999999999999
7879,0.11599999999999999
7880,0.11599999999999999
7881,0.11599999999999999
7882,0.11599999999999999
7883,0.11599999999999999
7884,0.11599999999999999
7885,0.11599999999999999
7886,0.11599999999999999
7887,0.11599999999999999
7888,0.11599999999999999
7889,0.11599999999999999
7890,0.11599999999999999
7891,0.11599999999999999
7892,0.11599999999999999
7893,0.11599999999999999
7894,0.11599999999999999
7895,0.11599999999999999
7896,0.11599999999999999
7897,0.11599999999999999
7898,0.11599999999999999
7899,0.11599999999999999
7900,0.11599999999999999
7901,0.11599999999999999
7902,0.11599999999999999
7903,0.11599999999999999
7904,0.11599999999999999
7905,0.11599999999999999
7906,0.11599999999999999
7907,0.11599999999999999
7908,0.11599999999999999
7909,0.11599999999999999
7910,0.11599999999999999
7911,0.11599999999999999
7912,0.11599999999999999
7913,0.11599999999999999
7914,0.11599999999999999
7915,0.11599999999999999
7916,0.11599999999999999
7917,0.11599999999999999
7918,0.11599999999999999
7919,0.11599999999999999
7920,0.11599999999999999
7921,0.11599999999999999
7922,0.11599999999999999
7923,0.11599999999999999
7924,0.11599999999999999
7925,0.11599999999999999
7926,0.11599999999999999
7927,0.11599999999999999
7928,0.11599999999999999
7929,0.11599999999999999
7930,0.11599999999999999
7931,0.11599999999999999
7932,0.11599999999999999
7933,0.11599999999999999
7934,0.11599999999999999
7935,0.11599999999999999
7936,0.11599999999999999
7937,0.11599999999999999
7938,0.11599999999999999
7939,0.11599999999999999
7940,0.11599999999999999
7941,0.11599999999999999
7942,0.11599999999999999
7943,0.11599999999999999
7944,0.11599999999999999
7945,0.11599999999999999
7946,0.11599999999999999
7947,0.11599999999999999
7948,0.11599999999999999
7949,0.11599999999999999
7950,0.11599999999999999
7951,0.11599999999999999
7952,0.11599999999999999
7953,0.11599999999999999
7954,0.11599999999999999
7955,0.11599999999999999
7956,0.11599999999999999
7957,0.11599999999999999
7958,0.11599999999999999
7959,0.11599999999999999
7960,0.11599999999999999
7961,0.11599999999999999
7962,0.11599999999999999
7963,0.11599999999999999
7964,0.11599999999999999
7965,0.11599999999999999
7966,0.11599999999999999
7967,0.11599999999999999
7968,0.11599999999999999
7969,0.11599999999999999
7970,0.11599999999999999
7971,0.11599999999999999
7972,0.11599999999999999
7973,0.11599999999999999
7974,0.11599999999999999
7975,0.11599999999999999
7976,0.11599999999999999
7977,0.11599999999999999
7978,0.11599999999999999
7979,0.11599999999999999
7980,0.11599999999999999
7981,0.11599999999999999
7982,0.11599999999999999
7983,0.11599999999999999
7984,0.11599999999999999
7985,0.11599999999999999
7986,0.11599999999999999
7987,0.11599999999999999
7988,0.11599999999999999
7989,0.11599999999999999
7990,0.11599999999999999
7991,0.11599999999999999
7992,0.11599999999999999
7993,0.11599999999999999
7994,0.11599999999999999
7995,0.11599999999999999
7996,0.11599999999999999
7997,0.11599999999999999
7998,0.11599999999999999
7999,0.11599999999999999
8000,0.11599999999999999
8001,0.11599999999999999
8002,0.11599999999999999
8003,0.11599999999999999
8004,0.11599999999999999
8005,0.11599999999999999
8006,0.11599999999999999
8007,0.11599999999999999
8008,0.11599999999999999
8009,0.11599999999999999
8010,0.11599999999999999
8011,0.11599999999999999
8012,0.11599999999999999
8013,0.11599999999999999
8014,0.11599999999999999
8015,0.11599999999999999
8016,0.11599999999999999
8017,0.11599999999999999
8018,0.11599999999999999
8019,0.11599999999999999
8020,0.11599999999999999
8021,0.11599999999999999
8022,0.11599999999999999
8023,0.11599999999999999
8024,0.11599999999999999
8025,0.11599999999999999
8026,0.11599999999999999
8027,0.11599999999999999
8028,0.11599999999999999
8029,0.11599999999999999
8030,0.11599999999999999
8031,0.11599999999999999
8032,0.11599999999999999
8033,0.11599999999999999
8034,0.11599999999999999
8035,0.11599999999999999
8036,0.11599999999999999
8037,0.11599999999999999
8038,0.11599999999999999
8039,0.11599999999999999
8040,0.11599999999999999
8041,0.11599999999999999
8042,0.11599999999999999
8043,0.11599999999999999
8044,0.11599999999999999
8045,0.11599999999999999
8046,0.11599999999999999
8047,0.11599999999999999
8048,0.11599999999999999
8049,0.11599999999999999
8050,0.11599999999999999
8051,0.11599999999999999
8052,0.11599999999999999
8053,0.11599999999999999
8054,0.11599999999999999
8055,0.11599999999999999
8056,0.11599999999999999
8057,0.11599999999999999
8058,0.11599999999999999
8059,0.11599999999999999
8060,0.11599999999999999
8061,0.11599999999999999
8062,0.11599999999999999
8063,0.11599999999999999
8064,0.11599999999999999
8065,0.11599999999999999
8066,0.11599999999999999
8067,0.11599999999999999
8068,0.11599999999999999
8069,0.11599999999999999
8070,0.11599999999999999
8071,0.11599999999999999
8072,0.11599999999999999
8073,0.11599999999999999
8074,0.11599999999999999
8075,0.11599999999999999
8076,0.11599999999999999
8077,0.11599999999999999
8078,0.11599999999999999
8079,0.11599999999999999
8080,0.11599999999999999
8081,0.11599999999999999
8082,0.11599999999999999
8083,0.11599999999999999
8084,0.11599999999999999
8085,0.11599999999999999
8086,0.11599999999999999
8087,0.11599999999999999
8088,0.11599999999999999
8089,0.11599999999999999
8090,0.11599999999999999
8091,0.11599999999999999
8092,0.11599999999999999
8093,0.11599999999999999
8094,0.11599999999999999
8095,0.11599999999999999
8096,0.11599999999999999
8097,0.11599999999999999
8098,0.11599999999999999
8099,0.11599999999999999
8100,0.11599999999999999
8101,0.11599999999999999
8102,0.11599999999999999
8103,0.11599999999999999
8104,0.11599999999999999
8105,0.11599999999999999
8106,0.11599999999999999
8107,0.11599999999999999
8108,0.11599999999999999
8109,0.11599999999999999
8110,0.11599999999999999
8111,0.11599999999999999
8112,0.11599999999999999
8113,0.11599999999999999
8114,0.11599999999999999
8115,0.11599999999999999
8116,0.11599999999999999
8117,0.11599999999999999
8118,0.11599999999999999
8119,0.11599999999999999
8120,0.11599999999999999
8121,0.11599999999999999
8122,0.11599999999999999
8123,0.11599999999999999
8124,0.11599999999999999
8125,0.11599999999999999
8126,0.11599999999999999
8127,0.11599999999999999
8128,0.11599999999999999
8129,0.11599999999999999
8130,0.11599999999999999
8131,0.11599999999999999
8132,0.11599999999999999
8133,0.11599999999999999
8134,0.11599999999999999
8135,0.11599999999999999
8136,0.11599999999999999
8137,0.11599999999999999
8138,0.11599999999999999
8139,0.11599999999999999
8140,0.11599999999999999
8141,0.11599999999999999
8142,0.11599999999999999
8143,0.11599999999999999
8144,0.11599999999999999
8145,0.11599999999999999
8146,0.11599999999999999
8147,0.11599999999999999
8148,0.11599999999999999
8149,0.11599999999999999
8150,0.11599999999999999
8151,0.11599999999999999
8152,0.11599999999999999
8153,0.11599999999999999
8154,0.11599999999999999
8155,0.11599999999999999
8156,0.11599999999999999
8157,0.11599999999999999
8158,0.11599999999999999
8159,0.11599999999999999
8160,0.11599999999999999
8161,0.11599999999999999
8162,0.11599999999999999
8163,0.11599999999999999
8164,0.11599999999999999
8165,0.11599999999999999
8166,0.11599999999999999
8167,0.11599999999999999
8168,0.11599999999999999
8169,0.11599999999999999
8170,0.11599999999999999
8171,0.11599999999999999
8172,0.11599999999999999
8173,0.11599999999999999
8174,0.11599999999999999
8175,0.11599999999999999
8176,0.11599999999999999
8177,0.11599999999999999
8178,0.11599999999999999
8179,0.11599999999999999
8180,0.11599999999999999
8181,0.11599999999999999
8182,0.11599999999999999
8183,0.11599999999999999
8184,0.11599999999999999
8185,0.11599999999999999
8186,0.11599999999999999
8187,0.11599999999999999
8188,0.11599999999999999
8189,0.11599999999999999
8190,0.11599999999999999
8191,0.11599999999999999
8192,0.11599999999999999
8193,0.11599999999999999
8194,0.11599999999999999
8195,0.11599999999999999
8196,0.11599999999999999
8197,0.11599999999999999
8198,0.11599999999999999
8199,0.11599999999999999
8200,0.11599999999999999
8201,0.11599999999999999
8202,0.11599999999999999
8203,0.11599999999999999
8204,0.11599999999999999
8205,0.11599999999999999
8206,0.11599999999999999
8207,0.11599999999999999
8208,0.11599999999999999
8209,0.11599999999999999
8210,0.11599999999999999
8211,0.11599999999999999
8212,0.11599999999999999
8213,0.11599999999999999
8214,0.11599999999999999
8215,0.11599999999999999
8216,0.11599999999999999
8217,0.11599999999999999
8218,0.11599999999999999
8219,0.11599999999999999
8220,0.11599999999999999
8221,0.11599999999999999
8222,0.11599999999999999
8223,0.11599999999999999
8224,0.11599999999999999
8225,0.11599999999999999
8226,0.11599999999999999
8227,0.11599999999999999
8228,0.11599999999999999
8229,0.11599999999999999
8230,0.11599999999999999
8231,0.11599999999999999
8232,0.11599999999999999
8233,0.11599999999999999
8234,0.11599999999999999
8235,0.11599999999999999
8236,0.11599999999999999
8237,0.11599999999999999
8238,0.11599999999999999
8239,0.11599999999999999
8240,0.11599999999999999
8241,0.11599999999999999
8242,0.11599999999999999
8243,0.11599999999999999
8244,0.11599999999999999
8245,0.11599999999999999
8246,0.11599999999999999
8247,0.11599999999999999
8248,0.11599999999999999
8249,0.11599999999999999
8250,0.11599999999999999
8251,0.11599999999999999
8252,0.11599999999999999
8253,0.11599999999999999
8254,0.11599999999999999
8255,0.11599999999999999
8256,0.11599999999999999
8257,0.11599999999999999
8258,0.11599999999999999
8259,0.11599999999999999
8260,0.11599999999999999
8261,0.11599999999999999
8262,0.11599999999999999
8263,0.11599999999999999
8264,0.11599999999999999
8265,0.11599999999999999
8266,0.11599999999999999
8267,0.11599999999999999
8268,0.11599999999999999
8269,0.11599999999999999
8270,0.11599999999999999
8271,0.11599999999999999
8272,0.11599999999999999
8273,0.11599999999999999
8274,0.11599999999999999
8275,0.11599999999999999
8276,0.11599999999999999
8277,0.11599999999999999
8278,0.11599999999999999
8279,0.11599999999999999
8280,0.11599999999999999
8281,0.11599999999999999
8282,0.11599999999999999
8283,0.11599999999999999
8284,0.11599999999999999
8285,0.11599999999999999
8286,0.11599999999999999
8287,0.11599999999999999
8288,0.11599999999999999
8289,0.11599999999999999
8290,0.11599999999999999
8291,0.11599999999999999
8292,0.11599999999999999
8293,0.11599999999999999
8294,0.11599999999999999
8295,0.11599999999999999
8296,0.11599999999999999
8297,0.11599999999999999
8298,0.11599999999999999
8299,0.11599999999999999
8300,0.11599999999999999
8301,0.11599999999999999
8302,0.11599999999999999
8303,0.11599999999999999
8304,0.11599999999999999
8305,0.11599999999999999
8306,0.11599999999999999
8307,0.11599999999999999
8308,0.11599999999999999
8309,0.11599999999999999
8310,0.11599999999999999
8311,0.11599999999999999
8312,0.11599999999999999
8313,0.11599999999999999
8314,0.11599999999999999
8315,0.11599999999999999
8316,0.11599999999999999
8317,0.11599999999999999
8318,0.11599999999999999
8319,0.11599999999999999
8320,0.11599999999999999
8321,0.11599999999999999
8322,0.11599999999999999
8323,0.11599999999999999
8324,0.11599999999999999
8325,0.11599999999999999
8326,0.11599999999999999
8327,0.11599999999999999
8328,0.11599999999999999
8329,0.11599999999999999
8330,0.11599999999999999
8331,0.11599999999999999
8332,0.11599999999999999
8333,0.11599999999999999
8334,0.11599999999999999
8335,0.11599999999999999
8336,0.11599999999999999
8337,0.11599999999999999
8338,0.11599999999999999
8339,0.11599999999999999
8340,0.11599999999999999
8341,0.11599999999999999
8342,0.11599999999999999
8343,0.11599999999999999
8344,0.11599999999999999
8345,0.11599999999999999
8346,0.11599999999999999
8347,0.11599999999999999
8348,0.11599999999999999
8349,0.11599999999999999
8350,0.11599999999999999
8351,0.11599999999999999
8352,0.11599999999999999
8353,0.11599999999999999
8354,0.11599999999999999
8355,0.11599999999999999
8356,0.11599999999999999
8357,0.11599999999999999
8358,0.11599999999999999
8359,0.11599999999999999
8360,0.11599999999999999
8361,0.11599999999999999
8362,0.11599999999999999
8363,0.11599999999999999
8364,0.11599999999999999
8365,0.11599999999999999
8366,0.11599999999999999
8367,0.11599999999999999
8368,0.11599999999999999
8369,0.11599999999999999
8370,0.11599999999999999
8371,0.11599999999999999
8372,0.11599999999999999
8373,0.11599999999999999
8374,0.11599999999999999
8375,0.11599999999999999
8376,0.11599999999999999
8377,0.11599999999999999
8378,0.11599999999999999
8379,0.11599999999999999
8380,0.11599999999999999
8381,0.11599999999999999
8382,0.11599999999999999
8383,0.11599999999999999
8384,0.11599999999999999
8385,0.11599999999999999
8386,0.11599999999999999
8387,0.11599999999999999
8388,0.11599999999999999
8389,0.11599999999999999
8390,0.11599999999999999
8391,0.11599999999999999
8392,0.11599999999999999
8393,0.11599999999999999
8394,0.11599999999999999
8395,0.11599999999999999
8396,0.11599999999999999
8397,0.11599999999999999
8398,0.11599999999999999
8399,0.11599999999999999
8400,0.11599999999999999
8401,0.11599999999999999
8402,0.11599999999999999
8403,0.11599999999999999
8404,0.11599999999999999
8405,0.11599999999999999
8406,0.11599999999999999
8407,0.11599999999999999
8408,0.11599999999999999
8409,0.11599999999999999
8410,0.11599999999999999
8411,0.11599999999999999
8412,0.11599999999999999
8413,0.11599999999999999
8414,0.11599999999999999
8415,0.11599999999999999
8416,0.11599999999999999
8417,0.11599999999999999
8418,0.11599999999999999
8419,0.11599999999999999
8420,0.11599999999999999
8421,0.11599999999999999
8422,0.11599999999999999
8423,0.11599999999999999
8424,0.11599999999999999
8425,0.11599999999999999
8426,0.11599999999999999
8427,0.11599999999999999
8428,0.11599999999999999
8429,0.11599999999999999
8430,0.11599999999999999
8431,0.11599999999999999
8432,0.11599999999999999
8433,0.11599999999999999
8434,0.11599999999999999
8435,0.11599999999999999
8436,0.11599999999999999
8437,0.11599999999999999
8438,0.11599999999999999
8439,0.11599999999999999
8440,0.11599999999999999
8441,0.11599999999999999
8442,0.11599999999999999
8443,0.11599999999999999
8444,0.11599999999999999
8445,0.11599999999999999
8446,0.11599999999999999
8447,0.11599999999999999
8448,0.11599999999999999
8449,0.11599999999999999
8450,0.11599999999999999
8451,0.11599999999999999
8452,0.11599999999999999
8453,0.11599999999999999
8454,0.11599999999999999
8455,0.11599999999999999
8456,0.11599999999999999
8457,0.11599999999999999
8458,0.11599999999999999
8459,0.11599999999999999
8460,0.11599999999999999
8461,0.11599999999999999
8462,0.11599999999999999
8463,0.11599999999999999
8464,0.11599999999999999
8465,0.11599999999999999
8466,0.11599999999999999
8467,0.11599999999999999
8468,0.11599999999999999
8469,0.11599999999999999
8470,0.11599999999999999
8471,0.11599999999999999
8472,0.11599999999999999
8473,0.11599999999999999
8474,0.11599999999999999
8475,0.11599999999999999
8476,0.11599999999999999
8477,0.11599999999999999
8478,0.11599999999999999
8479,0.11599999999999999
8480,0.11599999999999999
8481,0.11599999999999999
8482,0.11599999999999999
8483,0.11599999999999999
8484,0.11599999999999999
8485,0.11599999999999999
8486,0.11599999999999999
8487,0.11599999999999999
8488,0.11599999999999999
8489,0.11599999999999999
8490,0.11599999999999999
8491,0.11599999999999999
8492,0.11599999999999999
8493,0.11599999999999999
8494,0.11599999999999999
8495,0.11599999999999999
8496,0.11599999999999999
8497,0.11599999999999999
8498,0.11599999999999999
8499,0.11599999999999999
8500,0.11599999999999999
8501,0.11599999999999999
8502,0.11599999999999999
8503,0.11599999999999999
8504,0.11599999999999999
8505,0.11599999999999999
8506,0.11599999999999999
8507,0.11599999999999999
8508,0.11599999999999999
8509,0.11599999999999999
8510,0.11599999999999999
8511,0.11599999999999999
8512,0.11599999999999999
8513,0.11599999999999999
8514,0.11599999999999999
8515,0.11599999999999999
8516,0.11599999999999999
8517,0.11599999999999999
8518,0.11599999999999999
8519,0.11599999999999999
8520,0.11599999999999999
8521,0.11599999999999999
8522,0.11599999999999999
8523,0.11599999999999999
8524,0.11599999999999999
8525,0.11599999999999999
8526,0.11599999999999999
8527,0.11599999999999999
8528,0.11599999999999999
8529,0.11599999999999999
8530,0.11599999999999999
8531,0.11599999999999999
8532,0.11599999999999999
8533,0.11599999999999999
8534,0.11599999999999999
8535,0.11599999999999999
8536,0.11599999999999999
8537,0.11599999999999999
8538,0.11599999999999999
8539,0.11599999999999999
8540,0.11599999999999999
8541,0.11599999999999999
8542,0.11599999999999999
8543,0.11599999999999999
8544,0.11599999999999999
8545,0.11599999999999999
8546,0.11599999999999999
8547,0.11599999999999999
8548,0.11599999999999999
8549,0.11599999999999999
8550,0.11599999999999999
8551,0.11599999999999999
8552,0.11599999999999999
8553,0.11599999999999999
8554,0.11599999999999999
8555,0.11599999999999999
8556,0.11599999999999999
8557,0.11599999999999999
8558,0.11599999999999999
8559,0.11599999999999999
8560,0.11599999999999999
8561,0.11599999999999999
8562,0.11599999999999999
8563,0.11599999999999999
8564,0.11599999999999999
8565,0.11599999999999999
8566,0.11599999999999999
8567,0.11599999999999999
8568,0.11599999999999999
8569,0.11599999999999999
8570,0.11599999999999999
8571,0.11599999999999999
8572,0.11599999999999999
8573,0.11599999999999999
8574,0.11599999999999999
8575,0.11599999999999999
8576,0.11599999999999999
8577,0.11599999999999999
8578,0.11599999999999999
8579,0.11599999999999999
8580,0.11599999999999999
8581,0.11599999999999999
8582,0.11599999999999999
8583,0.11599999999999999
8584,0.11599999999999999
8585,0.11599999999999999
8586,0.11599999999999999
8587,0.11599999999999999
8588,0.11599999999999999
8589,0.11599999999999999
8590,0.11599999999999999
8591,0.11599999999999999
8592,0.11599999999999999
8593,0.11599999999999999
8594,0.11599999999999999
8595,0.11599999999999999
8596,0.11599999999999999
8597,0.11599999999999999
8598,0.11599999999999999
8599,0.11599999999999999
8600,0.11599999999999999
8601,0.11599999999999999
8602,0.11599999999999999
8603,0.11599999999999999
8604,0.11599999999999999
8605,0.11599999999999999
8606,0.11599999999999999
8607,0.11599999999999999
8608,0.11599999999999999
8609,0.11599999999999999
8610,0.11599999999999999
8611,0.11599999999999999
8612,0.11599999999999999
8613,0.11599999999999999
8614,0.11599999999999999
8615,0.11599999999999999
8616,0.11599999999999999
8617,0.11599999999999999
8618,0.11599999999999999
8619,0.11599999999999999
8620,0.11599999999999999
8621,0.11599999999999999
8622,0.11599999999999999
8623,0.11599999999999999
8624,0.11599999999999999
8625,0.11599999999999999
8626,0.11599999999999999
8627,0.11599999999999999
8628,0.11599999999999999
8629,0.11599999999999999
8630,0.11599999999999999
8631,0.11599999999999999
8632,0.11599999999999999
8633,0.11599999999999999
8634,0.11599999999999999
8635,0.11599999999999999
8636,0.11599999999999999
8637,0.11599999999999999
8638,0.11599999999999999
8639,0.11599999999999999
8640,0.11599999999999999
8641,0.11599999999999999
8642,0.11599999999999999
8643,0.11599999999999999
8644,0.11599999999999999
8645,0.11599999999999999
8646,0.11599999999999999
8647,0.11599999999999999
8648,0.11599999999999999
8649,0.11599999999999999
8650,0.11599999999999999
8651,0.11599999999999999
8652,0.11599999999999999
8653,0.11599999999999999
8654,0.11599999999999999
8655,0.11599999999999999
8656,0.11599999999999999
8657,0.11599999999999999
8658,0.11599999999999999
8659,0.11599999999999999
8660,0.11599999999999999
8661,0.11599999999999999
8662,0.11599999999999999
8663,0.11599999999999999
8664,0.11599999999999999
8665,0.11599999999999999
8666,0.11599999999999999
8667,0.11599999999999999
8668,0.11599999999999999
8669,0.11599999999999999
8670,0.11599999999999999
8671,0.11599999999999999
8672,0.11599999999999999
8673,0.11599999999999999
8674,0.11599999999999999
8675,0.11599999999999999
8676,0.11599999999999999
8677,0.11599999999999999
8678,0.11599999999999999
8679,0.11599999999999999
8680,0.11599999999999999
8681,0.11599999999999999
8682,0.11599999999999999
8683,0.11599999999999999
8684,0.11599999999999999
8685,0.11599999999999999
8686,0.11599999999999999
8687,0.11599999999999999
8688,0.11599999999999999
8689,0.11599999999999999
8690,0.11599999999999999
8691,0.11599999999999999
8692,0.11599999999999999
8693,0.11599999999999999
8694,0.11599999999999999
8695,0.11599999999999999
8696,0.11599999999999999
8697,0.11599999999999999
8698,0.11599999999999999
8699,0.11599999999999999
8700,0.11599999999999999
8701,0.11599999999999999
8702,0.11599999999999999
8703,0.11599999999999999
8704,0.11599999999999999
8705,0.11599999999999999
8706,0.11599999999999999
8707,0.11599999999999999
8708,0.11599999999999999
8709,0.11599999999999999
8710,0.11599999999999999
8711,0.11599999999999999
8712,0.11599999999999999
8713,0.11599999999999999
8714,0.11599999999999999
8715,0.11599999999999999
8716,0.11599999999999999
8717,0.11599999999999999
8718,0.11599999999999999
8719,0.11599999999999999
8720,0.11599999999999999
8721,0.11599999999999999
8722,0.11599999999999999
8723,0.11599999999999999
8724,0.11599999999999999
8725,0.11599999999999999
8726,0.11599999999999999
8727,0.11599999999999999
8728,0.11599999999999999
8729,0.11599999999999999
8730,0.11599999999999999
8731,0.11599999999999999
8732,0.11599999999999999
8733,0.11599999999999999
8734,0.11599999999999999
8735,0.11599999999999999
8736,0.11599999999999999
8737,0.11599999999999999
8738,0.11599999999999999
8739,0.11599999999999999
8740,0.11599999999999999
8741,0.11599999999999999
8742,0.11599999999999999
8743,0.11599999999999999
8744,0.11599999999999999
8745,0.11599999999999999
8746,0.11599999999999999
8747,0.11599999999999999
8748,0.11599999999999999
8749,0.11599999999999999
8750,0.11599999999999999
8751,0.11599999999999999
8752,0.11599999999999999
8753,0.11599999999999999
8754,0.11599999999999999
8755,0.11599999999999999
8756,0.11599999999999999
8757,0.11599999999999999
8758,0.11599999999999999
8759,0.11599999999999999
8760,0.11599999999999999
8761,0.11599999999999999
8762,0.11599999999999999
8763,0.11599999999999999
8764,0.11599999999999999
8765,0.11599999999999999
8766,0.11599999999999999
8767,0.11599999999999999
8768,0.11599999999999999
8769,0.11599999999999999
8770,0.11599999999999999
8771,0.11599999999999999
8772,0.11599999999999999
8773,0.11599999999999999
8774,0.11599999999999999
8775,0.11599999999999999
8776,0.11599999999999999
8777,0.11599999999999999
8778,0.11599999999999999
8779,0.11599999999999999
8780,0.11599999999999999
8781,0.11599999999999999
8782,0.11599999999999999
8783,0.11599999999999999
8784,0.11599999999999999
8785,0.11599999999999999
8786,0.11599999999999999
8787,0.11599999999999999
8788,0.11599999999999999
8789,0.11599999999999999
8790,0.11599999999999999
8791,0.11599999999999999
8792,0.11599999999999999
8793,0.11599999999999999
8794,0.11599999999999999
8795,0.11599999999999999
8796,0.11599999999999999
8797,0.11599999999999999
8798,0.11599999999999999
8799,0.11599999999999999
8800,0.11599999999999999
8801,0.11599999999999999
8802,0.11599999999999999
8803,0.11599999999999999
8804,0.11599999999999999
8805,0.11599999999999999
8806,0.11599999999999999
8807,0.11599999999999999
8808,0.11599999999999999
8809,0.11599999999999999
8810,0.11599999999999999
8811,0.11599999999999999
8812,0.11599999999999999
8813,0.11599999999999999
8814,0.11599999999999999
8815,0.11599999999999999
8816,0.11599999999999999
8817,0.11599999999999999
8818,0.11599999999999999
8819,0.11599999999999999
8820,0.11599999999999999
8821,0.11599999999999999
8822,0.11599999999999999
8823,0.11599999999999999
8824,0.11599999999999999
8825,0.11599999999999999
8826,0.11599999999999999
8827,0.11599999999999999
8828,0.11599999999999999
8829,0.11599999999999999
8830,0.11599999999999999
8831,0.11599999999999999
8832,0.11599999999999999
8833,0.11599999999999999
8834,0.11599999999999999
8835,0.11599999999999999
8836,0.11599999999999999
8837,0.11599999999999999
8838,0.11599999999999999
8839,0.11599999999999999
8840,0.11599999999999999
8841,0.11599999999999999
8842,0.11599999999999999
8843,0.11599999999999999
8844,0.11599999999999999
8845,0.11599999999999999
8846,0.11599999999999999
8847,0.11599999999999999
8848,0.11599999999999999
8849,0.11599999999999999
8850,0.11599999999999999
8851,0.11599999999999999
8852,0.11599999999999999
8853,0.11599999999999999
8854,0.11599999999999999
8855,0.11599999999999999
8856,0.11599999999999999
8857,0.11599999999999999
8858,0.11599999999999999
8859,0.11599999999999999
8860,0.11599999999999999
8861,0.11599999999999999
8862,0.11599999999999999
8863,0.11599999999999999
8864,0.11599999999999999
8865,0.11599999999999999
8866,0.11599999999999999
8867,0.11599999999999999
8868,0.11599999999999999
8869,0.11599999999999999
8870,0.11599999999999999
8871,0.11599999999999999
8872,0.11599999999999999
8873,0.11599999999999999
8874,0.11599999999999999
8875,0.11599999999999999
8876,0.11599999999999999
8877,0.11599999999999999
8878,0.11599999999999999
8879,0.11599999999999999
8880,0.11599999999999999
8881,0.11599999999999999
8882,0.11599999999999999
8883,0.11599999999999999
8884,0.11599999999999999
8885,0.11599999999999999
8886,0.11599999999999999
8887,0.11599999999999999
8888,0.11599999999999999
8889,0.11599999999999999
8890,0.11599999999999999
8891,0.11599999999999999
8892,0.11599999999999999
8893,0.11599999999999999
8894,0.11599999999999999
8895,0.11599999999999999
8896,0.11599999999999999
8897,0.11599999999999999
8898,0.11599999999999999
8899,0.11599999999999999
8900,0.11599999999999999
8901,0.11599999999999999
8902,0.11599999999999999
8903,0.11599999999999999
8904,0.11599999999999999
8905,0.11599999999999999
8906,0.11599999999999999
8907,0.11599999999999999
8908,0.11599999999999999
8909,0.11599999999999999
8910,0.11599999999999999
8911,0.11599999999999999
8912,0.11599999999999999
8913,0.11599999999999999
8914,0.11599999999999999
8915,0.11599999999999999
8916,0.11599999999999999
8917,0.11599999999999999
8918,0.11599999999999999
8919,0.11599999999999999
8920,0.11599999999999999
8921,0.11599999999999999
8922,0.11599999999999999
8923,0.11599999999999999
8924,0.11599999999999999
8925,0.11599999999999999
8926,0.11599999999999999
8927,0.11599999999999999
8928,0.11599999999999999
8929,0.11599999999999999
8930,0.11599999999999999
8931,0.11599999999999999
8932,0.11599999999999999
8933,0.11599999999999999
8934,0.11599999999999999
8935,0.11599999999999999
8936,0.11599999999999999
8937,0.11599999999999999
8938,0.11599999999999999
8939,0.11599999999999999
8940,0.11599999999999999
8941,0.11599999999999999
8942,0.11599999999999999
8943,0.11599999999999999
8944,0.11599999999999999
8945,0.11599999999999999
8946,0.11599999999999999
8947,0.11599999999999999
8948,0.11599999999999999
8949,0.11599999999999999
8950,0.11599999999999999
8951,0.11599999999999999
8952,0.11599999999999999
8953,0.11599999999999999
8954,0.11599999999999999
8955,0.11599999999999999
8956,0.11599999999999999
8957,0.11599999999999999
8958,0.11599999999999999
8959,0.11599999999999999
8960,0.11599999999999999
8961,0.11599999999999999
8962,0.11599999999999999
8963,0.11599999999999999
8964,0.11599999999999999
8965,0.11599999999999999
8966,0.11599999999999999
8967,0.11599999999999999
8968,0.11599999999999999
8969,0.11599999999999999
8970,0.11599999999999999
8971,0.11599999999999999
8972,0.11599999999999999
8973,0.11599999999999999
8974,0.11599999999999999
8975,0.11599999999999999
8976,0.11599999999999999
8977,0.11599999999999999
8978,0.11599999999999999
8979,0.11599999999999999
8980,0.11599999999999999
8981,0.11599999999999999
8982,0.11599999999999999
8983,0.11599999999999999
8984,0.11599999999999999
8985,0.11599999999999999
8986,0.11599999999999999
8987,0.11599999999999999
8988,0.11599999999999999
8989,0.11599999999999999
8990,0.11599999999999999
8991,0.11599999999999999
8992,0.11599999999999999
8993,0.11599999999999999
8994,0.11599999999999999
8995,0.11599999999999999
8996,0.11599999999999999
8997,0.11599999999999999
8998,0.11599999999999999
8999,0.11599999999999999
9000,0.11599999999999999
9001,0.11599999999999999
9002,0.11599999999999999
9003,0.11599999999999999
9004,0.11599999999999999
9005,0.11599999999999999
9006,0.11599999999999999
9007,0.11599999999999999
9008,0.11599999999999999
9009,0.11599999999999999
9010,0.11599999999999999
9011,0.11599999999999999
9012,0.11599999999999999
9013,0.11599999999999999
9014,0.11599999999999999
9015,0.11599999999999999
9016,0.11599999999999999
9017,0.11599999999999999
9018,0.11599999999999999
9019,0.11599999999999999
9020,0.11599999999999999
9021,0.11599999999999999
9022,0.11599999999999999
9023,0.11599999999999999
9024,0.11599999999999999
9025,0.11599999999999999
9026,0.11599999999999999
9027,0.11599999999999999
9028,0.11599999999999999
9029,0.11599999999999999
9030,0.11599999999999999
9031,0.11599999999999999
9032,0.11599999999999999
9033,0.11599999999999999
9034,0.11599999999999999
9035,0.11599999999999999
9036,0.11599999999999999
9037,0.11599999999999999
9038,0.11599999999999999
9039,0.11599999999999999
9040,0.11599999999999999
9041,0.11599999999999999
9042,0.11599999999999999
9043,0.11599999999999999
9044,0.11599999999999999
9045,0.11599999999999999
9046,0.11599999999999999
9047,0.11599999999999999
9048,0.11599999999999999
9049,0.11599999999999999
9050,0.11599999999999999
9051,0.11599999999999999
9052,0.11599999999999999
9053,0.11599999999999999
9054,0.11599999999999999
9055,0.11599999999999999
9056,0.11599999999999999
9057,0.11599999999999999
9058,0.11599999999999999
9059,0.11599999999999999
9060,0.11599999999999999
9061,0.11599999999999999
9062,0.11599999999999999
9063,0.11599999999999999
9064,0.11599999999999999
9065,0.11599999999999999
9066,0.11599999999999999
9067,0.11599999999999999
9068,0.11599999999999999
9069,0.11599999999999999
9070,0.11599999999999999
9071,0.11599999999999999
9072,0.11599999999999999
9073,0.11599999999999999
9074,0.11599999999999999
9075,0.11599999999999999
9076,0.11599999999999999
9077,0.11599999999999999
9078,0.11599999999999999
9079,0.11599999999999999
9080,0.11599999999999999
9081,0.11599999999999999
9082,0.11599999999999999
9083,0.11599999999999999
9084,0.11599999999999999
9085,0.11599999999999999
9086,0.11599999999999999
9087,0.11599999999999999
9088,0.11599999999999999
9089,0.11599999999999999
9090,0.11599999999999999
9091,0.11599999999999999
9092,0.11599999999999999
9093,0.11599999999999999
9094,0.11599999999999999
9095,0.11599999999999999
9096,0.11599999999999999
9097,0.11599999999999999
9098,0.11599999999999999
9099,0.11599999999999999
9100,0.11599999999999999
9101,0.11599999999999999
9102,0.11599999999999999
9103,0.11599999999999999
9104,0.11599999999999999
9105,0.11599999999999999
9106,0.11599999999999999
9107,0.11599999999999999
9108,0.11599999999999999
9109,0.11599999999999999
9110,0.11599999999999999
9111,0.11599999999999999
9112,0.11599999999999999
9113,0.11599999999999999
9114,0.11599999999999999
9115,0.11599999999999999
9116,0.11599999999999999
9117,0.11599999999999999
9118,0.11599999999999999
9119,0.11599999999999999
9120,0.11599999999999999
9121,0.11599999999999999
9122,0.11599999999999999
9123,0.11599999999999999
9124,0.11599999999999999
9125,0.11599999999999999
9126,0.11599999999999999
9127,0.11599999999999999
9128,0.11599999999999999
9129,0.11599999999999999
9130,0.11599999999999999
9131,0.11599999999999999
9132,0.11599999999999999
9133,0.11599999999999999
9134,0.11599999999999999
9135,0.11599999999999999
9136,0.11599999999999999
9137,0.11599999999999999
9138,0.11599999999999999
9139,0.11599999999999999
9140,0.11599999999999999
9141,0.11599999999999999
9142,0.11599999999999999
9143,0.11599999999999999
9144,0.11599999999999999
9145,0.11599999999999999
9146,0.11599999999999999
9147,0.11599999999999999
9148,0.11599999999999999
9149,0.11599999999999999
9150,0.11599999999999999
9151,0.11599999999999999
9152,0.11599999999999999
9153,0.11599999999999999
9154,0.11599999999999999
9155,0.11599999999999999
9156,0.11599999999999999
9157,0.11599999999999999
9158,0.11599999999999999
9159,0.11599999999999999
9160,0.11599999999999999
9161,0.11599999999999999
9162,0.11599999999999999
9163,0.11599999999999999
9164,0.11599999999999999
9165,0.11599999999999999
9166,0.11599999999999999
9167,0.11599999999999999
9168,0.11599999999999999
9169,0.11599999999999999
9170,0.11599999999999999
9171,0.11599999999999999
9172,0.11599999999999999
9173,0.11599999999999999
9174,0.11599999999999999
9175,0.11599999999999999
9176,0.11599999999999999
9177,0.11599999999999999
9178,0.11599999999999999
9179,0.11599999999999999
9180,0.11599999999999999
9181,0.11599999999999999
9182,0.11599999999999999
9183,0.11599999999999999
9184,0.11599999999999999
9185,0.11599999999999999
9186,0.11599999999999999
9187,0.11599999999999999
9188,0.11599999999999999
9189,0.11599999999999999
9190,0.11599999999999999
9191,0.11599999999999999
9192,0.11599999999999999
9193,0.11599999999999999
9194,0.11599999999999999
9195,0.11599999999999999
9196,0.11599999999999999
9197,0.11599999999999999
9198,0.11599999999999999
9199,0.11599999999999999
9200,0.11599999999999999
9201,0.11599999999999999
9202,0.11599999999999999
9203,0.11599999999999999
9204,0.11599999999999999
9205,0.11599999999999999
9206,0.11599999999999999
9207,0.11599999999999999
9208,0.11599999999999999
9209,0.11599999999999999
9210,0.11599999999999999
9211,0.11599999999999999
9212,0.11599999999999999
9213,0.11599999999999999
9214,0.11599999999999999
9215,0.11599999999999999
9216,0.11599999999999999
9217,0.11599999999999999
9218,0.11599999999999999
9219,0.11599999999999999
9220,0.11599999999999999
9221,0.11599999999999999
9222,0.11599999999999999
9223,0.11599999999999999
9224,0.11599999999999999
9225,0.11599999999999999
9226,0.11599999999999999
9227,0.11599999999999999
9228,0.11599999999999999
9229,0.11599999999999999
9230,0.11599999999999999
9231,0.11599999999999999
9232,0.11599999999999999
9233,0.11599999999999999
9234,0.11599999999999999
9235,0.11599999999999999
9236,0.11599999999999999
9237,0.11599999999999999
9238,0.11599999999999999
9239,0.11599999999999999
9240,0.11599999999999999
9241,0.11599999999999999
9242,0.11599999999999999
9243,0.11599999999999999
9244,0.11599999999999999
9245,0.11599999999999999
9246,0.11599999999999999
9247,0.11599999999999999
9248,0.11599999999999999
9249,0.11599999999999999
9250,0.11599999999999999
9251,0.11599999999999999
9252,0.11599999999999999
9253,0.11599999999999999
9254,0.11599999999999999
9255,0.11599999999999999
9256,0.11599999999999999
9257,0.11599999999999999
9258,0.11599999999999999
9259,0.11599999999999999
9260,0.11599999999999999
9261,0.11599999999999999
9262,0.11599999999999999
9263,0.11599999999999999
9264,0.11599999999999999
9265,0.11599999999999999
9266,0.11599999999999999
9267,0.11599999999999999
9268,0.11599999999999999
9269,0.11599999999999999
9270,0.11599999999999999
9271,0.11599999999999999
9272,0.11599999999999999
9273,0.11599999999999999
9274,0.11599999999999999
9275,0.11599999999999999
9276,0.11599999999999999
9277,0.11599999999999999
9278,0.11599999999999999
9279,0.11599999999999999
9280,0.11599999999999999
9281,0.11599999999999999
9282,0.11599999999999999
9283,0.11599999999999999
9284,0.11599999999999999
9285,0.11599999999999999
9286,0.11599999999999999
9287,0.11599999999999999
9288,0.11599999999999999
9289,0.11599999999999999
9290,0.11599999999999999
9291,0.11599999999999999
9292,0.11599999999999999
9293,0.11599999999999999
9294,0.11599999999999999
9295,0.11599999999999999
9296,0.11599999999999999
9297,0.11599999999999999
9298,0.11599999999999999
9299,0.11599999999999999
9300,0.11599999999999999
9301,0.11599999999999999
9302,0.11599999999999999
9303,0.11599999999999999
9304,0.11599999999999999
9305,0.11599999999999999
9306,0.11599999999999999
9307,0.11599999999999999
9308,0.11599999999999999
9309,0.11599999999999999
9310,0.11599999999999999
9311,0.11599999999999999
9312,0.11599999999999999
9313,0.11599999999999999
9314,0.11599999999999999
9315,0.11599999999999999
9316,0.11599999999999999
9317,0.11599999999999999
9318,0.11599999999999999
9319,0.11599999999999999
9320,0.11599999999999999
9321,0.11599999999999999
9322,0.11599999999999999
9323,0.11599999999999999
9324,0.11599999999999999
9325,0.11599999999999999
9326,0.11599999999999999
9327,0.11599999999999999
9328,0.11599999999999999
9329,0.11599999999999999
9330,0.11599999999999999
9331,0.11599999999999999
9332,0.11599999999999999
9333,0.11599999999999999
9334,0.11599999999999999
9335,0.11599999999999999
9336,0.11599999999999999
9337,0.11599999999999999
9338,0.11599999999999999
9339,0.11599999999999999
9340,0.11599999999999999
9341,0.11599999999999999
9342,0.11599999999999999
9343,0.11599999999999999
9344,0.11599999999999999
9345,0.11599999999999999
9346,0.11599999999999999
9347,0.11599999999999999
9348,0.11599999999999999
9349,0.11599999999999999
9350,0.11599999999999999
9351,0.11599999999999999
9352,0.11599999999999999
9353,0.11599999999999999
9354,0.11599999999999999
9355,0.11599999999999999
9356,0.11599999999999999
9357,0.11599999999999999
9358,0.11599999999999999
9359,0.11599999999999999
9360,0.11599999999999999
9361,0.11599999999999999
9362,0.11599999999999999
9363,0.11599999999999999
9364,0.11599999999999999
9365,0.11599999999999999
9366,0.11599999999999999
9367,0.11599999999999999
9368,0.11599999999999999
9369,0.11599999999999999
9370,0.11599999999999999
9371,0.11599999999999999
9372,0.11599999999999999
9373,0.11599999999999999
9374,0.11599999999999999
9375,0.11599999999999999
9376,0.11599999999999999
9377,0.11599999999999999
9378,0.11599999999999999
9379,0.11599999999999999
9380,0.11599999999999999
9381,0.11599999999999999
9382,0.11599999999999999
9383,0.11599999999999999
9384,0.11599999999999999
9385,0.11599999999999999
9386,0.11599999999999999
9387,0.11599999999999999
9388,0.11599999999999999
9389,0.11599999999999999
9390,0.11599999999999999
9391,0.11599999999999999
9392,0.11599999999999999
9393,0.11599999999999999
9394,0.11599999999999999
9395,0.11599999999999999
9396,0.11599999999999999
9397,0.11599999999999999
9398,0.11599999999999999
9399,0.11599999999999999
9400,0.11599999999999999
9401,0.11599999999999999
9402,0.11599999999999999
9403,0.11599999999999999
9404,0.11599999999999999
9405,0.11599999999999999
9406,0.11599999999999999
9407,0.11599999999999999
9408,0.11599999999999999
9409,0.11599999999999999
9410,0.11599999999999999
9411,0.11599999999999999
9412,0.11599999999999999
9413,0.11599999999999999
9414,0.11599999999999999
9415,0.11599999999999999
9416,0.11599999999999999
9417,0.11599999999999999
9418,0.11599999999999999
9419,0.11599999999999999
9420,0.11599999999999999
9421,0.11599999999999999
9422,0.11599999999999999
9423,0.11599999999999999
9424,0.11599999999999999
9425,0.11599999999999999
9426,0.11599999999999999
9427,0.11599999999999999
9428,0.11599999999999999
9429,0.11599999999999999
9430,0.11599999999999999
9431,0.11599999999999999
9432,0.11599999999999999
9433,0.11599999999999999
9434,0.11599999999999999
9435,0.11599999999999999
9436,0.11599999999999999
9437,0.11599999999999999
9438,0.11599999999999999
9439,0.11599999999999999
9440,0.11599999999999999
9441,0.11599999999999999
9442,0.11599999999999999
9443,0.11599999999999999
9444,0.11599999999999999
9445,0.11599999999999999
9446,0.11599999999999999
9447,0.11599999999999999
9448,0.11599999999999999
9449,0.11599999999999999
9450,0.11599999999999999
9451,0.11599999999999999
9452,0.11599999999999999
9453,0.11599999999999999
9454,0.11599999999999999
9455,0.11599999999999999
9456,0.11599999999999999
9457,0.11599999999999999
9458,0.11599999999999999
9459,0.11599999999999999
9460,0.11599999999999999
9461,0.11599999999999999
9462,0.11599999999999999
9463,0.11599999999999999
9464,0.11599999999999999
9465,0.11599999999999999
9466,0.11599999999999999
9467,0.11599999999999999
9468,0.11599999999999999
9469,0.11599999999999999
9470,0.11599999999999999
9471,0.11599999999999999
9472,0.11599999999999999
9473,0.11599999999999999
9474,0.11599999999999999
9475,0.11599999999999999
9476,0.11599999999999999
9477,0.11599999999999999
9478,0.11599999999999999
9479,0.11599999999999999
9480,0.11599999999999999
9481,0.11599999999999999
9482,0.11599999999999999
9483,0.11599999999999999
9484,0.11599999999999999
9485,0.11599999999999999
9486,0.11599999999999999
9487,0.11599999999999999
9488,0.11599999999999999
9489,0.11599999999999999
9490,0.11599999999999999
9491,0.11599999999999999
9492,0.11599999999999999
9493,0.11599999999999999
9494,0.11599999999999999
9495,0.11599999999999999
9496,0.11599999999999999
9497,0.11599999999999999
9498,0.11599999999999999
9499,0.11599999999999999
9500,0.11599999999999999
9501,0.11599999999999999
9502,0.11599999999999999
9503,0.11599999999999999
9504,0.11599999999999999
9505,0.11599999999999999
9506,0.11599999999999999
9507,0.11599999999999999
9508,0.11599999999999999
9509,0.11599999999999999
9510,0.11599999999999999
9511,0.11599999999999999
9512,0.11599999999999999
9513,0.11599999999999999
9514,0.11599999999999999
9515,0.11599999999999999
9516,0.11599999999999999
9517,0.11599999999999999
9518,0.11599999999999999
9519,0.11599999999999999
9520,0.11599999999999999
9521,0.11599999999999999
9522,0.11599999999999999
9523,0.11599999999999999
9524,0.11599999999999999
9525,0.11599999999999999
9526,0.11599999999999999
9527,0.11599999999999999
9528,0.11599999999999999
9529,0.11599999999999999
9530,0.11599999999999999
9531,0.11599999999999999
9532,0.11599999999999999
9533,0.11599999999999999
9534,0.11599999999999999
9535,0.11599999999999999
9536,0.11599999999999999
9537,0.11599999999999999
9538,0.11599999999999999
9539,0.11599999999999999
9540,0.11599999999999999
9541,0.11599999999999999
9542,0.11599999999999999
9543,0.11599999999999999
9544,0.11599999999999999
9545,0.11599999999999999
9546,0.11599999999999999
9547,0.11599999999999999
9548,0.11599999999999999
9549,0.11599999999999999
9550,0.11599999999999999
9551,0.11599999999999999
9552,0.11599999999999999
9553,0.11599999999999999
9554,0.11599999999999999
9555,0.11599999999999999
9556,0.11599999999999999
9557,0.11599999999999999
9558,0.11599999999999999
9559,0.11599999999999999
9560,0.11599999999999999
9561,0.11599999999999999
9562,0.11599999999999999
9563,0.11599999999999999
9564,0.11599999999999999
9565,0.11599999999999999
9566,0.11599999999999999
9567,0.11599999999999999
9568,0.11599999999999999
9569,0.11599999999999999
9570,0.11599999999999999
9571,0.11599999999999999
9572,0.11599999999999999
9573,0.11599999999999999
9574,0.11599999999999999
9575,0.11599999999999999
9576,0.11599999999999999
9577,0.11599999999999999
9578,0.11599999999999999
9579,0.11599999999999999
9580,0.11599999999999999
9581,0.11599999999999999
9582,0.11599999999999999
9583,0.11599999999999999
9584,0.11599999999999999
9585,0.11599999999999999
9586,0.11599999999999999
9587,0.11599999999999999
9588,0.11599999999999999
9589,0.11599999999999999
9590,0.11599999999999999
9591,0.11599999999999999
9592,0.11599999999999999
9593,0.11599999999999999
9594,0.11599999999999999
9595,0.11599999999999999
9596,0.11599999999999999
9597,0.11599999999999999
9598,0.11599999999999999
9599,0.11599999999999999
9600,0.11599999999999999
9601,0.11599999999999999
9602,0.11599999999999999
9603,0.11599999999999999
9604,0.11599999999999999
9605,0.11599999999999999
9606,0.11599999999999999
9607,0.11599999999999999
9608,0.11599999999999999
9609,0.11599999999999999
9610,0.11599999999999999
9611,0.11599999999999999
9612,0.11599999999999999
9613,0.11599999999999999
9614,0.11599999999999999
9615,0.11599999999999999
9616,0.11599999999999999
9617,0.11599999999999999
9618,0.11599999999999999
9619,0.11599999999999999
9620,0.11599999999999999
9621,0.11599999999999999
9622,0.11599999999999999
9623,0.11599999999999999
9624,0.11599999999999999
9625,0.11599999999999999
9626,0.11599999999999999
9627,0.11599999999999999
9628,0.11599999999999999
9629,0.11599999999999999
9630,0.11599999999999999
9631,0.11599999999999999
9632,0.11599999999999999
9633,0.11599999999999999
9634,0.11599999999999999
9635,0.11599999999999999
9636,0.11599999999999999
9637,0.11599999999999999
9638,0.11599999999999999
9639,0.11599999999999999
9640,0.11599999999999999
9641,0.11599999999999999
9642,0.11599999999999999
9643,0.11599999999999999
9644,0.11599999999999999
9645,0.11599999999999999
9646,0.11599999999999999
9647,0.11599999999999999
9648,0.11599999999999999
9649,0.11599999999999999
9650,0.11599999999999999
9651,0.11599999999999999
9652,0.11599999999999999
9653,0.11599999999999999
9654,0.11599999999999999
9655,0.11599999999999999
9656,0.11599999999999999
9657,0.11599999999999999
9658,0.11599999999999999
9659,0.11599999999999999
9660,0.11599999999999999
9661,0.11599999999999999
9662,0.11599999999999999
9663,0.11599999999999999
9664,0.11599999999999999
9665,0.11599999999999999
9666,0.11599999999999999
9667,0.11599999999999999
9668,0.11599999999999999
9669,0.11599999999999999
9670,0.11599999999999999
9671,0.11599999999999999
9672,0.11599999999999999
9673,0.11599999999999999
9674,0.11599999999999999
9675,0.11599999999999999
9676,0.11599999999999999
9677,0.11599999999999999
9678,0.11599999999999999
9679,0.11599999999999999
9680,0.11599999999999999
9681,0.11599999999999999
9682,0.11599999999999999
9683,0.11599999999999999
9684,0.11599999999999999
9685,0.11599999999999999
9686,0.11599999999999999
9687,0.11599999999999999
9688,0.11599999999999999
9689,0.11599999999999999
9690,0.11599999999999999
9691,0.11599999999999999
9692,0.11599999999999999
9693,0.11599999999999999
9694,0.11599999999999999
9695,0.11599999999999999
9696,0.11599999999999999
9697,0.11599999999999999
9698,0.11599999999999999
9699,0.11599999999999999
9700,0.11599999999999999
9701,0.11599999999999999
9702,0.11599999999999999
9703,0.11599999999999999
9704,0.11599999999999999
9705,0.11599999999999999
9706,0.11599999999999999
9707,0.11599999999999999
9708,0.11599999999999999
9709,0.11599999999999999
9710,0.11599999999999999
9711,0.11599999999999999
9712,0.11599999999999999
9713,0.11599999999999999
9714,0.11599999999999999
9715,0.11599999999999999
9716,0.11599999999999999
9717,0.11599999999999999
9718,0.11599999999999999
9719,0.11599999999999999
9720,0.11599999999999999
9721,0.11599999999999999
9722,0.11599999999999999
9723,0.11599999999999999
9724,0.11599999999999999
9725,0.11599999999999999
9726,0.11599999999999999
9727,0.11599999999999999
9728,0.11599999999999999
9729,0.11599999999999999
9730,0.11599999999999999
9731,0.11599999999999999
9732,0.11599999999999999
9733,0.11599999999999999
9734,0.11599999999999999
9735,0.11599999999999999
9736,0.11599999999999999
9737,0.11599999999999999
9738,0.11599999999999999
9739,0.11599999999999999
9740,0.11599999999999999
9741,0.11599999999999999
9742,0.11599999999999999
9743,0.11599999999999999
9744,0.11599999999999999
9745,0.11599999999999999
9746,0.11599999999999999
9747,0.11599999999999999
9748,0.11599999999999999
9749,0.11599999999999999
9750,0.11599999999999999
9751,0.11599999999999999
9752,0.11599999999999999
9753,0.11599999999999999
9754,0.11599999999999999
9755,0.11599999999999999
9756,0.11599999999999999
9757,0.11599999999999999
9758,0.11599999999999999
9759,0.11599999999999999
9760,0.11599999999999999
9761,0.11599999999999999
9762,0.11599999999999999
9763,0.11599999999999999
9764,0.11599999999999999
9765,0.11599999999999999
9766,0.11599999999999999
9767,0.11599999999999999
9768,0.11599999999999999
9769,0.11599999999999999
9770,0.11599999999999999
9771,0.11599999999999999
9772,0.11599999999999999
9773,0.11599999999999999
9774,0.11599999999999999
9775,0.11599999999999999
9776,0.11599999999999999
9777,0.11599999999999999
9778,0.11599999999999999
9779,0.11599999999999999
9780,0.11599999999999999
9781,0.11599999999999999
9782,0.11599999999999999
9783,0.11599999999999999
9784,0.11599999999999999
9785,0.11599999999999999
9786,0.11599999999999999
9787,0.11599999999999999
9788,0.11599999999999999
9789,0.11599999999999999
9790,0.11599999999999999
9791,0.11599999999999999
9792,0.11599999999999999
9793,0.11599999999999999
9794,0.11599999999999999
9795,0.11599999999999999
9796,0.11599999999999999
9797,0.11599999999999999
9798,0.11599999999999999
9799,0.11599999999999999
9800,0.11599999999999999
9801,0.11599999999999999
9802,0.11599999999999999
9803,0.11599999999999999
9804,0.11599999999999999
9805,0.11599999999999999
9806,0.11599999999999999
9807,0.11599999999999999
9808,0.11599999999999999
9809,0.11599999999999999
9810,0.11599999999999999
9811,0.11599999999999999
9812,0.11599999999999999
9813,0.11599999999999999
9814,0.11599999999999999
9815,0.11599999999999999
9816,0.11599999999999999
9817,0.11599999999999999
9818,0.11599999999999999
9819,0.11599999999999999
9820,0.11599999999999999
9821,0.11599999999999999
9822,0.11599999999999999
9823,0.11599999999999999
9824,0.11599999999999999
9825,0.11599999999999999
9826,0.11599999999999999
9827,0.11599999999999999
9828,0.11599999999999999
9829,0.11599999999999999
9830,0.11599999999999999
9831,0.11599999999999999
9832,0.11599999999999999
9833,0.11599999999999999
9834,0.11599999999999999
9835,0.11599999999999999
9836,0.11599999999999999
9837,0.11599999999999999
9838,0.11599999999999999
9839,0.11599999999999999
9840,0.11599999999999999
9841,0.11599999999999999
9842,0.11599999999999999
9843,0.11599999999999999
9844,0.11599999999999999
9845,0.11599999999999999
9846,0.11599999999999999
9847,0.11599999999999999
9848,0.11599999999999999
9849,0.11599999999999999
9850,0.11599999999999999
9851,0.11599999999999999
9852,0.11599999999999999
9853,0.11599999999999999
9854,0.11599999999999999
9855,0.11599999999999999
9856,0.11599999999999999
9857,0.11599999999999999
9858,0.11599999999999999
9859,0.11599999999999999
9860,0.11599999999999999
9861,0.11599999999999999
9862,0.11599999999999999
9863,0.11599999999999999
9864,0.11599999999999999
9865,0.11599999999999999
9866,0.11599999999999999
9867,0.11599999999999999
9868,0.11599999999999999
9869,0.11599999999999999
9870,0.11599999999999999
9871,0.11599999999999999
9872,0.11599999999999999
9873,0.11599999999999999
9874,0.11599999999999999
9875,0.11599999999999999
9876,0.11599999999999999
9877,0.11599999999999999
9878,0.11599999999999999
9879,0.11599999999999999
9880,0.11599999999999999
9881,0.11599999999999999
9882,0.11599999999999999
9883,0.11599999999999999
9884,0.11599999999999999
9885,0.11599999999999999
9886,0.11599999999999999
9887,0.11599999999999999
9888,0.11599999999999999
9889,0.11599999999999999
9890,0.11599999999999999
9891,0.11599999999999999
9892,0.11599999999999999
9893,0.11599999999999999
9894,0.11599999999999999
9895,0.11599999999999999
9896,0.11599999999999999
9897,0.11599999999999999
9898,0.11599999999999999
9899,0.11599999999999999
9900,0.11599999999999999
9901,0.11599999999999999
9902,0.11599999999999999
9903,0.11599999999999999
9904,0.11599999999999999
9905,0.11599999999999999
9906,0.11599999999999999
9907,0.11599999999999999
9908,0.11599999999999999
9909,0.11599999999999999
9910,0.11599999999999999
9911,0.11599999999999999
9912,0.11599999999999999
9913,0.11599999999999999
9914,0.11599999999999999
9915,0.11599999999999999
9916,0.11599999999999999
9917,0.11599999999999999
9918,0.11599999999999999
9919,0.11599999999999999
9920,0.11599999999999999
9921,0.11599999999999999
9922,0.11599999999999999
9923,0.11599999999999999
9924,0.11599999999999999
9925,0.11599999999999999
9926,0.11599999999999999
9927,0.11599999999999999
9928,0.11599999999999999
9929,0.11599999999999999
9930,0.11599999999999999
9931,0.11599999999999999
9932,0.11599999999999999
9933,0.11599999999999999
9934,0.11599999999999999
9935,0.11599999999999999
9936,0.11599999999999999
9937,0.11599999999999999
9938,0.11599999999999999
9939,0.11599999999999999
9940,0.11599999999999999
9941,0.11599999999999999
9942,0.11599999999999999
9943,0.11599999999999999
9944,0.11599999999999999
9945,0.11599999999999999
9946,0.11599999999999999
9947,0.11599999999999999
9948,0.11599999999999999
9949,0.11599999999999999
9950,0.11599999999999999
9951,0.11599999999999999
9952,0.11599999999999999
9953,0.11599999999999999
9954,0.11599999999999999
9955,0.11599999999999999
9956,0.11599999999999999
9957,0.11599999999999999
9958,0.11599999999999999
9959,0.11599999999999999
9960,0.11599999999999999
9961,0.11599999999999999
9962,0.11599999999999999
9963,0.11599999999999999
9964,0.11599999999999999
9965,0.11599999999999999
9966,0.11599999999999999
9967,0.11599999999999999
9968,0.11599999999999999
9969,0.11599999999999999
9970,0.11599999999999999
9971,0.11599999999999999
9972,0.11599999999999999
9973,0.11599999999999999
9974,0.11599999999999999
9975,0.11599999999999999
9976,0.11599999999999999
9977,0.11599999999999999
9978,0.11599999999999999
9979,0.11599999999999999
9980,0.11599999999999999
9981,0.11599999999999999
9982,0.11599999999999999
9983,0.11599999999999999
9984,0.11599999999999999
9985,0.11599999999999999
9986,0.11599999999999999
9987,0.11599999999999999
9988,0.11599999999999999
9989,0.11599999999999999
9990,0.11599999999999999
9991,0.11599999999999999
9992,0.11599999999999999
9993,0.11599999999999999
9994,0.11599999999999999
9995,0.11599999999999999
9996,0.11599999999999999
9997,0.11599999999999999
9998,0.11599999999999999
9999,0.11599999999999999
10000,0.11599999999999999
10001,0.11599999999999999
10002,0.11599999999999999
10003,0.11599999999999999
10004,0.11599999999999999
10005,0.11599999999999999
10006,0.11599999999999999
10007,0.11599999999999999
10008,0.11599999999999999
10009,0.11599999999999999
10010,0.11599999999999999
10011,0.11599999999999999
10012,0.11599999999999999
10013,0.11599999999999999
10014,0.11599999999999999
10015,0.11599999999999999
10016,0.11599999999999999
10017,0.11599999999999999
10018,0.11599999999999999
10019,0.11599999999999999
10020,0.11599999999999999
10021,0.11599999999999999
10022,0.11599999999999999
10023,0.11599999999999999
10024,0.11599999999999999
10025,0.11599999999999999
10026,0.11599999999999999
10027,0.11599999999999999
10028,0.11599999999999999
10029,0.11599999999999999
10030,0.11599999999999999
10031,0.11599999999999999
10032,0.11599999999999999
10033,0.11599999999999999
10034,0.11599999999999999
10035,0.11599999999999999
10036,0.11599999999999999
10037,0.11599999999999999
10038,0.11599999999999999
10039,0.11599999999999999
10040,0.11599999999999999
10041,0.11599999999999999
10042,0.11599999999999999
10043,0.11599999999999999
10044,0.11599999999999999
10045,0.11599999999999999
10046,0.11599999999999999
10047,0.11599999999999999
10048,0.11599999999999999
10049,0.11599999999999999
10050,0.11599999999999999
10051,0.11599999999999999
10052,0.11599999999999999
10053,0.11599999999999999
10054,0.11599999999999999
10055,0.11599999999999999
10056,0.11599999999999999
10057,0.11599999999999999
10058,0.11599999999999999
10059,0.11599999999999999
10060,0.11599999999999999
10061,0.11599999999999999
10062,0.11599999999999999
10063,0.11599999999999999
10064,0.11599999999999999
10065,0.11599999999999999
10066,0.11599999999999999
10067,0.11599999999999999
10068,0.11599999999999999
10069,0.11599999999999999
10070,0.11599999999999999
10071,0.11599999999999999
10072,0.11599999999999999
10073,0.11599999999999999
10074,0.11599999999999999
10075,0.11599999999999999
10076,0.11599999999999999
10077,0.11599999999999999
10078,0.11599999999999999
10079,0.11599999999999999
10080,0.11599999999999999
10081,0.11599999999999999
10082,0.11599999999999999
10083,0.11599999999999999
10084,0.11599999999999999
10085,0.11599999999999999
10086,0.11599999999999999
10087,0.11599999999999999
10088,0.11599999999999999
10089,0.11599999999999999
10090,0.11599999999999999
10091,0.11599999999999999
10092,0.11599999999999999
10093,0.11599999999999999
10094,0.11599999999999999
10095,0.11599999999999999
10096,0.11599999999999999
10097,0.11599999999999999
10098,0.11599999999999999
10099,0.11599999999999999
10100,0.11599999999999999
10101,0.11599999999999999
10102,0.11599999999999999
10103,0.11599999999999999
10104,0.11599999999999999
10105,0.11599999999999999
10106,0.11599999999999999
10107,0.11599999999999999
10108,0.11599999999999999
10109,0.11599999999999999
10110,0.11599999999999999
10111,0.11599999999999999
10112,0.11599999999999999
10113,0.11599999999999999
10114,0.11599999999999999
10115,0.11599999999999999
10116,0.11599999999999999
10117,0.11599999999999999
10118,0.11599999999999999
10119,0.11599999999999999
10120,0.11599999999999999
10121,0.11599999999999999
10122,0.11599999999999999
10123,0.11599999999999999
10124,0.11599999999999999
10125,0.11599999999999999
10126,0.11599999999999999
10127,0.11599999999999999
10128,0.11599999999999999
10129,0.11599999999999999
10130,0.11599999999999999
10131,0.11599999999999999
10132,0.11599999999999999
10133,0.11599999999999999
10134,0.11599999999999999
10135,0.11599999999999999
10136,0.11599999999999999
10137,0.11599999999999999
10138,0.11599999999999999
10139,0.11599999999999999
10140,0.11599999999999999
10141,0.11599999999999999
10142,0.11599999999999999
10143,0.11599999999999999
10144,0.11599999999999999
10145,0.11599999999999999
10146,0.11599999999999999
10147,0.11599999999999999
10148,0.11599999999999999
10149,0.11599999999999999
10150,0.11599999999999999
10151,0.11599999999999999
10152,0.11599999999999999
10153,0.11599999999999999
10154,0.11599999999999999
10155,0.11599999999999999
10156,0.11599999999999999
10157,0.11599999999999999
10158,0.11599999999999999
10159,0.11599999999999999
10160,0.11599999999999999
10161,0.11599999999999999
10162,0.11599999999999999
10163,0.11599999999999999
10164,0.11599999999999999
10165,0.11599999999999999
10166,0.11599999999999999
10167,0.11599999999999999
10168,0.11599999999999999
10169,0.11599999999999999
10170,0.11599999999999999
10171,0.11599999999999999
10172,0.11599999999999999
10173,0.11599999999999999
10174,0.11599999999999999
10175,0.11599999999999999
10176,0.11599999999999999
10177,0.11599999999999999
10178,0.11599999999999999
10179,0.11599999999999999
10180,0.11599999999999999
10181,0.11599999999999999
10182,0.11599999999999999
10183,0.11599999999999999
10184,0.11599999999999999
10185,0.11599999999999999
10186,0.11599999999999999
10187,0.11599999999999999
10188,0.11599999999999999
10189,0.11599999999999999
10190,0.11599999999999999
10191,0.11599999999999999
10192,0.11599999999999999
10193,0.11599999999999999
10194,0.11599999999999999
10195,0.11599999999999999
10196,0.11599999999999999
10197,0.11599999999999999
10198,0.11599999999999999
10199,0.11599999999999999
10200,0.11599999999999999
10201,0.11599999999999999
10202,0.11599999999999999
10203,0.11599999999999999
10204,0.11599999999999999
10205,0.11599999999999999
10206,0.11599999999999999
10207,0.11599999999999999
10208,0.11599999999999999
10209,0.11599999999999999
10210,0.11599999999999999
10211,0.11599999999999999
10212,0.11599999999999999
10213,0.11599999999999999
10214,0.11599999999999999
10215,0.11599999999999999
10216,0.11599999999999999
10217,0.11599999999999999
10218,0.11599999999999999
10219,0.11599999999999999
10220,0.11599999999999999
10221,0.11599999999999999
10222,0.11599999999999999
10223,0.11599999999999999
10224,0.11599999999999999
10225,0.11599999999999999
10226,0.11599999999999999
10227,0.11599999999999999
10228,0.11599999999999999
10229,0.11599999999999999
10230,0.11599999999999999
10231,0.11599999999999999
10232,0.11599999999999999
10233,0.11599999999999999
10234,0.11599999999999999
10235,0.11599999999999999
10236,0.11599999999999999
10237,0.11599999999999999
10238,0.11599999999999999
10239,0.11599999999999999
10240,0.11599999999999999
10241,0.11599999999999999
10242,0.11599999999999999
10243,0.11599999999999999
10244,0.11599999999999999
10245,0.11599999999999999
10246,0.11599999999999999
10247,0.11599999999999999
10248,0.11599999999999999
10249,0.11599999999999999
10250,0.11599999999999999
10251,0.11599999999999999
10252,0.11599999999999999
10253,0.11599999999999999
10254,0.11599999999999999
10255,0.11599999999999999
10256,0.11599999999999999
10257,0.11599999999999999
10258,0.11599999999999999
10259,0.11599999999999999
10260,0.11599999999999999
10261,0.11599999999999999
10262,0.11599999999999999
10263,0.11599999999999999
10264,0.11599999999999999
10265,0.11599999999999999
10266,0.11599999999999999
10267,0.11599999999999999
10268,0.11599999999999999
10269,0.11599999999999999
10270,0.11599999999999999
10271,0.11599999999999999
10272,0.11599999999999999
10273,0.11599999999999999
10274,0.11599999999999999
10275,0.11599999999999999
10276,0.11599999999999999
10277,0.11599999999999999
10278,0.11599999999999999
10279,0.11599999999999999
10280,0.11599999999999999
10281,0.11599999999999999
10282,0.11599999999999999
10283,0.11599999999999999
10284,0.11599999999999999
10285,0.11599999999999999
10286,0.11599999999999999
10287,0.11599999999999999
10288,0.11599999999999999
10289,0.11599999999999999
10290,0.11599999999999999
10291,0.11599999999999999
10292,0.11599999999999999
10293,0.11599999999999999
10294,0.11599999999999999
10295,0.11599999999999999
10296,0.11599999999999999
10297,0.11599999999999999
10298,0.11599999999999999
10299,0.11599999999999999
10300,0.11599999999999999
10301,0.11599999999999999
10302,0.11599999999999999
10303,0.11599999999999999
10304,0.11599999999999999
10305,0.11599999999999999
10306,0.11599999999999999
10307,0.11599999999999999
10308,0.11599999999999999
10309,0.11599999999999999
10310,0.11599999999999999
10311,0.11599999999999999
10312,0.11599999999999999
10313,0.11599999999999999
10314,0.11599999999999999
10315,0.11599999999999999
10316,0.11599999999999999
10317,0.11599999999999999
10318,0.11599999999999999
10319,0.11599999999999999
10320,0.11599999999999999
10321,0.11599999999999999
10322,0.11599999999999999
10323,0.11599999999999999
10324,0.11599999999999999
10325,0.11599999999999999
10326,0.11599999999999999
10327,0.11599999999999999
10328,0.11599999999999999
10329,0.11599999999999999
10330,0.11599999999999999
10331,0.11599999999999999
10332,0.11599999999999999
10333,0.11599999999999999
10334,0.11599999999999999
10335,0.11599999999999999
10336,0.11599999999999999
10337,0.11599999999999999
10338,0.11599999999999999
10339,0.11599999999999999
10340,0.11599999999999999
10341,0.11599999999999999
10342,0.11599999999999999
10343,0.11599999999999999
10344,0.11599999999999999
10345,0.11599999999999999
10346,0.11599999999999999
10347,0.11599999999999999
10348,0.11599999999999999
10349,0.11599999999999999
10350,0.11599999999999999
10351,0.11599999999999999
10352,0.11599999999999999
10353,0.11599999999999999
10354,0.11599999999999999
10355,0.11599999999999999
10356,0.11599999999999999
10357,0.11599999999999999
10358,0.11599999999999999
10359,0.11599999999999999
10360,0.11599999999999999
10361,0.11599999999999999
10362,0.11599999999999999
10363,0.11599999999999999
10364,0.11599999999999999
10365,0.11599999999999999
10366,0.11599999999999999
10367,0.11599999999999999
10368,0.11599999999999999
10369,0.11599999999999999
10370,0.11599999999999999
10371,0.11599999999999999
10372,0.11599999999999999
10373,0.11599999999999999
10374,0.11599999999999999
10375,0.11599999999999999
10376,0.11599999999999999
10377,0.11599999999999999
10378,0.11599999999999999
10379,0.11599999999999999
10380,0.11599999999999999
10381,0.11599999999999999
10382,0.11599999999999999
10383,0.11599999999999999
10384,0.11599999999999999
10385,0.11599999999999999
10386,0.11599999999999999
10387,0.11599999999999999
10388,0.11599999999999999
10389,0.11599999999999999
10390,0.11599999999999999
10391,0.11599999999999999
10392,0.11599999999999999
10393,0.11599999999999999
10394,0.11599999999999999
10395,0.11599999999999999
10396,0.11599999999999999
10397,0.11599999999999999
10398,0.11599999999999999
10399,0.11599999999999999
10400,0.11599999999999999
10401,0.11599999999999999
10402,0.11599999999999999
10403,0.11599999999999999
10404,0.11599999999999999
10405,0.11599999999999999
10406,0.11599999999999999
10407,0.11599999999999999
10408,0.11599999999999999
10409,0.11599999999999999
10410,0.11599999999999999
10411,0.11599999999999999
10412,0.11599999999999999
10413,0.11599999999999999
10414,0.11599999999999999
10415,0.11599999999999999
10416,0.11599999999999999
10417,0.11599999999999999
10418,0.11599999999999999
10419,0.11599999999999999
10420,0.11599999999999999
10421,0.11599999999999999
10422,0.11599999999999999
10423,0.11599999999999999
10424,0.11599999999999999
10425,0.11599999999999999
10426,0.11599999999999999
10427,0.11599999999999999
10428,0.11599999999999999
10429,0.11599999999999999
10430,0.11599999999999999
10431,0.11599999999999999
10432,0.11599999999999999
10433,0.11599999999999999
10434,0.11599999999999999
10435,0.11599999999999999
10436,0.11599999999999999
10437,0.11599999999999999
10438,0.11599999999999999
10439,0.11599999999999999
10440,0.11599999999999999
10441,0.11599999999999999
10442,0.11599999999999999
10443,0.11599999999999999
10444,0.11599999999999999
10445,0.11599999999999999
10446,0.11599999999999999
10447,0.11599999999999999
10448,0.11599999999999999
10449,0.11599999999999999
10450,0.11599999999999999
10451,0.11599999999999999
10452,0.11599999999999999
10453,0.11599999999999999
10454,0.11599999999999999
10455,0.11599999999999999
10456,0.11599999999999999
10457,0.11599999999999999
10458,0.11599999999999999
10459,0.11599999999999999
10460,0.11599999999999999
10461,0.11599999999999999
10462,0.11599999999999999
10463,0.11599999999999999
10464,0.11599999999999999
10465,0.11599999999999999
10466,0.11599999999999999
10467,0.11599999999999999
10468,0.11599999999999999
10469,0.11599999999999999
10470,0.11599999999999999
10471,0.11599999999999999
10472,0.11599999999999999
10473,0.11599999999999999
10474,0.11599999999999999
10475,0.11599999999999999
10476,0.11599999999999999
10477,0.11599999999999999
10478,0.11599999999999999
10479,0.11599999999999999
10480,0.11599999999999999
10481,0.11599999999999999
10482,0.11599999999999999
10483,0.11599999999999999
10484,0.11599999999999999
10485,0.11599999999999999
10486,0.11599999999999999
10487,0.11599999999999999
10488,0.11599999999999999
10489,0.11599999999999999
10490,0.11599999999999999
10491,0.11599999999999999
10492,0.11599999999999999
10493,0.11599999999999999
10494,0.11599999999999999
10495,0.11599999999999999
10496,0.11599999999999999
10497,0.11599999999999999
10498,0.11599999999999999
10499,0.11599999999999999
10500,0.11599999999999999
10501,0.11599999999999999
10502,0.11599999999999999
10503,0.11599999999999999
10504,0.11599999999999999
10505,0.11599999999999999
10506,0.11599999999999999
10507,0.11599999999999999
10508,0.11599999999999999
10509,0.11599999999999999
10510,0.11599999999999999
10511,0.11599999999999999
10512,0.11599999999999999
10513,0.11599999999999999
10514,0.11599999999999999
10515,0.11599999999999999
10516,0.11599999999999999
10517,0.11599999999999999
10518,0.11599999999999999
10519,0.11599999999999999
10520,0.11599999999999999
10521,0.11599999999999999
10522,0.11599999999999999
10523,0.11599999999999999
10524,0.11599999999999999
10525,0.11599999999999999
10526,0.11599999999999999
10527,0.11599999999999999
10528,0.11599999999999999
10529,0.11599999999999999
10530,0.11599999999999999
10531,0.11599999999999999
10532,0.11599999999999999
10533,0.11599999999999999
10534,0.11599999999999999
10535,0.11599999999999999
10536,0.11599999999999999
10537,0.11599999999999999
10538,0.11599999999999999
10539,0.11599999999999999
10540,0.11599999999999999
10541,0.11599999999999999
10542,0.11599999999999999
10543,0.11599999999999999
10544,0.11599999999999999
10545,0.11599999999999999
10546,0.11599999999999999
10547,0.11599999999999999
10548,0.11599999999999999
10549,0.11599999999999999
10550,0.11599999999999999
10551,0.11599999999999999
10552,0.11599999999999999
10553,0.11599999999999999
10554,0.11599999999999999
10555,0.11599999999999999
10556,0.11599999999999999
10557,0.11599999999999999
10558,0.11599999999999999
10559,0.11599999999999999
10560,0.11599999999999999
10561,0.11599999999999999
10562,0.11599999999999999
10563,0.11599999999999999
10564,0.11599999999999999
10565,0.11599999999999999
10566,0.11599999999999999
10567,0.11599999999999999
10568,0.11599999999999999
10569,0.11599999999999999
10570,0.11599999999999999
10571,0.11599999999999999
10572,0.11599999999999999
10573,0.11599999999999999
10574,0.11599999999999999
10575,0.11599999999999999
10576,0.11599999999999999
10577,0.11599999999999999
10578,0.11599999999999999
10579,0.11599999999999999
10580,0.11599999999999999
10581,0.11599999999999999
10582,0.11599999999999999
10583,0.11599999999999999
10584,0.11599999999999999
10585,0.11599999999999999
10586,0.11599999999999999
10587,0.11599999999999999
10588,0.11599999999999999
10589,0.11599999999999999
10590,0.11599999999999999
10591,0.11599999999999999
10592,0.11599999999999999
10593,0.11599999999999999
10594,0.11599999999999999
10595,0.11599999999999999
10596,0.11599999999999999
10597,0.11599999999999999
10598,0.11599999999999999
10599,0.11599999999999999
10600,0.11599999999999999
10601,0.11599999999999999
10602,0.11599999999999999
10603,0.11599999999999999
10604,0.11599999999999999
10605,0.11599999999999999
10606,0.11599999999999999
10607,0.11599999999999999
10608,0.11599999999999999
10609,0.11599999999999999
10610,0.11599999999999999
10611,0.11599999999999999
10612,0.11599999999999999
10613,0.11599999999999999
10614,0.11599999999999999
10615,0.11599999999999999
10616,0.11599999999999999
10617,0.11599999999999999
10618,0.11599999999999999
10619,0.11599999999999999
10620,0.11599999999999999
10621,0.11599999999999999
10622,0.11599999999999999
10623,0.11599999999999999
10624,0.11599999999999999
10625,0.11599999999999999
10626,0.11599999999999999
10627,0.11599999999999999
10628,0.11599999999999999
10629,0.11599999999999999
10630,0.11599999999999999
10631,0.11599999999999999
10632,0.11599999999999999
10633,0.11599999999999999
10634,0.11599999999999999
10635,0.11599999999999999
10636,0.11599999999999999
10637,0.11599999999999999
10638,0.11599999999999999
10639,0.11599999999999999
10640,0.11599999999999999
10641,0.11599999999999999
10642,0.11599999999999999
10643,0.11599999999999999
10644,0.11599999999999999
10645,0.11599999999999999
10646,0.11599999999999999
10647,0.11599999999999999
10648,0.11599999999999999
10649,0.11599999999999999
10650,0.11599999999999999
10651,0.11599999999999999
10652,0.11599999999999999
10653,0.11599999999999999
10654,0.11599999999999999
10655,0.11599999999999999
10656,0.11599999999999999
10657,0.11599999999999999
10658,0.11599999999999999
10659,0.11599999999999999
10660,0.11599999999999999
10661,0.11599999999999999
10662,0.11599999999999999
10663,0.11599999999999999
10664,0.11599999999999999
10665,0.11599999999999999
10666,0.11599999999999999
10667,0.11599999999999999
10668,0.11599999999999999
10669,0.11599999999999999
10670,0.11599999999999999
10671,0.11599999999999999
10672,0.11599999999999999
10673,0.11599999999999999
10674,0.11599999999999999
10675,0.11599999999999999
10676,0.11599999999999999
10677,0.11599999999999999
10678,0.11599999999999999
10679,0.11599999999999999
10680,0.11599999999999999
10681,0.11599999999999999
10682,0.11599999999999999
10683,0.11599999999999999
10684,0.11599999999999999
10685,0.11599999999999999
10686,0.11599999999999999
10687,0.11599999999999999
10688,0.11599999999999999
10689,0.11599999999999999
10690,0.11599999999999999
10691,0.11599999999999999
10692,0.11599999999999999
10693,0.11599999999999999
10694,0.11599999999999999
10695,0.11599999999999999
10696,0.11599999999999999
10697,0.11599999999999999
10698,0.11599999999999999
10699,0.11599999999999999
10700,0.11599999999999999
10701,0.11599999999999999
10702,0.11599999999999999
10703,0.11599999999999999
10704,0.11599999999999999
10705,0.11599999999999999
10706,0.11599999999999999
10707,0.11599999999999999
10708,0.11599999999999999
10709,0.11599999999999999
10710,0.11599999999999999
10711,0.11599999999999999
10712,0.11599999999999999
10713,0.11599999999999999
10714,0.11599999999999999
10715,0.11599999999999999
10716,0.11599999999999999
10717,0.11599999999999999
10718,0.11599999999999999
10719,0.11599999999999999
10720,0.11599999999999999
10721,0.11599999999999999
10722,0.11599999999999999
10723,0.11599999999999999
10724,0.11599999999999999
10725,0.11599999999999999
10726,0.11599999999999999
10727,0.11599999999999999
10728,0.11599999999999999
10729,0.11599999999999999
10730,0.11599999999999999
10731,0.11599999999999999
10732,0.11599999999999999
10733,0.11599999999999999
10734,0.11599999999999999
10735,0.11599999999999999
10736,0.11599999999999999
10737,0.11599999999999999
10738,0.11599999999999999
10739,0.11599999999999999
10740,0.11599999999999999
10741,0.11599999999999999
10742,0.11599999999999999
10743,0.11599999999999999
10744,0.11599999999999999
10745,0.11599999999999999
10746,0.11599999999999999
10747,0.11599999999999999
10748,0.11599999999999999
10749,0.11599999999999999
10750,0.11599999999999999
10751,0.11599999999999999
10752,0.11599999999999999
10753,0.11599999999999999
10754,0.11599999999999999
10755,0.11599999999999999
10756,0.11599999999999999
10757,0.11599999999999999
10758,0.11599999999999999
10759,0.11599999999999999
10760,0.11599999999999999
10761,0.11599999999999999
10762,0.11599999999999999
10763,0.11599999999999999
10764,0.11599999999999999
10765,0.11599999999999999
10766,0.11599999999999999
10767,0.11599999999999999
10768,0.11599999999999999
10769,0.11599999999999999
10770,0.11599999999999999
10771,0.11599999999999999
10772,0.11599999999999999
10773,0.11599999999999999
10774,0.11599999999999999
10775,0.11599999999999999
10776,0.11599999999999999
10777,0.11599999999999999
10778,0.11599999999999999
10779,0.11599999999999999
10780,0.11599999999999999
10781,0.11599999999999999
10782,0.11599999999999999
10783,0.11599999999999999
10784,0.11599999999999999
10785,0.11599999999999999
10786,0.11599999999999999
10787,0.11599999999999999
10788,0.11599999999999999
10789,0.11599999999999999
10790,0.11599999999999999
10791,0.11599999999999999
10792,0.11599999999999999
10793,0.11599999999999999
10794,0.11599999999999999
10795,0.11599999999999999
10796,0.11599999999999999
10797,0.11599999999999999
10798,0.11599999999999999
10799,0.11599999999999999
10800,0.11599999999999999
0,0.14625
1,0.14625
2,0.144625
3,0.143
4,0.141375
5,0.13974999999999999
6,0.138125
7,0.1365
8,0.134875
9,0.13325
10,0.131625
11,0.13
12,0.13
13,0.13
14,0.13
15,0.13
16,0.13
17,0.13
18,0.13
19,0.13
20,0.13
21,0.13
22,0.13
23,0.13
24,0.13
25,0.13
26,0.13
27,0.13
28,0.13
29,0.13
30,0.13
31,0.13
32,0.13
33,0.13
34,0.13
35,0.13
36,0.13
37,0.13
38,0.13
39,0.13
40,0.13
41,0.13
42,0.13
43,0.13
44,0.13
45,0.13
46,0.13
47,0.13
48,0.13
49,0.13
50,0.13
51,0.13
52,0.13
53,0.13
54,0.13
55,0.13
56,0.13
57,0.13
58,0.13
59,0.13
60,0.13
61,0.13
62,0.13
63,0.13
64,0.13
65,0.13
66,0.13
67,0.13
68,0.13
69,0.13
70,0.13
71,0.13
72,0.13
73,0.13
74,0.13
75,0.13
76,0.13
77,0.13
78,0.13
79,0.13
80,0.13
81,0.13
82,0.13
83,0.13
84,0.13
85,0.13
86,0.13
87,0.13
88,0.13
89,0.13
90,0.13
91,0.13
92,0.13
93,0.13
94,0.13
95,0.13
96,0.13
97,0.13
98,0.13
99,0.13
100,0.13
101,0.13
102,0.13
103,0.13
104,0.13
105,0.13
106,0.13
107,0.13
108,0.13
109,0.13
110,0.13
111,0.13
112,0.13
113,0.13
114,0.13
115,0.13
116,0.13
117,0.13
118,0.13
119,0.13
120,0.13
121,0.13
122,0.13
123,0.13
124,0.13
125,0.13
126,0.13
127,0.13
128,0.13
129,0.13
130,0.13
131,0.13
132,0.13
133,0.13
134,0.13
135,0.13
136,0.13
137,0.13
138,0.13
139,0.13
140,0.13
141,0.13
142,0.13
143,0.13
144,0.13
145,0.13
146,0.13
147,0.13
148,0.13
149,0.13
150,0.13
151,0.13
152,0.13
153,0.13
154,0.13
155,0.13
156,0.13
157,0.13
158,0.13
159,0.13
160,0.13
161,0.13
162,0.13
163,0.13
164,0.13
165,0.13
166,0.13
167,0.13
168,0.13
169,0.13
170,0.13
171,0.13
172,0.13
173,0.13
174,0.13
175,0.13
176,0.13
177,0.13
178,0.13
179,0.13
180,0.13
181,0.13
182,0.13
183,0.13
184,0.13
185,0.13
186,0.13
187,0.13
188,0.13
189,0.13
190,0.13
191,0.13
192,0.13
193,0.13
194,0.13
195,0.13
196,0.13
197,0.13
198,0.13
199,0.13
200,0.13
201,0.13
202,0.13
203,0.13
204,0.13
205,0.13
206,0.13
207,0.13
208,0.13
209,0.13
210,0.13
211,0.13
212,0.13
213,0.13
214,0.13
215,0.13
216,0.13
217,0.13
218,0.13
219,0.13
220,0.13
221,0.13
222,0.13
223,0.13
224,0.13
225,0.13
226,0.13
227,0.13
228,0.13
229,0.13
230,0.13
231,0.13
232,0.13
233,0.13
234,0.13
235,0.13
236,0.13
237,0.13
238,0.13
239,0.13
240,0.13
241,0.13
242,0.13
243,0.13
244,0.13
245,0.13
246,0.13
247,0.13
248,0.13
249,0.13
250,0.13
251,0.13
252,0.13
253,0.13
254,0.13
255,0.13
256,0.13
257,0.13
258,0.13
259,0.13
260,0.13
261,0.13
262,0.13
263,0.13
264,0.13
265,0.13
266,0.13
267,0.13
268,0.13
269,0.13
270,0.13
271,0.13
272,0.13
273,0.13
274,0.13
275,0.13
276,0.13
277,0.13
278,0.13
279,0.13
280,0.13
281,0.13
282,0.13
283,0.13
284,0.13
285,0.13
286,0.13
287,0.13
288,0.13
289,0.13
290,0.13
291,0.13
292,0.13
293,0.13
294,0.13
295,0.13
296,0.13
297,0.13
298,0.13
299,0.13
300,0.13
301,0.13
302,0.13
303,0.13
304,0.13
305,0.13
306,0.13
307,0.13
308,0.13
309,0.13
310,0.13
311,0.13
312,0.13
313,0.13
314,0.13
315,0.13
316,0.13
317,0.13
318,0.13
319,0.13
320,0.13
321,0.13
322,0.13
323,0.13
324,0.13
325,0.13
326,0.13
327,0.13
328,0.13
329,0.13
330,0.13
331,0.13
332,0.13
333,0.13
334,0.13
335,0.13
336,0.13
337,0.13
338,0.13
339,0.13
340,0.13
341,0.13
342,0.13
343,0.13
344,0.13
345,0.13
346,0.13
347,0.13
348,0.13
349,0.13
350,0.13
351,0.13
352,0.13
353,0.13
354,0.13
355,0.13
356,0.13
357,0.13
358,0.13
359,0.13
360,0.13
361,0.13
362,0.13
363,0.13
364,0.13
365,0.13
366,0.13
367,0.13
368,0.13
369,0.13
370,0.13
371,0.13
372,0.13
373,0.13
374,0.13
375,0.13
376,0.13
377,0.13
378,0.13
379,0.13
380,0.13
381,0.13
382,0.13
383,0.13
384,0.13
385,0.13
386,0.13
387,0.13
388,0.13
389,0.13
390,0.13
391,0.13
392,0.13
393,0.13
394,0.13
395,0.13
396,0.13
397,0.13
398,0.13
399,0.13
400,0.13
401,0.13
402,0.13
403,0.13
404,0.13
405,0.13
406,0.13
407,0.13
408,0.13
409,0.13
410,0.13
411,0.13
412,0.13
413,0.13
414,0.13
415,0.13
416,0.13
417,0.13
418,0.13
419,0.13
420,0.13
421,0.13
422,0.13
423,0.13
424,0.13
425,0.13
426,0.13
427,0.13
428,0.13
429,0.13
430,0.13
431,0.13
432,0.13
433,0.13
434,0.13
435,0.13
436,0.13
437,0.13
438,0.13
439,0.13
440,0.13
441,0.13
442,0.13
443,0.13
444,0.13
445,0.13
446,0.13
447,0.13
448,0.13
449,0.13
450,0.13
451,0.13
452,0.13
453,0.13
454,0.13
455,0.13
456,0.13
457,0.13
458,0.13
459,0.13
460,0.13
461,0.13
462,0.13
463,0.13
464,0.13
465,0.13
466,0.13
467,0.13
468,0.13
469,0.13
470,0.13
471,0.13
472,0.13
473,0.13
474,0.13
475,0.13
476,0.13
477,0.13
478,0.13
479,0.13
480,0.13
481,0.13
482,0.13
483,0.13
484,0.13
485,0.13
486,0.13
487,0.13
488,0.13
489,0.13
490,0.13
491,0.13
492,0.13
493,0.13
494,0.13
495,0.13
496,0.13
497,0.13
498,0.13
499,0.13
500,0.13
501,0.13
502,0.13
503,0.13
504,0.13
505,0.13
506,0.13
507,0.13
508,0.13
509,0.13
510,0.13
511,0.13
512,0.13
513,0.13
514,0.13
515,0.13
516,0.13
517,0.13
518,0.13
519,0.13
520,0.13
521,0.13
522,0.13
523,0.13
524,0.13
525,0.13
526,0.13
527,0.13
528,0.13
529,0.13
530,0.13
531,0.13
532,0.13
533,0.13
534,0.13
535,0.13
536,0.13
537,0.13
538,0.13
539,0.13
540,0.13
541,0.13
542,0.13
543,0.13
544,0.13
545,0.13
546,0.13
547,0.13
548,0.13
549,0.13
550,0.13
551,0.13
552,0.13
553,0.13
554,0.13
555,0.13
556,0.13
557,0.13
558,0.13
559,0.13
560,0.13
561,0.13
562,0.13
563,0.13
564,0.13
565,0.13
566,0.13
567,0.13
568,0.13
569,0.13
570,0.13
571,0.13
572,0.13
573,0.13
574,0.13
575,0.13
576,0.13
577,0.13
578,0.13
579,0.13
580,0.13
581,0.13
582,0.13
583,0.13
584,0.13
585,0.13
586,0.13
587,0.13
588,0.13
589,0.13
590,0.13
591,0.13
592,0.13
593,0.13
594,0.13
595,0.13
596,0.13
597,0.13
598,0.13
599,0.13
600,0.13
601,0.13
602,0.13
603,0.13
604,0.13
605,0.13
606,0.13
607,0.13
608,0.13
609,0.13
610,0.13
611,0.13
612,0.13
613,0.13
614,0.13
615,0.13
616,0.13
617,0.13
618,0.13
619,0.13
620,0.13
621,0.13
622,0.13
623,0.13
624,0.13
625,0.13
626,0.13
627,0.13
628,0.13
629,0.13
630,0.13
631,0.13
632,0.13
633,0.13
634,0.13
635,0.13
636,0.13
637,0.13
638,0.13
639,0.13
640,0.13
641,0.13
642,0.13
643,0.13
644,0.13
645,0.13
646,0.13
647,0.13
648,0.13
649,0.13
650,0.13
651,0.13
652,0.13
653,0.13
654,0.13
655,0.13
656,0.13
657,0.13
658,0.13
659,0.13
660,0.13
661,0.13
662,0.13
663,0.13
664,0.13
665,0.13
666,0.13
667,0.13
668,0.13
669,0.13
670,0.13
671,0.13
672,0.13
673,0.13
674,0.13
675,0.13
676,0.13
677,0.13
678,0.13
679,0.13
680,0.13
681,0.13
682,0.13
683,0.13
684,0.13
685,0.13
686,0.13
687,0.13
688,0.13
689,0.13
690,0.13
691,0.13
692,0.13
693,0.13
694,0.13
695,0.13
696,0.13
697,0.13
698,0.13
699,0.13
700,0.13
701,0.13
702,0.13
703,0.13
704,0.13
705,0.13
706,0.13
707,0.13
708,0.13
709,0.13
710,0.13
711,0.13
712,0.13
713,0.13
714,0.13
715,0.13
716,0.13
717,0.13
718,0.13
719,0.13
720,0.13
721,0.13
722,0.13
723,0.13
724,0.13
725,0.13
726,0.13
727,0.13
728,0.13
729,0.13
730,0.13
731,0.13
732,0.13
733,0.13
734,0.13
735,0.13
736,0.13
737,0.13
738,0.13
739,0.13
740,0.13
741,0.13
742,0.13
743,0.13
744,0.13
745,0.13
746,0.13
747,0.13
748,0.13
749,0.13
750,0.13
751,0.13
752,0.13
753,0.13
754,0.13
755,0.13
756,0.13
757,0.13
758,0.13
759,0.13
760,0.13
761,0.13
762,0.13
763,0.13
764,0.13
765,0.13
766,0.13
767,0.13
768,0.13
769,0.13
770,0.13
771,0.13
772,0.13
773,0.13
774,0.13
775,0.13
776,0.13
777,0.13
778,0.13
779,0.13
780,0.13
781,0.13
782,0.13
783,0.13
784,0.13
785,0.13
786,0.13
787,0.13
788,0.13
789,0.13
790,0.13
791,0.13
792,0.13
793,0.13
794,0.13
795,0.13
796,0.13
797,0.13
798,0.13
799,0.13
800,0.13
801,0.13
802,0.13
803,0.13
804,0.13
805,0.13
806,0.13
807,0.13
808,0.13
809,0.13
810,0.13
811,0.13
812,0.13
813,0.13
814,0.13
815,0.13
816,0.13
817,0.13
818,0.13
819,0.13
820,0.13
821,0.13
822,0.13
823,0.13
824,0.13
825,0.13
826,0.13
827,0.13
828,0.13
829,0.13
830,0.13
831,0.13
832,0.13
833,0.13
834,0.13
835,0.13
836,0.13
837,0.13
838,0.13
839,0.13
840,0.13
841,0.13
842,0.13
843,0.13
844,0.13
845,0.13
846,0.13
847,0.13
848,0.13
849,0.13
850,0.13
851,0.13
852,0.13
853,0.13
854,0.13
855,0.13
856,0.13
857,0.13
858,0.13
859,0.13
860,0.13
861,0.13
862,0.13
863,0.13
864,0.13
865,0.13
866,0.13
867,0.13
868,0.13
869,0.13
870,0.13
871,0.13
872,0.13
873,0.13
874,0.13
875,0.13
876,0.13
877,0.13
878,0.13
879,0.13
880,0.13
881,0.13
882,0.13
883,0.13
884,0.13
885,0.13
886,0.13
887,0.13
888,0.13
889,0.13
890,0.13
891,0.13
892,0.13
893,0.13
894,0.13
895,0.13
896,0.13
897,0.13
898,0.13
899,0.13
900,0.13
901,0.13
902,0.13
903,0.13
904,0.13
905,0.13
906,0.13
907,0.13
908,0.13
909,0.13
910,0.13
911,0.13
912,0.13
913,0.13
914,0.13
915,0.13
916,0.13
917,0.13
918,0.13
919,0.13
920,0.13
921,0.13
922,0.13
923,0.13
924,0.13
925,0.13
926,0.13
927,0.13
928,0.13
929,0.13
930,0.13
931,0.13
932,0.13
933,0.13
934,0.13
935,0.13
936,0.13
937,0.13
938,0.13
939,0.13
940,0.13
941,0.13
942,0.13
943,0.13
944,0.13
945,0.13
946,0.13
947,0.13
948,0.13
949,0.13
950,0.13
951,0.13
952,0.13
953,0.13
954,0.13
955,0.13
956,0.13
957,0.13
958,0.13
959,0.13
960,0.13
961,0.13
962,0.13
963,0.13
964,0.13
965,0.13
966,0.13
967,0.13
968,0.13
969,0.13
970,0.13
971,0.13
972,0.13
973,0.13
974,0.13
975,0.13
976,0.13
977,0.13
978,0.13
979,0.13
980,0.13
981,0.13
982,0.13
983,0.13
984,0.13
985,0.13
986,0.13
987,0.13
988,0.13
989,0.13
990,0.13
991,0.13
992,0.13
993,0.13
994,0.13
995,0.13
996,0.13
997,0.13
998,0.13
999,0.13
1000,0.13
1001,0.13
1002,0.13
1003,0.13
1004,0.13
1005,0.13
1006,0.13
1007,0.13
1008,0.13
1009,0.13
1010,0.13
1011,0.13
1012,0.13
1013,0.13
1014,0.13
1015,0.13
1016,0.13
1017,0.13
1018,0.13
1019,0.13
1020,0.13
1021,0.13
1022,0.13
1023,0.13
1024,0.13
1025,0.13
1026,0.13
1027,0.13
1028,0.13
1029,0.13
1030,0.13
1031,0.13
1032,0.13
1033,0.13
1034,0.13
1035,0.13
1036,0.13
1037,0.13
1038,0.13
1039,0.13
1040,0.13
1041,0.13
1042,0.13
1043,0.13
1044,0.13
1045,0.13
1046,0.13
1047,0.13
1048,0.13
1049,0.13
1050,0.13
1051,0.13
1052,0.13
1053,0.13
1054,0.13
1055,0.13
1056,0.13
1057,0.13
1058,0.13
1059,0.13
1060,0.13
1061,0.13
1062,0.13
1063,0.13
1064,0.13
1065,0.13
1066,0.13
1067,0.13
1068,0.13
1069,0.13
1070,0.13
1071,0.13
1072,0.13
1073,0.13
1074,0.13
1075,0.13
1076,0.13
1077,0.13
1078,0.13
1079,0.13
1080,0.13
1081,0.13
1082,0.13
1083,0.13
1084,0.13
1085,0.13
1086,0.13
1087,0.13
1088,0.13
1089,0.13
1090,0.13
1091,0.13
1092,0.13
1093,0.13
1094,0.13
1095,0.13
1096,0.13
1097,0.13
1098,0.13
1099,0.13
1100,0.13
1101,0.13
1102,0.13
1103,0.13
1104,0.13
1105,0.13
1106,0.13
1107,0.13
1108,0.13
1109,0.13
1110,0.13
1111,0.13
1112,0.13
1113,0.13
1114,0.13
1115,0.13
1116,0.13
1117,0.13
1118,0.13
1119,0.13
1120,0.13
1121,0.13
1122,0.13
1123,0.13
1124,0.13
1125,0.13
1126,0.13
1127,0.13
1128,0.13
1129,0.13
1130,0.13
1131,0.13
1132,0.13
1133,0.13
1134,0.13
1135,0.13
1136,0.13
1137,0.13
1138,0.13
1139,0.13
1140,0.13
1141,0.13
1142,0.13
1143,0.13
1144,0.13
1145,0.13
1146,0.13
1147,0.13
1148,0.13
1149,0.13
1150,0.13
1151,0.13
1152,0.13
1153,0.13
1154,0.13
1155,0.13
1156,0.13
1157,0.13
1158,0.13
1159,0.13
1160,0.13
1161,0.13
1162,0.13
1163,0.13
1164,0.13
1165,0.13
1166,0.13
1167,0.13
1168,0.13
1169,0.13
1170,0.13
1171,0.13
1172,0.13
1173,0.13
1174,0.13
1175,0.13
1176,0.13
1177,0.13
1178,0.13
1179,0.13
1180,0.13
1181,0.13
1182,0.13
1183,0.13
1184,0.13
1185,0.13
1186,0.13
1187,0.13
1188,0.13
1189,0.13
1190,0.13
1191,0.13
1192,0.13
1193,0.13
1194,0.13
1195,0.13
1196,0.13
1197,0.13
1198,0.13
1199,0.13
1200,0.13
1201,0.13
1202,0.13
1203,0.13
1204,0.13
1205,0.13
1206,0.13
1207,0.13
1208,0.13
1209,0.13
1210,0.13
1211,0.13
1212,0.13
1213,0.13
1214,0.13
1215,0.13
1216,0.13
1217,0.13
1218,0.13
1219,0.13
1220,0.13
1221,0.13
1222,0.13
1223,0.13
1224,0.13
1225,0.13
1226,0.13
1227,0.13
1228,0.13
1229,0.13
1230,0.13
1231,0.13
1232,0.13
1233,0.13
1234,0.13
1235,0.13
1236,0.13
1237,0.13
1238,0.13
1239,0.13
1240,0.13
1241,0.13
1242,0.13
1243,0.13
1244,0.13
1245,0.13
1246,0.13
1247,0.13
1248,0.13
1249,0.13
1250,0.13
1251,0.13
1252,0.13
1253,0.13
1254,0.13
1255,0.13
1256,0.13
1257,0.13
1258,0.13
1259,0.13
1260,0.13
1261,0.13
1262,0.13
1263,0.13
1264,0.13
1265,0.13
1266,0.13
1267,0.13
1268,0.13
1269,0.13
1270,0.13
1271,0.13
1272,0.13
1273,0.13
1274,0.13
1275,0.13
1276,0.13
1277,0.13
1278,0.13
1279,0.13
1280,0.13
1281,0.13
1282,0.13
1283,0.13
1284,0.13
1285,0.13
1286,0.13
1287,0.13
1288,0.13
1289,0.13
1290,0.13
1291,0.13
1292,0.13
1293,0.13
1294,0.13
1295,0.13
1296,0.13
1297,0.13
1298,0.13
1299,0.13
1300,0.13
1301,0.13
1302,0.13
1303,0.13
1304,0.13
1305,0.13
1306,0.13
1307,0.13
1308,0.13
1309,0.13
1310,0.13
1311,0.13
1312,0.13
1313,0.13
1314,0.13
1315,0.13
1316,0.13
1317,0.13
1318,0.13
1319,0.13
1320,0.13
1321,0.13
1322,0.13
1323,0.13
1324,0.13
1325,0.13
1326,0.13
1327,0.13
1328,0.13
1329,0.13
1330,0.13
1331,0.13
1332,0.13
1333,0.13
1334,0.13
1335,0.13
1336,0.13
1337,0.13
1338,0.13
1339,0.13
1340,0.13
1341,0.13
1342,0.13
1343,0.13
1344,0.13
1345,0.13
1346,0.13
1347,0.13
1348,0.13
1349,0.13
1350,0.13
1351,0.13
1352,0.13
1353,0.13
1354,0.13
1355,0.13
1356,0.13
1357,0.13
1358,0.13
1359,0.13
1360,0.13
1361,0.13
1362,0.13
1363,0.13
1364,0.13
1365,0.13
1366,0.13
1367,0.13
1368,0.13
1369,0.13
1370,0.13
1371,0.13
1372,0.13
1373,0.13
1374,0.13
1375,0.13
1376,0.13
1377,0.13
1378,0.13
1379,0.13
1380,0.13
1381,0.13
1382,0.13
1383,0.13
1384,0.13
1385,0.13
1386,0.13
1387,0.13
1388,0.13
1389,0.13
1390,0.13
1391,0.13
1392,0.13
1393,0.13
1394,0.13
1395,0.13
1396,0.13
1397,0.13
1398,0.13
1399,0.13
1400,0.13
1401,0.13
1402,0.13
1403,0.13
1404,0.13
1405,0.13
1406,0.13
1407,0.13
1408,0.13
1409,0.13
1410,0.13
1411,0.13
1412,0.13
1413,0.13
1414,0.13
1415,0.13
1416,0.13
1417,0.13
1418,0.13
1419,0.13
1420,0.13
1421,0.13
1422,0.13
1423,0.13
1424,0.13
1425,0.13
1426,0.13
1427,0.13
1428,0.13
1429,0.13
1430,0.13
1431,0.13
1432,0.13
1433,0.13
1434,0.13
1435,0.13
1436,0.13
1437,0.13
1438,0.13
1439,0.13
1440,0.13
1441,0.13
1442,0.13
1443,0.13
1444,0.13
1445,0.13
1446,0.13
1447,0.13
1448,0.13
1449,0.13
1450,0.13
1451,0.13
1452,0.13
1453,0.13
1454,0.13
1455,0.13
1456,0.13
1457,0.13
1458,0.13
1459,0.13
1460,0.13
1461,0.13
1462,0.13
1463,0.13
1464,0.13
1465,0.13
1466,0.13
1467,0.13
1468,0.13
1469,0.13
1470,0.13
1471,0.13
1472,0.13
1473,0.13
1474,0.13
1475,0.13
1476,0.13
1477,0.13
1478,0.13
1479,0.13
1480,0.13
1481,0.13
1482,0.13
1483,0.13
1484,0.13
1485,0.13
1486,0.13
1487,0.13
1488,0.13
1489,0.13
1490,0.13
1491,0.13
1492,0.13
1493,0.13
1494,0.13
1495,0.13
1496,0.13
1497,0.13
1498,0.13
1499,0.13
1500,0.13
1501,0.13
1502,0.13
1503,0.13
1504,0.13
1505,0.13
1506,0.13
1507,0.13
1508,0.13
1509,0.13
1510,0.13
1511,0.13
1512,0.13
1513,0.13
1514,0.13
1515,0.13
1516,0.13
1517,0.13
1518,0.13
1519,0.13
1520,0.13
1521,0.13
1522,0.13
1523,0.13
1524,0.13
1525,0.13
1526,0.13
1527,0.13
1528,0.13
1529,0.13
1530,0.13
1531,0.13
1532,0.13
1533,0.13
1534,0.13
1535,0.13
1536,0.13
1537,0.13
1538,0.13
1539,0.13
1540,0.13
1541,0.13
1542,0.13
1543,0.13
1544,0.13
1545,0.13
1546,0.13
1547,0.13
1548,0.13
1549,0.13
1550,0.13
1551,0.13
1552,0.13
1553,0.13
1554,0.13
1555,0.13
1556,0.13
1557,0.13
1558,0.13
1559,0.13
1560,0.13
1561,0.13
1562,0.13
1563,0.13
1564,0.13
1565,0.13
1566,0.13
1567,0.13
1568,0.13
1569,0.13
1570,0.13
1571,0.13
1572,0.13
1573,0.13
1574,0.13
1575,0.13
1576,0.13
1577,0.13
1578,0.13
1579,0.13
1580,0.13
1581,0.13
1582,0.13
1583,0.13
1584,0.13
1585,0.13
1586,0.13
1587,0.13
1588,0.13
1589,0.13
1590,0.13
1591,0.13
1592,0.13
1593,0.13
1594,0.13
1595,0.13
1596,0.13
1597,0.13
1598,0.13
1599,0.13
1600,0.13
1601,0.13
1602,0.13
1603,0.13
1604,0.13
1605,0.13
1606,0.13
1607,0.13
1608,0.13
1609,0.13
1610,0.13
1611,0.13
1612,0.13
1613,0.13
1614,0.13
1615,0.13
1616,0.13
1617,0.13
1618,0.13
1619,0.13
1620,0.13
1621,0.13
1622,0.13
1623,0.13
1624,0.13
1625,0.13
1626,0.13
1627,0.13
1628,0.13
1629,0.13
1630,0.13
1631,0.13
1632,0.13
1633,0.13
1634,0.13
1635,0.13
1636,0.13
1637,0.13
1638,0.13
1639,0.13
1640,0.13
1641,0.13
1642,0.13
1643,0.13
1644,0.13
1645,0.13
1646,0.13
1647,0.13
1648,0.13
1649,0.13
1650,0.13
1651,0.13
1652,0.13
1653,0.13
1654,0.13
1655,0.13
1656,0.13
1657,0.13
1658,0.13
1659,0.13
1660,0.13
1661,0.13
1662,0.13
1663,0.13
1664,0.13
1665,0.13
1666,0.13
1667,0.13
1668,0.13
1669,0.13
1670,0.13
1671,0.13
1672,0.13
1673,0.13
1674,0.13
1675,0.13
1676,0.13
1677,0.13
1678,0.13
1679,0.13
1680,0.13
1681,0.13
1682,0.13
1683,0.13
1684,0.13
1685,0.13
1686,0.13
1687,0.13
1688,0.13
1689,0.13
1690,0.13
1691,0.13
1692,0.13
1693,0.13
1694,0.13
1695,0.13
1696,0.13
1697,0.13
1698,0.13
1699,0.13
1700,0.13
1701,0.13
1702,0.13
1703,0.13
1704,0.13
1705,0.13
1706,0.13
1707,0.13
1708,0.13
1709,0.13
1710,0.13
1711,0.13
1712,0.13
1713,0.13
1714,0.13
1715,0.13
1716,0.13
1717,0.13
1718,0.13
1719,0.13
1720,0.13
1721,0.13
1722,0.13
1723,0.13
1724,0.13
1725,0.13
1726,0.13
1727,0.13
1728,0.13
1729,0.13
1730,0.13
1731,0.13
1732,0.13
1733,0.13
1734,0.13
1735,0.13
1736,0.13
1737,0.13
1738,0.13
1739,0.13
1740,0.13
1741,0.13
1742,0.13
1743,0.13
1744,0.13
1745,0.13
1746,0.13
1747,0.13
1748,0.13
1749,0.13
1750,0.13
1751,0.13
1752,0.13
1753,0.13
1754,0.13
1755,0.13
1756,0.13
1757,0.13
1758,0.13
1759,0.13
1760,0.13
1761,0.13
1762,0.13
1763,0.13
1764,0.13
1765,0.13
1766,0.13
1767,0.13
1768,0.13
1769,0.13
1770,0.13
1771,0.13
1772,0.13
1773,0.13
1774,0.13
1775,0.13
1776,0.13
1777,0.13
1778,0.13
1779,0.13
1780,0.13
1781,0.13
1782,0.13
1783,0.13
1784,0.13
1785,0.13
1786,0.13
1787,0.13
1788,0.13
1789,0.13
1790,0.13
1791,0.13
1792,0.13
1793,0.13
1794,0.13
1795,0.13
1796,0.13
1797,0.13
1798,0.13
1799,0.13
1800,0.13
1801,0.13
1802,0.13
1803,0.13
1804,0.13
1805,0.13
1806,0.13
1807,0.13
1808,0.13
1809,0.13
1810,0.13
1811,0.13
1812,0.13
1813,0.13
1814,0.13
1815,0.13
1816,0.13
1817,0.13
1818,0.13
1819,0.13
1820,0.13
1821,0.13
1822,0.13
1823,0.13
1824,0.13
1825,0.13
1826,0.13
1827,0.13
1828,0.13
1829,0.13
1830,0.13
1831,0.13
1832,0.13
1833,0.13
1834,0.13
1835,0.13
1836,0.13
1837,0.13
1838,0.13
1839,0.13
1840,0.13
1841,0.13
1842,0.13
1843,0.13
1844,0.13
1845,0.13
1846,0.13
1847,0.13
1848,0.13
1849,0.13
1850,0.13
1851,0.13
1852,0.13
1853,0.13
1854,0.13
1855,0.13
1856,0.13
1857,0.13
1858,0.13
1859,0.13
1860,0.13
1861,0.13
1862,0.12995238095238096
1863,0.1299047619047619
1864,0.12985714285714287
1865,0.12980952380952382
1866,0.12976190476190477
1867,0.12971428571428573
1868,0.12966666666666668
1869,0.12961904761904763
1870,0.1295714285714286
1871,0.12952380952380954
1872,0.12947619047619047
1873,0.12942857142857142
1874,0.12938095238095237
1875,0.12933333333333333
1876,0.12928571428571428
1877,0.12923809523809524
1878,0.1291904761904762
1879,0.12914285714285714
1880,0.1290952380952381
1881,0.12904761904761905
1882,0.129
1883,0.129
1884,0.129
1885,0.129
1886,0.129
1887,0.129
1888,0.129
1889,0.129
1890,0.129
1891,0.129
1892,0.129
1893,0.129
1894,0.129
1895,0.129
1896,0.129
1897,0.129
1898,0.129
1899,0.129
1900,0.129
1901,0.129
1902,0.129
1903,0.129
1904,0.129
1905,0.129
1906,0.129
1907,0.129
1908,0.129
1909,0.129
1910,0.129
1911,0.129
1912,0.129
1913,0.129
1914,0.129
1915,0.129
1916,0.129
1917,0.129
1918,0.129
1919,0.129
1920,0.129
1921,0.129
1922,0.129
1923,0.129
1924,0.129
1925,0.129
1926,0.129
1927,0.129
1928,0.129
1929,0.129
1930,0.129
1931,0.129
1932,0.129
1933,0.129
1934,0.129
1935,0.129
1936,0.129
1937,0.129
1938,0.129
1939,0.129
1940,0.129
1941,0.129
1942,0.129
1943,0.129
1944,0.129
1945,0.129
1946,0.129
1947,0.129
1948,0.129
1949,0.129
1950,0.129
1951,0.129
1952,0.129
1953,0.129
1954,0.129
1955,0.129
1956,0.129
1957,0.129
1958,0.129
1959,0.129
1960,0.129
1961,0.129
1962,0.129
1963,0.129
1964,0.129
1965,0.129
1966,0.129
1967,0.129
1968,0.129
1969,0.129
1970,0.129
1971,0.129
1972,0.129
1973,0.129
1974,0.129
1975,0.129
1976,0.129
1977,0.129
1978,0.129
1979,0.129
1980,0.129
1981,0.129
1982,0.129
1983,0.129
1984,0.129
1985,0.129
1986,0.129
1987,0.129
1988,0.129
1989,0.129
1990,0.129
1991,0.129
1992,0.129
1993,0.129
1994,0.129
1995,0.129
1996,0.129
1997,0.129
1998,0.129
1999,0.129
2000,0.129
2001,0.129
2002,0.129
2003,0.129
2004,0.129
2005,0.129
2006,0.129
2007,0.129
2008,0.129
2009,0.129
2010,0.129
2011,0.129
2012,0.129
2013,0.129
2014,0.129
2015,0.129
2016,0.129
2017,0.129
2018,0.129
2019,0.129
2020,0.129
2021,0.129
2022,0.129
2023,0.129
2024,0.129
2025,0.129
2026,0.129
2027,0.129
2028,0.129
2029,0.129
2030,0.129
2031,0.129
2032,0.129
2033,0.129
2034,0.129
2035,0.129
2036,0.129
2037,0.129
2038,0.129
2039,0.129
2040,0.129
2041,0.129
2042,0.129
2043,0.129
2044,0.129
2045,0.129
2046,0.129
2047,0.129
2048,0.129
2049,0.129
2050,0.129
2051,0.129
2052,0.129
2053,0.129
2054,0.129
2055,0.129
2056,0.129
2057,0.129
2058,0.129
2059,0.129
2060,0.129
2061,0.129
2062,0.129
2063,0.129
2064,0.129
2065,0.129
2066,0.129
2067,0.129
2068,0.129
2069,0.129
2070,0.129
2071,0.129
2072,0.129
2073,0.129
2074,0.129
2075,0.129
2076,0.129
2077,0.129
2078,0.129
2079,0.129
2080,0.129
2081,0.129
2082,0.129
2083,0.129
2084,0.129
2085,0.129
2086,0.129
2087,0.129
2088,0.129
2089,0.129
2090,0.129
2091,0.129
2092,0.129
2093,0.129
2094,0.129
2095,0.129
2096,0.129
2097,0.129
2098,0.129
2099,0.129
2100,0.129
2101,0.129
2102,0.129
2103,0.129
2104,0.129
2105,0.129
2106,0.129
2107,0.129
2108,0.129
2109,0.129
2110,0.129
2111,0.129
2112,0.129
2113,0.129
2114,0.129
2115,0.129
2116,0.129
2117,0.129
2118,0.129
2119,0.129
2120,0.129
2121,0.129
2122,0.129
2123,0.129
2124,0.129
2125,0.129
2126,0.129
2127,0.129
2128,0.129
2129,0.129
2130,0.129
2131,0.129
2132,0.129
2133,0.129
2134,0.129
2135,0.129
2136,0.129
2137,0.129
2138,0.129
2139,0.129
2140,0.129
2141,0.129
2142,0.129
2143,0.129
2144,0.129
2145,0.129
2146,0.129
2147,0.129
2148,0.129
2149,0.129
2150,0.129
2151,0.129
2152,0.129
2153,0.129
2154,0.129
2155,0.129
2156,0.129
2157,0.129
2158,0.129
2159,0.129
2160,0.129
2161,0.129
2162,0.129
2163,0.129
2164,0.129
2165,0.129
2166,0.129
2167,0.129
2168,0.129
2169,0.129
2170,0.129
2171,0.129
2172,0.129
2173,0.129
2174,0.129
2175,0.129
2176,0.129
2177,0.129
2178,0.129
2179,0.129
2180,0.129
2181,0.129
2182,0.129
2183,0.129
2184,0.129
2185,0.129
2186,0.129
2187,0.129
2188,0.129
2189,0.129
2190,0.129
2191,0.129
2192,0.129
2193,0.129
2194,0.129
2195,0.129
2196,0.129
2197,0.129
2198,0.129
2199,0.129
2200,0.129
2201,0.129
2202,0.129
2203,0.129
2204,0.129
2205,0.129
2206,0.129
2207,0.129
2208,0.129
2209,0.129
2210,0.129
2211,0.129
2212,0.129
2213,0.129
2214,0.129
2215,0.129
2216,0.129
2217,0.129
2218,0.129
2219,0.129
2220,0.129
2221,0.129
2222,0.129
2223,0.129
2224,0.129
2225,0.129
2226,0.129
2227,0.129
2228,0.129
2229,0.129
2230,0.129
2231,0.129
2232,0.129
2233,0.129
2234,0.129
2235,0.129
2236,0.129
2237,0.129
2238,0.129
2239,0.129
2240,0.129
2241,0.129
2242,0.129
2243,0.129
2244,0.129
2245,0.129
2246,0.129
2247,0.129
2248,0.129
2249,0.129
2250,0.129
2251,0.129
2252,0.129
2253,0.129
2254,0.129
2255,0.129
2256,0.129
2257,0.129
2258,0.129
2259,0.129
2260,0.129
2261,0.129
2262,0.129
2263,0.129
2264,0.129
2265,0.129
2266,0.129
2267,0.129
2268,0.129
2269,0.129
2270,0.129
2271,0.129
2272,0.129
2273,0.129
2274,0.129
2275,0.129
2276,0.129
2277,0.129
2278,0.129
2279,0.129
2280,0.129
2281,0.129
2282,0.129
2283,0.129
2284,0.129
2285,0.129
2286,0.129
2287,0.129
2288,0.129
2289,0.129
2290,0.129
2291,0.129
2292,0.129
2293,0.129
2294,0.129
2295,0.129
2296,0.129
2297,0.129
2298,0.129
2299,0.129
2300,0.129
2301,0.129
2302,0.129
2303,0.129
2304,0.129
2305,0.129
2306,0.129
2307,0.129
2308,0.129
2309,0.129
2310,0.129
2311,0.129
2312,0.129
2313,0.129
2314,0.129
2315,0.129
2316,0.129
2317,0.129
2318,0.129
2319,0.129
2320,0.129
2321,0.129
2322,0.129
2323,0.129
2324,0.129
2325,0.129
2326,0.129
2327,0.129
2328,0.129
2329,0.129
2330,0.129
2331,0.129
2332,0.129
2333,0.129
2334,0.129
2335,0.129
2336,0.129
2337,0.129
2338,0.129
2339,0.129
2340,0.129
2341,0.129
2342,0.129
2343,0.129
2344,0.129
2345,0.129
2346,0.129
2347,0.129
2348,0.129
2349,0.129
2350,0.129
2351,0.129
2352,0.129
2353,0.129
2354,0.129
2355,0.129
2356,0.129
2357,0.129
2358,0.129
2359,0.129
2360,0.129
2361,0.129
2362,0.129
2363,0.129
2364,0.129
2365,0.129
2366,0.129
2367,0.129
2368,0.129
2369,0.129
2370,0.129
2371,0.129
2372,0.129
2373,0.129
2374,0.129
2375,0.129
2376,0.129
2377,0.129
2378,0.129
2379,0.129
2380,0.129
2381,0.129
2382,0.129
2383,0.129
2384,0.129
2385,0.129
2386,0.129
2387,0.129
2388,0.129
2389,0.129
2390,0.129
2391,0.129
2392,0.129
2393,0.129
2394,0.129
2395,0.129
2396,0.129
2397,0.129
2398,0.129
2399,0.129
2400,0.129
2401,0.129
2402,0.129
2403,0.129
2404,0.129
2405,0.129
2406,0.129
2407,0.129
2408,0.129
2409,0.129
2410,0.129
2411,0.129
2412,0.129
2413,0.129
2414,0.129
2415,0.129
2416,0.129
2417,0.129
2418,0.129
2419,0.129
2420,0.129
2421,0.129
2422,0.129
2423,0.129
2424,0.129
2425,0.129
2426,0.129
2427,0.129
2428,0.129
2429,0.129
2430,0.129
2431,0.129
2432,0.129
2433,0.129
2434,0.129
2435,0.129
2436,0.129
2437,0.129
2438,0.129
2439,0.129
2440,0.129
2441,0.129
2442,0.129
2443,0.129
2444,0.129
2445,0.129
2446,0.129
2447,0.129
2448,0.129
2449,0.129
2450,0.129
2451,0.129
2452,0.129
2453,0.129
2454,0.129
2455,0.129
2456,0.129
2457,0.129
2458,0.129
2459,0.129
2460,0.129
2461,0.129
2462,0.129
2463,0.129
2464,0.129
2465,0.129
2466,0.129
2467,0.129
2468,0.129
2469,0.129
2470,0.129
2471,0.129
2472,0.129
2473,0.129
2474,0.129
2475,0.129
2476,0.129
2477,0.129
2478,0.129
2479,0.129
2480,0.129
2481,0.129
2482,0.129
2483,0.129
2484,0.129
2485,0.129
2486,0.129
2487,0.129
2488,0.129
2489,0.129
2490,0.129
2491,0.129
2492,0.129
2493,0.129
2494,0.129
2495,0.129
2496,0.129
2497,0.129
2498,0.129
2499,0.129
2500,0.129
2501,0.129
2502,0.129
2503,0.129
2504,0.129
2505,0.129
2506,0.129
2507,0.129
2508,0.129
2509,0.129
2510,0.129
2511,0.129
2512,0.129
2513,0.129
2514,0.129
2515,0.129
2516,0.129
2517,0.129
2518,0.129
2519,0.129
2520,0.129
2521,0.129
2522,0.129
2523,0.129
2524,0.129
2525,0.129
2526,0.129
2527,0.129
2528,0.129
2529,0.129
2530,0.129
2531,0.129
2532,0.129
2533,0.129
2534,0.129
2535,0.129
2536,0.129
2537,0.129
2538,0.129
2539,0.129
2540,0.129
2541,0.129
2542,0.129
2543,0.129
2544,0.129
2545,0.129
2546,0.129
2547,0.129
2548,0.129
2549,0.129
2550,0.129
2551,0.129
2552,0.129
2553,0.129
2554,0.129
2555,0.129
2556,0.129
2557,0.129
2558,0.129
2559,0.129
2560,0.129
2561,0.129
2562,0.129
2563,0.129
2564,0.129
2565,0.129
2566,0.129
2567,0.129
2568,0.129
2569,0.129
2570,0.129
2571,0.129
2572,0.129
2573,0.129
2574,0.129
2575,0.129
2576,0.129
2577,0.129
2578,0.129
2579,0.129
2580,0.129
2581,0.129
2582,0.129
2583,0.129
2584,0.129
2585,0.129
2586,0.129
2587,0.129
2588,0.129
2589,0.129
2590,0.129
2591,0.129
2592,0.129
2593,0.129
2594,0.129
2595,0.129
2596,0.129
2597,0.129
2598,0.129
2599,0.129
2600,0.129
2601,0.129
2602,0.129
2603,0.129
2604,0.129
2605,0.129
2606,0.129
2607,0.129
2608,0.129
2609,0.129
2610,0.129
2611,0.129
2612,0.129
2613,0.129
2614,0.129
2615,0.129
2616,0.129
2617,0.129
2618,0.129
2619,0.129
2620,0.129
2621,0.129
2622,0.129
2623,0.129
2624,0.129
2625,0.129
2626,0.129
2627,0.129
2628,0.129
2629,0.129
2630,0.129
2631,0.129
2632,0.129
2633,0.129
2634,0.129
2635,0.129
2636,0.129
2637,0.129
2638,0.129
2639,0.129
2640,0.129
2641,0.129
2642,0.129
2643,0.129
2644,0.129
2645,0.129
2646,0.129
2647,0.129
2648,0.129
2649,0.129
2650,0.129
2651,0.129
2652,0.129
2653,0.129
2654,0.129
2655,0.129
2656,0.129
2657,0.129
2658,0.129
2659,0.129
2660,0.129
2661,0.129
2662,0.129
2663,0.129
2664,0.129
2665,0.129
2666,0.129
2667,0.129
2668,0.129
2669,0.129
2670,0.129
2671,0.129
2672,0.129
2673,0.129
2674,0.129
2675,0.129
2676,0.129
2677,0.129
2678,0.129
2679,0.129
2680,0.129
2681,0.129
2682,0.129
2683,0.129
2684,0.129
2685,0.129
2686,0.129
2687,0.129
2688,0.129
2689,0.129
2690,0.129
2691,0.129
2692,0.129
2693,0.129
2694,0.129
2695,0.129
2696,0.129
2697,0.129
2698,0.129
2699,0.129
2700,0.129
2701,0.129
2702,0.129
2703,0.129
2704,0.129
2705,0.129
2706,0.129
2707,0.129
2708,0.129
2709,0.129
2710,0.129
2711,0.129
2712,0.129
2713,0.129
2714,0.129
2715,0.129
2716,0.129
2717,0.129
2718,0.129
2719,0.129
2720,0.129
2721,0.129
2722,0.129
2723,0.129
2724,0.129
2725,0.129
2726,0.129
2727,0.129
2728,0.129
2729,0.129
2730,0.129
2731,0.129
2732,0.129
2733,0.129
2734,0.129
2735,0.129
2736,0.129
2737,0.129
2738,0.129
2739,0.129
2740,0.129
2741,0.129
2742,0.129
2743,0.129
2744,0.129
2745,0.129
2746,0.129
2747,0.129
2748,0.129
2749,0.129
2750,0.129
2751,0.129
2752,0.129
2753,0.129
2754,0.129
2755,0.129
2756,0.129
2757,0.129
2758,0.129
2759,0.129
2760,0.129
2761,0.129
2762,0.129
2763,0.129
2764,0.129
2765,0.129
2766,0.129
2767,0.129
2768,0.129
2769,0.129
2770,0.129
2771,0.129
2772,0.129
2773,0.129
2774,0.129
2775,0.129
2776,0.129
2777,0.129
2778,0.129
2779,0.129
2780,0.129
2781,0.129
2782,0.129
2783,0.129
2784,0.129
2785,0.129
2786,0.129
2787,0.129
2788,0.129
2789,0.129
2790,0.129
2791,0.129
2792,0.129
2793,0.129
2794,0.129
2795,0.129
2796,0.129
2797,0.129
2798,0.129
2799,0.129
2800,0.129
2801,0.129
2802,0.129
2803,0.129
2804,0.129
2805,0.129
2806,0.129
2807,0.129
2808,0.129
2809,0.129
2810,0.129
2811,0.129
2812,0.129
2813,0.129
2814,0.129
2815,0.129
2816,0.129
2817,0.129
2818,0.129
2819,0.129
2820,0.129
2821,0.129
2822,0.129
2823,0.129
2824,0.129
2825,0.129
2826,0.129
2827,0.129
2828,0.129
2829,0.129
2830,0.129
2831,0.129
2832,0.129
2833,0.129
2834,0.129
2835,0.129
2836,0.129
2837,0.129
2838,0.129
2839,0.129
2840,0.129
2841,0.129
2842,0.129
2843,0.129
2844,0.129
2845,0.129
2846,0.129
2847,0.129
2848,0.129
2849,0.129
2850,0.129
2851,0.129
2852,0.129
2853,0.129
2854,0.129
2855,0.129
2856,0.129
2857,0.129
2858,0.129
2859,0.129
2860,0.129
2861,0.129
2862,0.129
2863,0.129
2864,0.129
2865,0.129
2866,0.129
2867,0.129
2868,0.129
2869,0.129
2870,0.129
2871,0.129
2872,0.129
2873,0.129
2874,0.129
2875,0.129
2876,0.129
2877,0.129
2878,0.129
2879,0.129
2880,0.129
2881,0.129
2882,0.129
2883,0.129
2884,0.129
2885,0.129
2886,0.129
2887,0.129
2888,0.129
2889,0.129
2890,0.129
2891,0.129
2892,0.129
2893,0.129
2894,0.129
2895,0.129
2896,0.129
2897,0.129
2898,0.129
2899,0.129
2900,0.129
2901,0.129
2902,0.129
2903,0.129
2904,0.129
2905,0.129
2906,0.129
2907,0.129
2908,0.129
2909,0.129
2910,0.129
2911,0.129
2912,0.129
2913,0.129
2914,0.129
2915,0.129
2916,0.129
2917,0.129
2918,0.129
2919,0.129
2920,0.129
2921,0.129
2922,0.129
2923,0.129
2924,0.129
2925,0.129
2926,0.129
2927,0.129
2928,0.129
2929,0.129
2930,0.129
2931,0.129
2932,0.129
2933,0.129
2934,0.129
2935,0.129
2936,0.129
2937,0.129
2938,0.129
2939,0.129
2940,0.129
2941,0.129
2942,0.129
2943,0.129
2944,0.129
2945,0.129
2946,0.129
2947,0.129
2948,0.129
2949,0.129
2950,0.129
2951,0.129
2952,0.129
2953,0.129
2954,0.129
2955,0.129
2956,0.129
2957,0.129
2958,0.129
2959,0.129
2960,0.129
2961,0.129
2962,0.129
2963,0.129
2964,0.129
2965,0.129
2966,0.129
2967,0.129
2968,0.129
2969,0.129
2970,0.129
2971,0.129
2972,0.129
2973,0.129
2974,0.129
2975,0.129
2976,0.129
2977,0.129
2978,0.129
2979,0.129
2980,0.129
2981,0.129
2982,0.129
2983,0.129
2984,0.129
2985,0.129
2986,0.129
2987,0.129
2988,0.129
2989,0.129
2990,0.129
2991,0.129
2992,0.129
2993,0.129
2994,0.129
2995,0.129
2996,0.129
2997,0.129
2998,0.129
2999,0.129
3000,0.129
3001,0.129
3002,0.129
3003,0.129
3004,0.129
3005,0.129
3006,0.129
3007,0.129
3008,0.129
3009,0.129
3010,0.129
3011,0.129
3012,0.129
3013,0.129
3014,0.129
3015,0.129
3016,0.129
3017,0.129
3018,0.129
3019,0.129
3020,0.129
3021,0.129
3022,0.129
3023,0.129
3024,0.129
3025,0.129
3026,0.129
3027,0.129
3028,0.129
3029,0.129
3030,0.129
3031,0.129
3032,0.129
3033,0.129
3034,0.129
3035,0.129
3036,0.129
3037,0.129
3038,0.129
3039,0.129
3040,0.129
3041,0.129
3042,0.129
3043,0.129
3044,0.129
3045,0.129
3046,0.129
3047,0.129
3048,0.129
3049,0.129
3050,0.129
3051,0.129
3052,0.129
3053,0.129
3054,0.129
3055,0.129
3056,0.129
3057,0.129
3058,0.129
3059,0.129
3060,0.129
3061,0.129
3062,0.129
3063,0.129
3064,0.129
3065,0.129
3066,0.129
3067,0.129
3068,0.129
3069,0.129
3070,0.129
3071,0.129
3072,0.129
3073,0.129
3074,0.129
3075,0.129
3076,0.129
3077,0.129
3078,0.129
3079,0.129
3080,0.129
3081,0.129
3082,0.129
3083,0.129
3084,0.129
3085,0.129
3086,0.129
3087,0.129
3088,0.129
3089,0.129
3090,0.129
3091,0.129
3092,0.129
3093,0.129
3094,0.129
3095,0.129
3096,0.129
3097,0.129
3098,0.129
3099,0.129
3100,0.129
3101,0.129
3102,0.129
3103,0.129
3104,0.129
3105,0.129
3106,0.129
3107,0.129
3108,0.129
3109,0.129
3110,0.129
3111,0.129
3112,0.129
3113,0.129
3114,0.129
3115,0.129
3116,0.129
3117,0.129
3118,0.129
3119,0.129
3120,0.129
3121,0.129
3122,0.129
3123,0.129
3124,0.129
3125,0.129
3126,0.129
3127,0.129
3128,0.129
3129,0.129
3130,0.129
3131,0.129
3132,0.129
3133,0.129
3134,0.129
3135,0.129
3136,0.129
3137,0.129
3138,0.129
3139,0.129
3140,0.129
3141,0.129
3142,0.129
3143,0.129
3144,0.129
3145,0.129
3146,0.129
3147,0.129
3148,0.129
3149,0.129
3150,0.129
3151,0.129
3152,0.129
3153,0.129
3154,0.129
3155,0.129
3156,0.129
3157,0.129
3158,0.129
3159,0.129
3160,0.129
3161,0.129
3162,0.129
3163,0.129
3164,0.129
3165,0.129
3166,0.129
3167,0.129
3168,0.129
3169,0.129
3170,0.129
3171,0.129
3172,0.129
3173,0.129
3174,0.129
3175,0.129
3176,0.129
3177,0.129
3178,0.129
3179,0.129
3180,0.129
3181,0.129
3182,0.129
3183,0.129
3184,0.129
3185,0.129
3186,0.129
3187,0.129
3188,0.129
3189,0.129
3190,0.129
3191,0.129
3192,0.129
3193,0.129
3194,0.129
3195,0.129
3196,0.129
3197,0.129
3198,0.129
3199,0.129
3200,0.129
3201,0.129
3202,0.129
3203,0.129
3204,0.129
3205,0.129
3206,0.129
3207,0.129
3208,0.129
3209,0.129
3210,0.129
3211,0.129
3212,0.129
3213,0.129
3214,0.129
3215,0.129
3216,0.129
3217,0.129
3218,0.129
3219,0.129
3220,0.129
3221,0.12894736842105264
3222,0.12889473684210526
3223,0.1288421052631579
3224,0.12878947368421054
3225,0.12873684210526315
3226,0.1286842105263158
3227,0.12863157894736843
3228,0.12857894736842104
3229,0.12852631578947368
3230,0.12847368421052632
3231,0.12842105263157896
3232,0.12836842105263158
3233,0.12831578947368422
3234,0.12826315789473686
3235,0.12821052631578947
3236,0.1281578947368421
3237,0.12810526315789475
3238,0.12805263157894736
3239,0.128
3240,0.128
3241,0.128
3242,0.128
3243,0.128
3244,0.128
3245,0.128
3246,0.128
3247,0.128
3248,0.128
3249,0.128
3250,0.128
3251,0.128
3252,0.128
3253,0.128
3254,0.128
3255,0.128
3256,0.128
3257,0.128
3258,0.128
3259,0.128
3260,0.128
3261,0.128
3262,0.128
3263,0.128
3264,0.128
3265,0.128
3266,0.128
3267,0.128
3268,0.128
3269,0.128
3270,0.128
3271,0.128
3272,0.128
3273,0.128
3274,0.128
3275,0.128
3276,0.128
3277,0.128
3278,0.128
3279,0.128
3280,0.128
3281,0.128
3282,0.128
3283,0.128
3284,0.128
3285,0.128
3286,0.128
3287,0.128
3288,0.128
3289,0.128
3290,0.128
3291,0.128
3292,0.128
3293,0.128
3294,0.128
3295,0.128
3296,0.128
3297,0.128
3298,0.128
3299,0.128
3300,0.128
3301,0.128
3302,0.128
3303,0.128
3304,0.128
3305,0.128
3306,0.128
3307,0.128
3308,0.128
3309,0.128
3310,0.128
3311,0.128
3312,0.128
3313,0.128
3314,0.128
3315,0.128
3316,0.128
3317,0.128
3318,0.128
3319,0.128
3320,0.128
3321,0.128
3322,0.128
3323,0.128
3324,0.128
3325,0.128
3326,0.128
3327,0.128
3328,0.128
3329,0.128
3330,0.128
3331,0.128
3332,0.128
3333,0.128
3334,0.128
3335,0.128
3336,0.128
3337,0.128
3338,0.128
3339,0.128
3340,0.128
3341,0.128
3342,0.128
3343,0.128
3344,0.128
3345,0.128
3346,0.128
3347,0.128
3348,0.128
3349,0.128
3350,0.128
3351,0.128
3352,0.128
3353,0.128
3354,0.128
3355,0.128
3356,0.128
3357,0.128
3358,0.128
3359,0.128
3360,0.128
3361,0.128
3362,0.128
3363,0.128
3364,0.128
3365,0.128
3366,0.128
3367,0.128
3368,0.128
3369,0.128
3370,0.128
3371,0.128
3372,0.128
3373,0.128
3374,0.128
3375,0.128
3376,0.128
3377,0.128
3378,0.128
3379,0.128
3380,0.128
3381,0.128
3382,0.128
3383,0.128
3384,0.128
3385,0.128
3386,0.128
3387,0.128
3388,0.128
3389,0.128
3390,0.128
3391,0.128
3392,0.128
3393,0.128
3394,0.128
3395,0.128
3396,0.128
3397,0.128
3398,0.128
3399,0.128
3400,0.128
3401,0.128
3402,0.128
3403,0.128
3404,0.128
3405,0.128
3406,0.128
3407,0.128
3408,0.128
3409,0.128
3410,0.128
3411,0.128
3412,0.128
3413,0.128
3414,0.128
3415,0.128
3416,0.128
3417,0.128
3418,0.128
3419,0.128
3420,0.128
3421,0.128
3422,0.128
3423,0.128
3424,0.128
3425,0.128
3426,0.128
3427,0.128
3428,0.128
3429,0.128
3430,0.128
3431,0.128
3432,0.128
3433,0.128
3434,0.128
3435,0.128
3436,0.128
3437,0.128
3438,0.128
3439,0.128
3440,0.128
3441,0.128
3442,0.128
3443,0.128
3444,0.128
3445,0.128
3446,0.128
3447,0.128
3448,0.128
3449,0.128
3450,0.128
3451,0.128
3452,0.128
3453,0.128
3454,0.128
3455,0.128
3456,0.128
3457,0.128
3458,0.128
3459,0.128
3460,0.128
3461,0.128
3462,0.128
3463,0.128
3464,0.128
3465,0.128
3466,0.128
3467,0.128
3468,0.128
3469,0.128
3470,0.128
3471,0.128
3472,0.128
3473,0.128
3474,0.128
3475,0.128
3476,0.128
3477,0.128
3478,0.128
3479,0.128
3480,0.128
3481,0.128
3482,0.128
3483,0.128
3484,0.128
3485,0.128
3486,0.128
3487,0.128
3488,0.128
3489,0.128
3490,0.128
3491,0.128
3492,0.128
3493,0.128
3494,0.128
3495,0.128
3496,0.128
3497,0.128
3498,0.128
3499,0.128
3500,0.128
3501,0.128
3502,0.128
3503,0.128
3504,0.128
3505,0.128
3506,0.128
3507,0.128
3508,0.128
3509,0.128
3510,0.128
3511,0.128
3512,0.128
3513,0.128
3514,0.128
3515,0.128
3516,0.128
3517,0.128
3518,0.128
3519,0.128
3520,0.128
3521,0.128
3522,0.128
3523,0.128
3524,0.128
3525,0.128
3526,0.128
3527,0.128
3528,0.128
3529,0.128
3530,0.128
3531,0.128
3532,0.128
3533,0.128
3534,0.128
3535,0.128
3536,0.128
3537,0.128
3538,0.128
3539,0.128
3540,0.128
3541,0.128
3542,0.128
3543,0.128
3544,0.128
3545,0.128
3546,0.128
3547,0.128
3548,0.128
3549,0.128
3550,0.128
3551,0.128
3552,0.128
3553,0.128
3554,0.128
3555,0.128
3556,0.128
3557,0.128
3558,0.128
3559,0.128
3560,0.128
3561,0.128
3562,0.128
3563,0.128
3564,0.128
3565,0.128
3566,0.128
3567,0.128
3568,0.128
3569,0.128
3570,0.128
3571,0.128
3572,0.128
3573,0.128
3574,0.128
3575,0.128
3576,0.128
3577,0.128
3578,0.128
3579,0.128
3580,0.128
3581,0.128
3582,0.128
3583,0.128
3584,0.128
3585,0.128
3586,0.128
3587,0.128
3588,0.128
3589,0.128
3590,0.128
3591,0.128
3592,0.128
3593,0.128
3594,0.128
3595,0.128
3596,0.128
3597,0.128
3598,0.128
3599,0.128
3600,0.128
3601,0.128
3602,0.128
3603,0.128
3604,0.128
3605,0.128
3606,0.128
3607,0.128
3608,0.128
3609,0.128
3610,0.128
3611,0.128
3612,0.128
3613,0.128
3614,0.128
3615,0.128
3616,0.128
3617,0.128
3618,0.128
3619,0.128
3620,0.128
3621,0.128
3622,0.128
3623,0.128
3624,0.128
3625,0.128
3626,0.128
3627,0.128
3628,0.128
3629,0.128
3630,0.128
3631,0.128
3632,0.128
3633,0.128
3634,0.128
3635,0.128
3636,0.128
3637,0.128
3638,0.128
3639,0.128
3640,0.128
3641,0.128
3642,0.128
3643,0.128
3644,0.128
3645,0.128
3646,0.128
3647,0.128
3648,0.128
3649,0.128
3650,0.128
3651,0.128
3652,0.128
3653,0.128
3654,0.128
3655,0.128
3656,0.128
3657,0.128
3658,0.128
3659,0.128
3660,0.128
3661,0.128
3662,0.128
3663,0.128
3664,0.128
3665,0.128
3666,0.128
3667,0.128
3668,0.128
3669,0.128
3670,0.128
3671,0.128
3672,0.128
3673,0.128
3674,0.128
3675,0.128
3676,0.128
3677,0.128
3678,0.128
3679,0.128
3680,0.128
3681,0.128
3682,0.128
3683,0.128
3684,0.128
3685,0.128
3686,0.128
3687,0.128
3688,0.128
3689,0.128
3690,0.128
3691,0.128
3692,0.128
3693,0.128
3694,0.128
3695,0.128
3696,0.128
3697,0.128
3698,0.128
3699,0.128
3700,0.128
3701,0.128
3702,0.128
3703,0.128
3704,0.128
3705,0.128
3706,0.128
3707,0.128
3708,0.128
3709,0.128
3710,0.128
3711,0.128
3712,0.128
3713,0.128
3714,0.128
3715,0.128
3716,0.128
3717,0.128
3718,0.128
3719,0.128
3720,0.128
3721,0.128
3722,0.128
3723,0.128
3724,0.128
3725,0.128
3726,0.128
3727,0.128
3728,0.128
3729,0.128
3730,0.128
3731,0.128
3732,0.128
3733,0.128
3734,0.128
3735,0.128
3736,0.128
3737,0.128
3738,0.128
3739,0.128
3740,0.128
3741,0.128
3742,0.128
3743,0.128
3744,0.128
3745,0.128
3746,0.128
3747,0.128
3748,0.128
3749,0.128
3750,0.128
3751,0.128
3752,0.128
3753,0.128
3754,0.128
3755,0.128
3756,0.128
3757,0.128
3758,0.128
3759,0.128
3760,0.128
3761,0.128
3762,0.128
3763,0.128
3764,0.128
3765,0.128
3766,0.128
3767,0.128
3768,0.128
3769,0.128
3770,0.128
3771,0.128
3772,0.128
3773,0.128
3774,0.128
3775,0.128
3776,0.128
3777,0.128
3778,0.128
3779,0.128
3780,0.128
3781,0.128
3782,0.128
3783,0.128
3784,0.128
3785,0.128
3786,0.128
3787,0.128
3788,0.128
3789,0.128
3790,0.128
3791,0.128
3792,0.128
3793,0.128
3794,0.128
3795,0.128
3796,0.128
3797,0.128
3798,0.128
3799,0.128
3800,0.128
3801,0.128
3802,0.128
3803,0.128
3804,0.128
3805,0.128
3806,0.128
3807,0.128
3808,0.128
3809,0.128
3810,0.128
3811,0.128
3812,0.128
3813,0.128
3814,0.128
3815,0.128
3816,0.128
3817,0.128
3818,0.128
3819,0.128
3820,0.128
3821,0.128
3822,0.128
3823,0.128
3824,0.128
3825,0.128
3826,0.128
3827,0.128
3828,0.128
3829,0.128
3830,0.128
3831,0.128
3832,0.128
3833,0.128
3834,0.128
3835,0.128
3836,0.128
3837,0.128
3838,0.128
3839,0.128
3840,0.128
3841,0.128
3842,0.128
3843,0.128
3844,0.128
3845,0.128
3846,0.128
3847,0.128
3848,0.128
3849,0.128
3850,0.128
3851,0.128
3852,0.128
3853,0.128
3854,0.128
3855,0.128
3856,0.128
3857,0.128
3858,0.128
3859,0.128
3860,0.128
3861,0.128
3862,0.128
3863,0.128
3864,0.128
3865,0.128
3866,0.128
3867,0.128
3868,0.128
3869,0.128
3870,0.128
3871,0.128
3872,0.128
3873,0.128
3874,0.128
3875,0.128
3876,0.128
3877,0.128
3878,0.128
3879,0.128
3880,0.128
3881,0.128
3882,0.128
3883,0.128
3884,0.128
3885,0.128
3886,0.128
3887,0.128
3888,0.128
3889,0.128
3890,0.128
3891,0.128
3892,0.128
3893,0.128
3894,0.128
3895,0.128
3896,0.128
3897,0.128
3898,0.128
3899,0.128
3900,0.128
3901,0.128
3902,0.128
3903,0.128
3904,0.128
3905,0.128
3906,0.128
3907,0.128
3908,0.128
3909,0.128
3910,0.128
3911,0.128
3912,0.128
3913,0.128
3914,0.128
3915,0.128
3916,0.128
3917,0.128
3918,0.128
3919,0.128
3920,0.128
3921,0.128
3922,0.128
3923,0.128
3924,0.128
3925,0.128
3926,0.128
3927,0.128
3928,0.128
3929,0.128
3930,0.128
3931,0.128
3932,0.128
3933,0.128
3934,0.128
3935,0.128
3936,0.128
3937,0.128
3938,0.128
3939,0.128
3940,0.128
3941,0.128
3942,0.128
3943,0.128
3944,0.128
3945,0.128
3946,0.128
3947,0.128
3948,0.128
3949,0.128
3950,0.128
3951,0.128
3952,0.128
3953,0.128
3954,0.128
3955,0.128
3956,0.128
3957,0.128
3958,0.128
3959,0.128
3960,0.128
3961,0.128
3962,0.128
3963,0.128
3964,0.128
3965,0.128
3966,0.128
3967,0.128
3968,0.128
3969,0.128
3970,0.128
3971,0.128
3972,0.128
3973,0.128
3974,0.128
3975,0.128
3976,0.128
3977,0.128
3978,0.128
3979,0.128
3980,0.128
3981,0.128
3982,0.128
3983,0.128
3984,0.128
3985,0.128
3986,0.128
3987,0.128
3988,0.128
3989,0.128
3990,0.128
3991,0.128
3992,0.128
3993,0.128
3994,0.128
3995,0.128
3996,0.128
3997,0.128
3998,0.128
3999,0.128
4000,0.128
4001,0.128
4002,0.128
4003,0.128
4004,0.128
4005,0.128
4006,0.128
4007,0.128
4008,0.128
4009,0.128
4010,0.128
4011,0.128
4012,0.128
4013,0.128
4014,0.128
4015,0.128
4016,0.128
4017,0.128
4018,0.128
4019,0.128
4020,0.128
4021,0.128
4022,0.128
4023,0.128
4024,0.128
4025,0.128
4026,0.128
4027,0.128
4028,0.128
4029,0.128
4030,0.128
4031,0.128
4032,0.128
4033,0.128
4034,0.128
4035,0.128
4036,0.128
4037,0.128
4038,0.128
4039,0.128
4040,0.128
4041,0.128
4042,0.128
4043,0.128
4044,0.128
4045,0.128
4046,0.128
4047,0.128
4048,0.128
4049,0.128
4050,0.128
4051,0.128
4052,0.128
4053,0.128
4054,0.128
4055,0.128
4056,0.128
4057,0.128
4058,0.128
4059,0.128
4060,0.128
4061,0.128
4062,0.128
4063,0.128
4064,0.128
4065,0.128
4066,0.128
4067,0.128
4068,0.128
4069,0.128
4070,0.128
4071,0.128
4072,0.128
4073,0.128
4074,0.128
4075,0.128
4076,0.128
4077,0.128
4078,0.128
4079,0.128
4080,0.128
4081,0.128
4082,0.128
4083,0.128
4084,0.128
4085,0.128
4086,0.128
4087,0.128
4088,0.128
4089,0.128
4090,0.128
4091,0.128
4092,0.128
4093,0.128
4094,0.128
4095,0.128
4096,0.128
4097,0.128
4098,0.128
4099,0.128
4100,0.128
4101,0.128
4102,0.128
4103,0.128
4104,0.128
4105,0.128
4106,0.128
4107,0.128
4108,0.128
4109,0.128
4110,0.128
4111,0.128
4112,0.128
4113,0.128
4114,0.128
4115,0.128
4116,0.128
4117,0.128
4118,0.128
4119,0.128
4120,0.128
4121,0.128
4122,0.128
4123,0.128
4124,0.128
4125,0.128
4126,0.128
4127,0.128
4128,0.128
4129,0.128
4130,0.128
4131,0.128
4132,0.128
4133,0.128
4134,0.128
4135,0.128
4136,0.128
4137,0.128
4138,0.128
4139,0.128
4140,0.128
4141,0.128
4142,0.128
4143,0.128
4144,0.128
4145,0.128
4146,0.128
4147,0.128
4148,0.128
4149,0.128
4150,0.128
4151,0.128
4152,0.128
4153,0.128
4154,0.128
4155,0.128
4156,0.128
4157,0.128
4158,0.128
4159,0.128
4160,0.128
4161,0.128
4162,0.128
4163,0.128
4164,0.128
4165,0.128
4166,0.128
4167,0.128
4168,0.128
4169,0.128
4170,0.128
4171,0.128
4172,0.128
4173,0.128
4174,0.128
4175,0.128
4176,0.128
4177,0.128
4178,0.128
4179,0.128
4180,0.128
4181,0.128
4182,0.128
4183,0.128
4184,0.128
4185,0.128
4186,0.128
4187,0.128
4188,0.128
4189,0.128
4190,0.128
4191,0.128
4192,0.128
4193,0.128
4194,0.128
4195,0.128
4196,0.128
4197,0.128
4198,0.128
4199,0.128
4200,0.128
4201,0.128
4202,0.128
4203,0.128
4204,0.128
4205,0.128
4206,0.128
4207,0.128
4208,0.128
4209,0.128
4210,0.128
4211,0.128
4212,0.128
4213,0.128
4214,0.128
4215,0.128
4216,0.128
4217,0.128
4218,0.128
4219,0.128
4220,0.128
4221,0.128
4222,0.128
4223,0.128
4224,0.128
4225,0.128
4226,0.128
4227,0.128
4228,0.128
4229,0.128
4230,0.128
4231,0.128
4232,0.128
4233,0.128
4234,0.128
4235,0.128
4236,0.128
4237,0.128
4238,0.128
4239,0.128
4240,0.128
4241,0.128
4242,0.128
4243,0.128
4244,0.128
4245,0.128
4246,0.128
4247,0.128
4248,0.128
4249,0.128
4250,0.128
4251,0.128
4252,0.128
4253,0.128
4254,0.128
4255,0.128
4256,0.128
4257,0.128
4258,0.128
4259,0.128
4260,0.128
4261,0.128
4262,0.128
4263,0.128
4264,0.128
4265,0.128
4266,0.128
4267,0.128
4268,0.128
4269,0.128
4270,0.128
4271,0.128
4272,0.128
4273,0.128
4274,0.128
4275,0.128
4276,0.128
4277,0.128
4278,0.128
4279,0.128
4280,0.128
4281,0.128
4282,0.128
4283,0.128
4284,0.128
4285,0.128
4286,0.128
4287,0.128
4288,0.128
4289,0.128
4290,0.128
4291,0.128
4292,0.128
4293,0.128
4294,0.128
4295,0.128
4296,0.128
4297,0.128
4298,0.128
4299,0.128
4300,0.128
4301,0.128
4302,0.12793333333333334
4303,0.12786666666666666
4304,0.1278
4305,0.12773333333333334
4306,0.12766666666666668
4307,0.1276
4308,0.12753333333333333
4309,0.12746666666666667
4310,0.1274
4311,0.12733333333333333
4312,0.12726666666666667
4313,0.1272
4314,0.12713333333333335
4315,0.12706666666666666
4316,0.127
4317,0.12696153846153846
4318,0.12692307692307692
4319,0.12688461538461537
4320,0.12684615384615386
4321,0.12680769230769232
4322,0.12676923076923077
4323,0.12673076923076923
4324,0.1266923076923077
4325,0.12665384615384614
4326,0.12661538461538463
4327,0.1265769230769231
4328,0.12653846153846154
4329,0.1265
4330,0.12646153846153846
4331,0.12642307692307692
4332,0.12638461538461537
4333,0.12634615384615386
4334,0.12630769230769232
4335,0.12626923076923077
4336,0.12623076923076923
4337,0.1261923076923077
4338,0.12615384615384614
4339,0.12611538461538463
4340,0.1260769230769231
4341,0.12603846153846154
4342,0.126
4343,0.126
4344,0.126
4345,0.126
4346,0.126
4347,0.126
4348,0.126
4349,0.126
4350,0.126
4351,0.126
4352,0.126
4353,0.126
4354,0.126
4355,0.126
4356,0.126
4357,0.126
4358,0.126
4359,0.126
4360,0.126
4361,0.126
4362,0.126
4363,0.126
4364,0.126
4365,0.126
4366,0.126
4367,0.126
4368,0.126
4369,0.126
4370,0.126
4371,0.126
4372,0.126
4373,0.126
4374,0.126
4375,0.126
4376,0.126
4377,0.126
4378,0.126
4379,0.126
4380,0.126
4381,0.126
4382,0.126
4383,0.126
4384,0.126
4385,0.126
4386,0.126
4387,0.126
4388,0.126
4389,0.126
4390,0.126
4391,0.126
4392,0.126
4393,0.126
4394,0.126
4395,0.126
4396,0.126
4397,0.126
4398,0.126
4399,0.126
4400,0.126
4401,0.126
4402,0.126
4403,0.126
4404,0.126
4405,0.126
4406,0.126
4407,0.126
4408,0.126
4409,0.126
4410,0.126
4411,0.126
4412,0.126
4413,0.126
4414,0.126
4415,0.126
4416,0.126
4417,0.126
4418,0.126
4419,0.126
4420,0.126
4421,0.126
4422,0.126
4423,0.126
4424,0.126
4425,0.126
4426,0.126
4427,0.126
4428,0.126
4429,0.126
4430,0.126
4431,0.126
4432,0.126
4433,0.126
4434,0.126
4435,0.126
4436,0.126
4437,0.126
4438,0.126
4439,0.126
4440,0.126
4441,0.126
4442,0.126
4443,0.126
4444,0.126
4445,0.126
4446,0.126
4447,0.126
4448,0.126
4449,0.126
4450,0.126
4451,0.126
4452,0.126
4453,0.126
4454,0.126
4455,0.126
4456,0.126
4457,0.126
4458,0.126
4459,0.126
4460,0.126
4461,0.126
4462,0.126
4463,0.126
4464,0.126
4465,0.126
4466,0.126
4467,0.126
4468,0.126
4469,0.126
4470,0.126
4471,0.126
4472,0.126
4473,0.126
4474,0.126
4475,0.126
4476,0.126
4477,0.126
4478,0.126
4479,0.126
4480,0.126
4481,0.126
4482,0.126
4483,0.126
4484,0.126
4485,0.126
4486,0.126
4487,0.126
4488,0.126
4489,0.126
4490,0.126
4491,0.126
4492,0.126
4493,0.126
4494,0.126
4495,0.126
4496,0.126
4497,0.126
4498,0.126
4499,0.126
4500,0.126
4501,0.126
4502,0.126
4503,0.126
4504,0.126
4505,0.126
4506,0.126
4507,0.126
4508,0.126
4509,0.126
4510,0.126
4511,0.126
4512,0.126
4513,0.126
4514,0.126
4515,0.126
4516,0.126
4517,0.126
4518,0.126
4519,0.126
4520,0.126
4521,0.126
4522,0.126
4523,0.126
4524,0.126
4525,0.126
4526,0.126
4527,0.126
4528,0.126
4529,0.126
4530,0.126
4531,0.126
4532,0.126
4533,0.126
4534,0.126
4535,0.126
4536,0.126
4537,0.126
4538,0.126
4539,0.126
4540,0.126
4541,0.126
4542,0.126
4543,0.126
4544,0.126
4545,0.126
4546,0.126
4547,0.126
4548,0.126
4549,0.126
4550,0.126
4551,0.126
4552,0.126
4553,0.126
4554,0.126
4555,0.126
4556,0.126
4557,0.126
4558,0.126
4559,0.126
4560,0.126
4561,0.126
4562,0.126
4563,0.126
4564,0.126
4565,0.126
4566,0.126
4567,0.126
4568,0.126
4569,0.126
4570,0.126
4571,0.126
4572,0.126
4573,0.126
4574,0.126
4575,0.126
4576,0.126
4577,0.126
4578,0.126
4579,0.126
4580,0.126
4581,0.126
4582,0.126
4583,0.126
4584,0.126
4585,0.126
4586,0.126
4587,0.126
4588,0.126
4589,0.126
4590,0.126
4591,0.126
4592,0.126
4593,0.126
4594,0.126
4595,0.126
4596,0.126
4597,0.126
4598,0.126
4599,0.126
4600,0.126
4601,0.126
4602,0.126
4603,0.126
4604,0.126
4605,0.126
4606,0.126
4607,0.126
4608,0.126
4609,0.126
4610,0.126
4611,0.126
4612,0.126
4613,0.126
4614,0.126
4615,0.126
4616,0.126
4617,0.126
4618,0.126
4619,0.126
4620,0.126
4621,0.126
4622,0.126
4623,0.126
4624,0.126
4625,0.126
4626,0.126
4627,0.126
4628,0.126
4629,0.126
4630,0.126
4631,0.126
4632,0.126
4633,0.126
4634,0.126
4635,0.126
4636,0.126
4637,0.126
4638,0.126
4639,0.126
4640,0.126
4641,0.126
4642,0.126
4643,0.126
4644,0.126
4645,0.126
4646,0.126
4647,0.126
4648,0.126
4649,0.126
4650,0.126
4651,0.126
4652,0.126
4653,0.126
4654,0.126
4655,0.126
4656,0.126
4657,0.126
4658,0.126
4659,0.126
4660,0.126
4661,0.126
4662,0.126
4663,0.126
4664,0.126
4665,0.126
4666,0.126
4667,0.126
4668,0.126
4669,0.126
4670,0.126
4671,0.126
4672,0.126
4673,0.126
4674,0.126
4675,0.126
4676,0.126
4677,0.126
4678,0.126
4679,0.126
4680,0.126
4681,0.126
4682,0.126
4683,0.126
4684,0.126
4685,0.126
4686,0.126
4687,0.126
4688,0.126
4689,0.126
4690,0.126
4691,0.126
4692,0.126
4693,0.126
4694,0.126
4695,0.126
4696,0.126
4697,0.126
4698,0.126
4699,0.126
4700,0.126
4701,0.126
4702,0.126
4703,0.126
4704,0.126
4705,0.126
4706,0.126
4707,0.126
4708,0.126
4709,0.126
4710,0.126
4711,0.126
4712,0.126
4713,0.126
4714,0.126
4715,0.126
4716,0.126
4717,0.126
4718,0.126
4719,0.126
4720,0.126
4721,0.126
4722,0.126
4723,0.126
4724,0.126
4725,0.126
4726,0.126
4727,0.126
4728,0.126
4729,0.126
4730,0.126
4731,0.126
4732,0.126
4733,0.126
4734,0.126
4735,0.126
4736,0.126
4737,0.126
4738,0.126
4739,0.126
4740,0.126
4741,0.126
4742,0.126
4743,0.126
4744,0.126
4745,0.126
4746,0.126
4747,0.126
4748,0.126
4749,0.126
4750,0.126
4751,0.126
4752,0.126
4753,0.126
4754,0.126
4755,0.126
4756,0.126
4757,0.126
4758,0.126
4759,0.126
4760,0.126
4761,0.126
4762,0.126
4763,0.126
4764,0.126
4765,0.126
4766,0.126
4767,0.126
4768,0.126
4769,0.126
4770,0.126
4771,0.126
4772,0.126
4773,0.126
4774,0.126
4775,0.126
4776,0.126
4777,0.126
4778,0.126
4779,0.126
4780,0.126
4781,0.126
4782,0.126
4783,0.126
4784,0.126
4785,0.126
4786,0.126
4787,0.126
4788,0.126
4789,0.126
4790,0.126
4791,0.126
4792,0.126
4793,0.126
4794,0.126
4795,0.126
4796,0.126
4797,0.126
4798,0.126
4799,0.126
4800,0.126
4801,0.126
4802,0.126
4803,0.126
4804,0.126
4805,0.126
4806,0.126
4807,0.126
4808,0.126
4809,0.126
4810,0.126
4811,0.126
4812,0.126
4813,0.126
4814,0.126
4815,0.126
4816,0.126
4817,0.126
4818,0.126
4819,0.126
4820,0.126
4821,0.126
4822,0.126
4823,0.126
4824,0.126
4825,0.126
4826,0.126
4827,0.126
4828,0.126
4829,0.126
4830,0.126
4831,0.126
4832,0.126
4833,0.126
4834,0.126
4835,0.126
4836,0.126
4837,0.126
4838,0.126
4839,0.126
4840,0.126
4841,0.126
4842,0.126
4843,0.126
4844,0.126
4845,0.126
4846,0.126
4847,0.126
4848,0.126
4849,0.126
4850,0.126
4851,0.126
4852,0.126
4853,0.126
4854,0.126
4855,0.126
4856,0.126
4857,0.126
4858,0.126
4859,0.126
4860,0.126
4861,0.126
4862,0.126
4863,0.126
4864,0.126
4865,0.126
4866,0.126
4867,0.126
4868,0.126
4869,0.126
4870,0.126
4871,0.126
4872,0.126
4873,0.126
4874,0.126
4875,0.126
4876,0.126
4877,0.126
4878,0.126
4879,0.126
4880,0.126
4881,0.126
4882,0.126
4883,0.126
4884,0.126
4885,0.126
4886,0.126
4887,0.126
4888,0.126
4889,0.126
4890,0.126
4891,0.126
4892,0.126
4893,0.126
4894,0.126
4895,0.126
4896,0.126
4897,0.126
4898,0.126
4899,0.126
4900,0.126
4901,0.126
4902,0.126
4903,0.126
4904,0.126
4905,0.126
4906,0.126
4907,0.126
4908,0.126
4909,0.126
4910,0.126
4911,0.126
4912,0.126
4913,0.126
4914,0.126
4915,0.126
4916,0.126
4917,0.126
4918,0.126
4919,0.126
4920,0.126
4921,0.126
4922,0.126
4923,0.126
4924,0.126
4925,0.126
4926,0.126
4927,0.126
4928,0.126
4929,0.126
4930,0.126
4931,0.126
4932,0.126
4933,0.126
4934,0.126
4935,0.126
4936,0.126
4937,0.126
4938,0.126
4939,0.126
4940,0.126
4941,0.126
4942,0.126
4943,0.126
4944,0.126
4945,0.126
4946,0.126
4947,0.126
4948,0.126
4949,0.126
4950,0.126
4951,0.126
4952,0.126
4953,0.126
4954,0.126
4955,0.126
4956,0.126
4957,0.126
4958,0.126
4959,0.126
4960,0.126
4961,0.126
4962,0.126
4963,0.126
4964,0.126
4965,0.126
4966,0.126
4967,0.126
4968,0.126
4969,0.126
4970,0.126
4971,0.126
4972,0.126
4973,0.126
4974,0.126
4975,0.126
4976,0.126
4977,0.126
4978,0.126
4979,0.126
4980,0.126
4981,0.126
4982,0.126
4983,0.126
4984,0.126
4985,0.126
4986,0.126
4987,0.126
4988,0.126
4989,0.126
4990,0.126
4991,0.126
4992,0.126
4993,0.126
4994,0.126
4995,0.126
4996,0.126
4997,0.126
4998,0.126
4999,0.126
5000,0.126
5001,0.126
5002,0.126
5003,0.126
5004,0.126
5005,0.126
5006,0.126
5007,0.126
5008,0.126
5009,0.126
5010,0.126
5011,0.126
5012,0.126
5013,0.126
5014,0.126
5015,0.126
5016,0.126
5017,0.126
5018,0.126
5019,0.126
5020,0.126
5021,0.126
5022,0.126
5023,0.126
5024,0.126
5025,0.126
5026,0.126
5027,0.126
5028,0.126
5029,0.126
5030,0.126
5031,0.126
5032,0.126
5033,0.126
5034,0.126
5035,0.126
5036,0.126
5037,0.126
5038,0.126
5039,0.126
5040,0.126
5041,0.126
5042,0.126
5043,0.126
5044,0.126
5045,0.126
5046,0.126
5047,0.126
5048,0.126
5049,0.126
5050,0.126
5051,0.126
5052,0.126
5053,0.126
5054,0.126
5055,0.126
5056,0.126
5057,0.126
5058,0.126
5059,0.126
5060,0.126
5061,0.126
5062,0.126
5063,0.126
5064,0.126
5065,0.126
5066,0.126
5067,0.126
5068,0.126
5069,0.126
5070,0.126
5071,0.126
5072,0.126
5073,0.126
5074,0.126
5075,0.126
5076,0.126
5077,0.126
5078,0.126
5079,0.126
5080,0.126
5081,0.126
5082,0.126
5083,0.126
5084,0.126
5085,0.126
5086,0.126
5087,0.126
5088,0.126
5089,0.126
5090,0.126
5091,0.126
5092,0.126
5093,0.126
5094,0.126
5095,0.126
5096,0.126
5097,0.126
5098,0.126
5099,0.126
5100,0.126
5101,0.126
5102,0.126
5103,0.126
5104,0.126
5105,0.126
5106,0.126
5107,0.126
5108,0.126
5109,0.126
5110,0.126
5111,0.126
5112,0.126
5113,0.126
5114,0.126
5115,0.126
5116,0.126
5117,0.126
5118,0.126
5119,0.126
5120,0.126
5121,0.126
5122,0.126
5123,0.126
5124,0.126
5125,0.126
5126,0.126
5127,0.126
5128,0.126
5129,0.126
5130,0.126
5131,0.126
5132,0.126
5133,0.126
5134,0.126
5135,0.126
5136,0.126
5137,0.126
5138,0.126
5139,0.126
5140,0.126
5141,0.126
5142,0.126
5143,0.126
5144,0.126
5145,0.126
5146,0.126
5147,0.126
5148,0.126
5149,0.126
5150,0.126
5151,0.126
5152,0.126
5153,0.126
5154,0.126
5155,0.126
5156,0.126
5157,0.126
5158,0.126
5159,0.126
5160,0.126
5161,0.126
5162,0.126
5163,0.126
5164,0.126
5165,0.126
5166,0.126
5167,0.126
5168,0.126
5169,0.126
5170,0.126
5171,0.126
5172,0.126
5173,0.126
5174,0.126
5175,0.126
5176,0.126
5177,0.126
5178,0.126
5179,0.126
5180,0.126
5181,0.126
5182,0.126
5183,0.126
5184,0.126
5185,0.126
5186,0.126
5187,0.126
5188,0.126
5189,0.126
5190,0.126
5191,0.126
5192,0.126
5193,0.126
5194,0.126
5195,0.126
5196,0.126
5197,0.126
5198,0.126
5199,0.126
5200,0.126
5201,0.126
5202,0.126
5203,0.126
5204,0.126
5205,0.126
5206,0.126
5207,0.126
5208,0.126
5209,0.126
5210,0.126
5211,0.126
5212,0.126
5213,0.126
5214,0.126
5215,0.126
5216,0.126
5217,0.126
5218,0.126
5219,0.126
5220,0.126
5221,0.126
5222,0.126
5223,0.126
5224,0.126
5225,0.126
5226,0.126
5227,0.126
5228,0.126
5229,0.126
5230,0.126
5231,0.126
5232,0.126
5233,0.126
5234,0.126
5235,0.126
5236,0.126
5237,0.126
5238,0.126
5239,0.126
5240,0.126
5241,0.126
5242,0.126
5243,0.126
5244,0.126
5245,0.126
5246,0.126
5247,0.126
5248,0.126
5249,0.126
5250,0.126
5251,0.126
5252,0.126
5253,0.126
5254,0.126
5255,0.126
5256,0.126
5257,0.126
5258,0.126
5259,0.126
5260,0.126
5261,0.126
5262,0.126
5263,0.126
5264,0.126
5265,0.126
5266,0.126
5267,0.126
5268,0.126
5269,0.126
5270,0.126
5271,0.126
5272,0.126
5273,0.126
5274,0.126
5275,0.126
5276,0.126
5277,0.126
5278,0.126
5279,0.126
5280,0.126
5281,0.126
5282,0.126
5283,0.126
5284,0.126
5285,0.126
5286,0.126
5287,0.126
5288,0.126
5289,0.126
5290,0.126
5291,0.126
5292,0.126
5293,0.126
5294,0.126
5295,0.126
5296,0.126
5297,0.126
5298,0.126
5299,0.126
5300,0.126
5301,0.126
5302,0.126
5303,0.126
5304,0.126
5305,0.126
5306,0.126
5307,0.126
5308,0.126
5309,0.126
5310,0.126
5311,0.126
5312,0.126
5313,0.126
5314,0.126
5315,0.126
5316,0.126
5317,0.126
5318,0.126
5319,0.126
5320,0.126
5321,0.126
5322,0.126
5323,0.126
5324,0.126
5325,0.126
5326,0.126
5327,0.126
5328,0.126
5329,0.126
5330,0.126
5331,0.126
5332,0.126
5333,0.126
5334,0.126
5335,0.126
5336,0.126
5337,0.126
5338,0.126
5339,0.126
5340,0.126
5341,0.126
5342,0.126
5343,0.126
5344,0.126
5345,0.126
5346,0.126
5347,0.126
5348,0.126
5349,0.126
5350,0.126
5351,0.126
5352,0.126
5353,0.126
5354,0.126
5355,0.126
5356,0.126
5357,0.126
5358,0.126
5359,0.126
5360,0.126
5361,0.126
5362,0.126
5363,0.126
5364,0.126
5365,0.126
5366,0.126
5367,0.126
5368,0.126
5369,0.126
5370,0.126
5371,0.126
5372,0.126
5373,0.126
5374,0.126
5375,0.126
5376,0.126
5377,0.126
5378,0.126
5379,0.126
5380,0.126
5381,0.126
5382,0.126
5383,0.126
5384,0.126
5385,0.126
5386,0.126
5387,0.126
5388,0.126
5389,0.126
5390,0.126
5391,0.126
5392,0.126
5393,0.126
5394,0.126
5395,0.126
5396,0.126
5397,0.126
5398,0.126
5399,0.126
5400,0.126
5401,0.126
5402,0.126
5403,0.126
5404,0.126
5405,0.126
5406,0.126
5407,0.126
5408,0.126
5409,0.126
5410,0.126
5411,0.126
5412,0.126
5413,0.126
5414,0.126
5415,0.126
5416,0.126
5417,0.126
5418,0.126
5419,0.126
5420,0.126
5421,0.126
5422,0.126
5423,0.126
5424,0.126
5425,0.126
5426,0.126
5427,0.126
5428,0.126
5429,0.126
5430,0.126
5431,0.126
5432,0.126
5433,0.126
5434,0.126
5435,0.126
5436,0.126
5437,0.126
5438,0.126
5439,0.126
5440,0.126
5441,0.126
5442,0.126
5443,0.126
5444,0.126
5445,0.126
5446,0.126
5447,0.126
5448,0.126
5449,0.126
5450,0.126
5451,0.126
5452,0.126
5453,0.126
5454,0.126
5455,0.126
5456,0.126
5457,0.126
5458,0.126
5459,0.126
5460,0.126
5461,0.126
5462,0.126
5463,0.126
5464,0.126
5465,0.126
5466,0.126
5467,0.126
5468,0.126
5469,0.126
5470,0.126
5471,0.126
5472,0.126
5473,0.126
5474,0.126
5475,0.126
5476,0.126
5477,0.126
5478,0.126
5479,0.126
5480,0.126
5481,0.126
5482,0.126
5483,0.126
5484,0.126
5485,0.126
5486,0.126
5487,0.126
5488,0.126
5489,0.126
5490,0.126
5491,0.126
5492,0.126
5493,0.126
5494,0.126
5495,0.126
5496,0.126
5497,0.126
5498,0.126
5499,0.126
5500,0.126
5501,0.126
5502,0.126
5503,0.126
5504,0.126
5505,0.126
5506,0.126
5507,0.126
5508,0.126
5509,0.126
5510,0.126
5511,0.126
5512,0.126
5513,0.126
5514,0.126
5515,0.126
5516,0.126
5517,0.126
5518,0.126
5519,0.126
5520,0.126
5521,0.126
5522,0.126
5523,0.126
5524,0.126
5525,0.126
5526,0.126
5527,0.126
5528,0.126
5529,0.126
5530,0.126
5531,0.126
5532,0.126
5533,0.126
5534,0.126
5535,0.126
5536,0.126
5537,0.126
5538,0.126
5539,0.126
5540,0.126
5541,0.126
5542,0.126
5543,0.126
5544,0.126
5545,0.126
5546,0.126
5547,0.126
5548,0.126
5549,0.126
5550,0.126
5551,0.126
5552,0.126
5553,0.126
5554,0.126
5555,0.126
5556,0.126
5557,0.126
5558,0.126
5559,0.126
5560,0.126
5561,0.126
5562,0.126
5563,0.126
5564,0.126
5565,0.126
5566,0.126
5567,0.126
5568,0.126
5569,0.126
5570,0.126
5571,0.126
5572,0.126
5573,0.126
5574,0.126
5575,0.126
5576,0.126
5577,0.126
5578,0.126
5579,0.126
5580,0.126
5581,0.126
5582,0.126
5583,0.126
5584,0.126
5585,0.126
5586,0.126
5587,0.126
5588,0.126
5589,0.126
5590,0.126
5591,0.126
5592,0.126
5593,0.126
5594,0.126
5595,0.126
5596,0.126
5597,0.126
5598,0.126
5599,0.126
5600,0.126
5601,0.126
5602,0.126
5603,0.126
5604,0.126
5605,0.126
5606,0.126
5607,0.126
5608,0.126
5609,0.126
5610,0.126
5611,0.126
5612,0.126
5613,0.126
5614,0.126
5615,0.126
5616,0.126
5617,0.126
5618,0.126
5619,0.126
5620,0.126
5621,0.126
5622,0.126
5623,0.126
5624,0.126
5625,0.126
5626,0.126
5627,0.126
5628,0.126
5629,0.126
5630,0.126
5631,0.126
5632,0.126
5633,0.126
5634,0.126
5635,0.126
5636,0.126
5637,0.126
5638,0.126
5639,0.126
5640,0.126
5641,0.126
5642,0.126
5643,0.126
5644,0.126
5645,0.126
5646,0.126
5647,0.126
5648,0.126
5649,0.126
5650,0.126
5651,0.126
5652,0.126
5653,0.126
5654,0.126
5655,0.126
5656,0.126
5657,0.126
5658,0.126
5659,0.126
5660,0.126
5661,0.126
5662,0.126
5663,0.126
5664,0.126
5665,0.126
5666,0.126
5667,0.126
5668,0.126
5669,0.126
5670,0.126
5671,0.126
5672,0.126
5673,0.126
5674,0.126
5675,0.126
5676,0.126
5677,0.126
5678,0.126
5679,0.126
5680,0.126
5681,0.126
5682,0.126
5683,0.126
5684,0.126
5685,0.126
5686,0.126
5687,0.126
5688,0.126
5689,0.126
5690,0.126
5691,0.126
5692,0.126
5693,0.126
5694,0.126
5695,0.126
5696,0.126
5697,0.126
5698,0.126
5699,0.126
5700,0.126
5701,0.126
5702,0.126
5703,0.126
5704,0.126
5705,0.126
5706,0.126
5707,0.126
5708,0.126
5709,0.126
5710,0.126
5711,0.126
5712,0.126
5713,0.126
5714,0.126
5715,0.126
5716,0.126
5717,0.126
5718,0.126
5719,0.126
5720,0.126
5721,0.126
5722,0.126
5723,0.126
5724,0.126
5725,0.126
5726,0.126
5727,0.126
5728,0.126
5729,0.126
5730,0.126
5731,0.126
5732,0.126
5733,0.126
5734,0.126
5735,0.126
5736,0.126
5737,0.126
5738,0.126
5739,0.126
5740,0.126
5741,0.126
5742,0.126
5743,0.126
5744,0.126
5745,0.126
5746,0.126
5747,0.126
5748,0.126
5749,0.126
5750,0.126
5751,0.126
5752,0.126
5753,0.126
5754,0.126
5755,0.126
5756,0.126
5757,0.126
5758,0.126
5759,0.126
5760,0.126
5761,0.126
5762,0.126
5763,0.126
5764,0.126
5765,0.126
5766,0.126
5767,0.126
5768,0.126
5769,0.126
5770,0.126
5771,0.126
5772,0.126
5773,0.126
5774,0.126
5775,0.126
5776,0.126
5777,0.126
5778,0.126
5779,0.126
5780,0.126
5781,0.126
5782,0.126
5783,0.126
5784,0.126
5785,0.126
5786,0.126
5787,0.126
5788,0.126
5789,0.126
5790,0.126
5791,0.126
5792,0.126
5793,0.126
5794,0.126
5795,0.126
5796,0.126
5797,0.126
5798,0.126
5799,0.126
5800,0.126
5801,0.126
5802,0.126
5803,0.126
5804,0.126
5805,0.126
5806,0.126
5807,0.126
5808,0.126
5809,0.126
5810,0.126
5811,0.126
5812,0.126
5813,0.126
5814,0.126
5815,0.126
5816,0.126
5817,0.126
5818,0.126
5819,0.126
5820,0.126
5821,0.126
5822,0.126
5823,0.126
5824,0.126
5825,0.126
5826,0.126
5827,0.126
5828,0.126
5829,0.126
5830,0.126
5831,0.126
5832,0.126
5833,0.126
5834,0.126
5835,0.126
5836,0.126
5837,0.126
5838,0.126
5839,0.126
5840,0.126
5841,0.126
5842,0.126
5843,0.126
5844,0.126
5845,0.126
5846,0.126
5847,0.126
5848,0.126
5849,0.126
5850,0.126
5851,0.126
5852,0.126
5853,0.126
5854,0.126
5855,0.126
5856,0.126
5857,0.126
5858,0.126
5859,0.126
5860,0.126
5861,0.126
5862,0.126
5863,0.126
5864,0.126
5865,0.126
5866,0.126
5867,0.126
5868,0.126
5869,0.126
5870,0.126
5871,0.126
5872,0.126
5873,0.126
5874,0.126
5875,0.126
5876,0.126
5877,0.126
5878,0.126
5879,0.126
5880,0.126
5881,0.126
5882,0.126
5883,0.126
5884,0.126
5885,0.126
5886,0.126
5887,0.126
5888,0.126
5889,0.126
5890,0.126
5891,0.126
5892,0.126
5893,0.126
5894,0.126
5895,0.126
5896,0.126
5897,0.126
5898,0.126
5899,0.126
5900,0.126
5901,0.126
5902,0.126
5903,0.126
5904,0.126
5905,0.126
5906,0.126
5907,0.126
5908,0.126
5909,0.126
5910,0.126
5911,0.126
5912,0.126
5913,0.126
5914,0.126
5915,0.126
5916,0.126
5917,0.126
5918,0.126
5919,0.126
5920,0.126
5921,0.126
5922,0.126
5923,0.126
5924,0.126
5925,0.126
5926,0.126
5927,0.126
5928,0.126
5929,0.126
5930,0.126
5931,0.126
5932,0.126
5933,0.126
5934,0.126
5935,0.126
5936,0.126
5937,0.126
5938,0.126
5939,0.126
5940,0.126
5941,0.126
5942,0.126
5943,0.126
5944,0.126
5945,0.126
5946,0.126
5947,0.126
5948,0.126
5949,0.126
5950,0.126
5951,0.126
5952,0.126
5953,0.126
5954,0.126
5955,0.126
5956,0.126
5957,0.126
5958,0.126
5959,0.126
5960,0.126
5961,0.126
5962,0.126
5963,0.126
5964,0.126
5965,0.126
5966,0.126
5967,0.126
5968,0.126
5969,0.126
5970,0.126
5971,0.126
5972,0.126
5973,0.126
5974,0.126
5975,0.126
5976,0.126
5977,0.126
5978,0.126
5979,0.126
5980,0.126
5981,0.126
5982,0.126
5983,0.126
5984,0.126
5985,0.126
5986,0.126
5987,0.126
5988,0.126
5989,0.126
5990,0.126
5991,0.126
5992,0.126
5993,0.126
5994,0.126
5995,0.126
5996,0.126
5997,0.126
5998,0.126
5999,0.126
6000,0.126
6001,0.126
6002,0.126
6003,0.126
6004,0.126
6005,0.126
6006,0.126
6007,0.126
6008,0.126
6009,0.126
6010,0.126
6011,0.126
6012,0.126
6013,0.126
6014,0.126
6015,0.126
6016,0.126
6017,0.126
6018,0.126
6019,0.126
6020,0.126
6021,0.126
6022,0.126
6023,0.126
6024,0.126
6025,0.126
6026,0.126
6027,0.126
6028,0.126
6029,0.126
6030,0.126
6031,0.126
6032,0.126
6033,0.126
6034,0.126
6035,0.126
6036,0.126
6037,0.126
6038,0.126
6039,0.126
6040,0.126
6041,0.126
6042,0.126
6043,0.126
6044,0.126
6045,0.126
6046,0.126
6047,0.126
6048,0.126
6049,0.126
6050,0.126
6051,0.126
6052,0.126
6053,0.126
6054,0.126
6055,0.126
6056,0.126
6057,0.126
6058,0.126
6059,0.126
6060,0.126
6061,0.126
6062,0.126
6063,0.126
6064,0.126
6065,0.126
6066,0.126
6067,0.126
6068,0.126
6069,0.126
6070,0.126
6071,0.126
6072,0.126
6073,0.126
6074,0.126
6075,0.126
6076,0.126
6077,0.126
6078,0.126
6079,0.126
6080,0.126
6081,0.126
6082,0.126
6083,0.126
6084,0.126
6085,0.126
6086,0.126
6087,0.126
6088,0.126
6089,0.126
6090,0.126
6091,0.126
6092,0.126
6093,0.126
6094,0.126
6095,0.126
6096,0.126
6097,0.126
6098,0.126
6099,0.126
6100,0.126
6101,0.126
6102,0.126
6103,0.126
6104,0.126
6105,0.126
6106,0.126
6107,0.126
6108,0.126
6109,0.126
6110,0.126
6111,0.126
6112,0.126
6113,0.126
6114,0.126
6115,0.126
6116,0.126
6117,0.126
6118,0.126
6119,0.126
6120,0.126
6121,0.126
6122,0.126
6123,0.126
6124,0.126
6125,0.126
6126,0.126
6127,0.126
6128,0.126
6129,0.126
6130,0.126
6131,0.126
6132,0.126
6133,0.126
6134,0.126
6135,0.126
6136,0.126
6137,0.126
6138,0.126
6139,0.126
6140,0.126
6141,0.126
6142,0.126
6143,0.126
6144,0.126
6145,0.126
6146,0.126
6147,0.126
6148,0.126
6149,0.126
6150,0.126
6151,0.126
6152,0.126
6153,0.126
6154,0.126
6155,0.126
6156,0.126
6157,0.126
6158,0.126
6159,0.126
6160,0.126
6161,0.126
6162,0.126
6163,0.126
6164,0.126
6165,0.126
6166,0.126
6167,0.126
6168,0.126
6169,0.126
6170,0.126
6171,0.126
6172,0.126
6173,0.126
6174,0.126
6175,0.126
6176,0.126
6177,0.126
6178,0.126
6179,0.126
6180,0.126
6181,0.126
6182,0.126
6183,0.126
6184,0.126
6185,0.126
6186,0.126
6187,0.126
6188,0.126
6189,0.126
6190,0.126
6191,0.126
6192,0.126
6193,0.126
6194,0.126
6195,0.126
6196,0.126
6197,0.126
6198,0.126
6199,0.126
6200,0.126
6201,0.126
6202,0.126
6203,0.126
6204,0.126
6205,0.126
6206,0.126
6207,0.126
6208,0.126
6209,0.126
6210,0.126
6211,0.126
6212,0.126
6213,0.126
6214,0.126
6215,0.126
6216,0.126
6217,0.126
6218,0.126
6219,0.126
6220,0.126
6221,0.126
6222,0.126
6223,0.126
6224,0.126
6225,0.126
6226,0.126
6227,0.126
6228,0.126
6229,0.126
6230,0.126
6231,0.126
6232,0.126
6233,0.126
6234,0.126
6235,0.126
6236,0.126
6237,0.126
6238,0.126
6239,0.126
6240,0.126
6241,0.126
6242,0.126
6243,0.126
6244,0.126
6245,0.126
6246,0.126
6247,0.126
6248,0.126
6249,0.126
6250,0.126
6251,0.126
6252,0.126
6253,0.126
6254,0.126
6255,0.126
6256,0.126
6257,0.126
6258,0.126
6259,0.126
6260,0.126
6261,0.126
6262,0.126
6263,0.126
6264,0.126
6265,0.126
6266,0.126
6267,0.126
6268,0.126
6269,0.126
6270,0.126
6271,0.126
6272,0.126
6273,0.126
6274,0.126
6275,0.126
6276,0.126
6277,0.126
6278,0.126
6279,0.126
6280,0.126
6281,0.126
6282,0.126
6283,0.126
6284,0.126
6285,0.126
6286,0.126
6287,0.126
6288,0.126
6289,0.126
6290,0.126
6291,0.126
6292,0.126
6293,0.126
6294,0.126
6295,0.126
6296,0.126
6297,0.126
6298,0.126
6299,0.126
6300,0.126
6301,0.126
6302,0.126
6303,0.126
6304,0.126
6305,0.126
6306,0.126
6307,0.126
6308,0.126
6309,0.126
6310,0.126
6311,0.126
6312,0.126
6313,0.126
6314,0.126
6315,0.126
6316,0.126
6317,0.126
6318,0.126
6319,0.126
6320,0.126
6321,0.126
6322,0.126
6323,0.126
6324,0.126
6325,0.126
6326,0.126
6327,0.126
6328,0.126
6329,0.126
6330,0.126
6331,0.126
6332,0.126
6333,0.126
6334,0.126
6335,0.126
6336,0.126
6337,0.126
6338,0.126
6339,0.126
6340,0.126
6341,0.126
6342,0.126
6343,0.126
6344,0.126
6345,0.126
6346,0.126
6347,0.126
6348,0.126
6349,0.126
6350,0.126
6351,0.126
6352,0.126
6353,0.126
6354,0.126
6355,0.126
6356,0.126
6357,0.126
6358,0.126
6359,0.126
6360,0.126
6361,0.126
6362,0.126
6363,0.126
6364,0.126
6365,0.126
6366,0.126
6367,0.126
6368,0.126
6369,0.126
6370,0.126
6371,0.126
6372,0.126
6373,0.126
6374,0.126
6375,0.126
6376,0.126
6377,0.126
6378,0.126
6379,0.126
6380,0.126
6381,0.126
6382,0.126
6383,0.126
6384,0.126
6385,0.126
6386,0.126
6387,0.126
6388,0.126
6389,0.126
6390,0.126
6391,0.126
6392,0.126
6393,0.126
6394,0.126
6395,0.126
6396,0.126
6397,0.126
6398,0.126
6399,0.126
6400,0.126
6401,0.126
6402,0.126
6403,0.126
6404,0.126
6405,0.126
6406,0.126
6407,0.126
6408,0.126
6409,0.126
6410,0.126
6411,0.126
6412,0.126
6413,0.126
6414,0.126
6415,0.126
6416,0.126
6417,0.126
6418,0.126
6419,0.126
6420,0.126
6421,0.126
6422,0.126
6423,0.126
6424,0.126
6425,0.126
6426,0.126
6427,0.126
6428,0.126
6429,0.126
6430,0.126
6431,0.126
6432,0.126
6433,0.126
6434,0.126
6435,0.126
6436,0.126
6437,0.126
6438,0.126
6439,0.126
6440,0.126
6441,0.126
6442,0.126
6443,0.126
6444,0.126
6445,0.126
6446,0.126
6447,0.126
6448,0.126
6449,0.126
6450,0.126
6451,0.126
6452,0.126
6453,0.126
6454,0.126
6455,0.126
6456,0.126
6457,0.126
6458,0.126
6459,0.126
6460,0.126
6461,0.126
6462,0.126
6463,0.126
6464,0.126
6465,0.126
6466,0.126
6467,0.126
6468,0.126
6469,0.126
6470,0.126
6471,0.126
6472,0.126
6473,0.126
6474,0.126
6475,0.126
6476,0.126
6477,0.126
6478,0.126
6479,0.126
6480,0.126
6481,0.126
6482,0.126
6483,0.126
6484,0.126
6485,0.126
6486,0.126
6487,0.126
6488,0.126
6489,0.126
6490,0.126
6491,0.126
6492,0.126
6493,0.126
6494,0.126
6495,0.126
6496,0.126
6497,0.126
6498,0.126
6499,0.126
6500,0.126
6501,0.126
6502,0.126
6503,0.126
6504,0.126
6505,0.126
6506,0.126
6507,0.126
6508,0.126
6509,0.126
6510,0.126
6511,0.126
6512,0.126
6513,0.126
6514,0.126
6515,0.126
6516,0.126
6517,0.126
6518,0.126
6519,0.126
6520,0.126
6521,0.126
6522,0.126
6523,0.126
6524,0.126
6525,0.126
6526,0.126
6527,0.126
6528,0.126
6529,0.126
6530,0.126
6531,0.126
6532,0.126
6533,0.126
6534,0.126
6535,0.126
6536,0.126
6537,0.126
6538,0.126
6539,0.126
6540,0.126
6541,0.126
6542,0.126
6543,0.126
6544,0.126
6545,0.126
6546,0.126
6547,0.126
6548,0.126
6549,0.126
6550,0.126
6551,0.126
6552,0.126
6553,0.126
6554,0.126
6555,0.126
6556,0.126
6557,0.126
6558,0.126
6559,0.126
6560,0.126
6561,0.126
6562,0.126
6563,0.126
6564,0.126
6565,0.126
6566,0.126
6567,0.126
6568,0.126
6569,0.126
6570,0.126
6571,0.126
6572,0.126
6573,0.126
6574,0.126
6575,0.126
6576,0.126
6577,0.126
6578,0.126
6579,0.126
6580,0.126
6581,0.126
6582,0.126
6583,0.126
6584,0.126
6585,0.126
6586,0.126
6587,0.126
6588,0.126
6589,0.126
6590,0.126
6591,0.126
6592,0.126
6593,0.126
6594,0.126
6595,0.126
6596,0.126
6597,0.126
6598,0.126
6599,0.126
6600,0.126
6601,0.126
6602,0.126
6603,0.126
6604,0.126
6605,0.126
6606,0.126
6607,0.126
6608,0.126
6609,0.126
6610,0.126
6611,0.126
6612,0.126
6613,0.126
6614,0.126
6615,0.126
6616,0.126
6617,0.126
6618,0.126
6619,0.126
6620,0.126
6621,0.126
6622,0.126
6623,0.126
6624,0.126
6625,0.126
6626,0.126
6627,0.126
6628,0.126
6629,0.126
6630,0.126
6631,0.126
6632,0.126
6633,0.126
6634,0.126
6635,0.126
6636,0.126
6637,0.126
6638,0.126
6639,0.126
6640,0.126
6641,0.126
6642,0.126
6643,0.126
6644,0.126
6645,0.126
6646,0.126
6647,0.126
6648,0.126
6649,0.126
6650,0.126
6651,0.126
6652,0.126
6653,0.126
6654,0.126
6655,0.126
6656,0.126
6657,0.126
6658,0.126
6659,0.126
6660,0.126
6661,0.126
6662,0.126
6663,0.126
6664,0.126
6665,0.126
6666,0.126
6667,0.126
6668,0.126
6669,0.126
6670,0.126
6671,0.126
6672,0.126
6673,0.126
6674,0.126
6675,0.126
6676,0.126
6677,0.126
6678,0.126
6679,0.126
6680,0.126
6681,0.126
6682,0.126
6683,0.126
6684,0.126
6685,0.126
6686,0.126
6687,0.126
6688,0.126
6689,0.126
6690,0.126
6691,0.126
6692,0.126
6693,0.126
6694,0.126
6695,0.126
6696,0.126
6697,0.126
6698,0.126
6699,0.126
6700,0.126
6701,0.126
6702,0.126
6703,0.126
6704,0.126
6705,0.126
6706,0.126
6707,0.126
6708,0.126
6709,0.126
6710,0.126
6711,0.126
6712,0.126
6713,0.126
6714,0.126
6715,0.126
6716,0.126
6717,0.126
6718,0.126
6719,0.126
6720,0.126
6721,0.126
6722,0.126
6723,0.126
6724,0.126
6725,0.126
6726,0.126
6727,0.126
6728,0.126
6729,0.126
6730,0.126
6731,0.126
6732,0.126
6733,0.126
6734,0.126
6735,0.126
6736,0.126
6737,0.126
6738,0.126
6739,0.126
6740,0.126
6741,0.126
6742,0.126
6743,0.126
6744,0.126
6745,0.126
6746,0.126
6747,0.126
6748,0.126
6749,0.126
6750,0.126
6751,0.126
6752,0.126
6753,0.126
6754,0.126
6755,0.126
6756,0.126
6757,0.126
6758,0.126
6759,0.126
6760,0.126
6761,0.126
6762,0.126
6763,0.126
6764,0.126
6765,0.126
6766,0.126
6767,0.126
6768,0.126
6769,0.126
6770,0.126
6771,0.126
6772,0.126
6773,0.126
6774,0.126
6775,0.126
6776,0.126
6777,0.126
6778,0.126
6779,0.126
6780,0.126
6781,0.126
6782,0.126
6783,0.126
6784,0.126
6785,0.126
6786,0.126
6787,0.126
6788,0.126
6789,0.126
6790,0.126
6791,0.126
6792,0.126
6793,0.126
6794,0.126
6795,0.126
6796,0.126
6797,0.126
6798,0.126
6799,0.126
6800,0.126
6801,0.126
6802,0.126
6803,0.126
6804,0.126
6805,0.126
6806,0.126
6807,0.126
6808,0.126
6809,0.126
6810,0.126
6811,0.126
6812,0.126
6813,0.126
6814,0.126
6815,0.126
6816,0.126
6817,0.126
6818,0.126
6819,0.126
6820,0.126
6821,0.126
6822,0.126
6823,0.126
6824,0.126
6825,0.126
6826,0.126
6827,0.126
6828,0.126
6829,0.126
6830,0.126
6831,0.126
6832,0.126
6833,0.126
6834,0.126
6835,0.126
6836,0.126
6837,0.126
6838,0.126
6839,0.126
6840,0.126
6841,0.126
6842,0.126
6843,0.126
6844,0.126
6845,0.126
6846,0.126
6847,0.126
6848,0.126
6849,0.126
6850,0.126
6851,0.126
6852,0.126
6853,0.126
6854,0.126
6855,0.126
6856,0.126
6857,0.126
6858,0.126
6859,0.126
6860,0.126
6861,0.126
6862,0.126
6863,0.126
6864,0.126
6865,0.126
6866,0.126
6867,0.126
6868,0.126
6869,0.126
6870,0.126
6871,0.126
6872,0.126
6873,0.126
6874,0.126
6875,0.126
6876,0.126
6877,0.126
6878,0.126
6879,0.126
6880,0.126
6881,0.126
6882,0.126
6883,0.126
6884,0.126
6885,0.126
6886,0.126
6887,0.126
6888,0.126
6889,0.126
6890,0.126
6891,0.126
6892,0.126
6893,0.126
6894,0.126
6895,0.126
6896,0.126
6897,0.126
6898,0.126
6899,0.126
6900,0.126
6901,0.126
6902,0.126
6903,0.126
6904,0.126
6905,0.126
6906,0.126
6907,0.126
6908,0.126
6909,0.126
6910,0.126
6911,0.126
6912,0.126
6913,0.126
6914,0.126
6915,0.126
6916,0.126
6917,0.126
6918,0.126
6919,0.126
6920,0.126
6921,0.126
6922,0.126
6923,0.126
6924,0.126
6925,0.126
6926,0.126
6927,0.126
6928,0.126
6929,0.126
6930,0.126
6931,0.126
6932,0.126
6933,0.126
6934,0.126
6935,0.126
6936,0.126
6937,0.126
6938,0.126
6939,0.126
6940,0.126
6941,0.126
6942,0.126
6943,0.126
6944,0.126
6945,0.126
6946,0.126
6947,0.126
6948,0.126
6949,0.126
6950,0.126
6951,0.126
6952,0.126
6953,0.126
6954,0.126
6955,0.126
6956,0.126
6957,0.126
6958,0.126
6959,0.126
6960,0.126
6961,0.126
6962,0.126
6963,0.126
6964,0.126
6965,0.126
6966,0.126
6967,0.126
6968,0.126
6969,0.126
6970,0.126
6971,0.126
6972,0.126
6973,0.126
6974,0.126
6975,0.126
6976,0.126
6977,0.126
6978,0.126
6979,0.126
6980,0.126
6981,0.126
6982,0.126
6983,0.126
6984,0.126
6985,0.126
6986,0.126
6987,0.126
6988,0.126
6989,0.126
6990,0.126
6991,0.126
6992,0.126
6993,0.126
6994,0.126
6995,0.126
6996,0.126
6997,0.126
6998,0.126
6999,0.126
7000,0.126
7001,0.126
7002,0.126
7003,0.126
7004,0.126
7005,0.126
7006,0.126
7007,0.126
7008,0.126
7009,0.126
7010,0.126
7011,0.126
7012,0.126
7013,0.126
7014,0.126
7015,0.126
7016,0.126
7017,0.126
7018,0.126
7019,0.126
7020,0.126
7021,0.126
7022,0.126
7023,0.126
7024,0.126
7025,0.126
7026,0.126
7027,0.126
7028,0.126
7029,0.126
7030,0.126
7031,0.126
7032,0.126
7033,0.126
7034,0.126
7035,0.126
7036,0.126
7037,0.126
7038,0.126
7039,0.126
7040,0.126
7041,0.126
7042,0.126
7043,0.126
7044,0.126
7045,0.126
7046,0.126
7047,0.126
7048,0.126
7049,0.126
7050,0.126
7051,0.126
7052,0.126
7053,0.126
7054,0.126
7055,0.126
7056,0.126
7057,0.126
7058,0.126
7059,0.126
7060,0.126
7061,0.126
7062,0.126
7063,0.126
7064,0.126
7065,0.126
7066,0.126
7067,0.126
7068,0.126
7069,0.126
7070,0.126
7071,0.126
7072,0.126
7073,0.126
7074,0.126
7075,0.126
7076,0.126
7077,0.126
7078,0.126
7079,0.126
7080,0.126
7081,0.126
7082,0.126
7083,0.126
7084,0.126
7085,0.126
7086,0.126
7087,0.126
7088,0.126
7089,0.126
7090,0.126
7091,0.126
7092,0.126
7093,0.126
7094,0.126
7095,0.126
7096,0.126
7097,0.126
7098,0.126
7099,0.126
7100,0.126
7101,0.126
7102,0.126
7103,0.126
7104,0.126
7105,0.126
7106,0.126
7107,0.126
7108,0.126
7109,0.126
7110,0.126
7111,0.126
7112,0.126
7113,0.126
7114,0.126
7115,0.126
7116,0.126
7117,0.126
7118,0.126
7119,0.126
7120,0.126
7121,0.126
7122,0.126
7123,0.126
7124,0.126
7125,0.126
7126,0.126
7127,0.126
7128,0.126
7129,0.126
7130,0.126
7131,0.126
7132,0.126
7133,0.126
7134,0.126
7135,0.126
7136,0.126
7137,0.126
7138,0.126
7139,0.126
7140,0.126
7141,0.126
7142,0.126
7143,0.126
7144,0.126
7145,0.126
7146,0.126
7147,0.126
7148,0.126
7149,0.126
7150,0.126
7151,0.126
7152,0.126
7153,0.126
7154,0.126
7155,0.126
7156,0.126
7157,0.126
7158,0.126
7159,0.126
7160,0.126
7161,0.126
7162,0.126
7163,0.126
7164,0.126
7165,0.126
7166,0.126
7167,0.126
7168,0.126
7169,0.126
7170,0.126
7171,0.126
7172,0.126
7173,0.126
7174,0.126
7175,0.126
7176,0.126
7177,0.126
7178,0.126
7179,0.126
7180,0.126
7181,0.126
7182,0.126
7183,0.126
7184,0.126
7185,0.126
7186,0.126
7187,0.126
7188,0.126
7189,0.126
7190,0.126
7191,0.126
7192,0.126
7193,0.126
7194,0.126
7195,0.126
7196,0.126
7197,0.126
7198,0.126
7199,0.126
7200,0.126
7201,0.126
7202,0.126
7203,0.126
7204,0.126
7205,0.126
7206,0.126
7207,0.126
7208,0.126
7209,0.126
7210,0.126
7211,0.126
7212,0.126
7213,0.126
7214,0.126
7215,0.126
7216,0.126
7217,0.126
7218,0.126
7219,0.126
7220,0.126
7221,0.126
7222,0.126
7223,0.126
7224,0.126
7225,0.126
7226,0.126
7227,0.126
7228,0.126
7229,0.126
7230,0.126
7231,0.126
7232,0.126
7233,0.126
7234,0.126
7235,0.126
7236,0.126
7237,0.126
7238,0.126
7239,0.126
7240,0.126
7241,0.126
7242,0.126
7243,0.126
7244,0.126
7245,0.126
7246,0.126
7247,0.126
7248,0.126
7249,0.126
7250,0.126
7251,0.126
7252,0.126
7253,0.126
7254,0.126
7255,0.126
7256,0.126
7257,0.126
7258,0.126
7259,0.126
7260,0.126
7261,0.126
7262,0.126
7263,0.126
7264,0.126
7265,0.126
7266,0.126
7267,0.126
7268,0.126
7269,0.126
7270,0.126
7271,0.126
7272,0.126
7273,0.126
7274,0.126
7275,0.126
7276,0.126
7277,0.126
7278,0.126
7279,0.126
7280,0.126
7281,0.126
7282,0.126
7283,0.126
7284,0.126
7285,0.126
7286,0.126
7287,0.126
7288,0.126
7289,0.126
7290,0.126
7291,0.126
7292,0.126
7293,0.126
7294,0.126
7295,0.126
7296,0.126
7297,0.126
7298,0.126
7299,0.126
7300,0.126
7301,0.126
7302,0.126
7303,0.126
7304,0.126
7305,0.126
7306,0.126
7307,0.126
7308,0.126
7309,0.126
7310,0.126
7311,0.126
7312,0.126
7313,0.126
7314,0.126
7315,0.126
7316,0.126
7317,0.126
7318,0.126
7319,0.126
7320,0.126
7321,0.126
7322,0.126
7323,0.126
7324,0.126
7325,0.126
7326,0.126
7327,0.126
7328,0.126
7329,0.126
7330,0.126
7331,0.126
7332,0.126
7333,0.126
7334,0.126
7335,0.126
7336,0.126
7337,0.126
7338,0.126
7339,0.126
7340,0.126
7341,0.126
7342,0.126
7343,0.126
7344,0.126
7345,0.126
7346,0.126
7347,0.126
7348,0.126
7349,0.126
7350,0.126
7351,0.126
7352,0.126
7353,0.126
7354,0.126
7355,0.126
7356,0.126
7357,0.126
7358,0.126
7359,0.126
7360,0.126
7361,0.126
7362,0.126
7363,0.126
7364,0.126
7365,0.126
7366,0.126
7367,0.126
7368,0.126
7369,0.126
7370,0.126
7371,0.126
7372,0.126
7373,0.126
7374,0.126
7375,0.126
7376,0.126
7377,0.126
7378,0.126
7379,0.126
7380,0.126
7381,0.126
7382,0.126
7383,0.126
7384,0.126
7385,0.126
7386,0.126
7387,0.126
7388,0.126
7389,0.126
7390,0.126
7391,0.126
7392,0.126
7393,0.126
7394,0.126
7395,0.126
7396,0.126
7397,0.126
7398,0.126
7399,0.126
7400,0.126
7401,0.126
7402,0.126
7403,0.126
7404,0.126
7405,0.126
7406,0.126
7407,0.126
7408,0.126
7409,0.126
7410,0.126
7411,0.126
7412,0.126
7413,0.126
7414,0.126
7415,0.126
7416,0.126
7417,0.126
7418,0.126
7419,0.126
7420,0.126
7421,0.126
7422,0.126
7423,0.126
7424,0.126
7425,0.126
7426,0.126
7427,0.126
7428,0.126
7429,0.126
7430,0.126
7431,0.126
7432,0.126
7433,0.126
7434,0.126
7435,0.126
7436,0.126
7437,0.126
7438,0.126
7439,0.126
7440,0.126
7441,0.126
7442,0.126
7443,0.126
7444,0.126
7445,0.126
7446,0.126
7447,0.126
7448,0.126
7449,0.126
7450,0.126
7451,0.126
7452,0.126
7453,0.126
7454,0.126
7455,0.126
7456,0.126
7457,0.126
7458,0.126
7459,0.126
7460,0.126
7461,0.126
7462,0.126
7463,0.126
7464,0.126
7465,0.126
7466,0.126
7467,0.126
7468,0.126
7469,0.126
7470,0.126
7471,0.126
7472,0.126
7473,0.126
7474,0.126
7475,0.126
7476,0.126
7477,0.126
7478,0.126
7479,0.126
7480,0.126
7481,0.126
7482,0.126
7483,0.126
7484,0.126
7485,0.126
7486,0.126
7487,0.126
7488,0.126
7489,0.126
7490,0.126
7491,0.126
7492,0.126
7493,0.126
7494,0.126
7495,0.126
7496,0.126
7497,0.126
7498,0.126
7499,0.126
7500,0.126
7501,0.126
7502,0.126
7503,0.126
7504,0.126
7505,0.126
7506,0.126
7507,0.126
7508,0.126
7509,0.126
7510,0.126
7511,0.126
7512,0.126
7513,0.126
7514,0.126
7515,0.126
7516,0.126
7517,0.126
7518,0.126
7519,0.126
7520,0.126
7521,0.126
7522,0.126
7523,0.126
7524,0.126
7525,0.126
7526,0.126
7527,0.126
7528,0.126
7529,0.126
7530,0.126
7531,0.126
7532,0.126
7533,0.126
7534,0.126
7535,0.126
7536,0.126
7537,0.126
7538,0.126
7539,0.126
7540,0.126
7541,0.126
7542,0.126
7543,0.126
7544,0.126
7545,0.126
7546,0.126
7547,0.126
7548,0.126
7549,0.126
7550,0.126
7551,0.126
7552,0.126
7553,0.126
7554,0.126
7555,0.126
7556,0.126
7557,0.126
7558,0.126
7559,0.126
7560,0.126
7561,0.126
7562,0.126
7563,0.126
7564,0.126
7565,0.126
7566,0.126
7567,0.126
7568,0.126
7569,0.126
7570,0.126
7571,0.126
7572,0.126
7573,0.126
7574,0.126
7575,0.126
7576,0.126
7577,0.126
7578,0.126
7579,0.126
7580,0.126
7581,0.126
7582,0.126
7583,0.126
7584,0.126
7585,0.126
7586,0.126
7587,0.126
7588,0.126
7589,0.126
7590,0.126
7591,0.126
7592,0.126
7593,0.126
7594,0.126
7595,0.126
7596,0.126
7597,0.126
7598,0.126
7599,0.126
7600,0.126
7601,0.126
7602,0.126
7603,0.126
7604,0.126
7605,0.126
7606,0.126
7607,0.126
7608,0.126
7609,0.126
7610,0.126
7611,0.126
7612,0.126
7613,0.126
7614,0.126
7615,0.126
7616,0.126
7617,0.126
7618,0.126
7619,0.126
7620,0.126
7621,0.126
7622,0.126
7623,0.126
7624,0.126
7625,0.126
7626,0.126
7627,0.126
7628,0.126
7629,0.126
7630,0.126
7631,0.126
7632,0.126
7633,0.126
7634,0.126
7635,0.126
7636,0.126
7637,0.126
7638,0.126
7639,0.126
7640,0.126
7641,0.126
7642,0.126
7643,0.126
7644,0.126
7645,0.126
7646,0.126
7647,0.126
7648,0.126
7649,0.126
7650,0.126
7651,0.126
7652,0.126
7653,0.126
7654,0.126
7655,0.126
7656,0.126
7657,0.126
7658,0.126
7659,0.126
7660,0.126
7661,0.126
7662,0.126
7663,0.126
7664,0.126
7665,0.126
7666,0.126
7667,0.126
7668,0.126
7669,0.126
7670,0.126
7671,0.126
7672,0.126
7673,0.126
7674,0.126
7675,0.126
7676,0.126
7677,0.126
7678,0.126
7679,0.126
7680,0.126
7681,0.126
7682,0.126
7683,0.126
7684,0.126
7685,0.126
7686,0.126
7687,0.126
7688,0.126
7689,0.126
7690,0.126
7691,0.126
7692,0.126
7693,0.126
7694,0.126
7695,0.126
7696,0.126
7697,0.126
7698,0.126
7699,0.126
7700,0.126
7701,0.126
7702,0.126
7703,0.126
7704,0.126
7705,0.126
7706,0.126
7707,0.126
7708,0.126
7709,0.126
7710,0.126
7711,0.126
7712,0.126
7713,0.126
7714,0.126
7715,0.126
7716,0.126
7717,0.126
7718,0.126
7719,0.126
7720,0.126
7721,0.126
7722,0.126
7723,0.126
7724,0.126
7725,0.126
7726,0.126
7727,0.126
7728,0.126
7729,0.126
7730,0.126
7731,0.126
7732,0.126
7733,0.126
7734,0.126
7735,0.126
7736,0.126
7737,0.126
7738,0.126
7739,0.126
7740,0.126
7741,0.126
7742,0.126
7743,0.126
7744,0.126
7745,0.126
7746,0.126
7747,0.126
7748,0.126
7749,0.126
7750,0.126
7751,0.126
7752,0.126
7753,0.126
7754,0.126
7755,0.126
7756,0.126
7757,0.126
7758,0.126
7759,0.126
7760,0.126
7761,0.126
7762,0.126
7763,0.126
7764,0.126
7765,0.126
7766,0.126
7767,0.126
7768,0.126
7769,0.126
7770,0.126
7771,0.126
7772,0.126
7773,0.126
7774,0.126
7775,0.126
7776,0.126
7777,0.126
7778,0.126
7779,0.126
7780,0.126
7781,0.126
7782,0.126
7783,0.126
7784,0.126
7785,0.126
7786,0.126
7787,0.126
7788,0.126
7789,0.126
7790,0.126
7791,0.126
7792,0.126
7793,0.126
7794,0.126
7795,0.126
7796,0.126
7797,0.126
7798,0.126
7799,0.126
7800,0.126
7801,0.126
7802,0.126
7803,0.126
7804,0.126
7805,0.126
7806,0.126
7807,0.126
7808,0.126
7809,0.126
7810,0.126
7811,0.126
7812,0.126
7813,0.126
7814,0.126
7815,0.126
7816,0.126
7817,0.126
7818,0.126
7819,0.126
7820,0.126
7821,0.126
7822,0.126
7823,0.126
7824,0.126
7825,0.126
7826,0.126
7827,0.126
7828,0.126
7829,0.126
7830,0.126
7831,0.126
7832,0.126
7833,0.126
7834,0.126
7835,0.126
7836,0.126
7837,0.126
7838,0.126
7839,0.126
7840,0.126
7841,0.126
7842,0.126
7843,0.126
7844,0.126
7845,0.126
7846,0.126
7847,0.126
7848,0.126
7849,0.126
7850,0.126
7851,0.126
7852,0.126
7853,0.126
7854,0.126
7855,0.126
7856,0.126
7857,0.126
7858,0.126
7859,0.126
7860,0.126
7861,0.126
7862,0.126
7863,0.126
7864,0.126
7865,0.126
7866,0.126
7867,0.126
7868,0.126
7869,0.126
7870,0.126
7871,0.126
7872,0.126
7873,0.126
7874,0.126
7875,0.126
7876,0.126
7877,0.126
7878,0.126
7879,0.126
7880,0.126
7881,0.126
7882,0.126
7883,0.126
7884,0.126
7885,0.126
7886,0.126
7887,0.126
7888,0.126
7889,0.126
7890,0.126
7891,0.126
7892,0.126
7893,0.126
7894,0.126
7895,0.126
7896,0.126
7897,0.126
7898,0.126
7899,0.126
7900,0.126
7901,0.126
7902,0.126
7903,0.126
7904,0.126
7905,0.126
7906,0.126
7907,0.126
7908,0.126
7909,0.126
7910,0.126
7911,0.126
7912,0.126
7913,0.126
7914,0.126
7915,0.126
7916,0.126
7917,0.126
7918,0.126
7919,0.126
7920,0.126
7921,0.126
7922,0.126
7923,0.126
7924,0.126
7925,0.126
7926,0.126
7927,0.126
7928,0.126
7929,0.126
7930,0.126
7931,0.126
7932,0.126
7933,0.126
7934,0.126
7935,0.126
7936,0.126
7937,0.126
7938,0.126
7939,0.126
7940,0.126
7941,0.126
7942,0.126
7943,0.126
7944,0.126
7945,0.126
7946,0.126
7947,0.126
7948,0.126
7949,0.126
7950,0.126
7951,0.126
7952,0.126
7953,0.126
7954,0.126
7955,0.126
7956,0.126
7957,0.126
7958,0.126
7959,0.126
7960,0.126
7961,0.126
7962,0.126
7963,0.126
7964,0.126
7965,0.126
7966,0.126
7967,0.126
7968,0.126
7969,0.126
7970,0.126
7971,0.126
7972,0.126
7973,0.126
7974,0.126
7975,0.126
7976,0.126
7977,0.126
7978,0.126
7979,0.126
7980,0.126
7981,0.126
7982,0.126
7983,0.126
7984,0.126
7985,0.126
7986,0.126
7987,0.126
7988,0.126
7989,0.126
7990,0.126
7991,0.126
7992,0.126
7993,0.126
7994,0.126
7995,0.126
7996,0.126
7997,0.126
7998,0.126
7999,0.126
8000,0.126
8001,0.126
8002,0.126
8003,0.126
8004,0.126
8005,0.126
8006,0.126
8007,0.126
8008,0.126
8009,0.126
8010,0.126
8011,0.126
8012,0.126
8013,0.126
8014,0.126
8015,0.126
8016,0.126
8017,0.126
8018,0.126
8019,0.126
8020,0.126
8021,0.126
8022,0.126
8023,0.126
8024,0.126
8025,0.126
8026,0.126
8027,0.126
8028,0.126
8029,0.126
8030,0.126
8031,0.126
8032,0.126
8033,0.126
8034,0.126
8035,0.126
8036,0.126
8037,0.126
8038,0.126
8039,0.126
8040,0.126
8041,0.126
8042,0.126
8043,0.126
8044,0.126
8045,0.126
8046,0.126
8047,0.126
8048,0.126
8049,0.126
8050,0.126
8051,0.126
8052,0.126
8053,0.126
8054,0.126
8055,0.126
8056,0.126
8057,0.126
8058,0.126
8059,0.126
8060,0.126
8061,0.126
8062,0.126
8063,0.126
8064,0.126
8065,0.126
8066,0.126
8067,0.126
8068,0.126
8069,0.126
8070,0.126
8071,0.126
8072,0.126
8073,0.126
8074,0.126
8075,0.126
8076,0.126
8077,0.126
8078,0.126
8079,0.126
8080,0.126
8081,0.126
8082,0.126
8083,0.126
8084,0.126
8085,0.126
8086,0.126
8087,0.126
8088,0.126
8089,0.126
8090,0.126
8091,0.126
8092,0.126
8093,0.126
8094,0.126
8095,0.126
8096,0.126
8097,0.126
8098,0.126
8099,0.126
8100,0.126
8101,0.126
8102,0.126
8103,0.126
8104,0.126
8105,0.126
8106,0.126
8107,0.126
8108,0.126
8109,0.126
8110,0.126
8111,0.126
8112,0.126
8113,0.126
8114,0.126
8115,0.126
8116,0.126
8117,0.126
8118,0.126
8119,0.126
8120,0.126
8121,0.126
8122,0.126
8123,0.126
8124,0.126
8125,0.126
8126,0.126
8127,0.126
8128,0.126
8129,0.126
8130,0.126
8131,0.126
8132,0.126
8133,0.126
8134,0.126
8135,0.126
8136,0.126
8137,0.126
8138,0.126
8139,0.126
8140,0.126
8141,0.126
8142,0.126
8143,0.126
8144,0.126
8145,0.126
8146,0.126
8147,0.126
8148,0.126
8149,0.126
8150,0.126
8151,0.126
8152,0.126
8153,0.126
8154,0.126
8155,0.126
8156,0.126
8157,0.126
8158,0.126
8159,0.126
8160,0.126
8161,0.126
8162,0.126
8163,0.126
8164,0.126
8165,0.126
8166,0.126
8167,0.126
8168,0.126
8169,0.126
8170,0.126
8171,0.126
8172,0.126
8173,0.126
8174,0.126
8175,0.126
8176,0.126
8177,0.126
8178,0.126
8179,0.126
8180,0.126
8181,0.126
8182,0.126
8183,0.126
8184,0.126
8185,0.126
8186,0.126
8187,0.126
8188,0.126
8189,0.126
8190,0.126
8191,0.126
8192,0.126
8193,0.126
8194,0.126
8195,0.126
8196,0.126
8197,0.126
8198,0.126
8199,0.126
8200,0.126
8201,0.126
8202,0.126
8203,0.126
8204,0.126
8205,0.126
8206,0.126
8207,0.126
8208,0.126
8209,0.126
8210,0.126
8211,0.126
8212,0.126
8213,0.126
8214,0.126
8215,0.126
8216,0.126
8217,0.126
8218,0.126
8219,0.126
8220,0.126
8221,0.126
8222,0.126
8223,0.126
8224,0.126
8225,0.126
8226,0.126
8227,0.126
8228,0.126
8229,0.126
8230,0.126
8231,0.126
8232,0.126
8233,0.126
8234,0.126
8235,0.126
8236,0.126
8237,0.126
8238,0.126
8239,0.126
8240,0.126
8241,0.126
8242,0.126
8243,0.126
8244,0.126
8245,0.126
8246,0.126
8247,0.126
8248,0.126
8249,0.126
8250,0.126
8251,0.126
8252,0.126
8253,0.126
8254,0.126
8255,0.126
8256,0.126
8257,0.126
8258,0.126
8259,0.126
8260,0.126
8261,0.126
8262,0.126
8263,0.126
8264,0.126
8265,0.126
8266,0.126
8267,0.126
8268,0.126
8269,0.126
8270,0.126
8271,0.126
8272,0.126
8273,0.126
8274,0.126
8275,0.126
8276,0.126
8277,0.126
8278,0.126
8279,0.126
8280,0.126
8281,0.126
8282,0.126
8283,0.126
8284,0.126
8285,0.126
8286,0.126
8287,0.126
8288,0.126
8289,0.126
8290,0.126
8291,0.126
8292,0.126
8293,0.126
8294,0.126
8295,0.126
8296,0.126
8297,0.126
8298,0.126
8299,0.126
8300,0.126
8301,0.126
8302,0.126
8303,0.126
8304,0.126
8305,0.126
8306,0.126
8307,0.126
8308,0.126
8309,0.126
8310,0.126
8311,0.126
8312,0.126
8313,0.126
8314,0.126
8315,0.126
8316,0.126
8317,0.126
8318,0.126
8319,0.126
8320,0.126
8321,0.126
8322,0.126
8323,0.126
8324,0.126
8325,0.126
8326,0.126
8327,0.126
8328,0.126
8329,0.126
8330,0.126
8331,0.126
8332,0.126
8333,0.126
8334,0.126
8335,0.126
8336,0.126
8337,0.126
8338,0.126
8339,0.126
8340,0.126
8341,0.126
8342,0.126
8343,0.126
8344,0.126
8345,0.126
8346,0.126
8347,0.126
8348,0.126
8349,0.126
8350,0.126
8351,0.126
8352,0.126
8353,0.126
8354,0.126
8355,0.126
8356,0.126
8357,0.126
8358,0.126
8359,0.126
8360,0.126
8361,0.126
8362,0.126
8363,0.126
8364,0.126
8365,0.126
8366,0.126
8367,0.126
8368,0.126
8369,0.126
8370,0.126
8371,0.126
8372,0.126
8373,0.126
8374,0.126
8375,0.126
8376,0.126
8377,0.126
8378,0.126
8379,0.126
8380,0.126
8381,0.126
8382,0.126
8383,0.126
8384,0.126
8385,0.126
8386,0.126
8387,0.126
8388,0.126
8389,0.126
8390,0.126
8391,0.126
8392,0.126
8393,0.126
8394,0.126
8395,0.126
8396,0.126
8397,0.126
8398,0.126
8399,0.126
8400,0.126
8401,0.126
8402,0.126
8403,0.126
8404,0.126
8405,0.126
8406,0.126
8407,0.126
8408,0.126
8409,0.126
8410,0.126
8411,0.126
8412,0.126
8413,0.126
8414,0.126
8415,0.126
8416,0.126
8417,0.126
8418,0.126
8419,0.126
8420,0.126
8421,0.126
8422,0.126
8423,0.126
8424,0.126
8425,0.126
8426,0.126
8427,0.126
8428,0.126
8429,0.126
8430,0.126
8431,0.126
8432,0.126
8433,0.126
8434,0.126
8435,0.126
8436,0.126
8437,0.126
8438,0.126
8439,0.126
8440,0.126
8441,0.126
8442,0.126
8443,0.126
8444,0.126
8445,0.126
8446,0.126
8447,0.126
8448,0.126
8449,0.126
8450,0.126
8451,0.126
8452,0.126
8453,0.126
8454,0.126
8455,0.126
8456,0.126
8457,0.126
8458,0.126
8459,0.126
8460,0.126
8461,0.126
8462,0.126
8463,0.126
8464,0.126
8465,0.126
8466,0.126
8467,0.126
8468,0.126
8469,0.126
8470,0.126
8471,0.126
8472,0.126
8473,0.126
8474,0.126
8475,0.126
8476,0.126
8477,0.126
8478,0.126
8479,0.126
8480,0.126
8481,0.126
8482,0.126
8483,0.126
8484,0.126
8485,0.126
8486,0.126
8487,0.126
8488,0.126
8489,0.126
8490,0.126
8491,0.126
8492,0.126
8493,0.126
8494,0.126
8495,0.126
8496,0.126
8497,0.126
8498,0.126
8499,0.126
8500,0.126
8501,0.126
8502,0.126
8503,0.126
8504,0.126
8505,0.126
8506,0.126
8507,0.126
8508,0.126
8509,0.126
8510,0.126
8511,0.126
8512,0.126
8513,0.126
8514,0.126
8515,0.126
8516,0.126
8517,0.126
8518,0.126
8519,0.126
8520,0.126
8521,0.126
8522,0.126
8523,0.126
8524,0.126
8525,0.126
8526,0.126
8527,0.126
8528,0.126
8529,0.126
8530,0.126
8531,0.126
8532,0.126
8533,0.126
8534,0.126
8535,0.126
8536,0.126
8537,0.126
8538,0.126
8539,0.126
8540,0.126
8541,0.126
8542,0.126
8543,0.126
8544,0.126
8545,0.126
8546,0.126
8547,0.126
8548,0.126
8549,0.126
8550,0.126
8551,0.126
8552,0.126
8553,0.126
8554,0.126
8555,0.126
8556,0.126
8557,0.126
8558,0.126
8559,0.126
8560,0.126
8561,0.126
8562,0.126
8563,0.126
8564,0.126
8565,0.126
8566,0.126
8567,0.126
8568,0.126
8569,0.126
8570,0.126
8571,0.126
8572,0.126
8573,0.126
8574,0.126
8575,0.126
8576,0.126
8577,0.126
8578,0.126
8579,0.126
8580,0.126
8581,0.126
8582,0.126
8583,0.126
8584,0.126
8585,0.126
8586,0.126
8587,0.126
8588,0.126
8589,0.126
8590,0.126
8591,0.126
8592,0.126
8593,0.126
8594,0.126
8595,0.126
8596,0.126
8597,0.126
8598,0.126
8599,0.126
8600,0.126
8601,0.126
8602,0.126
8603,0.126
8604,0.126
8605,0.126
8606,0.126
8607,0.126
8608,0.126
8609,0.126
8610,0.126
8611,0.126
8612,0.126
8613,0.126
8614,0.126
8615,0.126
8616,0.126
8617,0.126
8618,0.126
8619,0.126
8620,0.126
8621,0.126
8622,0.126
8623,0.126
8624,0.126
8625,0.126
8626,0.126
8627,0.126
8628,0.126
8629,0.126
8630,0.126
8631,0.126
8632,0.126
8633,0.126
8634,0.126
8635,0.126
8636,0.126
8637,0.126
8638,0.126
8639,0.126
8640,0.126
8641,0.126
8642,0.126
8643,0.126
8644,0.126
8645,0.126
8646,0.126
8647,0.126
8648,0.126
8649,0.126
8650,0.126
8651,0.126
8652,0.126
8653,0.126
8654,0.126
8655,0.126
8656,0.126
8657,0.126
8658,0.126
8659,0.126
8660,0.126
8661,0.126
8662,0.126
8663,0.126
8664,0.126
8665,0.126
8666,0.126
8667,0.126
8668,0.126
8669,0.126
8670,0.126
8671,0.126
8672,0.126
8673,0.126
8674,0.126
8675,0.126
8676,0.126
8677,0.126
8678,0.126
8679,0.126
8680,0.126
8681,0.126
8682,0.126
8683,0.126
8684,0.126
8685,0.126
8686,0.126
8687,0.126
8688,0.126
8689,0.126
8690,0.126
8691,0.126
8692,0.126
8693,0.126
8694,0.126
8695,0.126
8696,0.126
8697,0.126
8698,0.126
8699,0.126
8700,0.126
8701,0.126
8702,0.126
8703,0.126
8704,0.126
8705,0.126
8706,0.126
8707,0.126
8708,0.126
8709,0.126
8710,0.126
8711,0.126
8712,0.126
8713,0.126
8714,0.126
8715,0.126
8716,0.126
8717,0.126
8718,0.126
8719,0.126
8720,0.126
8721,0.126
8722,0.126
8723,0.126
8724,0.126
8725,0.126
8726,0.126
8727,0.126
8728,0.126
8729,0.126
8730,0.126
8731,0.126
8732,0.126
8733,0.126
8734,0.126
8735,0.126
8736,0.126
8737,0.126
8738,0.126
8739,0.126
8740,0.126
8741,0.126
8742,0.126
8743,0.126
8744,0.126
8745,0.126
8746,0.126
8747,0.126
8748,0.126
8749,0.126
8750,0.126
8751,0.126
8752,0.126
8753,0.126
8754,0.126
8755,0.126
8756,0.126
8757,0.126
8758,0.126
8759,0.126
8760,0.126
8761,0.126
8762,0.126
8763,0.126
8764,0.126
8765,0.126
8766,0.126
8767,0.126
8768,0.126
8769,0.126
8770,0.126
8771,0.126
8772,0.126
8773,0.126
8774,0.126
8775,0.126
8776,0.126
8777,0.126
8778,0.126
8779,0.126
8780,0.126
8781,0.126
8782,0.126
8783,0.126
8784,0.126
8785,0.126
8786,0.126
8787,0.126
8788,0.126
8789,0.126
8790,0.126
8791,0.126
8792,0.126
8793,0.126
8794,0.126
8795,0.126
8796,0.126
8797,0.126
8798,0.126
8799,0.126
8800,0.126
8801,0.126
8802,0.126
8803,0.126
8804,0.126
8805,0.126
8806,0.126
8807,0.126
8808,0.126
8809,0.126
8810,0.126
8811,0.126
8812,0.126
8813,0.126
8814,0.126
8815,0.126
8816,0.126
8817,0.126
8818,0.126
8819,0.126
8820,0.126
8821,0.126
8822,0.126
8823,0.126
8824,0.126
8825,0.126
8826,0.126
8827,0.126
8828,0.126
8829,0.126
8830,0.126
8831,0.126
8832,0.126
8833,0.126
8834,0.126
8835,0.126
8836,0.126
8837,0.126
8838,0.126
8839,0.126
8840,0.126
8841,0.126
8842,0.126
8843,0.126
8844,0.126
8845,0.126
8846,0.126
8847,0.126
8848,0.126
8849,0.126
8850,0.126
8851,0.126
8852,0.126
8853,0.126
8854,0.126
8855,0.126
8856,0.126
8857,0.126
8858,0.126
8859,0.126
8860,0.126
8861,0.126
8862,0.126
8863,0.126
8864,0.126
8865,0.126
8866,0.126
8867,0.126
8868,0.126
8869,0.126
8870,0.126
8871,0.126
8872,0.126
8873,0.126
8874,0.126
8875,0.126
8876,0.126
8877,0.126
8878,0.126
8879,0.126
8880,0.126
8881,0.126
8882,0.126
8883,0.126
8884,0.126
8885,0.126
8886,0.126
8887,0.126
8888,0.126
8889,0.126
8890,0.126
8891,0.126
8892,0.126
8893,0.126
8894,0.126
8895,0.126
8896,0.126
8897,0.126
8898,0.126
8899,0.126
8900,0.126
8901,0.126
8902,0.126
8903,0.126
8904,0.126
8905,0.126
8906,0.126
8907,0.126
8908,0.126
8909,0.126
8910,0.126
8911,0.126
8912,0.126
8913,0.126
8914,0.126
8915,0.126
8916,0.126
8917,0.126
8918,0.126
8919,0.126
8920,0.126
8921,0.126
8922,0.126
8923,0.126
8924,0.126
8925,0.126
8926,0.126
8927,0.126
8928,0.126
8929,0.126
8930,0.126
8931,0.126
8932,0.126
8933,0.126
8934,0.126
8935,0.126
8936,0.126
8937,0.126
8938,0.126
8939,0.126
8940,0.126
8941,0.126
8942,0.126
8943,0.126
8944,0.126
8945,0.126
8946,0.126
8947,0.126
8948,0.126
8949,0.126
8950,0.126
8951,0.126
8952,0.126
8953,0.126
8954,0.126
8955,0.126
8956,0.126
8957,0.126
8958,0.126
8959,0.126
8960,0.126
8961,0.126
8962,0.126
8963,0.126
8964,0.126
8965,0.126
8966,0.126
8967,0.126
8968,0.126
8969,0.126
8970,0.126
8971,0.126
8972,0.126
8973,0.126
8974,0.126
8975,0.126
8976,0.126
8977,0.126
8978,0.126
8979,0.126
8980,0.126
8981,0.126
8982,0.126
8983,0.126
8984,0.126
8985,0.126
8986,0.126
8987,0.126
8988,0.126
8989,0.126
8990,0.126
8991,0.126
8992,0.126
8993,0.126
8994,0.126
8995,0.126
8996,0.126
8997,0.126
8998,0.126
8999,0.126
9000,0.126
9001,0.126
9002,0.126
9003,0.126
9004,0.126
9005,0.126
9006,0.126
9007,0.126
9008,0.126
9009,0.126
9010,0.126
9011,0.126
9012,0.126
9013,0.126
9014,0.126
9015,0.126
9016,0.126
9017,0.126
9018,0.126
9019,0.126
9020,0.126
9021,0.126
9022,0.126
9023,0.126
9024,0.126
9025,0.126
9026,0.126
9027,0.126
9028,0.126
9029,0.126
9030,0.126
9031,0.126
9032,0.126
9033,0.126
9034,0.126
9035,0.126
9036,0.126
9037,0.126
9038,0.126
9039,0.126
9040,0.126
9041,0.126
9042,0.126
9043,0.126
9044,0.126
9045,0.126
9046,0.126
9047,0.126
9048,0.126
9049,0.126
9050,0.126
9051,0.126
9052,0.126
9053,0.126
9054,0.126
9055,0.126
9056,0.126
9057,0.126
9058,0.126
9059,0.126
9060,0.126
9061,0.126
9062,0.126
9063,0.126
9064,0.126
9065,0.126
9066,0.126
9067,0.126
9068,0.126
9069,0.126
9070,0.126
9071,0.126
9072,0.126
9073,0.126
9074,0.126
9075,0.126
9076,0.126
9077,0.126
9078,0.126
9079,0.126
9080,0.126
9081,0.126
9082,0.126
9083,0.126
9084,0.126
9085,0.126
9086,0.126
9087,0.126
9088,0.126
9089,0.126
9090,0.126
9091,0.126
9092,0.126
9093,0.126
9094,0.126
9095,0.126
9096,0.126
9097,0.126
9098,0.126
9099,0.126
9100,0.126
9101,0.126
9102,0.126
9103,0.126
9104,0.126
9105,0.126
9106,0.126
9107,0.126
9108,0.126
9109,0.126
9110,0.126
9111,0.126
9112,0.126
9113,0.126
9114,0.126
9115,0.126
9116,0.126
9117,0.126
9118,0.126
9119,0.126
9120,0.126
9121,0.126
9122,0.126
9123,0.126
9124,0.126
9125,0.126
9126,0.126
9127,0.126
9128,0.126
9129,0.126
9130,0.126
9131,0.126
9132,0.126
9133,0.126
9134,0.126
9135,0.126
9136,0.126
9137,0.126
9138,0.126
9139,0.126
9140,0.126
9141,0.126
9142,0.126
9143,0.126
9144,0.126
9145,0.126
9146,0.126
9147,0.126
9148,0.126
9149,0.126
9150,0.126
9151,0.126
9152,0.126
9153,0.126
9154,0.126
9155,0.126
9156,0.126
9157,0.126
9158,0.126
9159,0.126
9160,0.126
9161,0.126
9162,0.126
9163,0.126
9164,0.126
9165,0.126
9166,0.126
9167,0.126
9168,0.126
9169,0.126
9170,0.126
9171,0.126
9172,0.126
9173,0.126
9174,0.126
9175,0.126
9176,0.126
9177,0.126
9178,0.126
9179,0.126
9180,0.126
9181,0.126
9182,0.126
9183,0.126
9184,0.126
9185,0.126
9186,0.126
9187,0.126
9188,0.126
9189,0.126
9190,0.126
9191,0.126
9192,0.126
9193,0.126
9194,0.126
9195,0.126
9196,0.126
9197,0.126
9198,0.126
9199,0.126
9200,0.126
9201,0.126
9202,0.126
9203,0.126
9204,0.126
9205,0.126
9206,0.126
9207,0.126
9208,0.126
9209,0.126
9210,0.126
9211,0.126
9212,0.126
9213,0.126
9214,0.126
9215,0.126
9216,0.126
9217,0.126
9218,0.126
9219,0.126
9220,0.126
9221,0.126
9222,0.126
9223,0.126
9224,0.126
9225,0.126
9226,0.126
9227,0.126
9228,0.126
9229,0.126
9230,0.126
9231,0.126
9232,0.126
9233,0.126
9234,0.126
9235,0.126
9236,0.126
9237,0.126
9238,0.126
9239,0.126
9240,0.126
9241,0.126
9242,0.126
9243,0.126
9244,0.126
9245,0.126
9246,0.126
9247,0.126
9248,0.126
9249,0.126
9250,0.126
9251,0.126
9252,0.126
9253,0.126
9254,0.126
9255,0.126
9256,0.126
9257,0.126
9258,0.126
9259,0.126
9260,0.126
9261,0.126
9262,0.126
9263,0.126
9264,0.126
9265,0.126
9266,0.126
9267,0.126
9268,0.126
9269,0.126
9270,0.126
9271,0.126
9272,0.126
9273,0.126
9274,0.126
9275,0.126
9276,0.126
9277,0.126
9278,0.126
9279,0.126
9280,0.126
9281,0.126
9282,0.126
9283,0.126
9284,0.126
9285,0.126
9286,0.126
9287,0.126
9288,0.126
9289,0.126
9290,0.126
9291,0.126
9292,0.126
9293,0.126
9294,0.126
9295,0.126
9296,0.126
9297,0.126
9298,0.126
9299,0.126
9300,0.126
9301,0.126
9302,0.126
9303,0.126
9304,0.126
9305,0.126
9306,0.126
9307,0.126
9308,0.126
9309,0.126
9310,0.126
9311,0.126
9312,0.126
9313,0.126
9314,0.126
9315,0.126
9316,0.126
9317,0.126
9318,0.126
9319,0.126
9320,0.126
9321,0.126
9322,0.126
9323,0.126
9324,0.126
9325,0.126
9326,0.126
9327,0.126
9328,0.126
9329,0.126
9330,0.126
9331,0.126
9332,0.126
9333,0.126
9334,0.126
9335,0.126
9336,0.126
9337,0.126
9338,0.126
9339,0.126
9340,0.126
9341,0.126
9342,0.126
9343,0.126
9344,0.126
9345,0.126
9346,0.126
9347,0.126
9348,0.126
9349,0.126
9350,0.126
9351,0.126
9352,0.126
9353,0.126
9354,0.126
9355,0.126
9356,0.126
9357,0.126
9358,0.126
9359,0.126
9360,0.126
9361,0.126
9362,0.126
9363,0.126
9364,0.126
9365,0.126
9366,0.126
9367,0.126
9368,0.126
9369,0.126
9370,0.126
9371,0.126
9372,0.126
9373,0.126
9374,0.126
9375,0.126
9376,0.126
9377,0.126
9378,0.126
9379,0.126
9380,0.126
9381,0.126
9382,0.126
9383,0.126
9384,0.126
9385,0.126
9386,0.126
9387,0.126
9388,0.126
9389,0.126
9390,0.126
9391,0.126
9392,0.126
9393,0.126
9394,0.126
9395,0.126
9396,0.126
9397,0.126
9398,0.126
9399,0.126
9400,0.126
9401,0.126
9402,0.126
9403,0.126
9404,0.126
9405,0.126
9406,0.126
9407,0.126
9408,0.126
9409,0.126
9410,0.126
9411,0.126
9412,0.126
9413,0.126
9414,0.126
9415,0.126
9416,0.126
9417,0.126
9418,0.126
9419,0.126
9420,0.126
9421,0.126
9422,0.126
9423,0.126
9424,0.126
9425,0.126
9426,0.126
9427,0.126
9428,0.126
9429,0.126
9430,0.126
9431,0.126
9432,0.126
9433,0.126
9434,0.126
9435,0.126
9436,0.126
9437,0.126
9438,0.126
9439,0.126
9440,0.126
9441,0.126
9442,0.126
9443,0.126
9444,0.126
9445,0.126
9446,0.126
9447,0.126
9448,0.126
9449,0.126
9450,0.126
9451,0.126
9452,0.126
9453,0.126
9454,0.126
9455,0.126
9456,0.126
9457,0.126
9458,0.126
9459,0.126
9460,0.126
9461,0.126
9462,0.126
9463,0.126
9464,0.126
9465,0.126
9466,0.126
9467,0.126
9468,0.126
9469,0.126
9470,0.126
9471,0.126
9472,0.126
9473,0.126
9474,0.126
9475,0.126
9476,0.126
9477,0.126
9478,0.126
9479,0.126
9480,0.126
9481,0.126
9482,0.126
9483,0.126
9484,0.126
9485,0.126
9486,0.126
9487,0.126
9488,0.126
9489,0.126
9490,0.126
9491,0.126
9492,0.126
9493,0.126
9494,0.126
9495,0.126
9496,0.126
9497,0.126
9498,0.126
9499,0.126
9500,0.126
9501,0.126
9502,0.126
9503,0.126
9504,0.126
9505,0.126
9506,0.126
9507,0.126
9508,0.126
9509,0.126
9510,0.126
9511,0.126
9512,0.126
9513,0.126
9514,0.126
9515,0.126
9516,0.126
9517,0.126
9518,0.126
9519,0.126
9520,0.126
9521,0.126
9522,0.126
9523,0.126
9524,0.126
9525,0.126
9526,0.126
9527,0.126
9528,0.126
9529,0.126
9530,0.126
9531,0.126
9532,0.126
9533,0.126
9534,0.126
9535,0.126
9536,0.126
9537,0.126
9538,0.126
9539,0.126
9540,0.126
9541,0.126
9542,0.126
9543,0.126
9544,0.126
9545,0.126
9546,0.126
9547,0.126
9548,0.126
9549,0.126
9550,0.126
9551,0.126
9552,0.126
9553,0.126
9554,0.126
9555,0.126
9556,0.126
9557,0.126
9558,0.126
9559,0.126
9560,0.126
9561,0.126
9562,0.126
9563,0.126
9564,0.126
9565,0.126
9566,0.126
9567,0.126
9568,0.126
9569,0.126
9570,0.126
9571,0.126
9572,0.126
9573,0.126
9574,0.126
9575,0.126
9576,0.126
9577,0.126
9578,0.126
9579,0.126
9580,0.126
9581,0.126
9582,0.126
9583,0.126
9584,0.126
9585,0.126
9586,0.126
9587,0.126
9588,0.126
9589,0.126
9590,0.126
9591,0.126
9592,0.126
9593,0.126
9594,0.126
9595,0.126
9596,0.126
9597,0.126
9598,0.126
9599,0.126
9600,0.126
9601,0.126
9602,0.126
9603,0.126
9604,0.126
9605,0.126
9606,0.126
9607,0.126
9608,0.126
9609,0.126
9610,0.126
9611,0.126
9612,0.126
9613,0.126
9614,0.126
9615,0.126
9616,0.126
9617,0.126
9618,0.126
9619,0.126
9620,0.126
9621,0.126
9622,0.126
9623,0.126
9624,0.126
9625,0.126
9626,0.126
9627,0.126
9628,0.126
9629,0.126
9630,0.126
9631,0.126
9632,0.126
9633,0.126
9634,0.126
9635,0.126
9636,0.126
9637,0.126
9638,0.126
9639,0.126
9640,0.126
9641,0.126
9642,0.126
9643,0.126
9644,0.126
9645,0.126
9646,0.126
9647,0.126
9648,0.126
9649,0.126
9650,0.126
9651,0.126
9652,0.126
9653,0.126
9654,0.126
9655,0.126
9656,0.126
9657,0.126
9658,0.126
9659,0.126
9660,0.126
9661,0.126
9662,0.126
9663,0.126
9664,0.126
9665,0.126
9666,0.126
9667,0.126
9668,0.126
9669,0.126
9670,0.126
9671,0.126
9672,0.126
9673,0.126
9674,0.126
9675,0.126
9676,0.126
9677,0.126
9678,0.126
9679,0.126
9680,0.126
9681,0.126
9682,0.126
9683,0.126
9684,0.126
9685,0.126
9686,0.126
9687,0.126
9688,0.126
9689,0.126
9690,0.126
9691,0.126
9692,0.126
9693,0.126
9694,0.126
9695,0.126
9696,0.126
9697,0.126
9698,0.126
9699,0.126
9700,0.126
9701,0.126
9702,0.126
9703,0.126
9704,0.126
9705,0.126
9706,0.126
9707,0.126
9708,0.126
9709,0.126
9710,0.126
9711,0.126
9712,0.126
9713,0.126
9714,0.126
9715,0.126
9716,0.126
9717,0.126
9718,0.126
9719,0.126
9720,0.126
9721,0.126
9722,0.126
9723,0.126
9724,0.126
9725,0.126
9726,0.126
9727,0.126
9728,0.126
9729,0.126
9730,0.126
9731,0.126
9732,0.126
9733,0.126
9734,0.126
9735,0.126
9736,0.126
9737,0.126
9738,0.126
9739,0.126
9740,0.126
9741,0.126
9742,0.126
9743,0.126
9744,0.126
9745,0.126
9746,0.126
9747,0.126
9748,0.126
9749,0.126
9750,0.126
9751,0.126
9752,0.126
9753,0.126
9754,0.126
9755,0.126
9756,0.126
9757,0.126
9758,0.126
9759,0.126
9760,0.126
9761,0.126
9762,0.126
9763,0.126
9764,0.126
9765,0.126
9766,0.126
9767,0.126
9768,0.126
9769,0.126
9770,0.126
9771,0.126
9772,0.126
9773,0.126
9774,0.126
9775,0.126
9776,0.126
9777,0.126
9778,0.126
9779,0.126
9780,0.126
9781,0.126
9782,0.126
9783,0.126
9784,0.126
9785,0.126
9786,0.126
9787,0.126
9788,0.126
9789,0.126
9790,0.126
9791,0.126
9792,0.126
9793,0.126
9794,0.126
9795,0.126
9796,0.126
9797,0.126
9798,0.126
9799,0.126
9800,0.126
9801,0.126
9802,0.126
9803,0.126
9804,0.126
9805,0.126
9806,0.126
9807,0.126
9808,0.126
9809,0.126
9810,0.126
9811,0.126
9812,0.126
9813,0.126
9814,0.126
9815,0.126
9816,0.126
9817,0.126
9818,0.126
9819,0.126
9820,0.126
9821,0.126
9822,0.126
9823,0.126
9824,0.126
9825,0.126
9826,0.126
9827,0.126
9828,0.126
9829,0.126
9830,0.126
9831,0.126
9832,0.126
9833,0.126
9834,0.126
9835,0.126
9836,0.126
9837,0.126
9838,0.126
9839,0.126
9840,0.126
9841,0.126
9842,0.126
9843,0.126
9844,0.126
9845,0.126
9846,0.126
9847,0.126
9848,0.126
9849,0.126
9850,0.126
9851,0.126
9852,0.126
9853,0.126
9854,0.126
9855,0.126
9856,0.126
9857,0.126
9858,0.126
9859,0.126
9860,0.126
9861,0.126
9862,0.126
9863,0.126
9864,0.126
9865,0.126
9866,0.126
9867,0.126
9868,0.126
9869,0.126
9870,0.126
9871,0.126
9872,0.126
9873,0.126
9874,0.126
9875,0.126
9876,0.126
9877,0.126
9878,0.126
9879,0.126
9880,0.126
9881,0.126
9882,0.126
9883,0.126
9884,0.126
9885,0.126
9886,0.126
9887,0.126
9888,0.126
9889,0.126
9890,0.126
9891,0.126
9892,0.126
9893,0.126
9894,0.126
9895,0.126
9896,0.126
9897,0.126
9898,0.126
9899,0.126
9900,0.126
9901,0.126
9902,0.126
9903,0.126
9904,0.126
9905,0.126
9906,0.126
9907,0.126
9908,0.126
9909,0.126
9910,0.126
9911,0.126
9912,0.126
9913,0.126
9914,0.126
9915,0.126
9916,0.126
9917,0.126
9918,0.126
9919,0.126
9920,0.126
9921,0.126
9922,0.126
9923,0.126
9924,0.126
9925,0.126
9926,0.126
9927,0.126
9928,0.126
9929,0.126
9930,0.126
9931,0.126
9932,0.126
9933,0.126
9934,0.126
9935,0.126
9936,0.126
9937,0.126
9938,0.126
9939,0.126
9940,0.126
9941,0.126
9942,0.126
9943,0.126
9944,0.126
9945,0.126
9946,0.126
9947,0.126
9948,0.126
9949,0.126
9950,0.126
9951,0.126
9952,0.126
9953,0.126
9954,0.126
9955,0.126
9956,0.126
9957,0.126
9958,0.126
9959,0.126
9960,0.126
9961,0.126
9962,0.126
9963,0.126
9964,0.126
9965,0.126
9966,0.126
9967,0.126
9968,0.126
9969,0.126
9970,0.126
9971,0.126
9972,0.126
9973,0.126
9974,0.126
9975,0.126
9976,0.126
9977,0.126
9978,0.126
9979,0.126
9980,0.126
9981,0.126
9982,0.126
9983,0.126
9984,0.126
9985,0.126
9986,0.126
9987,0.126
9988,0.126
9989,0.126
9990,0.126
9991,0.126
9992,0.126
9993,0.126
9994,0.126
9995,0.126
9996,0.126
9997,0.126
9998,0.126
9999,0.126
10000,0.126
10001,0.126
10002,0.126
10003,0.126
10004,0.126
10005,0.126
10006,0.126
10007,0.126
10008,0.126
10009,0.126
10010,0.126
10011,0.126
10012,0.126
10013,0.126
10014,0.126
10015,0.126
10016,0.126
10017,0.126
10018,0.126
10019,0.126
10020,0.126
10021,0.126
10022,0.126
10023,0.126
10024,0.126
10025,0.126
10026,0.126
10027,0.126
10028,0.126
10029,0.126
10030,0.126
10031,0.126
10032,0.126
10033,0.126
10034,0.126
10035,0.126
10036,0.126
10037,0.126
10038,0.126
10039,0.126
10040,0.126
10041,0.126
10042,0.126
10043,0.126
10044,0.126
10045,0.126
10046,0.126
10047,0.126
10048,0.126
10049,0.126
10050,0.126
10051,0.126
10052,0.126
10053,0.126
10054,0.126
10055,0.126
10056,0.126
10057,0.126
10058,0.126
10059,0.126
10060,0.126
10061,0.126
10062,0.126
10063,0.126
10064,0.126
10065,0.126
10066,0.126
10067,0.126
10068,0.126
10069,0.126
10070,0.126
10071,0.126
10072,0.126
10073,0.126
10074,0.126
10075,0.126
10076,0.126
10077,0.126
10078,0.126
10079,0.126
10080,0.126
10081,0.126
10082,0.126
10083,0.126
10084,0.126
10085,0.126
10086,0.126
10087,0.126
10088,0.126
10089,0.126
10090,0.126
10091,0.126
10092,0.126
10093,0.126
10094,0.126
10095,0.126
10096,0.126
10097,0.126
10098,0.126
10099,0.126
10100,0.126
10101,0.126
10102,0.126
10103,0.126
10104,0.126
10105,0.126
10106,0.126
10107,0.126
10108,0.126
10109,0.126
10110,0.126
10111,0.126
10112,0.126
10113,0.126
10114,0.126
10115,0.126
10116,0.126
10117,0.126
10118,0.126
10119,0.126
10120,0.126
10121,0.126
10122,0.126
10123,0.126
10124,0.126
10125,0.126
10126,0.126
10127,0.126
10128,0.126
10129,0.126
10130,0.126
10131,0.126
10132,0.126
10133,0.126
10134,0.126
10135,0.126
10136,0.126
10137,0.126
10138,0.126
10139,0.126
10140,0.126
10141,0.126
10142,0.126
10143,0.126
10144,0.126
10145,0.126
10146,0.126
10147,0.126
10148,0.126
10149,0.126
10150,0.126
10151,0.126
10152,0.126
10153,0.126
10154,0.126
10155,0.126
10156,0.126
10157,0.126
10158,0.126
10159,0.126
10160,0.126
10161,0.126
10162,0.126
10163,0.126
10164,0.126
10165,0.126
10166,0.126
10167,0.126
10168,0.126
10169,0.126
10170,0.126
10171,0.126
10172,0.126
10173,0.126
10174,0.126
10175,0.126
10176,0.126
10177,0.126
10178,0.126
10179,0.126
10180,0.126
10181,0.126
10182,0.126
10183,0.126
10184,0.126
10185,0.126
10186,0.126
10187,0.126
10188,0.126
10189,0.126
10190,0.126
10191,0.126
10192,0.126
10193,0.126
10194,0.126
10195,0.126
10196,0.126
10197,0.126
10198,0.126
10199,0.126
10200,0.126
10201,0.126
10202,0.126
10203,0.126
10204,0.126
10205,0.126
10206,0.126
10207,0.126
10208,0.126
10209,0.126
10210,0.126
10211,0.126
10212,0.126
10213,0.126
10214,0.126
10215,0.126
10216,0.126
10217,0.126
10218,0.126
10219,0.126
10220,0.126
10221,0.126
10222,0.126
10223,0.126
10224,0.126
10225,0.126
10226,0.126
10227,0.126
10228,0.126
10229,0.126
10230,0.126
10231,0.126
10232,0.126
10233,0.126
10234,0.126
10235,0.126
10236,0.126
10237,0.126
10238,0.126
10239,0.126
10240,0.126
10241,0.126
10242,0.126
10243,0.126
10244,0.126
10245,0.126
10246,0.126
10247,0.126
10248,0.126
10249,0.126
10250,0.126
10251,0.126
10252,0.126
10253,0.126
10254,0.126
10255,0.126
10256,0.126
10257,0.126
10258,0.126
10259,0.126
10260,0.126
10261,0.126
10262,0.126
10263,0.126
10264,0.126
10265,0.126
10266,0.126
10267,0.126
10268,0.126
10269,0.126
10270,0.126
10271,0.126
10272,0.126
10273,0.126
10274,0.126
10275,0.126
10276,0.126
10277,0.126
10278,0.126
10279,0.126
10280,0.126
10281,0.126
10282,0.126
10283,0.126
10284,0.126
10285,0.126
10286,0.126
10287,0.126
10288,0.126
10289,0.126
10290,0.126
10291,0.126
10292,0.126
10293,0.126
10294,0.126
10295,0.126
10296,0.126
10297,0.126
10298,0.126
10299,0.126
10300,0.126
10301,0.126
10302,0.126
10303,0.126
10304,0.126
10305,0.126
10306,0.126
10307,0.126
10308,0.126
10309,0.126
10310,0.126
10311,0.126
10312,0.126
10313,0.126
10314,0.126
10315,0.126
10316,0.126
10317,0.126
10318,0.126
10319,0.126
10320,0.126
10321,0.126
10322,0.126
10323,0.126
10324,0.126
10325,0.126
10326,0.126
10327,0.126
10328,0.126
10329,0.126
10330,0.126
10331,0.126
10332,0.126
10333,0.126
10334,0.126
10335,0.126
10336,0.126
10337,0.126
10338,0.126
10339,0.126
10340,0.126
10341,0.126
10342,0.126
10343,0.126
10344,0.126
10345,0.126
10346,0.126
10347,0.126
10348,0.126
10349,0.126
10350,0.126
10351,0.126
10352,0.126
10353,0.126
10354,0.126
10355,0.126
10356,0.126
10357,0.126
10358,0.126
10359,0.126
10360,0.126
10361,0.126
10362,0.126
10363,0.126
10364,0.126
10365,0.126
10366,0.126
10367,0.126
10368,0.126
10369,0.126
10370,0.126
10371,0.126
10372,0.126
10373,0.126
10374,0.126
10375,0.126
10376,0.126
10377,0.126
10378,0.126
10379,0.126
10380,0.126
10381,0.126
10382,0.126
10383,0.126
10384,0.126
10385,0.126
10386,0.126
10387,0.126
10388,0.126
10389,0.126
10390,0.126
10391,0.126
10392,0.126
10393,0.126
10394,0.126
10395,0.126
10396,0.126
10397,0.126
10398,0.126
10399,0.126
10400,0.126
10401,0.126
10402,0.126
10403,0.126
10404,0.126
10405,0.126
10406,0.126
10407,0.126
10408,0.126
10409,0.126
10410,0.126
10411,0.126
10412,0.126
10413,0.126
10414,0.126
10415,0.126
10416,0.126
10417,0.126
10418,0.126
10419,0.126
10420,0.126
10421,0.126
10422,0.126
10423,0.126
10424,0.126
10425,0.126
10426,0.126
10427,0.126
10428,0.126
10429,0.126
10430,0.126
10431,0.126
10432,0.126
10433,0.126
10434,0.126
10435,0.126
10436,0.126
10437,0.126
10438,0.126
10439,0.126
10440,0.126
10441,0.126
10442,0.126
10443,0.126
10444,0.126
10445,0.126
10446,0.126
10447,0.126
10448,0.126
10449,0.126
10450,0.126
10451,0.126
10452,0.126
10453,0.126
10454,0.126
10455,0.126
10456,0.126
10457,0.126
10458,0.126
10459,0.126
10460,0.126
10461,0.126
10462,0.126
10463,0.126
10464,0.126
10465,0.126
10466,0.126
10467,0.126
10468,0.126
10469,0.126
10470,0.126
10471,0.126
10472,0.126
10473,0.126
10474,0.126
10475,0.126
10476,0.126
10477,0.126
10478,0.126
10479,0.126
10480,0.126
10481,0.126
10482,0.126
10483,0.126
10484,0.126
10485,0.126
10486,0.126
10487,0.126
10488,0.126
10489,0.126
10490,0.126
10491,0.126
10492,0.126
10493,0.126
10494,0.126
10495,0.126
10496,0.126
10497,0.126
10498,0.126
10499,0.126
10500,0.126
10501,0.126
10502,0.126
10503,0.126
10504,0.126
10505,0.126
10506,0.126
10507,0.126
10508,0.126
10509,0.126
10510,0.126
10511,0.126
10512,0.126
10513,0.126
10514,0.126
10515,0.126
10516,0.126
10517,0.126
10518,0.126
10519,0.126
10520,0.126
10521,0.126
10522,0.126
10523,0.126
10524,0.126
10525,0.126
10526,0.126
10527,0.126
10528,0.126
10529,0.126
10530,0.126
10531,0.126
10532,0.126
10533,0.126
10534,0.126
10535,0.126
10536,0.126
10537,0.126
10538,0.126
10539,0.126
10540,0.126
10541,0.126
10542,0.126
10543,0.126
10544,0.126
10545,0.126
10546,0.126
10547,0.126
10548,0.126
10549,0.126
10550,0.126
10551,0.126
10552,0.126
10553,0.126
10554,0.126
10555,0.126
10556,0.126
10557,0.126
10558,0.126
10559,0.126
10560,0.126
10561,0.126
10562,0.126
10563,0.126
10564,0.126
10565,0.126
10566,0.126
10567,0.126
10568,0.126
10569,0.126
10570,0.126
10571,0.126
10572,0.126
10573,0.126
10574,0.126
10575,0.126
10576,0.126
10577,0.126
10578,0.126
10579,0.126
10580,0.126
10581,0.126
10582,0.126
10583,0.126
10584,0.126
10585,0.126
10586,0.126
10587,0.126
10588,0.126
10589,0.126
10590,0.126
10591,0.126
10592,0.126
10593,0.126
10594,0.126
10595,0.126
10596,0.126
10597,0.126
10598,0.126
10599,0.126
10600,0.126
10601,0.126
10602,0.126
10603,0.126
10604,0.126
10605,0.126
10606,0.126
10607,0.126
10608,0.126
10609,0.126
10610,0.126
10611,0.126
10612,0.126
10613,0.126
10614,0.126
10615,0.126
10616,0.126
10617,0.126
10618,0.126
10619,0.126
10620,0.126
10621,0.126
10622,0.126
10623,0.126
10624,0.126
10625,0.126
10626,0.126
10627,0.126
10628,0.126
10629,0.126
10630,0.126
10631,0.126
10632,0.126
10633,0.126
10634,0.126
10635,0.126
10636,0.126
10637,0.126
10638,0.126
10639,0.126
10640,0.126
10641,0.126
10642,0.126
10643,0.126
10644,0.126
10645,0.126
10646,0.126
10647,0.126
10648,0.126
10649,0.126
10650,0.126
10651,0.126
10652,0.126
10653,0.126
10654,0.126
10655,0.126
10656,0.126
10657,0.126
10658,0.126
10659,0.126
10660,0.126
10661,0.126
10662,0.126
10663,0.126
10664,0.126
10665,0.126
10666,0.126
10667,0.126
10668,0.126
10669,0.126
10670,0.126
10671,0.126
10672,0.126
10673,0.126
10674,0.126
10675,0.126
10676,0.126
10677,0.126
10678,0.126
10679,0.126
10680,0.126
10681,0.126
10682,0.126
10683,0.126
10684,0.126
10685,0.126
10686,0.126
10687,0.126
10688,0.126
10689,0.126
10690,0.126
10691,0.126
10692,0.126
10693,0.126
10694,0.126
10695,0.126
10696,0.126
10697,0.126
10698,0.126
10699,0.126
10700,0.126
10701,0.126
10702,0.126
10703,0.126
10704,0.126
10705,0.126
10706,0.126
10707,0.126
10708,0.126
10709,0.126
10710,0.126
10711,0.126
10712,0.126
10713,0.126
10714,0.126
10715,0.126
10716,0.126
10717,0.126
10718,0.126
10719,0.126
10720,0.126
10721,0.126
10722,0.126
10723,0.126
10724,0.126
10725,0.126
10726,0.126
10727,0.126
10728,0.126
10729,0.126
10730,0.126
10731,0.126
10732,0.126
10733,0.126
10734,0.126
10735,0.126
10736,0.126
10737,0.126
10738,0.126
10739,0.126
10740,0.126
10741,0.126
10742,0.126
10743,0.126
10744,0.126
10745,0.126
10746,0.126
10747,0.126
10748,0.126
10749,0.126
10750,0.126
10751,0.126
10752,0.126
10753,0.126
10754,0.126
10755,0.126
10756,0.126
10757,0.126
10758,0.126
10759,0.126
10760,0.126
10761,0.126
10762,0.126
10763,0.126
10764,0.126
10765,0.126
10766,0.126
10767,0.126
10768,0.126
10769,0.126
10770,0.126
10771,0.126
10772,0.126
10773,0.126
10774,0.126
10775,0.126
10776,0.126
10777,0.126
10778,0.126
10779,0.126
10780,0.126
10781,0.126
10782,0.126
10783,0.126
10784,0.126
10785,0.126
10786,0.126
10787,0.126
10788,0.126
10789,0.126
10790,0.126
10791,0.126
10792,0.126
10793,0.126
10794,0.126
10795,0.126
10796,0.126
10797,0.126
10798,0.126
10799,0.126
10800,0.126
0,0.14666666666666664
1,0.14666666666666664
2,0.1459583333333333
3,0.14525
4,0.14454166666666665
5,0.1438333333333333
6,0.14312499999999997
7,0.14241666666666664
8,0.14170833333333333
9,0.141
10,0.141
11,0.141
12,0.141
13,0.141
14,0.141
15,0.141
16,0.139
17,0.1356
18,0.1322
19,0.1288
20,0.1254
21,0.122
22,0.122
23,0.122
24,0.122
25,0.122
26,0.122
27,0.122
28,0.122
29,0.122
30,0.122
31,0.122
32,0.122
33,0.122
34,0.122
35,0.122
36,0.122
37,0.122
38,0.122
39,0.122
40,0.122
41,0.122
42,0.122
43,0.122
44,0.122
45,0.122
46,0.122
47,0.122
48,0.122
49,0.122
50,0.122
51,0.122
52,0.122
53,0.122
54,0.122
55,0.122
56,0.122
57,0.122
58,0.122
59,0.122
60,0.122
61,0.122
62,0.122
63,0.122
64,0.122
65,0.122
66,0.122
67,0.12175
68,0.1215
69,0.12125
70,0.121
71,0.1206
72,0.1202
73,0.11979999999999999
74,0.11939999999999999
75,0.119
76,0.1186
77,0.1182
78,0.11779999999999999
79,0.11739999999999999
80,0.11699999999999999
81,0.11699999999999999
82,0.11699999999999999
83,0.11699999999999999
84,0.11699999999999999
85,0.11699999999999999
86,0.11699999999999999
87,0.11699999999999999
88,0.11699999999999999
89,0.11699999999999999
90,0.11699999999999999
91,0.11699999999999999
92,0.11699999999999999
93,0.11699999999999999
94,0.11699999999999999
95,0.11699999999999999
96,0.11699999999999999
97,0.11699999999999999
98,0.11699999999999999
99,0.11699999999999999
100,0.11699999999999999
101,0.11699999999999999
102,0.11699999999999999
103,0.11699999999999999
104,0.11699999999999999
105,0.11699999999999999
106,0.11699999999999999
107,0.11699999999999999
108,0.11699999999999999
109,0.11699999999999999
110,0.11699999999999999
111,0.11699999999999999
112,0.11699999999999999
113,0.11699999999999999
114,0.11699999999999999
115,0.11699999999999999
116,0.11699999999999999
117,0.11699999999999999
118,0.11699999999999999
119,0.11699999999999999
120,0.11699999999999999
121,0.11699999999999999
122,0.11699999999999999
123,0.11699999999999999
124,0.11699999999999999
125,0.11699999999999999
126,0.11699999999999999
127,0.11699999999999999
128,0.11699999999999999
129,0.11699999999999999
130,0.11699999999999999
131,0.11699999999999999
132,0.11699999999999999
133,0.11699999999999999
134,0.11699999999999999
135,0.11699999999999999
136,0.11699999999999999
137,0.11699999999999999
138,0.11699999999999999
139,0.11699999999999999
140,0.11699999999999999
141,0.11699999999999999
142,0.11699999999999999
143,0.11699999999999999
144,0.11699999999999999
145,0.11699999999999999
146,0.11699999999999999
147,0.11699999999999999
148,0.11699999999999999
149,0.11699999999999999
150,0.11699999999999999
151,0.11699999999999999
152,0.11699999999999999
153,0.11699999999999999
154,0.11699999999999999
155,0.11699999999999999
156,0.11699999999999999
157,0.11699999999999999
158,0.11699999999999999
159,0.11699999999999999
160,0.11699999999999999
161,0.11699999999999999
162,0.11699999999999999
163,0.11699999999999999
164,0.11699999999999999
165,0.11699999999999999
166,0.11699999999999999
167,0.11699999999999999
168,0.11699999999999999
169,0.11699999999999999
170,0.11699999999999999
171,0.11699999999999999
172,0.11699999999999999
173,0.11699999999999999
174,0.11699999999999999
175,0.11699999999999999
176,0.11699999999999999
177,0.11699999999999999
178,0.11699999999999999
179,0.11699999999999999
180,0.11699999999999999
181,0.11699999999999999
182,0.11699999999999999
183,0.11699999999999999
184,0.11699999999999999
185,0.11699999999999999
186,0.11699999999999999
187,0.11699999999999999
188,0.11699999999999999
189,0.11699999999999999
190,0.11699999999999999
191,0.11699999999999999
192,0.11699999999999999
193,0.11699999999999999
194,0.11699999999999999
195,0.11699999999999999
196,0.11679999999999999
197,0.1166
198,0.11639999999999999
199,0.1162
200,0.11599999999999999
201,0.11549999999999999
202,0.11499999999999999
203,0.11449999999999999
204,0.114
205,0.1135
206,0.113
207,0.113
208,0.113
209,0.113
210,0.113
211,0.113
212,0.113
213,0.113
214,0.113
215,0.113
216,0.113
217,0.113
218,0.113
219,0.113
220,0.113
221,0.113
222,0.113
223,0.113
224,0.113
225,0.113
226,0.113
227,0.113
228,0.113
229,0.113
230,0.113
231,0.113
232,0.113
233,0.113
234,0.113
235,0.113
236,0.113
237,0.113
238,0.113
239,0.113
240,0.113
241,0.113
242,0.113
243,0.113
244,0.113
245,0.113
246,0.113
247,0.113
248,0.113
249,0.113
250,0.113
251,0.113
252,0.113
253,0.113
254,0.113
255,0.113
256,0.113
257,0.113
258,0.113
259,0.113
260,0.113
261,0.113
262,0.113
263,0.113
264,0.113
265,0.113
266,0.113
267,0.113
268,0.113
269,0.113
270,0.113
271,0.113
272,0.113
273,0.113
274,0.113
275,0.113
276,0.113
277,0.113
278,0.113
279,0.113
280,0.113
281,0.113
282,0.113
283,0.113
284,0.113
285,0.113
286,0.113
287,0.113
288,0.113
289,0.113
290,0.113
291,0.113
292,0.113
293,0.113
294,0.113
295,0.113
296,0.113
297,0.113
298,0.113
299,0.113
300,0.113
301,0.113
302,0.113
303,0.113
304,0.113
305,0.113
306,0.113
307,0.113
308,0.113
309,0.113
310,0.113
311,0.113
312,0.113
313,0.113
314,0.113
315,0.113
316,0.113
317,0.113
318,0.113
319,0.113
320,0.113
321,0.113
322,0.113
323,0.113
324,0.113
325,0.113
326,0.113
327,0.113
328,0.113
329,0.113
330,0.113
331,0.113
332,0.113
333,0.113
334,0.113
335,0.113
336,0.113
337,0.113
338,0.113
339,0.113
340,0.113
341,0.113
342,0.113
343,0.113
344,0.113
345,0.113
346,0.113
347,0.113
348,0.113
349,0.113
350,0.113
351,0.113
352,0.113
353,0.113
354,0.113
355,0.113
356,0.113
357,0.113
358,0.113
359,0.113
360,0.113
361,0.113
362,0.113
363,0.113
364,0.113
365,0.113
366,0.113
367,0.113
368,0.113
369,0.113
370,0.113
371,0.113
372,0.113
373,0.113
374,0.113
375,0.113
376,0.113
377,0.113
378,0.113
379,0.113
380,0.113
381,0.113
382,0.113
383,0.113
384,0.113
385,0.113
386,0.113
387,0.113
388,0.113
389,0.113
390,0.113
391,0.113
392,0.113
393,0.113
394,0.113
395,0.113
396,0.113
397,0.113
398,0.113
399,0.113
400,0.113
401,0.113
402,0.113
403,0.113
404,0.113
405,0.113
406,0.113
407,0.113
408,0.113
409,0.113
410,0.113
411,0.113
412,0.113
413,0.113
414,0.113
415,0.113
416,0.113
417,0.113
418,0.113
419,0.113
420,0.113
421,0.113
422,0.113
423,0.113
424,0.113
425,0.113
426,0.113
427,0.113
428,0.113
429,0.113
430,0.113
431,0.113
432,0.113
433,0.113
434,0.113
435,0.113
436,0.113
437,0.113
438,0.113
439,0.113
440,0.113
441,0.113
442,0.113
443,0.113
444,0.113
445,0.113
446,0.113
447,0.113
448,0.113
449,0.113
450,0.113
451,0.113
452,0.113
453,0.113
454,0.113
455,0.113
456,0.113
457,0.113
458,0.113
459,0.113
460,0.113
461,0.113
462,0.113
463,0.113
464,0.113
465,0.113
466,0.113
467,0.113
468,0.113
469,0.113
470,0.113
471,0.113
472,0.113
473,0.113
474,0.113
475,0.113
476,0.113
477,0.113
478,0.113
479,0.113
480,0.113
481,0.113
482,0.113
483,0.113
484,0.113
485,0.113
486,0.113
487,0.113
488,0.113
489,0.113
490,0.113
491,0.113
492,0.113
493,0.113
494,0.113
495,0.113
496,0.113
497,0.113
498,0.113
499,0.113
500,0.113
501,0.113
502,0.113
503,0.113
504,0.113
505,0.113
506,0.113
507,0.113
508,0.113
509,0.113
510,0.113
511,0.113
512,0.113
513,0.113
514,0.113
515,0.113
516,0.113
517,0.113
518,0.113
519,0.113
520,0.113
521,0.113
522,0.113
523,0.113
524,0.113
525,0.113
526,0.113
527,0.113
528,0.113
529,0.113
530,0.113
531,0.113
532,0.113
533,0.113
534,0.113
535,0.113
536,0.113
537,0.113
538,0.113
539,0.113
540,0.113
541,0.113
542,0.113
543,0.113
544,0.113
545,0.113
546,0.113
547,0.113
548,0.113
549,0.113
550,0.113
551,0.113
552,0.113
553,0.113
554,0.113
555,0.113
556,0.113
557,0.113
558,0.113
559,0.113
560,0.113
561,0.113
562,0.113
563,0.113
564,0.113
565,0.113
566,0.113
567,0.113
568,0.113
569,0.113
570,0.113
571,0.113
572,0.113
573,0.113
574,0.113
575,0.113
576,0.113
577,0.113
578,0.113
579,0.113
580,0.113
581,0.113
582,0.113
583,0.113
584,0.113
585,0.113
586,0.113
587,0.113
588,0.113
589,0.113
590,0.113
591,0.113
592,0.113
593,0.113
594,0.113
595,0.113
596,0.113
597,0.113
598,0.113
599,0.113
600,0.113
601,0.113
602,0.113
603,0.113
604,0.113
605,0.113
606,0.113
607,0.113
608,0.113
609,0.113
610,0.113
611,0.113
612,0.113
613,0.113
614,0.113
615,0.113
616,0.113
617,0.113
618,0.113
619,0.113
620,0.113
621,0.113
622,0.113
623,0.113
624,0.113
625,0.113
626,0.113
627,0.113
628,0.113
629,0.113
630,0.113
631,0.113
632,0.113
633,0.113
634,0.113
635,0.113
636,0.113
637,0.113
638,0.113
639,0.113
640,0.113
641,0.113
642,0.113
643,0.113
644,0.113
645,0.113
646,0.113
647,0.113
648,0.113
649,0.113
650,0.113
651,0.113
652,0.113
653,0.113
654,0.113
655,0.113
656,0.113
657,0.113
658,0.113
659,0.113
660,0.113
661,0.113
662,0.113
663,0.113
664,0.113
665,0.113
666,0.113
667,0.113
668,0.113
669,0.113
670,0.113
671,0.113
672,0.113
673,0.113
674,0.113
675,0.113
676,0.113
677,0.113
678,0.113
679,0.113
680,0.113
681,0.113
682,0.113
683,0.113
684,0.113
685,0.113
686,0.113
687,0.113
688,0.113
689,0.113
690,0.113
691,0.113
692,0.113
693,0.113
694,0.113
695,0.113
696,0.113
697,0.113
698,0.113
699,0.113
700,0.113
701,0.113
702,0.113
703,0.113
704,0.113
705,0.113
706,0.113
707,0.113
708,0.113
709,0.113
710,0.113
711,0.113
712,0.113
713,0.113
714,0.113
715,0.113
716,0.113
717,0.113
718,0.113
719,0.113
720,0.113
721,0.113
722,0.113
723,0.113
724,0.113
725,0.113
726,0.113
727,0.113
728,0.113
729,0.113
730,0.113
731,0.113
732,0.113
733,0.113
734,0.113
735,0.113
736,0.113
737,0.113
738,0.113
739,0.113
740,0.113
741,0.113
742,0.113
743,0.113
744,0.113
745,0.113
746,0.113
747,0.113
748,0.113
749,0.113
750,0.113
751,0.113
752,0.113
753,0.113
754,0.113
755,0.113
756,0.113
757,0.113
758,0.113
759,0.113
760,0.113
761,0.113
762,0.113
763,0.113
764,0.113
765,0.113
766,0.113
767,0.113
768,0.113
769,0.113
770,0.113
771,0.113
772,0.113
773,0.113
774,0.113
775,0.113
776,0.113
777,0.113
778,0.113
779,0.113
780,0.113
781,0.113
782,0.113
783,0.113
784,0.113
785,0.113
786,0.113
787,0.113
788,0.113
789,0.113
790,0.113
791,0.113
792,0.113
793,0.113
794,0.113
795,0.113
796,0.113
797,0.113
798,0.113
799,0.113
800,0.113
801,0.113
802,0.113
803,0.113
804,0.113
805,0.113
806,0.113
807,0.113
808,0.113
809,0.113
810,0.113
811,0.113
812,0.113
813,0.113
814,0.113
815,0.113
816,0.113
817,0.113
818,0.113
819,0.113
820,0.113
821,0.113
822,0.113
823,0.113
824,0.113
825,0.113
826,0.113
827,0.113
828,0.113
829,0.113
830,0.113
831,0.113
832,0.113
833,0.113
834,0.113
835,0.113
836,0.113
837,0.113
838,0.113
839,0.113
840,0.113
841,0.113
842,0.113
843,0.113
844,0.113
845,0.113
846,0.113
847,0.113
848,0.113
849,0.113
850,0.113
851,0.113
852,0.113
853,0.113
854,0.113
855,0.113
856,0.113
857,0.113
858,0.113
859,0.113
860,0.113
861,0.113
862,0.113
863,0.113
864,0.113
865,0.113
866,0.113
867,0.113
868,0.113
869,0.113
870,0.113
871,0.113
872,0.113
873,0.113
874,0.113
875,0.113
876,0.113
877,0.113
878,0.113
879,0.113
880,0.113
881,0.113
882,0.113
883,0.113
884,0.113
885,0.113
886,0.113
887,0.113
888,0.113
889,0.113
890,0.113
891,0.113
892,0.113
893,0.113
894,0.113
895,0.113
896,0.113
897,0.113
898,0.113
899,0.113
900,0.113
901,0.113
902,0.113
903,0.113
904,0.113
905,0.113
906,0.113
907,0.113
908,0.113
909,0.113
910,0.113
911,0.113
912,0.113
913,0.113
914,0.113
915,0.113
916,0.113
917,0.113
918,0.113
919,0.113
920,0.113
921,0.113
922,0.113
923,0.113
924,0.113
925,0.113
926,0.113
927,0.113
928,0.113
929,0.113
930,0.113
931,0.113
932,0.113
933,0.113
934,0.113
935,0.113
936,0.113
937,0.113
938,0.113
939,0.113
940,0.113
941,0.113
942,0.113
943,0.113
944,0.113
945,0.113
946,0.113
947,0.113
948,0.113
949,0.113
950,0.113
951,0.113
952,0.113
953,0.113
954,0.113
955,0.113
956,0.113
957,0.113
958,0.113
959,0.113
960,0.113
961,0.113
962,0.113
963,0.113
964,0.113
965,0.113
966,0.113
967,0.113
968,0.113
969,0.113
970,0.113
971,0.113
972,0.113
973,0.113
974,0.113
975,0.113
976,0.113
977,0.113
978,0.113
979,0.113
980,0.113
981,0.113
982,0.113
983,0.113
984,0.113
985,0.113
986,0.113
987,0.113
988,0.113
989,0.113
990,0.113
991,0.113
992,0.113
993,0.113
994,0.113
995,0.113
996,0.113
997,0.113
998,0.113
999,0.113
1000,0.113
1001,0.113
1002,0.113
1003,0.113
1004,0.113
1005,0.113
1006,0.113
1007,0.113
1008,0.113
1009,0.113
1010,0.113
1011,0.113
1012,0.113
1013,0.113
1014,0.113
1015,0.113
1016,0.113
1017,0.113
1018,0.113
1019,0.113
1020,0.113
1021,0.113
1022,0.113
1023,0.113
1024,0.113
1025,0.113
1026,0.113
1027,0.113
1028,0.113
1029,0.113
1030,0.113
1031,0.113
1032,0.113
1033,0.113
1034,0.113
1035,0.113
1036,0.113
1037,0.113
1038,0.113
1039,0.113
1040,0.113
1041,0.113
1042,0.113
1043,0.113
1044,0.113
1045,0.113
1046,0.113
1047,0.113
1048,0.113
1049,0.113
1050,0.113
1051,0.113
1052,0.113
1053,0.113
1054,0.113
1055,0.113
1056,0.113
1057,0.113
1058,0.113
1059,0.113
1060,0.113
1061,0.113
1062,0.113
1063,0.113
1064,0.113
1065,0.113
1066,0.113
1067,0.113
1068,0.113
1069,0.113
1070,0.113
1071,0.113
1072,0.113
1073,0.113
1074,0.113
1075,0.113
1076,0.113
1077,0.113
1078,0.113
1079,0.113
1080,0.113
1081,0.113
1082,0.113
1083,0.113
1084,0.113
1085,0.113
1086,0.113
1087,0.113
1088,0.113
1089,0.113
1090,0.113
1091,0.113
1092,0.113
1093,0.113
1094,0.113
1095,0.113
1096,0.113
1097,0.113
1098,0.113
1099,0.113
1100,0.113
1101,0.113
1102,0.113
1103,0.113
1104,0.113
1105,0.113
1106,0.113
1107,0.113
1108,0.113
1109,0.113
1110,0.113
1111,0.113
1112,0.113
1113,0.113
1114,0.113
1115,0.113
1116,0.113
1117,0.113
1118,0.113
1119,0.113
1120,0.113
1121,0.113
1122,0.113
1123,0.113
1124,0.113
1125,0.113
1126,0.113
1127,0.113
1128,0.113
1129,0.113
1130,0.113
1131,0.113
1132,0.113
1133,0.113
1134,0.113
1135,0.113
1136,0.113
1137,0.113
1138,0.113
1139,0.113
1140,0.113
1141,0.113
1142,0.113
1143,0.113
1144,0.113
1145,0.113
1146,0.113
1147,0.113
1148,0.113
1149,0.113
1150,0.113
1151,0.113
1152,0.113
1153,0.113
1154,0.113
1155,0.113
1156,0.113
1157,0.113
1158,0.113
1159,0.113
1160,0.113
1161,0.113
1162,0.113
1163,0.113
1164,0.113
1165,0.113
1166,0.113
1167,0.113
1168,0.113
1169,0.113
1170,0.113
1171,0.113
1172,0.113
1173,0.113
1174,0.113
1175,0.113
1176,0.113
1177,0.113
1178,0.113
1179,0.113
1180,0.113
1181,0.113
1182,0.113
1183,0.113
1184,0.113
1185,0.113
1186,0.113
1187,0.113
1188,0.113
1189,0.113
1190,0.113
1191,0.113
1192,0.113
1193,0.113
1194,0.113
1195,0.113
1196,0.113
1197,0.113
1198,0.113
1199,0.113
1200,0.113
1201,0.113
1202,0.113
1203,0.113
1204,0.113
1205,0.113
1206,0.113
1207,0.113
1208,0.113
1209,0.113
1210,0.113
1211,0.113
1212,0.113
1213,0.113
1214,0.113
1215,0.113
1216,0.113
1217,0.113
1218,0.113
1219,0.113
1220,0.113
1221,0.113
1222,0.113
1223,0.113
1224,0.113
1225,0.113
1226,0.113
1227,0.113
1228,0.113
1229,0.113
1230,0.113
1231,0.113
1232,0.113
1233,0.113
1234,0.113
1235,0.113
1236,0.113
1237,0.113
1238,0.113
1239,0.113
1240,0.113
1241,0.113
1242,0.113
1243,0.113
1244,0.113
1245,0.113
1246,0.113
1247,0.113
1248,0.113
1249,0.113
1250,0.113
1251,0.113
1252,0.113
1253,0.113
1254,0.113
1255,0.113
1256,0.113
1257,0.113
1258,0.113
1259,0.113
1260,0.113
1261,0.113
1262,0.113
1263,0.113
1264,0.113
1265,0.113
1266,0.113
1267,0.113
1268,0.113
1269,0.113
1270,0.113
1271,0.113
1272,0.113
1273,0.113
1274,0.113
1275,0.113
1276,0.113
1277,0.113
1278,0.113
1279,0.113
1280,0.113
1281,0.113
1282,0.113
1283,0.113
1284,0.113
1285,0.113
1286,0.113
1287,0.113
1288,0.113
1289,0.113
1290,0.113
1291,0.113
1292,0.113
1293,0.113
1294,0.113
1295,0.113
1296,0.113
1297,0.113
1298,0.113
1299,0.113
1300,0.113
1301,0.113
1302,0.113
1303,0.113
1304,0.113
1305,0.113
1306,0.113
1307,0.113
1308,0.113
1309,0.113
1310,0.113
1311,0.113
1312,0.113
1313,0.113
1314,0.113
1315,0.113
1316,0.113
1317,0.113
1318,0.113
1319,0.113
1320,0.113
1321,0.113
1322,0.113
1323,0.113
1324,0.113
1325,0.113
1326,0.113
1327,0.113
1328,0.113
1329,0.113
1330,0.113
1331,0.113
1332,0.113
1333,0.113
1334,0.113
1335,0.113
1336,0.113
1337,0.113
1338,0.113
1339,0.113
1340,0.113
1341,0.113
1342,0.113
1343,0.113
1344,0.113
1345,0.113
1346,0.113
1347,0.113
1348,0.113
1349,0.113
1350,0.113
1351,0.113
1352,0.113
1353,0.113
1354,0.113
1355,0.113
1356,0.113
1357,0.113
1358,0.113
1359,0.113
1360,0.113
1361,0.113
1362,0.113
1363,0.113
1364,0.113
1365,0.113
1366,0.113
1367,0.113
1368,0.113
1369,0.113
1370,0.113
1371,0.113
1372,0.113
1373,0.113
1374,0.113
1375,0.113
1376,0.113
1377,0.113
1378,0.113
1379,0.113
1380,0.113
1381,0.113
1382,0.113
1383,0.113
1384,0.113
1385,0.113
1386,0.113
1387,0.113
1388,0.113
1389,0.113
1390,0.113
1391,0.113
1392,0.113
1393,0.113
1394,0.113
1395,0.113
1396,0.113
1397,0.113
1398,0.113
1399,0.113
1400,0.113
1401,0.113
1402,0.113
1403,0.113
1404,0.113
1405,0.113
1406,0.113
1407,0.113
1408,0.113
1409,0.113
1410,0.113
1411,0.113
1412,0.113
1413,0.113
1414,0.113
1415,0.113
1416,0.113
1417,0.113
1418,0.113
1419,0.113
1420,0.113
1421,0.113
1422,0.113
1423,0.113
1424,0.113
1425,0.113
1426,0.113
1427,0.113
1428,0.113
1429,0.113
1430,0.113
1431,0.113
1432,0.113
1433,0.113
1434,0.113
1435,0.113
1436,0.113
1437,0.113
1438,0.113
1439,0.113
1440,0.113
1441,0.113
1442,0.113
1443,0.113
1444,0.113
1445,0.113
1446,0.113
1447,0.113
1448,0.113
1449,0.113
1450,0.113
1451,0.113
1452,0.113
1453,0.113
1454,0.113
1455,0.113
1456,0.113
1457,0.113
1458,0.113
1459,0.113
1460,0.113
1461,0.113
1462,0.113
1463,0.113
1464,0.113
1465,0.113
1466,0.113
1467,0.113
1468,0.113
1469,0.113
1470,0.113
1471,0.113
1472,0.113
1473,0.113
1474,0.113
1475,0.113
1476,0.113
1477,0.113
1478,0.113
1479,0.113
1480,0.113
1481,0.113
1482,0.113
1483,0.113
1484,0.113
1485,0.113
1486,0.113
1487,0.113
1488,0.113
1489,0.113
1490,0.113
1491,0.113
1492,0.113
1493,0.113
1494,0.113
1495,0.113
1496,0.113
1497,0.113
1498,0.113
1499,0.113
1500,0.113
1501,0.113
1502,0.113
1503,0.113
1504,0.113
1505,0.113
1506,0.113
1507,0.113
1508,0.113
1509,0.113
1510,0.113
1511,0.113
1512,0.113
1513,0.113
1514,0.113
1515,0.113
1516,0.113
1517,0.113
1518,0.113
1519,0.113
1520,0.113
1521,0.113
1522,0.113
1523,0.113
1524,0.113
1525,0.113
1526,0.113
1527,0.113
1528,0.113
1529,0.113
1530,0.113
1531,0.113
1532,0.113
1533,0.113
1534,0.113
1535,0.113
1536,0.113
1537,0.113
1538,0.113
1539,0.113
1540,0.113
1541,0.113
1542,0.113
1543,0.113
1544,0.113
1545,0.113
1546,0.113
1547,0.113
1548,0.113
1549,0.113
1550,0.113
1551,0.113
1552,0.113
1553,0.113
1554,0.113
1555,0.113
1556,0.113
1557,0.113
1558,0.113
1559,0.113
1560,0.113
1561,0.113
1562,0.113
1563,0.113
1564,0.113
1565,0.113
1566,0.113
1567,0.113
1568,0.113
1569,0.113
1570,0.113
1571,0.113
1572,0.113
1573,0.113
1574,0.113
1575,0.113
1576,0.113
1577,0.113
1578,0.113
1579,0.113
1580,0.113
1581,0.113
1582,0.113
1583,0.113
1584,0.113
1585,0.113
1586,0.113
1587,0.113
1588,0.113
1589,0.113
1590,0.113
1591,0.113
1592,0.113
1593,0.113
1594,0.113
1595,0.113
1596,0.113
1597,0.113
1598,0.113
1599,0.113
1600,0.113
1601,0.113
1602,0.113
1603,0.113
1604,0.113
1605,0.113
1606,0.113
1607,0.113
1608,0.113
1609,0.113
1610,0.113
1611,0.113
1612,0.113
1613,0.113
1614,0.113
1615,0.113
1616,0.113
1617,0.113
1618,0.113
1619,0.113
1620,0.113
1621,0.113
1622,0.113
1623,0.113
1624,0.113
1625,0.113
1626,0.113
1627,0.113
1628,0.113
1629,0.113
1630,0.113
1631,0.113
1632,0.113
1633,0.113
1634,0.113
1635,0.113
1636,0.113
1637,0.113
1638,0.113
1639,0.113
1640,0.113
1641,0.113
1642,0.113
1643,0.113
1644,0.113
1645,0.113
1646,0.113
1647,0.113
1648,0.113
1649,0.113
1650,0.113
1651,0.113
1652,0.113
1653,0.113
1654,0.113
1655,0.113
1656,0.113
1657,0.113
1658,0.113
1659,0.113
1660,0.113
1661,0.113
1662,0.113
1663,0.113
1664,0.113
1665,0.113
1666,0.113
1667,0.113
1668,0.113
1669,0.113
1670,0.113
1671,0.113
1672,0.113
1673,0.113
1674,0.113
1675,0.113
1676,0.113
1677,0.113
1678,0.113
1679,0.113
1680,0.113
1681,0.113
1682,0.113
1683,0.113
1684,0.113
1685,0.113
1686,0.113
1687,0.113
1688,0.113
1689,0.113
1690,0.113
1691,0.113
1692,0.113
1693,0.113
1694,0.113
1695,0.113
1696,0.113
1697,0.113
1698,0.113
1699,0.113
1700,0.113
1701,0.113
1702,0.113
1703,0.113
1704,0.113
1705,0.113
1706,0.113
1707,0.113
1708,0.113
1709,0.113
1710,0.113
1711,0.113
1712,0.113
1713,0.113
1714,0.113
1715,0.113
1716,0.113
1717,0.113
1718,0.113
1719,0.113
1720,0.113
1721,0.113
1722,0.113
1723,0.113
1724,0.113
1725,0.113
1726,0.113
1727,0.113
1728,0.113
1729,0.113
1730,0.113
1731,0.113
1732,0.113
1733,0.113
1734,0.113
1735,0.113
1736,0.113
1737,0.113
1738,0.113
1739,0.113
1740,0.113
1741,0.113
1742,0.113
1743,0.113
1744,0.113
1745,0.113
1746,0.113
1747,0.113
1748,0.113
1749,0.113
1750,0.113
1751,0.113
1752,0.113
1753,0.113
1754,0.113
1755,0.113
1756,0.113
1757,0.113
1758,0.113
1759,0.113
1760,0.113
1761,0.113
1762,0.113
1763,0.113
1764,0.113
1765,0.113
1766,0.113
1767,0.113
1768,0.113
1769,0.113
1770,0.113
1771,0.113
1772,0.113
1773,0.113
1774,0.113
1775,0.113
1776,0.113
1777,0.113
1778,0.113
1779,0.113
1780,0.113
1781,0.113
1782,0.113
1783,0.113
1784,0.113
1785,0.113
1786,0.113
1787,0.113
1788,0.113
1789,0.113
1790,0.113
1791,0.113
1792,0.113
1793,0.113
1794,0.113
1795,0.113
1796,0.113
1797,0.113
1798,0.113
1799,0.113
1800,0.113
1801,0.113
1802,0.113
1803,0.113
1804,0.113
1805,0.113
1806,0.113
1807,0.113
1808,0.113
1809,0.113
1810,0.113
1811,0.113
1812,0.113
1813,0.113
1814,0.113
1815,0.113
1816,0.113
1817,0.113
1818,0.113
1819,0.113
1820,0.113
1821,0.113
1822,0.113
1823,0.113
1824,0.113
1825,0.113
1826,0.113
1827,0.113
1828,0.113
1829,0.113
1830,0.113
1831,0.113
1832,0.113
1833,0.113
1834,0.113
1835,0.113
1836,0.113
1837,0.113
1838,0.113
1839,0.113
1840,0.113
1841,0.113
1842,0.113
1843,0.113
1844,0.113
1845,0.113
1846,0.113
1847,0.113
1848,0.113
1849,0.113
1850,0.113
1851,0.113
1852,0.113
1853,0.113
1854,0.113
1855,0.113
1856,0.113
1857,0.113
1858,0.113
1859,0.113
1860,0.113
1861,0.113
1862,0.113
1863,0.113
1864,0.113
1865,0.113
1866,0.113
1867,0.113
1868,0.113
1869,0.113
1870,0.113
1871,0.113
1872,0.113
1873,0.113
1874,0.113
1875,0.113
1876,0.113
1877,0.113
1878,0.113
1879,0.113
1880,0.113
1881,0.113
1882,0.113
1883,0.113
1884,0.113
1885,0.113
1886,0.113
1887,0.113
1888,0.113
1889,0.113
1890,0.113
1891,0.113
1892,0.113
1893,0.113
1894,0.113
1895,0.113
1896,0.113
1897,0.113
1898,0.113
1899,0.113
1900,0.113
1901,0.113
1902,0.113
1903,0.113
1904,0.113
1905,0.113
1906,0.113
1907,0.113
1908,0.113
1909,0.113
1910,0.113
1911,0.113
1912,0.113
1913,0.113
1914,0.113
1915,0.113
1916,0.113
1917,0.113
1918,0.113
1919,0.113
1920,0.113
1921,0.113
1922,0.113
1923,0.113
1924,0.113
1925,0.113
1926,0.113
1927,0.113
1928,0.113
1929,0.113
1930,0.113
1931,0.113
1932,0.113
1933,0.113
1934,0.113
1935,0.113
1936,0.113
1937,0.113
1938,0.113
1939,0.113
1940,0.113
1941,0.113
1942,0.113
1943,0.113
1944,0.113
1945,0.113
1946,0.113
1947,0.113
1948,0.113
1949,0.113
1950,0.113
1951,0.113
1952,0.113
1953,0.113
1954,0.113
1955,0.113
1956,0.113
1957,0.113
1958,0.113
1959,0.113
1960,0.113
1961,0.113
1962,0.113
1963,0.113
1964,0.113
1965,0.113
1966,0.113
1967,0.113
1968,0.113
1969,0.113
1970,0.113
1971,0.113
1972,0.113
1973,0.113
1974,0.113
1975,0.113
1976,0.113
1977,0.113
1978,0.113
1979,0.113
1980,0.113
1981,0.113
1982,0.113
1983,0.113
1984,0.113
1985,0.113
1986,0.113
1987,0.113
1988,0.113
1989,0.113
1990,0.113
1991,0.113
1992,0.113
1993,0.113
1994,0.113
1995,0.113
1996,0.113
1997,0.113
1998,0.113
1999,0.113
2000,0.113
2001,0.113
2002,0.113
2003,0.113
2004,0.113
2005,0.113
2006,0.113
2007,0.113
2008,0.113
2009,0.113
2010,0.113
2011,0.113
2012,0.113
2013,0.113
2014,0.113
2015,0.113
2016,0.113
2017,0.113
2018,0.113
2019,0.113
2020,0.113
2021,0.113
2022,0.113
2023,0.113
2024,0.113
2025,0.113
2026,0.113
2027,0.113
2028,0.113
2029,0.113
2030,0.113
2031,0.113
2032,0.113
2033,0.113
2034,0.113
2035,0.113
2036,0.113
2037,0.113
2038,0.113
2039,0.113
2040,0.113
2041,0.113
2042,0.113
2043,0.113
2044,0.113
2045,0.113
2046,0.113
2047,0.113
2048,0.113
2049,0.113
2050,0.113
2051,0.113
2052,0.113
2053,0.113
2054,0.113
2055,0.113
2056,0.113
2057,0.113
2058,0.113
2059,0.113
2060,0.113
2061,0.113
2062,0.113
2063,0.113
2064,0.113
2065,0.113
2066,0.113
2067,0.113
2068,0.113
2069,0.113
2070,0.113
2071,0.113
2072,0.113
2073,0.113
2074,0.113
2075,0.113
2076,0.113
2077,0.113
2078,0.113
2079,0.113
2080,0.113
2081,0.113
2082,0.113
2083,0.113
2084,0.113
2085,0.113
2086,0.113
2087,0.113
2088,0.113
2089,0.113
2090,0.113
2091,0.113
2092,0.113
2093,0.113
2094,0.113
2095,0.113
2096,0.113
2097,0.113
2098,0.113
2099,0.113
2100,0.113
2101,0.113
2102,0.113
2103,0.113
2104,0.113
2105,0.113
2106,0.113
2107,0.113
2108,0.113
2109,0.113
2110,0.113
2111,0.113
2112,0.113
2113,0.113
2114,0.113
2115,0.113
2116,0.113
2117,0.113
2118,0.113
2119,0.113
2120,0.113
2121,0.113
2122,0.113
2123,0.113
2124,0.113
2125,0.113
2126,0.113
2127,0.113
2128,0.113
2129,0.113
2130,0.113
2131,0.113
2132,0.113
2133,0.113
2134,0.113
2135,0.113
2136,0.113
2137,0.113
2138,0.113
2139,0.113
2140,0.113
2141,0.113
2142,0.113
2143,0.113
2144,0.113
2145,0.113
2146,0.113
2147,0.113
2148,0.113
2149,0.113
2150,0.113
2151,0.113
2152,0.113
2153,0.113
2154,0.113
2155,0.113
2156,0.113
2157,0.113
2158,0.113
2159,0.113
2160,0.113
2161,0.113
2162,0.113
2163,0.113
2164,0.113
2165,0.113
2166,0.113
2167,0.113
2168,0.113
2169,0.113
2170,0.113
2171,0.113
2172,0.113
2173,0.113
2174,0.113
2175,0.113
2176,0.113
2177,0.113
2178,0.113
2179,0.113
2180,0.113
2181,0.113
2182,0.113
2183,0.113
2184,0.113
2185,0.113
2186,0.113
2187,0.113
2188,0.113
2189,0.113
2190,0.113
2191,0.113
2192,0.113
2193,0.113
2194,0.113
2195,0.113
2196,0.113
2197,0.113
2198,0.113
2199,0.113
2200,0.113
2201,0.113
2202,0.113
2203,0.113
2204,0.113
2205,0.113
2206,0.113
2207,0.113
2208,0.113
2209,0.113
2210,0.113
2211,0.113
2212,0.113
2213,0.113
2214,0.113
2215,0.113
2216,0.113
2217,0.113
2218,0.113
2219,0.113
2220,0.113
2221,0.113
2222,0.113
2223,0.113
2224,0.113
2225,0.113
2226,0.113
2227,0.113
2228,0.113
2229,0.113
2230,0.113
2231,0.113
2232,0.113
2233,0.113
2234,0.113
2235,0.113
2236,0.113
2237,0.113
2238,0.113
2239,0.113
2240,0.113
2241,0.113
2242,0.113
2243,0.113
2244,0.113
2245,0.113
2246,0.113
2247,0.113
2248,0.113
2249,0.113
2250,0.113
2251,0.113
2252,0.113
2253,0.113
2254,0.113
2255,0.113
2256,0.113
2257,0.113
2258,0.113
2259,0.113
2260,0.113
2261,0.113
2262,0.113
2263,0.113
2264,0.113
2265,0.113
2266,0.113
2267,0.113
2268,0.113
2269,0.113
2270,0.113
2271,0.113
2272,0.113
2273,0.113
2274,0.113
2275,0.113
2276,0.113
2277,0.113
2278,0.113
2279,0.113
2280,0.113
2281,0.113
2282,0.113
2283,0.113
2284,0.113
2285,0.113
2286,0.113
2287,0.113
2288,0.113
2289,0.113
2290,0.113
2291,0.113
2292,0.113
2293,0.113
2294,0.113
2295,0.113
2296,0.113
2297,0.113
2298,0.113
2299,0.113
2300,0.113
2301,0.113
2302,0.113
2303,0.113
2304,0.113
2305,0.113
2306,0.113
2307,0.113
2308,0.113
2309,0.113
2310,0.113
2311,0.113
2312,0.113
2313,0.113
2314,0.113
2315,0.113
2316,0.113
2317,0.113
2318,0.113
2319,0.113
2320,0.113
2321,0.113
2322,0.113
2323,0.113
2324,0.113
2325,0.113
2326,0.113
2327,0.113
2328,0.113
2329,0.113
2330,0.113
2331,0.113
2332,0.113
2333,0.113
2334,0.113
2335,0.113
2336,0.113
2337,0.113
2338,0.113
2339,0.113
2340,0.113
2341,0.113
2342,0.113
2343,0.113
2344,0.113
2345,0.113
2346,0.113
2347,0.113
2348,0.113
2349,0.113
2350,0.113
2351,0.113
2352,0.113
2353,0.113
2354,0.113
2355,0.113
2356,0.113
2357,0.113
2358,0.113
2359,0.113
2360,0.113
2361,0.113
2362,0.113
2363,0.113
2364,0.113
2365,0.113
2366,0.113
2367,0.113
2368,0.113
2369,0.113
2370,0.113
2371,0.113
2372,0.113
2373,0.113
2374,0.113
2375,0.113
2376,0.113
2377,0.113
2378,0.113
2379,0.113
2380,0.113
2381,0.113
2382,0.113
2383,0.113
2384,0.113
2385,0.113
2386,0.113
2387,0.113
2388,0.113
2389,0.113
2390,0.113
2391,0.113
2392,0.113
2393,0.113
2394,0.113
2395,0.113
2396,0.113
2397,0.113
2398,0.113
2399,0.113
2400,0.113
2401,0.113
2402,0.113
2403,0.113
2404,0.113
2405,0.113
2406,0.113
2407,0.113
2408,0.113
2409,0.113
2410,0.113
2411,0.113
2412,0.113
2413,0.113
2414,0.113
2415,0.113
2416,0.113
2417,0.113
2418,0.113
2419,0.113
2420,0.113
2421,0.113
2422,0.113
2423,0.113
2424,0.113
2425,0.113
2426,0.113
2427,0.113
2428,0.113
2429,0.113
2430,0.113
2431,0.113
2432,0.113
2433,0.113
2434,0.113
2435,0.113
2436,0.113
2437,0.113
2438,0.113
2439,0.113
2440,0.113
2441,0.113
2442,0.113
2443,0.113
2444,0.113
2445,0.113
2446,0.113
2447,0.113
2448,0.113
2449,0.113
2450,0.113
2451,0.113
2452,0.113
2453,0.113
2454,0.113
2455,0.113
2456,0.113
2457,0.113
2458,0.113
2459,0.113
2460,0.113
2461,0.113
2462,0.113
2463,0.113
2464,0.113
2465,0.113
2466,0.113
2467,0.113
2468,0.113
2469,0.113
2470,0.113
2471,0.113
2472,0.113
2473,0.113
2474,0.113
2475,0.113
2476,0.113
2477,0.113
2478,0.113
2479,0.113
2480,0.113
2481,0.113
2482,0.113
2483,0.113
2484,0.113
2485,0.113
2486,0.113
2487,0.113
2488,0.113
2489,0.113
2490,0.113
2491,0.113
2492,0.113
2493,0.113
2494,0.113
2495,0.113
2496,0.113
2497,0.113
2498,0.113
2499,0.113
2500,0.113
2501,0.113
2502,0.113
2503,0.113
2504,0.113
2505,0.113
2506,0.113
2507,0.113
2508,0.113
2509,0.113
2510,0.113
2511,0.113
2512,0.113
2513,0.113
2514,0.113
2515,0.113
2516,0.113
2517,0.113
2518,0.113
2519,0.113
2520,0.113
2521,0.113
2522,0.113
2523,0.113
2524,0.113
2525,0.113
2526,0.113
2527,0.113
2528,0.113
2529,0.113
2530,0.113
2531,0.113
2532,0.113
2533,0.113
2534,0.113
2535,0.113
2536,0.113
2537,0.113
2538,0.113
2539,0.113
2540,0.113
2541,0.113
2542,0.113
2543,0.113
2544,0.113
2545,0.113
2546,0.113
2547,0.113
2548,0.113
2549,0.113
2550,0.113
2551,0.113
2552,0.113
2553,0.113
2554,0.113
2555,0.113
2556,0.113
2557,0.113
2558,0.113
2559,0.113
2560,0.113
2561,0.113
2562,0.113
2563,0.113
2564,0.113
2565,0.113
2566,0.113
2567,0.113
2568,0.113
2569,0.113
2570,0.113
2571,0.113
2572,0.113
2573,0.113
2574,0.113
2575,0.113
2576,0.113
2577,0.113
2578,0.113
2579,0.113
2580,0.113
2581,0.113
2582,0.113
2583,0.113
2584,0.113
2585,0.113
2586,0.113
2587,0.113
2588,0.113
2589,0.113
2590,0.113
2591,0.113
2592,0.113
2593,0.113
2594,0.113
2595,0.113
2596,0.113
2597,0.113
2598,0.113
2599,0.113
2600,0.113
2601,0.113
2602,0.113
2603,0.113
2604,0.113
2605,0.113
2606,0.113
2607,0.113
2608,0.113
2609,0.113
2610,0.113
2611,0.113
2612,0.113
2613,0.113
2614,0.113
2615,0.113
2616,0.113
2617,0.113
2618,0.113
2619,0.113
2620,0.113
2621,0.113
2622,0.113
2623,0.113
2624,0.113
2625,0.113
2626,0.113
2627,0.113
2628,0.113
2629,0.113
2630,0.113
2631,0.113
2632,0.113
2633,0.113
2634,0.113
2635,0.113
2636,0.113
2637,0.113
2638,0.113
2639,0.113
2640,0.113
2641,0.113
2642,0.113
2643,0.113
2644,0.113
2645,0.113
2646,0.113
2647,0.113
2648,0.113
2649,0.113
2650,0.113
2651,0.113
2652,0.113
2653,0.113
2654,0.113
2655,0.113
2656,0.113
2657,0.113
2658,0.113
2659,0.113
2660,0.113
2661,0.113
2662,0.113
2663,0.113
2664,0.113
2665,0.113
2666,0.113
2667,0.113
2668,0.113
2669,0.113
2670,0.113
2671,0.113
2672,0.113
2673,0.113
2674,0.113
2675,0.113
2676,0.113
2677,0.113
2678,0.113
2679,0.113
2680,0.113
2681,0.113
2682,0.113
2683,0.113
2684,0.113
2685,0.113
2686,0.113
2687,0.113
2688,0.113
2689,0.113
2690,0.113
2691,0.113
2692,0.113
2693,0.113
2694,0.113
2695,0.113
2696,0.113
2697,0.113
2698,0.113
2699,0.113
2700,0.113
2701,0.113
2702,0.113
2703,0.113
2704,0.113
2705,0.113
2706,0.113
2707,0.113
2708,0.113
2709,0.113
2710,0.113
2711,0.113
2712,0.113
2713,0.113
2714,0.113
2715,0.113
2716,0.113
2717,0.113
2718,0.113
2719,0.113
2720,0.113
2721,0.113
2722,0.113
2723,0.113
2724,0.113
2725,0.113
2726,0.113
2727,0.113
2728,0.113
2729,0.113
2730,0.113
2731,0.113
2732,0.113
2733,0.113
2734,0.113
2735,0.113
2736,0.113
2737,0.113
2738,0.113
2739,0.113
2740,0.113
2741,0.113
2742,0.113
2743,0.113
2744,0.113
2745,0.113
2746,0.113
2747,0.113
2748,0.113
2749,0.113
2750,0.113
2751,0.113
2752,0.113
2753,0.113
2754,0.113
2755,0.113
2756,0.113
2757,0.113
2758,0.113
2759,0.113
2760,0.113
2761,0.113
2762,0.113
2763,0.113
2764,0.113
2765,0.113
2766,0.113
2767,0.113
2768,0.113
2769,0.113
2770,0.113
2771,0.113
2772,0.113
2773,0.113
2774,0.113
2775,0.113
2776,0.113
2777,0.113
2778,0.113
2779,0.113
2780,0.113
2781,0.113
2782,0.113
2783,0.113
2784,0.113
2785,0.113
2786,0.113
2787,0.113
2788,0.113
2789,0.113
2790,0.113
2791,0.113
2792,0.113
2793,0.113
2794,0.113
2795,0.113
2796,0.113
2797,0.113
2798,0.113
2799,0.113
2800,0.113
2801,0.113
2802,0.113
2803,0.113
2804,0.113
2805,0.113
2806,0.113
2807,0.113
2808,0.113
2809,0.113
2810,0.113
2811,0.113
2812,0.113
2813,0.113
2814,0.113
2815,0.113
2816,0.113
2817,0.113
2818,0.113
2819,0.113
2820,0.113
2821,0.113
2822,0.113
2823,0.113
2824,0.113
2825,0.113
2826,0.113
2827,0.113
2828,0.113
2829,0.113
2830,0.113
2831,0.113
2832,0.113
2833,0.113
2834,0.113
2835,0.113
2836,0.113
2837,0.113
2838,0.113
2839,0.113
2840,0.113
2841,0.113
2842,0.113
2843,0.113
2844,0.113
2845,0.113
2846,0.113
2847,0.113
2848,0.113
2849,0.113
2850,0.113
2851,0.113
2852,0.113
2853,0.113
2854,0.113
2855,0.113
2856,0.113
2857,0.113
2858,0.113
2859,0.113
2860,0.113
2861,0.113
2862,0.113
2863,0.113
2864,0.113
2865,0.113
2866,0.113
2867,0.113
2868,0.113
2869,0.113
2870,0.113
2871,0.113
2872,0.113
2873,0.113
2874,0.113
2875,0.113
2876,0.113
2877,0.113
2878,0.113
2879,0.113
2880,0.113
2881,0.113
2882,0.113
2883,0.113
2884,0.113
2885,0.113
2886,0.113
2887,0.113
2888,0.113
2889,0.113
2890,0.113
2891,0.113
2892,0.113
2893,0.113
2894,0.113
2895,0.113
2896,0.113
2897,0.113
2898,0.113
2899,0.113
2900,0.113
2901,0.113
2902,0.113
2903,0.113
2904,0.113
2905,0.113
2906,0.113
2907,0.113
2908,0.113
2909,0.113
2910,0.113
2911,0.113
2912,0.113
2913,0.113
2914,0.113
2915,0.113
2916,0.113
2917,0.113
2918,0.113
2919,0.113
2920,0.113
2921,0.113
2922,0.113
2923,0.113
2924,0.113
2925,0.113
2926,0.113
2927,0.113
2928,0.113
2929,0.113
2930,0.113
2931,0.113
2932,0.113
2933,0.113
2934,0.113
2935,0.113
2936,0.113
2937,0.113
2938,0.113
2939,0.113
2940,0.113
2941,0.113
2942,0.113
2943,0.113
2944,0.113
2945,0.113
2946,0.113
2947,0.113
2948,0.113
2949,0.113
2950,0.113
2951,0.113
2952,0.113
2953,0.113
2954,0.113
2955,0.113
2956,0.113
2957,0.113
2958,0.113
2959,0.113
2960,0.113
2961,0.113
2962,0.113
2963,0.113
2964,0.113
2965,0.113
2966,0.113
2967,0.113
2968,0.113
2969,0.113
2970,0.113
2971,0.113
2972,0.113
2973,0.113
2974,0.113
2975,0.113
2976,0.113
2977,0.113
2978,0.113
2979,0.113
2980,0.113
2981,0.113
2982,0.113
2983,0.113
2984,0.113
2985,0.113
2986,0.113
2987,0.113
2988,0.113
2989,0.113
2990,0.113
2991,0.113
2992,0.113
2993,0.113
2994,0.113
2995,0.113
2996,0.113
2997,0.113
2998,0.113
2999,0.113
3000,0.113
3001,0.113
3002,0.113
3003,0.113
3004,0.113
3005,0.113
3006,0.113
3007,0.113
3008,0.113
3009,0.113
3010,0.113
3011,0.113
3012,0.113
3013,0.113
3014,0.113
3015,0.113
3016,0.113
3017,0.113
3018,0.113
3019,0.113
3020,0.113
3021,0.113
3022,0.113
3023,0.113
3024,0.113
3025,0.113
3026,0.113
3027,0.113
3028,0.113
3029,0.113
3030,0.113
3031,0.113
3032,0.113
3033,0.113
3034,0.113
3035,0.113
3036,0.113
3037,0.113
3038,0.113
3039,0.113
3040,0.113
3041,0.113
3042,0.113
3043,0.113
3044,0.113
3045,0.113
3046,0.113
3047,0.113
3048,0.113
3049,0.113
3050,0.113
3051,0.113
3052,0.113
3053,0.113
3054,0.113
3055,0.113
3056,0.113
3057,0.113
3058,0.113
3059,0.113
3060,0.113
3061,0.113
3062,0.113
3063,0.113
3064,0.113
3065,0.113
3066,0.113
3067,0.113
3068,0.113
3069,0.113
3070,0.113
3071,0.113
3072,0.113
3073,0.113
3074,0.113
3075,0.113
3076,0.113
3077,0.113
3078,0.113
3079,0.113
3080,0.113
3081,0.113
3082,0.113
3083,0.113
3084,0.113
3085,0.113
3086,0.113
3087,0.113
3088,0.113
3089,0.113
3090,0.113
3091,0.113
3092,0.113
3093,0.113
3094,0.113
3095,0.113
3096,0.113
3097,0.113
3098,0.113
3099,0.113
3100,0.113
3101,0.113
3102,0.113
3103,0.113
3104,0.113
3105,0.113
3106,0.113
3107,0.113
3108,0.113
3109,0.113
3110,0.113
3111,0.113
3112,0.113
3113,0.113
3114,0.113
3115,0.113
3116,0.113
3117,0.113
3118,0.113
3119,0.113
3120,0.113
3121,0.113
3122,0.113
3123,0.113
3124,0.113
3125,0.113
3126,0.113
3127,0.113
3128,0.113
3129,0.113
3130,0.113
3131,0.113
3132,0.113
3133,0.113
3134,0.113
3135,0.113
3136,0.113
3137,0.113
3138,0.113
3139,0.113
3140,0.113
3141,0.113
3142,0.113
3143,0.113
3144,0.113
3145,0.113
3146,0.113
3147,0.113
3148,0.113
3149,0.113
3150,0.113
3151,0.113
3152,0.113
3153,0.113
3154,0.113
3155,0.113
3156,0.113
3157,0.113
3158,0.113
3159,0.113
3160,0.113
3161,0.113
3162,0.113
3163,0.113
3164,0.113
3165,0.113
3166,0.113
3167,0.113
3168,0.113
3169,0.113
3170,0.113
3171,0.113
3172,0.113
3173,0.113
3174,0.113
3175,0.113
3176,0.113
3177,0.113
3178,0.113
3179,0.113
3180,0.113
3181,0.113
3182,0.113
3183,0.113
3184,0.113
3185,0.113
3186,0.113
3187,0.113
3188,0.113
3189,0.113
3190,0.113
3191,0.113
3192,0.113
3193,0.113
3194,0.113
3195,0.113
3196,0.11292307692307693
3197,0.11284615384615385
3198,0.11276923076923077
3199,0.11269230769230769
3200,0.11261538461538462
3201,0.11253846153846155
3202,0.11246153846153846
3203,0.11238461538461539
3204,0.11230769230769232
3205,0.11223076923076923
3206,0.11215384615384616
3207,0.11207692307692307
3208,0.112
3209,0.11192307692307693
3210,0.11184615384615385
3211,0.11176923076923077
3212,0.11169230769230769
3213,0.11161538461538462
3214,0.11153846153846154
3215,0.11146153846153846
3216,0.11138461538461539
3217,0.11130769230769232
3218,0.11123076923076923
3219,0.11115384615384616
3220,0.11107692307692307
3221,0.111
3222,0.111
3223,0.111
3224,0.111
3225,0.111
3226,0.111
3227,0.111
3228,0.111
3229,0.111
3230,0.111
3231,0.111
3232,0.111
3233,0.111
3234,0.111
3235,0.111
3236,0.111
3237,0.111
3238,0.111
3239,0.111
3240,0.111
3241,0.111
3242,0.111
3243,0.111
3244,0.111
3245,0.111
3246,0.111
3247,0.111
3248,0.111
3249,0.111
3250,0.111
3251,0.111
3252,0.111
3253,0.111
3254,0.111
3255,0.111
3256,0.111
3257,0.111
3258,0.111
3259,0.111
3260,0.111
3261,0.111
3262,0.111
3263,0.111
3264,0.111
3265,0.111
3266,0.111
3267,0.111
3268,0.111
3269,0.111
3270,0.111
3271,0.111
3272,0.111
3273,0.111
3274,0.111
3275,0.111
3276,0.111
3277,0.111
3278,0.111
3279,0.111
3280,0.111
3281,0.111
3282,0.111
3283,0.111
3284,0.111
3285,0.111
3286,0.111
3287,0.111
3288,0.111
3289,0.111
3290,0.111
3291,0.111
3292,0.111
3293,0.111
3294,0.111
3295,0.111
3296,0.111
3297,0.111
3298,0.111
3299,0.111
3300,0.111
3301,0.111
3302,0.111
3303,0.111
3304,0.111
3305,0.111
3306,0.111
3307,0.111
3308,0.111
3309,0.111
3310,0.111
3311,0.111
3312,0.111
3313,0.111
3314,0.111
3315,0.111
3316,0.111
3317,0.111
3318,0.111
3319,0.111
3320,0.111
3321,0.111
3322,0.111
3323,0.111
3324,0.111
3325,0.111
3326,0.111
3327,0.111
3328,0.111
3329,0.111
3330,0.111
3331,0.111
3332,0.111
3333,0.111
3334,0.111
3335,0.111
3336,0.111
3337,0.111
3338,0.111
3339,0.111
3340,0.111
3341,0.111
3342,0.111
3343,0.111
3344,0.111
3345,0.111
3346,0.111
3347,0.111
3348,0.111
3349,0.111
3350,0.111
3351,0.111
3352,0.111
3353,0.111
3354,0.111
3355,0.111
3356,0.111
3357,0.111
3358,0.111
3359,0.111
3360,0.111
3361,0.111
3362,0.111
3363,0.111
3364,0.111
3365,0.111
3366,0.111
3367,0.111
3368,0.111
3369,0.111
3370,0.111
3371,0.111
3372,0.111
3373,0.111
3374,0.111
3375,0.111
3376,0.111
3377,0.111
3378,0.111
3379,0.111
3380,0.111
3381,0.111
3382,0.111
3383,0.111
3384,0.111
3385,0.111
3386,0.111
3387,0.111
3388,0.111
3389,0.111
3390,0.111
3391,0.111
3392,0.111
3393,0.111
3394,0.111
3395,0.111
3396,0.111
3397,0.111
3398,0.111
3399,0.111
3400,0.111
3401,0.111
3402,0.111
3403,0.111
3404,0.111
3405,0.111
3406,0.111
3407,0.111
3408,0.111
3409,0.111
3410,0.111
3411,0.111
3412,0.111
3413,0.111
3414,0.111
3415,0.111
3416,0.111
3417,0.111
3418,0.111
3419,0.111
3420,0.111
3421,0.111
3422,0.111
3423,0.111
3424,0.111
3425,0.111
3426,0.111
3427,0.111
3428,0.111
3429,0.111
3430,0.111
3431,0.111
3432,0.111
3433,0.111
3434,0.111
3435,0.111
3436,0.111
3437,0.111
3438,0.111
3439,0.111
3440,0.111
3441,0.111
3442,0.111
3443,0.111
3444,0.111
3445,0.111
3446,0.111
3447,0.111
3448,0.111
3449,0.111
3450,0.111
3451,0.111
3452,0.111
3453,0.111
3454,0.111
3455,0.111
3456,0.111
3457,0.111
3458,0.111
3459,0.111
3460,0.111
3461,0.111
3462,0.111
3463,0.111
3464,0.111
3465,0.111
3466,0.111
3467,0.111
3468,0.111
3469,0.111
3470,0.111
3471,0.111
3472,0.111
3473,0.111
3474,0.111
3475,0.111
3476,0.111
3477,0.111
3478,0.111
3479,0.111
3480,0.111
3481,0.111
3482,0.111
3483,0.111
3484,0.111
3485,0.111
3486,0.111
3487,0.111
3488,0.111
3489,0.111
3490,0.111
3491,0.111
3492,0.111
3493,0.111
3494,0.111
3495,0.111
3496,0.111
3497,0.111
3498,0.111
3499,0.111
3500,0.111
3501,0.111
3502,0.111
3503,0.111
3504,0.111
3505,0.111
3506,0.111
3507,0.111
3508,0.111
3509,0.111
3510,0.111
3511,0.111
3512,0.111
3513,0.111
3514,0.111
3515,0.111
3516,0.111
3517,0.111
3518,0.111
3519,0.111
3520,0.111
3521,0.111
3522,0.111
3523,0.111
3524,0.111
3525,0.111
3526,0.111
3527,0.111
3528,0.111
3529,0.111
3530,0.111
3531,0.111
3532,0.111
3533,0.111
3534,0.111
3535,0.111
3536,0.111
3537,0.111
3538,0.111
3539,0.111
3540,0.111
3541,0.111
3542,0.111
3543,0.111
3544,0.111
3545,0.111
3546,0.111
3547,0.111
3548,0.111
3549,0.111
3550,0.111
3551,0.111
3552,0.111
3553,0.111
3554,0.111
3555,0.111
3556,0.111
3557,0.111
3558,0.111
3559,0.111
3560,0.111
3561,0.111
3562,0.111
3563,0.111
3564,0.111
3565,0.111
3566,0.111
3567,0.111
3568,0.111
3569,0.111
3570,0.111
3571,0.111
3572,0.111
3573,0.111
3574,0.111
3575,0.111
3576,0.111
3577,0.111
3578,0.111
3579,0.111
3580,0.111
3581,0.111
3582,0.111
3583,0.111
3584,0.111
3585,0.111
3586,0.111
3587,0.111
3588,0.111
3589,0.111
3590,0.111
3591,0.111
3592,0.111
3593,0.111
3594,0.111
3595,0.111
3596,0.111
3597,0.111
3598,0.111
3599,0.111
3600,0.111
3601,0.111
3602,0.111
3603,0.111
3604,0.111
3605,0.111
3606,0.111
3607,0.111
3608,0.111
3609,0.111
3610,0.111
3611,0.111
3612,0.111
3613,0.111
3614,0.111
3615,0.111
3616,0.111
3617,0.111
3618,0.111
3619,0.111
3620,0.111
3621,0.111
3622,0.111
3623,0.111
3624,0.111
3625,0.111
3626,0.111
3627,0.111
3628,0.111
3629,0.111
3630,0.111
3631,0.111
3632,0.111
3633,0.111
3634,0.111
3635,0.111
3636,0.111
3637,0.111
3638,0.111
3639,0.111
3640,0.111
3641,0.111
3642,0.111
3643,0.111
3644,0.111
3645,0.111
3646,0.111
3647,0.111
3648,0.111
3649,0.111
3650,0.111
3651,0.111
3652,0.111
3653,0.111
3654,0.111
3655,0.111
3656,0.111
3657,0.111
3658,0.111
3659,0.111
3660,0.111
3661,0.111
3662,0.111
3663,0.111
3664,0.111
3665,0.111
3666,0.111
3667,0.111
3668,0.111
3669,0.111
3670,0.111
3671,0.111
3672,0.111
3673,0.111
3674,0.111
3675,0.111
3676,0.111
3677,0.111
3678,0.111
3679,0.111
3680,0.111
3681,0.111
3682,0.111
3683,0.111
3684,0.111
3685,0.111
3686,0.111
3687,0.111
3688,0.111
3689,0.111
3690,0.111
3691,0.111
3692,0.111
3693,0.111
3694,0.111
3695,0.111
3696,0.111
3697,0.111
3698,0.111
3699,0.111
3700,0.111
3701,0.111
3702,0.111
3703,0.111
3704,0.111
3705,0.111
3706,0.111
3707,0.111
3708,0.111
3709,0.111
3710,0.111
3711,0.111
3712,0.111
3713,0.111
3714,0.111
3715,0.111
3716,0.111
3717,0.111
3718,0.111
3719,0.111
3720,0.111
3721,0.111
3722,0.111
3723,0.111
3724,0.111
3725,0.111
3726,0.111
3727,0.111
3728,0.111
3729,0.111
3730,0.111
3731,0.111
3732,0.111
3733,0.111
3734,0.111
3735,0.111
3736,0.111
3737,0.111
3738,0.111
3739,0.111
3740,0.111
3741,0.111
3742,0.111
3743,0.111
3744,0.111
3745,0.111
3746,0.111
3747,0.111
3748,0.111
3749,0.111
3750,0.111
3751,0.111
3752,0.111
3753,0.111
3754,0.111
3755,0.111
3756,0.111
3757,0.111
3758,0.111
3759,0.111
3760,0.111
3761,0.111
3762,0.111
3763,0.111
3764,0.111
3765,0.111
3766,0.111
3767,0.111
3768,0.111
3769,0.111
3770,0.111
3771,0.111
3772,0.111
3773,0.111
3774,0.111
3775,0.111
3776,0.111
3777,0.111
3778,0.111
3779,0.111
3780,0.111
3781,0.111
3782,0.111
3783,0.111
3784,0.111
3785,0.111
3786,0.111
3787,0.111
3788,0.111
3789,0.111
3790,0.111
3791,0.111
3792,0.111
3793,0.111
3794,0.111
3795,0.111
3796,0.111
3797,0.111
3798,0.111
3799,0.111
3800,0.111
3801,0.111
3802,0.111
3803,0.111
3804,0.111
3805,0.111
3806,0.111
3807,0.111
3808,0.111
3809,0.111
3810,0.111
3811,0.111
3812,0.111
3813,0.111
3814,0.111
3815,0.111
3816,0.111
3817,0.111
3818,0.111
3819,0.111
3820,0.111
3821,0.111
3822,0.111
3823,0.111
3824,0.111
3825,0.111
3826,0.111
3827,0.111
3828,0.111
3829,0.111
3830,0.111
3831,0.111
3832,0.111
3833,0.111
3834,0.111
3835,0.111
3836,0.111
3837,0.111
3838,0.111
3839,0.111
3840,0.111
3841,0.111
3842,0.111
3843,0.111
3844,0.111
3845,0.111
3846,0.111
3847,0.111
3848,0.111
3849,0.111
3850,0.111
3851,0.111
3852,0.111
3853,0.111
3854,0.111
3855,0.111
3856,0.111
3857,0.111
3858,0.111
3859,0.111
3860,0.111
3861,0.111
3862,0.111
3863,0.111
3864,0.111
3865,0.111
3866,0.111
3867,0.111
3868,0.111
3869,0.111
3870,0.111
3871,0.111
3872,0.111
3873,0.111
3874,0.111
3875,0.111
3876,0.111
3877,0.111
3878,0.111
3879,0.111
3880,0.111
3881,0.111
3882,0.111
3883,0.111
3884,0.111
3885,0.111
3886,0.111
3887,0.111
3888,0.111
3889,0.111
3890,0.111
3891,0.111
3892,0.111
3893,0.111
3894,0.111
3895,0.111
3896,0.111
3897,0.111
3898,0.111
3899,0.111
3900,0.111
3901,0.111
3902,0.111
3903,0.111
3904,0.111
3905,0.111
3906,0.111
3907,0.111
3908,0.111
3909,0.111
3910,0.111
3911,0.111
3912,0.111
3913,0.111
3914,0.111
3915,0.111
3916,0.111
3917,0.111
3918,0.111
3919,0.111
3920,0.111
3921,0.111
3922,0.111
3923,0.111
3924,0.111
3925,0.111
3926,0.111
3927,0.111
3928,0.111
3929,0.111
3930,0.111
3931,0.111
3932,0.111
3933,0.111
3934,0.111
3935,0.111
3936,0.111
3937,0.111
3938,0.111
3939,0.111
3940,0.111
3941,0.111
3942,0.111
3943,0.111
3944,0.111
3945,0.111
3946,0.111
3947,0.111
3948,0.111
3949,0.111
3950,0.111
3951,0.111
3952,0.111
3953,0.111
3954,0.111
3955,0.111
3956,0.111
3957,0.111
3958,0.111
3959,0.111
3960,0.111
3961,0.111
3962,0.111
3963,0.111
3964,0.111
3965,0.111
3966,0.111
3967,0.111
3968,0.111
3969,0.111
3970,0.111
3971,0.111
3972,0.111
3973,0.111
3974,0.111
3975,0.111
3976,0.111
3977,0.111
3978,0.111
3979,0.111
3980,0.111
3981,0.111
3982,0.111
3983,0.111
3984,0.111
3985,0.111
3986,0.111
3987,0.111
3988,0.111
3989,0.111
3990,0.111
3991,0.111
3992,0.111
3993,0.111
3994,0.111
3995,0.111
3996,0.111
3997,0.111
3998,0.111
3999,0.111
4000,0.111
4001,0.111
4002,0.111
4003,0.111
4004,0.111
4005,0.111
4006,0.111
4007,0.111
4008,0.111
4009,0.111
4010,0.111
4011,0.111
4012,0.111
4013,0.111
4014,0.111
4015,0.111
4016,0.111
4017,0.111
4018,0.111
4019,0.111
4020,0.111
4021,0.111
4022,0.111
4023,0.111
4024,0.111
4025,0.111
4026,0.111
4027,0.111
4028,0.111
4029,0.111
4030,0.111
4031,0.111
4032,0.111
4033,0.111
4034,0.111
4035,0.111
4036,0.111
4037,0.111
4038,0.111
4039,0.111
4040,0.111
4041,0.111
4042,0.111
4043,0.111
4044,0.111
4045,0.111
4046,0.111
4047,0.111
4048,0.111
4049,0.111
4050,0.111
4051,0.111
4052,0.111
4053,0.111
4054,0.111
4055,0.111
4056,0.111
4057,0.111
4058,0.111
4059,0.111
4060,0.111
4061,0.111
4062,0.111
4063,0.111
4064,0.111
4065,0.111
4066,0.111
4067,0.111
4068,0.111
4069,0.111
4070,0.111
4071,0.111
4072,0.111
4073,0.111
4074,0.111
4075,0.111
4076,0.111
4077,0.111
4078,0.111
4079,0.111
4080,0.111
4081,0.111
4082,0.111
4083,0.111
4084,0.111
4085,0.111
4086,0.111
4087,0.111
4088,0.111
4089,0.111
4090,0.111
4091,0.111
4092,0.111
4093,0.111
4094,0.111
4095,0.111
4096,0.111
4097,0.111
4098,0.111
4099,0.111
4100,0.111
4101,0.111
4102,0.111
4103,0.111
4104,0.111
4105,0.111
4106,0.111
4107,0.111
4108,0.111
4109,0.111
4110,0.111
4111,0.111
4112,0.111
4113,0.111
4114,0.111
4115,0.111
4116,0.111
4117,0.111
4118,0.111
4119,0.111
4120,0.111
4121,0.111
4122,0.111
4123,0.111
4124,0.111
4125,0.111
4126,0.111
4127,0.111
4128,0.111
4129,0.111
4130,0.111
4131,0.111
4132,0.111
4133,0.111
4134,0.111
4135,0.111
4136,0.111
4137,0.111
4138,0.111
4139,0.111
4140,0.111
4141,0.111
4142,0.111
4143,0.111
4144,0.111
4145,0.111
4146,0.111
4147,0.111
4148,0.111
4149,0.111
4150,0.111
4151,0.111
4152,0.111
4153,0.111
4154,0.111
4155,0.111
4156,0.111
4157,0.111
4158,0.111
4159,0.111
4160,0.111
4161,0.111
4162,0.111
4163,0.111
4164,0.111
4165,0.111
4166,0.111
4167,0.111
4168,0.111
4169,0.111
4170,0.111
4171,0.111
4172,0.111
4173,0.111
4174,0.111
4175,0.111
4176,0.111
4177,0.111
4178,0.111
4179,0.111
4180,0.111
4181,0.111
4182,0.111
4183,0.111
4184,0.111
4185,0.111
4186,0.111
4187,0.111
4188,0.111
4189,0.111
4190,0.111
4191,0.111
4192,0.111
4193,0.111
4194,0.111
4195,0.111
4196,0.111
4197,0.111
4198,0.111
4199,0.111
4200,0.111
4201,0.111
4202,0.111
4203,0.111
4204,0.111
4205,0.111
4206,0.111
4207,0.111
4208,0.111
4209,0.111
4210,0.111
4211,0.111
4212,0.111
4213,0.111
4214,0.111
4215,0.111
4216,0.111
4217,0.111
4218,0.111
4219,0.111
4220,0.111
4221,0.111
4222,0.111
4223,0.111
4224,0.111
4225,0.111
4226,0.111
4227,0.111
4228,0.111
4229,0.111
4230,0.111
4231,0.111
4232,0.111
4233,0.111
4234,0.111
4235,0.111
4236,0.111
4237,0.111
4238,0.111
4239,0.111
4240,0.111
4241,0.111
4242,0.111
4243,0.111
4244,0.111
4245,0.111
4246,0.111
4247,0.111
4248,0.111
4249,0.111
4250,0.111
4251,0.111
4252,0.111
4253,0.111
4254,0.111
4255,0.111
4256,0.111
4257,0.111
4258,0.111
4259,0.111
4260,0.111
4261,0.111
4262,0.111
4263,0.111
4264,0.111
4265,0.111
4266,0.111
4267,0.111
4268,0.111
4269,0.111
4270,0.111
4271,0.111
4272,0.111
4273,0.111
4274,0.111
4275,0.111
4276,0.111
4277,0.111
4278,0.111
4279,0.111
4280,0.111
4281,0.111
4282,0.111
4283,0.111
4284,0.111
4285,0.111
4286,0.111
4287,0.111
4288,0.111
4289,0.111
4290,0.111
4291,0.111
4292,0.111
4293,0.111
4294,0.111
4295,0.111
4296,0.111
4297,0.111
4298,0.111
4299,0.111
4300,0.111
4301,0.111
4302,0.111
4303,0.111
4304,0.111
4305,0.111
4306,0.111
4307,0.111
4308,0.111
4309,0.111
4310,0.111
4311,0.111
4312,0.111
4313,0.111
4314,0.111
4315,0.111
4316,0.111
4317,0.111
4318,0.111
4319,0.111
4320,0.111
4321,0.111
4322,0.111
4323,0.111
4324,0.111
4325,0.111
4326,0.111
4327,0.111
4328,0.111
4329,0.111
4330,0.111
4331,0.111
4332,0.111
4333,0.111
4334,0.111
4335,0.111
4336,0.111
4337,0.111
4338,0.111
4339,0.111
4340,0.111
4341,0.111
4342,0.111
4343,0.111
4344,0.111
4345,0.111
4346,0.111
4347,0.111
4348,0.111
4349,0.111
4350,0.111
4351,0.111
4352,0.111
4353,0.111
4354,0.111
4355,0.111
4356,0.111
4357,0.111
4358,0.111
4359,0.111
4360,0.111
4361,0.111
4362,0.111
4363,0.111
4364,0.111
4365,0.111
4366,0.111
4367,0.111
4368,0.111
4369,0.111
4370,0.111
4371,0.111
4372,0.111
4373,0.111
4374,0.111
4375,0.111
4376,0.111
4377,0.111
4378,0.111
4379,0.111
4380,0.111
4381,0.111
4382,0.111
4383,0.111
4384,0.111
4385,0.111
4386,0.111
4387,0.111
4388,0.111
4389,0.111
4390,0.111
4391,0.111
4392,0.111
4393,0.111
4394,0.111
4395,0.111
4396,0.111
4397,0.111
4398,0.111
4399,0.111
4400,0.111
4401,0.111
4402,0.111
4403,0.111
4404,0.111
4405,0.111
4406,0.111
4407,0.111
4408,0.111
4409,0.111
4410,0.111
4411,0.111
4412,0.111
4413,0.111
4414,0.111
4415,0.111
4416,0.111
4417,0.111
4418,0.111
4419,0.111
4420,0.111
4421,0.111
4422,0.111
4423,0.111
4424,0.111
4425,0.111
4426,0.111
4427,0.111
4428,0.111
4429,0.111
4430,0.111
4431,0.111
4432,0.111
4433,0.111
4434,0.111
4435,0.111
4436,0.111
4437,0.111
4438,0.111
4439,0.111
4440,0.111
4441,0.111
4442,0.111
4443,0.111
4444,0.111
4445,0.111
4446,0.111
4447,0.111
4448,0.111
4449,0.111
4450,0.111
4451,0.111
4452,0.111
4453,0.111
4454,0.111
4455,0.111
4456,0.111
4457,0.111
4458,0.111
4459,0.111
4460,0.111
4461,0.111
4462,0.111
4463,0.111
4464,0.111
4465,0.111
4466,0.111
4467,0.111
4468,0.111
4469,0.111
4470,0.111
4471,0.111
4472,0.111
4473,0.111
4474,0.111
4475,0.111
4476,0.111
4477,0.111
4478,0.111
4479,0.111
4480,0.111
4481,0.111
4482,0.111
4483,0.111
4484,0.111
4485,0.111
4486,0.111
4487,0.111
4488,0.111
4489,0.111
4490,0.111
4491,0.111
4492,0.111
4493,0.111
4494,0.111
4495,0.111
4496,0.111
4497,0.111
4498,0.111
4499,0.111
4500,0.111
4501,0.111
4502,0.111
4503,0.111
4504,0.111
4505,0.111
4506,0.111
4507,0.111
4508,0.111
4509,0.111
4510,0.111
4511,0.111
4512,0.111
4513,0.111
4514,0.111
4515,0.111
4516,0.111
4517,0.111
4518,0.111
4519,0.111
4520,0.111
4521,0.111
4522,0.111
4523,0.111
4524,0.111
4525,0.111
4526,0.111
4527,0.111
4528,0.111
4529,0.111
4530,0.111
4531,0.111
4532,0.111
4533,0.111
4534,0.111
4535,0.111
4536,0.111
4537,0.111
4538,0.111
4539,0.111
4540,0.111
4541,0.111
4542,0.111
4543,0.111
4544,0.111
4545,0.111
4546,0.111
4547,0.111
4548,0.111
4549,0.111
4550,0.111
4551,0.111
4552,0.111
4553,0.111
4554,0.111
4555,0.111
4556,0.111
4557,0.111
4558,0.111
4559,0.111
4560,0.111
4561,0.111
4562,0.111
4563,0.111
4564,0.111
4565,0.111
4566,0.111
4567,0.111
4568,0.111
4569,0.111
4570,0.111
4571,0.111
4572,0.111
4573,0.111
4574,0.111
4575,0.111
4576,0.111
4577,0.111
4578,0.111
4579,0.111
4580,0.111
4581,0.111
4582,0.111
4583,0.111
4584,0.111
4585,0.111
4586,0.111
4587,0.111
4588,0.111
4589,0.111
4590,0.111
4591,0.111
4592,0.111
4593,0.111
4594,0.111
4595,0.111
4596,0.111
4597,0.111
4598,0.111
4599,0.111
4600,0.111
4601,0.111
4602,0.111
4603,0.111
4604,0.111
4605,0.111
4606,0.111
4607,0.111
4608,0.111
4609,0.111
4610,0.111
4611,0.111
4612,0.111
4613,0.111
4614,0.111
4615,0.111
4616,0.111
4617,0.111
4618,0.111
4619,0.111
4620,0.111
4621,0.111
4622,0.111
4623,0.111
4624,0.111
4625,0.111
4626,0.111
4627,0.111
4628,0.111
4629,0.111
4630,0.111
4631,0.111
4632,0.111
4633,0.111
4634,0.111
4635,0.111
4636,0.111
4637,0.111
4638,0.111
4639,0.111
4640,0.111
4641,0.111
4642,0.111
4643,0.111
4644,0.111
4645,0.111
4646,0.111
4647,0.111
4648,0.111
4649,0.111
4650,0.111
4651,0.111
4652,0.111
4653,0.111
4654,0.111
4655,0.111
4656,0.111
4657,0.111
4658,0.111
4659,0.111
4660,0.111
4661,0.111
4662,0.111
4663,0.111
4664,0.111
4665,0.111
4666,0.111
4667,0.111
4668,0.111
4669,0.111
4670,0.111
4671,0.111
4672,0.111
4673,0.111
4674,0.111
4675,0.111
4676,0.111
4677,0.111
4678,0.111
4679,0.111
4680,0.111
4681,0.111
4682,0.111
4683,0.111
4684,0.111
4685,0.111
4686,0.111
4687,0.111
4688,0.111
4689,0.111
4690,0.111
4691,0.111
4692,0.111
4693,0.111
4694,0.111
4695,0.111
4696,0.111
4697,0.111
4698,0.111
4699,0.111
4700,0.111
4701,0.111
4702,0.111
4703,0.111
4704,0.111
4705,0.111
4706,0.111
4707,0.111
4708,0.111
4709,0.111
4710,0.111
4711,0.111
4712,0.111
4713,0.111
4714,0.111
4715,0.111
4716,0.111
4717,0.111
4718,0.111
4719,0.111
4720,0.111
4721,0.111
4722,0.111
4723,0.111
4724,0.111
4725,0.111
4726,0.111
4727,0.111
4728,0.111
4729,0.111
4730,0.111
4731,0.111
4732,0.111
4733,0.111
4734,0.111
4735,0.111
4736,0.111
4737,0.111
4738,0.111
4739,0.111
4740,0.111
4741,0.111
4742,0.111
4743,0.111
4744,0.111
4745,0.111
4746,0.111
4747,0.111
4748,0.111
4749,0.111
4750,0.111
4751,0.111
4752,0.111
4753,0.111
4754,0.111
4755,0.111
4756,0.111
4757,0.111
4758,0.111
4759,0.111
4760,0.111
4761,0.111
4762,0.111
4763,0.111
4764,0.111
4765,0.111
4766,0.111
4767,0.111
4768,0.111
4769,0.111
4770,0.111
4771,0.111
4772,0.111
4773,0.111
4774,0.111
4775,0.111
4776,0.111
4777,0.111
4778,0.111
4779,0.111
4780,0.111
4781,0.111
4782,0.111
4783,0.111
4784,0.111
4785,0.111
4786,0.111
4787,0.111
4788,0.111
4789,0.111
4790,0.111
4791,0.111
4792,0.111
4793,0.111
4794,0.111
4795,0.111
4796,0.111
4797,0.111
4798,0.111
4799,0.111
4800,0.111
4801,0.111
4802,0.111
4803,0.111
4804,0.111
4805,0.111
4806,0.111
4807,0.111
4808,0.111
4809,0.111
4810,0.111
4811,0.111
4812,0.111
4813,0.111
4814,0.111
4815,0.111
4816,0.111
4817,0.111
4818,0.111
4819,0.111
4820,0.111
4821,0.111
4822,0.111
4823,0.111
4824,0.111
4825,0.111
4826,0.111
4827,0.111
4828,0.111
4829,0.111
4830,0.111
4831,0.111
4832,0.111
4833,0.111
4834,0.111
4835,0.111
4836,0.111
4837,0.111
4838,0.111
4839,0.111
4840,0.111
4841,0.111
4842,0.111
4843,0.111
4844,0.111
4845,0.111
4846,0.111
4847,0.111
4848,0.111
4849,0.111
4850,0.111
4851,0.111
4852,0.111
4853,0.111
4854,0.111
4855,0.111
4856,0.111
4857,0.111
4858,0.111
4859,0.111
4860,0.111
4861,0.111
4862,0.111
4863,0.111
4864,0.111
4865,0.111
4866,0.111
4867,0.111
4868,0.111
4869,0.111
4870,0.111
4871,0.111
4872,0.111
4873,0.111
4874,0.111
4875,0.111
4876,0.111
4877,0.111
4878,0.111
4879,0.111
4880,0.111
4881,0.111
4882,0.111
4883,0.111
4884,0.111
4885,0.111
4886,0.111
4887,0.111
4888,0.111
4889,0.111
4890,0.111
4891,0.111
4892,0.111
4893,0.111
4894,0.111
4895,0.111
4896,0.111
4897,0.111
4898,0.111
4899,0.111
4900,0.111
4901,0.111
4902,0.111
4903,0.111
4904,0.111
4905,0.111
4906,0.111
4907,0.111
4908,0.111
4909,0.111
4910,0.111
4911,0.111
4912,0.111
4913,0.111
4914,0.111
4915,0.111
4916,0.111
4917,0.111
4918,0.111
4919,0.111
4920,0.111
4921,0.111
4922,0.111
4923,0.111
4924,0.111
4925,0.111
4926,0.111
4927,0.111
4928,0.111
4929,0.111
4930,0.111
4931,0.111
4932,0.111
4933,0.111
4934,0.111
4935,0.111
4936,0.111
4937,0.111
4938,0.111
4939,0.111
4940,0.111
4941,0.111
4942,0.111
4943,0.111
4944,0.111
4945,0.111
4946,0.111
4947,0.111
4948,0.111
4949,0.111
4950,0.111
4951,0.111
4952,0.111
4953,0.111
4954,0.111
4955,0.111
4956,0.111
4957,0.111
4958,0.111
4959,0.111
4960,0.111
4961,0.111
4962,0.111
4963,0.111
4964,0.111
4965,0.111
4966,0.111
4967,0.111
4968,0.111
4969,0.111
4970,0.111
4971,0.111
4972,0.111
4973,0.111
4974,0.111
4975,0.111
4976,0.111
4977,0.111
4978,0.111
4979,0.111
4980,0.111
4981,0.111
4982,0.111
4983,0.111
4984,0.111
4985,0.111
4986,0.111
4987,0.111
4988,0.111
4989,0.111
4990,0.111
4991,0.111
4992,0.111
4993,0.111
4994,0.111
4995,0.111
4996,0.111
4997,0.111
4998,0.111
4999,0.111
5000,0.111
5001,0.111
5002,0.111
5003,0.111
5004,0.111
5005,0.111
5006,0.111
5007,0.111
5008,0.111
5009,0.111
5010,0.111
5011,0.111
5012,0.111
5013,0.111
5014,0.111
5015,0.111
5016,0.111
5017,0.111
5018,0.111
5019,0.111
5020,0.111
5021,0.111
5022,0.111
5023,0.111
5024,0.111
5025,0.111
5026,0.111
5027,0.111
5028,0.111
5029,0.111
5030,0.111
5031,0.111
5032,0.111
5033,0.111
5034,0.111
5035,0.111
5036,0.111
5037,0.111
5038,0.111
5039,0.111
5040,0.111
5041,0.111
5042,0.111
5043,0.111
5044,0.111
5045,0.111
5046,0.111
5047,0.111
5048,0.111
5049,0.111
5050,0.111
5051,0.111
5052,0.111
5053,0.111
5054,0.111
5055,0.111
5056,0.111
5057,0.111
5058,0.111
5059,0.111
5060,0.111
5061,0.111
5062,0.111
5063,0.111
5064,0.111
5065,0.111
5066,0.111
5067,0.111
5068,0.111
5069,0.111
5070,0.111
5071,0.111
5072,0.111
5073,0.111
5074,0.111
5075,0.111
5076,0.111
5077,0.111
5078,0.111
5079,0.111
5080,0.111
5081,0.111
5082,0.111
5083,0.111
5084,0.111
5085,0.111
5086,0.111
5087,0.111
5088,0.111
5089,0.111
5090,0.111
5091,0.111
5092,0.111
5093,0.111
5094,0.111
5095,0.111
5096,0.111
5097,0.111
5098,0.111
5099,0.111
5100,0.111
5101,0.111
5102,0.111
5103,0.111
5104,0.111
5105,0.111
5106,0.111
5107,0.111
5108,0.111
5109,0.111
5110,0.111
5111,0.111
5112,0.111
5113,0.111
5114,0.111
5115,0.111
5116,0.111
5117,0.111
5118,0.111
5119,0.111
5120,0.111
5121,0.111
5122,0.111
5123,0.111
5124,0.111
5125,0.111
5126,0.111
5127,0.111
5128,0.111
5129,0.111
5130,0.111
5131,0.111
5132,0.111
5133,0.111
5134,0.111
5135,0.111
5136,0.111
5137,0.111
5138,0.111
5139,0.111
5140,0.111
5141,0.111
5142,0.111
5143,0.111
5144,0.111
5145,0.111
5146,0.111
5147,0.111
5148,0.111
5149,0.111
5150,0.111
5151,0.111
5152,0.111
5153,0.111
5154,0.111
5155,0.111
5156,0.111
5157,0.111
5158,0.111
5159,0.111
5160,0.111
5161,0.111
5162,0.111
5163,0.111
5164,0.111
5165,0.111
5166,0.111
5167,0.111
5168,0.111
5169,0.111
5170,0.111
5171,0.111
5172,0.111
5173,0.111
5174,0.111
5175,0.111
5176,0.111
5177,0.111
5178,0.111
5179,0.111
5180,0.111
5181,0.111
5182,0.111
5183,0.111
5184,0.111
5185,0.111
5186,0.111
5187,0.111
5188,0.111
5189,0.111
5190,0.111
5191,0.111
5192,0.111
5193,0.111
5194,0.111
5195,0.111
5196,0.111
5197,0.111
5198,0.111
5199,0.111
5200,0.111
5201,0.111
5202,0.111
5203,0.111
5204,0.111
5205,0.111
5206,0.111
5207,0.111
5208,0.111
5209,0.111
5210,0.111
5211,0.111
5212,0.111
5213,0.111
5214,0.111
5215,0.111
5216,0.111
5217,0.111
5218,0.111
5219,0.111
5220,0.111
5221,0.111
5222,0.111
5223,0.111
5224,0.111
5225,0.111
5226,0.111
5227,0.111
5228,0.111
5229,0.111
5230,0.111
5231,0.111
5232,0.111
5233,0.111
5234,0.111
5235,0.111
5236,0.111
5237,0.111
5238,0.111
5239,0.111
5240,0.111
5241,0.111
5242,0.111
5243,0.111
5244,0.111
5245,0.111
5246,0.111
5247,0.111
5248,0.111
5249,0.111
5250,0.111
5251,0.111
5252,0.111
5253,0.111
5254,0.111
5255,0.111
5256,0.111
5257,0.111
5258,0.111
5259,0.111
5260,0.111
5261,0.111
5262,0.111
5263,0.111
5264,0.111
5265,0.111
5266,0.111
5267,0.111
5268,0.111
5269,0.111
5270,0.111
5271,0.111
5272,0.111
5273,0.111
5274,0.111
5275,0.111
5276,0.111
5277,0.111
5278,0.111
5279,0.111
5280,0.111
5281,0.111
5282,0.111
5283,0.111
5284,0.111
5285,0.111
5286,0.111
5287,0.111
5288,0.111
5289,0.111
5290,0.111
5291,0.111
5292,0.111
5293,0.111
5294,0.111
5295,0.111
5296,0.111
5297,0.111
5298,0.111
5299,0.111
5300,0.111
5301,0.111
5302,0.111
5303,0.111
5304,0.111
5305,0.111
5306,0.111
5307,0.111
5308,0.111
5309,0.111
5310,0.111
5311,0.111
5312,0.111
5313,0.111
5314,0.111
5315,0.111
5316,0.111
5317,0.111
5318,0.111
5319,0.111
5320,0.111
5321,0.111
5322,0.111
5323,0.111
5324,0.111
5325,0.111
5326,0.111
5327,0.111
5328,0.111
5329,0.111
5330,0.111
5331,0.111
5332,0.111
5333,0.111
5334,0.111
5335,0.111
5336,0.111
5337,0.111
5338,0.111
5339,0.111
5340,0.111
5341,0.111
5342,0.111
5343,0.111
5344,0.111
5345,0.111
5346,0.111
5347,0.111
5348,0.111
5349,0.111
5350,0.111
5351,0.111
5352,0.111
5353,0.111
5354,0.111
5355,0.111
5356,0.111
5357,0.111
5358,0.111
5359,0.111
5360,0.111
5361,0.111
5362,0.111
5363,0.111
5364,0.111
5365,0.111
5366,0.111
5367,0.111
5368,0.111
5369,0.111
5370,0.111
5371,0.111
5372,0.111
5373,0.111
5374,0.111
5375,0.111
5376,0.111
5377,0.111
5378,0.111
5379,0.111
5380,0.111
5381,0.111
5382,0.111
5383,0.111
5384,0.111
5385,0.111
5386,0.111
5387,0.111
5388,0.111
5389,0.111
5390,0.111
5391,0.111
5392,0.111
5393,0.111
5394,0.111
5395,0.111
5396,0.111
5397,0.111
5398,0.111
5399,0.111
5400,0.111
5401,0.111
5402,0.111
5403,0.111
5404,0.111
5405,0.111
5406,0.111
5407,0.111
5408,0.111
5409,0.111
5410,0.111
5411,0.111
5412,0.111
5413,0.111
5414,0.111
5415,0.111
5416,0.111
5417,0.111
5418,0.111
5419,0.111
5420,0.111
5421,0.111
5422,0.111
5423,0.111
5424,0.111
5425,0.111
5426,0.111
5427,0.111
5428,0.111
5429,0.111
5430,0.111
5431,0.111
5432,0.111
5433,0.111
5434,0.111
5435,0.111
5436,0.111
5437,0.111
5438,0.111
5439,0.111
5440,0.111
5441,0.111
5442,0.111
5443,0.111
5444,0.111
5445,0.111
5446,0.111
5447,0.111
5448,0.111
5449,0.111
5450,0.111
5451,0.111
5452,0.111
5453,0.111
5454,0.111
5455,0.111
5456,0.111
5457,0.111
5458,0.111
5459,0.111
5460,0.111
5461,0.111
5462,0.111
5463,0.111
5464,0.111
5465,0.111
5466,0.111
5467,0.111
5468,0.111
5469,0.111
5470,0.111
5471,0.111
5472,0.111
5473,0.111
5474,0.111
5475,0.111
5476,0.111
5477,0.111
5478,0.111
5479,0.111
5480,0.111
5481,0.111
5482,0.111
5483,0.111
5484,0.111
5485,0.111
5486,0.111
5487,0.111
5488,0.111
5489,0.111
5490,0.111
5491,0.111
5492,0.111
5493,0.111
5494,0.111
5495,0.111
5496,0.111
5497,0.111
5498,0.111
5499,0.111
5500,0.111
5501,0.111
5502,0.111
5503,0.111
5504,0.111
5505,0.111
5506,0.111
5507,0.111
5508,0.111
5509,0.111
5510,0.111
5511,0.111
5512,0.111
5513,0.111
5514,0.111
5515,0.111
5516,0.111
5517,0.111
5518,0.111
5519,0.111
5520,0.111
5521,0.111
5522,0.111
5523,0.111
5524,0.111
5525,0.111
5526,0.111
5527,0.111
5528,0.111
5529,0.111
5530,0.111
5531,0.111
5532,0.111
5533,0.111
5534,0.111
5535,0.111
5536,0.111
5537,0.111
5538,0.111
5539,0.111
5540,0.111
5541,0.111
5542,0.111
5543,0.111
5544,0.111
5545,0.111
5546,0.111
5547,0.111
5548,0.111
5549,0.111
5550,0.111
5551,0.111
5552,0.111
5553,0.111
5554,0.111
5555,0.111
5556,0.111
5557,0.111
5558,0.111
5559,0.111
5560,0.111
5561,0.111
5562,0.111
5563,0.111
5564,0.111
5565,0.111
5566,0.111
5567,0.111
5568,0.111
5569,0.111
5570,0.111
5571,0.111
5572,0.111
5573,0.111
5574,0.111
5575,0.111
5576,0.111
5577,0.111
5578,0.111
5579,0.111
5580,0.111
5581,0.111
5582,0.111
5583,0.111
5584,0.111
5585,0.111
5586,0.111
5587,0.111
5588,0.111
5589,0.111
5590,0.111
5591,0.111
5592,0.111
5593,0.111
5594,0.111
5595,0.111
5596,0.111
5597,0.111
5598,0.111
5599,0.111
5600,0.111
5601,0.111
5602,0.111
5603,0.111
5604,0.111
5605,0.111
5606,0.111
5607,0.111
5608,0.111
5609,0.111
5610,0.111
5611,0.111
5612,0.111
5613,0.111
5614,0.111
5615,0.111
5616,0.111
5617,0.111
5618,0.111
5619,0.111
5620,0.111
5621,0.111
5622,0.111
5623,0.111
5624,0.111
5625,0.111
5626,0.111
5627,0.111
5628,0.111
5629,0.111
5630,0.111
5631,0.111
5632,0.111
5633,0.111
5634,0.111
5635,0.111
5636,0.111
5637,0.111
5638,0.111
5639,0.111
5640,0.111
5641,0.111
5642,0.111
5643,0.111
5644,0.111
5645,0.111
5646,0.111
5647,0.111
5648,0.111
5649,0.111
5650,0.111
5651,0.111
5652,0.111
5653,0.111
5654,0.111
5655,0.111
5656,0.111
5657,0.111
5658,0.111
5659,0.111
5660,0.111
5661,0.111
5662,0.111
5663,0.111
5664,0.111
5665,0.111
5666,0.111
5667,0.111
5668,0.111
5669,0.111
5670,0.111
5671,0.111
5672,0.111
5673,0.111
5674,0.111
5675,0.111
5676,0.111
5677,0.111
5678,0.111
5679,0.111
5680,0.111
5681,0.111
5682,0.111
5683,0.111
5684,0.111
5685,0.111
5686,0.111
5687,0.111
5688,0.111
5689,0.111
5690,0.111
5691,0.111
5692,0.111
5693,0.111
5694,0.111
5695,0.111
5696,0.111
5697,0.111
5698,0.111
5699,0.111
5700,0.111
5701,0.111
5702,0.111
5703,0.111
5704,0.111
5705,0.111
5706,0.111
5707,0.111
5708,0.111
5709,0.111
5710,0.111
5711,0.111
5712,0.111
5713,0.111
5714,0.111
5715,0.111
5716,0.111
5717,0.111
5718,0.111
5719,0.111
5720,0.111
5721,0.111
5722,0.111
5723,0.111
5724,0.111
5725,0.111
5726,0.111
5727,0.111
5728,0.111
5729,0.111
5730,0.111
5731,0.111
5732,0.111
5733,0.111
5734,0.111
5735,0.111
5736,0.111
5737,0.111
5738,0.111
5739,0.111
5740,0.111
5741,0.111
5742,0.111
5743,0.111
5744,0.111
5745,0.111
5746,0.111
5747,0.111
5748,0.111
5749,0.111
5750,0.111
5751,0.111
5752,0.111
5753,0.111
5754,0.111
5755,0.111
5756,0.111
5757,0.111
5758,0.111
5759,0.111
5760,0.111
5761,0.111
5762,0.111
5763,0.111
5764,0.111
5765,0.111
5766,0.111
5767,0.111
5768,0.111
5769,0.111
5770,0.111
5771,0.111
5772,0.111
5773,0.111
5774,0.111
5775,0.111
5776,0.111
5777,0.111
5778,0.111
5779,0.111
5780,0.111
5781,0.111
5782,0.111
5783,0.111
5784,0.111
5785,0.111
5786,0.111
5787,0.111
5788,0.111
5789,0.111
5790,0.111
5791,0.111
5792,0.111
5793,0.111
5794,0.111
5795,0.111
5796,0.111
5797,0.111
5798,0.111
5799,0.111
5800,0.111
5801,0.111
5802,0.111
5803,0.111
5804,0.111
5805,0.111
5806,0.111
5807,0.111
5808,0.111
5809,0.111
5810,0.111
5811,0.111
5812,0.111
5813,0.111
5814,0.111
5815,0.111
5816,0.111
5817,0.111
5818,0.111
5819,0.111
5820,0.111
5821,0.111
5822,0.111
5823,0.111
5824,0.111
5825,0.111
5826,0.111
5827,0.111
5828,0.111
5829,0.111
5830,0.111
5831,0.111
5832,0.111
5833,0.111
5834,0.111
5835,0.111
5836,0.111
5837,0.111
5838,0.111
5839,0.111
5840,0.111
5841,0.111
5842,0.111
5843,0.111
5844,0.111
5845,0.111
5846,0.111
5847,0.111
5848,0.111
5849,0.111
5850,0.111
5851,0.111
5852,0.111
5853,0.111
5854,0.111
5855,0.111
5856,0.111
5857,0.111
5858,0.111
5859,0.111
5860,0.111
5861,0.111
5862,0.111
5863,0.111
5864,0.111
5865,0.111
5866,0.111
5867,0.111
5868,0.111
5869,0.111
5870,0.111
5871,0.111
5872,0.111
5873,0.111
5874,0.111
5875,0.111
5876,0.111
5877,0.111
5878,0.111
5879,0.111
5880,0.111
5881,0.111
5882,0.111
5883,0.111
5884,0.111
5885,0.111
5886,0.111
5887,0.111
5888,0.111
5889,0.111
5890,0.111
5891,0.111
5892,0.111
5893,0.111
5894,0.111
5895,0.111
5896,0.111
5897,0.111
5898,0.111
5899,0.111
5900,0.111
5901,0.111
5902,0.111
5903,0.111
5904,0.111
5905,0.111
5906,0.111
5907,0.111
5908,0.111
5909,0.111
5910,0.111
5911,0.111
5912,0.111
5913,0.111
5914,0.111
5915,0.111
5916,0.111
5917,0.111
5918,0.111
5919,0.111
5920,0.111
5921,0.111
5922,0.111
5923,0.111
5924,0.111
5925,0.111
5926,0.111
5927,0.111
5928,0.111
5929,0.111
5930,0.111
5931,0.111
5932,0.111
5933,0.111
5934,0.111
5935,0.111
5936,0.111
5937,0.111
5938,0.111
5939,0.111
5940,0.111
5941,0.111
5942,0.111
5943,0.111
5944,0.111
5945,0.111
5946,0.111
5947,0.111
5948,0.111
5949,0.111
5950,0.111
5951,0.111
5952,0.111
5953,0.111
5954,0.111
5955,0.111
5956,0.111
5957,0.111
5958,0.111
5959,0.111
5960,0.111
5961,0.111
5962,0.111
5963,0.111
5964,0.111
5965,0.111
5966,0.111
5967,0.111
5968,0.111
5969,0.111
5970,0.111
5971,0.111
5972,0.111
5973,0.111
5974,0.111
5975,0.111
5976,0.111
5977,0.111
5978,0.111
5979,0.111
5980,0.111
5981,0.111
5982,0.111
5983,0.111
5984,0.111
5985,0.111
5986,0.111
5987,0.111
5988,0.111
5989,0.111
5990,0.111
5991,0.111
5992,0.111
5993,0.111
5994,0.111
5995,0.111
5996,0.111
5997,0.111
5998,0.111
5999,0.111
6000,0.111
6001,0.111
6002,0.111
6003,0.111
6004,0.111
6005,0.111
6006,0.111
6007,0.111
6008,0.111
6009,0.111
6010,0.111
6011,0.111
6012,0.111
6013,0.111
6014,0.111
6015,0.111
6016,0.111
6017,0.111
6018,0.111
6019,0.111
6020,0.111
6021,0.111
6022,0.111
6023,0.111
6024,0.111
6025,0.111
6026,0.111
6027,0.111
6028,0.111
6029,0.111
6030,0.111
6031,0.111
6032,0.111
6033,0.111
6034,0.111
6035,0.111
6036,0.111
6037,0.111
6038,0.111
6039,0.111
6040,0.111
6041,0.111
6042,0.111
6043,0.111
6044,0.111
6045,0.111
6046,0.111
6047,0.111
6048,0.111
6049,0.111
6050,0.111
6051,0.111
6052,0.111
6053,0.111
6054,0.111
6055,0.111
6056,0.111
6057,0.111
6058,0.111
6059,0.111
6060,0.111
6061,0.111
6062,0.111
6063,0.111
6064,0.111
6065,0.111
6066,0.111
6067,0.111
6068,0.111
6069,0.111
6070,0.111
6071,0.111
6072,0.111
6073,0.111
6074,0.111
6075,0.111
6076,0.111
6077,0.111
6078,0.111
6079,0.111
6080,0.111
6081,0.111
6082,0.111
6083,0.111
6084,0.111
6085,0.111
6086,0.111
6087,0.111
6088,0.111
6089,0.111
6090,0.111
6091,0.111
6092,0.111
6093,0.111
6094,0.111
6095,0.111
6096,0.111
6097,0.111
6098,0.111
6099,0.111
6100,0.111
6101,0.111
6102,0.111
6103,0.111
6104,0.111
6105,0.111
6106,0.111
6107,0.111
6108,0.111
6109,0.111
6110,0.111
6111,0.111
6112,0.111
6113,0.111
6114,0.111
6115,0.111
6116,0.111
6117,0.111
6118,0.111
6119,0.111
6120,0.111
6121,0.111
6122,0.111
6123,0.111
6124,0.111
6125,0.111
6126,0.111
6127,0.111
6128,0.111
6129,0.111
6130,0.111
6131,0.111
6132,0.111
6133,0.111
6134,0.111
6135,0.111
6136,0.111
6137,0.111
6138,0.111
6139,0.111
6140,0.111
6141,0.111
6142,0.111
6143,0.111
6144,0.111
6145,0.111
6146,0.111
6147,0.111
6148,0.111
6149,0.111
6150,0.111
6151,0.111
6152,0.111
6153,0.111
6154,0.111
6155,0.111
6156,0.111
6157,0.111
6158,0.111
6159,0.111
6160,0.111
6161,0.111
6162,0.111
6163,0.111
6164,0.111
6165,0.111
6166,0.111
6167,0.111
6168,0.111
6169,0.111
6170,0.111
6171,0.111
6172,0.111
6173,0.111
6174,0.111
6175,0.111
6176,0.111
6177,0.111
6178,0.111
6179,0.111
6180,0.111
6181,0.111
6182,0.111
6183,0.111
6184,0.111
6185,0.111
6186,0.111
6187,0.111
6188,0.111
6189,0.111
6190,0.111
6191,0.111
6192,0.111
6193,0.111
6194,0.111
6195,0.111
6196,0.111
6197,0.111
6198,0.111
6199,0.111
6200,0.111
6201,0.111
6202,0.111
6203,0.111
6204,0.111
6205,0.111
6206,0.111
6207,0.111
6208,0.111
6209,0.111
6210,0.111
6211,0.111
6212,0.111
6213,0.111
6214,0.111
6215,0.111
6216,0.111
6217,0.111
6218,0.111
6219,0.111
6220,0.111
6221,0.111
6222,0.111
6223,0.111
6224,0.111
6225,0.111
6226,0.111
6227,0.111
6228,0.111
6229,0.111
6230,0.111
6231,0.111
6232,0.111
6233,0.111
6234,0.111
6235,0.111
6236,0.111
6237,0.111
6238,0.111
6239,0.111
6240,0.111
6241,0.111
6242,0.111
6243,0.111
6244,0.111
6245,0.111
6246,0.111
6247,0.111
6248,0.111
6249,0.111
6250,0.111
6251,0.111
6252,0.111
6253,0.111
6254,0.111
6255,0.111
6256,0.111
6257,0.111
6258,0.111
6259,0.111
6260,0.111
6261,0.111
6262,0.111
6263,0.111
6264,0.111
6265,0.111
6266,0.111
6267,0.111
6268,0.111
6269,0.111
6270,0.111
6271,0.111
6272,0.111
6273,0.111
6274,0.111
6275,0.111
6276,0.111
6277,0.111
6278,0.111
6279,0.111
6280,0.111
6281,0.111
6282,0.111
6283,0.111
6284,0.111
6285,0.111
6286,0.111
6287,0.111
6288,0.111
6289,0.111
6290,0.111
6291,0.111
6292,0.111
6293,0.111
6294,0.111
6295,0.111
6296,0.111
6297,0.111
6298,0.111
6299,0.111
6300,0.111
6301,0.111
6302,0.111
6303,0.111
6304,0.111
6305,0.111
6306,0.111
6307,0.111
6308,0.111
6309,0.111
6310,0.111
6311,0.111
6312,0.111
6313,0.111
6314,0.111
6315,0.111
6316,0.111
6317,0.111
6318,0.111
6319,0.111
6320,0.111
6321,0.111
6322,0.111
6323,0.111
6324,0.111
6325,0.111
6326,0.111
6327,0.111
6328,0.111
6329,0.111
6330,0.111
6331,0.111
6332,0.111
6333,0.111
6334,0.111
6335,0.111
6336,0.111
6337,0.111
6338,0.111
6339,0.111
6340,0.111
6341,0.111
6342,0.111
6343,0.111
6344,0.111
6345,0.111
6346,0.111
6347,0.111
6348,0.111
6349,0.111
6350,0.111
6351,0.111
6352,0.111
6353,0.111
6354,0.111
6355,0.111
6356,0.111
6357,0.111
6358,0.111
6359,0.111
6360,0.111
6361,0.111
6362,0.111
6363,0.111
6364,0.111
6365,0.111
6366,0.111
6367,0.111
6368,0.111
6369,0.111
6370,0.111
6371,0.111
6372,0.111
6373,0.111
6374,0.111
6375,0.111
6376,0.111
6377,0.111
6378,0.111
6379,0.111
6380,0.111
6381,0.111
6382,0.111
6383,0.111
6384,0.111
6385,0.111
6386,0.111
6387,0.111
6388,0.111
6389,0.111
6390,0.111
6391,0.111
6392,0.111
6393,0.111
6394,0.111
6395,0.111
6396,0.111
6397,0.111
6398,0.111
6399,0.111
6400,0.111
6401,0.111
6402,0.111
6403,0.111
6404,0.111
6405,0.111
6406,0.111
6407,0.111
6408,0.111
6409,0.111
6410,0.111
6411,0.111
6412,0.111
6413,0.111
6414,0.111
6415,0.111
6416,0.111
6417,0.111
6418,0.111
6419,0.111
6420,0.111
6421,0.111
6422,0.111
6423,0.111
6424,0.111
6425,0.111
6426,0.111
6427,0.111
6428,0.111
6429,0.111
6430,0.111
6431,0.111
6432,0.111
6433,0.111
6434,0.111
6435,0.111
6436,0.111
6437,0.111
6438,0.111
6439,0.111
6440,0.111
6441,0.111
6442,0.111
6443,0.111
6444,0.111
6445,0.111
6446,0.111
6447,0.111
6448,0.111
6449,0.111
6450,0.111
6451,0.111
6452,0.111
6453,0.111
6454,0.111
6455,0.111
6456,0.111
6457,0.111
6458,0.111
6459,0.111
6460,0.111
6461,0.111
6462,0.111
6463,0.111
6464,0.111
6465,0.111
6466,0.111
6467,0.111
6468,0.111
6469,0.111
6470,0.111
6471,0.111
6472,0.111
6473,0.111
6474,0.111
6475,0.111
6476,0.111
6477,0.111
6478,0.111
6479,0.111
6480,0.111
6481,0.111
6482,0.111
6483,0.111
6484,0.111
6485,0.111
6486,0.111
6487,0.111
6488,0.111
6489,0.111
6490,0.111
6491,0.111
6492,0.111
6493,0.111
6494,0.111
6495,0.111
6496,0.111
6497,0.111
6498,0.111
6499,0.111
6500,0.111
6501,0.111
6502,0.111
6503,0.111
6504,0.111
6505,0.111
6506,0.111
6507,0.111
6508,0.111
6509,0.111
6510,0.111
6511,0.111
6512,0.111
6513,0.111
6514,0.111
6515,0.111
6516,0.111
6517,0.111
6518,0.111
6519,0.111
6520,0.111
6521,0.111
6522,0.111
6523,0.111
6524,0.111
6525,0.111
6526,0.111
6527,0.111
6528,0.111
6529,0.111
6530,0.111
6531,0.111
6532,0.111
6533,0.111
6534,0.111
6535,0.111
6536,0.111
6537,0.111
6538,0.111
6539,0.111
6540,0.111
6541,0.111
6542,0.111
6543,0.111
6544,0.111
6545,0.111
6546,0.111
6547,0.111
6548,0.111
6549,0.111
6550,0.111
6551,0.111
6552,0.111
6553,0.111
6554,0.111
6555,0.111
6556,0.111
6557,0.111
6558,0.111
6559,0.111
6560,0.111
6561,0.111
6562,0.111
6563,0.111
6564,0.111
6565,0.111
6566,0.111
6567,0.111
6568,0.111
6569,0.111
6570,0.111
6571,0.111
6572,0.111
6573,0.111
6574,0.111
6575,0.111
6576,0.111
6577,0.111
6578,0.111
6579,0.111
6580,0.111
6581,0.111
6582,0.111
6583,0.111
6584,0.111
6585,0.111
6586,0.111
6587,0.111
6588,0.111
6589,0.111
6590,0.111
6591,0.111
6592,0.111
6593,0.111
6594,0.111
6595,0.111
6596,0.111
6597,0.111
6598,0.111
6599,0.111
6600,0.111
6601,0.111
6602,0.111
6603,0.111
6604,0.111
6605,0.111
6606,0.111
6607,0.111
6608,0.111
6609,0.111
6610,0.111
6611,0.111
6612,0.111
6613,0.111
6614,0.111
6615,0.111
6616,0.111
6617,0.111
6618,0.111
6619,0.111
6620,0.111
6621,0.111
6622,0.111
6623,0.111
6624,0.111
6625,0.111
6626,0.111
6627,0.111
6628,0.111
6629,0.111
6630,0.111
6631,0.111
6632,0.111
6633,0.111
6634,0.111
6635,0.111
6636,0.111
6637,0.111
6638,0.111
6639,0.111
6640,0.111
6641,0.111
6642,0.111
6643,0.111
6644,0.111
6645,0.111
6646,0.111
6647,0.111
6648,0.111
6649,0.111
6650,0.111
6651,0.111
6652,0.111
6653,0.111
6654,0.111
6655,0.111
6656,0.111
6657,0.111
6658,0.111
6659,0.111
6660,0.111
6661,0.111
6662,0.111
6663,0.111
6664,0.111
6665,0.111
6666,0.111
6667,0.111
6668,0.111
6669,0.111
6670,0.111
6671,0.111
6672,0.111
6673,0.111
6674,0.111
6675,0.111
6676,0.111
6677,0.111
6678,0.111
6679,0.111
6680,0.111
6681,0.111
6682,0.111
6683,0.111
6684,0.111
6685,0.111
6686,0.111
6687,0.111
6688,0.111
6689,0.111
6690,0.111
6691,0.111
6692,0.111
6693,0.111
6694,0.111
6695,0.111
6696,0.111
6697,0.111
6698,0.111
6699,0.111
6700,0.111
6701,0.111
6702,0.111
6703,0.111
6704,0.111
6705,0.111
6706,0.111
6707,0.111
6708,0.111
6709,0.111
6710,0.111
6711,0.111
6712,0.111
6713,0.111
6714,0.111
6715,0.111
6716,0.111
6717,0.111
6718,0.111
6719,0.111
6720,0.111
6721,0.111
6722,0.111
6723,0.111
6724,0.111
6725,0.111
6726,0.111
6727,0.111
6728,0.111
6729,0.111
6730,0.111
6731,0.111
6732,0.111
6733,0.111
6734,0.111
6735,0.111
6736,0.111
6737,0.111
6738,0.111
6739,0.111
6740,0.111
6741,0.111
6742,0.111
6743,0.111
6744,0.111
6745,0.111
6746,0.111
6747,0.111
6748,0.111
6749,0.111
6750,0.111
6751,0.111
6752,0.111
6753,0.111
6754,0.111
6755,0.111
6756,0.111
6757,0.111
6758,0.111
6759,0.111
6760,0.111
6761,0.111
6762,0.111
6763,0.111
6764,0.111
6765,0.111
6766,0.111
6767,0.111
6768,0.111
6769,0.111
6770,0.111
6771,0.111
6772,0.111
6773,0.111
6774,0.111
6775,0.111
6776,0.111
6777,0.111
6778,0.111
6779,0.111
6780,0.111
6781,0.111
6782,0.111
6783,0.111
6784,0.111
6785,0.111
6786,0.111
6787,0.111
6788,0.111
6789,0.111
6790,0.111
6791,0.111
6792,0.111
6793,0.111
6794,0.111
6795,0.111
6796,0.111
6797,0.111
6798,0.111
6799,0.111
6800,0.111
6801,0.111
6802,0.111
6803,0.111
6804,0.111
6805,0.111
6806,0.111
6807,0.111
6808,0.111
6809,0.111
6810,0.111
6811,0.111
6812,0.111
6813,0.111
6814,0.111
6815,0.111
6816,0.111
6817,0.111
6818,0.111
6819,0.111
6820,0.111
6821,0.111
6822,0.111
6823,0.111
6824,0.111
6825,0.111
6826,0.111
6827,0.111
6828,0.111
6829,0.111
6830,0.111
6831,0.111
6832,0.111
6833,0.111
6834,0.111
6835,0.111
6836,0.111
6837,0.111
6838,0.111
6839,0.111
6840,0.111
6841,0.111
6842,0.111
6843,0.111
6844,0.111
6845,0.111
6846,0.111
6847,0.111
6848,0.111
6849,0.111
6850,0.111
6851,0.111
6852,0.111
6853,0.111
6854,0.111
6855,0.111
6856,0.111
6857,0.111
6858,0.111
6859,0.111
6860,0.111
6861,0.111
6862,0.111
6863,0.111
6864,0.111
6865,0.111
6866,0.111
6867,0.111
6868,0.111
6869,0.111
6870,0.111
6871,0.111
6872,0.111
6873,0.111
6874,0.111
6875,0.111
6876,0.111
6877,0.111
6878,0.111
6879,0.111
6880,0.111
6881,0.111
6882,0.111
6883,0.111
6884,0.111
6885,0.111
6886,0.111
6887,0.111
6888,0.111
6889,0.111
6890,0.111
6891,0.111
6892,0.111
6893,0.111
6894,0.111
6895,0.111
6896,0.111
6897,0.111
6898,0.111
6899,0.111
6900,0.111
6901,0.111
6902,0.111
6903,0.111
6904,0.111
6905,0.111
6906,0.111
6907,0.111
6908,0.111
6909,0.111
6910,0.111
6911,0.111
6912,0.111
6913,0.111
6914,0.111
6915,0.111
6916,0.111
6917,0.111
6918,0.111
6919,0.111
6920,0.111
6921,0.111
6922,0.111
6923,0.111
6924,0.111
6925,0.111
6926,0.111
6927,0.111
6928,0.111
6929,0.111
6930,0.111
6931,0.111
6932,0.111
6933,0.111
6934,0.111
6935,0.111
6936,0.111
6937,0.111
6938,0.111
6939,0.111
6940,0.111
6941,0.111
6942,0.111
6943,0.111
6944,0.111
6945,0.111
6946,0.111
6947,0.111
6948,0.111
6949,0.111
6950,0.111
6951,0.111
6952,0.111
6953,0.111
6954,0.111
6955,0.111
6956,0.111
6957,0.111
6958,0.111
6959,0.111
6960,0.111
6961,0.111
6962,0.111
6963,0.111
6964,0.111
6965,0.111
6966,0.111
6967,0.111
6968,0.111
6969,0.111
6970,0.111
6971,0.111
6972,0.111
6973,0.111
6974,0.111
6975,0.111
6976,0.111
6977,0.111
6978,0.111
6979,0.111
6980,0.111
6981,0.111
6982,0.111
6983,0.111
6984,0.111
6985,0.111
6986,0.111
6987,0.111
6988,0.111
6989,0.111
6990,0.111
6991,0.111
6992,0.111
6993,0.111
6994,0.111
6995,0.111
6996,0.111
6997,0.111
6998,0.111
6999,0.111
7000,0.111
7001,0.111
7002,0.111
7003,0.111
7004,0.111
7005,0.111
7006,0.111
7007,0.111
7008,0.111
7009,0.111
7010,0.111
7011,0.111
7012,0.111
7013,0.111
7014,0.111
7015,0.111
7016,0.111
7017,0.111
7018,0.111
7019,0.111
7020,0.111
7021,0.111
7022,0.111
7023,0.111
7024,0.111
7025,0.111
7026,0.111
7027,0.111
7028,0.111
7029,0.111
7030,0.111
7031,0.111
7032,0.111
7033,0.111
7034,0.111
7035,0.111
7036,0.111
7037,0.111
7038,0.111
7039,0.111
7040,0.111
7041,0.111
7042,0.111
7043,0.111
7044,0.111
7045,0.111
7046,0.111
7047,0.111
7048,0.111
7049,0.111
7050,0.111
7051,0.111
7052,0.111
7053,0.111
7054,0.111
7055,0.111
7056,0.111
7057,0.111
7058,0.111
7059,0.111
7060,0.111
7061,0.111
7062,0.111
7063,0.111
7064,0.111
7065,0.111
7066,0.111
7067,0.111
7068,0.111
7069,0.111
7070,0.111
7071,0.111
7072,0.111
7073,0.111
7074,0.111
7075,0.111
7076,0.111
7077,0.111
7078,0.111
7079,0.111
7080,0.111
7081,0.111
7082,0.111
7083,0.111
7084,0.111
7085,0.111
7086,0.111
7087,0.111
7088,0.111
7089,0.111
7090,0.111
7091,0.111
7092,0.111
7093,0.111
7094,0.111
7095,0.111
7096,0.111
7097,0.111
7098,0.111
7099,0.111
7100,0.111
7101,0.111
7102,0.111
7103,0.111
7104,0.111
7105,0.111
7106,0.111
7107,0.111
7108,0.111
7109,0.111
7110,0.111
7111,0.111
7112,0.111
7113,0.111
7114,0.111
7115,0.111
7116,0.111
7117,0.111
7118,0.111
7119,0.111
7120,0.111
7121,0.111
7122,0.111
7123,0.111
7124,0.111
7125,0.111
7126,0.111
7127,0.111
7128,0.111
7129,0.111
7130,0.111
7131,0.111
7132,0.111
7133,0.111
7134,0.111
7135,0.111
7136,0.111
7137,0.111
7138,0.111
7139,0.111
7140,0.111
7141,0.111
7142,0.111
7143,0.111
7144,0.111
7145,0.111
7146,0.111
7147,0.111
7148,0.111
7149,0.111
7150,0.111
7151,0.111
7152,0.111
7153,0.111
7154,0.111
7155,0.111
7156,0.111
7157,0.111
7158,0.111
7159,0.111
7160,0.111
7161,0.111
7162,0.111
7163,0.111
7164,0.111
7165,0.111
7166,0.111
7167,0.111
7168,0.111
7169,0.111
7170,0.111
7171,0.111
7172,0.111
7173,0.111
7174,0.11099773755656109
7175,0.11099547511312217
7176,0.11099321266968326
7177,0.11099095022624435
7178,0.11098868778280543
7179,0.11098642533936652
7180,0.11098416289592761
7181,0.1109819004524887
7182,0.11097963800904978
7183,0.11097737556561087
7184,0.11097511312217195
7185,0.11097285067873304
7186,0.11097058823529411
7187,0.1109683257918552
7188,0.11096606334841629
7189,0.11096380090497737
7190,0.11096153846153846
7191,0.11095927601809955
7192,0.11095701357466063
7193,0.11095475113122172
7194,0.1109524886877828
7195,0.11095022624434389
7196,0.11094796380090498
7197,0.11094570135746606
7198,0.11094343891402715
7199,0.11094117647058824
7200,0.11093891402714932
7201,0.11093665158371041
7202,0.1109343891402715
7203,0.11093212669683258
7204,0.11092986425339367
7205,0.11092760180995476
7206,0.11092533936651584
7207,0.11092307692307693
7208,0.11092081447963802
7209,0.1109185520361991
7210,0.11091628959276018
7211,0.11091402714932126
7212,0.11091176470588235
7213,0.11090950226244344
7214,0.11090723981900452
7215,0.11090497737556561
7216,0.1109027149321267
7217,0.11090045248868778
7218,0.11089819004524887
7219,0.11089592760180995
7220,0.11089366515837104
7221,0.11089140271493213
7222,0.11088914027149321
7223,0.1108868778280543
7224,0.11088461538461539
7225,0.11088235294117647
7226,0.11088009049773756
7227,0.11087782805429865
7228,0.11087556561085973
7229,0.11087330316742082
7230,0.1108710407239819
7231,0.11086877828054299
7232,0.11086651583710408
7233,0.11086425339366517
7234,0.11086199095022625
7235,0.11085972850678733
7236,0.11085746606334841
7237,0.1108552036199095
7238,0.11085294117647058
7239,0.11085067873303167
7240,0.11084841628959276
7241,0.11084615384615384
7242,0.11084389140271493
7243,0.11084162895927602
7244,0.1108393665158371
7245,0.11083710407239819
7246,0.11083484162895928
7247,0.11083257918552036
7248,0.11083031674208145
7249,0.11082805429864254
7250,0.11082579185520362
7251,0.11082352941176471
7252,0.1108212669683258
7253,0.11081900452488688
7254,0.11081674208144797
7255,0.11081447963800906
7256,0.11081221719457014
7257,0.11080995475113123
7258,0.11080769230769232
7259,0.11080542986425339
7260,0.11080316742081447
7261,0.11080090497737556
7262,0.11079864253393665
7263,0.11079638009049773
7264,0.11079411764705882
7265,0.11079185520361991
7266,0.110789592760181
7267,0.11078733031674208
7268,0.11078506787330317
7269,0.11078280542986425
7270,0.11078054298642534
7271,0.11077828054298643
7272,0.11077601809954751
7273,0.1107737556561086
7274,0.11077149321266969
7275,0.11076923076923077
7276,0.11076696832579186
7277,0.11076470588235295
7278,0.11076244343891403
7279,0.11076018099547512
7280,0.1107579185520362
7281,0.11075565610859729
7282,0.11075339366515838
7283,0.11075113122171946
7284,0.11074886877828054
7285,0.11074660633484162
7286,0.11074434389140271
7287,0.1107420814479638
7288,0.11073981900452488
7289,0.11073755656108597
7290,0.11073529411764706
7291,0.11073303167420814
7292,0.11073076923076923
7293,0.11072850678733032
7294,0.1107262443438914
7295,0.11072398190045249
7296,0.11072171945701358
7297,0.11071945701357466
7298,0.11071719457013575
7299,0.11071493212669684
7300,0.11071266968325792
7301,0.11071040723981901
7302,0.1107081447963801
7303,0.11070588235294118
7304,0.11070361990950227
7305,0.11070135746606335
7306,0.11069909502262444
7307,0.11069683257918553
7308,0.11069457013574661
7309,0.11069230769230769
7310,0.11069004524886877
7311,0.11068778280542986
7312,0.11068552036199095
7313,0.11068325791855203
7314,0.11068099547511312
7315,0.1106787330316742
7316,0.11067647058823529
7317,0.11067420814479638
7318,0.11067194570135747
7319,0.11066968325791855
7320,0.11066742081447964
7321,0.11066515837104073
7322,0.11066289592760181
7323,0.1106606334841629
7324,0.11065837104072399
7325,0.11065610859728507
7326,0.11065384615384616
7327,0.11065158371040724
7328,0.11064932126696833
7329,0.11064705882352942
7330,0.1106447963800905
7331,0.11064253393665159
7332,0.11064027149321268
7333,0.11063800904977375
7334,0.11063574660633484
7335,0.11063348416289592
7336,0.11063122171945701
7337,0.1106289592760181
7338,0.11062669683257918
7339,0.11062443438914027
7340,0.11062217194570136
7341,0.11061990950226244
7342,0.11061764705882353
7343,0.11061538461538462
7344,0.1106131221719457
7345,0.11061085972850679
7346,0.11060859728506788
7347,0.11060633484162896
7348,0.11060407239819005
7349,0.11060180995475113
7350,0.11059954751131222
7351,0.11059728506787331
7352,0.1105950226244344
7353,0.11059276018099548
7354,0.11059049773755657
7355,0.11058823529411765
7356,0.11058597285067874
7357,0.11058371040723983
7358,0.1105814479638009
7359,0.11057918552036199
7360,0.11057692307692307
7361,0.11057466063348416
7362,0.11057239819004525
7363,0.11057013574660633
7364,0.11056787330316742
7365,0.1105656108597285
7366,0.11056334841628959
7367,0.11056108597285068
7368,0.11055882352941176
7369,0.11055656108597285
7370,0.11055429864253394
7371,0.11055203619909502
7372,0.11054977375565611
7373,0.1105475113122172
7374,0.11054524886877828
7375,0.11054298642533937
7376,0.11054072398190046
7377,0.11053846153846154
7378,0.11053619909502263
7379,0.11053393665158372
7380,0.1105316742081448
7381,0.11052941176470589
7382,0.11052714932126696
7383,0.11052488687782805
7384,0.11052262443438914
7385,0.11052036199095022
7386,0.11051809954751131
7387,0.1105158371040724
7388,0.11051357466063348
7389,0.11051131221719457
7390,0.11050904977375565
7391,0.11050678733031674
7392,0.11050452488687783
7393,0.11050226244343891
7394,0.1105
7395,0.11046590909090909
7396,0.11043181818181819
7397,0.11039772727272727
7398,0.11036363636363636
7399,0.11032954545454546
7400,0.11029545454545454
7401,0.11026136363636364
7402,0.11022727272727273
7403,0.11019318181818182
7404,0.11015909090909091
7405,0.110125
7406,0.11009090909090909
7407,0.11005681818181819
7408,0.11002272727272727
7409,0.10998863636363636
7410,0.10995454545454546
7411,0.10992045454545454
7412,0.10988636363636364
7413,0.10985227272727273
7414,0.10981818181818181
7415,0.10978409090909091
7416,0.10975
7417,0.10971590909090909
7418,0.10968181818181819
7419,0.10964772727272727
7420,0.10961363636363636
7421,0.10957954545454546
7422,0.10954545454545454
7423,0.10951136363636364
7424,0.10947727272727273
7425,0.10944318181818181
7426,0.10940909090909091
7427,0.109375
7428,0.10934090909090909
7429,0.10930681818181819
7430,0.10927272727272727
7431,0.10923863636363636
7432,0.10920454545454546
7433,0.10917045454545454
7434,0.10913636363636364
7435,0.10910227272727273
7436,0.10906818181818181
7437,0.10903409090909091
7438,0.109
7439,0.109
7440,0.109
7441,0.109
7442,0.109
7443,0.109
7444,0.109
7445,0.109
7446,0.109
7447,0.109
7448,0.109
7449,0.109
7450,0.109
7451,0.109
7452,0.109
7453,0.109
7454,0.109
7455,0.109
7456,0.109
7457,0.109
7458,0.109
7459,0.109
7460,0.109
7461,0.10892592592592593
7462,0.10885185185185185
7463,0.10877777777777778
7464,0.1087037037037037
7465,0.10862962962962963
7466,0.10855555555555556
7467,0.10848148148148148
7468,0.10840740740740741
7469,0.10833333333333334
7470,0.10825925925925926
7471,0.10818518518518519
7472,0.10811111111111112
7473,0.10803703703703704
7474,0.10796296296296296
7475,0.10788888888888888
7476,0.10781481481481481
7477,0.10774074074074073
7478,0.10766666666666666
7479,0.10759259259259259
7480,0.10751851851851851
7481,0.10744444444444444
7482,0.10737037037037037
7483,0.10729629629629629
7484,0.10722222222222222
7485,0.10714814814814815
7486,0.10707407407407407
7487,0.107
7488,0.107
7489,0.107
7490,0.107
7491,0.107
7492,0.107
7493,0.107
7494,0.107
7495,0.107
7496,0.107
7497,0.107
7498,0.107
7499,0.107
7500,0.107
7501,0.107
7502,0.107
7503,0.107
7504,0.107
7505,0.107
7506,0.107
7507,0.107
7508,0.107
7509,0.107
7510,0.107
7511,0.107
7512,0.107
7513,0.107
7514,0.107
7515,0.107
7516,0.107
7517,0.107
7518,0.107
7519,0.107
7520,0.107
7521,0.107
7522,0.107
7523,0.107
7524,0.107
7525,0.107
7526,0.107
7527,0.107
7528,0.107
7529,0.107
7530,0.107
7531,0.107
7532,0.107
7533,0.107
7534,0.107
7535,0.107
7536,0.107
7537,0.107
7538,0.107
7539,0.107
7540,0.107
7541,0.107
7542,0.107
7543,0.107
7544,0.107
7545,0.107
7546,0.107
7547,0.107
7548,0.107
7549,0.107
7550,0.107
7551,0.107
7552,0.107
7553,0.107
7554,0.107
7555,0.107
7556,0.107
7557,0.107
7558,0.107
7559,0.107
7560,0.107
7561,0.107
7562,0.107
7563,0.107
7564,0.107
7565,0.107
7566,0.107
7567,0.107
7568,0.107
7569,0.107
7570,0.107
7571,0.107
7572,0.107
7573,0.107
7574,0.107
7575,0.107
7576,0.107
7577,0.107
7578,0.107
7579,0.107
7580,0.107
7581,0.107
7582,0.107
7583,0.107
7584,0.107
7585,0.107
7586,0.107
7587,0.107
7588,0.107
7589,0.107
7590,0.107
7591,0.107
7592,0.107
7593,0.107
7594,0.107
7595,0.107
7596,0.107
7597,0.107
7598,0.107
7599,0.107
7600,0.107
7601,0.107
7602,0.107
7603,0.107
7604,0.107
7605,0.107
7606,0.107
7607,0.107
7608,0.107
7609,0.107
7610,0.107
7611,0.107
7612,0.107
7613,0.107
7614,0.107
7615,0.107
7616,0.107
7617,0.107
7618,0.107
7619,0.107
7620,0.107
7621,0.107
7622,0.107
7623,0.107
7624,0.107
7625,0.107
7626,0.107
7627,0.107
7628,0.107
7629,0.107
7630,0.107
7631,0.107
7632,0.107
7633,0.107
7634,0.107
7635,0.107
7636,0.107
7637,0.107
7638,0.107
7639,0.107
7640,0.107
7641,0.107
7642,0.107
7643,0.107
7644,0.107
7645,0.107
7646,0.107
7647,0.107
7648,0.107
7649,0.107
7650,0.107
7651,0.107
7652,0.107
7653,0.107
7654,0.107
7655,0.107
7656,0.107
7657,0.107
7658,0.107
7659,0.107
7660,0.107
7661,0.107
7662,0.107
7663,0.107
7664,0.107
7665,0.107
7666,0.107
7667,0.107
7668,0.107
7669,0.107
7670,0.107
7671,0.107
7672,0.107
7673,0.107
7674,0.107
7675,0.107
7676,0.107
7677,0.107
7678,0.107
7679,0.107
7680,0.107
7681,0.107
7682,0.107
7683,0.107
7684,0.107
7685,0.107
7686,0.107
7687,0.107
7688,0.107
7689,0.107
7690,0.107
7691,0.107
7692,0.107
7693,0.107
7694,0.107
7695,0.107
7696,0.107
7697,0.107
7698,0.107
7699,0.107
7700,0.107
7701,0.107
7702,0.107
7703,0.107
7704,0.107
7705,0.107
7706,0.107
7707,0.107
7708,0.107
7709,0.107
7710,0.107
7711,0.107
7712,0.107
7713,0.107
7714,0.107
7715,0.107
7716,0.107
7717,0.107
7718,0.107
7719,0.107
7720,0.107
7721,0.107
7722,0.107
7723,0.107
7724,0.107
7725,0.107
7726,0.107
7727,0.107
7728,0.107
7729,0.107
7730,0.107
7731,0.107
7732,0.107
7733,0.107
7734,0.107
7735,0.107
7736,0.107
7737,0.107
7738,0.107
7739,0.107
7740,0.107
7741,0.107
7742,0.107
7743,0.107
7744,0.107
7745,0.107
7746,0.107
7747,0.107
7748,0.107
7749,0.107
7750,0.107
7751,0.107
7752,0.107
7753,0.107
7754,0.107
7755,0.107
7756,0.107
7757,0.107
7758,0.107
7759,0.107
7760,0.107
7761,0.107
7762,0.107
7763,0.107
7764,0.107
7765,0.107
7766,0.107
7767,0.107
7768,0.107
7769,0.107
7770,0.107
7771,0.107
7772,0.107
7773,0.107
7774,0.107
7775,0.107
7776,0.107
7777,0.107
7778,0.107
7779,0.107
7780,0.107
7781,0.107
7782,0.107
7783,0.107
7784,0.107
7785,0.107
7786,0.107
7787,0.107
7788,0.107
7789,0.107
7790,0.107
7791,0.107
7792,0.107
7793,0.107
7794,0.107
7795,0.107
7796,0.107
7797,0.107
7798,0.107
7799,0.107
7800,0.107
7801,0.107
7802,0.107
7803,0.107
7804,0.107
7805,0.107
7806,0.107
7807,0.107
7808,0.107
7809,0.107
7810,0.107
7811,0.107
7812,0.107
7813,0.107
7814,0.107
7815,0.107
7816,0.107
7817,0.107
7818,0.107
7819,0.107
7820,0.107
7821,0.107
7822,0.107
7823,0.107
7824,0.107
7825,0.107
7826,0.107
7827,0.107
7828,0.107
7829,0.107
7830,0.107
7831,0.107
7832,0.107
7833,0.107
7834,0.107
7835,0.107
7836,0.107
7837,0.107
7838,0.107
7839,0.107
7840,0.107
7841,0.107
7842,0.107
7843,0.107
7844,0.107
7845,0.107
7846,0.107
7847,0.107
7848,0.107
7849,0.107
7850,0.107
7851,0.107
7852,0.107
7853,0.107
7854,0.107
7855,0.107
7856,0.107
7857,0.107
7858,0.107
7859,0.107
7860,0.107
7861,0.107
7862,0.107
7863,0.107
7864,0.107
7865,0.107
7866,0.107
7867,0.107
7868,0.107
7869,0.107
7870,0.107
7871,0.107
7872,0.107
7873,0.107
7874,0.107
7875,0.107
7876,0.107
7877,0.107
7878,0.107
7879,0.107
7880,0.107
7881,0.107
7882,0.107
7883,0.107
7884,0.107
7885,0.107
7886,0.107
7887,0.107
7888,0.107
7889,0.107
7890,0.107
7891,0.107
7892,0.107
7893,0.107
7894,0.107
7895,0.107
7896,0.107
7897,0.107
7898,0.107
7899,0.107
7900,0.107
7901,0.107
7902,0.107
7903,0.107
7904,0.107
7905,0.107
7906,0.107
7907,0.107
7908,0.107
7909,0.107
7910,0.107
7911,0.107
7912,0.107
7913,0.107
7914,0.107
7915,0.107
7916,0.107
7917,0.107
7918,0.107
7919,0.107
7920,0.107
7921,0.107
7922,0.107
7923,0.107
7924,0.107
7925,0.107
7926,0.107
7927,0.107
7928,0.107
7929,0.107
7930,0.107
7931,0.107
7932,0.107
7933,0.107
7934,0.107
7935,0.107
7936,0.107
7937,0.107
7938,0.107
7939,0.107
7940,0.107
7941,0.107
7942,0.107
7943,0.107
7944,0.107
7945,0.107
7946,0.107
7947,0.107
7948,0.107
7949,0.107
7950,0.107
7951,0.107
7952,0.107
7953,0.107
7954,0.107
7955,0.107
7956,0.107
7957,0.107
7958,0.107
7959,0.107
7960,0.107
7961,0.107
7962,0.107
7963,0.107
7964,0.107
7965,0.107
7966,0.107
7967,0.107
7968,0.107
7969,0.107
7970,0.107
7971,0.107
7972,0.107
7973,0.107
7974,0.107
7975,0.107
7976,0.107
7977,0.107
7978,0.107
7979,0.107
7980,0.107
7981,0.107
7982,0.107
7983,0.107
7984,0.107
7985,0.107
7986,0.107
7987,0.107
7988,0.107
7989,0.107
7990,0.107
7991,0.107
7992,0.107
7993,0.107
7994,0.107
7995,0.107
7996,0.107
7997,0.107
7998,0.107
7999,0.107
8000,0.107
8001,0.107
8002,0.107
8003,0.107
8004,0.107
8005,0.107
8006,0.107
8007,0.107
8008,0.107
8009,0.107
8010,0.107
8011,0.107
8012,0.107
8013,0.107
8014,0.107
8015,0.107
8016,0.107
8017,0.107
8018,0.107
8019,0.107
8020,0.107
8021,0.107
8022,0.107
8023,0.107
8024,0.107
8025,0.107
8026,0.107
8027,0.107
8028,0.107
8029,0.107
8030,0.107
8031,0.107
8032,0.107
8033,0.107
8034,0.107
8035,0.107
8036,0.107
8037,0.107
8038,0.107
8039,0.107
8040,0.107
8041,0.107
8042,0.107
8043,0.107
8044,0.107
8045,0.107
8046,0.107
8047,0.107
8048,0.107
8049,0.107
8050,0.107
8051,0.107
8052,0.107
8053,0.107
8054,0.107
8055,0.107
8056,0.107
8057,0.107
8058,0.107
8059,0.107
8060,0.107
8061,0.107
8062,0.107
8063,0.107
8064,0.107
8065,0.107
8066,0.107
8067,0.107
8068,0.107
8069,0.107
8070,0.107
8071,0.107
8072,0.107
8073,0.107
8074,0.107
8075,0.107
8076,0.107
8077,0.107
8078,0.107
8079,0.107
8080,0.107
8081,0.107
8082,0.107
8083,0.107
8084,0.107
8085,0.107
8086,0.107
8087,0.107
8088,0.107
8089,0.107
8090,0.107
8091,0.107
8092,0.107
8093,0.107
8094,0.107
8095,0.107
8096,0.107
8097,0.107
8098,0.107
8099,0.107
8100,0.107
8101,0.107
8102,0.107
8103,0.107
8104,0.107
8105,0.107
8106,0.107
8107,0.107
8108,0.107
8109,0.107
8110,0.107
8111,0.107
8112,0.107
8113,0.107
8114,0.107
8115,0.107
8116,0.107
8117,0.107
8118,0.107
8119,0.107
8120,0.107
8121,0.107
8122,0.107
8123,0.107
8124,0.107
8125,0.107
8126,0.107
8127,0.107
8128,0.107
8129,0.107
8130,0.107
8131,0.107
8132,0.107
8133,0.107
8134,0.107
8135,0.107
8136,0.107
8137,0.107
8138,0.107
8139,0.107
8140,0.107
8141,0.107
8142,0.107
8143,0.107
8144,0.107
8145,0.107
8146,0.107
8147,0.107
8148,0.107
8149,0.107
8150,0.107
8151,0.107
8152,0.107
8153,0.107
8154,0.107
8155,0.107
8156,0.107
8157,0.107
8158,0.107
8159,0.107
8160,0.107
8161,0.107
8162,0.107
8163,0.107
8164,0.107
8165,0.107
8166,0.107
8167,0.107
8168,0.107
8169,0.107
8170,0.107
8171,0.107
8172,0.107
8173,0.107
8174,0.107
8175,0.107
8176,0.107
8177,0.107
8178,0.107
8179,0.107
8180,0.107
8181,0.107
8182,0.107
8183,0.107
8184,0.107
8185,0.107
8186,0.107
8187,0.107
8188,0.107
8189,0.107
8190,0.107
8191,0.107
8192,0.107
8193,0.107
8194,0.107
8195,0.107
8196,0.107
8197,0.107
8198,0.107
8199,0.107
8200,0.107
8201,0.107
8202,0.107
8203,0.107
8204,0.107
8205,0.107
8206,0.107
8207,0.107
8208,0.107
8209,0.107
8210,0.107
8211,0.107
8212,0.107
8213,0.107
8214,0.107
8215,0.107
8216,0.107
8217,0.107
8218,0.107
8219,0.107
8220,0.107
8221,0.107
8222,0.107
8223,0.107
8224,0.107
8225,0.107
8226,0.107
8227,0.107
8228,0.107
8229,0.107
8230,0.107
8231,0.107
8232,0.107
8233,0.107
8234,0.107
8235,0.107
8236,0.107
8237,0.107
8238,0.107
8239,0.107
8240,0.107
8241,0.107
8242,0.107
8243,0.107
8244,0.107
8245,0.107
8246,0.107
8247,0.107
8248,0.107
8249,0.107
8250,0.107
8251,0.107
8252,0.107
8253,0.107
8254,0.107
8255,0.107
8256,0.107
8257,0.107
8258,0.107
8259,0.107
8260,0.107
8261,0.107
8262,0.107
8263,0.107
8264,0.107
8265,0.107
8266,0.107
8267,0.107
8268,0.107
8269,0.107
8270,0.107
8271,0.107
8272,0.107
8273,0.107
8274,0.107
8275,0.107
8276,0.107
8277,0.107
8278,0.107
8279,0.107
8280,0.107
8281,0.107
8282,0.107
8283,0.107
8284,0.107
8285,0.107
8286,0.107
8287,0.107
8288,0.107
8289,0.107
8290,0.107
8291,0.107
8292,0.107
8293,0.107
8294,0.107
8295,0.107
8296,0.107
8297,0.107
8298,0.107
8299,0.107
8300,0.107
8301,0.107
8302,0.107
8303,0.107
8304,0.107
8305,0.107
8306,0.107
8307,0.107
8308,0.107
8309,0.107
8310,0.107
8311,0.107
8312,0.107
8313,0.107
8314,0.107
8315,0.107
8316,0.107
8317,0.107
8318,0.107
8319,0.107
8320,0.107
8321,0.107
8322,0.107
8323,0.107
8324,0.107
8325,0.107
8326,0.107
8327,0.107
8328,0.107
8329,0.107
8330,0.107
8331,0.107
8332,0.107
8333,0.107
8334,0.107
8335,0.107
8336,0.107
8337,0.107
8338,0.107
8339,0.107
8340,0.107
8341,0.107
8342,0.107
8343,0.107
8344,0.107
8345,0.107
8346,0.107
8347,0.107
8348,0.107
8349,0.107
8350,0.107
8351,0.107
8352,0.107
8353,0.107
8354,0.107
8355,0.107
8356,0.107
8357,0.107
8358,0.107
8359,0.107
8360,0.107
8361,0.107
8362,0.107
8363,0.107
8364,0.107
8365,0.107
8366,0.107
8367,0.107
8368,0.107
8369,0.107
8370,0.107
8371,0.107
8372,0.107
8373,0.107
8374,0.107
8375,0.107
8376,0.107
8377,0.107
8378,0.107
8379,0.107
8380,0.107
8381,0.107
8382,0.107
8383,0.107
8384,0.107
8385,0.107
8386,0.107
8387,0.107
8388,0.107
8389,0.107
8390,0.107
8391,0.107
8392,0.107
8393,0.107
8394,0.107
8395,0.107
8396,0.107
8397,0.107
8398,0.107
8399,0.107
8400,0.107
8401,0.107
8402,0.107
8403,0.107
8404,0.107
8405,0.107
8406,0.107
8407,0.107
8408,0.107
8409,0.107
8410,0.107
8411,0.107
8412,0.107
8413,0.107
8414,0.107
8415,0.107
8416,0.107
8417,0.107
8418,0.107
8419,0.107
8420,0.107
8421,0.107
8422,0.107
8423,0.107
8424,0.107
8425,0.107
8426,0.107
8427,0.107
8428,0.107
8429,0.107
8430,0.107
8431,0.107
8432,0.10696875
8433,0.10693749999999999
8434,0.10690625
8435,0.106875
8436,0.10684375
8437,0.1068125
8438,0.10678125
8439,0.10675
8440,0.10671875
8441,0.10668749999999999
8442,0.10665625
8443,0.106625
8444,0.10659375
8445,0.1065625
8446,0.10653125
8447,0.1065
8448,0.10648275862068965
8449,0.1064655172413793
8450,0.10644827586206897
8451,0.10643103448275862
8452,0.10641379310344827
8453,0.10639655172413792
8454,0.10637931034482759
8455,0.10636206896551724
8456,0.10634482758620689
8457,0.10632758620689654
8458,0.10631034482758621
8459,0.10629310344827586
8460,0.10627586206896551
8461,0.10625862068965516
8462,0.10624137931034483
8463,0.10622413793103448
8464,0.10620689655172413
8465,0.10618965517241379
8466,0.10617241379310345
8467,0.1061551724137931
8468,0.10613793103448275
8469,0.1061206896551724
8470,0.10610344827586207
8471,0.10608620689655172
8472,0.10606896551724138
8473,0.10605172413793103
8474,0.1060344827586207
8475,0.10601724137931035
8476,0.106
8477,0.106
8478,0.106
8479,0.106
8480,0.106
8481,0.106
8482,0.106
8483,0.106
8484,0.106
8485,0.106
8486,0.106
8487,0.106
8488,0.106
8489,0.106
8490,0.106
8491,0.106
8492,0.106
8493,0.106
8494,0.106
8495,0.106
8496,0.106
8497,0.106
8498,0.106
8499,0.106
8500,0.106
8501,0.106
8502,0.106
8503,0.106
8504,0.106
8505,0.106
8506,0.106
8507,0.106
8508,0.106
8509,0.106
8510,0.106
8511,0.106
8512,0.106
8513,0.106
8514,0.106
8515,0.106
8516,0.106
8517,0.106
8518,0.106
8519,0.106
8520,0.106
8521,0.106
8522,0.106
8523,0.106
8524,0.106
8525,0.106
8526,0.106
8527,0.106
8528,0.106
8529,0.106
8530,0.106
8531,0.106
8532,0.106
8533,0.106
8534,0.106
8535,0.106
8536,0.106
8537,0.106
8538,0.106
8539,0.106
8540,0.106
8541,0.106
8542,0.106
8543,0.106
8544,0.106
8545,0.106
8546,0.106
8547,0.106
8548,0.106
8549,0.106
8550,0.106
8551,0.106
8552,0.106
8553,0.106
8554,0.106
8555,0.106
8556,0.106
8557,0.106
8558,0.106
8559,0.106
8560,0.106
8561,0.106
8562,0.106
8563,0.106
8564,0.106
8565,0.106
8566,0.106
8567,0.106
8568,0.106
8569,0.106
8570,0.106
8571,0.106
8572,0.106
8573,0.106
8574,0.106
8575,0.106
8576,0.106
8577,0.106
8578,0.106
8579,0.106
8580,0.106
8581,0.106
8582,0.106
8583,0.106
8584,0.106
8585,0.106
8586,0.106
8587,0.106
8588,0.106
8589,0.106
8590,0.106
8591,0.106
8592,0.106
8593,0.106
8594,0.106
8595,0.106
8596,0.106
8597,0.106
8598,0.106
8599,0.106
8600,0.106
8601,0.106
8602,0.106
8603,0.106
8604,0.106
8605,0.106
8606,0.106
8607,0.106
8608,0.106
8609,0.106
8610,0.106
8611,0.106
8612,0.106
8613,0.106
8614,0.106
8615,0.106
8616,0.106
8617,0.106
8618,0.106
8619,0.106
8620,0.106
8621,0.106
8622,0.106
8623,0.106
8624,0.106
8625,0.106
8626,0.106
8627,0.106
8628,0.106
8629,0.106
8630,0.106
8631,0.106
8632,0.106
8633,0.106
8634,0.106
8635,0.106
8636,0.106
8637,0.106
8638,0.106
8639,0.106
8640,0.106
8641,0.106
8642,0.106
8643,0.106
8644,0.106
8645,0.106
8646,0.106
8647,0.106
8648,0.106
8649,0.106
8650,0.106
8651,0.106
8652,0.106
8653,0.106
8654,0.106
8655,0.106
8656,0.106
8657,0.106
8658,0.106
8659,0.106
8660,0.106
8661,0.106
8662,0.106
8663,0.106
8664,0.106
8665,0.106
8666,0.106
8667,0.106
8668,0.106
8669,0.106
8670,0.106
8671,0.106
8672,0.106
8673,0.106
8674,0.106
8675,0.106
8676,0.106
8677,0.106
8678,0.106
8679,0.106
8680,0.106
8681,0.106
8682,0.106
8683,0.106
8684,0.106
8685,0.106
8686,0.106
8687,0.106
8688,0.106
8689,0.106
8690,0.106
8691,0.106
8692,0.106
8693,0.106
8694,0.106
8695,0.106
8696,0.106
8697,0.106
8698,0.106
8699,0.106
8700,0.106
8701,0.106
8702,0.106
8703,0.106
8704,0.106
8705,0.106
8706,0.106
8707,0.106
8708,0.106
8709,0.106
8710,0.106
8711,0.106
8712,0.106
8713,0.106
8714,0.106
8715,0.106
8716,0.106
8717,0.106
8718,0.106
8719,0.106
8720,0.106
8721,0.106
8722,0.106
8723,0.106
8724,0.106
8725,0.106
8726,0.106
8727,0.106
8728,0.106
8729,0.106
8730,0.106
8731,0.106
8732,0.106
8733,0.106
8734,0.106
8735,0.106
8736,0.106
8737,0.106
8738,0.106
8739,0.106
8740,0.106
8741,0.106
8742,0.106
8743,0.106
8744,0.106
8745,0.106
8746,0.106
8747,0.106
8748,0.106
8749,0.106
8750,0.106
8751,0.106
8752,0.106
8753,0.106
8754,0.106
8755,0.106
8756,0.106
8757,0.106
8758,0.106
8759,0.106
8760,0.106
8761,0.106
8762,0.106
8763,0.106
8764,0.106
8765,0.106
8766,0.106
8767,0.106
8768,0.106
8769,0.106
8770,0.106
8771,0.106
8772,0.106
8773,0.106
8774,0.106
8775,0.106
8776,0.106
8777,0.106
8778,0.106
8779,0.106
8780,0.106
8781,0.106
8782,0.106
8783,0.106
8784,0.106
8785,0.106
8786,0.106
8787,0.106
8788,0.106
8789,0.106
8790,0.106
8791,0.106
8792,0.106
8793,0.106
8794,0.106
8795,0.106
8796,0.106
8797,0.106
8798,0.106
8799,0.106
8800,0.106
8801,0.106
8802,0.106
8803,0.106
8804,0.106
8805,0.106
8806,0.106
8807,0.106
8808,0.106
8809,0.106
8810,0.106
8811,0.106
8812,0.106
8813,0.106
8814,0.106
8815,0.106
8816,0.106
8817,0.106
8818,0.106
8819,0.106
8820,0.106
8821,0.106
8822,0.106
8823,0.106
8824,0.106
8825,0.106
8826,0.106
8827,0.106
8828,0.106
8829,0.106
8830,0.106
8831,0.106
8832,0.106
8833,0.106
8834,0.106
8835,0.106
8836,0.106
8837,0.106
8838,0.106
8839,0.106
8840,0.106
8841,0.106
8842,0.106
8843,0.106
8844,0.106
8845,0.106
8846,0.106
8847,0.106
8848,0.106
8849,0.106
8850,0.106
8851,0.106
8852,0.106
8853,0.106
8854,0.106
8855,0.106
8856,0.106
8857,0.106
8858,0.106
8859,0.106
8860,0.106
8861,0.106
8862,0.106
8863,0.106
8864,0.106
8865,0.106
8866,0.106
8867,0.106
8868,0.106
8869,0.106
8870,0.106
8871,0.106
8872,0.106
8873,0.106
8874,0.106
8875,0.106
8876,0.106
8877,0.106
8878,0.106
8879,0.106
8880,0.106
8881,0.106
8882,0.106
8883,0.106
8884,0.106
8885,0.106
8886,0.106
8887,0.106
8888,0.106
8889,0.106
8890,0.106
8891,0.106
8892,0.106
8893,0.106
8894,0.106
8895,0.106
8896,0.106
8897,0.106
8898,0.106
8899,0.106
8900,0.106
8901,0.106
8902,0.106
8903,0.106
8904,0.106
8905,0.106
8906,0.106
8907,0.106
8908,0.106
8909,0.106
8910,0.106
8911,0.106
8912,0.106
8913,0.106
8914,0.106
8915,0.106
8916,0.106
8917,0.106
8918,0.106
8919,0.106
8920,0.106
8921,0.106
8922,0.106
8923,0.106
8924,0.106
8925,0.106
8926,0.106
8927,0.106
8928,0.106
8929,0.106
8930,0.106
8931,0.106
8932,0.106
8933,0.106
8934,0.106
8935,0.106
8936,0.106
8937,0.106
8938,0.106
8939,0.106
8940,0.106
8941,0.106
8942,0.106
8943,0.106
8944,0.106
8945,0.106
8946,0.106
8947,0.106
8948,0.106
8949,0.106
8950,0.106
8951,0.106
8952,0.106
8953,0.106
8954,0.106
8955,0.106
8956,0.106
8957,0.106
8958,0.106
8959,0.106
8960,0.106
8961,0.106
8962,0.106
8963,0.106
8964,0.106
8965,0.106
8966,0.106
8967,0.106
8968,0.106
8969,0.106
8970,0.106
8971,0.106
8972,0.106
8973,0.106
8974,0.106
8975,0.106
8976,0.106
8977,0.106
8978,0.106
8979,0.106
8980,0.106
8981,0.106
8982,0.106
8983,0.106
8984,0.106
8985,0.106
8986,0.106
8987,0.106
8988,0.106
8989,0.106
8990,0.106
8991,0.106
8992,0.106
8993,0.106
8994,0.106
8995,0.106
8996,0.106
8997,0.106
8998,0.106
8999,0.106
9000,0.106
9001,0.106
9002,0.106
9003,0.106
9004,0.106
9005,0.106
9006,0.106
9007,0.106
9008,0.106
9009,0.106
9010,0.106
9011,0.106
9012,0.106
9013,0.106
9014,0.106
9015,0.106
9016,0.106
9017,0.106
9018,0.106
9019,0.106
9020,0.106
9021,0.106
9022,0.106
9023,0.106
9024,0.106
9025,0.106
9026,0.106
9027,0.106
9028,0.106
9029,0.106
9030,0.106
9031,0.106
9032,0.106
9033,0.106
9034,0.106
9035,0.106
9036,0.106
9037,0.106
9038,0.106
9039,0.106
9040,0.106
9041,0.106
9042,0.106
9043,0.106
9044,0.106
9045,0.106
9046,0.106
9047,0.106
9048,0.106
9049,0.106
9050,0.106
9051,0.106
9052,0.106
9053,0.106
9054,0.106
9055,0.106
9056,0.106
9057,0.106
9058,0.106
9059,0.106
9060,0.106
9061,0.106
9062,0.106
9063,0.106
9064,0.106
9065,0.106
9066,0.106
9067,0.106
9068,0.106
9069,0.106
9070,0.106
9071,0.106
9072,0.106
9073,0.106
9074,0.106
9075,0.106
9076,0.106
9077,0.106
9078,0.106
9079,0.106
9080,0.106
9081,0.106
9082,0.106
9083,0.106
9084,0.106
9085,0.106
9086,0.106
9087,0.106
9088,0.106
9089,0.106
9090,0.106
9091,0.106
9092,0.106
9093,0.106
9094,0.106
9095,0.106
9096,0.106
9097,0.106
9098,0.106
9099,0.106
9100,0.106
9101,0.106
9102,0.106
9103,0.106
9104,0.106
9105,0.106
9106,0.106
9107,0.106
9108,0.106
9109,0.106
9110,0.106
9111,0.106
9112,0.106
9113,0.106
9114,0.106
9115,0.106
9116,0.106
9117,0.106
9118,0.106
9119,0.106
9120,0.106
9121,0.106
9122,0.106
9123,0.106
9124,0.106
9125,0.106
9126,0.106
9127,0.106
9128,0.106
9129,0.106
9130,0.106
9131,0.106
9132,0.106
9133,0.106
9134,0.106
9135,0.106
9136,0.106
9137,0.106
9138,0.106
9139,0.106
9140,0.106
9141,0.106
9142,0.106
9143,0.106
9144,0.106
9145,0.106
9146,0.106
9147,0.106
9148,0.106
9149,0.106
9150,0.106
9151,0.106
9152,0.106
9153,0.106
9154,0.106
9155,0.106
9156,0.106
9157,0.106
9158,0.106
9159,0.106
9160,0.106
9161,0.106
9162,0.106
9163,0.106
9164,0.106
9165,0.106
9166,0.106
9167,0.106
9168,0.106
9169,0.106
9170,0.106
9171,0.106
9172,0.106
9173,0.106
9174,0.106
9175,0.106
9176,0.106
9177,0.106
9178,0.106
9179,0.106
9180,0.106
9181,0.106
9182,0.106
9183,0.106
9184,0.106
9185,0.106
9186,0.106
9187,0.106
9188,0.106
9189,0.106
9190,0.106
9191,0.106
9192,0.106
9193,0.106
9194,0.106
9195,0.106
9196,0.106
9197,0.106
9198,0.106
9199,0.106
9200,0.106
9201,0.106
9202,0.106
9203,0.106
9204,0.106
9205,0.106
9206,0.106
9207,0.106
9208,0.106
9209,0.106
9210,0.106
9211,0.106
9212,0.106
9213,0.106
9214,0.106
9215,0.106
9216,0.106
9217,0.106
9218,0.106
9219,0.106
9220,0.106
9221,0.106
9222,0.106
9223,0.106
9224,0.106
9225,0.106
9226,0.106
9227,0.106
9228,0.106
9229,0.106
9230,0.106
9231,0.106
9232,0.106
9233,0.106
9234,0.106
9235,0.106
9236,0.106
9237,0.106
9238,0.106
9239,0.106
9240,0.106
9241,0.106
9242,0.106
9243,0.106
9244,0.106
9245,0.106
9246,0.106
9247,0.106
9248,0.106
9249,0.106
9250,0.106
9251,0.106
9252,0.106
9253,0.106
9254,0.106
9255,0.106
9256,0.106
9257,0.106
9258,0.106
9259,0.106
9260,0.106
9261,0.106
9262,0.106
9263,0.106
9264,0.106
9265,0.106
9266,0.106
9267,0.106
9268,0.106
9269,0.106
9270,0.106
9271,0.106
9272,0.106
9273,0.106
9274,0.106
9275,0.106
9276,0.106
9277,0.106
9278,0.106
9279,0.106
9280,0.106
9281,0.106
9282,0.106
9283,0.106
9284,0.106
9285,0.106
9286,0.106
9287,0.106
9288,0.106
9289,0.106
9290,0.106
9291,0.106
9292,0.106
9293,0.106
9294,0.106
9295,0.106
9296,0.106
9297,0.106
9298,0.106
9299,0.106
9300,0.106
9301,0.106
9302,0.106
9303,0.106
9304,0.106
9305,0.106
9306,0.106
9307,0.106
9308,0.106
9309,0.106
9310,0.106
9311,0.106
9312,0.106
9313,0.106
9314,0.106
9315,0.106
9316,0.106
9317,0.106
9318,0.106
9319,0.106
9320,0.106
9321,0.106
9322,0.106
9323,0.106
9324,0.106
9325,0.106
9326,0.106
9327,0.106
9328,0.106
9329,0.106
9330,0.106
9331,0.106
9332,0.106
9333,0.106
9334,0.106
9335,0.106
9336,0.106
9337,0.106
9338,0.106
9339,0.106
9340,0.106
9341,0.106
9342,0.106
9343,0.106
9344,0.106
9345,0.106
9346,0.106
9347,0.106
9348,0.106
9349,0.106
9350,0.106
9351,0.106
9352,0.106
9353,0.106
9354,0.106
9355,0.106
9356,0.106
9357,0.106
9358,0.106
9359,0.106
9360,0.106
9361,0.106
9362,0.106
9363,0.106
9364,0.106
9365,0.106
9366,0.106
9367,0.106
9368,0.106
9369,0.106
9370,0.106
9371,0.106
9372,0.106
9373,0.106
9374,0.106
9375,0.106
9376,0.106
9377,0.106
9378,0.106
9379,0.106
9380,0.106
9381,0.106
9382,0.106
9383,0.106
9384,0.106
9385,0.106
9386,0.106
9387,0.106
9388,0.106
9389,0.106
9390,0.106
9391,0.106
9392,0.106
9393,0.106
9394,0.106
9395,0.106
9396,0.106
9397,0.106
9398,0.106
9399,0.106
9400,0.106
9401,0.106
9402,0.106
9403,0.106
9404,0.106
9405,0.106
9406,0.106
9407,0.106
9408,0.106
9409,0.106
9410,0.106
9411,0.106
9412,0.106
9413,0.106
9414,0.106
9415,0.106
9416,0.106
9417,0.106
9418,0.106
9419,0.106
9420,0.106
9421,0.106
9422,0.106
9423,0.106
9424,0.106
9425,0.106
9426,0.106
9427,0.106
9428,0.106
9429,0.106
9430,0.106
9431,0.106
9432,0.106
9433,0.106
9434,0.106
9435,0.106
9436,0.106
9437,0.106
9438,0.106
9439,0.106
9440,0.106
9441,0.106
9442,0.106
9443,0.106
9444,0.106
9445,0.106
9446,0.106
9447,0.106
9448,0.106
9449,0.106
9450,0.106
9451,0.106
9452,0.106
9453,0.106
9454,0.106
9455,0.106
9456,0.106
9457,0.106
9458,0.106
9459,0.106
9460,0.106
9461,0.106
9462,0.106
9463,0.106
9464,0.106
9465,0.106
9466,0.106
9467,0.106
9468,0.106
9469,0.106
9470,0.106
9471,0.106
9472,0.106
9473,0.106
9474,0.106
9475,0.106
9476,0.106
9477,0.106
9478,0.106
9479,0.106
9480,0.106
9481,0.106
9482,0.106
9483,0.106
9484,0.106
9485,0.106
9486,0.106
9487,0.106
9488,0.106
9489,0.106
9490,0.106
9491,0.106
9492,0.106
9493,0.106
9494,0.106
9495,0.106
9496,0.106
9497,0.106
9498,0.106
9499,0.106
9500,0.106
9501,0.106
9502,0.106
9503,0.106
9504,0.106
9505,0.106
9506,0.106
9507,0.106
9508,0.106
9509,0.106
9510,0.106
9511,0.106
9512,0.106
9513,0.106
9514,0.106
9515,0.106
9516,0.106
9517,0.106
9518,0.106
9519,0.106
9520,0.106
9521,0.106
9522,0.106
9523,0.106
9524,0.106
9525,0.106
9526,0.106
9527,0.106
9528,0.106
9529,0.106
9530,0.106
9531,0.106
9532,0.106
9533,0.106
9534,0.106
9535,0.106
9536,0.106
9537,0.106
9538,0.106
9539,0.106
9540,0.106
9541,0.106
9542,0.106
9543,0.106
9544,0.106
9545,0.106
9546,0.106
9547,0.106
9548,0.106
9549,0.106
9550,0.106
9551,0.106
9552,0.106
9553,0.106
9554,0.106
9555,0.106
9556,0.106
9557,0.106
9558,0.106
9559,0.106
9560,0.106
9561,0.106
9562,0.106
9563,0.106
9564,0.106
9565,0.106
9566,0.106
9567,0.106
9568,0.106
9569,0.106
9570,0.106
9571,0.106
9572,0.106
9573,0.106
9574,0.106
9575,0.106
9576,0.106
9577,0.106
9578,0.106
9579,0.106
9580,0.106
9581,0.106
9582,0.106
9583,0.106
9584,0.106
9585,0.106
9586,0.106
9587,0.106
9588,0.106
9589,0.106
9590,0.106
9591,0.106
9592,0.106
9593,0.106
9594,0.106
9595,0.106
9596,0.106
9597,0.106
9598,0.106
9599,0.106
9600,0.106
9601,0.106
9602,0.106
9603,0.106
9604,0.106
9605,0.106
9606,0.106
9607,0.106
9608,0.106
9609,0.106
9610,0.106
9611,0.106
9612,0.106
9613,0.106
9614,0.106
9615,0.106
9616,0.106
9617,0.106
9618,0.106
9619,0.106
9620,0.106
9621,0.106
9622,0.106
9623,0.106
9624,0.106
9625,0.106
9626,0.106
9627,0.106
9628,0.106
9629,0.106
9630,0.106
9631,0.106
9632,0.106
9633,0.106
9634,0.106
9635,0.106
9636,0.106
9637,0.106
9638,0.106
9639,0.106
9640,0.106
9641,0.106
9642,0.106
9643,0.106
9644,0.106
9645,0.106
9646,0.106
9647,0.106
9648,0.106
9649,0.106
9650,0.106
9651,0.106
9652,0.106
9653,0.106
9654,0.106
9655,0.106
9656,0.106
9657,0.106
9658,0.106
9659,0.106
9660,0.106
9661,0.106
9662,0.106
9663,0.106
9664,0.106
9665,0.106
9666,0.106
9667,0.106
9668,0.106
9669,0.106
9670,0.106
9671,0.106
9672,0.106
9673,0.106
9674,0.106
9675,0.106
9676,0.106
9677,0.106
9678,0.106
9679,0.106
9680,0.106
9681,0.106
9682,0.106
9683,0.106
9684,0.106
9685,0.106
9686,0.106
9687,0.106
9688,0.106
9689,0.106
9690,0.106
9691,0.106
9692,0.106
9693,0.106
9694,0.106
9695,0.106
9696,0.106
9697,0.106
9698,0.106
9699,0.106
9700,0.106
9701,0.106
9702,0.106
9703,0.106
9704,0.106
9705,0.106
9706,0.106
9707,0.106
9708,0.106
9709,0.106
9710,0.106
9711,0.106
9712,0.106
9713,0.106
9714,0.106
9715,0.106
9716,0.106
9717,0.106
9718,0.106
9719,0.106
9720,0.106
9721,0.106
9722,0.106
9723,0.106
9724,0.106
9725,0.106
9726,0.106
9727,0.106
9728,0.106
9729,0.106
9730,0.106
9731,0.106
9732,0.106
9733,0.106
9734,0.106
9735,0.106
9736,0.106
9737,0.106
9738,0.106
9739,0.106
9740,0.106
9741,0.106
9742,0.106
9743,0.106
9744,0.106
9745,0.106
9746,0.106
9747,0.106
9748,0.106
9749,0.106
9750,0.106
9751,0.106
9752,0.106
9753,0.106
9754,0.106
9755,0.106
9756,0.106
9757,0.106
9758,0.106
9759,0.106
9760,0.106
9761,0.106
9762,0.106
9763,0.106
9764,0.106
9765,0.106
9766,0.106
9767,0.106
9768,0.106
9769,0.106
9770,0.106
9771,0.106
9772,0.106
9773,0.106
9774,0.106
9775,0.106
9776,0.106
9777,0.106
9778,0.106
9779,0.106
9780,0.106
9781,0.106
9782,0.106
9783,0.106
9784,0.106
9785,0.106
9786,0.106
9787,0.106
9788,0.106
9789,0.106
9790,0.106
9791,0.106
9792,0.106
9793,0.106
9794,0.106
9795,0.106
9796,0.106
9797,0.106
9798,0.106
9799,0.106
9800,0.106
9801,0.106
9802,0.106
9803,0.106
9804,0.106
9805,0.106
9806,0.106
9807,0.106
9808,0.106
9809,0.106
9810,0.106
9811,0.106
9812,0.106
9813,0.106
9814,0.106
9815,0.106
9816,0.106
9817,0.106
9818,0.106
9819,0.106
9820,0.106
9821,0.106
9822,0.106
9823,0.106
9824,0.106
9825,0.106
9826,0.106
9827,0.106
9828,0.106
9829,0.106
9830,0.106
9831,0.106
9832,0.106
9833,0.106
9834,0.106
9835,0.106
9836,0.106
9837,0.106
9838,0.106
9839,0.106
9840,0.106
9841,0.106
9842,0.106
9843,0.106
9844,0.106
9845,0.106
9846,0.106
9847,0.106
9848,0.106
9849,0.106
9850,0.106
9851,0.106
9852,0.106
9853,0.106
9854,0.106
9855,0.106
9856,0.106
9857,0.106
9858,0.106
9859,0.106
9860,0.106
9861,0.106
9862,0.106
9863,0.106
9864,0.106
9865,0.106
9866,0.106
9867,0.106
9868,0.106
9869,0.106
9870,0.106
9871,0.106
9872,0.106
9873,0.106
9874,0.106
9875,0.106
9876,0.106
9877,0.106
9878,0.106
9879,0.106
9880,0.106
9881,0.106
9882,0.106
9883,0.106
9884,0.106
9885,0.106
9886,0.106
9887,0.106
9888,0.106
9889,0.106
9890,0.106
9891,0.106
9892,0.106
9893,0.106
9894,0.106
9895,0.106
9896,0.106
9897,0.106
9898,0.106
9899,0.106
9900,0.106
9901,0.106
9902,0.106
9903,0.106
9904,0.106
9905,0.106
9906,0.106
9907,0.106
9908,0.106
9909,0.106
9910,0.106
9911,0.106
9912,0.106
9913,0.106
9914,0.106
9915,0.106
9916,0.106
9917,0.106
9918,0.106
9919,0.106
9920,0.106
9921,0.106
9922,0.106
9923,0.106
9924,0.106
9925,0.106
9926,0.106
9927,0.106
9928,0.106
9929,0.106
9930,0.106
9931,0.106
9932,0.106
9933,0.106
9934,0.106
9935,0.106
9936,0.106
9937,0.106
9938,0.106
9939,0.106
9940,0.106
9941,0.106
9942,0.106
9943,0.106
9944,0.106
9945,0.106
9946,0.106
9947,0.106
9948,0.106
9949,0.106
9950,0.106
9951,0.106
9952,0.106
9953,0.106
9954,0.106
9955,0.106
9956,0.106
9957,0.106
9958,0.106
9959,0.106
9960,0.106
9961,0.106
9962,0.106
9963,0.106
9964,0.106
9965,0.106
9966,0.106
9967,0.106
9968,0.106
9969,0.106
9970,0.106
9971,0.106
9972,0.106
9973,0.106
9974,0.106
9975,0.106
9976,0.106
9977,0.106
9978,0.106
9979,0.106
9980,0.106
9981,0.106
9982,0.106
9983,0.106
9984,0.106
9985,0.106
9986,0.106
9987,0.106
9988,0.106
9989,0.106
9990,0.106
9991,0.106
9992,0.106
9993,0.106
9994,0.106
9995,0.106
9996,0.106
9997,0.106
9998,0.106
9999,0.106
10000,0.106
10001,0.106
10002,0.106
10003,0.106
10004,0.106
10005,0.106
10006,0.106
10007,0.106
10008,0.106
10009,0.106
10010,0.106
10011,0.106
10012,0.106
10013,0.106
10014,0.106
10015,0.106
10016,0.106
10017,0.106
10018,0.106
10019,0.106
10020,0.106
10021,0.106
10022,0.106
10023,0.106
10024,0.106
10025,0.106
10026,0.106
10027,0.106
10028,0.106
10029,0.106
10030,0.106
10031,0.106
10032,0.106
10033,0.106
10034,0.106
10035,0.106
10036,0.106
10037,0.106
10038,0.106
10039,0.106
10040,0.106
10041,0.106
10042,0.106
10043,0.106
10044,0.106
10045,0.106
10046,0.106
10047,0.106
10048,0.106
10049,0.106
10050,0.106
10051,0.106
10052,0.106
10053,0.106
10054,0.106
10055,0.106
10056,0.106
10057,0.106
10058,0.106
10059,0.106
10060,0.106
10061,0.106
10062,0.106
10063,0.106
10064,0.106
10065,0.106
10066,0.106
10067,0.106
10068,0.106
10069,0.106
10070,0.106
10071,0.106
10072,0.106
10073,0.106
10074,0.106
10075,0.106
10076,0.106
10077,0.106
10078,0.106
10079,0.106
10080,0.106
10081,0.106
10082,0.106
10083,0.106
10084,0.106
10085,0.106
10086,0.106
10087,0.106
10088,0.106
10089,0.106
10090,0.106
10091,0.106
10092,0.106
10093,0.106
10094,0.106
10095,0.106
10096,0.106
10097,0.106
10098,0.106
10099,0.106
10100,0.106
10101,0.106
10102,0.106
10103,0.106
10104,0.106
10105,0.106
10106,0.106
10107,0.106
10108,0.106
10109,0.106
10110,0.106
10111,0.106
10112,0.106
10113,0.106
10114,0.106
10115,0.106
10116,0.106
10117,0.106
10118,0.106
10119,0.106
10120,0.106
10121,0.106
10122,0.106
10123,0.106
10124,0.106
10125,0.106
10126,0.106
10127,0.106
10128,0.106
10129,0.106
10130,0.106
10131,0.106
10132,0.106
10133,0.106
10134,0.106
10135,0.106
10136,0.106
10137,0.106
10138,0.106
10139,0.106
10140,0.106
10141,0.106
10142,0.106
10143,0.106
10144,0.106
10145,0.106
10146,0.106
10147,0.106
10148,0.106
10149,0.106
10150,0.106
10151,0.106
10152,0.106
10153,0.106
10154,0.106
10155,0.106
10156,0.106
10157,0.106
10158,0.106
10159,0.106
10160,0.106
10161,0.106
10162,0.106
10163,0.106
10164,0.106
10165,0.106
10166,0.106
10167,0.106
10168,0.106
10169,0.106
10170,0.106
10171,0.106
10172,0.106
10173,0.106
10174,0.106
10175,0.106
10176,0.106
10177,0.106
10178,0.106
10179,0.106
10180,0.106
10181,0.106
10182,0.106
10183,0.106
10184,0.106
10185,0.106
10186,0.106
10187,0.106
10188,0.106
10189,0.106
10190,0.106
10191,0.106
10192,0.106
10193,0.106
10194,0.106
10195,0.106
10196,0.106
10197,0.106
10198,0.106
10199,0.106
10200,0.106
10201,0.106
10202,0.106
10203,0.106
10204,0.106
10205,0.106
10206,0.106
10207,0.106
10208,0.106
10209,0.106
10210,0.106
10211,0.106
10212,0.106
10213,0.106
10214,0.106
10215,0.106
10216,0.106
10217,0.106
10218,0.106
10219,0.106
10220,0.106
10221,0.106
10222,0.106
10223,0.106
10224,0.106
10225,0.106
10226,0.106
10227,0.106
10228,0.106
10229,0.106
10230,0.106
10231,0.106
10232,0.106
10233,0.106
10234,0.106
10235,0.106
10236,0.106
10237,0.106
10238,0.106
10239,0.106
10240,0.106
10241,0.106
10242,0.106
10243,0.106
10244,0.106
10245,0.106
10246,0.106
10247,0.106
10248,0.106
10249,0.106
10250,0.106
10251,0.106
10252,0.106
10253,0.106
10254,0.106
10255,0.106
10256,0.106
10257,0.106
10258,0.106
10259,0.106
10260,0.106
10261,0.106
10262,0.106
10263,0.106
10264,0.106
10265,0.106
10266,0.106
10267,0.106
10268,0.106
10269,0.106
10270,0.106
10271,0.106
10272,0.106
10273,0.106
10274,0.106
10275,0.106
10276,0.106
10277,0.106
10278,0.106
10279,0.106
10280,0.106
10281,0.106
10282,0.106
10283,0.106
10284,0.106
10285,0.106
10286,0.106
10287,0.106
10288,0.106
10289,0.106
10290,0.106
10291,0.106
10292,0.106
10293,0.106
10294,0.106
10295,0.106
10296,0.106
10297,0.106
10298,0.106
10299,0.106
10300,0.106
10301,0.106
10302,0.106
10303,0.106
10304,0.106
10305,0.106
10306,0.106
10307,0.106
10308,0.106
10309,0.106
10310,0.106
10311,0.106
10312,0.106
10313,0.106
10314,0.106
10315,0.106
10316,0.106
10317,0.106
10318,0.106
10319,0.106
10320,0.106
10321,0.106
10322,0.106
10323,0.106
10324,0.106
10325,0.106
10326,0.106
10327,0.106
10328,0.106
10329,0.106
10330,0.106
10331,0.106
10332,0.106
10333,0.106
10334,0.106
10335,0.106
10336,0.106
10337,0.106
10338,0.106
10339,0.106
10340,0.106
10341,0.106
10342,0.106
10343,0.106
10344,0.106
10345,0.106
10346,0.106
10347,0.106
10348,0.106
10349,0.106
10350,0.106
10351,0.106
10352,0.106
10353,0.106
10354,0.106
10355,0.106
10356,0.106
10357,0.106
10358,0.106
10359,0.106
10360,0.106
10361,0.106
10362,0.106
10363,0.106
10364,0.106
10365,0.106
10366,0.106
10367,0.106
10368,0.106
10369,0.106
10370,0.106
10371,0.106
10372,0.106
10373,0.106
10374,0.106
10375,0.106
10376,0.106
10377,0.106
10378,0.106
10379,0.106
10380,0.106
10381,0.106
10382,0.106
10383,0.106
10384,0.106
10385,0.106
10386,0.106
10387,0.106
10388,0.106
10389,0.106
10390,0.106
10391,0.106
10392,0.106
10393,0.106
10394,0.106
10395,0.106
10396,0.106
10397,0.106
10398,0.106
10399,0.106
10400,0.106
10401,0.106
10402,0.106
10403,0.106
10404,0.106
10405,0.106
10406,0.106
10407,0.106
10408,0.106
10409,0.106
10410,0.106
10411,0.106
10412,0.106
10413,0.106
10414,0.106
10415,0.106
10416,0.106
10417,0.106
10418,0.106
10419,0.106
10420,0.106
10421,0.106
10422,0.106
10423,0.106
10424,0.106
10425,0.106
10426,0.106
10427,0.106
10428,0.106
10429,0.106
10430,0.106
10431,0.106
10432,0.106
10433,0.106
10434,0.106
10435,0.106
10436,0.106
10437,0.106
10438,0.106
10439,0.106
10440,0.106
10441,0.106
10442,0.106
10443,0.106
10444,0.106
10445,0.106
10446,0.106
10447,0.106
10448,0.106
10449,0.106
10450,0.106
10451,0.106
10452,0.106
10453,0.106
10454,0.106
10455,0.106
10456,0.106
10457,0.106
10458,0.106
10459,0.106
10460,0.106
10461,0.106
10462,0.106
10463,0.106
10464,0.106
10465,0.106
10466,0.106
10467,0.106
10468,0.106
10469,0.106
10470,0.106
10471,0.106
10472,0.106
10473,0.106
10474,0.106
10475,0.106
10476,0.106
10477,0.106
10478,0.106
10479,0.106
10480,0.106
10481,0.106
10482,0.106
10483,0.106
10484,0.106
10485,0.106
10486,0.106
10487,0.106
10488,0.106
10489,0.106
10490,0.106
10491,0.106
10492,0.106
10493,0.106
10494,0.106
10495,0.106
10496,0.106
10497,0.106
10498,0.106
10499,0.106
10500,0.106
10501,0.106
10502,0.106
10503,0.106
10504,0.106
10505,0.106
10506,0.106
10507,0.106
10508,0.106
10509,0.106
10510,0.106
10511,0.106
10512,0.106
10513,0.106
10514,0.106
10515,0.106
10516,0.106
10517,0.106
10518,0.106
10519,0.106
10520,0.106
10521,0.106
10522,0.106
10523,0.106
10524,0.106
10525,0.106
10526,0.106
10527,0.106
10528,0.106
10529,0.106
10530,0.106
10531,0.106
10532,0.106
10533,0.106
10534,0.106
10535,0.106
10536,0.106
10537,0.106
10538,0.106
10539,0.106
10540,0.106
10541,0.106
10542,0.106
10543,0.106
10544,0.106
10545,0.106
10546,0.106
10547,0.106
10548,0.106
10549,0.106
10550,0.106
10551,0.106
10552,0.106
10553,0.106
10554,0.106
10555,0.106
10556,0.106
10557,0.106
10558,0.106
10559,0.106
10560,0.106
10561,0.106
10562,0.106
10563,0.106
10564,0.106
10565,0.106
10566,0.106
10567,0.106
10568,0.106
10569,0.106
10570,0.106
10571,0.106
10572,0.106
10573,0.106
10574,0.106
10575,0.106
10576,0.106
10577,0.106
10578,0.106
10579,0.106
10580,0.106
10581,0.106
10582,0.106
10583,0.106
10584,0.106
10585,0.106
10586,0.106
10587,0.106
10588,0.106
10589,0.106
10590,0.106
10591,0.106
10592,0.106
10593,0.106
10594,0.106
10595,0.106
10596,0.106
10597,0.106
10598,0.106
10599,0.106
10600,0.106
10601,0.106
10602,0.106
10603,0.106
10604,0.106
10605,0.106
10606,0.106
10607,0.106
10608,0.106
10609,0.106
10610,0.106
10611,0.106
10612,0.106
10613,0.106
10614,0.106
10615,0.106
10616,0.106
10617,0.106
10618,0.106
10619,0.106
10620,0.106
10621,0.106
10622,0.106
10623,0.106
10624,0.106
10625,0.106
10626,0.106
10627,0.106
10628,0.106
10629,0.106
10630,0.106
10631,0.106
10632,0.106
10633,0.106
10634,0.106
10635,0.106
10636,0.106
10637,0.106
10638,0.106
10639,0.106
10640,0.106
10641,0.106
10642,0.106
10643,0.106
10644,0.106
10645,0.106
10646,0.106
10647,0.106
10648,0.106
10649,0.106
10650,0.106
10651,0.106
10652,0.106
10653,0.106
10654,0.106
10655,0.106
10656,0.106
10657,0.106
10658,0.106
10659,0.106
10660,0.106
10661,0.106
10662,0.106
10663,0.106
10664,0.106
10665,0.106
10666,0.106
10667,0.106
10668,0.106
10669,0.106
10670,0.106
10671,0.106
10672,0.106
10673,0.106
10674,0.106
10675,0.106
10676,0.106
10677,0.106
10678,0.106
10679,0.106
10680,0.106
10681,0.106
10682,0.106
10683,0.106
10684,0.106
10685,0.106
10686,0.106
10687,0.106
10688,0.106
10689,0.106
10690,0.106
10691,0.106
10692,0.106
10693,0.106
10694,0.106
10695,0.106
10696,0.106
10697,0.106
10698,0.106
10699,0.106
10700,0.106
10701,0.106
10702,0.106
10703,0.106
10704,0.106
10705,0.106
10706,0.106
10707,0.106
10708,0.106
10709,0.106
10710,0.106
10711,0.106
10712,0.106
10713,0.106
10714,0.106
10715,0.106
10716,0.106
10717,0.106
10718,0.106
10719,0.106
10720,0.106
10721,0.106
10722,0.106
10723,0.106
10724,0.106
10725,0.106
10726,0.106
10727,0.106
10728,0.106
10729,0.106
10730,0.106
10731,0.106
10732,0.106
10733,0.106
10734,0.106
10735,0.106
10736,0.106
10737,0.106
10738,0.106
10739,0.106
10740,0.106
10741,0.106
10742,0.106
10743,0.106
10744,0.106
10745,0.106
10746,0.106
10747,0.106
10748,0.106
10749,0.106
10750,0.106
10751,0.106
10752,0.106
10753,0.106
10754,0.106
10755,0.106
10756,0.106
10757,0.106
10758,0.106
10759,0.106
10760,0.106
10761,0.106
10762,0.106
10763,0.106
10764,0.106
10765,0.106
10766,0.106
10767,0.106
10768,0.106
10769,0.106
10770,0.106
10771,0.106
10772,0.106
10773,0.106
10774,0.106
10775,0.106
10776,0.106
10777,0.106
10778,0.106
10779,0.106
10780,0.106
10781,0.106
10782,0.106
10783,0.106
10784,0.106
10785,0.106
10786,0.106
10787,0.106
10788,0.106
10789,0.106
10790,0.106
10791,0.106
10792,0.106
10793,0.106
10794,0.106
10795,0.106
10796,0.106
10797,0.106
10798,0.106
10799,0.106
10800,0.106
0,0.14833333333333332
1,0.14833333333333332
2,0.14685185185185184
3,0.14537037037037037
4,0.14388888888888887
5,0.1424074074074074
6,0.14092592592592593
7,0.13944444444444445
8,0.13796296296296295
9,0.13648148148148148
10,0.135
11,0.135
12,0.135
13,0.135
14,0.135
15,0.135
16,0.135
17,0.135
18,0.135
19,0.135
20,0.135
21,0.135
22,0.135
23,0.135
24,0.135
25,0.135
26,0.135
27,0.135
28,0.135
29,0.135
30,0.135
31,0.135
32,0.135
33,0.135
34,0.135
35,0.135
36,0.135
37,0.135
38,0.135
39,0.135
40,0.135
41,0.135
42,0.135
43,0.135
44,0.135
45,0.135
46,0.135
47,0.135
48,0.135
49,0.135
50,0.135
51,0.135
52,0.135
53,0.135
54,0.135
55,0.135
56,0.135
57,0.135
58,0.135
59,0.135
60,0.135
61,0.135
62,0.135
63,0.135
64,0.135
65,0.135
66,0.135
67,0.135
68,0.135
69,0.135
70,0.135
71,0.135
72,0.135
73,0.135
74,0.135
75,0.135
76,0.135
77,0.135
78,0.135
79,0.135
80,0.135
81,0.135
82,0.135
83,0.135
84,0.135
85,0.135
86,0.135
87,0.135
88,0.135
89,0.135
90,0.135
91,0.135
92,0.135
93,0.135
94,0.135
95,0.135
96,0.135
97,0.135
98,0.135
99,0.135
100,0.135
101,0.135
102,0.135
103,0.135
104,0.135
105,0.135
106,0.135
107,0.135
108,0.135
109,0.135
110,0.135
111,0.135
112,0.135
113,0.135
114,0.135
115,0.135
116,0.135
117,0.135
118,0.135
119,0.135
120,0.135
121,0.135
122,0.135
123,0.135
124,0.135
125,0.135
126,0.135
127,0.135
128,0.135
129,0.135
130,0.135
131,0.135
132,0.135
133,0.135
134,0.135
135,0.135
136,0.135
137,0.135
138,0.135
139,0.135
140,0.135
141,0.135
142,0.135
143,0.135
144,0.135
145,0.135
146,0.135
147,0.135
148,0.135
149,0.135
150,0.135
151,0.135
152,0.135
153,0.135
154,0.135
155,0.135
156,0.135
157,0.135
158,0.135
159,0.135
160,0.135
161,0.135
162,0.135
163,0.135
164,0.135
165,0.135
166,0.135
167,0.135
168,0.135
169,0.135
170,0.135
171,0.135
172,0.135
173,0.135
174,0.135
175,0.135
176,0.135
177,0.135
178,0.135
179,0.135
180,0.135
181,0.135
182,0.135
183,0.135
184,0.135
185,0.135
186,0.135
187,0.135
188,0.135
189,0.135
190,0.135
191,0.135
192,0.135
193,0.135
194,0.135
195,0.135
196,0.135
197,0.135
198,0.135
199,0.135
200,0.135
201,0.135
202,0.135
203,0.135
204,0.13483333333333333
205,0.13466666666666668
206,0.1345
207,0.13433333333333333
208,0.13416666666666668
209,0.134
210,0.133
211,0.132
212,0.131
213,0.13
214,0.129
215,0.128
216,0.128
217,0.128
218,0.128
219,0.128
220,0.128
221,0.128
222,0.128
223,0.128
224,0.128
225,0.128
226,0.128
227,0.128
228,0.128
229,0.128
230,0.128
231,0.128
232,0.128
233,0.128
234,0.128
235,0.128
236,0.128
237,0.128
238,0.128
239,0.128
240,0.128
241,0.128
242,0.128
243,0.128
244,0.128
245,0.128
246,0.128
247,0.128
248,0.128
249,0.128
250,0.128
251,0.128
252,0.128
253,0.128
254,0.128
255,0.128
256,0.128
257,0.128
258,0.128
259,0.128
260,0.128
261,0.128
262,0.128
263,0.128
264,0.128
265,0.128
266,0.128
267,0.128
268,0.128
269,0.128
270,0.128
271,0.128
272,0.128
273,0.128
274,0.128
275,0.128
276,0.128
277,0.128
278,0.128
279,0.128
280,0.128
281,0.128
282,0.128
283,0.128
284,0.128
285,0.128
286,0.128
287,0.128
288,0.128
289,0.128
290,0.128
291,0.128
292,0.128
293,0.128
294,0.128
295,0.128
296,0.128
297,0.128
298,0.128
299,0.128
300,0.128
301,0.128
302,0.128
303,0.128
304,0.128
305,0.128
306,0.128
307,0.128
308,0.128
309,0.128
310,0.128
311,0.128
312,0.128
313,0.128
314,0.128
315,0.128
316,0.128
317,0.128
318,0.128
319,0.128
320,0.128
321,0.128
322,0.128
323,0.128
324,0.128
325,0.128
326,0.128
327,0.128
328,0.128
329,0.128
330,0.128
331,0.128
332,0.128
333,0.128
334,0.128
335,0.128
336,0.128
337,0.128
338,0.128
339,0.128
340,0.128
341,0.128
342,0.128
343,0.128
344,0.128
345,0.128
346,0.128
347,0.128
348,0.128
349,0.128
350,0.128
351,0.128
352,0.128
353,0.128
354,0.128
355,0.128
356,0.128
357,0.128
358,0.128
359,0.128
360,0.128
361,0.128
362,0.128
363,0.128
364,0.128
365,0.128
366,0.128
367,0.128
368,0.128
369,0.128
370,0.128
371,0.128
372,0.128
373,0.128
374,0.128
375,0.128
376,0.128
377,0.128
378,0.128
379,0.128
380,0.128
381,0.128
382,0.128
383,0.128
384,0.128
385,0.128
386,0.128
387,0.128
388,0.128
389,0.128
390,0.128
391,0.128
392,0.128
393,0.128
394,0.126
395,0.126
396,0.126
397,0.126
398,0.126
399,0.126
400,0.126
401,0.126
402,0.126
403,0.126
404,0.126
405,0.126
406,0.126
407,0.126
408,0.126
409,0.126
410,0.126
411,0.126
412,0.126
413,0.126
414,0.126
415,0.126
416,0.126
417,0.126
418,0.126
419,0.126
420,0.126
421,0.126
422,0.126
423,0.126
424,0.126
425,0.126
426,0.126
427,0.126
428,0.126
429,0.126
430,0.126
431,0.126
432,0.126
433,0.126
434,0.126
435,0.126
436,0.126
437,0.126
438,0.126
439,0.126
440,0.126
441,0.126
442,0.126
443,0.126
444,0.126
445,0.126
446,0.126
447,0.126
448,0.126
449,0.126
450,0.126
451,0.126
452,0.126
453,0.126
454,0.126
455,0.126
456,0.126
457,0.126
458,0.126
459,0.126
460,0.126
461,0.126
462,0.126
463,0.126
464,0.126
465,0.126
466,0.126
467,0.126
468,0.126
469,0.126
470,0.126
471,0.126
472,0.126
473,0.126
474,0.126
475,0.126
476,0.126
477,0.126
478,0.126
479,0.126
480,0.126
481,0.126
482,0.126
483,0.126
484,0.126
485,0.126
486,0.126
487,0.126
488,0.126
489,0.126
490,0.126
491,0.126
492,0.126
493,0.126
494,0.126
495,0.126
496,0.126
497,0.126
498,0.126
499,0.126
500,0.126
501,0.126
502,0.126
503,0.126
504,0.126
505,0.126
506,0.126
507,0.126
508,0.126
509,0.126
510,0.126
511,0.126
512,0.126
513,0.126
514,0.126
515,0.126
516,0.126
517,0.126
518,0.126
519,0.126
520,0.126
521,0.126
522,0.126
523,0.126
524,0.126
525,0.126
526,0.126
527,0.126
528,0.126
529,0.126
530,0.126
531,0.126
532,0.126
533,0.126
534,0.126
535,0.126
536,0.126
537,0.126
538,0.126
539,0.126
540,0.126
541,0.126
542,0.126
543,0.126
544,0.126
545,0.126
546,0.126
547,0.126
548,0.126
549,0.126
550,0.126
551,0.126
552,0.126
553,0.126
554,0.126
555,0.126
556,0.126
557,0.126
558,0.126
559,0.126
560,0.126
561,0.126
562,0.126
563,0.126
564,0.126
565,0.126
566,0.126
567,0.126
568,0.126
569,0.126
570,0.126
571,0.126
572,0.126
573,0.126
574,0.126
575,0.126
576,0.126
577,0.126
578,0.126
579,0.126
580,0.126
581,0.126
582,0.126
583,0.126
584,0.126
585,0.126
586,0.126
587,0.126
588,0.126
589,0.126
590,0.126
591,0.126
592,0.126
593,0.126
594,0.126
595,0.126
596,0.126
597,0.126
598,0.126
599,0.126
600,0.126
601,0.126
602,0.126
603,0.126
604,0.126
605,0.126
606,0.126
607,0.126
608,0.126
609,0.126
610,0.126
611,0.126
612,0.126
613,0.126
614,0.126
615,0.126
616,0.126
617,0.126
618,0.126
619,0.126
620,0.126
621,0.126
622,0.126
623,0.126
624,0.126
625,0.126
626,0.126
627,0.126
628,0.126
629,0.126
630,0.126
631,0.126
632,0.126
633,0.126
634,0.126
635,0.126
636,0.126
637,0.126
638,0.126
639,0.126
640,0.126
641,0.126
642,0.126
643,0.126
644,0.126
645,0.126
646,0.126
647,0.126
648,0.126
649,0.126
650,0.126
651,0.126
652,0.1255
653,0.125
654,0.1245
655,0.124
656,0.1235
657,0.123
658,0.1225
659,0.121625
660,0.12075
661,0.11987500000000001
662,0.11900000000000001
663,0.11900000000000001
664,0.11900000000000001
665,0.11900000000000001
666,0.11900000000000001
667,0.11900000000000001
668,0.11900000000000001
669,0.11900000000000001
670,0.11900000000000001
671,0.11900000000000001
672,0.11900000000000001
673,0.11900000000000001
674,0.11900000000000001
675,0.11900000000000001
676,0.11900000000000001
677,0.11900000000000001
678,0.11900000000000001
679,0.11900000000000001
680,0.11900000000000001
681,0.11900000000000001
682,0.11900000000000001
683,0.11900000000000001
684,0.11900000000000001
685,0.11900000000000001
686,0.11900000000000001
687,0.11900000000000001
688,0.11900000000000001
689,0.11900000000000001
690,0.11900000000000001
691,0.11900000000000001
692,0.11900000000000001
693,0.11900000000000001
694,0.11900000000000001
695,0.11900000000000001
696,0.11900000000000001
697,0.11900000000000001
698,0.11900000000000001
699,0.11900000000000001
700,0.11900000000000001
701,0.11900000000000001
702,0.11900000000000001
703,0.11900000000000001
704,0.11900000000000001
705,0.11900000000000001
706,0.11900000000000001
707,0.11900000000000001
708,0.11900000000000001
709,0.11900000000000001
710,0.11900000000000001
711,0.11900000000000001
712,0.11900000000000001
713,0.11900000000000001
714,0.11900000000000001
715,0.11900000000000001
716,0.11900000000000001
717,0.11900000000000001
718,0.11900000000000001
719,0.11900000000000001
720,0.11900000000000001
721,0.11900000000000001
722,0.11900000000000001
723,0.11900000000000001
724,0.11900000000000001
725,0.11900000000000001
726,0.11900000000000001
727,0.11900000000000001
728,0.11900000000000001
729,0.11900000000000001
730,0.11900000000000001
731,0.11900000000000001
732,0.11900000000000001
733,0.11900000000000001
734,0.11900000000000001
735,0.11900000000000001
736,0.11900000000000001
737,0.11900000000000001
738,0.11900000000000001
739,0.11900000000000001
740,0.11900000000000001
741,0.11900000000000001
742,0.11900000000000001
743,0.11900000000000001
744,0.11900000000000001
745,0.11900000000000001
746,0.11900000000000001
747,0.11900000000000001
748,0.11900000000000001
749,0.11900000000000001
750,0.11900000000000001
751,0.11900000000000001
752,0.11900000000000001
753,0.11900000000000001
754,0.11900000000000001
755,0.11900000000000001
756,0.11900000000000001
757,0.11900000000000001
758,0.11900000000000001
759,0.11900000000000001
760,0.11900000000000001
761,0.11900000000000001
762,0.11900000000000001
763,0.11900000000000001
764,0.11900000000000001
765,0.11900000000000001
766,0.11900000000000001
767,0.11900000000000001
768,0.11900000000000001
769,0.11900000000000001
770,0.11900000000000001
771,0.11900000000000001
772,0.11900000000000001
773,0.11900000000000001
774,0.11900000000000001
775,0.11900000000000001
776,0.11900000000000001
777,0.11900000000000001
778,0.11900000000000001
779,0.11900000000000001
780,0.11900000000000001
781,0.11900000000000001
782,0.11900000000000001
783,0.11900000000000001
784,0.11900000000000001
785,0.11900000000000001
786,0.11900000000000001
787,0.11900000000000001
788,0.11900000000000001
789,0.11900000000000001
790,0.11900000000000001
791,0.11900000000000001
792,0.11900000000000001
793,0.11900000000000001
794,0.11900000000000001
795,0.11900000000000001
796,0.11900000000000001
797,0.11900000000000001
798,0.11900000000000001
799,0.11900000000000001
800,0.11900000000000001
801,0.11900000000000001
802,0.11900000000000001
803,0.11900000000000001
804,0.11900000000000001
805,0.11900000000000001
806,0.11900000000000001
807,0.11900000000000001
808,0.11900000000000001
809,0.11900000000000001
810,0.11900000000000001
811,0.11900000000000001
812,0.11900000000000001
813,0.11900000000000001
814,0.11900000000000001
815,0.11900000000000001
816,0.11900000000000001
817,0.11900000000000001
818,0.11900000000000001
819,0.11900000000000001
820,0.11900000000000001
821,0.11900000000000001
822,0.11900000000000001
823,0.11900000000000001
824,0.11900000000000001
825,0.11900000000000001
826,0.11900000000000001
827,0.11900000000000001
828,0.11900000000000001
829,0.11900000000000001
830,0.11900000000000001
831,0.11900000000000001
832,0.11900000000000001
833,0.11900000000000001
834,0.11900000000000001
835,0.11900000000000001
836,0.11900000000000001
837,0.11900000000000001
838,0.11900000000000001
839,0.11900000000000001
840,0.11900000000000001
841,0.11900000000000001
842,0.11900000000000001
843,0.11900000000000001
844,0.11900000000000001
845,0.11900000000000001
846,0.11900000000000001
847,0.11900000000000001
848,0.11900000000000001
849,0.11900000000000001
850,0.11900000000000001
851,0.11900000000000001
852,0.11900000000000001
853,0.11900000000000001
854,0.11900000000000001
855,0.11900000000000001
856,0.11900000000000001
857,0.11900000000000001
858,0.11900000000000001
859,0.11900000000000001
860,0.11900000000000001
861,0.11900000000000001
862,0.11900000000000001
863,0.11900000000000001
864,0.11900000000000001
865,0.11900000000000001
866,0.11900000000000001
867,0.11900000000000001
868,0.11900000000000001
869,0.11900000000000001
870,0.11900000000000001
871,0.11900000000000001
872,0.11900000000000001
873,0.11900000000000001
874,0.11900000000000001
875,0.11900000000000001
876,0.11900000000000001
877,0.11900000000000001
878,0.11900000000000001
879,0.11900000000000001
880,0.11900000000000001
881,0.11900000000000001
882,0.11900000000000001
883,0.11900000000000001
884,0.11900000000000001
885,0.11900000000000001
886,0.11900000000000001
887,0.11900000000000001
888,0.11900000000000001
889,0.11900000000000001
890,0.11900000000000001
891,0.11900000000000001
892,0.11900000000000001
893,0.11900000000000001
894,0.11900000000000001
895,0.11900000000000001
896,0.11900000000000001
897,0.11900000000000001
898,0.11900000000000001
899,0.11900000000000001
900,0.11900000000000001
901,0.11900000000000001
902,0.11900000000000001
903,0.11900000000000001
904,0.11900000000000001
905,0.11900000000000001
906,0.11900000000000001
907,0.11900000000000001
908,0.11900000000000001
909,0.11900000000000001
910,0.11900000000000001
911,0.11900000000000001
912,0.11900000000000001
913,0.11900000000000001
914,0.11900000000000001
915,0.11900000000000001
916,0.11900000000000001
917,0.11900000000000001
918,0.11900000000000001
919,0.11900000000000001
920,0.11900000000000001
921,0.11900000000000001
922,0.11900000000000001
923,0.11900000000000001
924,0.11900000000000001
925,0.11900000000000001
926,0.11900000000000001
927,0.11900000000000001
928,0.11900000000000001
929,0.11900000000000001
930,0.11900000000000001
931,0.11900000000000001
932,0.11900000000000001
933,0.11900000000000001
934,0.11900000000000001
935,0.11900000000000001
936,0.11900000000000001
937,0.11900000000000001
938,0.11900000000000001
939,0.11900000000000001
940,0.11900000000000001
941,0.11900000000000001
942,0.11900000000000001
943,0.11900000000000001
944,0.11900000000000001
945,0.11900000000000001
946,0.11900000000000001
947,0.11900000000000001
948,0.11900000000000001
949,0.11900000000000001
950,0.11900000000000001
951,0.11900000000000001
952,0.11900000000000001
953,0.11900000000000001
954,0.11900000000000001
955,0.11900000000000001
956,0.11900000000000001
957,0.11900000000000001
958,0.11900000000000001
959,0.11900000000000001
960,0.11900000000000001
961,0.11900000000000001
962,0.11900000000000001
963,0.11900000000000001
964,0.11900000000000001
965,0.11900000000000001
966,0.11900000000000001
967,0.11900000000000001
968,0.11900000000000001
969,0.11900000000000001
970,0.11900000000000001
971,0.11900000000000001
972,0.11900000000000001
973,0.11900000000000001
974,0.11900000000000001
975,0.11900000000000001
976,0.11900000000000001
977,0.11900000000000001
978,0.11900000000000001
979,0.11900000000000001
980,0.11900000000000001
981,0.11900000000000001
982,0.11900000000000001
983,0.11900000000000001
984,0.11900000000000001
985,0.11900000000000001
986,0.11900000000000001
987,0.11900000000000001
988,0.11900000000000001
989,0.11900000000000001
990,0.11900000000000001
991,0.11900000000000001
992,0.11900000000000001
993,0.11900000000000001
994,0.11900000000000001
995,0.11900000000000001
996,0.11900000000000001
997,0.11900000000000001
998,0.11900000000000001
999,0.11900000000000001
1000,0.11900000000000001
1001,0.11900000000000001
1002,0.11900000000000001
1003,0.11900000000000001
1004,0.11900000000000001
1005,0.11900000000000001
1006,0.11900000000000001
1007,0.11900000000000001
1008,0.11900000000000001
1009,0.11900000000000001
1010,0.11900000000000001
1011,0.11900000000000001
1012,0.11900000000000001
1013,0.11900000000000001
1014,0.11900000000000001
1015,0.11900000000000001
1016,0.11900000000000001
1017,0.11900000000000001
1018,0.11900000000000001
1019,0.11900000000000001
1020,0.11900000000000001
1021,0.11900000000000001
1022,0.11900000000000001
1023,0.11900000000000001
1024,0.11900000000000001
1025,0.11900000000000001
1026,0.11900000000000001
1027,0.11900000000000001
1028,0.11900000000000001
1029,0.11900000000000001
1030,0.11900000000000001
1031,0.11900000000000001
1032,0.11900000000000001
1033,0.11900000000000001
1034,0.11900000000000001
1035,0.11900000000000001
1036,0.11900000000000001
1037,0.11900000000000001
1038,0.11900000000000001
1039,0.11900000000000001
1040,0.11900000000000001
1041,0.11900000000000001
1042,0.11900000000000001
1043,0.11900000000000001
1044,0.11900000000000001
1045,0.11900000000000001
1046,0.11900000000000001
1047,0.11900000000000001
1048,0.11900000000000001
1049,0.11900000000000001
1050,0.11900000000000001
1051,0.11900000000000001
1052,0.11900000000000001
1053,0.11900000000000001
1054,0.11900000000000001
1055,0.11900000000000001
1056,0.11900000000000001
1057,0.11900000000000001
1058,0.11900000000000001
1059,0.11900000000000001
1060,0.11900000000000001
1061,0.11900000000000001
1062,0.11900000000000001
1063,0.11900000000000001
1064,0.11900000000000001
1065,0.11900000000000001
1066,0.11900000000000001
1067,0.11900000000000001
1068,0.11900000000000001
1069,0.11900000000000001
1070,0.11900000000000001
1071,0.11900000000000001
1072,0.11900000000000001
1073,0.11900000000000001
1074,0.11900000000000001
1075,0.11900000000000001
1076,0.11900000000000001
1077,0.11900000000000001
1078,0.11900000000000001
1079,0.11900000000000001
1080,0.11900000000000001
1081,0.11900000000000001
1082,0.11900000000000001
1083,0.11900000000000001
1084,0.11900000000000001
1085,0.11900000000000001
1086,0.11900000000000001
1087,0.11900000000000001
1088,0.11900000000000001
1089,0.11900000000000001
1090,0.11900000000000001
1091,0.11900000000000001
1092,0.11900000000000001
1093,0.11900000000000001
1094,0.11900000000000001
1095,0.11900000000000001
1096,0.11900000000000001
1097,0.11900000000000001
1098,0.11900000000000001
1099,0.11900000000000001
1100,0.11900000000000001
1101,0.11900000000000001
1102,0.11900000000000001
1103,0.11900000000000001
1104,0.11888235294117648
1105,0.11876470588235295
1106,0.11864705882352942
1107,0.1185294117647059
1108,0.11841176470588236
1109,0.11829411764705883
1110,0.1181764705882353
1111,0.11805882352941177
1112,0.11794117647058824
1113,0.11782352941176472
1114,0.11770588235294119
1115,0.11758823529411766
1116,0.11747058823529412
1117,0.11735294117647059
1118,0.11723529411764706
1119,0.11711764705882353
1120,0.117
1121,0.1167857142857143
1122,0.11657142857142858
1123,0.11635714285714287
1124,0.11614285714285714
1125,0.11592857142857144
1126,0.11571428571428571
1127,0.1155
1128,0.1152857142857143
1129,0.11507142857142857
1130,0.11485714285714287
1131,0.11464285714285714
1132,0.11442857142857144
1133,0.11421428571428571
1134,0.114
1135,0.114
1136,0.114
1137,0.114
1138,0.114
1139,0.114
1140,0.114
1141,0.114
1142,0.114
1143,0.114
1144,0.114
1145,0.114
1146,0.114
1147,0.114
1148,0.114
1149,0.114
1150,0.114
1151,0.114
1152,0.114
1153,0.114
1154,0.114
1155,0.114
1156,0.114
1157,0.114
1158,0.114
1159,0.114
1160,0.114
1161,0.114
1162,0.114
1163,0.114
1164,0.114
1165,0.114
1166,0.114
1167,0.114
1168,0.114
1169,0.114
1170,0.114
1171,0.114
1172,0.114
1173,0.114
1174,0.114
1175,0.114
1176,0.114
1177,0.114
1178,0.114
1179,0.114
1180,0.114
1181,0.114
1182,0.114
1183,0.114
1184,0.114
1185,0.114
1186,0.114
1187,0.114
1188,0.114
1189,0.114
1190,0.114
1191,0.114
1192,0.114
1193,0.114
1194,0.114
1195,0.114
1196,0.114
1197,0.114
1198,0.114
1199,0.114
1200,0.114
1201,0.114
1202,0.114
1203,0.114
1204,0.114
1205,0.114
1206,0.114
1207,0.114
1208,0.114
1209,0.114
1210,0.114
1211,0.114
1212,0.114
1213,0.114
1214,0.114
1215,0.114
1216,0.114
1217,0.114
1218,0.114
1219,0.114
1220,0.114
1221,0.114
1222,0.114
1223,0.114
1224,0.114
1225,0.114
1226,0.114
1227,0.114
1228,0.114
1229,0.114
1230,0.114
1231,0.114
1232,0.114
1233,0.114
1234,0.114
1235,0.114
1236,0.114
1237,0.114
1238,0.114
1239,0.114
1240,0.114
1241,0.114
1242,0.114
1243,0.114
1244,0.114
1245,0.114
1246,0.114
1247,0.114
1248,0.114
1249,0.114
1250,0.114
1251,0.114
1252,0.114
1253,0.114
1254,0.114
1255,0.114
1256,0.114
1257,0.114
1258,0.114
1259,0.114
1260,0.114
1261,0.114
1262,0.114
1263,0.114
1264,0.114
1265,0.114
1266,0.114
1267,0.114
1268,0.114
1269,0.114
1270,0.114
1271,0.114
1272,0.114
1273,0.114
1274,0.114
1275,0.114
1276,0.114
1277,0.114
1278,0.114
1279,0.114
1280,0.114
1281,0.114
1282,0.114
1283,0.114
1284,0.114
1285,0.114
1286,0.114
1287,0.114
1288,0.114
1289,0.114
1290,0.114
1291,0.114
1292,0.114
1293,0.114
1294,0.114
1295,0.114
1296,0.114
1297,0.114
1298,0.114
1299,0.114
1300,0.114
1301,0.114
1302,0.114
1303,0.114
1304,0.114
1305,0.114
1306,0.114
1307,0.114
1308,0.114
1309,0.114
1310,0.114
1311,0.114
1312,0.114
1313,0.114
1314,0.114
1315,0.114
1316,0.114
1317,0.114
1318,0.114
1319,0.114
1320,0.114
1321,0.114
1322,0.114
1323,0.114
1324,0.114
1325,0.114
1326,0.114
1327,0.114
1328,0.114
1329,0.114
1330,0.114
1331,0.114
1332,0.114
1333,0.114
1334,0.114
1335,0.114
1336,0.114
1337,0.114
1338,0.114
1339,0.114
1340,0.114
1341,0.114
1342,0.114
1343,0.114
1344,0.114
1345,0.114
1346,0.114
1347,0.114
1348,0.114
1349,0.114
1350,0.114
1351,0.114
1352,0.114
1353,0.114
1354,0.114
1355,0.114
1356,0.114
1357,0.114
1358,0.114
1359,0.114
1360,0.114
1361,0.114
1362,0.114
1363,0.114
1364,0.114
1365,0.114
1366,0.114
1367,0.114
1368,0.114
1369,0.114
1370,0.114
1371,0.114
1372,0.114
1373,0.114
1374,0.114
1375,0.114
1376,0.114
1377,0.114
1378,0.114
1379,0.114
1380,0.114
1381,0.114
1382,0.114
1383,0.114
1384,0.114
1385,0.114
1386,0.114
1387,0.114
1388,0.114
1389,0.114
1390,0.114
1391,0.114
1392,0.114
1393,0.114
1394,0.114
1395,0.114
1396,0.114
1397,0.114
1398,0.114
1399,0.114
1400,0.114
1401,0.114
1402,0.114
1403,0.114
1404,0.114
1405,0.114
1406,0.114
1407,0.114
1408,0.114
1409,0.114
1410,0.114
1411,0.114
1412,0.114
1413,0.114
1414,0.114
1415,0.114
1416,0.114
1417,0.114
1418,0.114
1419,0.114
1420,0.114
1421,0.114
1422,0.114
1423,0.114
1424,0.114
1425,0.114
1426,0.114
1427,0.114
1428,0.114
1429,0.114
1430,0.114
1431,0.114
1432,0.114
1433,0.114
1434,0.114
1435,0.114
1436,0.114
1437,0.114
1438,0.114
1439,0.114
1440,0.114
1441,0.114
1442,0.114
1443,0.114
1444,0.114
1445,0.114
1446,0.114
1447,0.114
1448,0.114
1449,0.114
1450,0.114
1451,0.114
1452,0.114
1453,0.114
1454,0.114
1455,0.114
1456,0.114
1457,0.114
1458,0.114
1459,0.114
1460,0.114
1461,0.114
1462,0.114
1463,0.114
1464,0.114
1465,0.114
1466,0.114
1467,0.114
1468,0.114
1469,0.114
1470,0.114
1471,0.114
1472,0.114
1473,0.114
1474,0.114
1475,0.114
1476,0.114
1477,0.114
1478,0.114
1479,0.114
1480,0.114
1481,0.114
1482,0.114
1483,0.114
1484,0.114
1485,0.114
1486,0.114
1487,0.114
1488,0.114
1489,0.114
1490,0.114
1491,0.114
1492,0.114
1493,0.114
1494,0.114
1495,0.114
1496,0.114
1497,0.114
1498,0.114
1499,0.114
1500,0.114
1501,0.114
1502,0.114
1503,0.114
1504,0.114
1505,0.114
1506,0.114
1507,0.114
1508,0.114
1509,0.114
1510,0.114
1511,0.114
1512,0.114
1513,0.114
1514,0.114
1515,0.114
1516,0.114
1517,0.114
1518,0.114
1519,0.114
1520,0.114
1521,0.114
1522,0.114
1523,0.114
1524,0.114
1525,0.114
1526,0.114
1527,0.114
1528,0.114
1529,0.114
1530,0.114
1531,0.114
1532,0.114
1533,0.114
1534,0.114
1535,0.114
1536,0.114
1537,0.114
1538,0.114
1539,0.114
1540,0.114
1541,0.114
1542,0.114
1543,0.114
1544,0.114
1545,0.114
1546,0.114
1547,0.114
1548,0.114
1549,0.114
1550,0.114
1551,0.114
1552,0.114
1553,0.114
1554,0.114
1555,0.114
1556,0.114
1557,0.114
1558,0.114
1559,0.114
1560,0.114
1561,0.114
1562,0.114
1563,0.114
1564,0.114
1565,0.114
1566,0.114
1567,0.114
1568,0.114
1569,0.114
1570,0.114
1571,0.114
1572,0.114
1573,0.114
1574,0.114
1575,0.114
1576,0.114
1577,0.114
1578,0.114
1579,0.114
1580,0.114
1581,0.114
1582,0.114
1583,0.114
1584,0.114
1585,0.114
1586,0.114
1587,0.114
1588,0.114
1589,0.114
1590,0.114
1591,0.114
1592,0.114
1593,0.114
1594,0.114
1595,0.114
1596,0.114
1597,0.114
1598,0.114
1599,0.114
1600,0.114
1601,0.114
1602,0.114
1603,0.114
1604,0.114
1605,0.114
1606,0.114
1607,0.114
1608,0.114
1609,0.114
1610,0.114
1611,0.114
1612,0.114
1613,0.114
1614,0.114
1615,0.114
1616,0.114
1617,0.114
1618,0.114
1619,0.114
1620,0.114
1621,0.114
1622,0.114
1623,0.114
1624,0.114
1625,0.114
1626,0.114
1627,0.114
1628,0.114
1629,0.114
1630,0.114
1631,0.114
1632,0.114
1633,0.114
1634,0.114
1635,0.114
1636,0.114
1637,0.114
1638,0.114
1639,0.114
1640,0.114
1641,0.114
1642,0.114
1643,0.114
1644,0.114
1645,0.114
1646,0.114
1647,0.114
1648,0.114
1649,0.114
1650,0.114
1651,0.114
1652,0.114
1653,0.114
1654,0.114
1655,0.114
1656,0.114
1657,0.114
1658,0.114
1659,0.114
1660,0.114
1661,0.114
1662,0.114
1663,0.114
1664,0.114
1665,0.114
1666,0.114
1667,0.114
1668,0.114
1669,0.114
1670,0.114
1671,0.114
1672,0.114
1673,0.114
1674,0.114
1675,0.114
1676,0.114
1677,0.114
1678,0.114
1679,0.114
1680,0.114
1681,0.114
1682,0.114
1683,0.114
1684,0.114
1685,0.114
1686,0.114
1687,0.114
1688,0.114
1689,0.114
1690,0.114
1691,0.114
1692,0.114
1693,0.114
1694,0.114
1695,0.114
1696,0.114
1697,0.114
1698,0.114
1699,0.114
1700,0.114
1701,0.114
1702,0.114
1703,0.114
1704,0.114
1705,0.114
1706,0.114
1707,0.114
1708,0.114
1709,0.114
1710,0.114
1711,0.114
1712,0.114
1713,0.114
1714,0.114
1715,0.114
1716,0.114
1717,0.114
1718,0.114
1719,0.114
1720,0.114
1721,0.114
1722,0.114
1723,0.114
1724,0.114
1725,0.114
1726,0.114
1727,0.114
1728,0.114
1729,0.114
1730,0.114
1731,0.114
1732,0.114
1733,0.114
1734,0.114
1735,0.114
1736,0.114
1737,0.114
1738,0.114
1739,0.114
1740,0.114
1741,0.114
1742,0.114
1743,0.114
1744,0.114
1745,0.114
1746,0.114
1747,0.114
1748,0.114
1749,0.114
1750,0.114
1751,0.114
1752,0.114
1753,0.114
1754,0.114
1755,0.114
1756,0.114
1757,0.114
1758,0.114
1759,0.114
1760,0.114
1761,0.114
1762,0.114
1763,0.114
1764,0.114
1765,0.114
1766,0.114
1767,0.114
1768,0.114
1769,0.114
1770,0.114
1771,0.114
1772,0.114
1773,0.114
1774,0.114
1775,0.114
1776,0.114
1777,0.114
1778,0.114
1779,0.114
1780,0.114
1781,0.114
1782,0.114
1783,0.114
1784,0.114
1785,0.114
1786,0.114
1787,0.114
1788,0.114
1789,0.114
1790,0.114
1791,0.114
1792,0.114
1793,0.114
1794,0.114
1795,0.114
1796,0.114
1797,0.114
1798,0.114
1799,0.114
1800,0.114
1801,0.114
1802,0.114
1803,0.114
1804,0.114
1805,0.114
1806,0.114
1807,0.114
1808,0.114
1809,0.114
1810,0.114
1811,0.114
1812,0.114
1813,0.114
1814,0.114
1815,0.114
1816,0.114
1817,0.114
1818,0.114
1819,0.114
1820,0.114
1821,0.114
1822,0.114
1823,0.114
1824,0.114
1825,0.114
1826,0.114
1827,0.114
1828,0.114
1829,0.114
1830,0.114
1831,0.114
1832,0.114
1833,0.114
1834,0.114
1835,0.114
1836,0.114
1837,0.114
1838,0.114
1839,0.114
1840,0.114
1841,0.114
1842,0.114
1843,0.114
1844,0.114
1845,0.114
1846,0.114
1847,0.114
1848,0.114
1849,0.114
1850,0.114
1851,0.114
1852,0.114
1853,0.114
1854,0.114
1855,0.114
1856,0.114
1857,0.114
1858,0.114
1859,0.114
1860,0.114
1861,0.114
1862,0.114
1863,0.114
1864,0.114
1865,0.114
1866,0.114
1867,0.114
1868,0.114
1869,0.114
1870,0.114
1871,0.114
1872,0.114
1873,0.114
1874,0.114
1875,0.114
1876,0.114
1877,0.114
1878,0.114
1879,0.114
1880,0.114
1881,0.114
1882,0.114
1883,0.114
1884,0.114
1885,0.114
1886,0.114
1887,0.114
1888,0.114
1889,0.114
1890,0.114
1891,0.114
1892,0.114
1893,0.114
1894,0.114
1895,0.114
1896,0.114
1897,0.114
1898,0.114
1899,0.114
1900,0.114
1901,0.114
1902,0.114
1903,0.114
1904,0.114
1905,0.114
1906,0.114
1907,0.114
1908,0.114
1909,0.114
1910,0.114
1911,0.114
1912,0.114
1913,0.114
1914,0.114
1915,0.114
1916,0.114
1917,0.114
1918,0.114
1919,0.114
1920,0.114
1921,0.114
1922,0.114
1923,0.114
1924,0.114
1925,0.114
1926,0.114
1927,0.114
1928,0.114
1929,0.114
1930,0.114
1931,0.114
1932,0.114
1933,0.114
1934,0.114
1935,0.114
1936,0.114
1937,0.114
1938,0.114
1939,0.114
1940,0.114
1941,0.114
1942,0.114
1943,0.114
1944,0.114
1945,0.114
1946,0.114
1947,0.114
1948,0.114
1949,0.114
1950,0.114
1951,0.114
1952,0.114
1953,0.114
1954,0.114
1955,0.114
1956,0.114
1957,0.114
1958,0.114
1959,0.114
1960,0.114
1961,0.114
1962,0.114
1963,0.114
1964,0.114
1965,0.114
1966,0.114
1967,0.114
1968,0.114
1969,0.114
1970,0.114
1971,0.114
1972,0.114
1973,0.114
1974,0.114
1975,0.114
1976,0.114
1977,0.114
1978,0.114
1979,0.114
1980,0.114
1981,0.114
1982,0.114
1983,0.114
1984,0.114
1985,0.114
1986,0.114
1987,0.114
1988,0.114
1989,0.114
1990,0.114
1991,0.114
1992,0.114
1993,0.114
1994,0.114
1995,0.114
1996,0.114
1997,0.114
1998,0.114
1999,0.114
2000,0.114
2001,0.114
2002,0.114
2003,0.114
2004,0.114
2005,0.114
2006,0.114
2007,0.114
2008,0.114
2009,0.114
2010,0.114
2011,0.114
2012,0.114
2013,0.114
2014,0.114
2015,0.114
2016,0.114
2017,0.114
2018,0.114
2019,0.114
2020,0.114
2021,0.114
2022,0.114
2023,0.114
2024,0.114
2025,0.114
2026,0.114
2027,0.114
2028,0.114
2029,0.114
2030,0.114
2031,0.114
2032,0.114
2033,0.114
2034,0.114
2035,0.114
2036,0.114
2037,0.114
2038,0.114
2039,0.114
2040,0.114
2041,0.114
2042,0.114
2043,0.114
2044,0.114
2045,0.114
2046,0.114
2047,0.114
2048,0.114
2049,0.114
2050,0.114
2051,0.114
2052,0.114
2053,0.114
2054,0.114
2055,0.114
2056,0.114
2057,0.114
2058,0.114
2059,0.114
2060,0.114
2061,0.114
2062,0.114
2063,0.114
2064,0.114
2065,0.114
2066,0.114
2067,0.114
2068,0.114
2069,0.114
2070,0.114
2071,0.114
2072,0.114
2073,0.114
2074,0.114
2075,0.114
2076,0.114
2077,0.114
2078,0.114
2079,0.114
2080,0.114
2081,0.114
2082,0.114
2083,0.114
2084,0.114
2085,0.114
2086,0.114
2087,0.114
2088,0.114
2089,0.114
2090,0.114
2091,0.114
2092,0.114
2093,0.114
2094,0.114
2095,0.114
2096,0.114
2097,0.114
2098,0.114
2099,0.114
2100,0.114
2101,0.114
2102,0.114
2103,0.114
2104,0.114
2105,0.114
2106,0.114
2107,0.114
2108,0.114
2109,0.114
2110,0.114
2111,0.114
2112,0.114
2113,0.114
2114,0.114
2115,0.114
2116,0.114
2117,0.114
2118,0.114
2119,0.114
2120,0.114
2121,0.114
2122,0.114
2123,0.114
2124,0.114
2125,0.114
2126,0.114
2127,0.114
2128,0.114
2129,0.114
2130,0.114
2131,0.114
2132,0.114
2133,0.114
2134,0.114
2135,0.114
2136,0.114
2137,0.114
2138,0.114
2139,0.114
2140,0.114
2141,0.114
2142,0.114
2143,0.114
2144,0.114
2145,0.114
2146,0.114
2147,0.114
2148,0.114
2149,0.114
2150,0.114
2151,0.114
2152,0.114
2153,0.114
2154,0.114
2155,0.114
2156,0.114
2157,0.114
2158,0.114
2159,0.114
2160,0.114
2161,0.114
2162,0.114
2163,0.114
2164,0.114
2165,0.114
2166,0.114
2167,0.114
2168,0.114
2169,0.114
2170,0.114
2171,0.114
2172,0.114
2173,0.114
2174,0.114
2175,0.114
2176,0.114
2177,0.114
2178,0.114
2179,0.114
2180,0.114
2181,0.114
2182,0.114
2183,0.114
2184,0.114
2185,0.114
2186,0.114
2187,0.114
2188,0.114
2189,0.114
2190,0.114
2191,0.114
2192,0.114
2193,0.114
2194,0.114
2195,0.114
2196,0.114
2197,0.114
2198,0.114
2199,0.114
2200,0.114
2201,0.114
2202,0.114
2203,0.114
2204,0.114
2205,0.114
2206,0.114
2207,0.114
2208,0.114
2209,0.114
2210,0.114
2211,0.114
2212,0.114
2213,0.114
2214,0.114
2215,0.114
2216,0.114
2217,0.114
2218,0.114
2219,0.114
2220,0.114
2221,0.114
2222,0.114
2223,0.114
2224,0.114
2225,0.114
2226,0.114
2227,0.114
2228,0.114
2229,0.114
2230,0.114
2231,0.114
2232,0.114
2233,0.114
2234,0.114
2235,0.114
2236,0.114
2237,0.114
2238,0.114
2239,0.114
2240,0.114
2241,0.114
2242,0.114
2243,0.114
2244,0.114
2245,0.114
2246,0.114
2247,0.114
2248,0.114
2249,0.114
2250,0.114
2251,0.114
2252,0.114
2253,0.114
2254,0.114
2255,0.114
2256,0.114
2257,0.114
2258,0.114
2259,0.114
2260,0.114
2261,0.114
2262,0.114
2263,0.114
2264,0.114
2265,0.114
2266,0.114
2267,0.114
2268,0.114
2269,0.114
2270,0.114
2271,0.114
2272,0.114
2273,0.114
2274,0.114
2275,0.114
2276,0.114
2277,0.114
2278,0.114
2279,0.114
2280,0.114
2281,0.114
2282,0.114
2283,0.114
2284,0.114
2285,0.114
2286,0.114
2287,0.114
2288,0.114
2289,0.114
2290,0.114
2291,0.114
2292,0.114
2293,0.114
2294,0.114
2295,0.114
2296,0.114
2297,0.114
2298,0.114
2299,0.114
2300,0.114
2301,0.114
2302,0.114
2303,0.114
2304,0.114
2305,0.114
2306,0.114
2307,0.114
2308,0.114
2309,0.114
2310,0.114
2311,0.114
2312,0.114
2313,0.114
2314,0.114
2315,0.114
2316,0.114
2317,0.114
2318,0.114
2319,0.114
2320,0.114
2321,0.114
2322,0.114
2323,0.114
2324,0.114
2325,0.114
2326,0.114
2327,0.114
2328,0.114
2329,0.114
2330,0.114
2331,0.114
2332,0.114
2333,0.114
2334,0.114
2335,0.114
2336,0.114
2337,0.114
2338,0.114
2339,0.114
2340,0.114
2341,0.114
2342,0.114
2343,0.114
2344,0.114
2345,0.114
2346,0.114
2347,0.114
2348,0.114
2349,0.114
2350,0.114
2351,0.114
2352,0.114
2353,0.114
2354,0.114
2355,0.114
2356,0.114
2357,0.114
2358,0.114
2359,0.114
2360,0.114
2361,0.114
2362,0.114
2363,0.114
2364,0.114
2365,0.114
2366,0.114
2367,0.114
2368,0.114
2369,0.114
2370,0.114
2371,0.114
2372,0.114
2373,0.114
2374,0.114
2375,0.114
2376,0.114
2377,0.114
2378,0.114
2379,0.114
2380,0.114
2381,0.114
2382,0.114
2383,0.114
2384,0.114
2385,0.114
2386,0.114
2387,0.114
2388,0.114
2389,0.114
2390,0.114
2391,0.114
2392,0.114
2393,0.114
2394,0.114
2395,0.114
2396,0.114
2397,0.114
2398,0.114
2399,0.114
2400,0.114
2401,0.114
2402,0.114
2403,0.114
2404,0.114
2405,0.114
2406,0.114
2407,0.114
2408,0.114
2409,0.114
2410,0.114
2411,0.114
2412,0.114
2413,0.114
2414,0.114
2415,0.114
2416,0.114
2417,0.114
2418,0.114
2419,0.114
2420,0.114
2421,0.114
2422,0.114
2423,0.114
2424,0.114
2425,0.114
2426,0.114
2427,0.114
2428,0.114
2429,0.114
2430,0.114
2431,0.114
2432,0.114
2433,0.114
2434,0.114
2435,0.114
2436,0.114
2437,0.114
2438,0.114
2439,0.114
2440,0.114
2441,0.114
2442,0.114
2443,0.114
2444,0.114
2445,0.114
2446,0.114
2447,0.114
2448,0.114
2449,0.114
2450,0.114
2451,0.114
2452,0.114
2453,0.114
2454,0.114
2455,0.114
2456,0.114
2457,0.114
2458,0.114
2459,0.114
2460,0.114
2461,0.114
2462,0.114
2463,0.114
2464,0.114
2465,0.114
2466,0.114
2467,0.114
2468,0.114
2469,0.114
2470,0.114
2471,0.114
2472,0.114
2473,0.114
2474,0.114
2475,0.114
2476,0.114
2477,0.114
2478,0.114
2479,0.114
2480,0.114
2481,0.114
2482,0.114
2483,0.114
2484,0.114
2485,0.114
2486,0.114
2487,0.114
2488,0.114
2489,0.114
2490,0.114
2491,0.114
2492,0.114
2493,0.114
2494,0.114
2495,0.114
2496,0.114
2497,0.114
2498,0.114
2499,0.114
2500,0.114
2501,0.114
2502,0.114
2503,0.114
2504,0.114
2505,0.114
2506,0.114
2507,0.114
2508,0.114
2509,0.114
2510,0.114
2511,0.114
2512,0.114
2513,0.114
2514,0.114
2515,0.114
2516,0.114
2517,0.114
2518,0.114
2519,0.114
2520,0.114
2521,0.114
2522,0.114
2523,0.114
2524,0.114
2525,0.114
2526,0.114
2527,0.114
2528,0.114
2529,0.114
2530,0.114
2531,0.114
2532,0.114
2533,0.114
2534,0.114
2535,0.114
2536,0.114
2537,0.114
2538,0.114
2539,0.114
2540,0.114
2541,0.114
2542,0.114
2543,0.114
2544,0.114
2545,0.114
2546,0.114
2547,0.114
2548,0.114
2549,0.114
2550,0.114
2551,0.114
2552,0.114
2553,0.114
2554,0.114
2555,0.114
2556,0.114
2557,0.114
2558,0.114
2559,0.114
2560,0.114
2561,0.114
2562,0.114
2563,0.114
2564,0.114
2565,0.114
2566,0.114
2567,0.114
2568,0.114
2569,0.114
2570,0.114
2571,0.114
2572,0.114
2573,0.114
2574,0.114
2575,0.114
2576,0.114
2577,0.114
2578,0.114
2579,0.114
2580,0.114
2581,0.114
2582,0.114
2583,0.114
2584,0.114
2585,0.114
2586,0.114
2587,0.114
2588,0.114
2589,0.114
2590,0.114
2591,0.114
2592,0.114
2593,0.114
2594,0.114
2595,0.114
2596,0.114
2597,0.114
2598,0.114
2599,0.114
2600,0.114
2601,0.114
2602,0.114
2603,0.114
2604,0.114
2605,0.114
2606,0.114
2607,0.114
2608,0.114
2609,0.114
2610,0.114
2611,0.114
2612,0.114
2613,0.114
2614,0.114
2615,0.114
2616,0.114
2617,0.114
2618,0.114
2619,0.114
2620,0.114
2621,0.114
2622,0.114
2623,0.114
2624,0.114
2625,0.114
2626,0.114
2627,0.114
2628,0.114
2629,0.114
2630,0.114
2631,0.114
2632,0.114
2633,0.114
2634,0.114
2635,0.114
2636,0.114
2637,0.114
2638,0.114
2639,0.114
2640,0.114
2641,0.114
2642,0.114
2643,0.114
2644,0.114
2645,0.114
2646,0.114
2647,0.114
2648,0.114
2649,0.114
2650,0.114
2651,0.114
2652,0.114
2653,0.114
2654,0.114
2655,0.114
2656,0.114
2657,0.114
2658,0.114
2659,0.114
2660,0.114
2661,0.114
2662,0.114
2663,0.114
2664,0.114
2665,0.114
2666,0.114
2667,0.114
2668,0.114
2669,0.114
2670,0.114
2671,0.114
2672,0.114
2673,0.114
2674,0.114
2675,0.114
2676,0.114
2677,0.114
2678,0.114
2679,0.114
2680,0.114
2681,0.114
2682,0.114
2683,0.114
2684,0.114
2685,0.114
2686,0.114
2687,0.114
2688,0.114
2689,0.114
2690,0.114
2691,0.114
2692,0.114
2693,0.114
2694,0.114
2695,0.114
2696,0.114
2697,0.114
2698,0.114
2699,0.114
2700,0.114
2701,0.114
2702,0.114
2703,0.114
2704,0.114
2705,0.114
2706,0.114
2707,0.114
2708,0.114
2709,0.114
2710,0.114
2711,0.114
2712,0.114
2713,0.114
2714,0.114
2715,0.114
2716,0.114
2717,0.114
2718,0.114
2719,0.114
2720,0.114
2721,0.114
2722,0.114
2723,0.114
2724,0.114
2725,0.114
2726,0.114
2727,0.114
2728,0.114
2729,0.114
2730,0.114
2731,0.114
2732,0.114
2733,0.114
2734,0.114
2735,0.114
2736,0.114
2737,0.114
2738,0.114
2739,0.114
2740,0.114
2741,0.114
2742,0.114
2743,0.114
2744,0.114
2745,0.114
2746,0.114
2747,0.114
2748,0.114
2749,0.114
2750,0.114
2751,0.114
2752,0.114
2753,0.114
2754,0.114
2755,0.114
2756,0.114
2757,0.114
2758,0.114
2759,0.114
2760,0.114
2761,0.114
2762,0.114
2763,0.114
2764,0.114
2765,0.114
2766,0.114
2767,0.114
2768,0.114
2769,0.114
2770,0.114
2771,0.114
2772,0.114
2773,0.114
2774,0.114
2775,0.114
2776,0.114
2777,0.114
2778,0.114
2779,0.114
2780,0.114
2781,0.114
2782,0.114
2783,0.114
2784,0.114
2785,0.114
2786,0.114
2787,0.114
2788,0.114
2789,0.114
2790,0.114
2791,0.114
2792,0.114
2793,0.114
2794,0.114
2795,0.114
2796,0.114
2797,0.114
2798,0.114
2799,0.114
2800,0.114
2801,0.114
2802,0.114
2803,0.114
2804,0.114
2805,0.114
2806,0.114
2807,0.114
2808,0.114
2809,0.114
2810,0.114
2811,0.114
2812,0.114
2813,0.114
2814,0.114
2815,0.114
2816,0.114
2817,0.114
2818,0.114
2819,0.114
2820,0.114
2821,0.114
2822,0.114
2823,0.114
2824,0.114
2825,0.114
2826,0.114
2827,0.114
2828,0.114
2829,0.114
2830,0.114
2831,0.114
2832,0.114
2833,0.114
2834,0.114
2835,0.114
2836,0.114
2837,0.114
2838,0.114
2839,0.114
2840,0.114
2841,0.114
2842,0.114
2843,0.114
2844,0.114
2845,0.114
2846,0.114
2847,0.114
2848,0.114
2849,0.114
2850,0.114
2851,0.114
2852,0.114
2853,0.114
2854,0.114
2855,0.114
2856,0.114
2857,0.114
2858,0.114
2859,0.114
2860,0.114
2861,0.114
2862,0.114
2863,0.114
2864,0.114
2865,0.114
2866,0.114
2867,0.114
2868,0.114
2869,0.114
2870,0.114
2871,0.114
2872,0.114
2873,0.114
2874,0.114
2875,0.114
2876,0.114
2877,0.114
2878,0.114
2879,0.114
2880,0.114
2881,0.114
2882,0.114
2883,0.114
2884,0.114
2885,0.114
2886,0.114
2887,0.114
2888,0.114
2889,0.114
2890,0.114
2891,0.114
2892,0.114
2893,0.114
2894,0.114
2895,0.114
2896,0.114
2897,0.114
2898,0.114
2899,0.114
2900,0.114
2901,0.114
2902,0.114
2903,0.114
2904,0.114
2905,0.114
2906,0.114
2907,0.114
2908,0.114
2909,0.114
2910,0.114
2911,0.114
2912,0.114
2913,0.114
2914,0.114
2915,0.114
2916,0.114
2917,0.114
2918,0.114
2919,0.114
2920,0.114
2921,0.114
2922,0.114
2923,0.114
2924,0.114
2925,0.114
2926,0.114
2927,0.114
2928,0.114
2929,0.114
2930,0.114
2931,0.114
2932,0.114
2933,0.114
2934,0.114
2935,0.114
2936,0.114
2937,0.114
2938,0.114
2939,0.114
2940,0.114
2941,0.114
2942,0.114
2943,0.114
2944,0.114
2945,0.114
2946,0.114
2947,0.114
2948,0.114
2949,0.114
2950,0.114
2951,0.114
2952,0.114
2953,0.114
2954,0.114
2955,0.114
2956,0.114
2957,0.114
2958,0.114
2959,0.114
2960,0.114
2961,0.114
2962,0.114
2963,0.114
2964,0.114
2965,0.114
2966,0.114
2967,0.114
2968,0.114
2969,0.114
2970,0.114
2971,0.114
2972,0.114
2973,0.114
2974,0.114
2975,0.114
2976,0.114
2977,0.114
2978,0.114
2979,0.114
2980,0.114
2981,0.114
2982,0.114
2983,0.114
2984,0.114
2985,0.114
2986,0.114
2987,0.114
2988,0.114
2989,0.114
2990,0.114
2991,0.114
2992,0.114
2993,0.114
2994,0.114
2995,0.114
2996,0.114
2997,0.114
2998,0.114
2999,0.114
3000,0.114
3001,0.114
3002,0.114
3003,0.114
3004,0.114
3005,0.114
3006,0.114
3007,0.114
3008,0.114
3009,0.114
3010,0.114
3011,0.114
3012,0.114
3013,0.114
3014,0.114
3015,0.114
3016,0.114
3017,0.114
3018,0.114
3019,0.114
3020,0.114
3021,0.114
3022,0.114
3023,0.114
3024,0.114
3025,0.114
3026,0.114
3027,0.114
3028,0.114
3029,0.114
3030,0.114
3031,0.114
3032,0.114
3033,0.114
3034,0.114
3035,0.114
3036,0.114
3037,0.114
3038,0.114
3039,0.114
3040,0.114
3041,0.114
3042,0.114
3043,0.114
3044,0.114
3045,0.114
3046,0.114
3047,0.114
3048,0.114
3049,0.114
3050,0.114
3051,0.114
3052,0.114
3053,0.114
3054,0.114
3055,0.114
3056,0.114
3057,0.114
3058,0.114
3059,0.114
3060,0.114
3061,0.114
3062,0.114
3063,0.114
3064,0.114
3065,0.114
3066,0.114
3067,0.114
3068,0.114
3069,0.114
3070,0.114
3071,0.114
3072,0.114
3073,0.114
3074,0.114
3075,0.114
3076,0.114
3077,0.114
3078,0.114
3079,0.114
3080,0.114
3081,0.114
3082,0.114
3083,0.114
3084,0.114
3085,0.114
3086,0.114
3087,0.114
3088,0.114
3089,0.114
3090,0.114
3091,0.114
3092,0.114
3093,0.114
3094,0.114
3095,0.114
3096,0.114
3097,0.114
3098,0.114
3099,0.114
3100,0.114
3101,0.114
3102,0.114
3103,0.114
3104,0.114
3105,0.114
3106,0.114
3107,0.114
3108,0.114
3109,0.114
3110,0.114
3111,0.114
3112,0.114
3113,0.114
3114,0.114
3115,0.114
3116,0.114
3117,0.114
3118,0.114
3119,0.114
3120,0.114
3121,0.114
3122,0.114
3123,0.114
3124,0.114
3125,0.114
3126,0.114
3127,0.114
3128,0.114
3129,0.114
3130,0.114
3131,0.114
3132,0.114
3133,0.114
3134,0.114
3135,0.114
3136,0.114
3137,0.114
3138,0.114
3139,0.114
3140,0.114
3141,0.114
3142,0.114
3143,0.114
3144,0.114
3145,0.114
3146,0.114
3147,0.114
3148,0.114
3149,0.114
3150,0.114
3151,0.114
3152,0.114
3153,0.114
3154,0.114
3155,0.114
3156,0.114
3157,0.114
3158,0.114
3159,0.114
3160,0.114
3161,0.114
3162,0.114
3163,0.114
3164,0.114
3165,0.114
3166,0.114
3167,0.114
3168,0.114
3169,0.114
3170,0.114
3171,0.114
3172,0.114
3173,0.114
3174,0.114
3175,0.114
3176,0.114
3177,0.114
3178,0.114
3179,0.114
3180,0.114
3181,0.114
3182,0.114
3183,0.114
3184,0.114
3185,0.114
3186,0.114
3187,0.114
3188,0.114
3189,0.114
3190,0.114
3191,0.114
3192,0.114
3193,0.114
3194,0.114
3195,0.114
3196,0.114
3197,0.114
3198,0.114
3199,0.114
3200,0.114
3201,0.114
3202,0.114
3203,0.114
3204,0.114
3205,0.114
3206,0.114
3207,0.114
3208,0.114
3209,0.114
3210,0.114
3211,0.114
3212,0.114
3213,0.114
3214,0.114
3215,0.114
3216,0.114
3217,0.114
3218,0.114
3219,0.114
3220,0.114
3221,0.114
3222,0.114
3223,0.114
3224,0.114
3225,0.114
3226,0.114
3227,0.114
3228,0.114
3229,0.114
3230,0.114
3231,0.114
3232,0.114
3233,0.114
3234,0.114
3235,0.114
3236,0.114
3237,0.114
3238,0.114
3239,0.114
3240,0.114
3241,0.114
3242,0.114
3243,0.114
3244,0.114
3245,0.114
3246,0.114
3247,0.114
3248,0.114
3249,0.114
3250,0.114
3251,0.114
3252,0.114
3253,0.114
3254,0.114
3255,0.114
3256,0.114
3257,0.114
3258,0.114
3259,0.114
3260,0.114
3261,0.114
3262,0.114
3263,0.114
3264,0.114
3265,0.114
3266,0.114
3267,0.114
3268,0.114
3269,0.114
3270,0.114
3271,0.114
3272,0.114
3273,0.114
3274,0.114
3275,0.114
3276,0.114
3277,0.114
3278,0.114
3279,0.114
3280,0.114
3281,0.114
3282,0.114
3283,0.114
3284,0.114
3285,0.114
3286,0.114
3287,0.114
3288,0.114
3289,0.114
3290,0.114
3291,0.114
3292,0.114
3293,0.114
3294,0.114
3295,0.114
3296,0.114
3297,0.114
3298,0.114
3299,0.114
3300,0.114
3301,0.114
3302,0.114
3303,0.114
3304,0.114
3305,0.114
3306,0.114
3307,0.114
3308,0.114
3309,0.114
3310,0.114
3311,0.114
3312,0.114
3313,0.114
3314,0.114
3315,0.114
3316,0.114
3317,0.114
3318,0.114
3319,0.114
3320,0.114
3321,0.114
3322,0.114
3323,0.114
3324,0.114
3325,0.114
3326,0.114
3327,0.114
3328,0.114
3329,0.114
3330,0.114
3331,0.114
3332,0.114
3333,0.114
3334,0.114
3335,0.114
3336,0.114
3337,0.114
3338,0.114
3339,0.114
3340,0.114
3341,0.114
3342,0.114
3343,0.114
3344,0.114
3345,0.114
3346,0.114
3347,0.114
3348,0.114
3349,0.114
3350,0.114
3351,0.114
3352,0.114
3353,0.114
3354,0.114
3355,0.114
3356,0.114
3357,0.114
3358,0.114
3359,0.114
3360,0.114
3361,0.114
3362,0.114
3363,0.114
3364,0.114
3365,0.114
3366,0.114
3367,0.114
3368,0.114
3369,0.114
3370,0.114
3371,0.114
3372,0.114
3373,0.114
3374,0.114
3375,0.114
3376,0.114
3377,0.114
3378,0.114
3379,0.114
3380,0.114
3381,0.114
3382,0.114
3383,0.114
3384,0.114
3385,0.114
3386,0.114
3387,0.114
3388,0.114
3389,0.114
3390,0.114
3391,0.114
3392,0.114
3393,0.114
3394,0.114
3395,0.114
3396,0.114
3397,0.114
3398,0.114
3399,0.114
3400,0.114
3401,0.114
3402,0.114
3403,0.114
3404,0.114
3405,0.114
3406,0.114
3407,0.114
3408,0.114
3409,0.114
3410,0.114
3411,0.114
3412,0.114
3413,0.114
3414,0.114
3415,0.114
3416,0.114
3417,0.114
3418,0.114
3419,0.114
3420,0.114
3421,0.114
3422,0.114
3423,0.114
3424,0.114
3425,0.114
3426,0.114
3427,0.114
3428,0.114
3429,0.114
3430,0.114
3431,0.114
3432,0.114
3433,0.114
3434,0.114
3435,0.114
3436,0.114
3437,0.114
3438,0.114
3439,0.114
3440,0.114
3441,0.114
3442,0.114
3443,0.114
3444,0.114
3445,0.114
3446,0.114
3447,0.114
3448,0.114
3449,0.114
3450,0.114
3451,0.114
3452,0.114
3453,0.114
3454,0.114
3455,0.114
3456,0.114
3457,0.114
3458,0.114
3459,0.114
3460,0.114
3461,0.114
3462,0.114
3463,0.114
3464,0.114
3465,0.114
3466,0.114
3467,0.114
3468,0.114
3469,0.114
3470,0.114
3471,0.114
3472,0.114
3473,0.114
3474,0.114
3475,0.114
3476,0.114
3477,0.114
3478,0.114
3479,0.114
3480,0.114
3481,0.114
3482,0.114
3483,0.114
3484,0.114
3485,0.114
3486,0.114
3487,0.114
3488,0.114
3489,0.114
3490,0.114
3491,0.114
3492,0.114
3493,0.114
3494,0.114
3495,0.114
3496,0.114
3497,0.114
3498,0.114
3499,0.114
3500,0.114
3501,0.114
3502,0.114
3503,0.114
3504,0.114
3505,0.114
3506,0.114
3507,0.114
3508,0.114
3509,0.114
3510,0.114
3511,0.114
3512,0.114
3513,0.114
3514,0.114
3515,0.114
3516,0.114
3517,0.114
3518,0.114
3519,0.114
3520,0.114
3521,0.114
3522,0.114
3523,0.114
3524,0.114
3525,0.114
3526,0.114
3527,0.114
3528,0.114
3529,0.114
3530,0.114
3531,0.114
3532,0.114
3533,0.114
3534,0.114
3535,0.114
3536,0.114
3537,0.114
3538,0.114
3539,0.114
3540,0.114
3541,0.114
3542,0.114
3543,0.114
3544,0.114
3545,0.114
3546,0.114
3547,0.114
3548,0.114
3549,0.114
3550,0.114
3551,0.114
3552,0.114
3553,0.114
3554,0.114
3555,0.114
3556,0.114
3557,0.114
3558,0.114
3559,0.114
3560,0.114
3561,0.114
3562,0.114
3563,0.114
3564,0.114
3565,0.114
3566,0.114
3567,0.114
3568,0.114
3569,0.114
3570,0.114
3571,0.114
3572,0.114
3573,0.114
3574,0.114
3575,0.114
3576,0.114
3577,0.114
3578,0.114
3579,0.114
3580,0.114
3581,0.114
3582,0.114
3583,0.114
3584,0.114
3585,0.114
3586,0.114
3587,0.114
3588,0.114
3589,0.114
3590,0.114
3591,0.114
3592,0.114
3593,0.114
3594,0.114
3595,0.114
3596,0.114
3597,0.114
3598,0.114
3599,0.114
3600,0.114
3601,0.114
3602,0.114
3603,0.114
3604,0.114
3605,0.114
3606,0.114
3607,0.114
3608,0.114
3609,0.114
3610,0.114
3611,0.114
3612,0.114
3613,0.114
3614,0.114
3615,0.114
3616,0.114
3617,0.114
3618,0.114
3619,0.114
3620,0.114
3621,0.114
3622,0.114
3623,0.114
3624,0.114
3625,0.114
3626,0.114
3627,0.114
3628,0.114
3629,0.114
3630,0.114
3631,0.114
3632,0.114
3633,0.114
3634,0.114
3635,0.114
3636,0.114
3637,0.114
3638,0.114
3639,0.114
3640,0.114
3641,0.114
3642,0.114
3643,0.114
3644,0.114
3645,0.114
3646,0.114
3647,0.114
3648,0.114
3649,0.114
3650,0.114
3651,0.114
3652,0.114
3653,0.114
3654,0.114
3655,0.114
3656,0.114
3657,0.114
3658,0.114
3659,0.114
3660,0.114
3661,0.114
3662,0.114
3663,0.114
3664,0.114
3665,0.114
3666,0.114
3667,0.114
3668,0.114
3669,0.114
3670,0.114
3671,0.114
3672,0.114
3673,0.114
3674,0.114
3675,0.114
3676,0.114
3677,0.114
3678,0.114
3679,0.114
3680,0.114
3681,0.114
3682,0.114
3683,0.114
3684,0.114
3685,0.114
3686,0.114
3687,0.114
3688,0.114
3689,0.114
3690,0.114
3691,0.114
3692,0.114
3693,0.114
3694,0.114
3695,0.114
3696,0.114
3697,0.114
3698,0.114
3699,0.114
3700,0.114
3701,0.114
3702,0.114
3703,0.114
3704,0.114
3705,0.114
3706,0.114
3707,0.114
3708,0.114
3709,0.114
3710,0.114
3711,0.114
3712,0.114
3713,0.114
3714,0.114
3715,0.114
3716,0.114
3717,0.114
3718,0.114
3719,0.114
3720,0.114
3721,0.114
3722,0.114
3723,0.114
3724,0.114
3725,0.114
3726,0.114
3727,0.114
3728,0.114
3729,0.114
3730,0.114
3731,0.114
3732,0.114
3733,0.114
3734,0.114
3735,0.114
3736,0.114
3737,0.114
3738,0.114
3739,0.114
3740,0.114
3741,0.114
3742,0.114
3743,0.114
3744,0.114
3745,0.114
3746,0.114
3747,0.114
3748,0.114
3749,0.114
3750,0.114
3751,0.114
3752,0.114
3753,0.114
3754,0.114
3755,0.114
3756,0.114
3757,0.114
3758,0.114
3759,0.114
3760,0.114
3761,0.114
3762,0.114
3763,0.114
3764,0.114
3765,0.114
3766,0.114
3767,0.114
3768,0.114
3769,0.114
3770,0.114
3771,0.114
3772,0.114
3773,0.114
3774,0.114
3775,0.114
3776,0.114
3777,0.114
3778,0.114
3779,0.114
3780,0.114
3781,0.114
3782,0.114
3783,0.114
3784,0.114
3785,0.114
3786,0.114
3787,0.114
3788,0.114
3789,0.114
3790,0.114
3791,0.114
3792,0.114
3793,0.114
3794,0.114
3795,0.114
3796,0.114
3797,0.114
3798,0.114
3799,0.114
3800,0.114
3801,0.114
3802,0.114
3803,0.114
3804,0.114
3805,0.114
3806,0.114
3807,0.114
3808,0.114
3809,0.114
3810,0.114
3811,0.114
3812,0.114
3813,0.114
3814,0.114
3815,0.114
3816,0.114
3817,0.114
3818,0.114
3819,0.114
3820,0.114
3821,0.114
3822,0.114
3823,0.114
3824,0.114
3825,0.114
3826,0.114
3827,0.114
3828,0.114
3829,0.114
3830,0.114
3831,0.114
3832,0.114
3833,0.114
3834,0.114
3835,0.114
3836,0.114
3837,0.114
3838,0.114
3839,0.114
3840,0.114
3841,0.114
3842,0.114
3843,0.114
3844,0.114
3845,0.114
3846,0.114
3847,0.114
3848,0.114
3849,0.114
3850,0.114
3851,0.114
3852,0.114
3853,0.114
3854,0.114
3855,0.114
3856,0.114
3857,0.114
3858,0.114
3859,0.114
3860,0.114
3861,0.114
3862,0.114
3863,0.114
3864,0.114
3865,0.114
3866,0.114
3867,0.114
3868,0.114
3869,0.114
3870,0.114
3871,0.114
3872,0.114
3873,0.114
3874,0.114
3875,0.114
3876,0.114
3877,0.114
3878,0.114
3879,0.114
3880,0.114
3881,0.114
3882,0.114
3883,0.114
3884,0.114
3885,0.114
3886,0.114
3887,0.114
3888,0.114
3889,0.114
3890,0.114
3891,0.114
3892,0.114
3893,0.114
3894,0.114
3895,0.114
3896,0.114
3897,0.114
3898,0.114
3899,0.114
3900,0.114
3901,0.114
3902,0.114
3903,0.114
3904,0.114
3905,0.114
3906,0.114
3907,0.114
3908,0.114
3909,0.114
3910,0.114
3911,0.114
3912,0.114
3913,0.114
3914,0.114
3915,0.114
3916,0.114
3917,0.114
3918,0.114
3919,0.114
3920,0.114
3921,0.114
3922,0.114
3923,0.114
3924,0.114
3925,0.114
3926,0.114
3927,0.114
3928,0.114
3929,0.114
3930,0.114
3931,0.114
3932,0.114
3933,0.114
3934,0.114
3935,0.114
3936,0.114
3937,0.114
3938,0.114
3939,0.114
3940,0.114
3941,0.114
3942,0.114
3943,0.114
3944,0.114
3945,0.114
3946,0.114
3947,0.114
3948,0.114
3949,0.114
3950,0.114
3951,0.114
3952,0.114
3953,0.114
3954,0.114
3955,0.114
3956,0.114
3957,0.114
3958,0.114
3959,0.114
3960,0.114
3961,0.114
3962,0.114
3963,0.114
3964,0.114
3965,0.114
3966,0.114
3967,0.114
3968,0.114
3969,0.114
3970,0.114
3971,0.114
3972,0.114
3973,0.114
3974,0.114
3975,0.114
3976,0.114
3977,0.114
3978,0.114
3979,0.114
3980,0.114
3981,0.114
3982,0.114
3983,0.114
3984,0.114
3985,0.114
3986,0.114
3987,0.114
3988,0.114
3989,0.114
3990,0.114
3991,0.114
3992,0.114
3993,0.114
3994,0.114
3995,0.114
3996,0.114
3997,0.114
3998,0.114
3999,0.114
4000,0.114
4001,0.114
4002,0.114
4003,0.114
4004,0.114
4005,0.114
4006,0.114
4007,0.114
4008,0.114
4009,0.114
4010,0.114
4011,0.114
4012,0.114
4013,0.114
4014,0.114
4015,0.114
4016,0.114
4017,0.114
4018,0.114
4019,0.114
4020,0.114
4021,0.114
4022,0.114
4023,0.114
4024,0.114
4025,0.114
4026,0.114
4027,0.114
4028,0.114
4029,0.114
4030,0.114
4031,0.114
4032,0.114
4033,0.114
4034,0.114
4035,0.114
4036,0.114
4037,0.114
4038,0.114
4039,0.114
4040,0.114
4041,0.114
4042,0.114
4043,0.114
4044,0.114
4045,0.114
4046,0.114
4047,0.114
4048,0.114
4049,0.114
4050,0.114
4051,0.114
4052,0.114
4053,0.114
4054,0.114
4055,0.114
4056,0.114
4057,0.114
4058,0.114
4059,0.114
4060,0.114
4061,0.114
4062,0.114
4063,0.114
4064,0.114
4065,0.114
4066,0.114
4067,0.114
4068,0.114
4069,0.114
4070,0.114
4071,0.114
4072,0.114
4073,0.114
4074,0.114
4075,0.114
4076,0.114
4077,0.114
4078,0.114
4079,0.114
4080,0.114
4081,0.114
4082,0.114
4083,0.114
4084,0.114
4085,0.114
4086,0.114
4087,0.114
4088,0.114
4089,0.114
4090,0.114
4091,0.114
4092,0.114
4093,0.114
4094,0.114
4095,0.114
4096,0.114
4097,0.114
4098,0.114
4099,0.114
4100,0.114
4101,0.114
4102,0.114
4103,0.114
4104,0.114
4105,0.114
4106,0.114
4107,0.114
4108,0.114
4109,0.114
4110,0.114
4111,0.114
4112,0.114
4113,0.114
4114,0.114
4115,0.114
4116,0.114
4117,0.114
4118,0.114
4119,0.114
4120,0.114
4121,0.114
4122,0.114
4123,0.114
4124,0.114
4125,0.114
4126,0.114
4127,0.114
4128,0.114
4129,0.114
4130,0.114
4131,0.114
4132,0.114
4133,0.114
4134,0.114
4135,0.114
4136,0.114
4137,0.114
4138,0.114
4139,0.114
4140,0.114
4141,0.114
4142,0.114
4143,0.114
4144,0.114
4145,0.114
4146,0.114
4147,0.114
4148,0.114
4149,0.114
4150,0.114
4151,0.114
4152,0.114
4153,0.114
4154,0.114
4155,0.114
4156,0.114
4157,0.114
4158,0.114
4159,0.114
4160,0.114
4161,0.114
4162,0.114
4163,0.114
4164,0.114
4165,0.114
4166,0.114
4167,0.114
4168,0.114
4169,0.114
4170,0.114
4171,0.114
4172,0.114
4173,0.114
4174,0.114
4175,0.114
4176,0.114
4177,0.114
4178,0.114
4179,0.114
4180,0.114
4181,0.114
4182,0.114
4183,0.114
4184,0.114
4185,0.114
4186,0.114
4187,0.114
4188,0.114
4189,0.114
4190,0.114
4191,0.114
4192,0.114
4193,0.114
4194,0.114
4195,0.114
4196,0.114
4197,0.114
4198,0.114
4199,0.114
4200,0.114
4201,0.114
4202,0.114
4203,0.114
4204,0.114
4205,0.114
4206,0.114
4207,0.114
4208,0.114
4209,0.114
4210,0.114
4211,0.114
4212,0.114
4213,0.114
4214,0.114
4215,0.114
4216,0.114
4217,0.114
4218,0.114
4219,0.114
4220,0.114
4221,0.114
4222,0.114
4223,0.114
4224,0.114
4225,0.114
4226,0.114
4227,0.114
4228,0.114
4229,0.114
4230,0.114
4231,0.114
4232,0.114
4233,0.114
4234,0.114
4235,0.114
4236,0.114
4237,0.114
4238,0.114
4239,0.114
4240,0.114
4241,0.114
4242,0.114
4243,0.114
4244,0.114
4245,0.114
4246,0.114
4247,0.114
4248,0.114
4249,0.114
4250,0.114
4251,0.114
4252,0.114
4253,0.114
4254,0.114
4255,0.114
4256,0.114
4257,0.114
4258,0.114
4259,0.114
4260,0.114
4261,0.114
4262,0.114
4263,0.114
4264,0.114
4265,0.114
4266,0.114
4267,0.114
4268,0.114
4269,0.114
4270,0.114
4271,0.114
4272,0.114
4273,0.114
4274,0.114
4275,0.114
4276,0.114
4277,0.114
4278,0.114
4279,0.114
4280,0.114
4281,0.114
4282,0.114
4283,0.114
4284,0.114
4285,0.114
4286,0.114
4287,0.114
4288,0.114
4289,0.114
4290,0.114
4291,0.114
4292,0.114
4293,0.114
4294,0.114
4295,0.114
4296,0.114
4297,0.114
4298,0.114
4299,0.114
4300,0.114
4301,0.114
4302,0.114
4303,0.114
4304,0.114
4305,0.114
4306,0.114
4307,0.114
4308,0.114
4309,0.114
4310,0.114
4311,0.114
4312,0.114
4313,0.114
4314,0.114
4315,0.114
4316,0.114
4317,0.114
4318,0.114
4319,0.114
4320,0.114
4321,0.114
4322,0.114
4323,0.114
4324,0.114
4325,0.114
4326,0.114
4327,0.114
4328,0.114
4329,0.114
4330,0.114
4331,0.114
4332,0.114
4333,0.114
4334,0.114
4335,0.114
4336,0.114
4337,0.114
4338,0.114
4339,0.114
4340,0.114
4341,0.114
4342,0.114
4343,0.114
4344,0.114
4345,0.114
4346,0.114
4347,0.114
4348,0.114
4349,0.114
4350,0.114
4351,0.114
4352,0.114
4353,0.114
4354,0.114
4355,0.114
4356,0.114
4357,0.114
4358,0.114
4359,0.114
4360,0.114
4361,0.114
4362,0.114
4363,0.114
4364,0.114
4365,0.114
4366,0.114
4367,0.114
4368,0.114
4369,0.114
4370,0.114
4371,0.114
4372,0.114
4373,0.114
4374,0.114
4375,0.114
4376,0.114
4377,0.114
4378,0.114
4379,0.114
4380,0.114
4381,0.114
4382,0.114
4383,0.114
4384,0.114
4385,0.114
4386,0.114
4387,0.114
4388,0.114
4389,0.114
4390,0.114
4391,0.114
4392,0.114
4393,0.114
4394,0.114
4395,0.114
4396,0.114
4397,0.114
4398,0.114
4399,0.114
4400,0.114
4401,0.114
4402,0.114
4403,0.114
4404,0.114
4405,0.114
4406,0.114
4407,0.114
4408,0.114
4409,0.114
4410,0.114
4411,0.114
4412,0.114
4413,0.114
4414,0.114
4415,0.114
4416,0.114
4417,0.114
4418,0.114
4419,0.114
4420,0.114
4421,0.114
4422,0.114
4423,0.114
4424,0.114
4425,0.114
4426,0.114
4427,0.114
4428,0.114
4429,0.114
4430,0.114
4431,0.114
4432,0.114
4433,0.114
4434,0.114
4435,0.114
4436,0.114
4437,0.114
4438,0.114
4439,0.114
4440,0.114
4441,0.114
4442,0.114
4443,0.114
4444,0.114
4445,0.114
4446,0.114
4447,0.114
4448,0.114
4449,0.114
4450,0.114
4451,0.114
4452,0.114
4453,0.114
4454,0.114
4455,0.114
4456,0.114
4457,0.114
4458,0.114
4459,0.114
4460,0.114
4461,0.114
4462,0.114
4463,0.114
4464,0.114
4465,0.114
4466,0.114
4467,0.114
4468,0.114
4469,0.114
4470,0.114
4471,0.114
4472,0.114
4473,0.114
4474,0.114
4475,0.114
4476,0.114
4477,0.114
4478,0.114
4479,0.114
4480,0.114
4481,0.114
4482,0.114
4483,0.114
4484,0.114
4485,0.114
4486,0.114
4487,0.114
4488,0.114
4489,0.114
4490,0.114
4491,0.114
4492,0.114
4493,0.114
4494,0.114
4495,0.114
4496,0.114
4497,0.114
4498,0.114
4499,0.114
4500,0.114
4501,0.114
4502,0.114
4503,0.114
4504,0.114
4505,0.114
4506,0.114
4507,0.114
4508,0.114
4509,0.114
4510,0.114
4511,0.114
4512,0.114
4513,0.114
4514,0.114
4515,0.114
4516,0.114
4517,0.114
4518,0.114
4519,0.114
4520,0.114
4521,0.114
4522,0.114
4523,0.114
4524,0.114
4525,0.114
4526,0.114
4527,0.114
4528,0.114
4529,0.114
4530,0.114
4531,0.114
4532,0.114
4533,0.114
4534,0.114
4535,0.114
4536,0.114
4537,0.114
4538,0.114
4539,0.114
4540,0.114
4541,0.114
4542,0.114
4543,0.114
4544,0.114
4545,0.114
4546,0.114
4547,0.114
4548,0.114
4549,0.114
4550,0.114
4551,0.114
4552,0.114
4553,0.114
4554,0.114
4555,0.114
4556,0.114
4557,0.114
4558,0.114
4559,0.114
4560,0.114
4561,0.114
4562,0.114
4563,0.114
4564,0.114
4565,0.114
4566,0.114
4567,0.114
4568,0.114
4569,0.114
4570,0.114
4571,0.114
4572,0.114
4573,0.114
4574,0.114
4575,0.114
4576,0.114
4577,0.114
4578,0.114
4579,0.114
4580,0.114
4581,0.114
4582,0.114
4583,0.114
4584,0.114
4585,0.114
4586,0.114
4587,0.114
4588,0.114
4589,0.114
4590,0.114
4591,0.114
4592,0.114
4593,0.114
4594,0.114
4595,0.114
4596,0.114
4597,0.114
4598,0.114
4599,0.114
4600,0.114
4601,0.114
4602,0.114
4603,0.114
4604,0.114
4605,0.114
4606,0.114
4607,0.114
4608,0.114
4609,0.114
4610,0.114
4611,0.114
4612,0.114
4613,0.114
4614,0.114
4615,0.114
4616,0.114
4617,0.114
4618,0.114
4619,0.114
4620,0.114
4621,0.114
4622,0.114
4623,0.114
4624,0.114
4625,0.114
4626,0.114
4627,0.114
4628,0.114
4629,0.114
4630,0.114
4631,0.114
4632,0.114
4633,0.114
4634,0.114
4635,0.114
4636,0.114
4637,0.114
4638,0.114
4639,0.114
4640,0.114
4641,0.114
4642,0.114
4643,0.114
4644,0.114
4645,0.114
4646,0.114
4647,0.114
4648,0.114
4649,0.114
4650,0.114
4651,0.114
4652,0.114
4653,0.114
4654,0.114
4655,0.114
4656,0.114
4657,0.114
4658,0.114
4659,0.114
4660,0.114
4661,0.114
4662,0.114
4663,0.114
4664,0.114
4665,0.114
4666,0.114
4667,0.114
4668,0.114
4669,0.114
4670,0.114
4671,0.114
4672,0.114
4673,0.114
4674,0.114
4675,0.114
4676,0.114
4677,0.114
4678,0.114
4679,0.114
4680,0.114
4681,0.114
4682,0.114
4683,0.114
4684,0.114
4685,0.114
4686,0.114
4687,0.114
4688,0.114
4689,0.114
4690,0.114
4691,0.114
4692,0.114
4693,0.114
4694,0.114
4695,0.114
4696,0.114
4697,0.114
4698,0.114
4699,0.114
4700,0.114
4701,0.114
4702,0.114
4703,0.114
4704,0.114
4705,0.114
4706,0.114
4707,0.114
4708,0.114
4709,0.114
4710,0.114
4711,0.114
4712,0.114
4713,0.114
4714,0.114
4715,0.114
4716,0.114
4717,0.114
4718,0.114
4719,0.114
4720,0.114
4721,0.114
4722,0.114
4723,0.114
4724,0.114
4725,0.114
4726,0.114
4727,0.114
4728,0.114
4729,0.114
4730,0.114
4731,0.114
4732,0.114
4733,0.114
4734,0.114
4735,0.114
4736,0.114
4737,0.114
4738,0.114
4739,0.114
4740,0.114
4741,0.114
4742,0.114
4743,0.114
4744,0.114
4745,0.114
4746,0.114
4747,0.114
4748,0.114
4749,0.114
4750,0.114
4751,0.114
4752,0.114
4753,0.114
4754,0.114
4755,0.114
4756,0.114
4757,0.114
4758,0.114
4759,0.114
4760,0.114
4761,0.114
4762,0.114
4763,0.114
4764,0.114
4765,0.114
4766,0.114
4767,0.114
4768,0.114
4769,0.114
4770,0.114
4771,0.114
4772,0.114
4773,0.114
4774,0.114
4775,0.114
4776,0.114
4777,0.114
4778,0.114
4779,0.114
4780,0.114
4781,0.114
4782,0.114
4783,0.114
4784,0.114
4785,0.114
4786,0.114
4787,0.114
4788,0.114
4789,0.114
4790,0.114
4791,0.114
4792,0.114
4793,0.114
4794,0.114
4795,0.114
4796,0.114
4797,0.114
4798,0.114
4799,0.114
4800,0.114
4801,0.114
4802,0.114
4803,0.114
4804,0.114
4805,0.114
4806,0.114
4807,0.114
4808,0.114
4809,0.114
4810,0.114
4811,0.114
4812,0.114
4813,0.114
4814,0.114
4815,0.114
4816,0.114
4817,0.114
4818,0.114
4819,0.114
4820,0.114
4821,0.114
4822,0.114
4823,0.114
4824,0.114
4825,0.114
4826,0.114
4827,0.114
4828,0.114
4829,0.114
4830,0.114
4831,0.114
4832,0.114
4833,0.114
4834,0.114
4835,0.114
4836,0.114
4837,0.114
4838,0.114
4839,0.114
4840,0.114
4841,0.114
4842,0.114
4843,0.114
4844,0.114
4845,0.114
4846,0.114
4847,0.114
4848,0.114
4849,0.114
4850,0.114
4851,0.114
4852,0.114
4853,0.114
4854,0.114
4855,0.114
4856,0.114
4857,0.114
4858,0.114
4859,0.114
4860,0.114
4861,0.114
4862,0.114
4863,0.114
4864,0.114
4865,0.114
4866,0.114
4867,0.114
4868,0.114
4869,0.114
4870,0.114
4871,0.114
4872,0.114
4873,0.114
4874,0.114
4875,0.114
4876,0.114
4877,0.114
4878,0.114
4879,0.114
4880,0.114
4881,0.114
4882,0.114
4883,0.114
4884,0.114
4885,0.114
4886,0.114
4887,0.114
4888,0.114
4889,0.114
4890,0.114
4891,0.114
4892,0.114
4893,0.114
4894,0.114
4895,0.114
4896,0.114
4897,0.114
4898,0.114
4899,0.114
4900,0.114
4901,0.114
4902,0.114
4903,0.114
4904,0.114
4905,0.114
4906,0.114
4907,0.114
4908,0.114
4909,0.114
4910,0.114
4911,0.114
4912,0.114
4913,0.114
4914,0.114
4915,0.114
4916,0.114
4917,0.114
4918,0.114
4919,0.114
4920,0.114
4921,0.114
4922,0.114
4923,0.114
4924,0.114
4925,0.114
4926,0.114
4927,0.114
4928,0.114
4929,0.114
4930,0.114
4931,0.114
4932,0.114
4933,0.114
4934,0.114
4935,0.114
4936,0.114
4937,0.114
4938,0.114
4939,0.114
4940,0.114
4941,0.114
4942,0.114
4943,0.114
4944,0.114
4945,0.114
4946,0.114
4947,0.114
4948,0.114
4949,0.114
4950,0.114
4951,0.114
4952,0.114
4953,0.114
4954,0.114
4955,0.114
4956,0.114
4957,0.114
4958,0.114
4959,0.114
4960,0.114
4961,0.114
4962,0.114
4963,0.114
4964,0.114
4965,0.114
4966,0.114
4967,0.114
4968,0.114
4969,0.114
4970,0.114
4971,0.114
4972,0.114
4973,0.114
4974,0.114
4975,0.114
4976,0.114
4977,0.114
4978,0.114
4979,0.114
4980,0.114
4981,0.114
4982,0.114
4983,0.114
4984,0.114
4985,0.114
4986,0.114
4987,0.114
4988,0.114
4989,0.114
4990,0.114
4991,0.114
4992,0.114
4993,0.114
4994,0.114
4995,0.114
4996,0.114
4997,0.114
4998,0.114
4999,0.114
5000,0.114
5001,0.114
5002,0.114
5003,0.114
5004,0.114
5005,0.114
5006,0.114
5007,0.114
5008,0.114
5009,0.114
5010,0.114
5011,0.114
5012,0.114
5013,0.114
5014,0.114
5015,0.114
5016,0.114
5017,0.114
5018,0.114
5019,0.114
5020,0.114
5021,0.114
5022,0.114
5023,0.114
5024,0.114
5025,0.114
5026,0.114
5027,0.114
5028,0.114
5029,0.114
5030,0.114
5031,0.114
5032,0.114
5033,0.114
5034,0.114
5035,0.114
5036,0.114
5037,0.114
5038,0.114
5039,0.114
5040,0.114
5041,0.114
5042,0.114
5043,0.114
5044,0.114
5045,0.114
5046,0.114
5047,0.114
5048,0.114
5049,0.114
5050,0.114
5051,0.114
5052,0.114
5053,0.114
5054,0.114
5055,0.114
5056,0.114
5057,0.114
5058,0.114
5059,0.114
5060,0.114
5061,0.114
5062,0.114
5063,0.114
5064,0.114
5065,0.114
5066,0.114
5067,0.114
5068,0.114
5069,0.114
5070,0.114
5071,0.114
5072,0.114
5073,0.114
5074,0.114
5075,0.114
5076,0.114
5077,0.114
5078,0.114
5079,0.114
5080,0.114
5081,0.114
5082,0.114
5083,0.114
5084,0.114
5085,0.114
5086,0.114
5087,0.114
5088,0.114
5089,0.114
5090,0.114
5091,0.114
5092,0.114
5093,0.114
5094,0.114
5095,0.114
5096,0.114
5097,0.114
5098,0.114
5099,0.114
5100,0.114
5101,0.114
5102,0.114
5103,0.114
5104,0.114
5105,0.114
5106,0.114
5107,0.114
5108,0.114
5109,0.114
5110,0.114
5111,0.114
5112,0.114
5113,0.114
5114,0.114
5115,0.114
5116,0.114
5117,0.114
5118,0.114
5119,0.114
5120,0.114
5121,0.114
5122,0.114
5123,0.114
5124,0.114
5125,0.114
5126,0.114
5127,0.114
5128,0.114
5129,0.114
5130,0.114
5131,0.114
5132,0.114
5133,0.114
5134,0.114
5135,0.114
5136,0.114
5137,0.114
5138,0.114
5139,0.114
5140,0.114
5141,0.114
5142,0.114
5143,0.114
5144,0.114
5145,0.114
5146,0.114
5147,0.114
5148,0.114
5149,0.114
5150,0.114
5151,0.114
5152,0.114
5153,0.114
5154,0.114
5155,0.114
5156,0.114
5157,0.114
5158,0.114
5159,0.114
5160,0.114
5161,0.114
5162,0.114
5163,0.114
5164,0.114
5165,0.114
5166,0.114
5167,0.114
5168,0.114
5169,0.114
5170,0.114
5171,0.114
5172,0.114
5173,0.114
5174,0.114
5175,0.114
5176,0.114
5177,0.114
5178,0.114
5179,0.114
5180,0.114
5181,0.114
5182,0.114
5183,0.114
5184,0.114
5185,0.114
5186,0.114
5187,0.114
5188,0.114
5189,0.114
5190,0.114
5191,0.114
5192,0.114
5193,0.114
5194,0.114
5195,0.114
5196,0.114
5197,0.114
5198,0.114
5199,0.114
5200,0.114
5201,0.114
5202,0.114
5203,0.114
5204,0.114
5205,0.114
5206,0.114
5207,0.114
5208,0.114
5209,0.114
5210,0.114
5211,0.114
5212,0.114
5213,0.114
5214,0.114
5215,0.114
5216,0.114
5217,0.114
5218,0.114
5219,0.114
5220,0.114
5221,0.114
5222,0.114
5223,0.114
5224,0.114
5225,0.114
5226,0.114
5227,0.114
5228,0.114
5229,0.114
5230,0.114
5231,0.114
5232,0.114
5233,0.114
5234,0.114
5235,0.114
5236,0.114
5237,0.114
5238,0.114
5239,0.114
5240,0.114
5241,0.114
5242,0.114
5243,0.114
5244,0.114
5245,0.114
5246,0.114
5247,0.114
5248,0.114
5249,0.114
5250,0.114
5251,0.114
5252,0.114
5253,0.114
5254,0.114
5255,0.114
5256,0.114
5257,0.114
5258,0.114
5259,0.114
5260,0.114
5261,0.114
5262,0.114
5263,0.114
5264,0.114
5265,0.114
5266,0.114
5267,0.114
5268,0.114
5269,0.114
5270,0.114
5271,0.114
5272,0.114
5273,0.114
5274,0.114
5275,0.114
5276,0.114
5277,0.114
5278,0.114
5279,0.114
5280,0.114
5281,0.114
5282,0.114
5283,0.114
5284,0.114
5285,0.114
5286,0.114
5287,0.114
5288,0.114
5289,0.114
5290,0.114
5291,0.114
5292,0.114
5293,0.114
5294,0.114
5295,0.114
5296,0.114
5297,0.114
5298,0.114
5299,0.114
5300,0.114
5301,0.114
5302,0.114
5303,0.114
5304,0.114
5305,0.114
5306,0.114
5307,0.114
5308,0.114
5309,0.114
5310,0.114
5311,0.114
5312,0.114
5313,0.114
5314,0.114
5315,0.114
5316,0.114
5317,0.114
5318,0.114
5319,0.114
5320,0.114
5321,0.114
5322,0.114
5323,0.114
5324,0.114
5325,0.114
5326,0.114
5327,0.114
5328,0.114
5329,0.114
5330,0.114
5331,0.114
5332,0.114
5333,0.114
5334,0.114
5335,0.114
5336,0.114
5337,0.114
5338,0.114
5339,0.114
5340,0.114
5341,0.114
5342,0.114
5343,0.114
5344,0.114
5345,0.114
5346,0.114
5347,0.114
5348,0.114
5349,0.114
5350,0.114
5351,0.114
5352,0.114
5353,0.114
5354,0.114
5355,0.114
5356,0.114
5357,0.114
5358,0.114
5359,0.114
5360,0.114
5361,0.114
5362,0.114
5363,0.114
5364,0.114
5365,0.114
5366,0.114
5367,0.114
5368,0.114
5369,0.114
5370,0.114
5371,0.114
5372,0.114
5373,0.114
5374,0.114
5375,0.114
5376,0.114
5377,0.114
5378,0.114
5379,0.114
5380,0.114
5381,0.114
5382,0.114
5383,0.114
5384,0.114
5385,0.114
5386,0.114
5387,0.114
5388,0.114
5389,0.114
5390,0.114
5391,0.114
5392,0.114
5393,0.114
5394,0.114
5395,0.114
5396,0.114
5397,0.114
5398,0.114
5399,0.114
5400,0.114
5401,0.114
5402,0.114
5403,0.114
5404,0.114
5405,0.114
5406,0.114
5407,0.114
5408,0.114
5409,0.114
5410,0.114
5411,0.114
5412,0.114
5413,0.114
5414,0.114
5415,0.114
5416,0.114
5417,0.114
5418,0.114
5419,0.114
5420,0.114
5421,0.114
5422,0.114
5423,0.114
5424,0.114
5425,0.114
5426,0.114
5427,0.114
5428,0.114
5429,0.114
5430,0.114
5431,0.114
5432,0.114
5433,0.114
5434,0.114
5435,0.114
5436,0.114
5437,0.114
5438,0.114
5439,0.114
5440,0.114
5441,0.114
5442,0.114
5443,0.114
5444,0.114
5445,0.114
5446,0.114
5447,0.114
5448,0.114
5449,0.114
5450,0.114
5451,0.114
5452,0.114
5453,0.114
5454,0.114
5455,0.114
5456,0.114
5457,0.114
5458,0.114
5459,0.114
5460,0.114
5461,0.114
5462,0.114
5463,0.114
5464,0.114
5465,0.114
5466,0.114
5467,0.114
5468,0.114
5469,0.114
5470,0.114
5471,0.114
5472,0.114
5473,0.114
5474,0.114
5475,0.114
5476,0.114
5477,0.114
5478,0.114
5479,0.114
5480,0.114
5481,0.114
5482,0.114
5483,0.114
5484,0.114
5485,0.114
5486,0.114
5487,0.114
5488,0.114
5489,0.114
5490,0.114
5491,0.114
5492,0.114
5493,0.114
5494,0.114
5495,0.114
5496,0.114
5497,0.114
5498,0.114
5499,0.114
5500,0.114
5501,0.114
5502,0.114
5503,0.114
5504,0.114
5505,0.114
5506,0.114
5507,0.114
5508,0.114
5509,0.114
5510,0.114
5511,0.114
5512,0.114
5513,0.114
5514,0.114
5515,0.114
5516,0.114
5517,0.114
5518,0.114
5519,0.114
5520,0.114
5521,0.114
5522,0.114
5523,0.114
5524,0.114
5525,0.114
5526,0.114
5527,0.114
5528,0.114
5529,0.114
5530,0.114
5531,0.114
5532,0.114
5533,0.114
5534,0.114
5535,0.114
5536,0.114
5537,0.114
5538,0.114
5539,0.114
5540,0.114
5541,0.114
5542,0.114
5543,0.114
5544,0.114
5545,0.114
5546,0.114
5547,0.114
5548,0.114
5549,0.114
5550,0.114
5551,0.114
5552,0.114
5553,0.114
5554,0.114
5555,0.114
5556,0.114
5557,0.114
5558,0.114
5559,0.114
5560,0.114
5561,0.114
5562,0.114
5563,0.114
5564,0.114
5565,0.114
5566,0.114
5567,0.114
5568,0.114
5569,0.114
5570,0.114
5571,0.114
5572,0.114
5573,0.114
5574,0.114
5575,0.114
5576,0.114
5577,0.114
5578,0.114
5579,0.114
5580,0.114
5581,0.114
5582,0.114
5583,0.114
5584,0.114
5585,0.114
5586,0.114
5587,0.114
5588,0.114
5589,0.114
5590,0.114
5591,0.114
5592,0.114
5593,0.114
5594,0.114
5595,0.114
5596,0.114
5597,0.114
5598,0.114
5599,0.114
5600,0.114
5601,0.114
5602,0.114
5603,0.114
5604,0.114
5605,0.114
5606,0.114
5607,0.114
5608,0.114
5609,0.114
5610,0.114
5611,0.114
5612,0.114
5613,0.114
5614,0.114
5615,0.114
5616,0.114
5617,0.114
5618,0.114
5619,0.114
5620,0.114
5621,0.114
5622,0.114
5623,0.114
5624,0.114
5625,0.114
5626,0.114
5627,0.114
5628,0.114
5629,0.114
5630,0.114
5631,0.114
5632,0.114
5633,0.114
5634,0.114
5635,0.114
5636,0.114
5637,0.114
5638,0.114
5639,0.114
5640,0.114
5641,0.114
5642,0.114
5643,0.114
5644,0.114
5645,0.114
5646,0.114
5647,0.114
5648,0.114
5649,0.114
5650,0.114
5651,0.114
5652,0.114
5653,0.114
5654,0.114
5655,0.114
5656,0.114
5657,0.114
5658,0.114
5659,0.114
5660,0.114
5661,0.114
5662,0.114
5663,0.114
5664,0.114
5665,0.114
5666,0.114
5667,0.114
5668,0.114
5669,0.114
5670,0.114
5671,0.114
5672,0.114
5673,0.114
5674,0.114
5675,0.114
5676,0.114
5677,0.114
5678,0.114
5679,0.114
5680,0.114
5681,0.114
5682,0.114
5683,0.114
5684,0.114
5685,0.114
5686,0.114
5687,0.114
5688,0.114
5689,0.114
5690,0.114
5691,0.114
5692,0.114
5693,0.114
5694,0.114
5695,0.114
5696,0.114
5697,0.114
5698,0.114
5699,0.114
5700,0.114
5701,0.114
5702,0.114
5703,0.114
5704,0.114
5705,0.114
5706,0.114
5707,0.114
5708,0.114
5709,0.114
5710,0.114
5711,0.114
5712,0.114
5713,0.114
5714,0.114
5715,0.114
5716,0.114
5717,0.114
5718,0.114
5719,0.114
5720,0.114
5721,0.114
5722,0.114
5723,0.114
5724,0.114
5725,0.114
5726,0.114
5727,0.114
5728,0.114
5729,0.114
5730,0.114
5731,0.114
5732,0.114
5733,0.114
5734,0.114
5735,0.114
5736,0.114
5737,0.114
5738,0.114
5739,0.114
5740,0.114
5741,0.114
5742,0.114
5743,0.114
5744,0.114
5745,0.114
5746,0.114
5747,0.114
5748,0.114
5749,0.114
5750,0.114
5751,0.114
5752,0.114
5753,0.114
5754,0.114
5755,0.114
5756,0.114
5757,0.114
5758,0.114
5759,0.114
5760,0.114
5761,0.114
5762,0.114
5763,0.114
5764,0.114
5765,0.114
5766,0.114
5767,0.114
5768,0.114
5769,0.114
5770,0.114
5771,0.114
5772,0.114
5773,0.114
5774,0.114
5775,0.114
5776,0.114
5777,0.114
5778,0.114
5779,0.114
5780,0.114
5781,0.114
5782,0.114
5783,0.114
5784,0.114
5785,0.114
5786,0.114
5787,0.114
5788,0.114
5789,0.114
5790,0.114
5791,0.114
5792,0.114
5793,0.114
5794,0.114
5795,0.114
5796,0.114
5797,0.114
5798,0.114
5799,0.114
5800,0.114
5801,0.114
5802,0.114
5803,0.114
5804,0.114
5805,0.114
5806,0.114
5807,0.114
5808,0.114
5809,0.114
5810,0.114
5811,0.114
5812,0.114
5813,0.114
5814,0.114
5815,0.114
5816,0.114
5817,0.114
5818,0.114
5819,0.114
5820,0.114
5821,0.114
5822,0.114
5823,0.114
5824,0.114
5825,0.114
5826,0.114
5827,0.114
5828,0.114
5829,0.114
5830,0.114
5831,0.114
5832,0.114
5833,0.114
5834,0.114
5835,0.114
5836,0.114
5837,0.114
5838,0.114
5839,0.114
5840,0.114
5841,0.114
5842,0.114
5843,0.114
5844,0.114
5845,0.114
5846,0.114
5847,0.114
5848,0.114
5849,0.114
5850,0.114
5851,0.114
5852,0.114
5853,0.114
5854,0.114
5855,0.114
5856,0.114
5857,0.114
5858,0.114
5859,0.114
5860,0.114
5861,0.114
5862,0.114
5863,0.114
5864,0.114
5865,0.114
5866,0.114
5867,0.114
5868,0.114
5869,0.114
5870,0.114
5871,0.114
5872,0.114
5873,0.114
5874,0.114
5875,0.114
5876,0.114
5877,0.114
5878,0.114
5879,0.114
5880,0.114
5881,0.114
5882,0.114
5883,0.114
5884,0.114
5885,0.114
5886,0.114
5887,0.114
5888,0.114
5889,0.114
5890,0.114
5891,0.114
5892,0.114
5893,0.114
5894,0.114
5895,0.114
5896,0.114
5897,0.114
5898,0.114
5899,0.114
5900,0.114
5901,0.114
5902,0.114
5903,0.114
5904,0.114
5905,0.114
5906,0.114
5907,0.114
5908,0.114
5909,0.114
5910,0.114
5911,0.114
5912,0.114
5913,0.114
5914,0.114
5915,0.114
5916,0.114
5917,0.114
5918,0.114
5919,0.114
5920,0.114
5921,0.114
5922,0.114
5923,0.114
5924,0.114
5925,0.114
5926,0.114
5927,0.114
5928,0.114
5929,0.114
5930,0.114
5931,0.114
5932,0.114
5933,0.114
5934,0.114
5935,0.114
5936,0.114
5937,0.114
5938,0.114
5939,0.114
5940,0.114
5941,0.114
5942,0.114
5943,0.114
5944,0.114
5945,0.114
5946,0.114
5947,0.114
5948,0.114
5949,0.114
5950,0.114
5951,0.114
5952,0.114
5953,0.114
5954,0.114
5955,0.114
5956,0.114
5957,0.114
5958,0.114
5959,0.114
5960,0.114
5961,0.114
5962,0.114
5963,0.114
5964,0.114
5965,0.114
5966,0.114
5967,0.114
5968,0.114
5969,0.114
5970,0.114
5971,0.114
5972,0.114
5973,0.114
5974,0.114
5975,0.114
5976,0.114
5977,0.114
5978,0.114
5979,0.114
5980,0.114
5981,0.114
5982,0.114
5983,0.114
5984,0.114
5985,0.114
5986,0.114
5987,0.114
5988,0.114
5989,0.114
5990,0.114
5991,0.114
5992,0.114
5993,0.114
5994,0.114
5995,0.114
5996,0.114
5997,0.114
5998,0.114
5999,0.114
6000,0.114
6001,0.114
6002,0.114
6003,0.114
6004,0.114
6005,0.114
6006,0.114
6007,0.114
6008,0.114
6009,0.114
6010,0.114
6011,0.114
6012,0.114
6013,0.114
6014,0.114
6015,0.114
6016,0.114
6017,0.114
6018,0.114
6019,0.114
6020,0.114
6021,0.114
6022,0.114
6023,0.114
6024,0.114
6025,0.114
6026,0.114
6027,0.114
6028,0.114
6029,0.114
6030,0.114
6031,0.114
6032,0.114
6033,0.114
6034,0.114
6035,0.114
6036,0.114
6037,0.114
6038,0.114
6039,0.114
6040,0.114
6041,0.114
6042,0.114
6043,0.114
6044,0.114
6045,0.114
6046,0.114
6047,0.114
6048,0.114
6049,0.114
6050,0.114
6051,0.114
6052,0.114
6053,0.114
6054,0.114
6055,0.114
6056,0.114
6057,0.114
6058,0.114
6059,0.114
6060,0.114
6061,0.114
6062,0.114
6063,0.114
6064,0.114
6065,0.114
6066,0.114
6067,0.114
6068,0.114
6069,0.114
6070,0.114
6071,0.114
6072,0.114
6073,0.114
6074,0.114
6075,0.114
6076,0.114
6077,0.114
6078,0.114
6079,0.114
6080,0.114
6081,0.114
6082,0.114
6083,0.114
6084,0.114
6085,0.114
6086,0.114
6087,0.114
6088,0.114
6089,0.114
6090,0.114
6091,0.114
6092,0.114
6093,0.114
6094,0.114
6095,0.114
6096,0.114
6097,0.114
6098,0.114
6099,0.114
6100,0.114
6101,0.114
6102,0.114
6103,0.114
6104,0.114
6105,0.114
6106,0.114
6107,0.114
6108,0.114
6109,0.114
6110,0.114
6111,0.114
6112,0.114
6113,0.114
6114,0.114
6115,0.114
6116,0.114
6117,0.114
6118,0.114
6119,0.114
6120,0.114
6121,0.114
6122,0.114
6123,0.114
6124,0.114
6125,0.114
6126,0.114
6127,0.114
6128,0.114
6129,0.114
6130,0.114
6131,0.114
6132,0.114
6133,0.114
6134,0.114
6135,0.114
6136,0.114
6137,0.114
6138,0.114
6139,0.114
6140,0.114
6141,0.114
6142,0.114
6143,0.114
6144,0.114
6145,0.114
6146,0.114
6147,0.114
6148,0.114
6149,0.114
6150,0.114
6151,0.114
6152,0.114
6153,0.114
6154,0.114
6155,0.114
6156,0.114
6157,0.114
6158,0.114
6159,0.114
6160,0.114
6161,0.114
6162,0.114
6163,0.114
6164,0.114
6165,0.114
6166,0.114
6167,0.114
6168,0.114
6169,0.114
6170,0.114
6171,0.114
6172,0.114
6173,0.114
6174,0.114
6175,0.114
6176,0.114
6177,0.114
6178,0.114
6179,0.114
6180,0.114
6181,0.114
6182,0.114
6183,0.114
6184,0.114
6185,0.114
6186,0.114
6187,0.114
6188,0.114
6189,0.114
6190,0.114
6191,0.114
6192,0.114
6193,0.114
6194,0.114
6195,0.114
6196,0.114
6197,0.114
6198,0.114
6199,0.114
6200,0.114
6201,0.114
6202,0.114
6203,0.114
6204,0.114
6205,0.114
6206,0.114
6207,0.114
6208,0.114
6209,0.114
6210,0.114
6211,0.114
6212,0.114
6213,0.114
6214,0.114
6215,0.114
6216,0.114
6217,0.114
6218,0.114
6219,0.114
6220,0.114
6221,0.114
6222,0.114
6223,0.114
6224,0.114
6225,0.114
6226,0.114
6227,0.114
6228,0.114
6229,0.114
6230,0.114
6231,0.114
6232,0.114
6233,0.114
6234,0.114
6235,0.114
6236,0.114
6237,0.114
6238,0.114
6239,0.114
6240,0.114
6241,0.114
6242,0.114
6243,0.114
6244,0.114
6245,0.114
6246,0.114
6247,0.114
6248,0.114
6249,0.114
6250,0.114
6251,0.114
6252,0.114
6253,0.114
6254,0.114
6255,0.114
6256,0.114
6257,0.114
6258,0.114
6259,0.114
6260,0.114
6261,0.114
6262,0.114
6263,0.114
6264,0.114
6265,0.114
6266,0.114
6267,0.114
6268,0.114
6269,0.114
6270,0.114
6271,0.114
6272,0.114
6273,0.114
6274,0.114
6275,0.114
6276,0.114
6277,0.114
6278,0.114
6279,0.114
6280,0.114
6281,0.114
6282,0.114
6283,0.114
6284,0.114
6285,0.114
6286,0.114
6287,0.114
6288,0.114
6289,0.114
6290,0.114
6291,0.114
6292,0.114
6293,0.114
6294,0.114
6295,0.114
6296,0.114
6297,0.114
6298,0.114
6299,0.114
6300,0.114
6301,0.114
6302,0.114
6303,0.114
6304,0.114
6305,0.114
6306,0.114
6307,0.114
6308,0.114
6309,0.114
6310,0.114
6311,0.114
6312,0.114
6313,0.114
6314,0.114
6315,0.114
6316,0.114
6317,0.114
6318,0.114
6319,0.114
6320,0.114
6321,0.114
6322,0.114
6323,0.114
6324,0.114
6325,0.114
6326,0.114
6327,0.114
6328,0.114
6329,0.114
6330,0.114
6331,0.114
6332,0.114
6333,0.114
6334,0.114
6335,0.114
6336,0.114
6337,0.114
6338,0.114
6339,0.114
6340,0.114
6341,0.114
6342,0.114
6343,0.114
6344,0.114
6345,0.114
6346,0.114
6347,0.114
6348,0.114
6349,0.114
6350,0.114
6351,0.114
6352,0.114
6353,0.114
6354,0.114
6355,0.114
6356,0.114
6357,0.114
6358,0.114
6359,0.114
6360,0.114
6361,0.114
6362,0.114
6363,0.114
6364,0.114
6365,0.114
6366,0.114
6367,0.114
6368,0.114
6369,0.114
6370,0.114
6371,0.114
6372,0.114
6373,0.114
6374,0.114
6375,0.114
6376,0.114
6377,0.114
6378,0.114
6379,0.114
6380,0.114
6381,0.114
6382,0.114
6383,0.114
6384,0.114
6385,0.114
6386,0.114
6387,0.114
6388,0.114
6389,0.114
6390,0.114
6391,0.114
6392,0.114
6393,0.114
6394,0.114
6395,0.114
6396,0.114
6397,0.114
6398,0.114
6399,0.114
6400,0.114
6401,0.114
6402,0.114
6403,0.114
6404,0.114
6405,0.114
6406,0.114
6407,0.114
6408,0.114
6409,0.114
6410,0.114
6411,0.114
6412,0.114
6413,0.114
6414,0.114
6415,0.114
6416,0.114
6417,0.114
6418,0.114
6419,0.114
6420,0.114
6421,0.114
6422,0.114
6423,0.114
6424,0.114
6425,0.114
6426,0.114
6427,0.114
6428,0.114
6429,0.114
6430,0.114
6431,0.114
6432,0.114
6433,0.114
6434,0.114
6435,0.114
6436,0.114
6437,0.114
6438,0.114
6439,0.114
6440,0.114
6441,0.114
6442,0.114
6443,0.114
6444,0.114
6445,0.114
6446,0.114
6447,0.114
6448,0.114
6449,0.114
6450,0.114
6451,0.114
6452,0.114
6453,0.114
6454,0.114
6455,0.114
6456,0.114
6457,0.114
6458,0.114
6459,0.114
6460,0.114
6461,0.114
6462,0.114
6463,0.114
6464,0.114
6465,0.114
6466,0.114
6467,0.114
6468,0.114
6469,0.114
6470,0.114
6471,0.114
6472,0.114
6473,0.114
6474,0.114
6475,0.114
6476,0.114
6477,0.114
6478,0.114
6479,0.114
6480,0.114
6481,0.114
6482,0.114
6483,0.114
6484,0.114
6485,0.114
6486,0.114
6487,0.114
6488,0.114
6489,0.114
6490,0.114
6491,0.114
6492,0.114
6493,0.114
6494,0.114
6495,0.114
6496,0.114
6497,0.114
6498,0.114
6499,0.114
6500,0.114
6501,0.114
6502,0.114
6503,0.114
6504,0.114
6505,0.114
6506,0.114
6507,0.114
6508,0.114
6509,0.114
6510,0.114
6511,0.114
6512,0.114
6513,0.114
6514,0.114
6515,0.114
6516,0.114
6517,0.114
6518,0.114
6519,0.114
6520,0.114
6521,0.114
6522,0.114
6523,0.114
6524,0.114
6525,0.114
6526,0.114
6527,0.114
6528,0.114
6529,0.114
6530,0.114
6531,0.114
6532,0.114
6533,0.114
6534,0.114
6535,0.114
6536,0.114
6537,0.114
6538,0.114
6539,0.114
6540,0.114
6541,0.114
6542,0.114
6543,0.114
6544,0.114
6545,0.114
6546,0.114
6547,0.114
6548,0.114
6549,0.114
6550,0.114
6551,0.114
6552,0.114
6553,0.114
6554,0.114
6555,0.114
6556,0.114
6557,0.114
6558,0.114
6559,0.114
6560,0.114
6561,0.114
6562,0.114
6563,0.114
6564,0.114
6565,0.114
6566,0.114
6567,0.114
6568,0.114
6569,0.114
6570,0.114
6571,0.114
6572,0.114
6573,0.114
6574,0.114
6575,0.114
6576,0.114
6577,0.114
6578,0.114
6579,0.114
6580,0.114
6581,0.114
6582,0.114
6583,0.114
6584,0.114
6585,0.114
6586,0.114
6587,0.114
6588,0.114
6589,0.114
6590,0.114
6591,0.114
6592,0.114
6593,0.114
6594,0.114
6595,0.114
6596,0.114
6597,0.114
6598,0.114
6599,0.114
6600,0.114
6601,0.114
6602,0.114
6603,0.114
6604,0.114
6605,0.114
6606,0.114
6607,0.114
6608,0.114
6609,0.114
6610,0.114
6611,0.114
6612,0.114
6613,0.114
6614,0.114
6615,0.114
6616,0.114
6617,0.114
6618,0.114
6619,0.114
6620,0.114
6621,0.114
6622,0.114
6623,0.114
6624,0.114
6625,0.114
6626,0.114
6627,0.114
6628,0.114
6629,0.114
6630,0.114
6631,0.114
6632,0.114
6633,0.114
6634,0.114
6635,0.114
6636,0.114
6637,0.114
6638,0.114
6639,0.114
6640,0.114
6641,0.114
6642,0.114
6643,0.114
6644,0.114
6645,0.114
6646,0.114
6647,0.114
6648,0.114
6649,0.114
6650,0.114
6651,0.114
6652,0.114
6653,0.114
6654,0.114
6655,0.114
6656,0.114
6657,0.114
6658,0.114
6659,0.114
6660,0.114
6661,0.114
6662,0.114
6663,0.114
6664,0.114
6665,0.114
6666,0.114
6667,0.114
6668,0.114
6669,0.114
6670,0.114
6671,0.114
6672,0.114
6673,0.114
6674,0.114
6675,0.114
6676,0.114
6677,0.114
6678,0.114
6679,0.114
6680,0.114
6681,0.114
6682,0.114
6683,0.114
6684,0.114
6685,0.114
6686,0.114
6687,0.114
6688,0.114
6689,0.114
6690,0.114
6691,0.114
6692,0.114
6693,0.114
6694,0.114
6695,0.114
6696,0.114
6697,0.114
6698,0.114
6699,0.114
6700,0.114
6701,0.114
6702,0.114
6703,0.114
6704,0.114
6705,0.114
6706,0.114
6707,0.114
6708,0.114
6709,0.114
6710,0.114
6711,0.114
6712,0.114
6713,0.114
6714,0.114
6715,0.114
6716,0.114
6717,0.114
6718,0.114
6719,0.114
6720,0.114
6721,0.114
6722,0.114
6723,0.114
6724,0.114
6725,0.114
6726,0.114
6727,0.114
6728,0.114
6729,0.114
6730,0.114
6731,0.114
6732,0.114
6733,0.114
6734,0.114
6735,0.114
6736,0.114
6737,0.114
6738,0.114
6739,0.114
6740,0.114
6741,0.114
6742,0.114
6743,0.114
6744,0.114
6745,0.114
6746,0.114
6747,0.114
6748,0.114
6749,0.114
6750,0.114
6751,0.114
6752,0.114
6753,0.114
6754,0.114
6755,0.114
6756,0.114
6757,0.114
6758,0.114
6759,0.114
6760,0.114
6761,0.114
6762,0.114
6763,0.114
6764,0.114
6765,0.114
6766,0.114
6767,0.114
6768,0.114
6769,0.114
6770,0.114
6771,0.114
6772,0.114
6773,0.114
6774,0.114
6775,0.114
6776,0.114
6777,0.114
6778,0.114
6779,0.114
6780,0.114
6781,0.114
6782,0.114
6783,0.114
6784,0.114
6785,0.114
6786,0.114
6787,0.114
6788,0.114
6789,0.114
6790,0.114
6791,0.114
6792,0.114
6793,0.114
6794,0.114
6795,0.114
6796,0.114
6797,0.114
6798,0.114
6799,0.114
6800,0.114
6801,0.114
6802,0.114
6803,0.114
6804,0.114
6805,0.114
6806,0.114
6807,0.114
6808,0.114
6809,0.114
6810,0.114
6811,0.114
6812,0.114
6813,0.114
6814,0.114
6815,0.114
6816,0.114
6817,0.114
6818,0.114
6819,0.114
6820,0.114
6821,0.114
6822,0.114
6823,0.114
6824,0.114
6825,0.114
6826,0.114
6827,0.114
6828,0.114
6829,0.114
6830,0.114
6831,0.114
6832,0.114
6833,0.114
6834,0.114
6835,0.114
6836,0.114
6837,0.114
6838,0.114
6839,0.114
6840,0.114
6841,0.114
6842,0.114
6843,0.114
6844,0.114
6845,0.114
6846,0.114
6847,0.114
6848,0.114
6849,0.114
6850,0.114
6851,0.114
6852,0.114
6853,0.114
6854,0.114
6855,0.114
6856,0.114
6857,0.114
6858,0.114
6859,0.114
6860,0.114
6861,0.114
6862,0.114
6863,0.114
6864,0.114
6865,0.114
6866,0.114
6867,0.114
6868,0.114
6869,0.114
6870,0.114
6871,0.114
6872,0.114
6873,0.114
6874,0.114
6875,0.114
6876,0.114
6877,0.114
6878,0.114
6879,0.114
6880,0.114
6881,0.114
6882,0.114
6883,0.114
6884,0.114
6885,0.114
6886,0.114
6887,0.114
6888,0.114
6889,0.114
6890,0.114
6891,0.114
6892,0.114
6893,0.114
6894,0.114
6895,0.114
6896,0.114
6897,0.114
6898,0.114
6899,0.114
6900,0.114
6901,0.114
6902,0.114
6903,0.114
6904,0.114
6905,0.114
6906,0.114
6907,0.114
6908,0.114
6909,0.114
6910,0.114
6911,0.114
6912,0.114
6913,0.114
6914,0.114
6915,0.114
6916,0.114
6917,0.114
6918,0.114
6919,0.114
6920,0.114
6921,0.114
6922,0.114
6923,0.114
6924,0.114
6925,0.114
6926,0.114
6927,0.114
6928,0.114
6929,0.114
6930,0.114
6931,0.114
6932,0.114
6933,0.114
6934,0.114
6935,0.114
6936,0.114
6937,0.114
6938,0.114
6939,0.114
6940,0.114
6941,0.114
6942,0.114
6943,0.114
6944,0.114
6945,0.114
6946,0.114
6947,0.114
6948,0.114
6949,0.114
6950,0.114
6951,0.114
6952,0.114
6953,0.114
6954,0.114
6955,0.114
6956,0.114
6957,0.114
6958,0.114
6959,0.114
6960,0.114
6961,0.114
6962,0.114
6963,0.114
6964,0.114
6965,0.114
6966,0.114
6967,0.114
6968,0.114
6969,0.114
6970,0.114
6971,0.114
6972,0.114
6973,0.114
6974,0.114
6975,0.114
6976,0.114
6977,0.114
6978,0.114
6979,0.114
6980,0.114
6981,0.114
6982,0.114
6983,0.114
6984,0.114
6985,0.114
6986,0.114
6987,0.114
6988,0.114
6989,0.114
6990,0.114
6991,0.114
6992,0.114
6993,0.114
6994,0.114
6995,0.114
6996,0.114
6997,0.114
6998,0.114
6999,0.114
7000,0.114
7001,0.114
7002,0.114
7003,0.114
7004,0.114
7005,0.114
7006,0.114
7007,0.114
7008,0.114
7009,0.114
7010,0.114
7011,0.114
7012,0.114
7013,0.114
7014,0.114
7015,0.114
7016,0.114
7017,0.114
7018,0.114
7019,0.114
7020,0.114
7021,0.114
7022,0.114
7023,0.114
7024,0.114
7025,0.114
7026,0.114
7027,0.114
7028,0.114
7029,0.114
7030,0.114
7031,0.114
7032,0.114
7033,0.114
7034,0.114
7035,0.114
7036,0.114
7037,0.114
7038,0.114
7039,0.114
7040,0.114
7041,0.114
7042,0.114
7043,0.114
7044,0.114
7045,0.114
7046,0.114
7047,0.114
7048,0.114
7049,0.114
7050,0.114
7051,0.114
7052,0.114
7053,0.114
7054,0.114
7055,0.114
7056,0.114
7057,0.114
7058,0.114
7059,0.114
7060,0.114
7061,0.114
7062,0.114
7063,0.114
7064,0.114
7065,0.114
7066,0.114
7067,0.114
7068,0.114
7069,0.114
7070,0.114
7071,0.114
7072,0.114
7073,0.114
7074,0.114
7075,0.114
7076,0.114
7077,0.114
7078,0.114
7079,0.114
7080,0.114
7081,0.114
7082,0.114
7083,0.114
7084,0.114
7085,0.114
7086,0.114
7087,0.114
7088,0.114
7089,0.114
7090,0.114
7091,0.114
7092,0.114
7093,0.114
7094,0.114
7095,0.114
7096,0.114
7097,0.114
7098,0.114
7099,0.114
7100,0.114
7101,0.114
7102,0.114
7103,0.114
7104,0.114
7105,0.114
7106,0.114
7107,0.114
7108,0.114
7109,0.114
7110,0.114
7111,0.114
7112,0.114
7113,0.114
7114,0.114
7115,0.114
7116,0.114
7117,0.114
7118,0.114
7119,0.114
7120,0.114
7121,0.114
7122,0.114
7123,0.114
7124,0.114
7125,0.114
7126,0.114
7127,0.114
7128,0.114
7129,0.114
7130,0.114
7131,0.114
7132,0.114
7133,0.114
7134,0.114
7135,0.114
7136,0.114
7137,0.114
7138,0.114
7139,0.114
7140,0.114
7141,0.114
7142,0.114
7143,0.114
7144,0.114
7145,0.114
7146,0.114
7147,0.114
7148,0.114
7149,0.114
7150,0.114
7151,0.114
7152,0.114
7153,0.114
7154,0.114
7155,0.114
7156,0.114
7157,0.114
7158,0.114
7159,0.114
7160,0.114
7161,0.114
7162,0.114
7163,0.114
7164,0.114
7165,0.114
7166,0.114
7167,0.114
7168,0.114
7169,0.114
7170,0.114
7171,0.114
7172,0.114
7173,0.114
7174,0.114
7175,0.114
7176,0.114
7177,0.114
7178,0.114
7179,0.114
7180,0.114
7181,0.114
7182,0.114
7183,0.114
7184,0.114
7185,0.114
7186,0.114
7187,0.114
7188,0.114
7189,0.114
7190,0.114
7191,0.114
7192,0.114
7193,0.114
7194,0.114
7195,0.114
7196,0.114
7197,0.114
7198,0.114
7199,0.114
7200,0.114
7201,0.114
7202,0.114
7203,0.114
7204,0.114
7205,0.114
7206,0.114
7207,0.114
7208,0.114
7209,0.114
7210,0.114
7211,0.114
7212,0.114
7213,0.114
7214,0.114
7215,0.114
7216,0.114
7217,0.114
7218,0.114
7219,0.114
7220,0.114
7221,0.114
7222,0.114
7223,0.114
7224,0.114
7225,0.114
7226,0.114
7227,0.114
7228,0.114
7229,0.114
7230,0.114
7231,0.114
7232,0.114
7233,0.114
7234,0.114
7235,0.114
7236,0.114
7237,0.114
7238,0.114
7239,0.114
7240,0.114
7241,0.114
7242,0.114
7243,0.114
7244,0.114
7245,0.114
7246,0.114
7247,0.114
7248,0.114
7249,0.114
7250,0.114
7251,0.114
7252,0.114
7253,0.114
7254,0.114
7255,0.114
7256,0.114
7257,0.114
7258,0.114
7259,0.114
7260,0.114
7261,0.114
7262,0.114
7263,0.114
7264,0.114
7265,0.114
7266,0.114
7267,0.114
7268,0.114
7269,0.114
7270,0.114
7271,0.114
7272,0.114
7273,0.114
7274,0.114
7275,0.114
7276,0.114
7277,0.114
7278,0.114
7279,0.114
7280,0.114
7281,0.114
7282,0.114
7283,0.114
7284,0.114
7285,0.114
7286,0.114
7287,0.114
7288,0.114
7289,0.114
7290,0.114
7291,0.114
7292,0.114
7293,0.114
7294,0.114
7295,0.114
7296,0.114
7297,0.114
7298,0.114
7299,0.114
7300,0.114
7301,0.114
7302,0.114
7303,0.114
7304,0.114
7305,0.114
7306,0.114
7307,0.114
7308,0.114
7309,0.114
7310,0.114
7311,0.114
7312,0.114
7313,0.114
7314,0.114
7315,0.114
7316,0.114
7317,0.114
7318,0.114
7319,0.114
7320,0.114
7321,0.114
7322,0.114
7323,0.114
7324,0.114
7325,0.114
7326,0.114
7327,0.114
7328,0.114
7329,0.114
7330,0.114
7331,0.114
7332,0.114
7333,0.114
7334,0.114
7335,0.114
7336,0.114
7337,0.114
7338,0.114
7339,0.114
7340,0.114
7341,0.114
7342,0.114
7343,0.114
7344,0.114
7345,0.114
7346,0.114
7347,0.114
7348,0.114
7349,0.114
7350,0.114
7351,0.114
7352,0.114
7353,0.114
7354,0.114
7355,0.114
7356,0.114
7357,0.114
7358,0.114
7359,0.114
7360,0.114
7361,0.114
7362,0.114
7363,0.114
7364,0.114
7365,0.114
7366,0.114
7367,0.114
7368,0.114
7369,0.114
7370,0.114
7371,0.114
7372,0.114
7373,0.114
7374,0.114
7375,0.114
7376,0.114
7377,0.114
7378,0.114
7379,0.114
7380,0.114
7381,0.114
7382,0.114
7383,0.114
7384,0.114
7385,0.114
7386,0.114
7387,0.114
7388,0.114
7389,0.114
7390,0.114
7391,0.114
7392,0.114
7393,0.114
7394,0.114
7395,0.114
7396,0.114
7397,0.114
7398,0.114
7399,0.114
7400,0.114
7401,0.114
7402,0.114
7403,0.114
7404,0.114
7405,0.114
7406,0.114
7407,0.114
7408,0.114
7409,0.114
7410,0.114
7411,0.114
7412,0.114
7413,0.114
7414,0.114
7415,0.114
7416,0.114
7417,0.114
7418,0.114
7419,0.114
7420,0.114
7421,0.114
7422,0.114
7423,0.114
7424,0.114
7425,0.114
7426,0.114
7427,0.114
7428,0.114
7429,0.114
7430,0.114
7431,0.114
7432,0.114
7433,0.114
7434,0.114
7435,0.114
7436,0.114
7437,0.114
7438,0.114
7439,0.114
7440,0.114
7441,0.114
7442,0.114
7443,0.114
7444,0.114
7445,0.114
7446,0.114
7447,0.114
7448,0.114
7449,0.114
7450,0.114
7451,0.114
7452,0.114
7453,0.114
7454,0.114
7455,0.114
7456,0.114
7457,0.114
7458,0.114
7459,0.114
7460,0.114
7461,0.114
7462,0.114
7463,0.114
7464,0.114
7465,0.114
7466,0.114
7467,0.114
7468,0.114
7469,0.114
7470,0.114
7471,0.114
7472,0.114
7473,0.114
7474,0.114
7475,0.114
7476,0.114
7477,0.114
7478,0.114
7479,0.114
7480,0.114
7481,0.114
7482,0.114
7483,0.114
7484,0.114
7485,0.114
7486,0.114
7487,0.114
7488,0.114
7489,0.114
7490,0.114
7491,0.114
7492,0.114
7493,0.114
7494,0.114
7495,0.114
7496,0.114
7497,0.114
7498,0.114
7499,0.114
7500,0.114
7501,0.114
7502,0.114
7503,0.114
7504,0.114
7505,0.114
7506,0.114
7507,0.114
7508,0.114
7509,0.114
7510,0.114
7511,0.114
7512,0.114
7513,0.114
7514,0.114
7515,0.114
7516,0.114
7517,0.114
7518,0.114
7519,0.114
7520,0.114
7521,0.114
7522,0.114
7523,0.114
7524,0.114
7525,0.114
7526,0.114
7527,0.114
7528,0.114
7529,0.114
7530,0.114
7531,0.114
7532,0.114
7533,0.114
7534,0.114
7535,0.114
7536,0.114
7537,0.114
7538,0.114
7539,0.114
7540,0.114
7541,0.114
7542,0.114
7543,0.114
7544,0.114
7545,0.114
7546,0.114
7547,0.114
7548,0.114
7549,0.114
7550,0.114
7551,0.114
7552,0.114
7553,0.114
7554,0.114
7555,0.114
7556,0.114
7557,0.114
7558,0.114
7559,0.114
7560,0.114
7561,0.114
7562,0.114
7563,0.114
7564,0.114
7565,0.114
7566,0.114
7567,0.114
7568,0.114
7569,0.114
7570,0.114
7571,0.114
7572,0.114
7573,0.114
7574,0.114
7575,0.114
7576,0.114
7577,0.114
7578,0.114
7579,0.114
7580,0.114
7581,0.114
7582,0.114
7583,0.114
7584,0.114
7585,0.114
7586,0.114
7587,0.114
7588,0.114
7589,0.114
7590,0.114
7591,0.114
7592,0.114
7593,0.114
7594,0.114
7595,0.114
7596,0.114
7597,0.114
7598,0.114
7599,0.114
7600,0.114
7601,0.114
7602,0.114
7603,0.114
7604,0.114
7605,0.114
7606,0.114
7607,0.114
7608,0.114
7609,0.114
7610,0.114
7611,0.114
7612,0.114
7613,0.114
7614,0.114
7615,0.114
7616,0.114
7617,0.114
7618,0.114
7619,0.114
7620,0.114
7621,0.114
7622,0.114
7623,0.114
7624,0.114
7625,0.114
7626,0.114
7627,0.114
7628,0.114
7629,0.114
7630,0.114
7631,0.114
7632,0.114
7633,0.114
7634,0.114
7635,0.114
7636,0.114
7637,0.114
7638,0.114
7639,0.114
7640,0.114
7641,0.114
7642,0.114
7643,0.114
7644,0.114
7645,0.114
7646,0.114
7647,0.114
7648,0.114
7649,0.114
7650,0.114
7651,0.114
7652,0.114
7653,0.114
7654,0.114
7655,0.114
7656,0.114
7657,0.114
7658,0.114
7659,0.114
7660,0.114
7661,0.114
7662,0.114
7663,0.114
7664,0.114
7665,0.114
7666,0.114
7667,0.114
7668,0.114
7669,0.114
7670,0.114
7671,0.114
7672,0.114
7673,0.114
7674,0.114
7675,0.114
7676,0.114
7677,0.114
7678,0.114
7679,0.114
7680,0.114
7681,0.114
7682,0.114
7683,0.114
7684,0.114
7685,0.114
7686,0.114
7687,0.114
7688,0.114
7689,0.114
7690,0.114
7691,0.114
7692,0.114
7693,0.114
7694,0.114
7695,0.114
7696,0.114
7697,0.114
7698,0.114
7699,0.114
7700,0.114
7701,0.114
7702,0.114
7703,0.114
7704,0.114
7705,0.114
7706,0.114
7707,0.114
7708,0.114
7709,0.114
7710,0.114
7711,0.114
7712,0.114
7713,0.114
7714,0.114
7715,0.114
7716,0.114
7717,0.114
7718,0.114
7719,0.114
7720,0.114
7721,0.114
7722,0.114
7723,0.114
7724,0.114
7725,0.114
7726,0.114
7727,0.114
7728,0.114
7729,0.114
7730,0.114
7731,0.114
7732,0.114
7733,0.114
7734,0.114
7735,0.114
7736,0.114
7737,0.114
7738,0.114
7739,0.114
7740,0.114
7741,0.114
7742,0.114
7743,0.114
7744,0.114
7745,0.114
7746,0.114
7747,0.114
7748,0.114
7749,0.114
7750,0.114
7751,0.114
7752,0.114
7753,0.114
7754,0.114
7755,0.114
7756,0.114
7757,0.114
7758,0.114
7759,0.114
7760,0.114
7761,0.114
7762,0.114
7763,0.114
7764,0.114
7765,0.114
7766,0.114
7767,0.114
7768,0.114
7769,0.114
7770,0.114
7771,0.114
7772,0.114
7773,0.114
7774,0.114
7775,0.114
7776,0.114
7777,0.114
7778,0.114
7779,0.114
7780,0.114
7781,0.114
7782,0.114
7783,0.114
7784,0.114
7785,0.114
7786,0.114
7787,0.114
7788,0.114
7789,0.114
7790,0.114
7791,0.114
7792,0.114
7793,0.114
7794,0.114
7795,0.114
7796,0.114
7797,0.114
7798,0.114
7799,0.114
7800,0.114
7801,0.114
7802,0.114
7803,0.114
7804,0.114
7805,0.114
7806,0.114
7807,0.114
7808,0.114
7809,0.114
7810,0.114
7811,0.114
7812,0.114
7813,0.114
7814,0.114
7815,0.114
7816,0.114
7817,0.114
7818,0.114
7819,0.114
7820,0.114
7821,0.114
7822,0.114
7823,0.114
7824,0.114
7825,0.114
7826,0.114
7827,0.114
7828,0.114
7829,0.114
7830,0.114
7831,0.114
7832,0.114
7833,0.114
7834,0.114
7835,0.114
7836,0.114
7837,0.114
7838,0.114
7839,0.114
7840,0.114
7841,0.114
7842,0.114
7843,0.114
7844,0.114
7845,0.114
7846,0.114
7847,0.114
7848,0.114
7849,0.114
7850,0.114
7851,0.114
7852,0.114
7853,0.114
7854,0.114
7855,0.114
7856,0.114
7857,0.114
7858,0.114
7859,0.114
7860,0.114
7861,0.114
7862,0.114
7863,0.114
7864,0.114
7865,0.114
7866,0.114
7867,0.114
7868,0.114
7869,0.114
7870,0.114
7871,0.114
7872,0.114
7873,0.114
7874,0.114
7875,0.114
7876,0.114
7877,0.114
7878,0.114
7879,0.114
7880,0.114
7881,0.114
7882,0.114
7883,0.114
7884,0.114
7885,0.114
7886,0.114
7887,0.114
7888,0.114
7889,0.114
7890,0.114
7891,0.114
7892,0.114
7893,0.114
7894,0.114
7895,0.114
7896,0.114
7897,0.114
7898,0.114
7899,0.114
7900,0.114
7901,0.114
7902,0.114
7903,0.114
7904,0.114
7905,0.114
7906,0.114
7907,0.114
7908,0.114
7909,0.114
7910,0.114
7911,0.114
7912,0.114
7913,0.114
7914,0.114
7915,0.114
7916,0.114
7917,0.114
7918,0.114
7919,0.114
7920,0.114
7921,0.114
7922,0.114
7923,0.114
7924,0.114
7925,0.114
7926,0.114
7927,0.114
7928,0.114
7929,0.114
7930,0.114
7931,0.114
7932,0.114
7933,0.114
7934,0.114
7935,0.114
7936,0.114
7937,0.114
7938,0.114
7939,0.114
7940,0.114
7941,0.114
7942,0.114
7943,0.114
7944,0.114
7945,0.114
7946,0.114
7947,0.114
7948,0.114
7949,0.114
7950,0.114
7951,0.114
7952,0.114
7953,0.114
7954,0.114
7955,0.114
7956,0.114
7957,0.114
7958,0.114
7959,0.114
7960,0.114
7961,0.114
7962,0.114
7963,0.114
7964,0.114
7965,0.114
7966,0.114
7967,0.114
7968,0.114
7969,0.114
7970,0.114
7971,0.114
7972,0.114
7973,0.114
7974,0.114
7975,0.114
7976,0.114
7977,0.114
7978,0.114
7979,0.114
7980,0.114
7981,0.114
7982,0.114
7983,0.114
7984,0.114
7985,0.114
7986,0.114
7987,0.114
7988,0.114
7989,0.114
7990,0.114
7991,0.114
7992,0.114
7993,0.114
7994,0.114
7995,0.114
7996,0.114
7997,0.114
7998,0.114
7999,0.114
8000,0.114
8001,0.114
8002,0.114
8003,0.114
8004,0.114
8005,0.114
8006,0.114
8007,0.114
8008,0.114
8009,0.114
8010,0.114
8011,0.114
8012,0.114
8013,0.114
8014,0.114
8015,0.114
8016,0.114
8017,0.114
8018,0.114
8019,0.114
8020,0.114
8021,0.114
8022,0.114
8023,0.114
8024,0.114
8025,0.114
8026,0.114
8027,0.114
8028,0.114
8029,0.114
8030,0.114
8031,0.114
8032,0.114
8033,0.114
8034,0.114
8035,0.114
8036,0.114
8037,0.114
8038,0.114
8039,0.114
8040,0.114
8041,0.114
8042,0.114
8043,0.114
8044,0.114
8045,0.114
8046,0.114
8047,0.114
8048,0.114
8049,0.114
8050,0.114
8051,0.114
8052,0.114
8053,0.114
8054,0.114
8055,0.114
8056,0.114
8057,0.114
8058,0.114
8059,0.114
8060,0.114
8061,0.114
8062,0.114
8063,0.114
8064,0.114
8065,0.114
8066,0.114
8067,0.114
8068,0.114
8069,0.114
8070,0.114
8071,0.114
8072,0.114
8073,0.114
8074,0.114
8075,0.114
8076,0.114
8077,0.114
8078,0.114
8079,0.114
8080,0.114
8081,0.114
8082,0.114
8083,0.114
8084,0.114
8085,0.114
8086,0.114
8087,0.114
8088,0.114
8089,0.114
8090,0.114
8091,0.114
8092,0.114
8093,0.114
8094,0.114
8095,0.114
8096,0.114
8097,0.114
8098,0.114
8099,0.114
8100,0.114
8101,0.114
8102,0.114
8103,0.114
8104,0.114
8105,0.114
8106,0.114
8107,0.114
8108,0.114
8109,0.114
8110,0.114
8111,0.114
8112,0.114
8113,0.114
8114,0.114
8115,0.114
8116,0.114
8117,0.114
8118,0.114
8119,0.114
8120,0.114
8121,0.114
8122,0.114
8123,0.114
8124,0.114
8125,0.114
8126,0.114
8127,0.114
8128,0.114
8129,0.114
8130,0.114
8131,0.114
8132,0.114
8133,0.114
8134,0.114
8135,0.114
8136,0.114
8137,0.114
8138,0.114
8139,0.114
8140,0.114
8141,0.114
8142,0.114
8143,0.114
8144,0.114
8145,0.114
8146,0.114
8147,0.114
8148,0.114
8149,0.114
8150,0.114
8151,0.114
8152,0.114
8153,0.114
8154,0.114
8155,0.114
8156,0.114
8157,0.114
8158,0.114
8159,0.114
8160,0.114
8161,0.114
8162,0.114
8163,0.114
8164,0.114
8165,0.114
8166,0.114
8167,0.114
8168,0.11395454545454546
8169,0.11390909090909092
8170,0.11386363636363636
8171,0.11381818181818182
8172,0.11377272727272728
8173,0.11372727272727273
8174,0.11368181818181818
8175,0.11363636363636363
8176,0.11359090909090909
8177,0.11354545454545455
8178,0.11349999999999999
8179,0.11345454545454545
8180,0.1134090909090909
8181,0.11336363636363636
8182,0.11331818181818182
8183,0.11327272727272726
8184,0.11322727272727272
8185,0.11318181818181818
8186,0.11313636363636363
8187,0.11309090909090908
8188,0.11304545454545453
8189,0.11299999999999999
8190,0.11296296296296295
8191,0.11292592592592592
8192,0.11288888888888887
8193,0.11285185185185184
8194,0.1128148148148148
8195,0.11277777777777777
8196,0.11274074074074072
8197,0.1127037037037037
8198,0.11266666666666665
8199,0.11262962962962962
8200,0.11259259259259258
8201,0.11255555555555555
8202,0.1125185185185185
8203,0.11248148148148147
8204,0.11244444444444443
8205,0.1124074074074074
8206,0.11237037037037036
8207,0.11233333333333333
8208,0.11229629629629628
8209,0.11225925925925925
8210,0.11222222222222221
8211,0.11218518518518518
8212,0.11214814814814814
8213,0.1121111111111111
8214,0.11207407407407406
8215,0.11203703703703703
8216,0.11199999999999999
8217,0.11199999999999999
8218,0.11199999999999999
8219,0.11199999999999999
8220,0.11199999999999999
8221,0.11199999999999999
8222,0.11199999999999999
8223,0.11199999999999999
8224,0.11199999999999999
8225,0.11199999999999999
8226,0.11199999999999999
8227,0.11199999999999999
8228,0.11199999999999999
8229,0.11199999999999999
8230,0.11199999999999999
8231,0.11199999999999999
8232,0.11199999999999999
8233,0.11199999999999999
8234,0.11199999999999999
8235,0.11199999999999999
8236,0.11199999999999999
8237,0.11199999999999999
8238,0.11199999999999999
8239,0.11199999999999999
8240,0.11199999999999999
8241,0.11199999999999999
8242,0.11199999999999999
8243,0.11199999999999999
8244,0.11199999999999999
8245,0.11199999999999999
8246,0.11199999999999999
8247,0.11199999999999999
8248,0.11199999999999999
8249,0.11199999999999999
8250,0.11199999999999999
8251,0.11199999999999999
8252,0.11199999999999999
8253,0.11199999999999999
8254,0.11199999999999999
8255,0.11199999999999999
8256,0.11199999999999999
8257,0.11199999999999999
8258,0.11199999999999999
8259,0.11199999999999999
8260,0.11199999999999999
8261,0.11199999999999999
8262,0.11199999999999999
8263,0.11199999999999999
8264,0.11199999999999999
8265,0.11199999999999999
8266,0.11199999999999999
8267,0.11199999999999999
8268,0.11199999999999999
8269,0.11199999999999999
8270,0.11199999999999999
8271,0.11199999999999999
8272,0.11199999999999999
8273,0.11199999999999999
8274,0.11199999999999999
8275,0.11199999999999999
8276,0.11199999999999999
8277,0.11199999999999999
8278,0.11199999999999999
8279,0.11199999999999999
8280,0.11199999999999999
8281,0.11199999999999999
8282,0.11199999999999999
8283,0.11199999999999999
8284,0.11199999999999999
8285,0.11199999999999999
8286,0.11199999999999999
8287,0.11199999999999999
8288,0.11199999999999999
8289,0.11199999999999999
8290,0.11199999999999999
8291,0.11199999999999999
8292,0.11199999999999999
8293,0.11199999999999999
8294,0.11199999999999999
8295,0.11199999999999999
8296,0.11199999999999999
8297,0.11199999999999999
8298,0.11199999999999999
8299,0.11199999999999999
8300,0.11199999999999999
8301,0.11199999999999999
8302,0.11199999999999999
8303,0.11199999999999999
8304,0.11199999999999999
8305,0.11199999999999999
8306,0.11199999999999999
8307,0.11199999999999999
8308,0.11199999999999999
8309,0.11199999999999999
8310,0.11199999999999999
8311,0.11199999999999999
8312,0.11199999999999999
8313,0.11199999999999999
8314,0.11199999999999999
8315,0.11199999999999999
8316,0.11199999999999999
8317,0.11199999999999999
8318,0.11199999999999999
8319,0.11199999999999999
8320,0.11199999999999999
8321,0.11199999999999999
8322,0.11199999999999999
8323,0.11199999999999999
8324,0.11199999999999999
8325,0.11199999999999999
8326,0.11199999999999999
8327,0.11199999999999999
8328,0.11199999999999999
8329,0.11199999999999999
8330,0.11199999999999999
8331,0.11199999999999999
8332,0.11199999999999999
8333,0.11199999999999999
8334,0.11199999999999999
8335,0.11199999999999999
8336,0.11199999999999999
8337,0.11199999999999999
8338,0.11199999999999999
8339,0.11199999999999999
8340,0.11199999999999999
8341,0.11199999999999999
8342,0.11199999999999999
8343,0.11199999999999999
8344,0.11199999999999999
8345,0.11199999999999999
8346,0.11199999999999999
8347,0.11199999999999999
8348,0.11199999999999999
8349,0.11199999999999999
8350,0.11199999999999999
8351,0.11199999999999999
8352,0.11199999999999999
8353,0.11199999999999999
8354,0.11199999999999999
8355,0.11199999999999999
8356,0.11199999999999999
8357,0.11199999999999999
8358,0.11199999999999999
8359,0.11199999999999999
8360,0.11199999999999999
8361,0.11199999999999999
8362,0.11199999999999999
8363,0.11199999999999999
8364,0.11199999999999999
8365,0.11199999999999999
8366,0.11199999999999999
8367,0.11199999999999999
8368,0.11199999999999999
8369,0.11199999999999999
8370,0.11199999999999999
8371,0.11199999999999999
8372,0.11199999999999999
8373,0.11199999999999999
8374,0.11199999999999999
8375,0.11199999999999999
8376,0.11199999999999999
8377,0.11199999999999999
8378,0.11199999999999999
8379,0.11199999999999999
8380,0.11199999999999999
8381,0.11199999999999999
8382,0.11199999999999999
8383,0.11199999999999999
8384,0.11199999999999999
8385,0.11199999999999999
8386,0.11199999999999999
8387,0.11199999999999999
8388,0.11199999999999999
8389,0.11199999999999999
8390,0.11199999999999999
8391,0.11199999999999999
8392,0.11199999999999999
8393,0.11199999999999999
8394,0.11199999999999999
8395,0.11199999999999999
8396,0.11199999999999999
8397,0.11199999999999999
8398,0.11199999999999999
8399,0.11199999999999999
8400,0.11199999999999999
8401,0.11199999999999999
8402,0.11199999999999999
8403,0.11199999999999999
8404,0.11199999999999999
8405,0.11199999999999999
8406,0.11199999999999999
8407,0.11199999999999999
8408,0.11199999999999999
8409,0.11199999999999999
8410,0.11199999999999999
8411,0.11199999999999999
8412,0.11199999999999999
8413,0.11199999999999999
8414,0.11199999999999999
8415,0.11199999999999999
8416,0.11199999999999999
8417,0.11199999999999999
8418,0.11199999999999999
8419,0.11199999999999999
8420,0.11199999999999999
8421,0.11199999999999999
8422,0.11199999999999999
8423,0.11199999999999999
8424,0.11199999999999999
8425,0.11199999999999999
8426,0.11199999999999999
8427,0.11199999999999999
8428,0.11199999999999999
8429,0.11199999999999999
8430,0.11199999999999999
8431,0.11199999999999999
8432,0.11199999999999999
8433,0.11199999999999999
8434,0.11199999999999999
8435,0.11199999999999999
8436,0.11199999999999999
8437,0.11199999999999999
8438,0.11199999999999999
8439,0.11199999999999999
8440,0.11199999999999999
8441,0.11199999999999999
8442,0.11199999999999999
8443,0.11199999999999999
8444,0.11199999999999999
8445,0.11199999999999999
8446,0.11199999999999999
8447,0.11199999999999999
8448,0.11199999999999999
8449,0.11199999999999999
8450,0.11199999999999999
8451,0.11199999999999999
8452,0.11199999999999999
8453,0.11199999999999999
8454,0.11199999999999999
8455,0.11199999999999999
8456,0.11199999999999999
8457,0.11199999999999999
8458,0.11199999999999999
8459,0.11199999999999999
8460,0.11199999999999999
8461,0.11199999999999999
8462,0.11199999999999999
8463,0.11199999999999999
8464,0.11199999999999999
8465,0.11199999999999999
8466,0.11199999999999999
8467,0.11199999999999999
8468,0.11199999999999999
8469,0.11199999999999999
8470,0.11199999999999999
8471,0.11199999999999999
8472,0.11199999999999999
8473,0.11199999999999999
8474,0.11199999999999999
8475,0.11199999999999999
8476,0.11199999999999999
8477,0.11199999999999999
8478,0.11199999999999999
8479,0.11199999999999999
8480,0.11199999999999999
8481,0.11199999999999999
8482,0.11199999999999999
8483,0.11199999999999999
8484,0.11199999999999999
8485,0.11199999999999999
8486,0.11199999999999999
8487,0.11199999999999999
8488,0.11199999999999999
8489,0.11199999999999999
8490,0.11199999999999999
8491,0.11199999999999999
8492,0.11199999999999999
8493,0.11199999999999999
8494,0.11199999999999999
8495,0.11199999999999999
8496,0.11199999999999999
8497,0.11199999999999999
8498,0.11199999999999999
8499,0.11199999999999999
8500,0.11199999999999999
8501,0.11199999999999999
8502,0.11199999999999999
8503,0.11199999999999999
8504,0.11199999999999999
8505,0.11199999999999999
8506,0.11199999999999999
8507,0.11199999999999999
8508,0.11199999999999999
8509,0.11199999999999999
8510,0.11199999999999999
8511,0.11199999999999999
8512,0.11199999999999999
8513,0.11199999999999999
8514,0.11199999999999999
8515,0.11199999999999999
8516,0.11199999999999999
8517,0.11199999999999999
8518,0.11199999999999999
8519,0.11199999999999999
8520,0.11199999999999999
8521,0.11199999999999999
8522,0.11199999999999999
8523,0.11199999999999999
8524,0.11199999999999999
8525,0.11199999999999999
8526,0.11199999999999999
8527,0.11199999999999999
8528,0.11199999999999999
8529,0.11199999999999999
8530,0.11199999999999999
8531,0.11199999999999999
8532,0.11199999999999999
8533,0.11199999999999999
8534,0.11199999999999999
8535,0.11199999999999999
8536,0.11199999999999999
8537,0.11199999999999999
8538,0.11199999999999999
8539,0.11199999999999999
8540,0.11199999999999999
8541,0.11199999999999999
8542,0.11199999999999999
8543,0.11199999999999999
8544,0.11199999999999999
8545,0.11199999999999999
8546,0.11199999999999999
8547,0.11199999999999999
8548,0.11199999999999999
8549,0.11199999999999999
8550,0.11199999999999999
8551,0.11199999999999999
8552,0.11199999999999999
8553,0.11199999999999999
8554,0.11199999999999999
8555,0.11199999999999999
8556,0.11199999999999999
8557,0.11199999999999999
8558,0.11199999999999999
8559,0.11199999999999999
8560,0.11199999999999999
8561,0.11199999999999999
8562,0.11199999999999999
8563,0.11199999999999999
8564,0.11199999999999999
8565,0.11199999999999999
8566,0.11199999999999999
8567,0.11199999999999999
8568,0.11199999999999999
8569,0.11199999999999999
8570,0.11199999999999999
8571,0.11199999999999999
8572,0.11199999999999999
8573,0.11199999999999999
8574,0.11199999999999999
8575,0.11199999999999999
8576,0.11199999999999999
8577,0.11199999999999999
8578,0.11199999999999999
8579,0.11199999999999999
8580,0.11199999999999999
8581,0.11199999999999999
8582,0.11199999999999999
8583,0.11199999999999999
8584,0.11199999999999999
8585,0.11199999999999999
8586,0.11199999999999999
8587,0.11199999999999999
8588,0.11199999999999999
8589,0.11199999999999999
8590,0.11199999999999999
8591,0.11199999999999999
8592,0.11199999999999999
8593,0.11199999999999999
8594,0.11199999999999999
8595,0.11199999999999999
8596,0.11199999999999999
8597,0.11199999999999999
8598,0.11199999999999999
8599,0.11199999999999999
8600,0.11199999999999999
8601,0.11199999999999999
8602,0.11199999999999999
8603,0.11199999999999999
8604,0.11199999999999999
8605,0.11199999999999999
8606,0.11199999999999999
8607,0.11199999999999999
8608,0.11199999999999999
8609,0.11199999999999999
8610,0.11199999999999999
8611,0.11199999999999999
8612,0.11199999999999999
8613,0.11199999999999999
8614,0.11199999999999999
8615,0.11199999999999999
8616,0.11199999999999999
8617,0.11199999999999999
8618,0.11199999999999999
8619,0.11199999999999999
8620,0.11199999999999999
8621,0.11199999999999999
8622,0.11199999999999999
8623,0.11199999999999999
8624,0.11199999999999999
8625,0.11199999999999999
8626,0.11199999999999999
8627,0.11199999999999999
8628,0.11199999999999999
8629,0.11199999999999999
8630,0.11199999999999999
8631,0.11199999999999999
8632,0.11199999999999999
8633,0.11199999999999999
8634,0.11199999999999999
8635,0.11199999999999999
8636,0.11199999999999999
8637,0.11199999999999999
8638,0.11199999999999999
8639,0.11199999999999999
8640,0.11199999999999999
8641,0.11199999999999999
8642,0.11199999999999999
8643,0.11199999999999999
8644,0.11199999999999999
8645,0.11199999999999999
8646,0.11199999999999999
8647,0.11199999999999999
8648,0.11199999999999999
8649,0.11199999999999999
8650,0.11199999999999999
8651,0.11199999999999999
8652,0.11199999999999999
8653,0.11199999999999999
8654,0.11199999999999999
8655,0.11199999999999999
8656,0.11199999999999999
8657,0.11199999999999999
8658,0.11199999999999999
8659,0.11199999999999999
8660,0.11199999999999999
8661,0.11199999999999999
8662,0.11199999999999999
8663,0.11199999999999999
8664,0.11199999999999999
8665,0.11199999999999999
8666,0.11199999999999999
8667,0.11199999999999999
8668,0.11199999999999999
8669,0.11199999999999999
8670,0.11199999999999999
8671,0.11199999999999999
8672,0.11199999999999999
8673,0.11199999999999999
8674,0.11199999999999999
8675,0.11199999999999999
8676,0.11199999999999999
8677,0.11199999999999999
8678,0.11199999999999999
8679,0.11199999999999999
8680,0.11199999999999999
8681,0.11199999999999999
8682,0.11199999999999999
8683,0.11199999999999999
8684,0.11199999999999999
8685,0.11199999999999999
8686,0.11199999999999999
8687,0.11199999999999999
8688,0.11199999999999999
8689,0.11199999999999999
8690,0.11199999999999999
8691,0.11199999999999999
8692,0.11199999999999999
8693,0.11199999999999999
8694,0.11199999999999999
8695,0.11199999999999999
8696,0.11199999999999999
8697,0.11199999999999999
8698,0.11199999999999999
8699,0.11199999999999999
8700,0.11199999999999999
8701,0.11199999999999999
8702,0.11199999999999999
8703,0.11199999999999999
8704,0.11199999999999999
8705,0.11199999999999999
8706,0.11199999999999999
8707,0.11199999999999999
8708,0.11199999999999999
8709,0.11199999999999999
8710,0.11199999999999999
8711,0.11199999999999999
8712,0.11199999999999999
8713,0.11199999999999999
8714,0.11199999999999999
8715,0.11199999999999999
8716,0.11199999999999999
8717,0.11199999999999999
8718,0.11199999999999999
8719,0.11199999999999999
8720,0.11199999999999999
8721,0.11199999999999999
8722,0.11199999999999999
8723,0.11199999999999999
8724,0.11199999999999999
8725,0.11199999999999999
8726,0.11199999999999999
8727,0.11199999999999999
8728,0.11199999999999999
8729,0.11199999999999999
8730,0.11199999999999999
8731,0.11199999999999999
8732,0.11199999999999999
8733,0.11199999999999999
8734,0.11199999999999999
8735,0.11199999999999999
8736,0.11199999999999999
8737,0.11199999999999999
8738,0.11199999999999999
8739,0.11199999999999999
8740,0.11199999999999999
8741,0.11199999999999999
8742,0.11199999999999999
8743,0.11199999999999999
8744,0.11199999999999999
8745,0.11199999999999999
8746,0.11199999999999999
8747,0.11199999999999999
8748,0.11199999999999999
8749,0.11199999999999999
8750,0.11199999999999999
8751,0.11199999999999999
8752,0.11199999999999999
8753,0.11199999999999999
8754,0.11199999999999999
8755,0.11199999999999999
8756,0.11199999999999999
8757,0.11199999999999999
8758,0.11199999999999999
8759,0.11199999999999999
8760,0.11199999999999999
8761,0.11199999999999999
8762,0.11199999999999999
8763,0.11199999999999999
8764,0.11199999999999999
8765,0.11199999999999999
8766,0.11199999999999999
8767,0.11199999999999999
8768,0.11199999999999999
8769,0.11199999999999999
8770,0.11199999999999999
8771,0.11199999999999999
8772,0.11199999999999999
8773,0.11199999999999999
8774,0.11199999999999999
8775,0.11199999999999999
8776,0.11199999999999999
8777,0.11199999999999999
8778,0.11199999999999999
8779,0.11199999999999999
8780,0.11199999999999999
8781,0.11199999999999999
8782,0.11199999999999999
8783,0.11199999999999999
8784,0.11199999999999999
8785,0.11199999999999999
8786,0.11199999999999999
8787,0.11199999999999999
8788,0.11199999999999999
8789,0.11199999999999999
8790,0.11199999999999999
8791,0.11199999999999999
8792,0.11199999999999999
8793,0.11199999999999999
8794,0.11199999999999999
8795,0.11199999999999999
8796,0.11199999999999999
8797,0.11199999999999999
8798,0.11199999999999999
8799,0.11199999999999999
8800,0.11199999999999999
8801,0.11199999999999999
8802,0.11199999999999999
8803,0.11199999999999999
8804,0.11199999999999999
8805,0.11199999999999999
8806,0.11199999999999999
8807,0.11199999999999999
8808,0.11199999999999999
8809,0.11199999999999999
8810,0.11199999999999999
8811,0.11199999999999999
8812,0.11199999999999999
8813,0.11199999999999999
8814,0.11199999999999999
8815,0.11199999999999999
8816,0.11199999999999999
8817,0.11199999999999999
8818,0.11199999999999999
8819,0.11199999999999999
8820,0.11199999999999999
8821,0.11199999999999999
8822,0.11199999999999999
8823,0.11199999999999999
8824,0.11199999999999999
8825,0.11199999999999999
8826,0.11199999999999999
8827,0.11199999999999999
8828,0.11199999999999999
8829,0.11199999999999999
8830,0.11199999999999999
8831,0.11199999999999999
8832,0.11199999999999999
8833,0.11199999999999999
8834,0.11199999999999999
8835,0.11199999999999999
8836,0.11199999999999999
8837,0.11199999999999999
8838,0.11199999999999999
8839,0.11199999999999999
8840,0.11199999999999999
8841,0.11199999999999999
8842,0.11199999999999999
8843,0.11199999999999999
8844,0.11199999999999999
8845,0.11199999999999999
8846,0.11199999999999999
8847,0.11199999999999999
8848,0.11199999999999999
8849,0.11199999999999999
8850,0.11199999999999999
8851,0.11199999999999999
8852,0.11199999999999999
8853,0.11199999999999999
8854,0.11199999999999999
8855,0.11199999999999999
8856,0.11199999999999999
8857,0.11199999999999999
8858,0.11199999999999999
8859,0.11199999999999999
8860,0.11199999999999999
8861,0.11199999999999999
8862,0.11199999999999999
8863,0.11199999999999999
8864,0.11199999999999999
8865,0.11199999999999999
8866,0.11199999999999999
8867,0.11199999999999999
8868,0.11199999999999999
8869,0.11199999999999999
8870,0.11199999999999999
8871,0.11199999999999999
8872,0.11199999999999999
8873,0.11199999999999999
8874,0.11199999999999999
8875,0.11199999999999999
8876,0.11199999999999999
8877,0.11199999999999999
8878,0.11199999999999999
8879,0.11199999999999999
8880,0.11199999999999999
8881,0.11199999999999999
8882,0.11199999999999999
8883,0.11199999999999999
8884,0.11199999999999999
8885,0.11199999999999999
8886,0.11199999999999999
8887,0.11199999999999999
8888,0.11199999999999999
8889,0.11199999999999999
8890,0.11199999999999999
8891,0.11199999999999999
8892,0.11199999999999999
8893,0.11199999999999999
8894,0.11199999999999999
8895,0.11199999999999999
8896,0.11199999999999999
8897,0.11199999999999999
8898,0.11199999999999999
8899,0.11199999999999999
8900,0.11199999999999999
8901,0.11199999999999999
8902,0.11199999999999999
8903,0.11199999999999999
8904,0.11199999999999999
8905,0.11199999999999999
8906,0.11199999999999999
8907,0.11199999999999999
8908,0.11199999999999999
8909,0.11199999999999999
8910,0.11199999999999999
8911,0.11199999999999999
8912,0.11199999999999999
8913,0.11199999999999999
8914,0.11199999999999999
8915,0.11199999999999999
8916,0.11199999999999999
8917,0.11199999999999999
8918,0.11199999999999999
8919,0.11199999999999999
8920,0.11199999999999999
8921,0.11199999999999999
8922,0.11199999999999999
8923,0.11199999999999999
8924,0.11199999999999999
8925,0.11199999999999999
8926,0.11199999999999999
8927,0.11199999999999999
8928,0.11199999999999999
8929,0.11199999999999999
8930,0.11199999999999999
8931,0.11199999999999999
8932,0.11199999999999999
8933,0.11199999999999999
8934,0.11199999999999999
8935,0.11199999999999999
8936,0.11199999999999999
8937,0.11199999999999999
8938,0.11199999999999999
8939,0.11199999999999999
8940,0.11199999999999999
8941,0.11199999999999999
8942,0.11199999999999999
8943,0.11199999999999999
8944,0.11199999999999999
8945,0.11199999999999999
8946,0.11199999999999999
8947,0.11199999999999999
8948,0.11199999999999999
8949,0.11199999999999999
8950,0.11199999999999999
8951,0.11199999999999999
8952,0.11199999999999999
8953,0.11199999999999999
8954,0.11199999999999999
8955,0.11199999999999999
8956,0.11199999999999999
8957,0.11199999999999999
8958,0.11199999999999999
8959,0.11199999999999999
8960,0.11199999999999999
8961,0.11199999999999999
8962,0.11199999999999999
8963,0.11199999999999999
8964,0.11199999999999999
8965,0.11199999999999999
8966,0.11199999999999999
8967,0.11199999999999999
8968,0.11199999999999999
8969,0.11199999999999999
8970,0.11199999999999999
8971,0.11199999999999999
8972,0.11199999999999999
8973,0.11199999999999999
8974,0.11199999999999999
8975,0.11199999999999999
8976,0.11199999999999999
8977,0.11199999999999999
8978,0.11199999999999999
8979,0.11199999999999999
8980,0.11199999999999999
8981,0.11199999999999999
8982,0.11199999999999999
8983,0.11199999999999999
8984,0.11199999999999999
8985,0.11199999999999999
8986,0.11199999999999999
8987,0.11199999999999999
8988,0.11199999999999999
8989,0.11199999999999999
8990,0.11199999999999999
8991,0.11199999999999999
8992,0.11199999999999999
8993,0.11199999999999999
8994,0.11199999999999999
8995,0.11199999999999999
8996,0.11199999999999999
8997,0.11199999999999999
8998,0.11199999999999999
8999,0.11199999999999999
9000,0.11199999999999999
9001,0.11199999999999999
9002,0.11199999999999999
9003,0.11199999999999999
9004,0.11199999999999999
9005,0.11199999999999999
9006,0.11199999999999999
9007,0.11199999999999999
9008,0.11199999999999999
9009,0.11199999999999999
9010,0.11199999999999999
9011,0.11199999999999999
9012,0.11199999999999999
9013,0.11199999999999999
9014,0.11199999999999999
9015,0.11199999999999999
9016,0.11199999999999999
9017,0.11199999999999999
9018,0.11199999999999999
9019,0.11199999999999999
9020,0.11199999999999999
9021,0.11199999999999999
9022,0.11199999999999999
9023,0.11199999999999999
9024,0.11199999999999999
9025,0.11199999999999999
9026,0.11199999999999999
9027,0.11199999999999999
9028,0.11199999999999999
9029,0.11199999999999999
9030,0.11199999999999999
9031,0.11199999999999999
9032,0.11199999999999999
9033,0.11199999999999999
9034,0.11199999999999999
9035,0.11199999999999999
9036,0.11199999999999999
9037,0.11199999999999999
9038,0.11199999999999999
9039,0.11199999999999999
9040,0.11199999999999999
9041,0.11199999999999999
9042,0.11199999999999999
9043,0.11199999999999999
9044,0.11199999999999999
9045,0.11199999999999999
9046,0.11199999999999999
9047,0.11199999999999999
9048,0.11199999999999999
9049,0.11199999999999999
9050,0.11199999999999999
9051,0.11199999999999999
9052,0.11199999999999999
9053,0.11199999999999999
9054,0.11199999999999999
9055,0.11199999999999999
9056,0.11199999999999999
9057,0.11199999999999999
9058,0.11199999999999999
9059,0.11199999999999999
9060,0.11199999999999999
9061,0.11199999999999999
9062,0.11199999999999999
9063,0.11199999999999999
9064,0.11199999999999999
9065,0.11199999999999999
9066,0.11199999999999999
9067,0.11199999999999999
9068,0.11199999999999999
9069,0.11199999999999999
9070,0.11199999999999999
9071,0.11199999999999999
9072,0.11199999999999999
9073,0.11199999999999999
9074,0.11199999999999999
9075,0.11199999999999999
9076,0.11199999999999999
9077,0.11199999999999999
9078,0.11199999999999999
9079,0.11199999999999999
9080,0.11199999999999999
9081,0.11199999999999999
9082,0.11199999999999999
9083,0.11199999999999999
9084,0.11199999999999999
9085,0.11199999999999999
9086,0.11199999999999999
9087,0.11199999999999999
9088,0.11199999999999999
9089,0.11199999999999999
9090,0.11199999999999999
9091,0.11199999999999999
9092,0.11199999999999999
9093,0.11199999999999999
9094,0.11199999999999999
9095,0.11199999999999999
9096,0.11199999999999999
9097,0.11199999999999999
9098,0.11199999999999999
9099,0.11199999999999999
9100,0.11199999999999999
9101,0.11199999999999999
9102,0.11199999999999999
9103,0.11199999999999999
9104,0.11199999999999999
9105,0.11199999999999999
9106,0.11199999999999999
9107,0.11199999999999999
9108,0.11199999999999999
9109,0.11199999999999999
9110,0.11199999999999999
9111,0.11199999999999999
9112,0.11199999999999999
9113,0.11199999999999999
9114,0.11199999999999999
9115,0.11199999999999999
9116,0.11199999999999999
9117,0.11199999999999999
9118,0.11199999999999999
9119,0.11199999999999999
9120,0.11199999999999999
9121,0.11199999999999999
9122,0.11199999999999999
9123,0.11199999999999999
9124,0.11199999999999999
9125,0.11199999999999999
9126,0.11199999999999999
9127,0.11199999999999999
9128,0.11199999999999999
9129,0.11199999999999999
9130,0.11199999999999999
9131,0.11199999999999999
9132,0.11199999999999999
9133,0.11199999999999999
9134,0.11199999999999999
9135,0.11199999999999999
9136,0.11199999999999999
9137,0.11199999999999999
9138,0.11199999999999999
9139,0.11199999999999999
9140,0.11199999999999999
9141,0.11199999999999999
9142,0.11199999999999999
9143,0.11199999999999999
9144,0.11199999999999999
9145,0.11199999999999999
9146,0.11199999999999999
9147,0.11199999999999999
9148,0.11199999999999999
9149,0.11199999999999999
9150,0.11199999999999999
9151,0.11199999999999999
9152,0.11199999999999999
9153,0.11199999999999999
9154,0.11199999999999999
9155,0.11199999999999999
9156,0.11199999999999999
9157,0.11199999999999999
9158,0.11199999999999999
9159,0.11199999999999999
9160,0.11199999999999999
9161,0.11199999999999999
9162,0.11199999999999999
9163,0.11199999999999999
9164,0.11199999999999999
9165,0.11199999999999999
9166,0.11199999999999999
9167,0.11199999999999999
9168,0.11199999999999999
9169,0.11199999999999999
9170,0.11199999999999999
9171,0.11199999999999999
9172,0.11199999999999999
9173,0.11199999999999999
9174,0.11199999999999999
9175,0.11199999999999999
9176,0.11199999999999999
9177,0.11199999999999999
9178,0.11199999999999999
9179,0.11199999999999999
9180,0.11199999999999999
9181,0.11199999999999999
9182,0.11199999999999999
9183,0.11199999999999999
9184,0.11199999999999999
9185,0.11199999999999999
9186,0.11199999999999999
9187,0.11199999999999999
9188,0.11199999999999999
9189,0.11199999999999999
9190,0.11199999999999999
9191,0.11199999999999999
9192,0.11199999999999999
9193,0.11199999999999999
9194,0.11199999999999999
9195,0.11199999999999999
9196,0.11199999999999999
9197,0.11199999999999999
9198,0.11199999999999999
9199,0.11199999999999999
9200,0.11199999999999999
9201,0.11199999999999999
9202,0.11199999999999999
9203,0.11199999999999999
9204,0.11199999999999999
9205,0.11199999999999999
9206,0.11199999999999999
9207,0.11199999999999999
9208,0.11199999999999999
9209,0.11199999999999999
9210,0.11199999999999999
9211,0.11199999999999999
9212,0.11199999999999999
9213,0.11199999999999999
9214,0.11199999999999999
9215,0.11199999999999999
9216,0.11199999999999999
9217,0.11199999999999999
9218,0.11199999999999999
9219,0.11199999999999999
9220,0.11199999999999999
9221,0.11199999999999999
9222,0.11199999999999999
9223,0.11199999999999999
9224,0.11199999999999999
9225,0.11199999999999999
9226,0.11199999999999999
9227,0.11199999999999999
9228,0.11199999999999999
9229,0.11199999999999999
9230,0.11199999999999999
9231,0.11199999999999999
9232,0.11199999999999999
9233,0.11199999999999999
9234,0.11199999999999999
9235,0.11199999999999999
9236,0.11199999999999999
9237,0.11199999999999999
9238,0.11199999999999999
9239,0.11199999999999999
9240,0.11199999999999999
9241,0.11199999999999999
9242,0.11199999999999999
9243,0.11199999999999999
9244,0.11199999999999999
9245,0.11199999999999999
9246,0.11199999999999999
9247,0.11199999999999999
9248,0.11199999999999999
9249,0.11199999999999999
9250,0.11199999999999999
9251,0.11199999999999999
9252,0.11199999999999999
9253,0.11199999999999999
9254,0.11199999999999999
9255,0.11199999999999999
9256,0.11199999999999999
9257,0.11199999999999999
9258,0.11199999999999999
9259,0.11199999999999999
9260,0.11199999999999999
9261,0.11199999999999999
9262,0.11199999999999999
9263,0.11199999999999999
9264,0.11199999999999999
9265,0.11199999999999999
9266,0.11199999999999999
9267,0.11199999999999999
9268,0.11199999999999999
9269,0.11199999999999999
9270,0.11199999999999999
9271,0.11199999999999999
9272,0.11199999999999999
9273,0.11199999999999999
9274,0.11199999999999999
9275,0.11199999999999999
9276,0.11199999999999999
9277,0.11199999999999999
9278,0.11199999999999999
9279,0.11199999999999999
9280,0.11199999999999999
9281,0.11199999999999999
9282,0.11199999999999999
9283,0.11199999999999999
9284,0.11199999999999999
9285,0.11199999999999999
9286,0.11199999999999999
9287,0.11199999999999999
9288,0.11199999999999999
9289,0.11199999999999999
9290,0.11199999999999999
9291,0.11199999999999999
9292,0.11199999999999999
9293,0.11199999999999999
9294,0.11199999999999999
9295,0.11199999999999999
9296,0.11199999999999999
9297,0.11199999999999999
9298,0.11199999999999999
9299,0.11199999999999999
9300,0.11199999999999999
9301,0.11199999999999999
9302,0.11199999999999999
9303,0.11199999999999999
9304,0.11199999999999999
9305,0.11199999999999999
9306,0.11199999999999999
9307,0.11199999999999999
9308,0.11199999999999999
9309,0.11199999999999999
9310,0.11199999999999999
9311,0.11199999999999999
9312,0.11199999999999999
9313,0.11199999999999999
9314,0.11199999999999999
9315,0.11199999999999999
9316,0.11199999999999999
9317,0.11199999999999999
9318,0.11199999999999999
9319,0.11199999999999999
9320,0.11199999999999999
9321,0.11199999999999999
9322,0.11199999999999999
9323,0.11199999999999999
9324,0.11199999999999999
9325,0.11199999999999999
9326,0.11199999999999999
9327,0.11199999999999999
9328,0.11199999999999999
9329,0.11199999999999999
9330,0.11199999999999999
9331,0.11199999999999999
9332,0.11199999999999999
9333,0.11199999999999999
9334,0.11199999999999999
9335,0.11199999999999999
9336,0.11199999999999999
9337,0.11199999999999999
9338,0.11199999999999999
9339,0.11199999999999999
9340,0.11199999999999999
9341,0.11199999999999999
9342,0.11199999999999999
9343,0.11199999999999999
9344,0.11199999999999999
9345,0.11199999999999999
9346,0.11199999999999999
9347,0.11199999999999999
9348,0.11199999999999999
9349,0.11199999999999999
9350,0.11199999999999999
9351,0.11199999999999999
9352,0.11199999999999999
9353,0.11199999999999999
9354,0.11199999999999999
9355,0.11199999999999999
9356,0.11199999999999999
9357,0.11199999999999999
9358,0.11199999999999999
9359,0.11199999999999999
9360,0.11199999999999999
9361,0.11199999999999999
9362,0.11199999999999999
9363,0.11199999999999999
9364,0.11199999999999999
9365,0.11199999999999999
9366,0.11199999999999999
9367,0.11199999999999999
9368,0.11199999999999999
9369,0.11199999999999999
9370,0.11199999999999999
9371,0.11199999999999999
9372,0.11199999999999999
9373,0.11199999999999999
9374,0.11199999999999999
9375,0.11199999999999999
9376,0.11199999999999999
9377,0.11199999999999999
9378,0.11199999999999999
9379,0.11199999999999999
9380,0.11199999999999999
9381,0.11199999999999999
9382,0.11199999999999999
9383,0.11199999999999999
9384,0.11199999999999999
9385,0.11199999999999999
9386,0.11199999999999999
9387,0.11199999999999999
9388,0.11199999999999999
9389,0.11199999999999999
9390,0.11199999999999999
9391,0.11199999999999999
9392,0.11199999999999999
9393,0.11199999999999999
9394,0.11199999999999999
9395,0.11199999999999999
9396,0.11199999999999999
9397,0.11199999999999999
9398,0.11199999999999999
9399,0.11199999999999999
9400,0.11199999999999999
9401,0.11199999999999999
9402,0.11199999999999999
9403,0.11199999999999999
9404,0.11199999999999999
9405,0.11199999999999999
9406,0.11199999999999999
9407,0.11199999999999999
9408,0.11199999999999999
9409,0.11199999999999999
9410,0.11199999999999999
9411,0.11199999999999999
9412,0.11199999999999999
9413,0.11199999999999999
9414,0.11199999999999999
9415,0.11199999999999999
9416,0.11199999999999999
9417,0.11199999999999999
9418,0.11199999999999999
9419,0.11199999999999999
9420,0.11199999999999999
9421,0.11199999999999999
9422,0.11199999999999999
9423,0.11199999999999999
9424,0.11199999999999999
9425,0.11199999999999999
9426,0.11199999999999999
9427,0.11199999999999999
9428,0.11199999999999999
9429,0.11199999999999999
9430,0.11199999999999999
9431,0.11199999999999999
9432,0.11199999999999999
9433,0.11199999999999999
9434,0.11199999999999999
9435,0.11199999999999999
9436,0.11199999999999999
9437,0.11199999999999999
9438,0.11199999999999999
9439,0.11199999999999999
9440,0.11199999999999999
9441,0.11199999999999999
9442,0.11199999999999999
9443,0.11199999999999999
9444,0.11199999999999999
9445,0.11199999999999999
9446,0.11199999999999999
9447,0.11199999999999999
9448,0.11199999999999999
9449,0.11199999999999999
9450,0.11199999999999999
9451,0.11199999999999999
9452,0.11199999999999999
9453,0.11199999999999999
9454,0.11199999999999999
9455,0.11199999999999999
9456,0.11199999999999999
9457,0.11199999999999999
9458,0.11199999999999999
9459,0.11199999999999999
9460,0.11199999999999999
9461,0.11199999999999999
9462,0.11199999999999999
9463,0.11199999999999999
9464,0.11199999999999999
9465,0.11199999999999999
9466,0.11199999999999999
9467,0.11199999999999999
9468,0.11199999999999999
9469,0.11199999999999999
9470,0.11199999999999999
9471,0.11199999999999999
9472,0.11199999999999999
9473,0.11199999999999999
9474,0.11199999999999999
9475,0.11199999999999999
9476,0.11199999999999999
9477,0.11199999999999999
9478,0.11199999999999999
9479,0.11199999999999999
9480,0.11199999999999999
9481,0.11199999999999999
9482,0.11199999999999999
9483,0.11199999999999999
9484,0.11199999999999999
9485,0.11199999999999999
9486,0.11199999999999999
9487,0.11199999999999999
9488,0.11199999999999999
9489,0.11199999999999999
9490,0.11199999999999999
9491,0.11199999999999999
9492,0.11199999999999999
9493,0.11199999999999999
9494,0.11199999999999999
9495,0.11199999999999999
9496,0.11199999999999999
9497,0.11199999999999999
9498,0.11199999999999999
9499,0.11199999999999999
9500,0.11199999999999999
9501,0.11199999999999999
9502,0.11199999999999999
9503,0.11199999999999999
9504,0.11199999999999999
9505,0.11199999999999999
9506,0.11199999999999999
9507,0.11199999999999999
9508,0.11199999999999999
9509,0.11199999999999999
9510,0.11199999999999999
9511,0.11199999999999999
9512,0.11199999999999999
9513,0.11199999999999999
9514,0.11199999999999999
9515,0.11199999999999999
9516,0.11199999999999999
9517,0.11199999999999999
9518,0.11199999999999999
9519,0.11199999999999999
9520,0.11199999999999999
9521,0.11199999999999999
9522,0.11199999999999999
9523,0.11199999999999999
9524,0.11199999999999999
9525,0.11199999999999999
9526,0.11199999999999999
9527,0.11199999999999999
9528,0.11199999999999999
9529,0.11199999999999999
9530,0.11199999999999999
9531,0.11199999999999999
9532,0.11199999999999999
9533,0.11199999999999999
9534,0.11199999999999999
9535,0.11199999999999999
9536,0.11199999999999999
9537,0.11199999999999999
9538,0.11199999999999999
9539,0.11199999999999999
9540,0.11199999999999999
9541,0.11199999999999999
9542,0.11199999999999999
9543,0.11199999999999999
9544,0.11199999999999999
9545,0.11199999999999999
9546,0.11199999999999999
9547,0.11199999999999999
9548,0.11199999999999999
9549,0.11199999999999999
9550,0.11199999999999999
9551,0.11199999999999999
9552,0.11199999999999999
9553,0.11199999999999999
9554,0.11199999999999999
9555,0.11199999999999999
9556,0.11199999999999999
9557,0.11199999999999999
9558,0.11199999999999999
9559,0.11199999999999999
9560,0.11199999999999999
9561,0.11199999999999999
9562,0.11199999999999999
9563,0.11199999999999999
9564,0.11199999999999999
9565,0.11199999999999999
9566,0.11199999999999999
9567,0.11199999999999999
9568,0.11199999999999999
9569,0.11199999999999999
9570,0.11199999999999999
9571,0.11199999999999999
9572,0.11199999999999999
9573,0.11199999999999999
9574,0.11199999999999999
9575,0.11199999999999999
9576,0.11199999999999999
9577,0.11199999999999999
9578,0.11199999999999999
9579,0.11199999999999999
9580,0.11199999999999999
9581,0.11199999999999999
9582,0.11199999999999999
9583,0.11199999999999999
9584,0.11199999999999999
9585,0.11199999999999999
9586,0.11199999999999999
9587,0.11199999999999999
9588,0.11199999999999999
9589,0.11199999999999999
9590,0.11199999999999999
9591,0.11199999999999999
9592,0.11199999999999999
9593,0.11199999999999999
9594,0.11199999999999999
9595,0.11199999999999999
9596,0.11199999999999999
9597,0.11199999999999999
9598,0.11199999999999999
9599,0.11199999999999999
9600,0.11199999999999999
9601,0.11199999999999999
9602,0.11199999999999999
9603,0.11199999999999999
9604,0.11199999999999999
9605,0.11199999999999999
9606,0.11199999999999999
9607,0.11199999999999999
9608,0.11199999999999999
9609,0.11199999999999999
9610,0.11199999999999999
9611,0.11199999999999999
9612,0.11199999999999999
9613,0.11199999999999999
9614,0.11199999999999999
9615,0.11199999999999999
9616,0.11199999999999999
9617,0.11199999999999999
9618,0.11199999999999999
9619,0.11199999999999999
9620,0.11199999999999999
9621,0.11199999999999999
9622,0.11199999999999999
9623,0.11199999999999999
9624,0.11199999999999999
9625,0.11199999999999999
9626,0.11199999999999999
9627,0.11199999999999999
9628,0.11199999999999999
9629,0.11199999999999999
9630,0.11199999999999999
9631,0.11199999999999999
9632,0.11199999999999999
9633,0.11199999999999999
9634,0.11199999999999999
9635,0.11199999999999999
9636,0.11199999999999999
9637,0.11199999999999999
9638,0.11199999999999999
9639,0.11199999999999999
9640,0.11199999999999999
9641,0.11199999999999999
9642,0.11199999999999999
9643,0.11199999999999999
9644,0.11199999999999999
9645,0.11199999999999999
9646,0.11199999999999999
9647,0.11199999999999999
9648,0.11199999999999999
9649,0.11199999999999999
9650,0.11199999999999999
9651,0.11199999999999999
9652,0.11199999999999999
9653,0.11199999999999999
9654,0.11199999999999999
9655,0.11199999999999999
9656,0.11199999999999999
9657,0.11199999999999999
9658,0.11199999999999999
9659,0.11199999999999999
9660,0.11199999999999999
9661,0.11199999999999999
9662,0.11199999999999999
9663,0.11199999999999999
9664,0.11199999999999999
9665,0.11199999999999999
9666,0.11199999999999999
9667,0.11199999999999999
9668,0.11199999999999999
9669,0.11199999999999999
9670,0.11199999999999999
9671,0.11199999999999999
9672,0.11199999999999999
9673,0.11199999999999999
9674,0.11199999999999999
9675,0.11199999999999999
9676,0.11199999999999999
9677,0.11199999999999999
9678,0.11199999999999999
9679,0.11199999999999999
9680,0.11199999999999999
9681,0.11199999999999999
9682,0.11199999999999999
9683,0.11199999999999999
9684,0.11199999999999999
9685,0.11199999999999999
9686,0.11199999999999999
9687,0.11199999999999999
9688,0.11199999999999999
9689,0.11199999999999999
9690,0.11199999999999999
9691,0.11199999999999999
9692,0.11199999999999999
9693,0.11199999999999999
9694,0.11199999999999999
9695,0.11199999999999999
9696,0.11199999999999999
9697,0.11199999999999999
9698,0.11199999999999999
9699,0.11199999999999999
9700,0.11199999999999999
9701,0.11199999999999999
9702,0.11199999999999999
9703,0.11199999999999999
9704,0.11199999999999999
9705,0.11199999999999999
9706,0.11199999999999999
9707,0.11199999999999999
9708,0.11199999999999999
9709,0.11199999999999999
9710,0.11199999999999999
9711,0.11199999999999999
9712,0.11199999999999999
9713,0.11199999999999999
9714,0.11199999999999999
9715,0.11199999999999999
9716,0.11199999999999999
9717,0.11199999999999999
9718,0.11199999999999999
9719,0.11199999999999999
9720,0.11199999999999999
9721,0.11199999999999999
9722,0.11199999999999999
9723,0.11199999999999999
9724,0.11199999999999999
9725,0.11199999999999999
9726,0.11199999999999999
9727,0.11199999999999999
9728,0.11199999999999999
9729,0.11199999999999999
9730,0.11199999999999999
9731,0.11199999999999999
9732,0.11199999999999999
9733,0.11199999999999999
9734,0.11199999999999999
9735,0.11199999999999999
9736,0.11199999999999999
9737,0.11199999999999999
9738,0.11199999999999999
9739,0.11199999999999999
9740,0.11199999999999999
9741,0.11199999999999999
9742,0.11199999999999999
9743,0.11199999999999999
9744,0.11199999999999999
9745,0.11199999999999999
9746,0.11199999999999999
9747,0.11199999999999999
9748,0.11199999999999999
9749,0.11199999999999999
9750,0.11199999999999999
9751,0.11199999999999999
9752,0.11199999999999999
9753,0.11199999999999999
9754,0.11199999999999999
9755,0.11199999999999999
9756,0.11199999999999999
9757,0.11199999999999999
9758,0.11199999999999999
9759,0.11199999999999999
9760,0.11199999999999999
9761,0.11199999999999999
9762,0.11199999999999999
9763,0.11199999999999999
9764,0.11199999999999999
9765,0.11199999999999999
9766,0.11199999999999999
9767,0.11199999999999999
9768,0.11199999999999999
9769,0.11199999999999999
9770,0.11199999999999999
9771,0.11199999999999999
9772,0.11199999999999999
9773,0.11199999999999999
9774,0.11199999999999999
9775,0.11199999999999999
9776,0.11199999999999999
9777,0.11199999999999999
9778,0.11199999999999999
9779,0.11199999999999999
9780,0.11199999999999999
9781,0.11199999999999999
9782,0.11199999999999999
9783,0.11199999999999999
9784,0.11199999999999999
9785,0.11199999999999999
9786,0.11199999999999999
9787,0.11199999999999999
9788,0.11199999999999999
9789,0.11199999999999999
9790,0.11199999999999999
9791,0.11199999999999999
9792,0.11199999999999999
9793,0.11199999999999999
9794,0.11199999999999999
9795,0.11199999999999999
9796,0.11199999999999999
9797,0.11199999999999999
9798,0.11199999999999999
9799,0.11199999999999999
9800,0.11199999999999999
9801,0.11199999999999999
9802,0.11199999999999999
9803,0.11199999999999999
9804,0.11199999999999999
9805,0.11199999999999999
9806,0.11199999999999999
9807,0.11199999999999999
9808,0.11199999999999999
9809,0.11199999999999999
9810,0.11199999999999999
9811,0.11199999999999999
9812,0.11199999999999999
9813,0.11199999999999999
9814,0.11199999999999999
9815,0.11199999999999999
9816,0.11199999999999999
9817,0.11199999999999999
9818,0.11199999999999999
9819,0.11199999999999999
9820,0.11199999999999999
9821,0.11199999999999999
9822,0.11199999999999999
9823,0.11199999999999999
9824,0.11199999999999999
9825,0.11199999999999999
9826,0.11199999999999999
9827,0.11199999999999999
9828,0.11199999999999999
9829,0.11199999999999999
9830,0.11199999999999999
9831,0.11199999999999999
9832,0.11199999999999999
9833,0.11199999999999999
9834,0.11199999999999999
9835,0.11199999999999999
9836,0.11199999999999999
9837,0.11199999999999999
9838,0.11199999999999999
9839,0.11199999999999999
9840,0.11199999999999999
9841,0.11199999999999999
9842,0.11199999999999999
9843,0.11199999999999999
9844,0.11199999999999999
9845,0.11199999999999999
9846,0.11199999999999999
9847,0.11199999999999999
9848,0.11199999999999999
9849,0.11199999999999999
9850,0.11199999999999999
9851,0.11199999999999999
9852,0.11199999999999999
9853,0.11199999999999999
9854,0.11199999999999999
9855,0.11199999999999999
9856,0.11199999999999999
9857,0.11199999999999999
9858,0.11199999999999999
9859,0.11199999999999999
9860,0.11199999999999999
9861,0.11199999999999999
9862,0.11199999999999999
9863,0.11199999999999999
9864,0.11199999999999999
9865,0.11199999999999999
9866,0.11199999999999999
9867,0.11199999999999999
9868,0.11199999999999999
9869,0.11199999999999999
9870,0.11199999999999999
9871,0.11199999999999999
9872,0.11199999999999999
9873,0.11199999999999999
9874,0.11199999999999999
9875,0.11199999999999999
9876,0.11199999999999999
9877,0.11199999999999999
9878,0.11199999999999999
9879,0.11199999999999999
9880,0.11199999999999999
9881,0.11199999999999999
9882,0.11199999999999999
9883,0.11199999999999999
9884,0.11199999999999999
9885,0.11199999999999999
9886,0.11199999999999999
9887,0.11199999999999999
9888,0.11199999999999999
9889,0.11199999999999999
9890,0.11199999999999999
9891,0.11199999999999999
9892,0.11199999999999999
9893,0.11199999999999999
9894,0.11199999999999999
9895,0.11199999999999999
9896,0.11199999999999999
9897,0.11199999999999999
9898,0.11199999999999999
9899,0.11199999999999999
9900,0.11199999999999999
9901,0.11199999999999999
9902,0.11199999999999999
9903,0.11199999999999999
9904,0.11199999999999999
9905,0.11199999999999999
9906,0.11199999999999999
9907,0.11199999999999999
9908,0.11199999999999999
9909,0.11199999999999999
9910,0.11199999999999999
9911,0.11199999999999999
9912,0.11199999999999999
9913,0.11199999999999999
9914,0.11199999999999999
9915,0.11199999999999999
9916,0.11199999999999999
9917,0.11199999999999999
9918,0.11199999999999999
9919,0.11199999999999999
9920,0.11199999999999999
9921,0.11199999999999999
9922,0.11199999999999999
9923,0.11199999999999999
9924,0.11199999999999999
9925,0.11199999999999999
9926,0.11199999999999999
9927,0.11199999999999999
9928,0.11199999999999999
9929,0.11199999999999999
9930,0.11199999999999999
9931,0.11199999999999999
9932,0.11199999999999999
9933,0.11199999999999999
9934,0.11199999999999999
9935,0.11199999999999999
9936,0.11199999999999999
9937,0.11199999999999999
9938,0.11199999999999999
9939,0.11199999999999999
9940,0.11199999999999999
9941,0.11199999999999999
9942,0.11199999999999999
9943,0.11199999999999999
9944,0.11199999999999999
9945,0.11199999999999999
9946,0.11199999999999999
9947,0.11199999999999999
9948,0.11199999999999999
9949,0.11199999999999999
9950,0.11199999999999999
9951,0.11199999999999999
9952,0.11199999999999999
9953,0.11199999999999999
9954,0.11199999999999999
9955,0.11199999999999999
9956,0.11199999999999999
9957,0.11199999999999999
9958,0.11199999999999999
9959,0.11199999999999999
9960,0.11199999999999999
9961,0.11199999999999999
9962,0.11199999999999999
9963,0.11199999999999999
9964,0.11199999999999999
9965,0.11199999999999999
9966,0.11199999999999999
9967,0.11199999999999999
9968,0.11199999999999999
9969,0.11199999999999999
9970,0.11199999999999999
9971,0.11199999999999999
9972,0.11199999999999999
9973,0.11199999999999999
9974,0.11199999999999999
9975,0.11199999999999999
9976,0.11199999999999999
9977,0.11199999999999999
9978,0.11199999999999999
9979,0.11199999999999999
9980,0.11199999999999999
9981,0.11199999999999999
9982,0.11199999999999999
9983,0.11199999999999999
9984,0.11199999999999999
9985,0.11199999999999999
9986,0.11199999999999999
9987,0.11199999999999999
9988,0.11199999999999999
9989,0.11199999999999999
9990,0.11199999999999999
9991,0.11199999999999999
9992,0.11199999999999999
9993,0.11199999999999999
9994,0.11199999999999999
9995,0.11199999999999999
9996,0.11199999999999999
9997,0.11199999999999999
9998,0.11199999999999999
9999,0.11199999999999999
10000,0.11199999999999999
10001,0.11199999999999999
10002,0.11199999999999999
10003,0.11199999999999999
10004,0.11199999999999999
10005,0.11199999999999999
10006,0.11199999999999999
10007,0.11199999999999999
10008,0.11199999999999999
10009,0.11199999999999999
10010,0.11199999999999999
10011,0.11199999999999999
10012,0.11199999999999999
10013,0.11199999999999999
10014,0.11199999999999999
10015,0.11199999999999999
10016,0.11199999999999999
10017,0.11199999999999999
10018,0.11199999999999999
10019,0.11199999999999999
10020,0.11199999999999999
10021,0.11199999999999999
10022,0.11199999999999999
10023,0.11199999999999999
10024,0.11199999999999999
10025,0.11199999999999999
10026,0.11199999999999999
10027,0.11199999999999999
10028,0.11199999999999999
10029,0.11199999999999999
10030,0.11199999999999999
10031,0.11199999999999999
10032,0.11199999999999999
10033,0.11199999999999999
10034,0.11199999999999999
10035,0.11199999999999999
10036,0.11199999999999999
10037,0.11199999999999999
10038,0.11199999999999999
10039,0.11199999999999999
10040,0.11199999999999999
10041,0.11199999999999999
10042,0.11199999999999999
10043,0.11199999999999999
10044,0.11199999999999999
10045,0.11199999999999999
10046,0.11199999999999999
10047,0.11199999999999999
10048,0.11199999999999999
10049,0.11199999999999999
10050,0.11199999999999999
10051,0.11199999999999999
10052,0.11199999999999999
10053,0.11199999999999999
10054,0.11199999999999999
10055,0.11199999999999999
10056,0.11199999999999999
10057,0.11199999999999999
10058,0.11199999999999999
10059,0.11199999999999999
10060,0.11199999999999999
10061,0.11199999999999999
10062,0.11199999999999999
10063,0.11199999999999999
10064,0.11199999999999999
10065,0.11199999999999999
10066,0.11199999999999999
10067,0.11199999999999999
10068,0.11199999999999999
10069,0.11199999999999999
10070,0.11199999999999999
10071,0.11199999999999999
10072,0.11199999999999999
10073,0.11199999999999999
10074,0.11199999999999999
10075,0.11199999999999999
10076,0.11199999999999999
10077,0.11199999999999999
10078,0.11199999999999999
10079,0.11199999999999999
10080,0.11199999999999999
10081,0.11199999999999999
10082,0.11199999999999999
10083,0.11199999999999999
10084,0.11199999999999999
10085,0.11199999999999999
10086,0.11199999999999999
10087,0.11199999999999999
10088,0.11199999999999999
10089,0.11199999999999999
10090,0.11199999999999999
10091,0.11199999999999999
10092,0.11199999999999999
10093,0.11199999999999999
10094,0.11199999999999999
10095,0.11199999999999999
10096,0.11199999999999999
10097,0.11199999999999999
10098,0.11199999999999999
10099,0.11199999999999999
10100,0.11199999999999999
10101,0.11199999999999999
10102,0.11199999999999999
10103,0.11199999999999999
10104,0.11199999999999999
10105,0.11199999999999999
10106,0.11199999999999999
10107,0.11199999999999999
10108,0.11199999999999999
10109,0.11199999999999999
10110,0.11199999999999999
10111,0.11199999999999999
10112,0.11199999999999999
10113,0.11199999999999999
10114,0.11199999999999999
10115,0.11199999999999999
10116,0.11199999999999999
10117,0.11199999999999999
10118,0.11199999999999999
10119,0.11199999999999999
10120,0.11199999999999999
10121,0.11199999999999999
10122,0.11199999999999999
10123,0.11199999999999999
10124,0.11199999999999999
10125,0.11199999999999999
10126,0.11199999999999999
10127,0.11199999999999999
10128,0.11199999999999999
10129,0.11199999999999999
10130,0.11199999999999999
10131,0.11199999999999999
10132,0.11199999999999999
10133,0.11199999999999999
10134,0.11199999999999999
10135,0.11199999999999999
10136,0.11199999999999999
10137,0.11199999999999999
10138,0.11199999999999999
10139,0.11199999999999999
10140,0.11199999999999999
10141,0.11199999999999999
10142,0.11199999999999999
10143,0.11199999999999999
10144,0.11199999999999999
10145,0.11199999999999999
10146,0.11199999999999999
10147,0.11199999999999999
10148,0.11199999999999999
10149,0.11199999999999999
10150,0.11199999999999999
10151,0.11199999999999999
10152,0.11199999999999999
10153,0.11199999999999999
10154,0.11199999999999999
10155,0.11199999999999999
10156,0.11199999999999999
10157,0.11199999999999999
10158,0.11199999999999999
10159,0.11199999999999999
10160,0.11199999999999999
10161,0.11199999999999999
10162,0.11199999999999999
10163,0.11199999999999999
10164,0.11199999999999999
10165,0.11199999999999999
10166,0.11199999999999999
10167,0.11199999999999999
10168,0.11199999999999999
10169,0.11199999999999999
10170,0.11199999999999999
10171,0.11199999999999999
10172,0.11199999999999999
10173,0.11199999999999999
10174,0.11199999999999999
10175,0.11199999999999999
10176,0.11199999999999999
10177,0.11199999999999999
10178,0.11199999999999999
10179,0.11199999999999999
10180,0.11199999999999999
10181,0.11199999999999999
10182,0.11199999999999999
10183,0.11199999999999999
10184,0.11199999999999999
10185,0.11199999999999999
10186,0.11199999999999999
10187,0.11199999999999999
10188,0.11199999999999999
10189,0.11199999999999999
10190,0.11199999999999999
10191,0.11199999999999999
10192,0.11199999999999999
10193,0.11199999999999999
10194,0.11199999999999999
10195,0.11199999999999999
10196,0.11199999999999999
10197,0.11199999999999999
10198,0.11199999999999999
10199,0.11199999999999999
10200,0.11199999999999999
10201,0.11199999999999999
10202,0.11199999999999999
10203,0.11199999999999999
10204,0.11199999999999999
10205,0.11199999999999999
10206,0.11199999999999999
10207,0.11199999999999999
10208,0.11199999999999999
10209,0.11199999999999999
10210,0.11199999999999999
10211,0.11199999999999999
10212,0.11199999999999999
10213,0.11199999999999999
10214,0.11199999999999999
10215,0.11199999999999999
10216,0.11199999999999999
10217,0.11199999999999999
10218,0.11199999999999999
10219,0.11199999999999999
10220,0.11199999999999999
10221,0.11199999999999999
10222,0.11199999999999999
10223,0.11199999999999999
10224,0.11199999999999999
10225,0.11199999999999999
10226,0.11199999999999999
10227,0.11199999999999999
10228,0.11199999999999999
10229,0.11199999999999999
10230,0.11199999999999999
10231,0.11199999999999999
10232,0.11199999999999999
10233,0.11199999999999999
10234,0.11199999999999999
10235,0.11199999999999999
10236,0.11199999999999999
10237,0.11199999999999999
10238,0.11199999999999999
10239,0.11199999999999999
10240,0.11199999999999999
10241,0.11199999999999999
10242,0.11199999999999999
10243,0.11199999999999999
10244,0.11199999999999999
10245,0.11199999999999999
10246,0.11199999999999999
10247,0.11199999999999999
10248,0.11199999999999999
10249,0.11199999999999999
10250,0.11199999999999999
10251,0.11199999999999999
10252,0.11199999999999999
10253,0.11199999999999999
10254,0.11199999999999999
10255,0.11199999999999999
10256,0.11199999999999999
10257,0.11199999999999999
10258,0.11199999999999999
10259,0.11199999999999999
10260,0.11199999999999999
10261,0.11199999999999999
10262,0.11199999999999999
10263,0.11199999999999999
10264,0.11199999999999999
10265,0.11199999999999999
10266,0.11199999999999999
10267,0.11199999999999999
10268,0.11199999999999999
10269,0.11199999999999999
10270,0.11199999999999999
10271,0.11199999999999999
10272,0.11199999999999999
10273,0.11199999999999999
10274,0.11199999999999999
10275,0.11199999999999999
10276,0.11199999999999999
10277,0.11199999999999999
10278,0.11199999999999999
10279,0.11199999999999999
10280,0.11199999999999999
10281,0.11199999999999999
10282,0.11199999999999999
10283,0.11199999999999999
10284,0.11199999999999999
10285,0.11199999999999999
10286,0.11199999999999999
10287,0.11199999999999999
10288,0.11199999999999999
10289,0.11199999999999999
10290,0.11199999999999999
10291,0.11199999999999999
10292,0.11199999999999999
10293,0.11199999999999999
10294,0.11199999999999999
10295,0.11199999999999999
10296,0.11199999999999999
10297,0.11199999999999999
10298,0.11199999999999999
10299,0.11199999999999999
10300,0.11199999999999999
10301,0.11199999999999999
10302,0.11199999999999999
10303,0.11199999999999999
10304,0.11199999999999999
10305,0.11199999999999999
10306,0.11199999999999999
10307,0.11199999999999999
10308,0.11199999999999999
10309,0.11199999999999999
10310,0.11199999999999999
10311,0.11199999999999999
10312,0.11199999999999999
10313,0.11199999999999999
10314,0.11199999999999999
10315,0.11199999999999999
10316,0.11199999999999999
10317,0.11199999999999999
10318,0.11199999999999999
10319,0.11199999999999999
10320,0.11199999999999999
10321,0.11199999999999999
10322,0.11199999999999999
10323,0.11199999999999999
10324,0.11199999999999999
10325,0.11199999999999999
10326,0.11199999999999999
10327,0.11199999999999999
10328,0.11199999999999999
10329,0.11199999999999999
10330,0.11199999999999999
10331,0.11199999999999999
10332,0.11199999999999999
10333,0.11199999999999999
10334,0.11199999999999999
10335,0.11199999999999999
10336,0.11199999999999999
10337,0.11199999999999999
10338,0.11199999999999999
10339,0.11199999999999999
10340,0.11199999999999999
10341,0.11199999999999999
10342,0.11199999999999999
10343,0.11199999999999999
10344,0.11199999999999999
10345,0.11199999999999999
10346,0.11199999999999999
10347,0.11199999999999999
10348,0.11199999999999999
10349,0.11199999999999999
10350,0.11199999999999999
10351,0.11199999999999999
10352,0.11199999999999999
10353,0.11199999999999999
10354,0.11199999999999999
10355,0.11199999999999999
10356,0.11199999999999999
10357,0.11199999999999999
10358,0.11199999999999999
10359,0.11199999999999999
10360,0.11199999999999999
10361,0.11199999999999999
10362,0.11199999999999999
10363,0.11199999999999999
10364,0.11199999999999999
10365,0.11199999999999999
10366,0.11199999999999999
10367,0.11199999999999999
10368,0.11199999999999999
10369,0.11199999999999999
10370,0.11199999999999999
10371,0.11199999999999999
10372,0.11199999999999999
10373,0.11199999999999999
10374,0.11199999999999999
10375,0.11199999999999999
10376,0.11199999999999999
10377,0.11199999999999999
10378,0.11199999999999999
10379,0.11199999999999999
10380,0.11199999999999999
10381,0.11199999999999999
10382,0.11199999999999999
10383,0.11199999999999999
10384,0.11199999999999999
10385,0.11199999999999999
10386,0.11199999999999999
10387,0.11199999999999999
10388,0.11199999999999999
10389,0.11199999999999999
10390,0.11199999999999999
10391,0.11199999999999999
10392,0.11199999999999999
10393,0.11199999999999999
10394,0.11199999999999999
10395,0.11199999999999999
10396,0.11199999999999999
10397,0.11199999999999999
10398,0.11199999999999999
10399,0.11199999999999999
10400,0.11199999999999999
10401,0.11199999999999999
10402,0.11199999999999999
10403,0.11199999999999999
10404,0.11199999999999999
10405,0.11199999999999999
10406,0.11199999999999999
10407,0.11199999999999999
10408,0.11199999999999999
10409,0.11199999999999999
10410,0.11199999999999999
10411,0.11199999999999999
10412,0.11199999999999999
10413,0.11199999999999999
10414,0.11199999999999999
10415,0.11199999999999999
10416,0.11199999999999999
10417,0.11199999999999999
10418,0.11199999999999999
10419,0.11199999999999999
10420,0.11199999999999999
10421,0.11199999999999999
10422,0.11199999999999999
10423,0.11199999999999999
10424,0.11199999999999999
10425,0.11199999999999999
10426,0.11199999999999999
10427,0.11199999999999999
10428,0.11199999999999999
10429,0.11199999999999999
10430,0.11199999999999999
10431,0.11199999999999999
10432,0.11199999999999999
10433,0.11199999999999999
10434,0.11199999999999999
10435,0.11199999999999999
10436,0.11199999999999999
10437,0.11199999999999999
10438,0.11199999999999999
10439,0.11199999999999999
10440,0.11199999999999999
10441,0.11199999999999999
10442,0.11199999999999999
10443,0.11199999999999999
10444,0.11199999999999999
10445,0.11199999999999999
10446,0.11199999999999999
10447,0.11199999999999999
10448,0.11199999999999999
10449,0.11199999999999999
10450,0.11199999999999999
10451,0.11199999999999999
10452,0.11199999999999999
10453,0.11199999999999999
10454,0.11199999999999999
10455,0.11199999999999999
10456,0.11199999999999999
10457,0.11199999999999999
10458,0.11199999999999999
10459,0.11199999999999999
10460,0.11199999999999999
10461,0.11199999999999999
10462,0.11199999999999999
10463,0.11199999999999999
10464,0.11199999999999999
10465,0.11199999999999999
10466,0.11199999999999999
10467,0.11199999999999999
10468,0.11199999999999999
10469,0.11199999999999999
10470,0.11199999999999999
10471,0.11199999999999999
10472,0.11199999999999999
10473,0.11199999999999999
10474,0.11199999999999999
10475,0.11199999999999999
10476,0.11199999999999999
10477,0.11199999999999999
10478,0.11199999999999999
10479,0.11199999999999999
10480,0.11199999999999999
10481,0.11199999999999999
10482,0.11199999999999999
10483,0.11199999999999999
10484,0.11199999999999999
10485,0.11199999999999999
10486,0.11199999999999999
10487,0.11199999999999999
10488,0.11199999999999999
10489,0.11199999999999999
10490,0.11199999999999999
10491,0.11199999999999999
10492,0.11199999999999999
10493,0.11199999999999999
10494,0.11199999999999999
10495,0.11199999999999999
10496,0.11199999999999999
10497,0.11199999999999999
10498,0.11199999999999999
10499,0.11199999999999999
10500,0.11199999999999999
10501,0.11199999999999999
10502,0.11199999999999999
10503,0.11199999999999999
10504,0.11199999999999999
10505,0.11199999999999999
10506,0.11199999999999999
10507,0.11199999999999999
10508,0.11199999999999999
10509,0.11199999999999999
10510,0.11199999999999999
10511,0.11199999999999999
10512,0.11199999999999999
10513,0.11199999999999999
10514,0.11199999999999999
10515,0.11199999999999999
10516,0.11199999999999999
10517,0.11199999999999999
10518,0.11199999999999999
10519,0.11199999999999999
10520,0.11199999999999999
10521,0.11199999999999999
10522,0.11199999999999999
10523,0.11199999999999999
10524,0.11199999999999999
10525,0.11199999999999999
10526,0.11199999999999999
10527,0.11199999999999999
10528,0.11199999999999999
10529,0.11199999999999999
10530,0.11199999999999999
10531,0.11199999999999999
10532,0.11199999999999999
10533,0.11199999999999999
10534,0.11199999999999999
10535,0.11199999999999999
10536,0.11199999999999999
10537,0.11199999999999999
10538,0.11199999999999999
10539,0.11199999999999999
10540,0.11199999999999999
10541,0.11199999999999999
10542,0.11199999999999999
10543,0.11199999999999999
10544,0.11199999999999999
10545,0.11199999999999999
10546,0.11199999999999999
10547,0.11199999999999999
10548,0.11199999999999999
10549,0.11199999999999999
10550,0.11199999999999999
10551,0.11199999999999999
10552,0.11199999999999999
10553,0.11199999999999999
10554,0.11199999999999999
10555,0.11199999999999999
10556,0.11199999999999999
10557,0.11199999999999999
10558,0.11199999999999999
10559,0.11199999999999999
10560,0.11199999999999999
10561,0.11199999999999999
10562,0.11199999999999999
10563,0.11199999999999999
10564,0.11199999999999999
10565,0.11199999999999999
10566,0.11199999999999999
10567,0.11199999999999999
10568,0.11199999999999999
10569,0.11199999999999999
10570,0.11199999999999999
10571,0.11199999999999999
10572,0.11199999999999999
10573,0.11199999999999999
10574,0.11199999999999999
10575,0.11199999999999999
10576,0.11199999999999999
10577,0.11199999999999999
10578,0.11199999999999999
10579,0.11199999999999999
10580,0.11199999999999999
10581,0.11199999999999999
10582,0.11199999999999999
10583,0.11199999999999999
10584,0.11199999999999999
10585,0.11199999999999999
10586,0.11199999999999999
10587,0.11199999999999999
10588,0.11199999999999999
10589,0.11199999999999999
10590,0.11199999999999999
10591,0.11199999999999999
10592,0.11199999999999999
10593,0.11199999999999999
10594,0.11199999999999999
10595,0.11199999999999999
10596,0.11199999999999999
10597,0.11199999999999999
10598,0.11199999999999999
10599,0.11199999999999999
10600,0.11199999999999999
10601,0.11199999999999999
10602,0.11199999999999999
10603,0.11199999999999999
10604,0.11199999999999999
10605,0.11199999999999999
10606,0.11199999999999999
10607,0.11199999999999999
10608,0.11199999999999999
10609,0.11199999999999999
10610,0.11199999999999999
10611,0.11199999999999999
10612,0.11199999999999999
10613,0.11199999999999999
10614,0.11199999999999999
10615,0.11199999999999999
10616,0.11199999999999999
10617,0.11199999999999999
10618,0.11199999999999999
10619,0.11199999999999999
10620,0.11199999999999999
10621,0.11199999999999999
10622,0.11199999999999999
10623,0.11199999999999999
10624,0.11199999999999999
10625,0.11199999999999999
10626,0.11199999999999999
10627,0.11199999999999999
10628,0.11199999999999999
10629,0.11199999999999999
10630,0.11199999999999999
10631,0.11199999999999999
10632,0.11199999999999999
10633,0.11199999999999999
10634,0.11199999999999999
10635,0.11199999999999999
10636,0.11199999999999999
10637,0.11199999999999999
10638,0.11199999999999999
10639,0.11199999999999999
10640,0.11199999999999999
10641,0.11199999999999999
10642,0.11199999999999999
10643,0.11199999999999999
10644,0.11199999999999999
10645,0.11199999999999999
10646,0.11199999999999999
10647,0.11199999999999999
10648,0.11199999999999999
10649,0.11199999999999999
10650,0.11199999999999999
10651,0.11199999999999999
10652,0.11199999999999999
10653,0.11199999999999999
10654,0.11199999999999999
10655,0.11199999999999999
10656,0.11199999999999999
10657,0.11199999999999999
10658,0.11199999999999999
10659,0.11199999999999999
10660,0.11199999999999999
10661,0.11199999999999999
10662,0.11199999999999999
10663,0.11199999999999999
10664,0.11199999999999999
10665,0.11199999999999999
10666,0.11199999999999999
10667,0.11199999999999999
10668,0.11199999999999999
10669,0.11199999999999999
10670,0.11199999999999999
10671,0.11199999999999999
10672,0.11199999999999999
10673,0.11199999999999999
10674,0.11199999999999999
10675,0.11199999999999999
10676,0.11199999999999999
10677,0.11199999999999999
10678,0.11199999999999999
10679,0.11199999999999999
10680,0.11199999999999999
10681,0.11199999999999999
10682,0.11199999999999999
10683,0.11199999999999999
10684,0.11199999999999999
10685,0.11199999999999999
10686,0.11199999999999999
10687,0.11199999999999999
10688,0.11199999999999999
10689,0.11199999999999999
10690,0.11199999999999999
10691,0.11199999999999999
10692,0.11199999999999999
10693,0.11199999999999999
10694,0.11199999999999999
10695,0.11199999999999999
10696,0.11199999999999999
10697,0.11199999999999999
10698,0.11199999999999999
10699,0.11199999999999999
10700,0.11199999999999999
10701,0.11199999999999999
10702,0.11199999999999999
10703,0.11199999999999999
10704,0.11199999999999999
10705,0.11199999999999999
10706,0.11199999999999999
10707,0.11199999999999999
10708,0.11199999999999999
10709,0.11199999999999999
10710,0.11199999999999999
10711,0.11199999999999999
10712,0.11199999999999999
10713,0.11199999999999999
10714,0.11199999999999999
10715,0.11199999999999999
10716,0.11199999999999999
10717,0.11199999999999999
10718,0.11199999999999999
10719,0.11199999999999999
10720,0.11199999999999999
10721,0.11199999999999999
10722,0.11199999999999999
10723,0.11199999999999999
10724,0.11199999999999999
10725,0.11199999999999999
10726,0.11199999999999999
10727,0.11199999999999999
10728,0.11199999999999999
10729,0.11199999999999999
10730,0.11199999999999999
10731,0.11199999999999999
10732,0.11199999999999999
10733,0.11199999999999999
10734,0.11199999999999999
10735,0.11199999999999999
10736,0.11199999999999999
10737,0.11199999999999999
10738,0.11199999999999999
10739,0.11199999999999999
10740,0.11199999999999999
10741,0.11199999999999999
10742,0.11199999999999999
10743,0.11199999999999999
10744,0.11199999999999999
10745,0.11199999999999999
10746,0.11199999999999999
10747,0.11199999999999999
10748,0.11199999999999999
10749,0.11199999999999999
10750,0.11199999999999999
10751,0.11199999999999999
10752,0.11199999999999999
10753,0.11199999999999999
10754,0.11199999999999999
10755,0.11199999999999999
10756,0.11199999999999999
10757,0.11199999999999999
10758,0.11199999999999999
10759,0.11199999999999999
10760,0.11199999999999999
10761,0.11199999999999999
10762,0.11199999999999999
10763,0.11199999999999999
10764,0.11199999999999999
10765,0.11199999999999999
10766,0.11199999999999999
10767,0.11199999999999999
10768,0.11199999999999999
10769,0.11199999999999999
10770,0.11199999999999999
10771,0.11199999999999999
10772,0.11199999999999999
10773,0.11199999999999999
10774,0.11199999999999999
10775,0.11199999999999999
10776,0.11199999999999999
10777,0.11199999999999999
10778,0.11199999999999999
10779,0.11199999999999999
10780,0.11199999999999999
10781,0.11199999999999999
10782,0.11199999999999999
10783,0.11199999999999999
10784,0.11199999999999999
10785,0.11199999999999999
10786,0.11199999999999999
10787,0.11199999999999999
10788,0.11199999999999999
10789,0.11199999999999999
10790,0.11199999999999999
10791,0.11199999999999999
10792,0.11199999999999999
10793,0.11199999999999999
10794,0.11199999999999999
10795,0.11199999999999999
10796,0.11199999999999999
10797,0.11199999999999999
10798,0.11199999999999999
10799,0.11199999999999999
10800,0.11199999999999999
0,0.147
1,0.147
2,0.14666666666666667
3,0.14633333333333334
4,0.146
5,0.14566666666666667
6,0.14533333333333334
7,0.14500000000000002
8,0.14466666666666667
9,0.14433333333333334
10,0.14400000000000002
11,0.14400000000000002
12,0.14400000000000002
13,0.14400000000000002
14,0.14400000000000002
15,0.14400000000000002
16,0.14400000000000002
17,0.142
18,0.1382
19,0.1344
20,0.1306
21,0.1268
22,0.12300000000000001
23,0.12300000000000001
24,0.12300000000000001
25,0.12300000000000001
26,0.12300000000000001
27,0.12300000000000001
28,0.12300000000000001
29,0.1223
30,0.12160000000000001
31,0.12090000000000001
32,0.1202
33,0.1195
34,0.1188
35,0.1181
36,0.11739999999999999
37,0.1167
38,0.11599999999999999
39,0.11599999999999999
40,0.11599999999999999
41,0.11599999999999999
42,0.11599999999999999
43,0.11599999999999999
44,0.11599999999999999
45,0.11599999999999999
46,0.11599999999999999
47,0.11599999999999999
48,0.11599999999999999
49,0.11599999999999999
50,0.11599999999999999
51,0.11599999999999999
52,0.11599999999999999
53,0.11599999999999999
54,0.11599999999999999
55,0.11599999999999999
56,0.11599999999999999
57,0.11599999999999999
58,0.11599999999999999
59,0.11599999999999999
60,0.11599999999999999
61,0.11599999999999999
62,0.11599999999999999
63,0.11599999999999999
64,0.11599999999999999
65,0.11599999999999999
66,0.11599999999999999
67,0.11599999999999999
68,0.11599999999999999
69,0.11599999999999999
70,0.11599999999999999
71,0.11599999999999999
72,0.11599999999999999
73,0.11599999999999999
74,0.11599999999999999
75,0.11599999999999999
76,0.11599999999999999
77,0.11599999999999999
78,0.11599999999999999
79,0.11599999999999999
80,0.11599999999999999
81,0.11599999999999999
82,0.11599999999999999
83,0.11599999999999999
84,0.11599999999999999
85,0.11599999999999999
86,0.11599999999999999
87,0.11599999999999999
88,0.11599999999999999
89,0.11599999999999999
90,0.11599999999999999
91,0.11599999999999999
92,0.11599999999999999
93,0.11599999999999999
94,0.11599999999999999
95,0.11599999999999999
96,0.11599999999999999
97,0.11599999999999999
98,0.11599999999999999
99,0.11599999999999999
100,0.11599999999999999
101,0.11599999999999999
102,0.11599999999999999
103,0.11599999999999999
104,0.11599999999999999
105,0.11599999999999999
106,0.11599999999999999
107,0.11599999999999999
108,0.11599999999999999
109,0.11599999999999999
110,0.11599999999999999
111,0.11599999999999999
112,0.11599999999999999
113,0.11599999999999999
114,0.11599999999999999
115,0.11599999999999999
116,0.11599999999999999
117,0.11599999999999999
118,0.11599999999999999
119,0.11599999999999999
120,0.11599999999999999
121,0.11599999999999999
122,0.11599999999999999
123,0.11599999999999999
124,0.11599999999999999
125,0.11599999999999999
126,0.11599999999999999
127,0.11599999999999999
128,0.11599999999999999
129,0.11599999999999999
130,0.11599999999999999
131,0.11599999999999999
132,0.11599999999999999
133,0.11599999999999999
134,0.11599999999999999
135,0.11599999999999999
136,0.11599999999999999
137,0.11599999999999999
138,0.11599999999999999
139,0.11599999999999999
140,0.11599999999999999
141,0.11599999999999999
142,0.11599999999999999
143,0.11599999999999999
144,0.11599999999999999
145,0.11599999999999999
146,0.11599999999999999
147,0.11599999999999999
148,0.11599999999999999
149,0.11599999999999999
150,0.11599999999999999
151,0.11599999999999999
152,0.11599999999999999
153,0.11599999999999999
154,0.11599999999999999
155,0.11599999999999999
156,0.11599999999999999
157,0.11599999999999999
158,0.11599999999999999
159,0.11599999999999999
160,0.11599999999999999
161,0.11599999999999999
162,0.11599999999999999
163,0.11599999999999999
164,0.11599999999999999
165,0.11599999999999999
166,0.11599999999999999
167,0.11599999999999999
168,0.11599999999999999
169,0.11599999999999999
170,0.11599999999999999
171,0.11599999999999999
172,0.11599999999999999
173,0.11599999999999999
174,0.11599999999999999
175,0.11599999999999999
176,0.11599999999999999
177,0.11599999999999999
178,0.11599999999999999
179,0.11599999999999999
180,0.11599999999999999
181,0.11599999999999999
182,0.11599999999999999
183,0.11599999999999999
184,0.11599999999999999
185,0.11599999999999999
186,0.11599999999999999
187,0.11599999999999999
188,0.11599999999999999
189,0.11599999999999999
190,0.11599999999999999
191,0.11599999999999999
192,0.11599999999999999
193,0.11599999999999999
194,0.11599999999999999
195,0.11599999999999999
196,0.11599999999999999
197,0.11599999999999999
198,0.11599999999999999
199,0.11599999999999999
200,0.11599999999999999
201,0.11599999999999999
202,0.11599999999999999
203,0.11599999999999999
204,0.11599999999999999
205,0.11599999999999999
206,0.11599999999999999
207,0.11599999999999999
208,0.11599999999999999
209,0.11599999999999999
210,0.11599999999999999
211,0.11599999999999999
212,0.11599999999999999
213,0.11599999999999999
214,0.11599999999999999
215,0.11599999999999999
216,0.11599999999999999
217,0.11599999999999999
218,0.11599999999999999
219,0.11599999999999999
220,0.11599999999999999
221,0.11599999999999999
222,0.11599999999999999
223,0.11599999999999999
224,0.11599999999999999
225,0.11599999999999999
226,0.11599999999999999
227,0.11599999999999999
228,0.11599999999999999
229,0.11599999999999999
230,0.11599999999999999
231,0.11599999999999999
232,0.11599999999999999
233,0.11599999999999999
234,0.11599999999999999
235,0.11599999999999999
236,0.11599999999999999
237,0.11599999999999999
238,0.11599999999999999
239,0.11599999999999999
240,0.11599999999999999
241,0.11599999999999999
242,0.11599999999999999
243,0.11599999999999999
244,0.11599999999999999
245,0.11599999999999999
246,0.11599999999999999
247,0.11599999999999999
248,0.11599999999999999
249,0.11599999999999999
250,0.11599999999999999
251,0.11599999999999999
252,0.11599999999999999
253,0.11599999999999999
254,0.11599999999999999
255,0.11599999999999999
256,0.11599999999999999
257,0.11599999999999999
258,0.11599999999999999
259,0.11599999999999999
260,0.11599999999999999
261,0.11599999999999999
262,0.11599999999999999
263,0.11599999999999999
264,0.11599999999999999
265,0.11599999999999999
266,0.11599999999999999
267,0.11599999999999999
268,0.11599999999999999
269,0.11599999999999999
270,0.11599999999999999
271,0.11599999999999999
272,0.11599999999999999
273,0.11599999999999999
274,0.11599999999999999
275,0.11599999999999999
276,0.11599999999999999
277,0.11599999999999999
278,0.11599999999999999
279,0.11599999999999999
280,0.11599999999999999
281,0.11599999999999999
282,0.11599999999999999
283,0.11599999999999999
284,0.11599999999999999
285,0.11599999999999999
286,0.11599999999999999
287,0.11599999999999999
288,0.11599999999999999
289,0.11599999999999999
290,0.11599999999999999
291,0.11599999999999999
292,0.11599999999999999
293,0.11599999999999999
294,0.11599999999999999
295,0.11599999999999999
296,0.11599999999999999
297,0.11599999999999999
298,0.11599999999999999
299,0.11599999999999999
300,0.11599999999999999
301,0.11599999999999999
302,0.11599999999999999
303,0.11599999999999999
304,0.11599999999999999
305,0.11599999999999999
306,0.11599999999999999
307,0.11599999999999999
308,0.11599999999999999
309,0.11599999999999999
310,0.11599999999999999
311,0.11599999999999999
312,0.11599999999999999
313,0.11599999999999999
314,0.11599999999999999
315,0.11599999999999999
316,0.11599999999999999
317,0.11599999999999999
318,0.11599999999999999
319,0.11599999999999999
320,0.11599999999999999
321,0.11599999999999999
322,0.11599999999999999
323,0.11599999999999999
324,0.11599999999999999
325,0.11599999999999999
326,0.11599999999999999
327,0.11599999999999999
328,0.11599999999999999
329,0.11599999999999999
330,0.11599999999999999
331,0.11599999999999999
332,0.11599999999999999
333,0.11599999999999999
334,0.11599999999999999
335,0.11599999999999999
336,0.11599999999999999
337,0.11599999999999999
338,0.11599999999999999
339,0.11599999999999999
340,0.11599999999999999
341,0.11599999999999999
342,0.11599999999999999
343,0.11599999999999999
344,0.11599999999999999
345,0.11599999999999999
346,0.11599999999999999
347,0.11599999999999999
348,0.11599999999999999
349,0.11599999999999999
350,0.11599999999999999
351,0.11599999999999999
352,0.11599999999999999
353,0.11599999999999999
354,0.11599999999999999
355,0.11599999999999999
356,0.11599999999999999
357,0.11599999999999999
358,0.11599999999999999
359,0.11599999999999999
360,0.11599999999999999
361,0.11599999999999999
362,0.11599999999999999
363,0.11599999999999999
364,0.11599999999999999
365,0.11599999999999999
366,0.11599999999999999
367,0.11599999999999999
368,0.11599999999999999
369,0.11599999999999999
370,0.11599999999999999
371,0.11599999999999999
372,0.11599999999999999
373,0.11599999999999999
374,0.11599999999999999
375,0.11599999999999999
376,0.11599999999999999
377,0.11599999999999999
378,0.11599999999999999
379,0.11599999999999999
380,0.11599999999999999
381,0.11599999999999999
382,0.11599999999999999
383,0.11599999999999999
384,0.11599999999999999
385,0.11599999999999999
386,0.11599999999999999
387,0.11599999999999999
388,0.11599999999999999
389,0.11599999999999999
390,0.11599999999999999
391,0.11599999999999999
392,0.11599999999999999
393,0.11599999999999999
394,0.11599999999999999
395,0.11599999999999999
396,0.11599999999999999
397,0.11599999999999999
398,0.11599999999999999
399,0.11599999999999999
400,0.11599999999999999
401,0.11599999999999999
402,0.11599999999999999
403,0.11599999999999999
404,0.11599999999999999
405,0.11599999999999999
406,0.11599999999999999
407,0.11599999999999999
408,0.11599999999999999
409,0.11599999999999999
410,0.11599999999999999
411,0.11599999999999999
412,0.11599999999999999
413,0.11599999999999999
414,0.11599999999999999
415,0.11599999999999999
416,0.11599999999999999
417,0.11599999999999999
418,0.11599999999999999
419,0.11599999999999999
420,0.11599999999999999
421,0.11599999999999999
422,0.11599999999999999
423,0.11599999999999999
424,0.11599999999999999
425,0.11599999999999999
426,0.11583333333333333
427,0.11566666666666665
428,0.11549999999999999
429,0.11533333333333333
430,0.11516666666666665
431,0.11499999999999999
432,0.11485714285714285
433,0.11471428571428571
434,0.11457142857142857
435,0.11442857142857142
436,0.11428571428571428
437,0.11414285714285714
438,0.114
439,0.114
440,0.114
441,0.114
442,0.114
443,0.114
444,0.114
445,0.114
446,0.114
447,0.114
448,0.114
449,0.114
450,0.114
451,0.114
452,0.114
453,0.114
454,0.114
455,0.114
456,0.114
457,0.114
458,0.114
459,0.114
460,0.114
461,0.114
462,0.114
463,0.114
464,0.114
465,0.114
466,0.114
467,0.114
468,0.114
469,0.114
470,0.114
471,0.114
472,0.114
473,0.114
474,0.114
475,0.114
476,0.114
477,0.114
478,0.114
479,0.114
480,0.114
481,0.114
482,0.114
483,0.114
484,0.114
485,0.114
486,0.114
487,0.114
488,0.114
489,0.114
490,0.114
491,0.114
492,0.114
493,0.114
494,0.114
495,0.114
496,0.114
497,0.114
498,0.114
499,0.114
500,0.114
501,0.114
502,0.114
503,0.114
504,0.114
505,0.114
506,0.114
507,0.114
508,0.114
509,0.114
510,0.114
511,0.114
512,0.114
513,0.114
514,0.114
515,0.114
516,0.114
517,0.114
518,0.114
519,0.114
520,0.114
521,0.114
522,0.114
523,0.114
524,0.114
525,0.114
526,0.114
527,0.114
528,0.114
529,0.114
530,0.114
531,0.114
532,0.114
533,0.114
534,0.114
535,0.114
536,0.114
537,0.114
538,0.114
539,0.114
540,0.114
541,0.114
542,0.114
543,0.114
544,0.114
545,0.114
546,0.114
547,0.114
548,0.114
549,0.114
550,0.114
551,0.114
552,0.114
553,0.114
554,0.114
555,0.114
556,0.114
557,0.114
558,0.114
559,0.114
560,0.114
561,0.114
562,0.114
563,0.114
564,0.114
565,0.114
566,0.114
567,0.114
568,0.114
569,0.114
570,0.114
571,0.114
572,0.114
573,0.114
574,0.114
575,0.114
576,0.114
577,0.114
578,0.114
579,0.114
580,0.114
581,0.114
582,0.114
583,0.114
584,0.114
585,0.114
586,0.114
587,0.114
588,0.114
589,0.114
590,0.114
591,0.114
592,0.114
593,0.114
594,0.114
595,0.114
596,0.114
597,0.114
598,0.114
599,0.114
600,0.114
601,0.114
602,0.114
603,0.114
604,0.114
605,0.114
606,0.114
607,0.114
608,0.114
609,0.114
610,0.114
611,0.114
612,0.114
613,0.114
614,0.114
615,0.114
616,0.114
617,0.114
618,0.114
619,0.114
620,0.114
621,0.114
622,0.114
623,0.114
624,0.114
625,0.114
626,0.114
627,0.114
628,0.114
629,0.114
630,0.114
631,0.114
632,0.114
633,0.114
634,0.114
635,0.114
636,0.114
637,0.114
638,0.114
639,0.114
640,0.114
641,0.114
642,0.114
643,0.114
644,0.114
645,0.114
646,0.114
647,0.114
648,0.114
649,0.114
650,0.114
651,0.114
652,0.114
653,0.114
654,0.114
655,0.114
656,0.114
657,0.114
658,0.114
659,0.114
660,0.114
661,0.114
662,0.114
663,0.114
664,0.114
665,0.114
666,0.114
667,0.114
668,0.114
669,0.114
670,0.114
671,0.114
672,0.114
673,0.114
674,0.114
675,0.114
676,0.114
677,0.114
678,0.114
679,0.114
680,0.114
681,0.114
682,0.114
683,0.114
684,0.114
685,0.114
686,0.114
687,0.114
688,0.114
689,0.114
690,0.114
691,0.114
692,0.114
693,0.114
694,0.114
695,0.114
696,0.114
697,0.114
698,0.114
699,0.114
700,0.114
701,0.114
702,0.114
703,0.114
704,0.114
705,0.114
706,0.114
707,0.114
708,0.114
709,0.114
710,0.114
711,0.114
712,0.114
713,0.114
714,0.114
715,0.114
716,0.114
717,0.114
718,0.114
719,0.114
720,0.114
721,0.114
722,0.114
723,0.114
724,0.114
725,0.114
726,0.114
727,0.114
728,0.114
729,0.114
730,0.114
731,0.114
732,0.114
733,0.114
734,0.114
735,0.114
736,0.114
737,0.114
738,0.114
739,0.114
740,0.114
741,0.114
742,0.114
743,0.114
744,0.114
745,0.114
746,0.114
747,0.114
748,0.114
749,0.114
750,0.114
751,0.114
752,0.114
753,0.114
754,0.114
755,0.114
756,0.114
757,0.114
758,0.114
759,0.114
760,0.114
761,0.114
762,0.114
763,0.114
764,0.114
765,0.114
766,0.114
767,0.114
768,0.114
769,0.114
770,0.114
771,0.114
772,0.114
773,0.114
774,0.114
775,0.114
776,0.114
777,0.114
778,0.114
779,0.114
780,0.114
781,0.114
782,0.114
783,0.114
784,0.114
785,0.114
786,0.114
787,0.114
788,0.114
789,0.114
790,0.114
791,0.114
792,0.114
793,0.114
794,0.114
795,0.114
796,0.114
797,0.114
798,0.114
799,0.114
800,0.114
801,0.114
802,0.114
803,0.114
804,0.114
805,0.114
806,0.114
807,0.114
808,0.114
809,0.114
810,0.114
811,0.114
812,0.114
813,0.114
814,0.114
815,0.114
816,0.114
817,0.114
818,0.114
819,0.114
820,0.114
821,0.114
822,0.114
823,0.114
824,0.114
825,0.114
826,0.114
827,0.114
828,0.114
829,0.114
830,0.114
831,0.114
832,0.114
833,0.114
834,0.114
835,0.114
836,0.114
837,0.114
838,0.114
839,0.114
840,0.114
841,0.114
842,0.114
843,0.114
844,0.114
845,0.114
846,0.114
847,0.114
848,0.114
849,0.114
850,0.114
851,0.114
852,0.114
853,0.114
854,0.114
855,0.114
856,0.114
857,0.114
858,0.114
859,0.114
860,0.114
861,0.114
862,0.114
863,0.114
864,0.114
865,0.114
866,0.114
867,0.114
868,0.114
869,0.114
870,0.114
871,0.114
872,0.114
873,0.114
874,0.114
875,0.114
876,0.114
877,0.114
878,0.114
879,0.114
880,0.114
881,0.114
882,0.114
883,0.114
884,0.114
885,0.114
886,0.114
887,0.114
888,0.114
889,0.114
890,0.114
891,0.114
892,0.114
893,0.114
894,0.114
895,0.114
896,0.114
897,0.114
898,0.114
899,0.114
900,0.114
901,0.114
902,0.114
903,0.114
904,0.114
905,0.114
906,0.114
907,0.114
908,0.114
909,0.114
910,0.114
911,0.114
912,0.114
913,0.114
914,0.114
915,0.114
916,0.114
917,0.114
918,0.114
919,0.114
920,0.114
921,0.114
922,0.114
923,0.114
924,0.114
925,0.114
926,0.114
927,0.114
928,0.114
929,0.114
930,0.114
931,0.114
932,0.114
933,0.114
934,0.114
935,0.114
936,0.114
937,0.114
938,0.114
939,0.114
940,0.114
941,0.114
942,0.114
943,0.114
944,0.114
945,0.114
946,0.114
947,0.114
948,0.114
949,0.114
950,0.114
951,0.114
952,0.114
953,0.114
954,0.114
955,0.114
956,0.114
957,0.114
958,0.114
959,0.114
960,0.114
961,0.114
962,0.114
963,0.114
964,0.114
965,0.114
966,0.114
967,0.114
968,0.114
969,0.114
970,0.114
971,0.114
972,0.114
973,0.114
974,0.114
975,0.114
976,0.114
977,0.114
978,0.114
979,0.114
980,0.114
981,0.114
982,0.114
983,0.114
984,0.114
985,0.114
986,0.114
987,0.114
988,0.114
989,0.114
990,0.114
991,0.114
992,0.114
993,0.114
994,0.114
995,0.114
996,0.114
997,0.114
998,0.114
999,0.114
1000,0.114
1001,0.114
1002,0.114
1003,0.114
1004,0.114
1005,0.114
1006,0.114
1007,0.114
1008,0.114
1009,0.114
1010,0.114
1011,0.114
1012,0.114
1013,0.114
1014,0.114
1015,0.114
1016,0.114
1017,0.114
1018,0.114
1019,0.114
1020,0.114
1021,0.114
1022,0.114
1023,0.114
1024,0.114
1025,0.114
1026,0.114
1027,0.114
1028,0.114
1029,0.114
1030,0.114
1031,0.114
1032,0.114
1033,0.114
1034,0.114
1035,0.114
1036,0.114
1037,0.114
1038,0.114
1039,0.114
1040,0.114
1041,0.114
1042,0.114
1043,0.114
1044,0.114
1045,0.114
1046,0.114
1047,0.114
1048,0.114
1049,0.114
1050,0.114
1051,0.114
1052,0.114
1053,0.114
1054,0.114
1055,0.114
1056,0.114
1057,0.114
1058,0.114
1059,0.114
1060,0.114
1061,0.114
1062,0.114
1063,0.114
1064,0.114
1065,0.114
1066,0.114
1067,0.114
1068,0.114
1069,0.114
1070,0.114
1071,0.114
1072,0.114
1073,0.114
1074,0.114
1075,0.114
1076,0.114
1077,0.114
1078,0.114
1079,0.114
1080,0.114
1081,0.114
1082,0.114
1083,0.114
1084,0.114
1085,0.114
1086,0.114
1087,0.114
1088,0.114
1089,0.114
1090,0.114
1091,0.114
1092,0.114
1093,0.114
1094,0.114
1095,0.114
1096,0.114
1097,0.114
1098,0.114
1099,0.114
1100,0.114
1101,0.114
1102,0.114
1103,0.114
1104,0.114
1105,0.114
1106,0.114
1107,0.114
1108,0.114
1109,0.114
1110,0.114
1111,0.114
1112,0.114
1113,0.114
1114,0.114
1115,0.114
1116,0.114
1117,0.114
1118,0.114
1119,0.114
1120,0.114
1121,0.114
1122,0.114
1123,0.114
1124,0.114
1125,0.114
1126,0.114
1127,0.114
1128,0.114
1129,0.114
1130,0.114
1131,0.114
1132,0.114
1133,0.114
1134,0.114
1135,0.114
1136,0.114
1137,0.114
1138,0.114
1139,0.114
1140,0.114
1141,0.114
1142,0.114
1143,0.114
1144,0.114
1145,0.114
1146,0.114
1147,0.114
1148,0.114
1149,0.114
1150,0.114
1151,0.114
1152,0.114
1153,0.114
1154,0.114
1155,0.114
1156,0.114
1157,0.114
1158,0.114
1159,0.114
1160,0.114
1161,0.114
1162,0.114
1163,0.114
1164,0.114
1165,0.114
1166,0.114
1167,0.114
1168,0.114
1169,0.114
1170,0.114
1171,0.114
1172,0.114
1173,0.114
1174,0.114
1175,0.114
1176,0.114
1177,0.114
1178,0.114
1179,0.114
1180,0.114
1181,0.114
1182,0.114
1183,0.114
1184,0.114
1185,0.114
1186,0.114
1187,0.114
1188,0.114
1189,0.114
1190,0.114
1191,0.114
1192,0.114
1193,0.114
1194,0.114
1195,0.114
1196,0.114
1197,0.114
1198,0.114
1199,0.114
1200,0.114
1201,0.114
1202,0.114
1203,0.114
1204,0.114
1205,0.114
1206,0.114
1207,0.114
1208,0.114
1209,0.114
1210,0.114
1211,0.114
1212,0.114
1213,0.114
1214,0.114
1215,0.114
1216,0.114
1217,0.114
1218,0.114
1219,0.114
1220,0.114
1221,0.114
1222,0.114
1223,0.114
1224,0.114
1225,0.114
1226,0.114
1227,0.114
1228,0.114
1229,0.114
1230,0.114
1231,0.114
1232,0.114
1233,0.114
1234,0.114
1235,0.114
1236,0.114
1237,0.114
1238,0.114
1239,0.114
1240,0.114
1241,0.114
1242,0.114
1243,0.114
1244,0.114
1245,0.114
1246,0.114
1247,0.114
1248,0.114
1249,0.114
1250,0.114
1251,0.114
1252,0.114
1253,0.114
1254,0.114
1255,0.114
1256,0.114
1257,0.114
1258,0.114
1259,0.114
1260,0.114
1261,0.114
1262,0.114
1263,0.114
1264,0.114
1265,0.114
1266,0.114
1267,0.114
1268,0.114
1269,0.114
1270,0.114
1271,0.114
1272,0.114
1273,0.114
1274,0.114
1275,0.114
1276,0.114
1277,0.114
1278,0.114
1279,0.114
1280,0.114
1281,0.114
1282,0.114
1283,0.114
1284,0.114
1285,0.114
1286,0.114
1287,0.114
1288,0.114
1289,0.114
1290,0.114
1291,0.114
1292,0.114
1293,0.114
1294,0.114
1295,0.114
1296,0.114
1297,0.114
1298,0.114
1299,0.114
1300,0.114
1301,0.114
1302,0.114
1303,0.114
1304,0.114
1305,0.114
1306,0.114
1307,0.114
1308,0.114
1309,0.114
1310,0.114
1311,0.114
1312,0.114
1313,0.114
1314,0.114
1315,0.114
1316,0.114
1317,0.114
1318,0.114
1319,0.114
1320,0.114
1321,0.114
1322,0.114
1323,0.114
1324,0.114
1325,0.114
1326,0.114
1327,0.114
1328,0.114
1329,0.114
1330,0.114
1331,0.114
1332,0.114
1333,0.114
1334,0.114
1335,0.114
1336,0.114
1337,0.114
1338,0.114
1339,0.114
1340,0.114
1341,0.114
1342,0.114
1343,0.114
1344,0.114
1345,0.114
1346,0.114
1347,0.114
1348,0.114
1349,0.114
1350,0.114
1351,0.114
1352,0.114
1353,0.114
1354,0.114
1355,0.114
1356,0.114
1357,0.114
1358,0.114
1359,0.114
1360,0.114
1361,0.114
1362,0.114
1363,0.114
1364,0.114
1365,0.114
1366,0.114
1367,0.114
1368,0.114
1369,0.114
1370,0.114
1371,0.114
1372,0.114
1373,0.114
1374,0.114
1375,0.114
1376,0.114
1377,0.114
1378,0.114
1379,0.114
1380,0.114
1381,0.114
1382,0.114
1383,0.114
1384,0.114
1385,0.114
1386,0.114
1387,0.114
1388,0.114
1389,0.114
1390,0.114
1391,0.114
1392,0.114
1393,0.114
1394,0.114
1395,0.114
1396,0.114
1397,0.114
1398,0.114
1399,0.114
1400,0.114
1401,0.114
1402,0.114
1403,0.114
1404,0.114
1405,0.114
1406,0.114
1407,0.114
1408,0.114
1409,0.114
1410,0.114
1411,0.114
1412,0.114
1413,0.114
1414,0.114
1415,0.114
1416,0.114
1417,0.114
1418,0.114
1419,0.114
1420,0.114
1421,0.114
1422,0.114
1423,0.114
1424,0.114
1425,0.114
1426,0.114
1427,0.114
1428,0.114
1429,0.114
1430,0.114
1431,0.114
1432,0.114
1433,0.114
1434,0.114
1435,0.114
1436,0.114
1437,0.114
1438,0.114
1439,0.114
1440,0.114
1441,0.114
1442,0.114
1443,0.114
1444,0.114
1445,0.114
1446,0.114
1447,0.114
1448,0.114
1449,0.114
1450,0.114
1451,0.114
1452,0.114
1453,0.114
1454,0.114
1455,0.114
1456,0.114
1457,0.114
1458,0.114
1459,0.114
1460,0.114
1461,0.114
1462,0.114
1463,0.114
1464,0.114
1465,0.114
1466,0.114
1467,0.114
1468,0.114
1469,0.114
1470,0.114
1471,0.114
1472,0.114
1473,0.114
1474,0.114
1475,0.114
1476,0.114
1477,0.114
1478,0.114
1479,0.114
1480,0.114
1481,0.114
1482,0.114
1483,0.114
1484,0.114
1485,0.114
1486,0.114
1487,0.114
1488,0.114
1489,0.114
1490,0.114
1491,0.114
1492,0.114
1493,0.114
1494,0.114
1495,0.114
1496,0.114
1497,0.114
1498,0.114
1499,0.114
1500,0.114
1501,0.114
1502,0.114
1503,0.114
1504,0.114
1505,0.114
1506,0.114
1507,0.114
1508,0.114
1509,0.114
1510,0.114
1511,0.114
1512,0.114
1513,0.114
1514,0.114
1515,0.114
1516,0.114
1517,0.114
1518,0.114
1519,0.114
1520,0.114
1521,0.114
1522,0.114
1523,0.114
1524,0.114
1525,0.114
1526,0.114
1527,0.114
1528,0.114
1529,0.114
1530,0.114
1531,0.114
1532,0.114
1533,0.114
1534,0.114
1535,0.114
1536,0.114
1537,0.114
1538,0.114
1539,0.114
1540,0.114
1541,0.114
1542,0.114
1543,0.114
1544,0.114
1545,0.114
1546,0.114
1547,0.114
1548,0.114
1549,0.114
1550,0.114
1551,0.114
1552,0.114
1553,0.114
1554,0.114
1555,0.114
1556,0.114
1557,0.114
1558,0.114
1559,0.114
1560,0.114
1561,0.114
1562,0.114
1563,0.114
1564,0.114
1565,0.114
1566,0.114
1567,0.114
1568,0.114
1569,0.114
1570,0.114
1571,0.114
1572,0.114
1573,0.114
1574,0.114
1575,0.114
1576,0.114
1577,0.114
1578,0.114
1579,0.114
1580,0.114
1581,0.114
1582,0.114
1583,0.114
1584,0.114
1585,0.114
1586,0.114
1587,0.114
1588,0.114
1589,0.114
1590,0.114
1591,0.114
1592,0.114
1593,0.114
1594,0.114
1595,0.114
1596,0.114
1597,0.114
1598,0.114
1599,0.114
1600,0.114
1601,0.114
1602,0.114
1603,0.114
1604,0.114
1605,0.114
1606,0.114
1607,0.114
1608,0.114
1609,0.114
1610,0.114
1611,0.114
1612,0.114
1613,0.114
1614,0.114
1615,0.114
1616,0.114
1617,0.114
1618,0.114
1619,0.114
1620,0.114
1621,0.114
1622,0.114
1623,0.114
1624,0.114
1625,0.114
1626,0.114
1627,0.114
1628,0.114
1629,0.114
1630,0.114
1631,0.114
1632,0.114
1633,0.114
1634,0.114
1635,0.114
1636,0.114
1637,0.114
1638,0.114
1639,0.114
1640,0.114
1641,0.114
1642,0.114
1643,0.114
1644,0.114
1645,0.114
1646,0.114
1647,0.114
1648,0.114
1649,0.114
1650,0.114
1651,0.114
1652,0.114
1653,0.114
1654,0.114
1655,0.114
1656,0.114
1657,0.114
1658,0.114
1659,0.114
1660,0.114
1661,0.114
1662,0.114
1663,0.114
1664,0.114
1665,0.114
1666,0.114
1667,0.114
1668,0.114
1669,0.114
1670,0.114
1671,0.114
1672,0.114
1673,0.114
1674,0.114
1675,0.114
1676,0.114
1677,0.114
1678,0.114
1679,0.114
1680,0.114
1681,0.114
1682,0.114
1683,0.114
1684,0.114
1685,0.114
1686,0.114
1687,0.114
1688,0.114
1689,0.114
1690,0.114
1691,0.114
1692,0.114
1693,0.114
1694,0.114
1695,0.114
1696,0.114
1697,0.114
1698,0.114
1699,0.114
1700,0.114
1701,0.114
1702,0.114
1703,0.114
1704,0.114
1705,0.114
1706,0.114
1707,0.114
1708,0.114
1709,0.114
1710,0.114
1711,0.114
1712,0.114
1713,0.114
1714,0.114
1715,0.114
1716,0.114
1717,0.114
1718,0.114
1719,0.114
1720,0.114
1721,0.114
1722,0.114
1723,0.114
1724,0.114
1725,0.114
1726,0.114
1727,0.114
1728,0.114
1729,0.114
1730,0.114
1731,0.114
1732,0.114
1733,0.114
1734,0.114
1735,0.114
1736,0.114
1737,0.114
1738,0.114
1739,0.114
1740,0.114
1741,0.114
1742,0.114
1743,0.114
1744,0.114
1745,0.114
1746,0.114
1747,0.114
1748,0.114
1749,0.114
1750,0.114
1751,0.114
1752,0.114
1753,0.114
1754,0.114
1755,0.114
1756,0.114
1757,0.114
1758,0.114
1759,0.114
1760,0.114
1761,0.114
1762,0.114
1763,0.114
1764,0.114
1765,0.114
1766,0.114
1767,0.114
1768,0.114
1769,0.114
1770,0.114
1771,0.114
1772,0.114
1773,0.114
1774,0.114
1775,0.114
1776,0.114
1777,0.114
1778,0.114
1779,0.114
1780,0.114
1781,0.114
1782,0.114
1783,0.114
1784,0.114
1785,0.114
1786,0.114
1787,0.114
1788,0.114
1789,0.114
1790,0.114
1791,0.114
1792,0.114
1793,0.114
1794,0.114
1795,0.114
1796,0.114
1797,0.114
1798,0.114
1799,0.114
1800,0.114
1801,0.114
1802,0.114
1803,0.114
1804,0.114
1805,0.114
1806,0.114
1807,0.114
1808,0.114
1809,0.114
1810,0.114
1811,0.114
1812,0.114
1813,0.114
1814,0.114
1815,0.114
1816,0.114
1817,0.114
1818,0.114
1819,0.114
1820,0.114
1821,0.114
1822,0.114
1823,0.114
1824,0.114
1825,0.114
1826,0.114
1827,0.114
1828,0.114
1829,0.114
1830,0.114
1831,0.114
1832,0.114
1833,0.114
1834,0.114
1835,0.114
1836,0.114
1837,0.114
1838,0.114
1839,0.114
1840,0.114
1841,0.114
1842,0.114
1843,0.114
1844,0.114
1845,0.114
1846,0.114
1847,0.114
1848,0.114
1849,0.114
1850,0.114
1851,0.114
1852,0.114
1853,0.114
1854,0.114
1855,0.114
1856,0.114
1857,0.114
1858,0.114
1859,0.114
1860,0.114
1861,0.114
1862,0.114
1863,0.114
1864,0.114
1865,0.114
1866,0.114
1867,0.114
1868,0.114
1869,0.114
1870,0.114
1871,0.114
1872,0.114
1873,0.114
1874,0.114
1875,0.114
1876,0.114
1877,0.114
1878,0.114
1879,0.114
1880,0.114
1881,0.114
1882,0.114
1883,0.114
1884,0.114
1885,0.114
1886,0.114
1887,0.114
1888,0.114
1889,0.114
1890,0.114
1891,0.114
1892,0.114
1893,0.114
1894,0.114
1895,0.114
1896,0.114
1897,0.114
1898,0.114
1899,0.114
1900,0.114
1901,0.114
1902,0.114
1903,0.114
1904,0.114
1905,0.114
1906,0.114
1907,0.114
1908,0.114
1909,0.114
1910,0.114
1911,0.114
1912,0.114
1913,0.114
1914,0.114
1915,0.114
1916,0.114
1917,0.114
1918,0.114
1919,0.114
1920,0.114
1921,0.114
1922,0.114
1923,0.114
1924,0.114
1925,0.114
1926,0.114
1927,0.114
1928,0.114
1929,0.114
1930,0.114
1931,0.114
1932,0.114
1933,0.114
1934,0.114
1935,0.114
1936,0.114
1937,0.114
1938,0.114
1939,0.114
1940,0.114
1941,0.114
1942,0.114
1943,0.114
1944,0.114
1945,0.114
1946,0.114
1947,0.114
1948,0.114
1949,0.114
1950,0.114
1951,0.114
1952,0.114
1953,0.114
1954,0.114
1955,0.114
1956,0.114
1957,0.114
1958,0.114
1959,0.114
1960,0.114
1961,0.114
1962,0.114
1963,0.114
1964,0.114
1965,0.114
1966,0.114
1967,0.114
1968,0.114
1969,0.114
1970,0.114
1971,0.114
1972,0.114
1973,0.114
1974,0.114
1975,0.114
1976,0.114
1977,0.114
1978,0.114
1979,0.114
1980,0.114
1981,0.114
1982,0.114
1983,0.114
1984,0.114
1985,0.114
1986,0.114
1987,0.114
1988,0.114
1989,0.114
1990,0.114
1991,0.114
1992,0.114
1993,0.114
1994,0.114
1995,0.114
1996,0.114
1997,0.114
1998,0.114
1999,0.114
2000,0.114
2001,0.114
2002,0.114
2003,0.114
2004,0.114
2005,0.114
2006,0.114
2007,0.114
2008,0.114
2009,0.114
2010,0.114
2011,0.114
2012,0.114
2013,0.114
2014,0.114
2015,0.114
2016,0.114
2017,0.114
2018,0.114
2019,0.114
2020,0.114
2021,0.114
2022,0.114
2023,0.114
2024,0.114
2025,0.114
2026,0.114
2027,0.114
2028,0.114
2029,0.114
2030,0.114
2031,0.114
2032,0.114
2033,0.114
2034,0.114
2035,0.114
2036,0.114
2037,0.114
2038,0.114
2039,0.114
2040,0.114
2041,0.114
2042,0.114
2043,0.114
2044,0.114
2045,0.114
2046,0.114
2047,0.114
2048,0.114
2049,0.114
2050,0.114
2051,0.114
2052,0.114
2053,0.114
2054,0.114
2055,0.114
2056,0.114
2057,0.114
2058,0.114
2059,0.114
2060,0.114
2061,0.114
2062,0.114
2063,0.114
2064,0.114
2065,0.114
2066,0.114
2067,0.114
2068,0.114
2069,0.114
2070,0.114
2071,0.114
2072,0.114
2073,0.114
2074,0.114
2075,0.114
2076,0.114
2077,0.114
2078,0.114
2079,0.114
2080,0.114
2081,0.114
2082,0.114
2083,0.114
2084,0.114
2085,0.114
2086,0.114
2087,0.114
2088,0.114
2089,0.114
2090,0.114
2091,0.114
2092,0.114
2093,0.114
2094,0.114
2095,0.114
2096,0.114
2097,0.114
2098,0.114
2099,0.114
2100,0.114
2101,0.114
2102,0.114
2103,0.114
2104,0.114
2105,0.114
2106,0.114
2107,0.114
2108,0.114
2109,0.114
2110,0.114
2111,0.114
2112,0.114
2113,0.114
2114,0.114
2115,0.114
2116,0.114
2117,0.114
2118,0.114
2119,0.114
2120,0.114
2121,0.114
2122,0.114
2123,0.114
2124,0.114
2125,0.114
2126,0.114
2127,0.114
2128,0.114
2129,0.114
2130,0.114
2131,0.114
2132,0.114
2133,0.114
2134,0.114
2135,0.114
2136,0.114
2137,0.114
2138,0.114
2139,0.114
2140,0.114
2141,0.114
2142,0.114
2143,0.114
2144,0.114
2145,0.114
2146,0.114
2147,0.114
2148,0.114
2149,0.114
2150,0.114
2151,0.114
2152,0.114
2153,0.114
2154,0.114
2155,0.114
2156,0.114
2157,0.114
2158,0.114
2159,0.114
2160,0.114
2161,0.114
2162,0.114
2163,0.114
2164,0.114
2165,0.114
2166,0.114
2167,0.114
2168,0.114
2169,0.114
2170,0.114
2171,0.114
2172,0.114
2173,0.114
2174,0.114
2175,0.114
2176,0.114
2177,0.114
2178,0.114
2179,0.114
2180,0.114
2181,0.114
2182,0.114
2183,0.114
2184,0.114
2185,0.114
2186,0.114
2187,0.114
2188,0.114
2189,0.114
2190,0.114
2191,0.114
2192,0.114
2193,0.114
2194,0.114
2195,0.114
2196,0.114
2197,0.114
2198,0.114
2199,0.114
2200,0.114
2201,0.114
2202,0.11398214285714287
2203,0.11396428571428571
2204,0.11394642857142857
2205,0.11392857142857143
2206,0.1139107142857143
2207,0.11389285714285714
2208,0.113875
2209,0.11385714285714287
2210,0.11383928571428571
2211,0.11382142857142857
2212,0.11380357142857143
2213,0.1137857142857143
2214,0.11376785714285714
2215,0.11375
2216,0.11373214285714286
2217,0.11371428571428571
2218,0.11369642857142857
2219,0.11367857142857143
2220,0.1136607142857143
2221,0.11364285714285714
2222,0.113625
2223,0.11360714285714286
2224,0.11358928571428571
2225,0.11357142857142857
2226,0.11355357142857143
2227,0.1135357142857143
2228,0.11351785714285714
2229,0.1135
2230,0.11347619047619048
2231,0.11345238095238096
2232,0.11342857142857143
2233,0.11340476190476191
2234,0.11338095238095239
2235,0.11335714285714286
2236,0.11333333333333334
2237,0.11330952380952382
2238,0.1132857142857143
2239,0.11326190476190477
2240,0.11323809523809523
2241,0.11321428571428571
2242,0.11319047619047619
2243,0.11316666666666667
2244,0.11314285714285714
2245,0.11311904761904762
2246,0.1130952380952381
2247,0.11307142857142857
2248,0.11304761904761905
2249,0.11302380952380953
2250,0.113
2251,0.113
2252,0.113
2253,0.113
2254,0.113
2255,0.113
2256,0.113
2257,0.113
2258,0.113
2259,0.113
2260,0.113
2261,0.113
2262,0.113
2263,0.113
2264,0.113
2265,0.113
2266,0.113
2267,0.113
2268,0.113
2269,0.113
2270,0.113
2271,0.113
2272,0.113
2273,0.113
2274,0.113
2275,0.113
2276,0.113
2277,0.113
2278,0.113
2279,0.113
2280,0.113
2281,0.113
2282,0.113
2283,0.113
2284,0.113
2285,0.113
2286,0.113
2287,0.113
2288,0.113
2289,0.113
2290,0.113
2291,0.113
2292,0.113
2293,0.113
2294,0.113
2295,0.113
2296,0.11297619047619048
2297,0.11295238095238096
2298,0.11292857142857143
2299,0.11290476190476191
2300,0.11288095238095239
2301,0.11285714285714285
2302,0.11283333333333333
2303,0.1128095238095238
2304,0.11278571428571428
2305,0.11276190476190476
2306,0.11273809523809523
2307,0.11271428571428571
2308,0.11269047619047619
2309,0.11266666666666666
2310,0.11264285714285714
2311,0.1126190476190476
2312,0.11259523809523808
2313,0.11257142857142856
2314,0.11254761904761904
2315,0.11252380952380951
2316,0.11249999999999999
2317,0.11248275862068964
2318,0.11246551724137929
2319,0.11244827586206896
2320,0.11243103448275861
2321,0.11241379310344826
2322,0.11239655172413791
2323,0.11237931034482758
2324,0.11236206896551723
2325,0.11234482758620688
2326,0.11232758620689653
2327,0.1123103448275862
2328,0.11229310344827585
2329,0.1122758620689655
2330,0.11225862068965516
2331,0.11224137931034482
2332,0.11222413793103447
2333,0.11220689655172413
2334,0.11218965517241378
2335,0.11217241379310344
2336,0.1121551724137931
2337,0.11213793103448275
2338,0.1121206896551724
2339,0.11210344827586206
2340,0.11208620689655172
2341,0.11206896551724137
2342,0.11205172413793102
2343,0.11203448275862068
2344,0.11201724137931034
2345,0.11199999999999999
2346,0.11199999999999999
2347,0.11199999999999999
2348,0.11199999999999999
2349,0.11199999999999999
2350,0.11199999999999999
2351,0.11199999999999999
2352,0.11199999999999999
2353,0.11199999999999999
2354,0.11199999999999999
2355,0.11199999999999999
2356,0.11199999999999999
2357,0.11199999999999999
2358,0.11199999999999999
2359,0.11199999999999999
2360,0.11199999999999999
2361,0.11199999999999999
2362,0.11199999999999999
2363,0.11199999999999999
2364,0.11199999999999999
2365,0.11199999999999999
2366,0.11199999999999999
2367,0.11199999999999999
2368,0.11199999999999999
2369,0.11199999999999999
2370,0.11199999999999999
2371,0.11199999999999999
2372,0.11199999999999999
2373,0.11199999999999999
2374,0.11199999999999999
2375,0.11199999999999999
2376,0.11199999999999999
2377,0.11199999999999999
2378,0.11199999999999999
2379,0.11199999999999999
2380,0.11199999999999999
2381,0.11199999999999999
2382,0.11199999999999999
2383,0.11199999999999999
2384,0.11199999999999999
2385,0.11199999999999999
2386,0.11199999999999999
2387,0.11199999999999999
2388,0.11199999999999999
2389,0.11199999999999999
2390,0.11199999999999999
2391,0.11199999999999999
2392,0.11199999999999999
2393,0.11199999999999999
2394,0.11199999999999999
2395,0.11199999999999999
2396,0.11199999999999999
2397,0.11199999999999999
2398,0.11199999999999999
2399,0.11199999999999999
2400,0.11199999999999999
2401,0.11199999999999999
2402,0.11199999999999999
2403,0.11199999999999999
2404,0.11199999999999999
2405,0.11199999999999999
2406,0.11199999999999999
2407,0.11199999999999999
2408,0.11199999999999999
2409,0.11199999999999999
2410,0.11199999999999999
2411,0.11199999999999999
2412,0.11199999999999999
2413,0.11199999999999999
2414,0.11199999999999999
2415,0.11199999999999999
2416,0.11199999999999999
2417,0.11199999999999999
2418,0.11199999999999999
2419,0.11199999999999999
2420,0.11199999999999999
2421,0.11199999999999999
2422,0.11199999999999999
2423,0.11199999999999999
2424,0.11199999999999999
2425,0.11199999999999999
2426,0.11199999999999999
2427,0.11199999999999999
2428,0.11199999999999999
2429,0.11199999999999999
2430,0.11199999999999999
2431,0.11199999999999999
2432,0.11199999999999999
2433,0.11199999999999999
2434,0.11199999999999999
2435,0.11199999999999999
2436,0.11199999999999999
2437,0.11199999999999999
2438,0.11199999999999999
2439,0.11199999999999999
2440,0.11199999999999999
2441,0.11199999999999999
2442,0.11199999999999999
2443,0.11199999999999999
2444,0.11199999999999999
2445,0.11199999999999999
2446,0.11199999999999999
2447,0.11199999999999999
2448,0.11199999999999999
2449,0.11199999999999999
2450,0.11199999999999999
2451,0.11199999999999999
2452,0.11199999999999999
2453,0.11199999999999999
2454,0.11199999999999999
2455,0.11199999999999999
2456,0.11199999999999999
2457,0.11199999999999999
2458,0.11199999999999999
2459,0.11199999999999999
2460,0.11199999999999999
2461,0.11199999999999999
2462,0.11199999999999999
2463,0.11199999999999999
2464,0.11199999999999999
2465,0.11199999999999999
2466,0.11199999999999999
2467,0.11199999999999999
2468,0.11199999999999999
2469,0.11199999999999999
2470,0.11199999999999999
2471,0.11199999999999999
2472,0.11199999999999999
2473,0.11199999999999999
2474,0.11199999999999999
2475,0.11199999999999999
2476,0.11199999999999999
2477,0.11199999999999999
2478,0.11199999999999999
2479,0.11199999999999999
2480,0.11199999999999999
2481,0.11199999999999999
2482,0.11199999999999999
2483,0.11199999999999999
2484,0.11199999999999999
2485,0.11199999999999999
2486,0.11199999999999999
2487,0.11199999999999999
2488,0.11199999999999999
2489,0.11199999999999999
2490,0.11199999999999999
2491,0.11199999999999999
2492,0.11199999999999999
2493,0.11199999999999999
2494,0.11199999999999999
2495,0.11199999999999999
2496,0.11199999999999999
2497,0.11199999999999999
2498,0.11199999999999999
2499,0.11199999999999999
2500,0.11199999999999999
2501,0.11199999999999999
2502,0.11199999999999999
2503,0.11199999999999999
2504,0.11199999999999999
2505,0.11199999999999999
2506,0.11199999999999999
2507,0.11199999999999999
2508,0.11199999999999999
2509,0.11199999999999999
2510,0.11199999999999999
2511,0.11199999999999999
2512,0.11199999999999999
2513,0.11199999999999999
2514,0.11199999999999999
2515,0.11199999999999999
2516,0.11199999999999999
2517,0.11199999999999999
2518,0.11199999999999999
2519,0.11199999999999999
2520,0.11199999999999999
2521,0.11199999999999999
2522,0.11199999999999999
2523,0.11199999999999999
2524,0.11199999999999999
2525,0.11199999999999999
2526,0.11199999999999999
2527,0.11199999999999999
2528,0.11199999999999999
2529,0.11199999999999999
2530,0.11199999999999999
2531,0.11199999999999999
2532,0.11199999999999999
2533,0.11199999999999999
2534,0.11199999999999999
2535,0.11199999999999999
2536,0.11199999999999999
2537,0.11199999999999999
2538,0.11199999999999999
2539,0.11199999999999999
2540,0.11199999999999999
2541,0.11199999999999999
2542,0.11199999999999999
2543,0.11199999999999999
2544,0.11199999999999999
2545,0.11199999999999999
2546,0.11199999999999999
2547,0.11199999999999999
2548,0.11199999999999999
2549,0.11199999999999999
2550,0.11199999999999999
2551,0.11199999999999999
2552,0.11199999999999999
2553,0.11199999999999999
2554,0.11199999999999999
2555,0.11199999999999999
2556,0.11199999999999999
2557,0.11199999999999999
2558,0.11199999999999999
2559,0.11199999999999999
2560,0.11199999999999999
2561,0.11199999999999999
2562,0.11199999999999999
2563,0.11199999999999999
2564,0.11199999999999999
2565,0.11199999999999999
2566,0.11199999999999999
2567,0.11199999999999999
2568,0.11199999999999999
2569,0.11199999999999999
2570,0.11199999999999999
2571,0.11199999999999999
2572,0.11199999999999999
2573,0.11199999999999999
2574,0.11199999999999999
2575,0.11199999999999999
2576,0.11199999999999999
2577,0.11199999999999999
2578,0.11199999999999999
2579,0.11199999999999999
2580,0.11199999999999999
2581,0.11199999999999999
2582,0.11199999999999999
2583,0.11199999999999999
2584,0.11199999999999999
2585,0.11199999999999999
2586,0.11199999999999999
2587,0.11199999999999999
2588,0.11199999999999999
2589,0.11199999999999999
2590,0.11199999999999999
2591,0.11199999999999999
2592,0.11199999999999999
2593,0.11199999999999999
2594,0.11199999999999999
2595,0.11199999999999999
2596,0.11199999999999999
2597,0.11199999999999999
2598,0.11199999999999999
2599,0.11199999999999999
2600,0.11199999999999999
2601,0.11199999999999999
2602,0.11199999999999999
2603,0.11199999999999999
2604,0.11199999999999999
2605,0.11199999999999999
2606,0.11199999999999999
2607,0.11199999999999999
2608,0.11199999999999999
2609,0.11199999999999999
2610,0.11199999999999999
2611,0.11199999999999999
2612,0.11199999999999999
2613,0.11199999999999999
2614,0.11199999999999999
2615,0.11199999999999999
2616,0.11199999999999999
2617,0.11199999999999999
2618,0.11199999999999999
2619,0.11199999999999999
2620,0.11199999999999999
2621,0.11199999999999999
2622,0.11199999999999999
2623,0.11199999999999999
2624,0.11199999999999999
2625,0.11199999999999999
2626,0.11199999999999999
2627,0.11199999999999999
2628,0.11199999999999999
2629,0.11199999999999999
2630,0.11199999999999999
2631,0.11199999999999999
2632,0.11199999999999999
2633,0.11199999999999999
2634,0.11199999999999999
2635,0.11199999999999999
2636,0.11199999999999999
2637,0.11199999999999999
2638,0.11199999999999999
2639,0.11199999999999999
2640,0.11199999999999999
2641,0.11199999999999999
2642,0.11199999999999999
2643,0.11199999999999999
2644,0.11199999999999999
2645,0.11199999999999999
2646,0.11199999999999999
2647,0.11199999999999999
2648,0.11199999999999999
2649,0.11199999999999999
2650,0.11199999999999999
2651,0.11199999999999999
2652,0.11199999999999999
2653,0.11199999999999999
2654,0.11199999999999999
2655,0.11199999999999999
2656,0.11199999999999999
2657,0.11199999999999999
2658,0.11199999999999999
2659,0.11199999999999999
2660,0.11199999999999999
2661,0.11199999999999999
2662,0.11199999999999999
2663,0.11199999999999999
2664,0.11199999999999999
2665,0.11199999999999999
2666,0.11199999999999999
2667,0.11199999999999999
2668,0.11199999999999999
2669,0.11199999999999999
2670,0.11199999999999999
2671,0.11199999999999999
2672,0.11199999999999999
2673,0.11199999999999999
2674,0.11199999999999999
2675,0.11199999999999999
2676,0.11199999999999999
2677,0.11199999999999999
2678,0.11199999999999999
2679,0.11199999999999999
2680,0.11199999999999999
2681,0.11199999999999999
2682,0.11199999999999999
2683,0.11199999999999999
2684,0.11199999999999999
2685,0.11199999999999999
2686,0.11199999999999999
2687,0.11199999999999999
2688,0.11199999999999999
2689,0.11199999999999999
2690,0.11199999999999999
2691,0.11199999999999999
2692,0.11199999999999999
2693,0.11199999999999999
2694,0.11199999999999999
2695,0.11199999999999999
2696,0.11199999999999999
2697,0.11199999999999999
2698,0.11199999999999999
2699,0.11199999999999999
2700,0.11199999999999999
2701,0.11199999999999999
2702,0.11199999999999999
2703,0.11199999999999999
2704,0.11199999999999999
2705,0.11199999999999999
2706,0.11199999999999999
2707,0.11199999999999999
2708,0.11199999999999999
2709,0.11199999999999999
2710,0.11199999999999999
2711,0.11199999999999999
2712,0.11199999999999999
2713,0.11199999999999999
2714,0.11199999999999999
2715,0.11199999999999999
2716,0.11199999999999999
2717,0.11199999999999999
2718,0.11199999999999999
2719,0.11199999999999999
2720,0.11199999999999999
2721,0.11199999999999999
2722,0.11199999999999999
2723,0.11199999999999999
2724,0.11199999999999999
2725,0.11199999999999999
2726,0.11199999999999999
2727,0.11199999999999999
2728,0.11199999999999999
2729,0.11199999999999999
2730,0.11199999999999999
2731,0.11199999999999999
2732,0.11199999999999999
2733,0.11199999999999999
2734,0.11199999999999999
2735,0.11199999999999999
2736,0.11199999999999999
2737,0.11199999999999999
2738,0.11199999999999999
2739,0.11199999999999999
2740,0.11199999999999999
2741,0.11199999999999999
2742,0.11199999999999999
2743,0.11199999999999999
2744,0.11199999999999999
2745,0.11199999999999999
2746,0.11199999999999999
2747,0.11199999999999999
2748,0.11199999999999999
2749,0.11199999999999999
2750,0.11199999999999999
2751,0.11199999999999999
2752,0.11199999999999999
2753,0.11199999999999999
2754,0.11199999999999999
2755,0.11199999999999999
2756,0.11199999999999999
2757,0.11199999999999999
2758,0.11199999999999999
2759,0.11199999999999999
2760,0.11199999999999999
2761,0.11199999999999999
2762,0.11199999999999999
2763,0.11199999999999999
2764,0.11199999999999999
2765,0.11199999999999999
2766,0.11199999999999999
2767,0.11199999999999999
2768,0.11199999999999999
2769,0.11199999999999999
2770,0.11199999999999999
2771,0.11199999999999999
2772,0.11199999999999999
2773,0.11199999999999999
2774,0.11199999999999999
2775,0.11199999999999999
2776,0.11199999999999999
2777,0.11199999999999999
2778,0.11199999999999999
2779,0.11199999999999999
2780,0.11199999999999999
2781,0.11199999999999999
2782,0.11199999999999999
2783,0.11199999999999999
2784,0.11199999999999999
2785,0.11199999999999999
2786,0.11199999999999999
2787,0.11199999999999999
2788,0.11199999999999999
2789,0.11199999999999999
2790,0.11199999999999999
2791,0.11199999999999999
2792,0.11199999999999999
2793,0.11199999999999999
2794,0.11199999999999999
2795,0.11199999999999999
2796,0.11199999999999999
2797,0.11199999999999999
2798,0.11199999999999999
2799,0.11199999999999999
2800,0.11199999999999999
2801,0.11199999999999999
2802,0.11199999999999999
2803,0.11199999999999999
2804,0.11199999999999999
2805,0.11199999999999999
2806,0.11199999999999999
2807,0.11199999999999999
2808,0.11199999999999999
2809,0.11199999999999999
2810,0.11199999999999999
2811,0.11199999999999999
2812,0.11199999999999999
2813,0.11199999999999999
2814,0.11199999999999999
2815,0.11199999999999999
2816,0.11199999999999999
2817,0.11199999999999999
2818,0.11199999999999999
2819,0.11199999999999999
2820,0.11199999999999999
2821,0.11199999999999999
2822,0.11199999999999999
2823,0.11199999999999999
2824,0.11199999999999999
2825,0.11199999999999999
2826,0.11199999999999999
2827,0.11199999999999999
2828,0.11199999999999999
2829,0.11199999999999999
2830,0.11199999999999999
2831,0.11199999999999999
2832,0.11199999999999999
2833,0.11199999999999999
2834,0.11199999999999999
2835,0.11199999999999999
2836,0.11199999999999999
2837,0.11199999999999999
2838,0.11199999999999999
2839,0.11199999999999999
2840,0.11199999999999999
2841,0.11199999999999999
2842,0.11199999999999999
2843,0.11199999999999999
2844,0.11199999999999999
2845,0.11199999999999999
2846,0.11199999999999999
2847,0.11199999999999999
2848,0.11199999999999999
2849,0.11199999999999999
2850,0.11199999999999999
2851,0.11199999999999999
2852,0.11199999999999999
2853,0.11199999999999999
2854,0.11199999999999999
2855,0.11199999999999999
2856,0.11199999999999999
2857,0.11199999999999999
2858,0.11199999999999999
2859,0.11199999999999999
2860,0.11199999999999999
2861,0.11199999999999999
2862,0.11199999999999999
2863,0.11199999999999999
2864,0.11199999999999999
2865,0.11199999999999999
2866,0.11199999999999999
2867,0.11199999999999999
2868,0.11199999999999999
2869,0.11199999999999999
2870,0.11199999999999999
2871,0.11199999999999999
2872,0.11199999999999999
2873,0.11199999999999999
2874,0.11199999999999999
2875,0.11199999999999999
2876,0.11199999999999999
2877,0.11199999999999999
2878,0.11199999999999999
2879,0.11199999999999999
2880,0.11199999999999999
2881,0.11199999999999999
2882,0.11199999999999999
2883,0.11199999999999999
2884,0.11199999999999999
2885,0.11199999999999999
2886,0.11199999999999999
2887,0.11199999999999999
2888,0.11199999999999999
2889,0.11199999999999999
2890,0.11199999999999999
2891,0.11199999999999999
2892,0.11199999999999999
2893,0.11199999999999999
2894,0.11199999999999999
2895,0.11199999999999999
2896,0.11199999999999999
2897,0.11199999999999999
2898,0.11199999999999999
2899,0.11199999999999999
2900,0.11199999999999999
2901,0.11199999999999999
2902,0.11199999999999999
2903,0.11199999999999999
2904,0.11199999999999999
2905,0.11199999999999999
2906,0.11199999999999999
2907,0.11199999999999999
2908,0.11199999999999999
2909,0.11199999999999999
2910,0.11199999999999999
2911,0.11199999999999999
2912,0.11199999999999999
2913,0.11199999999999999
2914,0.11199999999999999
2915,0.11199999999999999
2916,0.11199999999999999
2917,0.11199999999999999
2918,0.11199999999999999
2919,0.11199999999999999
2920,0.11199999999999999
2921,0.11199999999999999
2922,0.11199999999999999
2923,0.11199999999999999
2924,0.11199999999999999
2925,0.11199999999999999
2926,0.11199999999999999
2927,0.11199999999999999
2928,0.11199999999999999
2929,0.11199999999999999
2930,0.11199999999999999
2931,0.11199999999999999
2932,0.11199999999999999
2933,0.11199999999999999
2934,0.11199999999999999
2935,0.11199999999999999
2936,0.11199999999999999
2937,0.11199999999999999
2938,0.11199999999999999
2939,0.11199999999999999
2940,0.11199999999999999
2941,0.11199999999999999
2942,0.11199999999999999
2943,0.11199999999999999
2944,0.11199999999999999
2945,0.11199999999999999
2946,0.11199999999999999
2947,0.11199999999999999
2948,0.11199999999999999
2949,0.11199999999999999
2950,0.11199999999999999
2951,0.11199999999999999
2952,0.11199999999999999
2953,0.11199999999999999
2954,0.11199999999999999
2955,0.11199999999999999
2956,0.11199999999999999
2957,0.11199999999999999
2958,0.11199999999999999
2959,0.11199999999999999
2960,0.11199999999999999
2961,0.11199999999999999
2962,0.11199999999999999
2963,0.11199999999999999
2964,0.11199999999999999
2965,0.11199999999999999
2966,0.11199999999999999
2967,0.11199999999999999
2968,0.11199999999999999
2969,0.11199999999999999
2970,0.11199999999999999
2971,0.11199999999999999
2972,0.11199999999999999
2973,0.11199999999999999
2974,0.11199999999999999
2975,0.11199999999999999
2976,0.11199999999999999
2977,0.11199999999999999
2978,0.11199999999999999
2979,0.11199999999999999
2980,0.11199999999999999
2981,0.11199999999999999
2982,0.11199999999999999
2983,0.11199999999999999
2984,0.11199999999999999
2985,0.11199999999999999
2986,0.11199999999999999
2987,0.11199999999999999
2988,0.11199999999999999
2989,0.11199999999999999
2990,0.11199999999999999
2991,0.11199999999999999
2992,0.11199999999999999
2993,0.11199999999999999
2994,0.11199999999999999
2995,0.11199999999999999
2996,0.11199999999999999
2997,0.11199999999999999
2998,0.11199999999999999
2999,0.11199999999999999
3000,0.11199999999999999
3001,0.11199999999999999
3002,0.11199999999999999
3003,0.11199999999999999
3004,0.11199999999999999
3005,0.11199999999999999
3006,0.11199999999999999
3007,0.11199999999999999
3008,0.11199999999999999
3009,0.11199999999999999
3010,0.11199999999999999
3011,0.11199999999999999
3012,0.11199999999999999
3013,0.11199999999999999
3014,0.11199999999999999
3015,0.11199999999999999
3016,0.11199999999999999
3017,0.11199999999999999
3018,0.11199999999999999
3019,0.11199999999999999
3020,0.11199999999999999
3021,0.11199999999999999
3022,0.11199999999999999
3023,0.11199999999999999
3024,0.11199999999999999
3025,0.11199999999999999
3026,0.11199999999999999
3027,0.11199999999999999
3028,0.11199999999999999
3029,0.11199999999999999
3030,0.11199999999999999
3031,0.11199999999999999
3032,0.11199999999999999
3033,0.11199999999999999
3034,0.11199999999999999
3035,0.11199999999999999
3036,0.11199999999999999
3037,0.11199999999999999
3038,0.11199999999999999
3039,0.11199999999999999
3040,0.11199999999999999
3041,0.11199999999999999
3042,0.11199999999999999
3043,0.11199999999999999
3044,0.11199999999999999
3045,0.11199999999999999
3046,0.11199999999999999
3047,0.11199999999999999
3048,0.11199999999999999
3049,0.11199999999999999
3050,0.11199999999999999
3051,0.11199999999999999
3052,0.11199999999999999
3053,0.11199999999999999
3054,0.11199999999999999
3055,0.11199999999999999
3056,0.11199999999999999
3057,0.11199999999999999
3058,0.11199999999999999
3059,0.11199999999999999
3060,0.11199999999999999
3061,0.11199999999999999
3062,0.11199999999999999
3063,0.11199999999999999
3064,0.11199999999999999
3065,0.11199999999999999
3066,0.11199999999999999
3067,0.11199999999999999
3068,0.11199999999999999
3069,0.11199999999999999
3070,0.11199999999999999
3071,0.11199999999999999
3072,0.11199999999999999
3073,0.11199999999999999
3074,0.11199999999999999
3075,0.11199999999999999
3076,0.11199999999999999
3077,0.11199999999999999
3078,0.11199999999999999
3079,0.11199999999999999
3080,0.11199999999999999
3081,0.11199999999999999
3082,0.11199999999999999
3083,0.11199999999999999
3084,0.11199999999999999
3085,0.11199999999999999
3086,0.11199999999999999
3087,0.11199999999999999
3088,0.11199999999999999
3089,0.11199999999999999
3090,0.11199999999999999
3091,0.11199999999999999
3092,0.11199999999999999
3093,0.11199999999999999
3094,0.11199999999999999
3095,0.11199999999999999
3096,0.11199999999999999
3097,0.11199999999999999
3098,0.11199999999999999
3099,0.11199999999999999
3100,0.11199999999999999
3101,0.11199999999999999
3102,0.11199999999999999
3103,0.11199999999999999
3104,0.11199999999999999
3105,0.11199999999999999
3106,0.11199999999999999
3107,0.11199999999999999
3108,0.11199999999999999
3109,0.11199999999999999
3110,0.11199999999999999
3111,0.11199999999999999
3112,0.11199999999999999
3113,0.11199999999999999
3114,0.11199999999999999
3115,0.11199999999999999
3116,0.11199999999999999
3117,0.11199999999999999
3118,0.11199999999999999
3119,0.11199999999999999
3120,0.11199999999999999
3121,0.11199999999999999
3122,0.11199999999999999
3123,0.11199999999999999
3124,0.11199999999999999
3125,0.11199999999999999
3126,0.11199999999999999
3127,0.11199999999999999
3128,0.11199999999999999
3129,0.11199999999999999
3130,0.11199999999999999
3131,0.11199999999999999
3132,0.11199999999999999
3133,0.11199999999999999
3134,0.11199999999999999
3135,0.11199999999999999
3136,0.11199999999999999
3137,0.11199999999999999
3138,0.11199999999999999
3139,0.11199999999999999
3140,0.11199999999999999
3141,0.11199999999999999
3142,0.11199999999999999
3143,0.11199999999999999
3144,0.11199999999999999
3145,0.11199999999999999
3146,0.11199999999999999
3147,0.11199999999999999
3148,0.11199999999999999
3149,0.11199999999999999
3150,0.11199999999999999
3151,0.11199999999999999
3152,0.11199999999999999
3153,0.11199999999999999
3154,0.11199999999999999
3155,0.11199999999999999
3156,0.11199999999999999
3157,0.11199999999999999
3158,0.11199999999999999
3159,0.11199999999999999
3160,0.11199999999999999
3161,0.11199999999999999
3162,0.11199999999999999
3163,0.11199999999999999
3164,0.11199999999999999
3165,0.11199999999999999
3166,0.11199999999999999
3167,0.11199999999999999
3168,0.11199999999999999
3169,0.11199999999999999
3170,0.11199999999999999
3171,0.11199999999999999
3172,0.11199999999999999
3173,0.11199999999999999
3174,0.11199999999999999
3175,0.11199999999999999
3176,0.11199999999999999
3177,0.11199999999999999
3178,0.11199999999999999
3179,0.11199999999999999
3180,0.11199999999999999
3181,0.11199999999999999
3182,0.11199999999999999
3183,0.11199999999999999
3184,0.11199999999999999
3185,0.11199999999999999
3186,0.11199999999999999
3187,0.11199999999999999
3188,0.11199999999999999
3189,0.11199999999999999
3190,0.11199999999999999
3191,0.11199999999999999
3192,0.11199999999999999
3193,0.11199999999999999
3194,0.11199999999999999
3195,0.11199999999999999
3196,0.11199999999999999
3197,0.11199999999999999
3198,0.11199999999999999
3199,0.11199999999999999
3200,0.11199999999999999
3201,0.11199999999999999
3202,0.11199999999999999
3203,0.11199999999999999
3204,0.11199999999999999
3205,0.11199999999999999
3206,0.11199999999999999
3207,0.11199999999999999
3208,0.11199999999999999
3209,0.11199999999999999
3210,0.11199999999999999
3211,0.11199999999999999
3212,0.11199999999999999
3213,0.11199999999999999
3214,0.11199999999999999
3215,0.11199999999999999
3216,0.11199999999999999
3217,0.11199999999999999
3218,0.11199999999999999
3219,0.11199999999999999
3220,0.11199999999999999
3221,0.11199999999999999
3222,0.11199999999999999
3223,0.11199999999999999
3224,0.11199999999999999
3225,0.11199999999999999
3226,0.11199999999999999
3227,0.11199999999999999
3228,0.11199999999999999
3229,0.11199999999999999
3230,0.11199999999999999
3231,0.11199999999999999
3232,0.11199999999999999
3233,0.11199999999999999
3234,0.11199999999999999
3235,0.11199999999999999
3236,0.11199999999999999
3237,0.11199999999999999
3238,0.11199999999999999
3239,0.11199999999999999
3240,0.11199999999999999
3241,0.11199999999999999
3242,0.11199999999999999
3243,0.11199999999999999
3244,0.11199999999999999
3245,0.11199999999999999
3246,0.11199999999999999
3247,0.11199999999999999
3248,0.11199999999999999
3249,0.11199999999999999
3250,0.11199999999999999
3251,0.11199999999999999
3252,0.11199999999999999
3253,0.11199999999999999
3254,0.11199999999999999
3255,0.11199999999999999
3256,0.11199999999999999
3257,0.11199999999999999
3258,0.11199999999999999
3259,0.11199999999999999
3260,0.11199999999999999
3261,0.11199999999999999
3262,0.11199999999999999
3263,0.11199999999999999
3264,0.11199999999999999
3265,0.11199999999999999
3266,0.11199999999999999
3267,0.11199999999999999
3268,0.11199999999999999
3269,0.11199999999999999
3270,0.11199999999999999
3271,0.11199999999999999
3272,0.11199999999999999
3273,0.11199999999999999
3274,0.11199999999999999
3275,0.11199999999999999
3276,0.11199999999999999
3277,0.11199999999999999
3278,0.11199999999999999
3279,0.11199999999999999
3280,0.11199999999999999
3281,0.11199999999999999
3282,0.11199999999999999
3283,0.11199999999999999
3284,0.11199999999999999
3285,0.11199999999999999
3286,0.11199999999999999
3287,0.11199999999999999
3288,0.11199999999999999
3289,0.11199999999999999
3290,0.11199999999999999
3291,0.11199999999999999
3292,0.11199999999999999
3293,0.11199999999999999
3294,0.11199999999999999
3295,0.11199999999999999
3296,0.11199999999999999
3297,0.11199999999999999
3298,0.11199999999999999
3299,0.11199999999999999
3300,0.11199999999999999
3301,0.11199999999999999
3302,0.11199999999999999
3303,0.11199999999999999
3304,0.11199999999999999
3305,0.11199999999999999
3306,0.11199999999999999
3307,0.11199999999999999
3308,0.11199999999999999
3309,0.11199999999999999
3310,0.11199999999999999
3311,0.11199999999999999
3312,0.11199999999999999
3313,0.11199999999999999
3314,0.11199999999999999
3315,0.11199999999999999
3316,0.11199999999999999
3317,0.11199999999999999
3318,0.11199999999999999
3319,0.11199999999999999
3320,0.11199999999999999
3321,0.11199999999999999
3322,0.11199999999999999
3323,0.11199999999999999
3324,0.11199999999999999
3325,0.11199999999999999
3326,0.11199999999999999
3327,0.11199999999999999
3328,0.11199999999999999
3329,0.11199999999999999
3330,0.11199999999999999
3331,0.11199999999999999
3332,0.11199999999999999
3333,0.11199999999999999
3334,0.11199999999999999
3335,0.11199999999999999
3336,0.11199999999999999
3337,0.11199999999999999
3338,0.11199999999999999
3339,0.11199999999999999
3340,0.11199999999999999
3341,0.11199999999999999
3342,0.11199999999999999
3343,0.11199999999999999
3344,0.11199999999999999
3345,0.11199999999999999
3346,0.11199999999999999
3347,0.11199999999999999
3348,0.11199999999999999
3349,0.11199999999999999
3350,0.11199999999999999
3351,0.11199999999999999
3352,0.11199999999999999
3353,0.11199999999999999
3354,0.11199999999999999
3355,0.11199999999999999
3356,0.11199999999999999
3357,0.11199999999999999
3358,0.11199999999999999
3359,0.11199999999999999
3360,0.11199999999999999
3361,0.11199999999999999
3362,0.11199999999999999
3363,0.11199999999999999
3364,0.11199999999999999
3365,0.11199999999999999
3366,0.11199999999999999
3367,0.11199999999999999
3368,0.11199999999999999
3369,0.11199999999999999
3370,0.11199999999999999
3371,0.11199999999999999
3372,0.11199999999999999
3373,0.11199999999999999
3374,0.11199999999999999
3375,0.11199999999999999
3376,0.11199999999999999
3377,0.11199999999999999
3378,0.11199999999999999
3379,0.11199999999999999
3380,0.11199999999999999
3381,0.11199999999999999
3382,0.11199999999999999
3383,0.11199999999999999
3384,0.11199999999999999
3385,0.11199999999999999
3386,0.11199999999999999
3387,0.11199999999999999
3388,0.11199999999999999
3389,0.11199999999999999
3390,0.11199999999999999
3391,0.11199999999999999
3392,0.11199999999999999
3393,0.11199999999999999
3394,0.11199999999999999
3395,0.11199999999999999
3396,0.11199999999999999
3397,0.11199999999999999
3398,0.11199999999999999
3399,0.11199999999999999
3400,0.11199999999999999
3401,0.11199999999999999
3402,0.11199999999999999
3403,0.11199999999999999
3404,0.11199999999999999
3405,0.11199999999999999
3406,0.11199999999999999
3407,0.11199999999999999
3408,0.11199999999999999
3409,0.11199999999999999
3410,0.11199999999999999
3411,0.11199999999999999
3412,0.11199999999999999
3413,0.11199999999999999
3414,0.11199999999999999
3415,0.11199999999999999
3416,0.11199999999999999
3417,0.11199999999999999
3418,0.11199999999999999
3419,0.11199999999999999
3420,0.11199999999999999
3421,0.11199999999999999
3422,0.11199999999999999
3423,0.11199999999999999
3424,0.11199999999999999
3425,0.11199999999999999
3426,0.11199999999999999
3427,0.11199999999999999
3428,0.11199999999999999
3429,0.11199999999999999
3430,0.11199999999999999
3431,0.11199999999999999
3432,0.11199999999999999
3433,0.11199999999999999
3434,0.11199999999999999
3435,0.11199999999999999
3436,0.11199999999999999
3437,0.11199999999999999
3438,0.11199999999999999
3439,0.11199999999999999
3440,0.11199999999999999
3441,0.11199999999999999
3442,0.11199999999999999
3443,0.11199999999999999
3444,0.11199999999999999
3445,0.11199999999999999
3446,0.11199999999999999
3447,0.11199999999999999
3448,0.11199999999999999
3449,0.11199999999999999
3450,0.11199999999999999
3451,0.11199999999999999
3452,0.11199999999999999
3453,0.11199999999999999
3454,0.11199999999999999
3455,0.11199999999999999
3456,0.11199999999999999
3457,0.11199999999999999
3458,0.11199999999999999
3459,0.11199999999999999
3460,0.11199999999999999
3461,0.11199999999999999
3462,0.11199999999999999
3463,0.11199999999999999
3464,0.11199999999999999
3465,0.11199999999999999
3466,0.11199999999999999
3467,0.11199999999999999
3468,0.11199999999999999
3469,0.11199999999999999
3470,0.11199999999999999
3471,0.11199999999999999
3472,0.11199999999999999
3473,0.11199999999999999
3474,0.11199999999999999
3475,0.11199999999999999
3476,0.11199999999999999
3477,0.11199999999999999
3478,0.11199999999999999
3479,0.11199999999999999
3480,0.11199999999999999
3481,0.11199999999999999
3482,0.11199999999999999
3483,0.11199999999999999
3484,0.11199999999999999
3485,0.11199999999999999
3486,0.11199999999999999
3487,0.11199999999999999
3488,0.11199999999999999
3489,0.11199999999999999
3490,0.11199999999999999
3491,0.11199999999999999
3492,0.11199999999999999
3493,0.11199999999999999
3494,0.11199999999999999
3495,0.11199999999999999
3496,0.11199999999999999
3497,0.11199999999999999
3498,0.11199999999999999
3499,0.11199999999999999
3500,0.11199999999999999
3501,0.11199999999999999
3502,0.11199999999999999
3503,0.11199999999999999
3504,0.11199999999999999
3505,0.11199999999999999
3506,0.11199999999999999
3507,0.11199999999999999
3508,0.11199999999999999
3509,0.11199999999999999
3510,0.11199999999999999
3511,0.11199999999999999
3512,0.11199999999999999
3513,0.11199999999999999
3514,0.11199999999999999
3515,0.11199999999999999
3516,0.11199999999999999
3517,0.11199999999999999
3518,0.11199999999999999
3519,0.11199999999999999
3520,0.11199999999999999
3521,0.11199999999999999
3522,0.11199999999999999
3523,0.11199999999999999
3524,0.11199999999999999
3525,0.11199999999999999
3526,0.11199999999999999
3527,0.11199999999999999
3528,0.11199999999999999
3529,0.11199999999999999
3530,0.11199999999999999
3531,0.11199999999999999
3532,0.11199999999999999
3533,0.11199999999999999
3534,0.11199999999999999
3535,0.11199999999999999
3536,0.11199999999999999
3537,0.11199999999999999
3538,0.11199999999999999
3539,0.11199999999999999
3540,0.11199999999999999
3541,0.11199999999999999
3542,0.11199999999999999
3543,0.11199999999999999
3544,0.11199999999999999
3545,0.11199999999999999
3546,0.11199999999999999
3547,0.11199999999999999
3548,0.11199999999999999
3549,0.11199999999999999
3550,0.11199999999999999
3551,0.11199999999999999
3552,0.11199999999999999
3553,0.11199999999999999
3554,0.11199999999999999
3555,0.11199999999999999
3556,0.11199999999999999
3557,0.11199999999999999
3558,0.11199999999999999
3559,0.11199999999999999
3560,0.11199999999999999
3561,0.11199999999999999
3562,0.11199999999999999
3563,0.11199999999999999
3564,0.11199999999999999
3565,0.11199999999999999
3566,0.11199999999999999
3567,0.11199999999999999
3568,0.11199999999999999
3569,0.11199999999999999
3570,0.11199999999999999
3571,0.11199999999999999
3572,0.11199999999999999
3573,0.11199999999999999
3574,0.11199999999999999
3575,0.11199999999999999
3576,0.11199999999999999
3577,0.11199999999999999
3578,0.11199999999999999
3579,0.11199999999999999
3580,0.11199999999999999
3581,0.11199999999999999
3582,0.11199999999999999
3583,0.11199999999999999
3584,0.11199999999999999
3585,0.11199999999999999
3586,0.11199999999999999
3587,0.11199999999999999
3588,0.11199999999999999
3589,0.11199999999999999
3590,0.11199999999999999
3591,0.11199999999999999
3592,0.11199999999999999
3593,0.11199999999999999
3594,0.11199999999999999
3595,0.11199999999999999
3596,0.11199999999999999
3597,0.11199999999999999
3598,0.11199999999999999
3599,0.11199999999999999
3600,0.11199999999999999
3601,0.11199999999999999
3602,0.11199999999999999
3603,0.11199999999999999
3604,0.11199999999999999
3605,0.11199999999999999
3606,0.11199999999999999
3607,0.11199999999999999
3608,0.11199999999999999
3609,0.11199999999999999
3610,0.11199999999999999
3611,0.11199999999999999
3612,0.11199999999999999
3613,0.11199999999999999
3614,0.11199999999999999
3615,0.11199999999999999
3616,0.11199999999999999
3617,0.11199999999999999
3618,0.11199999999999999
3619,0.11199999999999999
3620,0.11199999999999999
3621,0.11199999999999999
3622,0.11199999999999999
3623,0.11199999999999999
3624,0.11199999999999999
3625,0.11199999999999999
3626,0.11199999999999999
3627,0.11199999999999999
3628,0.11199999999999999
3629,0.11199999999999999
3630,0.11199999999999999
3631,0.11199999999999999
3632,0.11199999999999999
3633,0.11199999999999999
3634,0.11199999999999999
3635,0.11199999999999999
3636,0.11199999999999999
3637,0.11199999999999999
3638,0.11199999999999999
3639,0.11199999999999999
3640,0.11199999999999999
3641,0.11199999999999999
3642,0.11199999999999999
3643,0.11199999999999999
3644,0.11199999999999999
3645,0.11199999999999999
3646,0.11199999999999999
3647,0.11199999999999999
3648,0.11199999999999999
3649,0.11199999999999999
3650,0.11199999999999999
3651,0.11199999999999999
3652,0.11199999999999999
3653,0.11199999999999999
3654,0.11199999999999999
3655,0.11199999999999999
3656,0.11199999999999999
3657,0.11199999999999999
3658,0.11199999999999999
3659,0.11199999999999999
3660,0.11199999999999999
3661,0.11199999999999999
3662,0.11199999999999999
3663,0.11199999999999999
3664,0.11199999999999999
3665,0.11199999999999999
3666,0.11199999999999999
3667,0.11199999999999999
3668,0.11199999999999999
3669,0.11199999999999999
3670,0.11199999999999999
3671,0.11199999999999999
3672,0.11199999999999999
3673,0.11199999999999999
3674,0.11199999999999999
3675,0.11199999999999999
3676,0.11199999999999999
3677,0.11199999999999999
3678,0.11199999999999999
3679,0.11199999999999999
3680,0.11199999999999999
3681,0.11199999999999999
3682,0.11199999999999999
3683,0.11199999999999999
3684,0.11199999999999999
3685,0.11199999999999999
3686,0.11199999999999999
3687,0.11199999999999999
3688,0.11199999999999999
3689,0.11199999999999999
3690,0.11199999999999999
3691,0.11199999999999999
3692,0.11199999999999999
3693,0.11199999999999999
3694,0.11199999999999999
3695,0.11199999999999999
3696,0.11199999999999999
3697,0.11199999999999999
3698,0.11199999999999999
3699,0.11199999999999999
3700,0.11199999999999999
3701,0.11199999999999999
3702,0.11199999999999999
3703,0.11199999999999999
3704,0.11199999999999999
3705,0.11199999999999999
3706,0.11199999999999999
3707,0.11199999999999999
3708,0.11199999999999999
3709,0.11199999999999999
3710,0.11199999999999999
3711,0.11199999999999999
3712,0.11199999999999999
3713,0.11199999999999999
3714,0.11199999999999999
3715,0.11199999999999999
3716,0.11199999999999999
3717,0.11199999999999999
3718,0.11199999999999999
3719,0.11199999999999999
3720,0.11199999999999999
3721,0.11199999999999999
3722,0.11199999999999999
3723,0.11199999999999999
3724,0.11199999999999999
3725,0.11199999999999999
3726,0.11199999999999999
3727,0.11199999999999999
3728,0.11199999999999999
3729,0.11199999999999999
3730,0.11199999999999999
3731,0.11199999999999999
3732,0.11199999999999999
3733,0.11199999999999999
3734,0.11199999999999999
3735,0.11199999999999999
3736,0.11199999999999999
3737,0.11199999999999999
3738,0.11199999999999999
3739,0.11199999999999999
3740,0.11199999999999999
3741,0.11199999999999999
3742,0.11199999999999999
3743,0.11199999999999999
3744,0.11199999999999999
3745,0.11199999999999999
3746,0.11199999999999999
3747,0.11199999999999999
3748,0.11199999999999999
3749,0.11199999999999999
3750,0.11199999999999999
3751,0.11199999999999999
3752,0.11199999999999999
3753,0.11199999999999999
3754,0.11199999999999999
3755,0.11199999999999999
3756,0.11199999999999999
3757,0.11199999999999999
3758,0.11199999999999999
3759,0.11199999999999999
3760,0.11199999999999999
3761,0.11199999999999999
3762,0.11199999999999999
3763,0.11199999999999999
3764,0.11199999999999999
3765,0.11199999999999999
3766,0.11199999999999999
3767,0.11199999999999999
3768,0.11199999999999999
3769,0.11199999999999999
3770,0.11199999999999999
3771,0.11199999999999999
3772,0.11199999999999999
3773,0.11199999999999999
3774,0.11199999999999999
3775,0.11199999999999999
3776,0.11199999999999999
3777,0.11199999999999999
3778,0.11199999999999999
3779,0.11199999999999999
3780,0.11199999999999999
3781,0.11199999999999999
3782,0.11199999999999999
3783,0.11199999999999999
3784,0.11199999999999999
3785,0.11199999999999999
3786,0.11199999999999999
3787,0.11199999999999999
3788,0.11199999999999999
3789,0.11199999999999999
3790,0.11199999999999999
3791,0.11199999999999999
3792,0.11199999999999999
3793,0.11199999999999999
3794,0.11199999999999999
3795,0.11199999999999999
3796,0.11199999999999999
3797,0.11199999999999999
3798,0.11199999999999999
3799,0.11199999999999999
3800,0.11199999999999999
3801,0.11199999999999999
3802,0.11199999999999999
3803,0.11199999999999999
3804,0.11199999999999999
3805,0.11199999999999999
3806,0.11199999999999999
3807,0.11199999999999999
3808,0.11199999999999999
3809,0.11199999999999999
3810,0.11199999999999999
3811,0.11199999999999999
3812,0.11199999999999999
3813,0.11199999999999999
3814,0.11199999999999999
3815,0.11199999999999999
3816,0.11199999999999999
3817,0.11199999999999999
3818,0.11199999999999999
3819,0.11199999999999999
3820,0.11199999999999999
3821,0.11199999999999999
3822,0.11199999999999999
3823,0.11199999999999999
3824,0.11199999999999999
3825,0.11199999999999999
3826,0.11199999999999999
3827,0.11199999999999999
3828,0.11199999999999999
3829,0.11199999999999999
3830,0.11199999999999999
3831,0.11199999999999999
3832,0.11199999999999999
3833,0.11199999999999999
3834,0.11199999999999999
3835,0.11199999999999999
3836,0.11199999999999999
3837,0.11199999999999999
3838,0.11199999999999999
3839,0.11199999999999999
3840,0.11199999999999999
3841,0.11199999999999999
3842,0.11199999999999999
3843,0.11199999999999999
3844,0.11199999999999999
3845,0.11199999999999999
3846,0.11199999999999999
3847,0.11199999999999999
3848,0.11199999999999999
3849,0.11199999999999999
3850,0.11199999999999999
3851,0.11199999999999999
3852,0.11199999999999999
3853,0.11199999999999999
3854,0.11199999999999999
3855,0.11199999999999999
3856,0.11199999999999999
3857,0.11199999999999999
3858,0.11199999999999999
3859,0.11199999999999999
3860,0.11199999999999999
3861,0.11199999999999999
3862,0.11199999999999999
3863,0.11199999999999999
3864,0.11199999999999999
3865,0.11199999999999999
3866,0.11199999999999999
3867,0.11199999999999999
3868,0.11199999999999999
3869,0.11199999999999999
3870,0.11199999999999999
3871,0.11199999999999999
3872,0.11199999999999999
3873,0.11199999999999999
3874,0.11199999999999999
3875,0.11199999999999999
3876,0.11199999999999999
3877,0.11199999999999999
3878,0.11199999999999999
3879,0.11199999999999999
3880,0.11199999999999999
3881,0.11199999999999999
3882,0.11199999999999999
3883,0.11199999999999999
3884,0.11199999999999999
3885,0.11199999999999999
3886,0.11199999999999999
3887,0.11199999999999999
3888,0.11199999999999999
3889,0.11199999999999999
3890,0.11199999999999999
3891,0.11199999999999999
3892,0.11199999999999999
3893,0.11199999999999999
3894,0.11199999999999999
3895,0.11199999999999999
3896,0.11199999999999999
3897,0.11199999999999999
3898,0.11199999999999999
3899,0.11199999999999999
3900,0.11199999999999999
3901,0.11199999999999999
3902,0.11199999999999999
3903,0.11199999999999999
3904,0.11199999999999999
3905,0.11199999999999999
3906,0.11199999999999999
3907,0.11199999999999999
3908,0.11199999999999999
3909,0.11199999999999999
3910,0.11199999999999999
3911,0.11199999999999999
3912,0.11199999999999999
3913,0.11199999999999999
3914,0.11199999999999999
3915,0.11199999999999999
3916,0.11199999999999999
3917,0.11199999999999999
3918,0.11199999999999999
3919,0.11199999999999999
3920,0.11199999999999999
3921,0.11199999999999999
3922,0.11199999999999999
3923,0.11199999999999999
3924,0.11199999999999999
3925,0.11199999999999999
3926,0.11199999999999999
3927,0.11199999999999999
3928,0.11199999999999999
3929,0.11199999999999999
3930,0.11199999999999999
3931,0.11199999999999999
3932,0.11199999999999999
3933,0.11199999999999999
3934,0.11199999999999999
3935,0.11199999999999999
3936,0.11199999999999999
3937,0.11199999999999999
3938,0.11199999999999999
3939,0.11199999999999999
3940,0.11199999999999999
3941,0.11199999999999999
3942,0.11199999999999999
3943,0.11199999999999999
3944,0.11199999999999999
3945,0.11199999999999999
3946,0.11199999999999999
3947,0.11199999999999999
3948,0.11199999999999999
3949,0.11199999999999999
3950,0.11199999999999999
3951,0.11199999999999999
3952,0.11199999999999999
3953,0.11199999999999999
3954,0.11199999999999999
3955,0.11199999999999999
3956,0.11199999999999999
3957,0.11199999999999999
3958,0.11199999999999999
3959,0.11199999999999999
3960,0.11199999999999999
3961,0.11199999999999999
3962,0.11199999999999999
3963,0.11199999999999999
3964,0.11199999999999999
3965,0.11199999999999999
3966,0.11199999999999999
3967,0.11199999999999999
3968,0.11199999999999999
3969,0.11199999999999999
3970,0.11199999999999999
3971,0.11199999999999999
3972,0.11199999999999999
3973,0.11199999999999999
3974,0.11199999999999999
3975,0.11199999999999999
3976,0.11199999999999999
3977,0.11199999999999999
3978,0.11199999999999999
3979,0.11199999999999999
3980,0.11199999999999999
3981,0.11199999999999999
3982,0.11199999999999999
3983,0.11199999999999999
3984,0.11199999999999999
3985,0.11199999999999999
3986,0.11199999999999999
3987,0.11199999999999999
3988,0.11199999999999999
3989,0.11199999999999999
3990,0.11199999999999999
3991,0.11199999999999999
3992,0.11199999999999999
3993,0.11199999999999999
3994,0.11199999999999999
3995,0.11199999999999999
3996,0.11199999999999999
3997,0.11199999999999999
3998,0.11199999999999999
3999,0.11199999999999999
4000,0.11199999999999999
4001,0.11199999999999999
4002,0.11199999999999999
4003,0.11199999999999999
4004,0.11199999999999999
4005,0.11199999999999999
4006,0.11199999999999999
4007,0.11199999999999999
4008,0.11199999999999999
4009,0.11199999999999999
4010,0.11199999999999999
4011,0.11199999999999999
4012,0.11199999999999999
4013,0.11199999999999999
4014,0.11199999999999999
4015,0.11199999999999999
4016,0.11199999999999999
4017,0.11199999999999999
4018,0.11199999999999999
4019,0.11199999999999999
4020,0.11199999999999999
4021,0.11199999999999999
4022,0.11199999999999999
4023,0.11199999999999999
4024,0.11199999999999999
4025,0.11199999999999999
4026,0.11199999999999999
4027,0.11199999999999999
4028,0.11199999999999999
4029,0.11199999999999999
4030,0.11199999999999999
4031,0.11199999999999999
4032,0.11199999999999999
4033,0.11199999999999999
4034,0.11199999999999999
4035,0.11199999999999999
4036,0.11199999999999999
4037,0.11199999999999999
4038,0.11199999999999999
4039,0.11199999999999999
4040,0.11199999999999999
4041,0.11199999999999999
4042,0.11199999999999999
4043,0.11199999999999999
4044,0.11199999999999999
4045,0.11199999999999999
4046,0.11199999999999999
4047,0.11199999999999999
4048,0.11199999999999999
4049,0.11199999999999999
4050,0.11199999999999999
4051,0.11199999999999999
4052,0.11199999999999999
4053,0.11199999999999999
4054,0.11199999999999999
4055,0.11199999999999999
4056,0.11199999999999999
4057,0.11199999999999999
4058,0.11199999999999999
4059,0.11199999999999999
4060,0.11199999999999999
4061,0.11199999999999999
4062,0.11199999999999999
4063,0.11199999999999999
4064,0.11199999999999999
4065,0.11199999999999999
4066,0.11199999999999999
4067,0.11199999999999999
4068,0.11199999999999999
4069,0.11199999999999999
4070,0.11199999999999999
4071,0.11199999999999999
4072,0.11199999999999999
4073,0.11199999999999999
4074,0.11199999999999999
4075,0.11199999999999999
4076,0.11199999999999999
4077,0.11199999999999999
4078,0.11199999999999999
4079,0.11199999999999999
4080,0.11199999999999999
4081,0.11199999999999999
4082,0.11199999999999999
4083,0.11199999999999999
4084,0.11199999999999999
4085,0.11199999999999999
4086,0.11199999999999999
4087,0.11199999999999999
4088,0.11199999999999999
4089,0.11199999999999999
4090,0.11199999999999999
4091,0.11199999999999999
4092,0.11199999999999999
4093,0.11199999999999999
4094,0.11199999999999999
4095,0.11199999999999999
4096,0.11199999999999999
4097,0.11199999999999999
4098,0.11199999999999999
4099,0.11199999999999999
4100,0.11199999999999999
4101,0.11199999999999999
4102,0.11199999999999999
4103,0.11199999999999999
4104,0.11199999999999999
4105,0.11199999999999999
4106,0.11199999999999999
4107,0.11199999999999999
4108,0.11199999999999999
4109,0.11199999999999999
4110,0.11199999999999999
4111,0.11199999999999999
4112,0.11199999999999999
4113,0.11199999999999999
4114,0.11199999999999999
4115,0.11199999999999999
4116,0.11199999999999999
4117,0.11199999999999999
4118,0.11199999999999999
4119,0.11199999999999999
4120,0.11199999999999999
4121,0.11199999999999999
4122,0.11199999999999999
4123,0.11199999999999999
4124,0.11199999999999999
4125,0.11199999999999999
4126,0.11199999999999999
4127,0.11199999999999999
4128,0.11199999999999999
4129,0.11199999999999999
4130,0.11199999999999999
4131,0.11199999999999999
4132,0.11199999999999999
4133,0.11199999999999999
4134,0.11199999999999999
4135,0.11199999999999999
4136,0.11199999999999999
4137,0.11199999999999999
4138,0.11199999999999999
4139,0.11199999999999999
4140,0.11199999999999999
4141,0.11199999999999999
4142,0.11199999999999999
4143,0.11199999999999999
4144,0.11199999999999999
4145,0.11199999999999999
4146,0.11199999999999999
4147,0.11199999999999999
4148,0.11199999999999999
4149,0.11199999999999999
4150,0.11199999999999999
4151,0.11199999999999999
4152,0.11199999999999999
4153,0.11199999999999999
4154,0.11199999999999999
4155,0.11199999999999999
4156,0.11199999999999999
4157,0.11199999999999999
4158,0.11199999999999999
4159,0.11199999999999999
4160,0.11199999999999999
4161,0.11199999999999999
4162,0.11199999999999999
4163,0.11199999999999999
4164,0.11199999999999999
4165,0.11199999999999999
4166,0.11199999999999999
4167,0.11199999999999999
4168,0.11199999999999999
4169,0.11199999999999999
4170,0.11199999999999999
4171,0.11199999999999999
4172,0.11199999999999999
4173,0.11199999999999999
4174,0.11199999999999999
4175,0.11199999999999999
4176,0.11199999999999999
4177,0.11199999999999999
4178,0.11199999999999999
4179,0.11199999999999999
4180,0.11199999999999999
4181,0.11199999999999999
4182,0.11199999999999999
4183,0.11199999999999999
4184,0.11199999999999999
4185,0.11199999999999999
4186,0.11199999999999999
4187,0.11199999999999999
4188,0.11199999999999999
4189,0.11199999999999999
4190,0.11199999999999999
4191,0.11199999999999999
4192,0.11199999999999999
4193,0.11199999999999999
4194,0.11199999999999999
4195,0.11199999999999999
4196,0.11199999999999999
4197,0.11199999999999999
4198,0.11199999999999999
4199,0.11199999999999999
4200,0.11199999999999999
4201,0.11199999999999999
4202,0.11199999999999999
4203,0.11199999999999999
4204,0.11199999999999999
4205,0.11199999999999999
4206,0.11199999999999999
4207,0.11199999999999999
4208,0.11199999999999999
4209,0.11199999999999999
4210,0.11199999999999999
4211,0.11199999999999999
4212,0.11199999999999999
4213,0.11199999999999999
4214,0.11199999999999999
4215,0.11199999999999999
4216,0.11199999999999999
4217,0.11199999999999999
4218,0.11199999999999999
4219,0.11199999999999999
4220,0.11199999999999999
4221,0.11199999999999999
4222,0.11199999999999999
4223,0.11199999999999999
4224,0.11199999999999999
4225,0.11199999999999999
4226,0.11199999999999999
4227,0.11199999999999999
4228,0.11199999999999999
4229,0.11199999999999999
4230,0.11199999999999999
4231,0.11199999999999999
4232,0.11199999999999999
4233,0.11199999999999999
4234,0.11199999999999999
4235,0.11199999999999999
4236,0.11199999999999999
4237,0.11199999999999999
4238,0.11199999999999999
4239,0.11199999999999999
4240,0.11199999999999999
4241,0.11199999999999999
4242,0.11199999999999999
4243,0.11199999999999999
4244,0.11199999999999999
4245,0.11199999999999999
4246,0.11199999999999999
4247,0.11199999999999999
4248,0.11199999999999999
4249,0.11199999999999999
4250,0.11199999999999999
4251,0.11199999999999999
4252,0.11199999999999999
4253,0.11199999999999999
4254,0.11199999999999999
4255,0.11199999999999999
4256,0.11199999999999999
4257,0.11199999999999999
4258,0.11199999999999999
4259,0.11199999999999999
4260,0.11199999999999999
4261,0.11199999999999999
4262,0.11199999999999999
4263,0.11199999999999999
4264,0.11199999999999999
4265,0.11199999999999999
4266,0.11199999999999999
4267,0.11199999999999999
4268,0.11199999999999999
4269,0.11199999999999999
4270,0.11199999999999999
4271,0.11199999999999999
4272,0.11199999999999999
4273,0.11199999999999999
4274,0.11199999999999999
4275,0.11199999999999999
4276,0.11199999999999999
4277,0.11199999999999999
4278,0.11199999999999999
4279,0.11199999999999999
4280,0.11199999999999999
4281,0.11199999999999999
4282,0.11199999999999999
4283,0.11199999999999999
4284,0.11199999999999999
4285,0.11199999999999999
4286,0.11199999999999999
4287,0.11199999999999999
4288,0.11199999999999999
4289,0.11199999999999999
4290,0.11199999999999999
4291,0.11199999999999999
4292,0.11199999999999999
4293,0.11199999999999999
4294,0.11199999999999999
4295,0.11199999999999999
4296,0.11199999999999999
4297,0.11199999999999999
4298,0.11199999999999999
4299,0.11199999999999999
4300,0.11199999999999999
4301,0.11199999999999999
4302,0.11199999999999999
4303,0.11199999999999999
4304,0.11199999999999999
4305,0.11199999999999999
4306,0.11199999999999999
4307,0.11199999999999999
4308,0.11199999999999999
4309,0.11199999999999999
4310,0.11199999999999999
4311,0.11199999999999999
4312,0.11199999999999999
4313,0.11199999999999999
4314,0.11199999999999999
4315,0.11199999999999999
4316,0.11199999999999999
4317,0.11199999999999999
4318,0.11199999999999999
4319,0.11199999999999999
4320,0.11199999999999999
4321,0.11199999999999999
4322,0.11199999999999999
4323,0.11199999999999999
4324,0.11199999999999999
4325,0.11199999999999999
4326,0.11199999999999999
4327,0.11199999999999999
4328,0.11199999999999999
4329,0.11199999999999999
4330,0.11199999999999999
4331,0.11199999999999999
4332,0.11199999999999999
4333,0.11199999999999999
4334,0.11199999999999999
4335,0.11199999999999999
4336,0.11199999999999999
4337,0.11199999999999999
4338,0.11199999999999999
4339,0.11199999999999999
4340,0.11199999999999999
4341,0.11199999999999999
4342,0.11199999999999999
4343,0.11199999999999999
4344,0.11199999999999999
4345,0.11199999999999999
4346,0.11199999999999999
4347,0.11199999999999999
4348,0.11199999999999999
4349,0.11199999999999999
4350,0.11199999999999999
4351,0.11199999999999999
4352,0.11199999999999999
4353,0.11199999999999999
4354,0.11199999999999999
4355,0.11199999999999999
4356,0.11199999999999999
4357,0.11199999999999999
4358,0.11199999999999999
4359,0.11199999999999999
4360,0.11199999999999999
4361,0.11199999999999999
4362,0.11199999999999999
4363,0.11199999999999999
4364,0.11199999999999999
4365,0.11199999999999999
4366,0.11199999999999999
4367,0.11199999999999999
4368,0.11199999999999999
4369,0.11199999999999999
4370,0.11199999999999999
4371,0.11199999999999999
4372,0.11199999999999999
4373,0.11199999999999999
4374,0.11199999999999999
4375,0.11199999999999999
4376,0.11199999999999999
4377,0.11199999999999999
4378,0.11199999999999999
4379,0.11199999999999999
4380,0.11199999999999999
4381,0.11199999999999999
4382,0.11199999999999999
4383,0.11199999999999999
4384,0.11199999999999999
4385,0.11199999999999999
4386,0.11199999999999999
4387,0.11199999999999999
4388,0.11199999999999999
4389,0.11199999999999999
4390,0.11199999999999999
4391,0.11199999999999999
4392,0.11199999999999999
4393,0.11199999999999999
4394,0.11199999999999999
4395,0.11199999999999999
4396,0.11199999999999999
4397,0.11199999999999999
4398,0.11199999999999999
4399,0.11199999999999999
4400,0.11199999999999999
4401,0.11199999999999999
4402,0.11199999999999999
4403,0.11199999999999999
4404,0.11199999999999999
4405,0.11199999999999999
4406,0.11199999999999999
4407,0.11199999999999999
4408,0.11199999999999999
4409,0.11199999999999999
4410,0.11199999999999999
4411,0.11199999999999999
4412,0.11199999999999999
4413,0.11199999999999999
4414,0.11199999999999999
4415,0.11199999999999999
4416,0.11199999999999999
4417,0.11199999999999999
4418,0.11199999999999999
4419,0.11199999999999999
4420,0.11199999999999999
4421,0.11199999999999999
4422,0.11199999999999999
4423,0.11199999999999999
4424,0.11199999999999999
4425,0.11199999999999999
4426,0.11199999999999999
4427,0.11199999999999999
4428,0.11199999999999999
4429,0.11199999999999999
4430,0.11199999999999999
4431,0.11199999999999999
4432,0.11199999999999999
4433,0.11199999999999999
4434,0.11199999999999999
4435,0.11199999999999999
4436,0.11199999999999999
4437,0.11199999999999999
4438,0.11199999999999999
4439,0.11199999999999999
4440,0.11199999999999999
4441,0.11199999999999999
4442,0.11199999999999999
4443,0.11199999999999999
4444,0.11199999999999999
4445,0.11199999999999999
4446,0.11199999999999999
4447,0.11199999999999999
4448,0.11199999999999999
4449,0.11199999999999999
4450,0.11199999999999999
4451,0.11199999999999999
4452,0.11199999999999999
4453,0.11199999999999999
4454,0.11199999999999999
4455,0.11199999999999999
4456,0.11199999999999999
4457,0.11199999999999999
4458,0.11199999999999999
4459,0.11199999999999999
4460,0.11199999999999999
4461,0.11199999999999999
4462,0.11199999999999999
4463,0.11199999999999999
4464,0.11199999999999999
4465,0.11199999999999999
4466,0.11199999999999999
4467,0.11199999999999999
4468,0.11199999999999999
4469,0.11199999999999999
4470,0.11199999999999999
4471,0.11199999999999999
4472,0.11199999999999999
4473,0.11199999999999999
4474,0.11199999999999999
4475,0.11199999999999999
4476,0.11199999999999999
4477,0.11199999999999999
4478,0.11199999999999999
4479,0.11199999999999999
4480,0.11199999999999999
4481,0.11199999999999999
4482,0.11199999999999999
4483,0.11199999999999999
4484,0.11199999999999999
4485,0.11199999999999999
4486,0.11199999999999999
4487,0.11199999999999999
4488,0.11199999999999999
4489,0.11199999999999999
4490,0.11199999999999999
4491,0.11199999999999999
4492,0.11199999999999999
4493,0.11199999999999999
4494,0.11199999999999999
4495,0.11199999999999999
4496,0.11199999999999999
4497,0.11199999999999999
4498,0.11199999999999999
4499,0.11199999999999999
4500,0.11199999999999999
4501,0.11199999999999999
4502,0.11199999999999999
4503,0.11199999999999999
4504,0.11199999999999999
4505,0.11199999999999999
4506,0.11199999999999999
4507,0.11199999999999999
4508,0.11199999999999999
4509,0.11199999999999999
4510,0.11199999999999999
4511,0.11199999999999999
4512,0.11199999999999999
4513,0.11199999999999999
4514,0.11199999999999999
4515,0.11199999999999999
4516,0.11199999999999999
4517,0.11199999999999999
4518,0.11199999999999999
4519,0.11199999999999999
4520,0.11199999999999999
4521,0.11199999999999999
4522,0.11199999999999999
4523,0.11199999999999999
4524,0.11199999999999999
4525,0.11199999999999999
4526,0.11199999999999999
4527,0.11199999999999999
4528,0.11199999999999999
4529,0.11199999999999999
4530,0.11199999999999999
4531,0.11199999999999999
4532,0.11199999999999999
4533,0.11199999999999999
4534,0.11199999999999999
4535,0.11199999999999999
4536,0.11199999999999999
4537,0.11199999999999999
4538,0.11199999999999999
4539,0.11199999999999999
4540,0.11199999999999999
4541,0.11199999999999999
4542,0.11199999999999999
4543,0.11199999999999999
4544,0.11199999999999999
4545,0.11199999999999999
4546,0.11199999999999999
4547,0.11199999999999999
4548,0.11199999999999999
4549,0.11199999999999999
4550,0.11199999999999999
4551,0.11199999999999999
4552,0.11199999999999999
4553,0.11199999999999999
4554,0.11199999999999999
4555,0.11199999999999999
4556,0.11199999999999999
4557,0.11199999999999999
4558,0.11199999999999999
4559,0.11199999999999999
4560,0.11199999999999999
4561,0.11199999999999999
4562,0.11199999999999999
4563,0.11199999999999999
4564,0.11199999999999999
4565,0.11199999999999999
4566,0.11199999999999999
4567,0.11199999999999999
4568,0.11199999999999999
4569,0.11199999999999999
4570,0.11199999999999999
4571,0.11199999999999999
4572,0.11199999999999999
4573,0.11199999999999999
4574,0.11199999999999999
4575,0.11199999999999999
4576,0.11199999999999999
4577,0.11199999999999999
4578,0.11199999999999999
4579,0.11199999999999999
4580,0.11199999999999999
4581,0.11199999999999999
4582,0.11199999999999999
4583,0.11199999999999999
4584,0.11199999999999999
4585,0.11199999999999999
4586,0.11199999999999999
4587,0.11199999999999999
4588,0.11199999999999999
4589,0.11199999999999999
4590,0.11199999999999999
4591,0.11199999999999999
4592,0.11199999999999999
4593,0.11199999999999999
4594,0.11199999999999999
4595,0.11199999999999999
4596,0.11199999999999999
4597,0.11199999999999999
4598,0.11199999999999999
4599,0.11199999999999999
4600,0.11199999999999999
4601,0.11199999999999999
4602,0.11199999999999999
4603,0.11199999999999999
4604,0.11199999999999999
4605,0.11199999999999999
4606,0.11199999999999999
4607,0.11199999999999999
4608,0.11199999999999999
4609,0.11199999999999999
4610,0.11199999999999999
4611,0.11199999999999999
4612,0.11199999999999999
4613,0.11199999999999999
4614,0.11199999999999999
4615,0.11199999999999999
4616,0.11199999999999999
4617,0.11199999999999999
4618,0.11199999999999999
4619,0.11199999999999999
4620,0.11199999999999999
4621,0.11199999999999999
4622,0.11199999999999999
4623,0.11199999999999999
4624,0.11199999999999999
4625,0.11199999999999999
4626,0.11199999999999999
4627,0.11199999999999999
4628,0.11199999999999999
4629,0.11199999999999999
4630,0.11199999999999999
4631,0.11199999999999999
4632,0.11199999999999999
4633,0.11199999999999999
4634,0.11199999999999999
4635,0.11199999999999999
4636,0.11199999999999999
4637,0.11199999999999999
4638,0.11199999999999999
4639,0.11199999999999999
4640,0.11199999999999999
4641,0.11199999999999999
4642,0.11199999999999999
4643,0.11199999999999999
4644,0.11199999999999999
4645,0.11199999999999999
4646,0.11199999999999999
4647,0.11199999999999999
4648,0.11199999999999999
4649,0.11199999999999999
4650,0.11199999999999999
4651,0.11199999999999999
4652,0.11199999999999999
4653,0.11199999999999999
4654,0.11199999999999999
4655,0.11199999999999999
4656,0.11199999999999999
4657,0.11199999999999999
4658,0.11199999999999999
4659,0.11199999999999999
4660,0.11199999999999999
4661,0.11199999999999999
4662,0.11199999999999999
4663,0.11199999999999999
4664,0.11199999999999999
4665,0.11199999999999999
4666,0.11199999999999999
4667,0.11199999999999999
4668,0.11199999999999999
4669,0.11199999999999999
4670,0.11199999999999999
4671,0.11199999999999999
4672,0.11199999999999999
4673,0.11199999999999999
4674,0.11199999999999999
4675,0.11199999999999999
4676,0.11199999999999999
4677,0.11199999999999999
4678,0.11199999999999999
4679,0.11199999999999999
4680,0.11199999999999999
4681,0.11199999999999999
4682,0.11199999999999999
4683,0.11199999999999999
4684,0.11199999999999999
4685,0.11199999999999999
4686,0.11199999999999999
4687,0.11199999999999999
4688,0.11199999999999999
4689,0.11199999999999999
4690,0.11199999999999999
4691,0.11199999999999999
4692,0.11199999999999999
4693,0.11199999999999999
4694,0.11199999999999999
4695,0.11199999999999999
4696,0.11199999999999999
4697,0.11199999999999999
4698,0.11199999999999999
4699,0.11199999999999999
4700,0.11199999999999999
4701,0.11199999999999999
4702,0.11199999999999999
4703,0.11199999999999999
4704,0.11199999999999999
4705,0.11199999999999999
4706,0.11199999999999999
4707,0.11199999999999999
4708,0.11199999999999999
4709,0.11199999999999999
4710,0.11199999999999999
4711,0.11199999999999999
4712,0.11199999999999999
4713,0.11199999999999999
4714,0.11199999999999999
4715,0.11199999999999999
4716,0.11199999999999999
4717,0.11199999999999999
4718,0.11199999999999999
4719,0.11199999999999999
4720,0.11199999999999999
4721,0.11199999999999999
4722,0.11199999999999999
4723,0.11199999999999999
4724,0.11199999999999999
4725,0.11199999999999999
4726,0.11199999999999999
4727,0.11199999999999999
4728,0.11199999999999999
4729,0.11199999999999999
4730,0.11199999999999999
4731,0.11199999999999999
4732,0.11199999999999999
4733,0.11199999999999999
4734,0.11199999999999999
4735,0.11199999999999999
4736,0.11199999999999999
4737,0.11199999999999999
4738,0.11199999999999999
4739,0.11199999999999999
4740,0.11199999999999999
4741,0.11199999999999999
4742,0.11199999999999999
4743,0.11199999999999999
4744,0.11199999999999999
4745,0.11199999999999999
4746,0.11199999999999999
4747,0.11199999999999999
4748,0.11199999999999999
4749,0.11199999999999999
4750,0.11199999999999999
4751,0.11199999999999999
4752,0.11199999999999999
4753,0.11199999999999999
4754,0.11199999999999999
4755,0.11199999999999999
4756,0.11199999999999999
4757,0.11199999999999999
4758,0.11199999999999999
4759,0.11199999999999999
4760,0.11199999999999999
4761,0.11199999999999999
4762,0.11199999999999999
4763,0.11199999999999999
4764,0.11199999999999999
4765,0.11199999999999999
4766,0.11199999999999999
4767,0.11199999999999999
4768,0.11199999999999999
4769,0.11199999999999999
4770,0.11199999999999999
4771,0.11199999999999999
4772,0.11199999999999999
4773,0.11199999999999999
4774,0.11199999999999999
4775,0.11199999999999999
4776,0.11199999999999999
4777,0.11199999999999999
4778,0.11199999999999999
4779,0.11199999999999999
4780,0.11199999999999999
4781,0.11199999999999999
4782,0.11199999999999999
4783,0.11199999999999999
4784,0.11199999999999999
4785,0.11199999999999999
4786,0.11199999999999999
4787,0.11199999999999999
4788,0.11199999999999999
4789,0.11199999999999999
4790,0.11199999999999999
4791,0.11199999999999999
4792,0.11199999999999999
4793,0.11199999999999999
4794,0.11199999999999999
4795,0.11199999999999999
4796,0.11199999999999999
4797,0.11199999999999999
4798,0.11199999999999999
4799,0.11199999999999999
4800,0.11199999999999999
4801,0.11199999999999999
4802,0.11199999999999999
4803,0.11199999999999999
4804,0.11199999999999999
4805,0.11199999999999999
4806,0.11199999999999999
4807,0.11199999999999999
4808,0.11199999999999999
4809,0.11199999999999999
4810,0.11199999999999999
4811,0.11199999999999999
4812,0.11199999999999999
4813,0.11199999999999999
4814,0.11199999999999999
4815,0.11199999999999999
4816,0.11199999999999999
4817,0.11199999999999999
4818,0.11199999999999999
4819,0.11199999999999999
4820,0.11199999999999999
4821,0.11199999999999999
4822,0.11199999999999999
4823,0.11199999999999999
4824,0.11199999999999999
4825,0.11199999999999999
4826,0.11199999999999999
4827,0.11199999999999999
4828,0.11199999999999999
4829,0.11199999999999999
4830,0.11199999999999999
4831,0.11199999999999999
4832,0.11199999999999999
4833,0.11199999999999999
4834,0.11199999999999999
4835,0.11199999999999999
4836,0.11199999999999999
4837,0.11199999999999999
4838,0.11199999999999999
4839,0.11199999999999999
4840,0.11199999999999999
4841,0.11199999999999999
4842,0.11199999999999999
4843,0.11199999999999999
4844,0.11199999999999999
4845,0.11199999999999999
4846,0.11199999999999999
4847,0.11199999999999999
4848,0.11199999999999999
4849,0.11199999999999999
4850,0.11199999999999999
4851,0.11199999999999999
4852,0.11199999999999999
4853,0.11199999999999999
4854,0.11199999999999999
4855,0.11199999999999999
4856,0.11199999999999999
4857,0.11199999999999999
4858,0.11199999999999999
4859,0.11199999999999999
4860,0.11199999999999999
4861,0.11199999999999999
4862,0.11199999999999999
4863,0.11199999999999999
4864,0.11199999999999999
4865,0.11199999999999999
4866,0.11199999999999999
4867,0.11199999999999999
4868,0.11199999999999999
4869,0.11199999999999999
4870,0.11199999999999999
4871,0.11199999999999999
4872,0.11199999999999999
4873,0.11199999999999999
4874,0.11199999999999999
4875,0.11199999999999999
4876,0.11199999999999999
4877,0.11199999999999999
4878,0.11199999999999999
4879,0.11199999999999999
4880,0.11199999999999999
4881,0.11199999999999999
4882,0.11199999999999999
4883,0.11199999999999999
4884,0.11199999999999999
4885,0.11199999999999999
4886,0.11199999999999999
4887,0.11199999999999999
4888,0.11199999999999999
4889,0.11199999999999999
4890,0.11199999999999999
4891,0.11199999999999999
4892,0.11199999999999999
4893,0.11199999999999999
4894,0.11199999999999999
4895,0.11199999999999999
4896,0.11199999999999999
4897,0.11199999999999999
4898,0.11199999999999999
4899,0.11199999999999999
4900,0.11199999999999999
4901,0.11199999999999999
4902,0.11199999999999999
4903,0.11199999999999999
4904,0.11199999999999999
4905,0.11199999999999999
4906,0.11199999999999999
4907,0.11199999999999999
4908,0.11199999999999999
4909,0.11199999999999999
4910,0.11199999999999999
4911,0.11199999999999999
4912,0.11199999999999999
4913,0.11199999999999999
4914,0.11199999999999999
4915,0.11199999999999999
4916,0.11199999999999999
4917,0.11199999999999999
4918,0.11199999999999999
4919,0.11199999999999999
4920,0.11199999999999999
4921,0.11199999999999999
4922,0.11199999999999999
4923,0.11199999999999999
4924,0.11199999999999999
4925,0.11199999999999999
4926,0.11199999999999999
4927,0.11199999999999999
4928,0.11199999999999999
4929,0.11199999999999999
4930,0.11199999999999999
4931,0.11199999999999999
4932,0.11199999999999999
4933,0.11199999999999999
4934,0.11199999999999999
4935,0.11199999999999999
4936,0.11199999999999999
4937,0.11199999999999999
4938,0.11199999999999999
4939,0.11199999999999999
4940,0.11199999999999999
4941,0.11199999999999999
4942,0.11199999999999999
4943,0.11199999999999999
4944,0.11199999999999999
4945,0.11199999999999999
4946,0.11199999999999999
4947,0.11199999999999999
4948,0.11199999999999999
4949,0.11199999999999999
4950,0.11199999999999999
4951,0.11199999999999999
4952,0.11199999999999999
4953,0.11199999999999999
4954,0.11199999999999999
4955,0.11199999999999999
4956,0.11199999999999999
4957,0.11199999999999999
4958,0.11199999999999999
4959,0.11199999999999999
4960,0.11199999999999999
4961,0.11199999999999999
4962,0.11199999999999999
4963,0.11199999999999999
4964,0.11199999999999999
4965,0.11199999999999999
4966,0.11199999999999999
4967,0.11199999999999999
4968,0.11199999999999999
4969,0.11199999999999999
4970,0.11199999999999999
4971,0.11199999999999999
4972,0.11199999999999999
4973,0.11199999999999999
4974,0.11199999999999999
4975,0.11199999999999999
4976,0.11199999999999999
4977,0.11199999999999999
4978,0.11199999999999999
4979,0.11199999999999999
4980,0.11199999999999999
4981,0.11199999999999999
4982,0.11199999999999999
4983,0.11199999999999999
4984,0.11199999999999999
4985,0.11199999999999999
4986,0.11199999999999999
4987,0.11199999999999999
4988,0.11199999999999999
4989,0.11199999999999999
4990,0.11199999999999999
4991,0.11199999999999999
4992,0.11199999999999999
4993,0.11199999999999999
4994,0.11199999999999999
4995,0.11199999999999999
4996,0.11199999999999999
4997,0.11199999999999999
4998,0.11199999999999999
4999,0.11199999999999999
5000,0.11199999999999999
5001,0.11199999999999999
5002,0.11199999999999999
5003,0.11199999999999999
5004,0.11199999999999999
5005,0.11199999999999999
5006,0.11199999999999999
5007,0.11199999999999999
5008,0.11199999999999999
5009,0.11199999999999999
5010,0.11199999999999999
5011,0.11199999999999999
5012,0.11199999999999999
5013,0.11199999999999999
5014,0.11199999999999999
5015,0.11199999999999999
5016,0.11199999999999999
5017,0.11199999999999999
5018,0.11199999999999999
5019,0.11199999999999999
5020,0.11199999999999999
5021,0.11199999999999999
5022,0.11199999999999999
5023,0.11199999999999999
5024,0.11199999999999999
5025,0.11199999999999999
5026,0.11199999999999999
5027,0.11199999999999999
5028,0.11199999999999999
5029,0.11199999999999999
5030,0.11199999999999999
5031,0.11199999999999999
5032,0.11199999999999999
5033,0.11199999999999999
5034,0.11199999999999999
5035,0.11199999999999999
5036,0.11199999999999999
5037,0.11199999999999999
5038,0.11199999999999999
5039,0.11199999999999999
5040,0.11199999999999999
5041,0.11199999999999999
5042,0.11199999999999999
5043,0.11199999999999999
5044,0.11199999999999999
5045,0.11199999999999999
5046,0.11199999999999999
5047,0.11199999999999999
5048,0.11199999999999999
5049,0.11199999999999999
5050,0.11199999999999999
5051,0.11199999999999999
5052,0.11199999999999999
5053,0.11199999999999999
5054,0.11199999999999999
5055,0.11199999999999999
5056,0.11199999999999999
5057,0.11199999999999999
5058,0.11199999999999999
5059,0.11199999999999999
5060,0.11199999999999999
5061,0.11199999999999999
5062,0.11199999999999999
5063,0.11199999999999999
5064,0.11199999999999999
5065,0.11199999999999999
5066,0.11199999999999999
5067,0.11199999999999999
5068,0.11199999999999999
5069,0.11199999999999999
5070,0.11199999999999999
5071,0.11199999999999999
5072,0.11199999999999999
5073,0.11199999999999999
5074,0.11199999999999999
5075,0.11199999999999999
5076,0.11199999999999999
5077,0.11199999999999999
5078,0.11199999999999999
5079,0.11199999999999999
5080,0.11199999999999999
5081,0.11199999999999999
5082,0.11199999999999999
5083,0.11199999999999999
5084,0.11199999999999999
5085,0.11199999999999999
5086,0.11199999999999999
5087,0.11199999999999999
5088,0.11199999999999999
5089,0.11199999999999999
5090,0.11199999999999999
5091,0.11199999999999999
5092,0.11199999999999999
5093,0.11199999999999999
5094,0.11199999999999999
5095,0.11199999999999999
5096,0.11199999999999999
5097,0.11199999999999999
5098,0.11199999999999999
5099,0.11199999999999999
5100,0.11199999999999999
5101,0.11199999999999999
5102,0.11199999999999999
5103,0.11199999999999999
5104,0.11199999999999999
5105,0.11199999999999999
5106,0.11199999999999999
5107,0.11199999999999999
5108,0.11199999999999999
5109,0.11199999999999999
5110,0.11199999999999999
5111,0.11199999999999999
5112,0.11199999999999999
5113,0.11199999999999999
5114,0.11199999999999999
5115,0.11199999999999999
5116,0.11199999999999999
5117,0.11199999999999999
5118,0.11199999999999999
5119,0.11199999999999999
5120,0.11199999999999999
5121,0.11199999999999999
5122,0.11199999999999999
5123,0.11199999999999999
5124,0.11199999999999999
5125,0.11199999999999999
5126,0.11199999999999999
5127,0.11199999999999999
5128,0.11199999999999999
5129,0.11199999999999999
5130,0.11199999999999999
5131,0.11199999999999999
5132,0.11199999999999999
5133,0.11199999999999999
5134,0.11199999999999999
5135,0.11199999999999999
5136,0.11199999999999999
5137,0.11199999999999999
5138,0.11199999999999999
5139,0.11199999999999999
5140,0.11199999999999999
5141,0.11199999999999999
5142,0.11199999999999999
5143,0.11199999999999999
5144,0.11199999999999999
5145,0.11199999999999999
5146,0.11199999999999999
5147,0.11199999999999999
5148,0.11199999999999999
5149,0.11199999999999999
5150,0.11199999999999999
5151,0.11199999999999999
5152,0.11199999999999999
5153,0.11199999999999999
5154,0.11199999999999999
5155,0.11199999999999999
5156,0.11199999999999999
5157,0.11199999999999999
5158,0.11199999999999999
5159,0.11199999999999999
5160,0.11199999999999999
5161,0.11199999999999999
5162,0.11199999999999999
5163,0.11199999999999999
5164,0.11199999999999999
5165,0.11199999999999999
5166,0.11199999999999999
5167,0.11199999999999999
5168,0.11199999999999999
5169,0.11199999999999999
5170,0.11199999999999999
5171,0.11199999999999999
5172,0.11199999999999999
5173,0.11199999999999999
5174,0.11199999999999999
5175,0.11199999999999999
5176,0.11199999999999999
5177,0.11199999999999999
5178,0.11199999999999999
5179,0.11199999999999999
5180,0.11199999999999999
5181,0.11199999999999999
5182,0.11199999999999999
5183,0.11199999999999999
5184,0.11199999999999999
5185,0.11199999999999999
5186,0.11199999999999999
5187,0.11199999999999999
5188,0.11199999999999999
5189,0.11199999999999999
5190,0.11199999999999999
5191,0.11199999999999999
5192,0.11199999999999999
5193,0.11199999999999999
5194,0.11199999999999999
5195,0.11199999999999999
5196,0.11199999999999999
5197,0.11199999999999999
5198,0.11199999999999999
5199,0.11199999999999999
5200,0.11199999999999999
5201,0.11199999999999999
5202,0.11199999999999999
5203,0.11199999999999999
5204,0.11199999999999999
5205,0.11199999999999999
5206,0.11199999999999999
5207,0.11199999999999999
5208,0.11199999999999999
5209,0.11199999999999999
5210,0.11199999999999999
5211,0.11199999999999999
5212,0.11199999999999999
5213,0.11199999999999999
5214,0.11199999999999999
5215,0.11199999999999999
5216,0.11199999999999999
5217,0.11199999999999999
5218,0.11199999999999999
5219,0.11199999999999999
5220,0.11199999999999999
5221,0.11199999999999999
5222,0.11199999999999999
5223,0.11199999999999999
5224,0.11199999999999999
5225,0.11199999999999999
5226,0.11199999999999999
5227,0.11199999999999999
5228,0.11199999999999999
5229,0.11199999999999999
5230,0.11199999999999999
5231,0.11199999999999999
5232,0.11199999999999999
5233,0.11199999999999999
5234,0.11199999999999999
5235,0.11199999999999999
5236,0.11199999999999999
5237,0.11199999999999999
5238,0.11199999999999999
5239,0.11199999999999999
5240,0.11199999999999999
5241,0.11199999999999999
5242,0.11199999999999999
5243,0.11199999999999999
5244,0.11199999999999999
5245,0.11199999999999999
5246,0.11199999999999999
5247,0.11199999999999999
5248,0.11199999999999999
5249,0.11199999999999999
5250,0.11199999999999999
5251,0.11199999999999999
5252,0.11199999999999999
5253,0.11199999999999999
5254,0.11199999999999999
5255,0.11199999999999999
5256,0.11199999999999999
5257,0.11199999999999999
5258,0.11199999999999999
5259,0.11199999999999999
5260,0.11199999999999999
5261,0.11199999999999999
5262,0.11199999999999999
5263,0.11199999999999999
5264,0.11199999999999999
5265,0.11199999999999999
5266,0.11199999999999999
5267,0.11199999999999999
5268,0.11199999999999999
5269,0.11199999999999999
5270,0.11199999999999999
5271,0.11199999999999999
5272,0.11199999999999999
5273,0.11199999999999999
5274,0.11199999999999999
5275,0.11199999999999999
5276,0.11199999999999999
5277,0.11199999999999999
5278,0.11199999999999999
5279,0.11199999999999999
5280,0.11199999999999999
5281,0.11199999999999999
5282,0.11199999999999999
5283,0.11199999999999999
5284,0.11199999999999999
5285,0.11199999999999999
5286,0.11199999999999999
5287,0.11199999999999999
5288,0.11199999999999999
5289,0.11199999999999999
5290,0.11199999999999999
5291,0.11199999999999999
5292,0.11199999999999999
5293,0.11199999999999999
5294,0.11199999999999999
5295,0.11199999999999999
5296,0.11199999999999999
5297,0.11199999999999999
5298,0.11199999999999999
5299,0.11199999999999999
5300,0.11199999999999999
5301,0.11199999999999999
5302,0.11199999999999999
5303,0.11199999999999999
5304,0.11199999999999999
5305,0.11199999999999999
5306,0.11199999999999999
5307,0.11199999999999999
5308,0.11199999999999999
5309,0.11199999999999999
5310,0.11199999999999999
5311,0.11199999999999999
5312,0.11199999999999999
5313,0.11199999999999999
5314,0.11199999999999999
5315,0.11199999999999999
5316,0.11199999999999999
5317,0.11199999999999999
5318,0.11199999999999999
5319,0.11199999999999999
5320,0.11199999999999999
5321,0.11199999999999999
5322,0.11199999999999999
5323,0.11199999999999999
5324,0.11199999999999999
5325,0.11199999999999999
5326,0.11199999999999999
5327,0.11199999999999999
5328,0.11199999999999999
5329,0.11199999999999999
5330,0.11199999999999999
5331,0.11199999999999999
5332,0.11199999999999999
5333,0.11199999999999999
5334,0.11199999999999999
5335,0.11199999999999999
5336,0.11199999999999999
5337,0.11199999999999999
5338,0.11199999999999999
5339,0.11199999999999999
5340,0.11199999999999999
5341,0.11199999999999999
5342,0.11199999999999999
5343,0.11199999999999999
5344,0.11199999999999999
5345,0.11199999999999999
5346,0.11199999999999999
5347,0.11199999999999999
5348,0.11199999999999999
5349,0.11199999999999999
5350,0.11199999999999999
5351,0.11199999999999999
5352,0.11199999999999999
5353,0.11199999999999999
5354,0.11199999999999999
5355,0.11199999999999999
5356,0.11199999999999999
5357,0.11199999999999999
5358,0.11199999999999999
5359,0.11199999999999999
5360,0.11199999999999999
5361,0.11199999999999999
5362,0.11199999999999999
5363,0.11199999999999999
5364,0.11199999999999999
5365,0.11199999999999999
5366,0.11199999999999999
5367,0.11199999999999999
5368,0.11199999999999999
5369,0.11199999999999999
5370,0.11199999999999999
5371,0.11199999999999999
5372,0.11199999999999999
5373,0.11199999999999999
5374,0.11199999999999999
5375,0.11199999999999999
5376,0.11199999999999999
5377,0.11199999999999999
5378,0.11199999999999999
5379,0.11199999999999999
5380,0.11199999999999999
5381,0.11199999999999999
5382,0.11199999999999999
5383,0.11199999999999999
5384,0.11199999999999999
5385,0.11199999999999999
5386,0.11199999999999999
5387,0.11199999999999999
5388,0.11199999999999999
5389,0.11199999999999999
5390,0.11199999999999999
5391,0.11199999999999999
5392,0.11199999999999999
5393,0.11199999999999999
5394,0.11199999999999999
5395,0.11199999999999999
5396,0.11199999999999999
5397,0.11199999999999999
5398,0.11199999999999999
5399,0.11199999999999999
5400,0.11199999999999999
5401,0.11199999999999999
5402,0.11199999999999999
5403,0.11199999999999999
5404,0.11199999999999999
5405,0.11199999999999999
5406,0.11199999999999999
5407,0.11199999999999999
5408,0.11199999999999999
5409,0.11199999999999999
5410,0.11199999999999999
5411,0.11199999999999999
5412,0.11199999999999999
5413,0.11199999999999999
5414,0.11199999999999999
5415,0.11199999999999999
5416,0.11199999999999999
5417,0.11199999999999999
5418,0.11199999999999999
5419,0.11199999999999999
5420,0.11199999999999999
5421,0.11199999999999999
5422,0.11199999999999999
5423,0.11199999999999999
5424,0.11199999999999999
5425,0.11199999999999999
5426,0.11199999999999999
5427,0.11199999999999999
5428,0.11199999999999999
5429,0.11199999999999999
5430,0.11199999999999999
5431,0.11199999999999999
5432,0.11199999999999999
5433,0.11199999999999999
5434,0.11199999999999999
5435,0.11199999999999999
5436,0.11199999999999999
5437,0.11199999999999999
5438,0.11199999999999999
5439,0.11199999999999999
5440,0.11199999999999999
5441,0.11199999999999999
5442,0.11199999999999999
5443,0.11199999999999999
5444,0.11199999999999999
5445,0.11199999999999999
5446,0.11199999999999999
5447,0.11199999999999999
5448,0.11199999999999999
5449,0.11199999999999999
5450,0.11199999999999999
5451,0.11199999999999999
5452,0.11199999999999999
5453,0.11199999999999999
5454,0.11199999999999999
5455,0.11199999999999999
5456,0.11199999999999999
5457,0.11199999999999999
5458,0.11199999999999999
5459,0.11199999999999999
5460,0.11199999999999999
5461,0.11199999999999999
5462,0.11199999999999999
5463,0.11199999999999999
5464,0.11199999999999999
5465,0.11199999999999999
5466,0.11199999999999999
5467,0.11199999999999999
5468,0.11199999999999999
5469,0.11199999999999999
5470,0.11199999999999999
5471,0.11199999999999999
5472,0.11199999999999999
5473,0.11199999999999999
5474,0.11199999999999999
5475,0.11199999999999999
5476,0.11199999999999999
5477,0.11199999999999999
5478,0.11199999999999999
5479,0.11199999999999999
5480,0.11199999999999999
5481,0.11199999999999999
5482,0.11199999999999999
5483,0.11199999999999999
5484,0.11199999999999999
5485,0.11199999999999999
5486,0.11199999999999999
5487,0.11199999999999999
5488,0.11199999999999999
5489,0.11199999999999999
5490,0.11199999999999999
5491,0.11199999999999999
5492,0.11199999999999999
5493,0.11199999999999999
5494,0.11199999999999999
5495,0.11199999999999999
5496,0.11199999999999999
5497,0.11199999999999999
5498,0.11199999999999999
5499,0.11199999999999999
5500,0.11199999999999999
5501,0.11199999999999999
5502,0.11199999999999999
5503,0.11199999999999999
5504,0.11199999999999999
5505,0.11199999999999999
5506,0.11199999999999999
5507,0.11199999999999999
5508,0.11199999999999999
5509,0.11199999999999999
5510,0.11199999999999999
5511,0.11199999999999999
5512,0.11199999999999999
5513,0.11199999999999999
5514,0.11199999999999999
5515,0.11199999999999999
5516,0.11199999999999999
5517,0.11199999999999999
5518,0.11199999999999999
5519,0.11199999999999999
5520,0.11199999999999999
5521,0.11199999999999999
5522,0.11199999999999999
5523,0.11199999999999999
5524,0.11199999999999999
5525,0.11199999999999999
5526,0.11199999999999999
5527,0.11199999999999999
5528,0.11199999999999999
5529,0.11199999999999999
5530,0.11199999999999999
5531,0.11199999999999999
5532,0.11199999999999999
5533,0.11199999999999999
5534,0.11199999999999999
5535,0.11199999999999999
5536,0.11199999999999999
5537,0.11199999999999999
5538,0.11199999999999999
5539,0.11199999999999999
5540,0.11199999999999999
5541,0.11199999999999999
5542,0.11199999999999999
5543,0.11199999999999999
5544,0.11199999999999999
5545,0.11199999999999999
5546,0.11199999999999999
5547,0.11199999999999999
5548,0.11199999999999999
5549,0.11199999999999999
5550,0.11199999999999999
5551,0.11199999999999999
5552,0.11199999999999999
5553,0.11199999999999999
5554,0.11199999999999999
5555,0.11199999999999999
5556,0.11199999999999999
5557,0.11199999999999999
5558,0.11199999999999999
5559,0.11199999999999999
5560,0.11199999999999999
5561,0.11199999999999999
5562,0.11199999999999999
5563,0.11199999999999999
5564,0.11199999999999999
5565,0.11199999999999999
5566,0.11199999999999999
5567,0.11199999999999999
5568,0.11199999999999999
5569,0.11199999999999999
5570,0.11199999999999999
5571,0.11199999999999999
5572,0.11199999999999999
5573,0.11199999999999999
5574,0.11199999999999999
5575,0.11199999999999999
5576,0.11199999999999999
5577,0.11199999999999999
5578,0.11199999999999999
5579,0.11199999999999999
5580,0.11199999999999999
5581,0.11199999999999999
5582,0.11199999999999999
5583,0.11199999999999999
5584,0.11199999999999999
5585,0.11199999999999999
5586,0.11199999999999999
5587,0.11199999999999999
5588,0.11199999999999999
5589,0.11199999999999999
5590,0.11199999999999999
5591,0.11199999999999999
5592,0.11199999999999999
5593,0.11199999999999999
5594,0.11199999999999999
5595,0.11199999999999999
5596,0.11199999999999999
5597,0.11199999999999999
5598,0.11199999999999999
5599,0.11199999999999999
5600,0.11199999999999999
5601,0.11199999999999999
5602,0.11199999999999999
5603,0.11199999999999999
5604,0.11199999999999999
5605,0.11199999999999999
5606,0.11199999999999999
5607,0.11199999999999999
5608,0.11199999999999999
5609,0.11199999999999999
5610,0.11199999999999999
5611,0.11199999999999999
5612,0.11199999999999999
5613,0.11199999999999999
5614,0.11199999999999999
5615,0.11199999999999999
5616,0.11199999999999999
5617,0.11199999999999999
5618,0.11199999999999999
5619,0.11199999999999999
5620,0.11199999999999999
5621,0.11199999999999999
5622,0.11199999999999999
5623,0.11199999999999999
5624,0.11199999999999999
5625,0.11199999999999999
5626,0.11199999999999999
5627,0.11199999999999999
5628,0.11199999999999999
5629,0.11199999999999999
5630,0.11199999999999999
5631,0.11199999999999999
5632,0.11199999999999999
5633,0.11199999999999999
5634,0.11199999999999999
5635,0.11199999999999999
5636,0.11199999999999999
5637,0.11199999999999999
5638,0.11199999999999999
5639,0.11199999999999999
5640,0.11199999999999999
5641,0.11199999999999999
5642,0.11199999999999999
5643,0.11199999999999999
5644,0.11199999999999999
5645,0.11199999999999999
5646,0.11199999999999999
5647,0.11199999999999999
5648,0.11199999999999999
5649,0.11199999999999999
5650,0.11199999999999999
5651,0.11199999999999999
5652,0.11199999999999999
5653,0.11199999999999999
5654,0.11199999999999999
5655,0.11199999999999999
5656,0.11199999999999999
5657,0.11199999999999999
5658,0.11199999999999999
5659,0.11199999999999999
5660,0.11199999999999999
5661,0.11199999999999999
5662,0.11199999999999999
5663,0.11199999999999999
5664,0.11199999999999999
5665,0.11199999999999999
5666,0.11199999999999999
5667,0.11199999999999999
5668,0.11199999999999999
5669,0.11199999999999999
5670,0.11199999999999999
5671,0.11199999999999999
5672,0.11199999999999999
5673,0.11199999999999999
5674,0.11199999999999999
5675,0.11199999999999999
5676,0.11199999999999999
5677,0.11199999999999999
5678,0.11199999999999999
5679,0.11199999999999999
5680,0.11199999999999999
5681,0.11199999999999999
5682,0.11199999999999999
5683,0.11199999999999999
5684,0.11199999999999999
5685,0.11199999999999999
5686,0.11199999999999999
5687,0.11199999999999999
5688,0.11199999999999999
5689,0.11199999999999999
5690,0.11199999999999999
5691,0.11199999999999999
5692,0.11199999999999999
5693,0.11199999999999999
5694,0.11199999999999999
5695,0.11199999999999999
5696,0.11199999999999999
5697,0.11199999999999999
5698,0.11199999999999999
5699,0.11199999999999999
5700,0.11199999999999999
5701,0.11199999999999999
5702,0.11199999999999999
5703,0.11199999999999999
5704,0.11199999999999999
5705,0.11199999999999999
5706,0.11199999999999999
5707,0.11199999999999999
5708,0.11199999999999999
5709,0.11199999999999999
5710,0.11199999999999999
5711,0.11199999999999999
5712,0.11199999999999999
5713,0.11199999999999999
5714,0.11199999999999999
5715,0.11199999999999999
5716,0.11199999999999999
5717,0.11199999999999999
5718,0.11199999999999999
5719,0.11199999999999999
5720,0.11199999999999999
5721,0.11199999999999999
5722,0.11199999999999999
5723,0.11199999999999999
5724,0.11199999999999999
5725,0.11199999999999999
5726,0.11199999999999999
5727,0.11199999999999999
5728,0.11199999999999999
5729,0.11199999999999999
5730,0.11199999999999999
5731,0.11199999999999999
5732,0.11199999999999999
5733,0.11199999999999999
5734,0.11199999999999999
5735,0.11199999999999999
5736,0.11199999999999999
5737,0.11199999999999999
5738,0.11199999999999999
5739,0.11199999999999999
5740,0.11199999999999999
5741,0.11199999999999999
5742,0.11199999999999999
5743,0.11199999999999999
5744,0.11199999999999999
5745,0.11199999999999999
5746,0.11199999999999999
5747,0.11199999999999999
5748,0.11199999999999999
5749,0.11199999999999999
5750,0.11199999999999999
5751,0.11199999999999999
5752,0.11199999999999999
5753,0.11199999999999999
5754,0.11199999999999999
5755,0.11199999999999999
5756,0.11199999999999999
5757,0.11199999999999999
5758,0.11199999999999999
5759,0.11199999999999999
5760,0.11199999999999999
5761,0.11199999999999999
5762,0.11199999999999999
5763,0.11199999999999999
5764,0.11199999999999999
5765,0.11199999999999999
5766,0.11199999999999999
5767,0.11199999999999999
5768,0.11199999999999999
5769,0.11199999999999999
5770,0.11199999999999999
5771,0.11199999999999999
5772,0.11199999999999999
5773,0.11199999999999999
5774,0.11199999999999999
5775,0.11199999999999999
5776,0.11199999999999999
5777,0.11199999999999999
5778,0.11199999999999999
5779,0.11199999999999999
5780,0.11199999999999999
5781,0.11199999999999999
5782,0.11199999999999999
5783,0.11199999999999999
5784,0.11199999999999999
5785,0.11199999999999999
5786,0.11199999999999999
5787,0.11199999999999999
5788,0.11199999999999999
5789,0.11199999999999999
5790,0.11199999999999999
5791,0.11199999999999999
5792,0.11199999999999999
5793,0.11199999999999999
5794,0.11199999999999999
5795,0.11199999999999999
5796,0.11199999999999999
5797,0.11199999999999999
5798,0.11199999999999999
5799,0.11199999999999999
5800,0.11199999999999999
5801,0.11199999999999999
5802,0.11199999999999999
5803,0.11199999999999999
5804,0.11199999999999999
5805,0.11199999999999999
5806,0.11199999999999999
5807,0.11199999999999999
5808,0.11199999999999999
5809,0.11199999999999999
5810,0.11199999999999999
5811,0.11199999999999999
5812,0.11199999999999999
5813,0.11199999999999999
5814,0.11199999999999999
5815,0.11199999999999999
5816,0.11199999999999999
5817,0.11199999999999999
5818,0.11199999999999999
5819,0.11199999999999999
5820,0.11199999999999999
5821,0.11199999999999999
5822,0.11199999999999999
5823,0.11199999999999999
5824,0.11199999999999999
5825,0.11199999999999999
5826,0.11199999999999999
5827,0.11199999999999999
5828,0.11199999999999999
5829,0.11199999999999999
5830,0.11199999999999999
5831,0.11199999999999999
5832,0.11199999999999999
5833,0.11199999999999999
5834,0.11199999999999999
5835,0.11199999999999999
5836,0.11199999999999999
5837,0.11199999999999999
5838,0.11199999999999999
5839,0.11199999999999999
5840,0.11199999999999999
5841,0.11199999999999999
5842,0.11199999999999999
5843,0.11199999999999999
5844,0.11199999999999999
5845,0.11199999999999999
5846,0.11199999999999999
5847,0.11199999999999999
5848,0.11199999999999999
5849,0.11199999999999999
5850,0.11199999999999999
5851,0.11199999999999999
5852,0.11199999999999999
5853,0.11199999999999999
5854,0.11199999999999999
5855,0.11199999999999999
5856,0.11199999999999999
5857,0.11199999999999999
5858,0.11199999999999999
5859,0.11199999999999999
5860,0.11199999999999999
5861,0.11199999999999999
5862,0.11199999999999999
5863,0.11199999999999999
5864,0.11199999999999999
5865,0.11199999999999999
5866,0.11199999999999999
5867,0.11199999999999999
5868,0.11199999999999999
5869,0.11199999999999999
5870,0.11199999999999999
5871,0.11199999999999999
5872,0.11199999999999999
5873,0.11199999999999999
5874,0.11199999999999999
5875,0.11199999999999999
5876,0.11199999999999999
5877,0.11199999999999999
5878,0.11199999999999999
5879,0.11199999999999999
5880,0.11199999999999999
5881,0.11199999999999999
5882,0.11199999999999999
5883,0.11199999999999999
5884,0.11199999999999999
5885,0.11199999999999999
5886,0.11199999999999999
5887,0.11199999999999999
5888,0.11199999999999999
5889,0.11199999999999999
5890,0.11199999999999999
5891,0.11199999999999999
5892,0.11199999999999999
5893,0.11199999999999999
5894,0.11199999999999999
5895,0.11199999999999999
5896,0.11199999999999999
5897,0.11199999999999999
5898,0.11199999999999999
5899,0.11199999999999999
5900,0.11199999999999999
5901,0.11199999999999999
5902,0.11199999999999999
5903,0.11199999999999999
5904,0.11199999999999999
5905,0.11199999999999999
5906,0.11199999999999999
5907,0.11199999999999999
5908,0.11199999999999999
5909,0.11199999999999999
5910,0.11199999999999999
5911,0.11199999999999999
5912,0.11199999999999999
5913,0.11199999999999999
5914,0.11199999999999999
5915,0.11199999999999999
5916,0.11199999999999999
5917,0.11199999999999999
5918,0.11199999999999999
5919,0.11199999999999999
5920,0.11199999999999999
5921,0.11199999999999999
5922,0.11199999999999999
5923,0.11199999999999999
5924,0.11199999999999999
5925,0.11199999999999999
5926,0.11199999999999999
5927,0.11199999999999999
5928,0.11199999999999999
5929,0.11199999999999999
5930,0.11199999999999999
5931,0.11199999999999999
5932,0.11199999999999999
5933,0.11199999999999999
5934,0.11199999999999999
5935,0.11199999999999999
5936,0.11199999999999999
5937,0.11199999999999999
5938,0.11199999999999999
5939,0.11199999999999999
5940,0.11199999999999999
5941,0.11199999999999999
5942,0.11199999999999999
5943,0.11199999999999999
5944,0.11199999999999999
5945,0.11199999999999999
5946,0.11199999999999999
5947,0.11199999999999999
5948,0.11199999999999999
5949,0.11199999999999999
5950,0.11199999999999999
5951,0.11199999999999999
5952,0.11199999999999999
5953,0.11199999999999999
5954,0.11199999999999999
5955,0.11199999999999999
5956,0.11199999999999999
5957,0.11199999999999999
5958,0.11199999999999999
5959,0.11199999999999999
5960,0.11199999999999999
5961,0.11199999999999999
5962,0.11199999999999999
5963,0.11199999999999999
5964,0.11199999999999999
5965,0.11199999999999999
5966,0.11199999999999999
5967,0.11199999999999999
5968,0.11199999999999999
5969,0.11199999999999999
5970,0.11199999999999999
5971,0.11199999999999999
5972,0.11199999999999999
5973,0.11199999999999999
5974,0.11199999999999999
5975,0.11199999999999999
5976,0.11199999999999999
5977,0.11199999999999999
5978,0.11199999999999999
5979,0.11199999999999999
5980,0.11199999999999999
5981,0.11199999999999999
5982,0.11199999999999999
5983,0.11199999999999999
5984,0.11199999999999999
5985,0.11199999999999999
5986,0.11199999999999999
5987,0.11199999999999999
5988,0.11199999999999999
5989,0.11199999999999999
5990,0.11199999999999999
5991,0.11199999999999999
5992,0.11199999999999999
5993,0.11199999999999999
5994,0.11199999999999999
5995,0.11199999999999999
5996,0.11199999999999999
5997,0.11199999999999999
5998,0.11199999999999999
5999,0.11199999999999999
6000,0.11199999999999999
6001,0.11199999999999999
6002,0.11199999999999999
6003,0.11199999999999999
6004,0.11199999999999999
6005,0.11199999999999999
6006,0.11199999999999999
6007,0.11199999999999999
6008,0.11199999999999999
6009,0.11199999999999999
6010,0.11199999999999999
6011,0.11199999999999999
6012,0.11199999999999999
6013,0.11199999999999999
6014,0.11199999999999999
6015,0.11199999999999999
6016,0.11199999999999999
6017,0.11199999999999999
6018,0.11199999999999999
6019,0.11199999999999999
6020,0.11199999999999999
6021,0.11199999999999999
6022,0.11199999999999999
6023,0.11199999999999999
6024,0.11199999999999999
6025,0.11199999999999999
6026,0.11199999999999999
6027,0.11199999999999999
6028,0.11199999999999999
6029,0.11199999999999999
6030,0.11199999999999999
6031,0.11199999999999999
6032,0.11199999999999999
6033,0.11199999999999999
6034,0.11199999999999999
6035,0.11199999999999999
6036,0.11199999999999999
6037,0.11199999999999999
6038,0.11199999999999999
6039,0.11199999999999999
6040,0.11199999999999999
6041,0.11199999999999999
6042,0.11199999999999999
6043,0.11199999999999999
6044,0.11199999999999999
6045,0.11199999999999999
6046,0.11199999999999999
6047,0.11199999999999999
6048,0.11199999999999999
6049,0.11199999999999999
6050,0.11199999999999999
6051,0.11199999999999999
6052,0.11199999999999999
6053,0.11199999999999999
6054,0.11199999999999999
6055,0.11199999999999999
6056,0.11199999999999999
6057,0.11199999999999999
6058,0.11199999999999999
6059,0.11199999999999999
6060,0.11199999999999999
6061,0.11199999999999999
6062,0.11199999999999999
6063,0.11199999999999999
6064,0.11199999999999999
6065,0.11199999999999999
6066,0.11199999999999999
6067,0.11199999999999999
6068,0.11199999999999999
6069,0.11199999999999999
6070,0.11199999999999999
6071,0.11199999999999999
6072,0.11199999999999999
6073,0.11199999999999999
6074,0.11199999999999999
6075,0.11199999999999999
6076,0.11199999999999999
6077,0.11199999999999999
6078,0.11199999999999999
6079,0.11199999999999999
6080,0.11199999999999999
6081,0.11199999999999999
6082,0.11199999999999999
6083,0.11199999999999999
6084,0.11199999999999999
6085,0.11199999999999999
6086,0.11199999999999999
6087,0.11199999999999999
6088,0.11199999999999999
6089,0.11199999999999999
6090,0.11199999999999999
6091,0.11199999999999999
6092,0.11199999999999999
6093,0.11199999999999999
6094,0.11199999999999999
6095,0.11199999999999999
6096,0.11199999999999999
6097,0.11199999999999999
6098,0.11199999999999999
6099,0.11199999999999999
6100,0.11199999999999999
6101,0.11199999999999999
6102,0.11199999999999999
6103,0.11199999999999999
6104,0.11199999999999999
6105,0.11199999999999999
6106,0.11199999999999999
6107,0.11199999999999999
6108,0.11199999999999999
6109,0.11199999999999999
6110,0.11199999999999999
6111,0.11199999999999999
6112,0.11199999999999999
6113,0.11199999999999999
6114,0.11199999999999999
6115,0.11199999999999999
6116,0.11199999999999999
6117,0.11199999999999999
6118,0.11199999999999999
6119,0.11199999999999999
6120,0.11199999999999999
6121,0.11199999999999999
6122,0.11199999999999999
6123,0.11199999999999999
6124,0.11199999999999999
6125,0.11199999999999999
6126,0.11199999999999999
6127,0.11199999999999999
6128,0.11199999999999999
6129,0.11199999999999999
6130,0.11199999999999999
6131,0.11199999999999999
6132,0.11199999999999999
6133,0.11199999999999999
6134,0.11199999999999999
6135,0.11199999999999999
6136,0.11199999999999999
6137,0.11199999999999999
6138,0.11199999999999999
6139,0.11199999999999999
6140,0.11199999999999999
6141,0.11199999999999999
6142,0.11199999999999999
6143,0.11199999999999999
6144,0.11199999999999999
6145,0.11199999999999999
6146,0.11199999999999999
6147,0.11199999999999999
6148,0.11199999999999999
6149,0.11199999999999999
6150,0.11199999999999999
6151,0.11199999999999999
6152,0.11199999999999999
6153,0.11199999999999999
6154,0.11199999999999999
6155,0.11199999999999999
6156,0.11199999999999999
6157,0.11199999999999999
6158,0.11199999999999999
6159,0.11199999999999999
6160,0.11199999999999999
6161,0.11199999999999999
6162,0.11199999999999999
6163,0.11199999999999999
6164,0.11199999999999999
6165,0.11199999999999999
6166,0.11199999999999999
6167,0.11199999999999999
6168,0.11199999999999999
6169,0.11199999999999999
6170,0.11199999999999999
6171,0.11199999999999999
6172,0.11199999999999999
6173,0.11199999999999999
6174,0.11199999999999999
6175,0.11199999999999999
6176,0.11199999999999999
6177,0.11199999999999999
6178,0.11199999999999999
6179,0.11199999999999999
6180,0.11199999999999999
6181,0.11199999999999999
6182,0.11199999999999999
6183,0.11199999999999999
6184,0.11199999999999999
6185,0.11199999999999999
6186,0.11199999999999999
6187,0.11199999999999999
6188,0.11199999999999999
6189,0.11199999999999999
6190,0.11199999999999999
6191,0.11199999999999999
6192,0.11199999999999999
6193,0.11199999999999999
6194,0.11199999999999999
6195,0.11199999999999999
6196,0.11199999999999999
6197,0.11199999999999999
6198,0.11199999999999999
6199,0.11199999999999999
6200,0.11199999999999999
6201,0.11199999999999999
6202,0.11199999999999999
6203,0.11199999999999999
6204,0.11199999999999999
6205,0.11199999999999999
6206,0.11199999999999999
6207,0.11199999999999999
6208,0.11199999999999999
6209,0.11199999999999999
6210,0.11199999999999999
6211,0.11199999999999999
6212,0.11199999999999999
6213,0.11199999999999999
6214,0.11199999999999999
6215,0.11199999999999999
6216,0.11199999999999999
6217,0.11199999999999999
6218,0.11199999999999999
6219,0.11199999999999999
6220,0.11199999999999999
6221,0.11199999999999999
6222,0.11199999999999999
6223,0.11199999999999999
6224,0.11199999999999999
6225,0.11199999999999999
6226,0.11199999999999999
6227,0.11199999999999999
6228,0.11199999999999999
6229,0.11199999999999999
6230,0.11199999999999999
6231,0.11199999999999999
6232,0.11199999999999999
6233,0.11199999999999999
6234,0.11199999999999999
6235,0.11199999999999999
6236,0.11199999999999999
6237,0.11199999999999999
6238,0.11199999999999999
6239,0.11199999999999999
6240,0.11199999999999999
6241,0.11199999999999999
6242,0.11199999999999999
6243,0.11199999999999999
6244,0.11199999999999999
6245,0.11199999999999999
6246,0.11199999999999999
6247,0.11199999999999999
6248,0.11199999999999999
6249,0.11199999999999999
6250,0.11199999999999999
6251,0.11199999999999999
6252,0.11199999999999999
6253,0.11199999999999999
6254,0.11199999999999999
6255,0.11199999999999999
6256,0.11199999999999999
6257,0.11199999999999999
6258,0.11199999999999999
6259,0.11199999999999999
6260,0.11199999999999999
6261,0.11199999999999999
6262,0.11199999999999999
6263,0.11199999999999999
6264,0.11199999999999999
6265,0.11199999999999999
6266,0.11199999999999999
6267,0.11199999999999999
6268,0.11199999999999999
6269,0.11199999999999999
6270,0.11199999999999999
6271,0.11199999999999999
6272,0.11199999999999999
6273,0.11199999999999999
6274,0.11199999999999999
6275,0.11199999999999999
6276,0.11199999999999999
6277,0.11199999999999999
6278,0.11199999999999999
6279,0.11199999999999999
6280,0.11199999999999999
6281,0.11199999999999999
6282,0.11199999999999999
6283,0.11199999999999999
6284,0.11199999999999999
6285,0.11199999999999999
6286,0.11199999999999999
6287,0.11199999999999999
6288,0.11199999999999999
6289,0.11199999999999999
6290,0.11199999999999999
6291,0.11199999999999999
6292,0.11199999999999999
6293,0.11199999999999999
6294,0.11199999999999999
6295,0.11199999999999999
6296,0.11199999999999999
6297,0.11199999999999999
6298,0.11199999999999999
6299,0.11199999999999999
6300,0.11199999999999999
6301,0.11199999999999999
6302,0.11199999999999999
6303,0.11199999999999999
6304,0.11199999999999999
6305,0.11199999999999999
6306,0.11199999999999999
6307,0.11199999999999999
6308,0.11199999999999999
6309,0.11199999999999999
6310,0.11199999999999999
6311,0.11199999999999999
6312,0.11199999999999999
6313,0.11199999999999999
6314,0.11199999999999999
6315,0.11199999999999999
6316,0.11199999999999999
6317,0.11199999999999999
6318,0.11199999999999999
6319,0.11199999999999999
6320,0.11199999999999999
6321,0.11199999999999999
6322,0.11199999999999999
6323,0.11199999999999999
6324,0.11199999999999999
6325,0.11199999999999999
6326,0.11199999999999999
6327,0.11199999999999999
6328,0.11199999999999999
6329,0.11199999999999999
6330,0.11199999999999999
6331,0.11199999999999999
6332,0.11199999999999999
6333,0.11199999999999999
6334,0.11199999999999999
6335,0.11199999999999999
6336,0.11199999999999999
6337,0.11199999999999999
6338,0.11199999999999999
6339,0.11199999999999999
6340,0.11199999999999999
6341,0.11199999999999999
6342,0.11199999999999999
6343,0.11199999999999999
6344,0.11199999999999999
6345,0.11199999999999999
6346,0.11199999999999999
6347,0.11199999999999999
6348,0.11199999999999999
6349,0.11199999999999999
6350,0.11199999999999999
6351,0.11199999999999999
6352,0.11199999999999999
6353,0.11199999999999999
6354,0.11199999999999999
6355,0.11199999999999999
6356,0.11199999999999999
6357,0.11199999999999999
6358,0.11199999999999999
6359,0.11199999999999999
6360,0.11199999999999999
6361,0.11199999999999999
6362,0.11199999999999999
6363,0.11199999999999999
6364,0.11199999999999999
6365,0.11199999999999999
6366,0.11199999999999999
6367,0.11199999999999999
6368,0.11199999999999999
6369,0.11199999999999999
6370,0.11199999999999999
6371,0.11199999999999999
6372,0.11199999999999999
6373,0.11199999999999999
6374,0.11199999999999999
6375,0.11199999999999999
6376,0.11199999999999999
6377,0.11199999999999999
6378,0.11199999999999999
6379,0.11199999999999999
6380,0.11199999999999999
6381,0.11199999999999999
6382,0.11199999999999999
6383,0.11199999999999999
6384,0.11199999999999999
6385,0.11199999999999999
6386,0.11199999999999999
6387,0.11199999999999999
6388,0.11199999999999999
6389,0.11199999999999999
6390,0.11199999999999999
6391,0.11199999999999999
6392,0.11199999999999999
6393,0.11199999999999999
6394,0.11199999999999999
6395,0.11199999999999999
6396,0.11199999999999999
6397,0.11199999999999999
6398,0.11199999999999999
6399,0.11199999999999999
6400,0.11199999999999999
6401,0.11199999999999999
6402,0.11199999999999999
6403,0.11199999999999999
6404,0.11199999999999999
6405,0.11199999999999999
6406,0.11199999999999999
6407,0.11199999999999999
6408,0.11199999999999999
6409,0.11199999999999999
6410,0.11199999999999999
6411,0.11199999999999999
6412,0.11199999999999999
6413,0.11199999999999999
6414,0.11199999999999999
6415,0.11199999999999999
6416,0.11199999999999999
6417,0.11199999999999999
6418,0.11199999999999999
6419,0.11199999999999999
6420,0.11199999999999999
6421,0.11199999999999999
6422,0.11199999999999999
6423,0.11199999999999999
6424,0.11199999999999999
6425,0.11199999999999999
6426,0.11199999999999999
6427,0.11199999999999999
6428,0.11199999999999999
6429,0.11199999999999999
6430,0.11199999999999999
6431,0.11199999999999999
6432,0.11199999999999999
6433,0.11199999999999999
6434,0.11199999999999999
6435,0.11199999999999999
6436,0.11199999999999999
6437,0.11199999999999999
6438,0.11199999999999999
6439,0.11199999999999999
6440,0.11199999999999999
6441,0.11199999999999999
6442,0.11199999999999999
6443,0.11199999999999999
6444,0.11199999999999999
6445,0.11199999999999999
6446,0.11199999999999999
6447,0.11199999999999999
6448,0.11199999999999999
6449,0.11199999999999999
6450,0.11199999999999999
6451,0.11199999999999999
6452,0.11199999999999999
6453,0.11199999999999999
6454,0.11199999999999999
6455,0.11199999999999999
6456,0.11199999999999999
6457,0.11199999999999999
6458,0.11199999999999999
6459,0.11199999999999999
6460,0.11199999999999999
6461,0.11199999999999999
6462,0.11199999999999999
6463,0.11199999999999999
6464,0.11199999999999999
6465,0.11199999999999999
6466,0.11199999999999999
6467,0.11199999999999999
6468,0.11199999999999999
6469,0.11199999999999999
6470,0.11199999999999999
6471,0.11199999999999999
6472,0.11199999999999999
6473,0.11199999999999999
6474,0.11199999999999999
6475,0.11199999999999999
6476,0.11199999999999999
6477,0.11199999999999999
6478,0.11199999999999999
6479,0.11199999999999999
6480,0.11199999999999999
6481,0.11199999999999999
6482,0.11199999999999999
6483,0.11199999999999999
6484,0.11199999999999999
6485,0.11199999999999999
6486,0.11199999999999999
6487,0.11199999999999999
6488,0.11199999999999999
6489,0.11199999999999999
6490,0.11199999999999999
6491,0.11199999999999999
6492,0.11199999999999999
6493,0.11199999999999999
6494,0.11199999999999999
6495,0.11199999999999999
6496,0.11199999999999999
6497,0.11199999999999999
6498,0.11199999999999999
6499,0.11199999999999999
6500,0.11199999999999999
6501,0.11199999999999999
6502,0.11199999999999999
6503,0.11199999999999999
6504,0.11199999999999999
6505,0.11199999999999999
6506,0.11199999999999999
6507,0.11199999999999999
6508,0.11199999999999999
6509,0.11199999999999999
6510,0.11199999999999999
6511,0.11199999999999999
6512,0.11199999999999999
6513,0.11199999999999999
6514,0.11199999999999999
6515,0.11199999999999999
6516,0.11199999999999999
6517,0.11199999999999999
6518,0.11199999999999999
6519,0.11199999999999999
6520,0.11199999999999999
6521,0.11199999999999999
6522,0.11199999999999999
6523,0.11199999999999999
6524,0.11199999999999999
6525,0.11199999999999999
6526,0.11199999999999999
6527,0.11199999999999999
6528,0.11199999999999999
6529,0.11199999999999999
6530,0.11199999999999999
6531,0.11199999999999999
6532,0.11199999999999999
6533,0.11199999999999999
6534,0.11199999999999999
6535,0.11199999999999999
6536,0.11199999999999999
6537,0.11199999999999999
6538,0.11199999999999999
6539,0.11199999999999999
6540,0.11199999999999999
6541,0.11199999999999999
6542,0.11199999999999999
6543,0.11199999999999999
6544,0.11199999999999999
6545,0.11199999999999999
6546,0.11199999999999999
6547,0.11199999999999999
6548,0.11199999999999999
6549,0.11199999999999999
6550,0.11199999999999999
6551,0.11199999999999999
6552,0.11199999999999999
6553,0.11199999999999999
6554,0.11199999999999999
6555,0.11199999999999999
6556,0.11199999999999999
6557,0.11199999999999999
6558,0.11199999999999999
6559,0.11199999999999999
6560,0.11199999999999999
6561,0.11199999999999999
6562,0.11199999999999999
6563,0.11199999999999999
6564,0.11199999999999999
6565,0.11199999999999999
6566,0.11199999999999999
6567,0.11199999999999999
6568,0.11199999999999999
6569,0.11199999999999999
6570,0.11199999999999999
6571,0.11199999999999999
6572,0.11199999999999999
6573,0.11199999999999999
6574,0.11199999999999999
6575,0.11199999999999999
6576,0.11199999999999999
6577,0.11199999999999999
6578,0.11199999999999999
6579,0.11199999999999999
6580,0.11199999999999999
6581,0.11199999999999999
6582,0.11199999999999999
6583,0.11199999999999999
6584,0.11199999999999999
6585,0.11199999999999999
6586,0.11199999999999999
6587,0.11199999999999999
6588,0.11199999999999999
6589,0.11199999999999999
6590,0.11199999999999999
6591,0.11199999999999999
6592,0.11199999999999999
6593,0.11199999999999999
6594,0.11199999999999999
6595,0.11199999999999999
6596,0.11199999999999999
6597,0.11199999999999999
6598,0.11199999999999999
6599,0.11199999999999999
6600,0.11199999999999999
6601,0.11199999999999999
6602,0.11199999999999999
6603,0.11199999999999999
6604,0.11199999999999999
6605,0.11199999999999999
6606,0.11199999999999999
6607,0.11199999999999999
6608,0.11199999999999999
6609,0.11199999999999999
6610,0.11199999999999999
6611,0.11199999999999999
6612,0.11199999999999999
6613,0.11199999999999999
6614,0.11199999999999999
6615,0.11199999999999999
6616,0.11199999999999999
6617,0.11199999999999999
6618,0.11199999999999999
6619,0.11199999999999999
6620,0.11199999999999999
6621,0.11199999999999999
6622,0.11199999999999999
6623,0.11199999999999999
6624,0.11199999999999999
6625,0.11199999999999999
6626,0.11199999999999999
6627,0.11199999999999999
6628,0.11199999999999999
6629,0.11199999999999999
6630,0.11199999999999999
6631,0.11199999999999999
6632,0.11199999999999999
6633,0.11199999999999999
6634,0.11199999999999999
6635,0.11199999999999999
6636,0.11199999999999999
6637,0.11199999999999999
6638,0.11199999999999999
6639,0.11199999999999999
6640,0.11199999999999999
6641,0.11199999999999999
6642,0.11199999999999999
6643,0.11199999999999999
6644,0.11199999999999999
6645,0.11199999999999999
6646,0.11199999999999999
6647,0.11199999999999999
6648,0.11199999999999999
6649,0.11199999999999999
6650,0.11199999999999999
6651,0.11199999999999999
6652,0.11199999999999999
6653,0.11199999999999999
6654,0.11199999999999999
6655,0.11199999999999999
6656,0.11199999999999999
6657,0.11199999999999999
6658,0.11199999999999999
6659,0.11199999999999999
6660,0.11199999999999999
6661,0.11199999999999999
6662,0.11199999999999999
6663,0.11199999999999999
6664,0.11199999999999999
6665,0.11199999999999999
6666,0.11199999999999999
6667,0.11199999999999999
6668,0.11199999999999999
6669,0.11199999999999999
6670,0.11199999999999999
6671,0.11199999999999999
6672,0.11199999999999999
6673,0.11199999999999999
6674,0.11199999999999999
6675,0.11199999999999999
6676,0.11199999999999999
6677,0.11199999999999999
6678,0.11199999999999999
6679,0.11199999999999999
6680,0.11199999999999999
6681,0.11199999999999999
6682,0.11199999999999999
6683,0.11199999999999999
6684,0.11199999999999999
6685,0.11199999999999999
6686,0.11199999999999999
6687,0.11199999999999999
6688,0.11199999999999999
6689,0.11199999999999999
6690,0.11199999999999999
6691,0.11199999999999999
6692,0.11199999999999999
6693,0.11199999999999999
6694,0.11199999999999999
6695,0.11199999999999999
6696,0.11199999999999999
6697,0.11199999999999999
6698,0.11199999999999999
6699,0.11199999999999999
6700,0.11199999999999999
6701,0.11199999999999999
6702,0.11199999999999999
6703,0.11199999999999999
6704,0.11199999999999999
6705,0.11199999999999999
6706,0.11199999999999999
6707,0.11199999999999999
6708,0.11199999999999999
6709,0.11199999999999999
6710,0.11199999999999999
6711,0.11199999999999999
6712,0.11199999999999999
6713,0.11199999999999999
6714,0.11199999999999999
6715,0.11199999999999999
6716,0.11199999999999999
6717,0.11199999999999999
6718,0.11199999999999999
6719,0.11199999999999999
6720,0.11199999999999999
6721,0.11199999999999999
6722,0.11199999999999999
6723,0.11199999999999999
6724,0.11199999999999999
6725,0.11199999999999999
6726,0.11199999999999999
6727,0.11199999999999999
6728,0.11199999999999999
6729,0.11199999999999999
6730,0.11199999999999999
6731,0.11199999999999999
6732,0.11199999999999999
6733,0.11199999999999999
6734,0.11199999999999999
6735,0.11199999999999999
6736,0.11199999999999999
6737,0.11199999999999999
6738,0.11199999999999999
6739,0.11199999999999999
6740,0.11199999999999999
6741,0.11199999999999999
6742,0.11199999999999999
6743,0.11199999999999999
6744,0.11199999999999999
6745,0.11199999999999999
6746,0.11199999999999999
6747,0.11199999999999999
6748,0.11199999999999999
6749,0.11199999999999999
6750,0.11199999999999999
6751,0.11199999999999999
6752,0.11199999999999999
6753,0.11199999999999999
6754,0.11199999999999999
6755,0.11199999999999999
6756,0.11199999999999999
6757,0.11199999999999999
6758,0.11199999999999999
6759,0.11199999999999999
6760,0.11199999999999999
6761,0.11199999999999999
6762,0.11199999999999999
6763,0.11199999999999999
6764,0.11199999999999999
6765,0.11199999999999999
6766,0.11199999999999999
6767,0.11199999999999999
6768,0.11199999999999999
6769,0.11199999999999999
6770,0.11199999999999999
6771,0.11199999999999999
6772,0.11199999999999999
6773,0.11199999999999999
6774,0.11199999999999999
6775,0.11199999999999999
6776,0.11199999999999999
6777,0.11199999999999999
6778,0.11199999999999999
6779,0.11199999999999999
6780,0.11199999999999999
6781,0.11199999999999999
6782,0.11199999999999999
6783,0.11199999999999999
6784,0.11199999999999999
6785,0.11199999999999999
6786,0.11199999999999999
6787,0.11199999999999999
6788,0.11199999999999999
6789,0.11199999999999999
6790,0.11199999999999999
6791,0.11199999999999999
6792,0.11199999999999999
6793,0.11199999999999999
6794,0.11199999999999999
6795,0.11199999999999999
6796,0.11199999999999999
6797,0.11199999999999999
6798,0.11199999999999999
6799,0.11199999999999999
6800,0.11199999999999999
6801,0.11199999999999999
6802,0.11199999999999999
6803,0.11199999999999999
6804,0.11199999999999999
6805,0.11199999999999999
6806,0.11199999999999999
6807,0.11199999999999999
6808,0.11199999999999999
6809,0.11199999999999999
6810,0.11199999999999999
6811,0.11199999999999999
6812,0.11199999999999999
6813,0.11199999999999999
6814,0.11199999999999999
6815,0.11199999999999999
6816,0.11199999999999999
6817,0.11199999999999999
6818,0.11199999999999999
6819,0.11199999999999999
6820,0.11199999999999999
6821,0.11199999999999999
6822,0.11199999999999999
6823,0.11199999999999999
6824,0.11199999999999999
6825,0.11199999999999999
6826,0.11199999999999999
6827,0.11199999999999999
6828,0.11199999999999999
6829,0.11199999999999999
6830,0.11199999999999999
6831,0.11199999999999999
6832,0.11199999999999999
6833,0.11199999999999999
6834,0.11199999999999999
6835,0.11199999999999999
6836,0.11199999999999999
6837,0.11199999999999999
6838,0.11199999999999999
6839,0.11199999999999999
6840,0.11199999999999999
6841,0.11199999999999999
6842,0.11199999999999999
6843,0.11199999999999999
6844,0.11199999999999999
6845,0.11199999999999999
6846,0.11199999999999999
6847,0.11199999999999999
6848,0.11199999999999999
6849,0.11199999999999999
6850,0.11199999999999999
6851,0.11199999999999999
6852,0.11199999999999999
6853,0.11199999999999999
6854,0.11199999999999999
6855,0.11199999999999999
6856,0.11199999999999999
6857,0.11199999999999999
6858,0.11199999999999999
6859,0.11199999999999999
6860,0.11199999999999999
6861,0.11199999999999999
6862,0.11199999999999999
6863,0.11199999999999999
6864,0.11199999999999999
6865,0.11199999999999999
6866,0.11199999999999999
6867,0.11199999999999999
6868,0.11199999999999999
6869,0.11199999999999999
6870,0.11199999999999999
6871,0.11199999999999999
6872,0.11199999999999999
6873,0.11199999999999999
6874,0.11199999999999999
6875,0.11199999999999999
6876,0.11199999999999999
6877,0.11199999999999999
6878,0.11199999999999999
6879,0.11199999999999999
6880,0.11199999999999999
6881,0.11199999999999999
6882,0.11199999999999999
6883,0.11199999999999999
6884,0.11199999999999999
6885,0.11199999999999999
6886,0.11199999999999999
6887,0.11199999999999999
6888,0.11199999999999999
6889,0.11199999999999999
6890,0.11199999999999999
6891,0.11199999999999999
6892,0.11199999999999999
6893,0.11199999999999999
6894,0.11199999999999999
6895,0.11199999999999999
6896,0.11199999999999999
6897,0.11199999999999999
6898,0.11199999999999999
6899,0.11199999999999999
6900,0.11199999999999999
6901,0.11199999999999999
6902,0.11199999999999999
6903,0.11199999999999999
6904,0.11199999999999999
6905,0.11199999999999999
6906,0.11199999999999999
6907,0.11199999999999999
6908,0.11199999999999999
6909,0.11199999999999999
6910,0.11199999999999999
6911,0.11199999999999999
6912,0.11199999999999999
6913,0.11199999999999999
6914,0.11199999999999999
6915,0.11199999999999999
6916,0.11199999999999999
6917,0.11199999999999999
6918,0.11199999999999999
6919,0.11199999999999999
6920,0.11199999999999999
6921,0.11199999999999999
6922,0.11199999999999999
6923,0.11199999999999999
6924,0.11199999999999999
6925,0.11199999999999999
6926,0.11199999999999999
6927,0.11199999999999999
6928,0.11199999999999999
6929,0.11199999999999999
6930,0.11199999999999999
6931,0.11199999999999999
6932,0.11199999999999999
6933,0.11199999999999999
6934,0.11199999999999999
6935,0.11199999999999999
6936,0.11199999999999999
6937,0.11199999999999999
6938,0.11199999999999999
6939,0.11199999999999999
6940,0.11199999999999999
6941,0.11199999999999999
6942,0.11199999999999999
6943,0.11199999999999999
6944,0.11199999999999999
6945,0.11199999999999999
6946,0.11199999999999999
6947,0.11199999999999999
6948,0.11199999999999999
6949,0.11199999999999999
6950,0.11199999999999999
6951,0.11199999999999999
6952,0.11199999999999999
6953,0.11199999999999999
6954,0.11199999999999999
6955,0.11199999999999999
6956,0.11199999999999999
6957,0.11199999999999999
6958,0.11199999999999999
6959,0.11199999999999999
6960,0.11199999999999999
6961,0.11199999999999999
6962,0.11199999999999999
6963,0.11199999999999999
6964,0.11199999999999999
6965,0.11199999999999999
6966,0.11199999999999999
6967,0.11199999999999999
6968,0.11199999999999999
6969,0.11199999999999999
6970,0.11199999999999999
6971,0.11199999999999999
6972,0.11199999999999999
6973,0.11199999999999999
6974,0.11199999999999999
6975,0.11199999999999999
6976,0.11199999999999999
6977,0.11199999999999999
6978,0.11199999999999999
6979,0.11199999999999999
6980,0.11199999999999999
6981,0.11199999999999999
6982,0.11199999999999999
6983,0.11199999999999999
6984,0.11199999999999999
6985,0.11199999999999999
6986,0.11199999999999999
6987,0.11199999999999999
6988,0.11199999999999999
6989,0.11199999999999999
6990,0.11199999999999999
6991,0.11199999999999999
6992,0.11199999999999999
6993,0.11199999999999999
6994,0.11199999999999999
6995,0.11199999999999999
6996,0.11199999999999999
6997,0.11199999999999999
6998,0.11199999999999999
6999,0.11199999999999999
7000,0.11199999999999999
7001,0.11199999999999999
7002,0.11199999999999999
7003,0.11199999999999999
7004,0.11199999999999999
7005,0.11199999999999999
7006,0.11199999999999999
7007,0.11199999999999999
7008,0.11199999999999999
7009,0.11199999999999999
7010,0.11199999999999999
7011,0.11199999999999999
7012,0.11199999999999999
7013,0.11199999999999999
7014,0.11199999999999999
7015,0.11199999999999999
7016,0.11199999999999999
7017,0.11199999999999999
7018,0.11199999999999999
7019,0.11199999999999999
7020,0.11199999999999999
7021,0.11199999999999999
7022,0.11199999999999999
7023,0.11199999999999999
7024,0.11199999999999999
7025,0.11199999999999999
7026,0.11199999999999999
7027,0.11199999999999999
7028,0.11199999999999999
7029,0.11199999999999999
7030,0.11199999999999999
7031,0.11199999999999999
7032,0.11199999999999999
7033,0.11199999999999999
7034,0.11199999999999999
7035,0.11199999999999999
7036,0.11199999999999999
7037,0.11199999999999999
7038,0.11199999999999999
7039,0.11199999999999999
7040,0.11199999999999999
7041,0.11199999999999999
7042,0.11199999999999999
7043,0.11199999999999999
7044,0.11199999999999999
7045,0.11199999999999999
7046,0.11199999999999999
7047,0.11199999999999999
7048,0.11199999999999999
7049,0.11199999999999999
7050,0.11199999999999999
7051,0.11199999999999999
7052,0.11199999999999999
7053,0.11199999999999999
7054,0.11199999999999999
7055,0.11199999999999999
7056,0.11199999999999999
7057,0.11199999999999999
7058,0.11199999999999999
7059,0.11199999999999999
7060,0.11199999999999999
7061,0.11199999999999999
7062,0.11199999999999999
7063,0.11199999999999999
7064,0.11199999999999999
7065,0.11199999999999999
7066,0.11199999999999999
7067,0.11199999999999999
7068,0.11199999999999999
7069,0.11199999999999999
7070,0.11199999999999999
7071,0.11199999999999999
7072,0.11199999999999999
7073,0.11199999999999999
7074,0.11199999999999999
7075,0.11199999999999999
7076,0.11199999999999999
7077,0.11199999999999999
7078,0.11199999999999999
7079,0.11199999999999999
7080,0.11199999999999999
7081,0.11199999999999999
7082,0.11199999999999999
7083,0.11199999999999999
7084,0.11199999999999999
7085,0.11199999999999999
7086,0.11199999999999999
7087,0.11199999999999999
7088,0.11199999999999999
7089,0.11199999999999999
7090,0.11199999999999999
7091,0.11199999999999999
7092,0.11199999999999999
7093,0.11199999999999999
7094,0.11199999999999999
7095,0.11199999999999999
7096,0.11199999999999999
7097,0.11199999999999999
7098,0.11199999999999999
7099,0.11199999999999999
7100,0.11199999999999999
7101,0.11199999999999999
7102,0.11199999999999999
7103,0.11199999999999999
7104,0.11199999999999999
7105,0.11199999999999999
7106,0.11199999999999999
7107,0.11199999999999999
7108,0.11199999999999999
7109,0.11199999999999999
7110,0.11199999999999999
7111,0.11199999999999999
7112,0.11199999999999999
7113,0.11199999999999999
7114,0.11199999999999999
7115,0.11199999999999999
7116,0.11199999999999999
7117,0.11199999999999999
7118,0.11199999999999999
7119,0.11199999999999999
7120,0.11199999999999999
7121,0.11199999999999999
7122,0.11199999999999999
7123,0.11199999999999999
7124,0.11199999999999999
7125,0.11199999999999999
7126,0.11199999999999999
7127,0.11199999999999999
7128,0.11199999999999999
7129,0.11199999999999999
7130,0.11199999999999999
7131,0.11199999999999999
7132,0.11199999999999999
7133,0.11199999999999999
7134,0.11199999999999999
7135,0.11199999999999999
7136,0.11199999999999999
7137,0.11199999999999999
7138,0.11199999999999999
7139,0.11199999999999999
7140,0.11199999999999999
7141,0.11199999999999999
7142,0.11199999999999999
7143,0.11199999999999999
7144,0.11199999999999999
7145,0.11199999999999999
7146,0.11199999999999999
7147,0.11199999999999999
7148,0.11199999999999999
7149,0.11199999999999999
7150,0.11199999999999999
7151,0.11199999999999999
7152,0.11199999999999999
7153,0.11199999999999999
7154,0.11199999999999999
7155,0.11199999999999999
7156,0.11199999999999999
7157,0.11199999999999999
7158,0.11199999999999999
7159,0.11199999999999999
7160,0.11199999999999999
7161,0.11199999999999999
7162,0.11199999999999999
7163,0.11199999999999999
7164,0.11199999999999999
7165,0.11199999999999999
7166,0.11199999999999999
7167,0.11199999999999999
7168,0.11199999999999999
7169,0.11199999999999999
7170,0.11199999999999999
7171,0.11199999999999999
7172,0.11199999999999999
7173,0.11199999999999999
7174,0.11199999999999999
7175,0.11199999999999999
7176,0.11199999999999999
7177,0.11199999999999999
7178,0.11199999999999999
7179,0.11199999999999999
7180,0.11199999999999999
7181,0.11199999999999999
7182,0.11199999999999999
7183,0.11199999999999999
7184,0.11199999999999999
7185,0.11199999999999999
7186,0.11199999999999999
7187,0.11199999999999999
7188,0.11199999999999999
7189,0.11199999999999999
7190,0.11199999999999999
7191,0.11199999999999999
7192,0.11199999999999999
7193,0.11199999999999999
7194,0.11199999999999999
7195,0.11199999999999999
7196,0.11199999999999999
7197,0.11199999999999999
7198,0.11199999999999999
7199,0.11199999999999999
7200,0.11199999999999999
7201,0.11199999999999999
7202,0.11199999999999999
7203,0.11199999999999999
7204,0.11199999999999999
7205,0.11199999999999999
7206,0.11199999999999999
7207,0.11199999999999999
7208,0.11199999999999999
7209,0.11199999999999999
7210,0.11199999999999999
7211,0.11199999999999999
7212,0.11199999999999999
7213,0.11199999999999999
7214,0.11199999999999999
7215,0.11199999999999999
7216,0.11199999999999999
7217,0.11199999999999999
7218,0.11199999999999999
7219,0.11199999999999999
7220,0.11199999999999999
7221,0.11199999999999999
7222,0.11199999999999999
7223,0.11199999999999999
7224,0.11199999999999999
7225,0.11199999999999999
7226,0.11199999999999999
7227,0.11199999999999999
7228,0.11199999999999999
7229,0.11199999999999999
7230,0.11199999999999999
7231,0.11199999999999999
7232,0.11199999999999999
7233,0.11199999999999999
7234,0.11199999999999999
7235,0.11199999999999999
7236,0.11199999999999999
7237,0.11199999999999999
7238,0.11199999999999999
7239,0.11199999999999999
7240,0.11199999999999999
7241,0.11199999999999999
7242,0.11199999999999999
7243,0.11199999999999999
7244,0.11199999999999999
7245,0.11199999999999999
7246,0.11199999999999999
7247,0.11199999999999999
7248,0.11199999999999999
7249,0.11199999999999999
7250,0.11199999999999999
7251,0.11199999999999999
7252,0.11199999999999999
7253,0.11199999999999999
7254,0.11199999999999999
7255,0.11199999999999999
7256,0.11199999999999999
7257,0.11199999999999999
7258,0.11199999999999999
7259,0.11199999999999999
7260,0.11199999999999999
7261,0.11199999999999999
7262,0.11199999999999999
7263,0.11199999999999999
7264,0.11199999999999999
7265,0.11199999999999999
7266,0.11199999999999999
7267,0.11199999999999999
7268,0.11199999999999999
7269,0.11199999999999999
7270,0.11199999999999999
7271,0.11199999999999999
7272,0.11199999999999999
7273,0.11199999999999999
7274,0.11199999999999999
7275,0.11199999999999999
7276,0.11199999999999999
7277,0.11199999999999999
7278,0.11199999999999999
7279,0.11199999999999999
7280,0.11199999999999999
7281,0.11199999999999999
7282,0.11199999999999999
7283,0.11199999999999999
7284,0.11199999999999999
7285,0.11199999999999999
7286,0.11199999999999999
7287,0.11199999999999999
7288,0.11199999999999999
7289,0.11199999999999999
7290,0.11199999999999999
7291,0.11199999999999999
7292,0.11199999999999999
7293,0.11199999999999999
7294,0.11199999999999999
7295,0.11199999999999999
7296,0.11199999999999999
7297,0.11199999999999999
7298,0.11199999999999999
7299,0.11199999999999999
7300,0.11199999999999999
7301,0.11199999999999999
7302,0.11199999999999999
7303,0.11199999999999999
7304,0.11199999999999999
7305,0.11199999999999999
7306,0.11199999999999999
7307,0.11199999999999999
7308,0.11199999999999999
7309,0.11199999999999999
7310,0.11199999999999999
7311,0.11199999999999999
7312,0.11199999999999999
7313,0.11199999999999999
7314,0.11199999999999999
7315,0.11199999999999999
7316,0.11199999999999999
7317,0.11199999999999999
7318,0.11199999999999999
7319,0.11199999999999999
7320,0.11199999999999999
7321,0.11199999999999999
7322,0.11199999999999999
7323,0.11199999999999999
7324,0.11199999999999999
7325,0.11199999999999999
7326,0.11199999999999999
7327,0.11199999999999999
7328,0.11199999999999999
7329,0.11199999999999999
7330,0.11199999999999999
7331,0.11199999999999999
7332,0.11199999999999999
7333,0.11199999999999999
7334,0.11199999999999999
7335,0.11199999999999999
7336,0.11199999999999999
7337,0.11199999999999999
7338,0.11199999999999999
7339,0.11199999999999999
7340,0.11199999999999999
7341,0.11199999999999999
7342,0.11199999999999999
7343,0.11199999999999999
7344,0.11199999999999999
7345,0.11199999999999999
7346,0.11199999999999999
7347,0.11199999999999999
7348,0.11199999999999999
7349,0.11199999999999999
7350,0.11199999999999999
7351,0.11199999999999999
7352,0.11199999999999999
7353,0.11199999999999999
7354,0.11199999999999999
7355,0.11199999999999999
7356,0.11199999999999999
7357,0.11199999999999999
7358,0.11199999999999999
7359,0.11199999999999999
7360,0.11199999999999999
7361,0.11199999999999999
7362,0.11199999999999999
7363,0.11199999999999999
7364,0.11199999999999999
7365,0.11199999999999999
7366,0.11199999999999999
7367,0.11199999999999999
7368,0.11199999999999999
7369,0.11199999999999999
7370,0.11199999999999999
7371,0.11199999999999999
7372,0.11199999999999999
7373,0.11199999999999999
7374,0.11199999999999999
7375,0.11199999999999999
7376,0.11199999999999999
7377,0.11199999999999999
7378,0.11199999999999999
7379,0.11199999999999999
7380,0.11199999999999999
7381,0.11199999999999999
7382,0.11199999999999999
7383,0.11199999999999999
7384,0.11199999999999999
7385,0.11199999999999999
7386,0.11199999999999999
7387,0.11199999999999999
7388,0.11199999999999999
7389,0.11199999999999999
7390,0.11199999999999999
7391,0.11199999999999999
7392,0.11199999999999999
7393,0.11199999999999999
7394,0.11199999999999999
7395,0.11199999999999999
7396,0.11199999999999999
7397,0.11199999999999999
7398,0.11199999999999999
7399,0.11199999999999999
7400,0.11199999999999999
7401,0.11199999999999999
7402,0.11199999999999999
7403,0.11199999999999999
7404,0.11199999999999999
7405,0.11199999999999999
7406,0.11199999999999999
7407,0.11199999999999999
7408,0.11199999999999999
7409,0.11199999999999999
7410,0.11199999999999999
7411,0.11199999999999999
7412,0.11199999999999999
7413,0.11199999999999999
7414,0.11199999999999999
7415,0.11199999999999999
7416,0.11199999999999999
7417,0.11199999999999999
7418,0.11199999999999999
7419,0.11199999999999999
7420,0.11199999999999999
7421,0.11199999999999999
7422,0.11199999999999999
7423,0.11199999999999999
7424,0.11199999999999999
7425,0.11199999999999999
7426,0.11199999999999999
7427,0.11199999999999999
7428,0.11199999999999999
7429,0.11199999999999999
7430,0.11199999999999999
7431,0.11199999999999999
7432,0.11199999999999999
7433,0.11199999999999999
7434,0.11199999999999999
7435,0.11199999999999999
7436,0.11199999999999999
7437,0.11199999999999999
7438,0.11199999999999999
7439,0.11199999999999999
7440,0.11199999999999999
7441,0.11199999999999999
7442,0.11199999999999999
7443,0.11199999999999999
7444,0.11199999999999999
7445,0.11199999999999999
7446,0.11199999999999999
7447,0.11199999999999999
7448,0.11199999999999999
7449,0.11199999999999999
7450,0.11199999999999999
7451,0.11199999999999999
7452,0.11199999999999999
7453,0.11199999999999999
7454,0.11199999999999999
7455,0.11199999999999999
7456,0.11199999999999999
7457,0.11199999999999999
7458,0.11199999999999999
7459,0.11199999999999999
7460,0.11199999999999999
7461,0.11199999999999999
7462,0.11199999999999999
7463,0.11199999999999999
7464,0.11199999999999999
7465,0.11199999999999999
7466,0.11199999999999999
7467,0.11199999999999999
7468,0.11199999999999999
7469,0.11199999999999999
7470,0.11199999999999999
7471,0.11199999999999999
7472,0.11199999999999999
7473,0.11199999999999999
7474,0.11199999999999999
7475,0.11199999999999999
7476,0.11199999999999999
7477,0.11199999999999999
7478,0.11199999999999999
7479,0.11199999999999999
7480,0.11199999999999999
7481,0.11199999999999999
7482,0.11199999999999999
7483,0.11199999999999999
7484,0.11199999999999999
7485,0.11199999999999999
7486,0.11199999999999999
7487,0.11199999999999999
7488,0.11199999999999999
7489,0.11199999999999999
7490,0.11199999999999999
7491,0.11199999999999999
7492,0.11199999999999999
7493,0.11199999999999999
7494,0.11199999999999999
7495,0.11199999999999999
7496,0.11199999999999999
7497,0.11199999999999999
7498,0.11199999999999999
7499,0.11199999999999999
7500,0.11199999999999999
7501,0.11199999999999999
7502,0.11199999999999999
7503,0.11199999999999999
7504,0.11199999999999999
7505,0.11199999999999999
7506,0.11199999999999999
7507,0.11199999999999999
7508,0.11199999999999999
7509,0.11199999999999999
7510,0.11199999999999999
7511,0.11199999999999999
7512,0.11199999999999999
7513,0.11199999999999999
7514,0.11199999999999999
7515,0.11199999999999999
7516,0.11199999999999999
7517,0.11199999999999999
7518,0.11199999999999999
7519,0.11199999999999999
7520,0.11199999999999999
7521,0.11199999999999999
7522,0.11199999999999999
7523,0.11199999999999999
7524,0.11199999999999999
7525,0.11199999999999999
7526,0.11199999999999999
7527,0.11199999999999999
7528,0.11199999999999999
7529,0.11199999999999999
7530,0.11199999999999999
7531,0.11199999999999999
7532,0.11199999999999999
7533,0.11199999999999999
7534,0.11199999999999999
7535,0.11199999999999999
7536,0.11199999999999999
7537,0.11199999999999999
7538,0.11199999999999999
7539,0.11199999999999999
7540,0.11199999999999999
7541,0.11199999999999999
7542,0.11199999999999999
7543,0.11199999999999999
7544,0.11199999999999999
7545,0.11199999999999999
7546,0.11199999999999999
7547,0.11199999999999999
7548,0.11199999999999999
7549,0.11199999999999999
7550,0.11199999999999999
7551,0.11199999999999999
7552,0.11199999999999999
7553,0.11199999999999999
7554,0.11199999999999999
7555,0.11199999999999999
7556,0.11199999999999999
7557,0.11199999999999999
7558,0.11199999999999999
7559,0.11199999999999999
7560,0.11199999999999999
7561,0.11199999999999999
7562,0.11199999999999999
7563,0.11199999999999999
7564,0.11199999999999999
7565,0.11199999999999999
7566,0.11199999999999999
7567,0.11199999999999999
7568,0.11199999999999999
7569,0.11199999999999999
7570,0.11199999999999999
7571,0.11199999999999999
7572,0.11199999999999999
7573,0.11199999999999999
7574,0.11199999999999999
7575,0.11199999999999999
7576,0.11199999999999999
7577,0.11199999999999999
7578,0.11199999999999999
7579,0.11199999999999999
7580,0.11199999999999999
7581,0.11199999999999999
7582,0.11199999999999999
7583,0.11199999999999999
7584,0.11199999999999999
7585,0.11199999999999999
7586,0.11199999999999999
7587,0.11199999999999999
7588,0.11199999999999999
7589,0.11199999999999999
7590,0.11199999999999999
7591,0.11199999999999999
7592,0.11199999999999999
7593,0.11199999999999999
7594,0.11199999999999999
7595,0.11199999999999999
7596,0.11199999999999999
7597,0.11199999999999999
7598,0.11199999999999999
7599,0.11199999999999999
7600,0.11199999999999999
7601,0.11199999999999999
7602,0.11199999999999999
7603,0.11199999999999999
7604,0.11199999999999999
7605,0.11199999999999999
7606,0.11199999999999999
7607,0.11199999999999999
7608,0.11199999999999999
7609,0.11199999999999999
7610,0.11199999999999999
7611,0.11199999999999999
7612,0.11199999999999999
7613,0.11199999999999999
7614,0.11199999999999999
7615,0.11199999999999999
7616,0.11199999999999999
7617,0.11199999999999999
7618,0.11199999999999999
7619,0.11199999999999999
7620,0.11199999999999999
7621,0.11199999999999999
7622,0.11199999999999999
7623,0.11199999999999999
7624,0.11199999999999999
7625,0.11199999999999999
7626,0.11199999999999999
7627,0.11199999999999999
7628,0.11199999999999999
7629,0.11199999999999999
7630,0.11199999999999999
7631,0.11199999999999999
7632,0.11199999999999999
7633,0.11199999999999999
7634,0.11199999999999999
7635,0.11199999999999999
7636,0.11199999999999999
7637,0.11199999999999999
7638,0.11199999999999999
7639,0.11199999999999999
7640,0.11199999999999999
7641,0.11199999999999999
7642,0.11199999999999999
7643,0.11199999999999999
7644,0.11199999999999999
7645,0.11199999999999999
7646,0.11199999999999999
7647,0.11199999999999999
7648,0.11199999999999999
7649,0.11199999999999999
7650,0.11199999999999999
7651,0.11199999999999999
7652,0.11199999999999999
7653,0.11199999999999999
7654,0.11199999999999999
7655,0.11199999999999999
7656,0.11199999999999999
7657,0.11199999999999999
7658,0.11199999999999999
7659,0.11199999999999999
7660,0.11199999999999999
7661,0.11199999999999999
7662,0.11199999999999999
7663,0.11199999999999999
7664,0.11199999999999999
7665,0.11199999999999999
7666,0.11199999999999999
7667,0.11199999999999999
7668,0.11199999999999999
7669,0.11199999999999999
7670,0.11199999999999999
7671,0.11199999999999999
7672,0.11199999999999999
7673,0.11199999999999999
7674,0.11199999999999999
7675,0.11199999999999999
7676,0.11199999999999999
7677,0.11199999999999999
7678,0.11199999999999999
7679,0.11199999999999999
7680,0.11199999999999999
7681,0.11199999999999999
7682,0.11199999999999999
7683,0.11199999999999999
7684,0.11199999999999999
7685,0.11199999999999999
7686,0.11199999999999999
7687,0.11199999999999999
7688,0.11199999999999999
7689,0.11199999999999999
7690,0.11199999999999999
7691,0.11199999999999999
7692,0.11199999999999999
7693,0.11199999999999999
7694,0.11199999999999999
7695,0.11199999999999999
7696,0.11199999999999999
7697,0.11199999999999999
7698,0.11199999999999999
7699,0.11199999999999999
7700,0.11199999999999999
7701,0.11199999999999999
7702,0.11199999999999999
7703,0.11199999999999999
7704,0.11199999999999999
7705,0.11199999999999999
7706,0.11199999999999999
7707,0.11199999999999999
7708,0.11199999999999999
7709,0.11199999999999999
7710,0.11199999999999999
7711,0.11199999999999999
7712,0.11199999999999999
7713,0.11199999999999999
7714,0.11199999999999999
7715,0.11199999999999999
7716,0.11199999999999999
7717,0.11199999999999999
7718,0.11199999999999999
7719,0.11199999999999999
7720,0.11199999999999999
7721,0.11199999999999999
7722,0.11199999999999999
7723,0.11199999999999999
7724,0.11199999999999999
7725,0.11199999999999999
7726,0.11199999999999999
7727,0.11199999999999999
7728,0.11199999999999999
7729,0.11199999999999999
7730,0.11199999999999999
7731,0.11199999999999999
7732,0.11199999999999999
7733,0.11199999999999999
7734,0.11199999999999999
7735,0.11199999999999999
7736,0.11199999999999999
7737,0.11199999999999999
7738,0.11199999999999999
7739,0.11199999999999999
7740,0.11199999999999999
7741,0.11199999999999999
7742,0.11199999999999999
7743,0.11199999999999999
7744,0.11199999999999999
7745,0.11199999999999999
7746,0.11199999999999999
7747,0.11199999999999999
7748,0.11199999999999999
7749,0.11199999999999999
7750,0.11199999999999999
7751,0.11199999999999999
7752,0.11199999999999999
7753,0.11199999999999999
7754,0.11199999999999999
7755,0.11199999999999999
7756,0.11199999999999999
7757,0.11199999999999999
7758,0.11199999999999999
7759,0.11199999999999999
7760,0.11199999999999999
7761,0.11199999999999999
7762,0.11199999999999999
7763,0.11199999999999999
7764,0.11199999999999999
7765,0.11199999999999999
7766,0.11199999999999999
7767,0.11199999999999999
7768,0.11199999999999999
7769,0.11199999999999999
7770,0.11199999999999999
7771,0.11199999999999999
7772,0.11199999999999999
7773,0.11199999999999999
7774,0.11199999999999999
7775,0.11199999999999999
7776,0.11199999999999999
7777,0.11199999999999999
7778,0.11199999999999999
7779,0.11199999999999999
7780,0.11199999999999999
7781,0.11199999999999999
7782,0.11199999999999999
7783,0.11199999999999999
7784,0.11199999999999999
7785,0.11199999999999999
7786,0.11199999999999999
7787,0.11199999999999999
7788,0.11199999999999999
7789,0.11199999999999999
7790,0.11199999999999999
7791,0.11199999999999999
7792,0.11199999999999999
7793,0.11199999999999999
7794,0.11199999999999999
7795,0.11199999999999999
7796,0.11199999999999999
7797,0.11199999999999999
7798,0.11199999999999999
7799,0.11199999999999999
7800,0.11199999999999999
7801,0.11199999999999999
7802,0.11199999999999999
7803,0.11199999999999999
7804,0.11199999999999999
7805,0.11199999999999999
7806,0.11199999999999999
7807,0.11199999999999999
7808,0.11199999999999999
7809,0.11199999999999999
7810,0.11199999999999999
7811,0.11199999999999999
7812,0.11199999999999999
7813,0.11199999999999999
7814,0.11199999999999999
7815,0.11199999999999999
7816,0.11199999999999999
7817,0.11199999999999999
7818,0.11199999999999999
7819,0.11199999999999999
7820,0.11199999999999999
7821,0.11199999999999999
7822,0.11199999999999999
7823,0.11199999999999999
7824,0.11199999999999999
7825,0.11199999999999999
7826,0.11199999999999999
7827,0.11199999999999999
7828,0.11199999999999999
7829,0.11199999999999999
7830,0.11199999999999999
7831,0.11199999999999999
7832,0.11199999999999999
7833,0.11199999999999999
7834,0.11199999999999999
7835,0.11199999999999999
7836,0.11199999999999999
7837,0.11199999999999999
7838,0.11199999999999999
7839,0.11199999999999999
7840,0.11199999999999999
7841,0.11199999999999999
7842,0.11199999999999999
7843,0.11199999999999999
7844,0.11199999999999999
7845,0.11199999999999999
7846,0.11199999999999999
7847,0.11199999999999999
7848,0.11199999999999999
7849,0.11199999999999999
7850,0.11199999999999999
7851,0.11199999999999999
7852,0.11199999999999999
7853,0.11199999999999999
7854,0.11199999999999999
7855,0.11199999999999999
7856,0.11199999999999999
7857,0.11199999999999999
7858,0.11199999999999999
7859,0.11199999999999999
7860,0.11199999999999999
7861,0.11199999999999999
7862,0.11199999999999999
7863,0.11199999999999999
7864,0.11199999999999999
7865,0.11199999999999999
7866,0.11199999999999999
7867,0.11199999999999999
7868,0.11199999999999999
7869,0.11199999999999999
7870,0.11199999999999999
7871,0.11199999999999999
7872,0.11199999999999999
7873,0.11199999999999999
7874,0.11199999999999999
7875,0.11199999999999999
7876,0.11199999999999999
7877,0.11199999999999999
7878,0.11199999999999999
7879,0.11199999999999999
7880,0.11199999999999999
7881,0.11199999999999999
7882,0.11199999999999999
7883,0.11199999999999999
7884,0.11199999999999999
7885,0.11199999999999999
7886,0.11199999999999999
7887,0.11199999999999999
7888,0.11199999999999999
7889,0.11199999999999999
7890,0.11199999999999999
7891,0.11199999999999999
7892,0.11199999999999999
7893,0.11199999999999999
7894,0.11199999999999999
7895,0.11199999999999999
7896,0.11199999999999999
7897,0.11199999999999999
7898,0.11199999999999999
7899,0.11199999999999999
7900,0.11199999999999999
7901,0.11199999999999999
7902,0.11199999999999999
7903,0.11199999999999999
7904,0.11199999999999999
7905,0.11199999999999999
7906,0.11199999999999999
7907,0.11199999999999999
7908,0.11199999999999999
7909,0.11199999999999999
7910,0.11199999999999999
7911,0.11199999999999999
7912,0.11199999999999999
7913,0.11199999999999999
7914,0.11199999999999999
7915,0.11199999999999999
7916,0.11199999999999999
7917,0.11199999999999999
7918,0.11199999999999999
7919,0.11199999999999999
7920,0.11199999999999999
7921,0.11199999999999999
7922,0.11199999999999999
7923,0.11199999999999999
7924,0.11199999999999999
7925,0.11199999999999999
7926,0.11199999999999999
7927,0.11199999999999999
7928,0.11199999999999999
7929,0.11199999999999999
7930,0.11199999999999999
7931,0.11199999999999999
7932,0.11199999999999999
7933,0.11199999999999999
7934,0.11199999999999999
7935,0.11199999999999999
7936,0.11199999999999999
7937,0.11199999999999999
7938,0.11199999999999999
7939,0.11199999999999999
7940,0.11199999999999999
7941,0.11199999999999999
7942,0.11199999999999999
7943,0.11199999999999999
7944,0.11199999999999999
7945,0.11199999999999999
7946,0.11199999999999999
7947,0.11199999999999999
7948,0.11199999999999999
7949,0.11199999999999999
7950,0.11199999999999999
7951,0.11199999999999999
7952,0.11199999999999999
7953,0.11199999999999999
7954,0.11199999999999999
7955,0.11199999999999999
7956,0.11199999999999999
7957,0.11199999999999999
7958,0.11199999999999999
7959,0.11199999999999999
7960,0.11199999999999999
7961,0.11199999999999999
7962,0.11199999999999999
7963,0.11199999999999999
7964,0.11199999999999999
7965,0.11199999999999999
7966,0.11199999999999999
7967,0.11199999999999999
7968,0.11199999999999999
7969,0.11199999999999999
7970,0.11199999999999999
7971,0.11199999999999999
7972,0.11199999999999999
7973,0.11199999999999999
7974,0.11199999999999999
7975,0.11199999999999999
7976,0.11199999999999999
7977,0.11199999999999999
7978,0.11199999999999999
7979,0.11199999999999999
7980,0.11199999999999999
7981,0.11199999999999999
7982,0.11199999999999999
7983,0.11199999999999999
7984,0.11199999999999999
7985,0.11199999999999999
7986,0.11199999999999999
7987,0.11199999999999999
7988,0.11199999999999999
7989,0.11199999999999999
7990,0.11199999999999999
7991,0.11199999999999999
7992,0.11199999999999999
7993,0.11199999999999999
7994,0.11199999999999999
7995,0.11199999999999999
7996,0.11199999999999999
7997,0.11199999999999999
7998,0.11199999999999999
7999,0.11199999999999999
8000,0.11199999999999999
8001,0.11199999999999999
8002,0.11199999999999999
8003,0.11199999999999999
8004,0.11199999999999999
8005,0.11199999999999999
8006,0.11199999999999999
8007,0.11199999999999999
8008,0.11199999999999999
8009,0.11199999999999999
8010,0.11199999999999999
8011,0.11199999999999999
8012,0.11199999999999999
8013,0.11199999999999999
8014,0.11199999999999999
8015,0.11199999999999999
8016,0.11199999999999999
8017,0.11199999999999999
8018,0.11199999999999999
8019,0.11199999999999999
8020,0.11199999999999999
8021,0.11199999999999999
8022,0.11199999999999999
8023,0.11199999999999999
8024,0.11199999999999999
8025,0.11199999999999999
8026,0.11199999999999999
8027,0.11199999999999999
8028,0.11199999999999999
8029,0.11199999999999999
8030,0.11199999999999999
8031,0.11199999999999999
8032,0.11199999999999999
8033,0.11199999999999999
8034,0.11199999999999999
8035,0.11199999999999999
8036,0.11199999999999999
8037,0.11199999999999999
8038,0.11199999999999999
8039,0.11199999999999999
8040,0.11199999999999999
8041,0.11199999999999999
8042,0.11199999999999999
8043,0.11199999999999999
8044,0.11199999999999999
8045,0.11199999999999999
8046,0.11199999999999999
8047,0.11199999999999999
8048,0.11199999999999999
8049,0.11199999999999999
8050,0.11199999999999999
8051,0.11199999999999999
8052,0.11199999999999999
8053,0.11199999999999999
8054,0.11199999999999999
8055,0.11199999999999999
8056,0.11199999999999999
8057,0.11199999999999999
8058,0.11199999999999999
8059,0.11199999999999999
8060,0.11199999999999999
8061,0.11199999999999999
8062,0.11199999999999999
8063,0.11199999999999999
8064,0.11199999999999999
8065,0.11199999999999999
8066,0.11199999999999999
8067,0.11199999999999999
8068,0.11199999999999999
8069,0.11199999999999999
8070,0.11199999999999999
8071,0.11199999999999999
8072,0.11199999999999999
8073,0.11199999999999999
8074,0.11199999999999999
8075,0.11199999999999999
8076,0.11199999999999999
8077,0.11199999999999999
8078,0.11199999999999999
8079,0.11199999999999999
8080,0.11199999999999999
8081,0.11199999999999999
8082,0.11199999999999999
8083,0.11199999999999999
8084,0.11199999999999999
8085,0.11199999999999999
8086,0.11199999999999999
8087,0.11199999999999999
8088,0.11199999999999999
8089,0.11199999999999999
8090,0.11199999999999999
8091,0.11199999999999999
8092,0.11199999999999999
8093,0.11199999999999999
8094,0.11199999999999999
8095,0.11199999999999999
8096,0.11199999999999999
8097,0.11199999999999999
8098,0.11199999999999999
8099,0.11199999999999999
8100,0.11199999999999999
8101,0.11199999999999999
8102,0.11199999999999999
8103,0.11199999999999999
8104,0.11199999999999999
8105,0.11199999999999999
8106,0.11199999999999999
8107,0.11199999999999999
8108,0.11199999999999999
8109,0.11199999999999999
8110,0.11199999999999999
8111,0.11199999999999999
8112,0.11199999999999999
8113,0.11199999999999999
8114,0.11199999999999999
8115,0.11199999999999999
8116,0.11199999999999999
8117,0.11199999999999999
8118,0.11199999999999999
8119,0.11199999999999999
8120,0.11199999999999999
8121,0.11199999999999999
8122,0.11199999999999999
8123,0.11199999999999999
8124,0.11199999999999999
8125,0.11199999999999999
8126,0.11199999999999999
8127,0.11199999999999999
8128,0.11199999999999999
8129,0.11199999999999999
8130,0.11199999999999999
8131,0.11199999999999999
8132,0.11199999999999999
8133,0.11199999999999999
8134,0.11199999999999999
8135,0.11199999999999999
8136,0.11199999999999999
8137,0.11199999999999999
8138,0.11199999999999999
8139,0.11199999999999999
8140,0.11199999999999999
8141,0.11199999999999999
8142,0.11199999999999999
8143,0.11199999999999999
8144,0.11199999999999999
8145,0.11199999999999999
8146,0.11199999999999999
8147,0.11199999999999999
8148,0.11199999999999999
8149,0.11199999999999999
8150,0.11199999999999999
8151,0.11199999999999999
8152,0.11199999999999999
8153,0.11199999999999999
8154,0.11199999999999999
8155,0.11199999999999999
8156,0.11199999999999999
8157,0.11199999999999999
8158,0.11199999999999999
8159,0.11199999999999999
8160,0.11199999999999999
8161,0.11199999999999999
8162,0.11199999999999999
8163,0.11199999999999999
8164,0.11199999999999999
8165,0.11199999999999999
8166,0.11199999999999999
8167,0.11199999999999999
8168,0.11199999999999999
8169,0.11199999999999999
8170,0.11199999999999999
8171,0.11199999999999999
8172,0.11199999999999999
8173,0.11199999999999999
8174,0.11199999999999999
8175,0.11199999999999999
8176,0.11199999999999999
8177,0.11199999999999999
8178,0.11199999999999999
8179,0.11199999999999999
8180,0.11199999999999999
8181,0.11199999999999999
8182,0.11199999999999999
8183,0.11199999999999999
8184,0.11199999999999999
8185,0.11199999999999999
8186,0.11199999999999999
8187,0.11199999999999999
8188,0.11199999999999999
8189,0.11199999999999999
8190,0.11199999999999999
8191,0.11199999999999999
8192,0.11199999999999999
8193,0.11199999999999999
8194,0.11199999999999999
8195,0.11199999999999999
8196,0.11199999999999999
8197,0.11199999999999999
8198,0.11199999999999999
8199,0.11199999999999999
8200,0.11199999999999999
8201,0.11199999999999999
8202,0.11199999999999999
8203,0.11199999999999999
8204,0.11199999999999999
8205,0.11199999999999999
8206,0.11199999999999999
8207,0.11199999999999999
8208,0.11199999999999999
8209,0.11199999999999999
8210,0.11199999999999999
8211,0.11199999999999999
8212,0.11199999999999999
8213,0.11199999999999999
8214,0.11199999999999999
8215,0.11199999999999999
8216,0.11199999999999999
8217,0.11199999999999999
8218,0.11199999999999999
8219,0.11199999999999999
8220,0.11199999999999999
8221,0.11199999999999999
8222,0.11199999999999999
8223,0.11199999999999999
8224,0.11199999999999999
8225,0.11199999999999999
8226,0.11199999999999999
8227,0.11199999999999999
8228,0.11199999999999999
8229,0.11199999999999999
8230,0.11199999999999999
8231,0.11199999999999999
8232,0.11199999999999999
8233,0.11199999999999999
8234,0.11199999999999999
8235,0.11199999999999999
8236,0.11199999999999999
8237,0.11199999999999999
8238,0.11199999999999999
8239,0.11199999999999999
8240,0.11199999999999999
8241,0.11199999999999999
8242,0.11199999999999999
8243,0.11199999999999999
8244,0.11199999999999999
8245,0.11199999999999999
8246,0.11199999999999999
8247,0.11199999999999999
8248,0.11199999999999999
8249,0.11199999999999999
8250,0.11199999999999999
8251,0.11199999999999999
8252,0.11199999999999999
8253,0.11199999999999999
8254,0.11199999999999999
8255,0.11199999999999999
8256,0.11199999999999999
8257,0.11199999999999999
8258,0.11199999999999999
8259,0.11199999999999999
8260,0.11199999999999999
8261,0.11199999999999999
8262,0.11199999999999999
8263,0.11199999999999999
8264,0.11199999999999999
8265,0.11199999999999999
8266,0.11199999999999999
8267,0.11199999999999999
8268,0.11199999999999999
8269,0.11199999999999999
8270,0.11199999999999999
8271,0.11199999999999999
8272,0.11199999999999999
8273,0.11199999999999999
8274,0.11199999999999999
8275,0.11199999999999999
8276,0.11199999999999999
8277,0.11199999999999999
8278,0.11199999999999999
8279,0.11199999999999999
8280,0.11199999999999999
8281,0.11199999999999999
8282,0.11199999999999999
8283,0.11199999999999999
8284,0.11199999999999999
8285,0.11199999999999999
8286,0.11199999999999999
8287,0.11199999999999999
8288,0.11199999999999999
8289,0.11199999999999999
8290,0.11199999999999999
8291,0.11199999999999999
8292,0.11199999999999999
8293,0.11199999999999999
8294,0.11199999999999999
8295,0.11199999999999999
8296,0.11199999999999999
8297,0.11199999999999999
8298,0.11199999999999999
8299,0.11199999999999999
8300,0.11199999999999999
8301,0.11199999999999999
8302,0.11199999999999999
8303,0.11199999999999999
8304,0.11199999999999999
8305,0.11199999999999999
8306,0.11199999999999999
8307,0.11199999999999999
8308,0.11199999999999999
8309,0.11199999999999999
8310,0.11199999999999999
8311,0.11199999999999999
8312,0.11199999999999999
8313,0.11199999999999999
8314,0.11199999999999999
8315,0.11199999999999999
8316,0.11199999999999999
8317,0.11199999999999999
8318,0.11199999999999999
8319,0.11199999999999999
8320,0.11199999999999999
8321,0.11199999999999999
8322,0.11199999999999999
8323,0.11199999999999999
8324,0.11199999999999999
8325,0.11199999999999999
8326,0.11199999999999999
8327,0.11199999999999999
8328,0.11199999999999999
8329,0.11199999999999999
8330,0.11199999999999999
8331,0.11199999999999999
8332,0.11199999999999999
8333,0.11199999999999999
8334,0.11199999999999999
8335,0.11199999999999999
8336,0.11199999999999999
8337,0.11199999999999999
8338,0.11199999999999999
8339,0.11199999999999999
8340,0.11199999999999999
8341,0.11199999999999999
8342,0.11199999999999999
8343,0.11199999999999999
8344,0.11199999999999999
8345,0.11199999999999999
8346,0.11199999999999999
8347,0.11199999999999999
8348,0.11199999999999999
8349,0.11199999999999999
8350,0.11199999999999999
8351,0.11199999999999999
8352,0.11199999999999999
8353,0.11199999999999999
8354,0.11199999999999999
8355,0.11199999999999999
8356,0.11199999999999999
8357,0.11199999999999999
8358,0.11199999999999999
8359,0.11199999999999999
8360,0.11199999999999999
8361,0.11199999999999999
8362,0.11199999999999999
8363,0.11199999999999999
8364,0.11199999999999999
8365,0.11199999999999999
8366,0.11199999999999999
8367,0.11199999999999999
8368,0.11199999999999999
8369,0.11199999999999999
8370,0.11199999999999999
8371,0.11199999999999999
8372,0.11199999999999999
8373,0.11199999999999999
8374,0.11199999999999999
8375,0.11199999999999999
8376,0.11199999999999999
8377,0.11199999999999999
8378,0.11199999999999999
8379,0.11199999999999999
8380,0.11199999999999999
8381,0.11199999999999999
8382,0.11199999999999999
8383,0.11199999999999999
8384,0.11199999999999999
8385,0.11199999999999999
8386,0.11199999999999999
8387,0.11199999999999999
8388,0.11199999999999999
8389,0.11199999999999999
8390,0.11199999999999999
8391,0.11199999999999999
8392,0.11199999999999999
8393,0.11199999999999999
8394,0.11199999999999999
8395,0.11199999999999999
8396,0.11199999999999999
8397,0.11199999999999999
8398,0.11199999999999999
8399,0.11199999999999999
8400,0.11199999999999999
8401,0.11199999999999999
8402,0.11199999999999999
8403,0.11199999999999999
8404,0.11199999999999999
8405,0.11199999999999999
8406,0.11199999999999999
8407,0.11199999999999999
8408,0.11199999999999999
8409,0.11199999999999999
8410,0.11199999999999999
8411,0.11199999999999999
8412,0.11199999999999999
8413,0.11199999999999999
8414,0.11199999999999999
8415,0.11199999999999999
8416,0.11199999999999999
8417,0.11199999999999999
8418,0.11199999999999999
8419,0.11199999999999999
8420,0.11199999999999999
8421,0.11199999999999999
8422,0.11199999999999999
8423,0.11199999999999999
8424,0.11199999999999999
8425,0.11199999999999999
8426,0.11199999999999999
8427,0.11199999999999999
8428,0.11199999999999999
8429,0.11199999999999999
8430,0.11199999999999999
8431,0.11199999999999999
8432,0.11199999999999999
8433,0.11199999999999999
8434,0.11199999999999999
8435,0.11199999999999999
8436,0.11199999999999999
8437,0.11199999999999999
8438,0.11199999999999999
8439,0.11199999999999999
8440,0.11199999999999999
8441,0.11199999999999999
8442,0.11199999999999999
8443,0.11199999999999999
8444,0.11199999999999999
8445,0.11199999999999999
8446,0.11199999999999999
8447,0.11199999999999999
8448,0.11199999999999999
8449,0.11199999999999999
8450,0.11199999999999999
8451,0.11199999999999999
8452,0.11199999999999999
8453,0.11199999999999999
8454,0.11199999999999999
8455,0.11199999999999999
8456,0.11199999999999999
8457,0.11199999999999999
8458,0.11199999999999999
8459,0.11199999999999999
8460,0.11199999999999999
8461,0.11199999999999999
8462,0.11199999999999999
8463,0.11199999999999999
8464,0.11199999999999999
8465,0.11199999999999999
8466,0.11199999999999999
8467,0.11199999999999999
8468,0.11199999999999999
8469,0.11199999999999999
8470,0.11199999999999999
8471,0.11199999999999999
8472,0.11199999999999999
8473,0.11199999999999999
8474,0.11199999999999999
8475,0.11199999999999999
8476,0.11199999999999999
8477,0.11199999999999999
8478,0.11199999999999999
8479,0.11199999999999999
8480,0.11199999999999999
8481,0.11199999999999999
8482,0.11199999999999999
8483,0.11199999999999999
8484,0.11199999999999999
8485,0.11199999999999999
8486,0.11199999999999999
8487,0.11199999999999999
8488,0.11199999999999999
8489,0.11199999999999999
8490,0.11199999999999999
8491,0.11199999999999999
8492,0.11199999999999999
8493,0.11199999999999999
8494,0.11199999999999999
8495,0.11199999999999999
8496,0.11199999999999999
8497,0.11199999999999999
8498,0.11199999999999999
8499,0.11199999999999999
8500,0.11199999999999999
8501,0.11199999999999999
8502,0.11199999999999999
8503,0.11199999999999999
8504,0.11199999999999999
8505,0.11199999999999999
8506,0.11199999999999999
8507,0.11199999999999999
8508,0.11199999999999999
8509,0.11199999999999999
8510,0.11199999999999999
8511,0.11199999999999999
8512,0.11199999999999999
8513,0.11199999999999999
8514,0.11199999999999999
8515,0.11199999999999999
8516,0.11199999999999999
8517,0.11199999999999999
8518,0.11199999999999999
8519,0.11199999999999999
8520,0.11199999999999999
8521,0.11199999999999999
8522,0.11199999999999999
8523,0.11199999999999999
8524,0.11199999999999999
8525,0.11199999999999999
8526,0.11199999999999999
8527,0.11199999999999999
8528,0.11199999999999999
8529,0.11199999999999999
8530,0.11199999999999999
8531,0.11199999999999999
8532,0.11199999999999999
8533,0.11199999999999999
8534,0.11199999999999999
8535,0.11199999999999999
8536,0.11199999999999999
8537,0.11199999999999999
8538,0.11199999999999999
8539,0.11199999999999999
8540,0.11199999999999999
8541,0.11199999999999999
8542,0.11199999999999999
8543,0.11199999999999999
8544,0.11199999999999999
8545,0.11199999999999999
8546,0.11199999999999999
8547,0.11199999999999999
8548,0.11199999999999999
8549,0.11199999999999999
8550,0.11199999999999999
8551,0.11199999999999999
8552,0.11199999999999999
8553,0.11199999999999999
8554,0.11199999999999999
8555,0.11199999999999999
8556,0.11199999999999999
8557,0.11199999999999999
8558,0.11199999999999999
8559,0.11199999999999999
8560,0.11199999999999999
8561,0.11199999999999999
8562,0.11199999999999999
8563,0.11199999999999999
8564,0.11199999999999999
8565,0.11199999999999999
8566,0.11199999999999999
8567,0.11199999999999999
8568,0.11199999999999999
8569,0.11199999999999999
8570,0.11199999999999999
8571,0.11199999999999999
8572,0.11199999999999999
8573,0.11199999999999999
8574,0.11199999999999999
8575,0.11199999999999999
8576,0.11199999999999999
8577,0.11199999999999999
8578,0.11199999999999999
8579,0.11199999999999999
8580,0.11199999999999999
8581,0.11199999999999999
8582,0.11199999999999999
8583,0.11199999999999999
8584,0.11199999999999999
8585,0.11199999999999999
8586,0.11199999999999999
8587,0.11199999999999999
8588,0.11199999999999999
8589,0.11199999999999999
8590,0.11199999999999999
8591,0.11199999999999999
8592,0.11199999999999999
8593,0.11199999999999999
8594,0.11199999999999999
8595,0.11199999999999999
8596,0.11199999999999999
8597,0.11199999999999999
8598,0.11199999999999999
8599,0.11199999999999999
8600,0.11199999999999999
8601,0.11199999999999999
8602,0.11199999999999999
8603,0.11199999999999999
8604,0.11199999999999999
8605,0.11199999999999999
8606,0.11199999999999999
8607,0.11199999999999999
8608,0.11199999999999999
8609,0.11199999999999999
8610,0.11199999999999999
8611,0.11199999999999999
8612,0.11199999999999999
8613,0.11199999999999999
8614,0.11199999999999999
8615,0.11199999999999999
8616,0.11199999999999999
8617,0.11199999999999999
8618,0.11199999999999999
8619,0.11199999999999999
8620,0.11199999999999999
8621,0.11199999999999999
8622,0.11199999999999999
8623,0.11199999999999999
8624,0.11199999999999999
8625,0.11199999999999999
8626,0.11199999999999999
8627,0.11199999999999999
8628,0.11199999999999999
8629,0.11199999999999999
8630,0.11199999999999999
8631,0.11199999999999999
8632,0.11199999999999999
8633,0.11199999999999999
8634,0.11199999999999999
8635,0.11199999999999999
8636,0.11199999999999999
8637,0.11199999999999999
8638,0.11199999999999999
8639,0.11199999999999999
8640,0.11199999999999999
8641,0.11199999999999999
8642,0.11199999999999999
8643,0.11199999999999999
8644,0.11199999999999999
8645,0.11199999999999999
8646,0.11199999999999999
8647,0.11199999999999999
8648,0.11199999999999999
8649,0.11199999999999999
8650,0.11199999999999999
8651,0.11199999999999999
8652,0.11199999999999999
8653,0.11199999999999999
8654,0.11199999999999999
8655,0.11199999999999999
8656,0.11199999999999999
8657,0.11199999999999999
8658,0.11199999999999999
8659,0.11199999999999999
8660,0.11199999999999999
8661,0.11199999999999999
8662,0.11199999999999999
8663,0.11199999999999999
8664,0.11199999999999999
8665,0.11199999999999999
8666,0.11199999999999999
8667,0.11199999999999999
8668,0.11199999999999999
8669,0.11199999999999999
8670,0.11199999999999999
8671,0.11199999999999999
8672,0.11199999999999999
8673,0.11199999999999999
8674,0.11199999999999999
8675,0.11199999999999999
8676,0.11199999999999999
8677,0.11199999999999999
8678,0.11199999999999999
8679,0.11199999999999999
8680,0.11199999999999999
8681,0.11199999999999999
8682,0.11199999999999999
8683,0.11199999999999999
8684,0.11199999999999999
8685,0.11199999999999999
8686,0.11199999999999999
8687,0.11199999999999999
8688,0.11199999999999999
8689,0.11199999999999999
8690,0.11199999999999999
8691,0.11199999999999999
8692,0.11199999999999999
8693,0.11199999999999999
8694,0.11199999999999999
8695,0.11199999999999999
8696,0.11199999999999999
8697,0.11199999999999999
8698,0.11199999999999999
8699,0.11199999999999999
8700,0.11199999999999999
8701,0.11199999999999999
8702,0.11199999999999999
8703,0.11199999999999999
8704,0.11199999999999999
8705,0.11199999999999999
8706,0.11199999999999999
8707,0.11199999999999999
8708,0.11199999999999999
8709,0.11199999999999999
8710,0.11199999999999999
8711,0.11199999999999999
8712,0.11199999999999999
8713,0.11199999999999999
8714,0.11199999999999999
8715,0.11199999999999999
8716,0.11199999999999999
8717,0.11199999999999999
8718,0.11199999999999999
8719,0.11199999999999999
8720,0.11199999999999999
8721,0.11199999999999999
8722,0.11199999999999999
8723,0.11199999999999999
8724,0.11199999999999999
8725,0.11199999999999999
8726,0.11199999999999999
8727,0.11199999999999999
8728,0.11199999999999999
8729,0.11199999999999999
8730,0.11199999999999999
8731,0.11199999999999999
8732,0.11199999999999999
8733,0.11199999999999999
8734,0.11199999999999999
8735,0.11199999999999999
8736,0.11199999999999999
8737,0.11199999999999999
8738,0.11199999999999999
8739,0.11199999999999999
8740,0.11199999999999999
8741,0.11199999999999999
8742,0.11199999999999999
8743,0.11199999999999999
8744,0.11199999999999999
8745,0.11199999999999999
8746,0.11199999999999999
8747,0.11199999999999999
8748,0.11199999999999999
8749,0.11199999999999999
8750,0.11199999999999999
8751,0.11199999999999999
8752,0.11199999999999999
8753,0.11199999999999999
8754,0.11199999999999999
8755,0.11199999999999999
8756,0.11199999999999999
8757,0.11199999999999999
8758,0.11199999999999999
8759,0.11199999999999999
8760,0.11199999999999999
8761,0.11199999999999999
8762,0.11199999999999999
8763,0.11199999999999999
8764,0.11199999999999999
8765,0.11199999999999999
8766,0.11199999999999999
8767,0.11199999999999999
8768,0.11199999999999999
8769,0.11199999999999999
8770,0.11199999999999999
8771,0.11199999999999999
8772,0.11199999999999999
8773,0.11199999999999999
8774,0.11199999999999999
8775,0.11199999999999999
8776,0.11199999999999999
8777,0.11199999999999999
8778,0.11199999999999999
8779,0.11199999999999999
8780,0.11199999999999999
8781,0.11199999999999999
8782,0.11199999999999999
8783,0.11199999999999999
8784,0.11199999999999999
8785,0.11199999999999999
8786,0.11199999999999999
8787,0.11199999999999999
8788,0.11199999999999999
8789,0.11199999999999999
8790,0.11199999999999999
8791,0.11199999999999999
8792,0.11199999999999999
8793,0.11199999999999999
8794,0.11199999999999999
8795,0.11199999999999999
8796,0.11199999999999999
8797,0.11199999999999999
8798,0.11199999999999999
8799,0.11199999999999999
8800,0.11199999999999999
8801,0.11199999999999999
8802,0.11199999999999999
8803,0.11199999999999999
8804,0.11199999999999999
8805,0.11199999999999999
8806,0.11199999999999999
8807,0.11199999999999999
8808,0.11199999999999999
8809,0.11199999999999999
8810,0.11199999999999999
8811,0.11199999999999999
8812,0.11199999999999999
8813,0.11199999999999999
8814,0.11199999999999999
8815,0.11199999999999999
8816,0.11199999999999999
8817,0.11199999999999999
8818,0.11199999999999999
8819,0.11199999999999999
8820,0.11199999999999999
8821,0.11199999999999999
8822,0.11199999999999999
8823,0.11199999999999999
8824,0.11199999999999999
8825,0.11199999999999999
8826,0.11199999999999999
8827,0.11199999999999999
8828,0.11199999999999999
8829,0.11199999999999999
8830,0.11199999999999999
8831,0.11199999999999999
8832,0.11199999999999999
8833,0.11199999999999999
8834,0.11199999999999999
8835,0.11199999999999999
8836,0.11199999999999999
8837,0.11199999999999999
8838,0.11199999999999999
8839,0.11199999999999999
8840,0.11199999999999999
8841,0.11199999999999999
8842,0.11199999999999999
8843,0.11199999999999999
8844,0.11199999999999999
8845,0.11199999999999999
8846,0.11199999999999999
8847,0.11199999999999999
8848,0.11199999999999999
8849,0.11199999999999999
8850,0.11199999999999999
8851,0.11199999999999999
8852,0.11199999999999999
8853,0.11199999999999999
8854,0.11199999999999999
8855,0.11199999999999999
8856,0.11199999999999999
8857,0.11199999999999999
8858,0.11199999999999999
8859,0.11199999999999999
8860,0.11199999999999999
8861,0.11199999999999999
8862,0.11199999999999999
8863,0.11199999999999999
8864,0.11199999999999999
8865,0.11199999999999999
8866,0.11199999999999999
8867,0.11199999999999999
8868,0.11199999999999999
8869,0.11199999999999999
8870,0.11199999999999999
8871,0.11199999999999999
8872,0.11199999999999999
8873,0.11199999999999999
8874,0.11199999999999999
8875,0.11199999999999999
8876,0.11199999999999999
8877,0.11199999999999999
8878,0.11199999999999999
8879,0.11199999999999999
8880,0.11199999999999999
8881,0.11199999999999999
8882,0.11199999999999999
8883,0.11199999999999999
8884,0.11199999999999999
8885,0.11199999999999999
8886,0.11199999999999999
8887,0.11199999999999999
8888,0.11199999999999999
8889,0.11199999999999999
8890,0.11199999999999999
8891,0.11199999999999999
8892,0.11199999999999999
8893,0.11199999999999999
8894,0.11199999999999999
8895,0.11199999999999999
8896,0.11199999999999999
8897,0.11199999999999999
8898,0.11199999999999999
8899,0.11199999999999999
8900,0.11199999999999999
8901,0.11199999999999999
8902,0.11199999999999999
8903,0.11199999999999999
8904,0.11199999999999999
8905,0.11199999999999999
8906,0.11199999999999999
8907,0.11199999999999999
8908,0.11199999999999999
8909,0.11199999999999999
8910,0.11199999999999999
8911,0.11199999999999999
8912,0.11199999999999999
8913,0.11199999999999999
8914,0.11199999999999999
8915,0.11199999999999999
8916,0.11199999999999999
8917,0.11199999999999999
8918,0.11199999999999999
8919,0.11199999999999999
8920,0.11199999999999999
8921,0.11199999999999999
8922,0.11199999999999999
8923,0.11199999999999999
8924,0.11199999999999999
8925,0.11199999999999999
8926,0.11199999999999999
8927,0.11199999999999999
8928,0.11199999999999999
8929,0.11199999999999999
8930,0.11199999999999999
8931,0.11199999999999999
8932,0.11199999999999999
8933,0.11199999999999999
8934,0.11199999999999999
8935,0.11199999999999999
8936,0.11199999999999999
8937,0.11199999999999999
8938,0.11199999999999999
8939,0.11199999999999999
8940,0.11199999999999999
8941,0.11199999999999999
8942,0.11199999999999999
8943,0.11199999999999999
8944,0.11199999999999999
8945,0.11199999999999999
8946,0.11199999999999999
8947,0.11199999999999999
8948,0.11199999999999999
8949,0.11199999999999999
8950,0.11199999999999999
8951,0.11199999999999999
8952,0.11199999999999999
8953,0.11199999999999999
8954,0.11199999999999999
8955,0.11199999999999999
8956,0.11199999999999999
8957,0.11199999999999999
8958,0.11199999999999999
8959,0.11199999999999999
8960,0.11199999999999999
8961,0.11199999999999999
8962,0.11199999999999999
8963,0.11199999999999999
8964,0.11199999999999999
8965,0.11199999999999999
8966,0.11199999999999999
8967,0.11199999999999999
8968,0.11199999999999999
8969,0.11199999999999999
8970,0.11199999999999999
8971,0.11199999999999999
8972,0.11199999999999999
8973,0.11199999999999999
8974,0.11199999999999999
8975,0.11199999999999999
8976,0.11199999999999999
8977,0.11199999999999999
8978,0.11199999999999999
8979,0.11199999999999999
8980,0.11199999999999999
8981,0.11199999999999999
8982,0.11199999999999999
8983,0.11199999999999999
8984,0.11199999999999999
8985,0.11199999999999999
8986,0.11199999999999999
8987,0.11199999999999999
8988,0.11199999999999999
8989,0.11199999999999999
8990,0.11199999999999999
8991,0.11199999999999999
8992,0.11199999999999999
8993,0.11199999999999999
8994,0.11199999999999999
8995,0.11199999999999999
8996,0.11199999999999999
8997,0.11199999999999999
8998,0.11199999999999999
8999,0.11199999999999999
9000,0.11199999999999999
9001,0.11199999999999999
9002,0.11199999999999999
9003,0.11199999999999999
9004,0.11199999999999999
9005,0.11199999999999999
9006,0.11199999999999999
9007,0.11199999999999999
9008,0.11199999999999999
9009,0.11199999999999999
9010,0.11199999999999999
9011,0.11199999999999999
9012,0.11199999999999999
9013,0.11199999999999999
9014,0.11199999999999999
9015,0.11199999999999999
9016,0.11199999999999999
9017,0.11199999999999999
9018,0.11199999999999999
9019,0.11199999999999999
9020,0.11199999999999999
9021,0.11199999999999999
9022,0.11199999999999999
9023,0.11199999999999999
9024,0.11199999999999999
9025,0.11199999999999999
9026,0.11199999999999999
9027,0.11199999999999999
9028,0.11199999999999999
9029,0.11199999999999999
9030,0.11199999999999999
9031,0.11199999999999999
9032,0.11199999999999999
9033,0.11199999999999999
9034,0.11199999999999999
9035,0.11199999999999999
9036,0.11199999999999999
9037,0.11199999999999999
9038,0.11199999999999999
9039,0.11199999999999999
9040,0.11199999999999999
9041,0.11199999999999999
9042,0.11199999999999999
9043,0.11199999999999999
9044,0.11199999999999999
9045,0.11199999999999999
9046,0.11199999999999999
9047,0.11199999999999999
9048,0.11199999999999999
9049,0.11199999999999999
9050,0.11199999999999999
9051,0.11199999999999999
9052,0.11199999999999999
9053,0.11199999999999999
9054,0.11199999999999999
9055,0.11199999999999999
9056,0.11199999999999999
9057,0.11199999999999999
9058,0.11199999999999999
9059,0.11199999999999999
9060,0.11199999999999999
9061,0.11199999999999999
9062,0.11199999999999999
9063,0.11199999999999999
9064,0.11199999999999999
9065,0.11199999999999999
9066,0.11199999999999999
9067,0.11199999999999999
9068,0.11199999999999999
9069,0.11199999999999999
9070,0.11199999999999999
9071,0.11199999999999999
9072,0.11199999999999999
9073,0.11199999999999999
9074,0.11199999999999999
9075,0.11199999999999999
9076,0.11199999999999999
9077,0.11199999999999999
9078,0.11199999999999999
9079,0.11199999999999999
9080,0.11199999999999999
9081,0.11199999999999999
9082,0.11199999999999999
9083,0.11199999999999999
9084,0.11199999999999999
9085,0.11199999999999999
9086,0.11199999999999999
9087,0.11199999999999999
9088,0.11199999999999999
9089,0.11199999999999999
9090,0.11199999999999999
9091,0.11199999999999999
9092,0.11199999999999999
9093,0.11199999999999999
9094,0.11199999999999999
9095,0.11199999999999999
9096,0.11199999999999999
9097,0.11199999999999999
9098,0.11199999999999999
9099,0.11199999999999999
9100,0.11199999999999999
9101,0.11199999999999999
9102,0.11199999999999999
9103,0.11199999999999999
9104,0.11199999999999999
9105,0.11199999999999999
9106,0.11199999999999999
9107,0.11199999999999999
9108,0.11199999999999999
9109,0.11199999999999999
9110,0.11199999999999999
9111,0.11199999999999999
9112,0.11199999999999999
9113,0.11199999999999999
9114,0.11199999999999999
9115,0.11199999999999999
9116,0.11199999999999999
9117,0.11199999999999999
9118,0.11199999999999999
9119,0.11199999999999999
9120,0.11199999999999999
9121,0.11199999999999999
9122,0.11199999999999999
9123,0.11199999999999999
9124,0.11199999999999999
9125,0.11199999999999999
9126,0.11199999999999999
9127,0.11199999999999999
9128,0.11199999999999999
9129,0.11199999999999999
9130,0.11199999999999999
9131,0.11199999999999999
9132,0.11199999999999999
9133,0.11199999999999999
9134,0.11199999999999999
9135,0.11199999999999999
9136,0.11199999999999999
9137,0.11199999999999999
9138,0.11199999999999999
9139,0.11199999999999999
9140,0.11199999999999999
9141,0.11199999999999999
9142,0.11199999999999999
9143,0.11199999999999999
9144,0.11199999999999999
9145,0.11199999999999999
9146,0.11199999999999999
9147,0.11199999999999999
9148,0.11199999999999999
9149,0.11199999999999999
9150,0.11199999999999999
9151,0.11199999999999999
9152,0.11199999999999999
9153,0.11199999999999999
9154,0.11199999999999999
9155,0.11199999999999999
9156,0.11199999999999999
9157,0.11199999999999999
9158,0.11199999999999999
9159,0.11199999999999999
9160,0.11199999999999999
9161,0.11199999999999999
9162,0.11199999999999999
9163,0.11199999999999999
9164,0.11199999999999999
9165,0.11199999999999999
9166,0.11199999999999999
9167,0.11199999999999999
9168,0.11199999999999999
9169,0.11199999999999999
9170,0.11199999999999999
9171,0.11199999999999999
9172,0.11199999999999999
9173,0.11199999999999999
9174,0.11199999999999999
9175,0.11199999999999999
9176,0.11199999999999999
9177,0.11199999999999999
9178,0.11199999999999999
9179,0.11199999999999999
9180,0.11199999999999999
9181,0.11199999999999999
9182,0.11199999999999999
9183,0.11199999999999999
9184,0.11199999999999999
9185,0.11199999999999999
9186,0.11199999999999999
9187,0.11199999999999999
9188,0.11199999999999999
9189,0.11199999999999999
9190,0.11199999999999999
9191,0.11199999999999999
9192,0.11199999999999999
9193,0.11199999999999999
9194,0.11199999999999999
9195,0.11199999999999999
9196,0.11199999999999999
9197,0.11199999999999999
9198,0.11199999999999999
9199,0.11199999999999999
9200,0.11199999999999999
9201,0.11199999999999999
9202,0.11199999999999999
9203,0.11199999999999999
9204,0.11199999999999999
9205,0.11199999999999999
9206,0.11199999999999999
9207,0.11199999999999999
9208,0.11199999999999999
9209,0.11199999999999999
9210,0.11199999999999999
9211,0.11199999999999999
9212,0.11199999999999999
9213,0.11199999999999999
9214,0.11199999999999999
9215,0.11199999999999999
9216,0.11199999999999999
9217,0.11199999999999999
9218,0.11199999999999999
9219,0.11199999999999999
9220,0.11199999999999999
9221,0.11199999999999999
9222,0.11199999999999999
9223,0.11199999999999999
9224,0.11199999999999999
9225,0.11199999999999999
9226,0.11199999999999999
9227,0.11199999999999999
9228,0.11199999999999999
9229,0.11199999999999999
9230,0.11199999999999999
9231,0.11199999999999999
9232,0.11199999999999999
9233,0.11199999999999999
9234,0.11199999999999999
9235,0.11199999999999999
9236,0.11199999999999999
9237,0.11199999999999999
9238,0.11199999999999999
9239,0.11199999999999999
9240,0.11199999999999999
9241,0.11199999999999999
9242,0.11199999999999999
9243,0.11199999999999999
9244,0.11199999999999999
9245,0.11199999999999999
9246,0.11199999999999999
9247,0.11199999999999999
9248,0.11199999999999999
9249,0.11199999999999999
9250,0.11199999999999999
9251,0.11199999999999999
9252,0.11199999999999999
9253,0.11199999999999999
9254,0.11199999999999999
9255,0.11199999999999999
9256,0.11199999999999999
9257,0.11199999999999999
9258,0.11199999999999999
9259,0.11199999999999999
9260,0.11199999999999999
9261,0.11199999999999999
9262,0.11199999999999999
9263,0.11199999999999999
9264,0.11199999999999999
9265,0.11199999999999999
9266,0.11199999999999999
9267,0.11199999999999999
9268,0.11199999999999999
9269,0.11199999999999999
9270,0.11199999999999999
9271,0.11199999999999999
9272,0.11199999999999999
9273,0.11199999999999999
9274,0.11199999999999999
9275,0.11199999999999999
9276,0.11199999999999999
9277,0.11199999999999999
9278,0.11199999999999999
9279,0.11199999999999999
9280,0.11199999999999999
9281,0.11199999999999999
9282,0.11199999999999999
9283,0.11199999999999999
9284,0.11199999999999999
9285,0.11199999999999999
9286,0.11199999999999999
9287,0.11199999999999999
9288,0.11199999999999999
9289,0.11199999999999999
9290,0.11199999999999999
9291,0.11199999999999999
9292,0.11199999999999999
9293,0.11199999999999999
9294,0.11199999999999999
9295,0.11199999999999999
9296,0.11199999999999999
9297,0.11199999999999999
9298,0.11199999999999999
9299,0.11199999999999999
9300,0.11199999999999999
9301,0.11199999999999999
9302,0.11199999999999999
9303,0.11199999999999999
9304,0.11199999999999999
9305,0.11199999999999999
9306,0.11199999999999999
9307,0.11199999999999999
9308,0.11199999999999999
9309,0.11199999999999999
9310,0.11199999999999999
9311,0.11199999999999999
9312,0.11199999999999999
9313,0.11199999999999999
9314,0.11199999999999999
9315,0.11199999999999999
9316,0.11199999999999999
9317,0.11199999999999999
9318,0.11199999999999999
9319,0.11199999999999999
9320,0.11199999999999999
9321,0.11199999999999999
9322,0.11199999999999999
9323,0.11199999999999999
9324,0.11199999999999999
9325,0.11199999999999999
9326,0.11199999999999999
9327,0.11199999999999999
9328,0.11199999999999999
9329,0.11199999999999999
9330,0.11199999999999999
9331,0.11199999999999999
9332,0.11199999999999999
9333,0.11199999999999999
9334,0.11199999999999999
9335,0.11199999999999999
9336,0.11199999999999999
9337,0.11199999999999999
9338,0.11199999999999999
9339,0.11199999999999999
9340,0.11199999999999999
9341,0.11199999999999999
9342,0.11199999999999999
9343,0.11199999999999999
9344,0.11199999999999999
9345,0.11199999999999999
9346,0.11199999999999999
9347,0.11199999999999999
9348,0.11199999999999999
9349,0.11199999999999999
9350,0.11199999999999999
9351,0.11199999999999999
9352,0.11199999999999999
9353,0.11199999999999999
9354,0.11199999999999999
9355,0.11199999999999999
9356,0.11199999999999999
9357,0.11199999999999999
9358,0.11199999999999999
9359,0.11199999999999999
9360,0.11199999999999999
9361,0.11199999999999999
9362,0.11199999999999999
9363,0.11199999999999999
9364,0.11199999999999999
9365,0.11199999999999999
9366,0.11199999999999999
9367,0.11199999999999999
9368,0.11199999999999999
9369,0.11199999999999999
9370,0.11199999999999999
9371,0.11199999999999999
9372,0.11199999999999999
9373,0.11199999999999999
9374,0.11199999999999999
9375,0.11199999999999999
9376,0.11199999999999999
9377,0.11199999999999999
9378,0.11199999999999999
9379,0.11199999999999999
9380,0.11199999999999999
9381,0.11199999999999999
9382,0.11199999999999999
9383,0.11199999999999999
9384,0.11199999999999999
9385,0.11199999999999999
9386,0.11199999999999999
9387,0.11199999999999999
9388,0.11199999999999999
9389,0.11199999999999999
9390,0.11199999999999999
9391,0.11199999999999999
9392,0.11199999999999999
9393,0.11199999999999999
9394,0.11199999999999999
9395,0.11199999999999999
9396,0.11199999999999999
9397,0.11199999999999999
9398,0.11199999999999999
9399,0.11199999999999999
9400,0.11199999999999999
9401,0.11199999999999999
9402,0.11199999999999999
9403,0.11199999999999999
9404,0.11199999999999999
9405,0.11199999999999999
9406,0.11199999999999999
9407,0.11199999999999999
9408,0.11199999999999999
9409,0.11199999999999999
9410,0.11199999999999999
9411,0.11199999999999999
9412,0.11199999999999999
9413,0.11199999999999999
9414,0.11199999999999999
9415,0.11199999999999999
9416,0.11199999999999999
9417,0.11199999999999999
9418,0.11199999999999999
9419,0.11199999999999999
9420,0.11199999999999999
9421,0.11199999999999999
9422,0.11199999999999999
9423,0.11199999999999999
9424,0.11199999999999999
9425,0.11199999999999999
9426,0.11199999999999999
9427,0.11199999999999999
9428,0.11199999999999999
9429,0.11199999999999999
9430,0.11199999999999999
9431,0.11199999999999999
9432,0.11199999999999999
9433,0.11199999999999999
9434,0.11199999999999999
9435,0.11199999999999999
9436,0.11199999999999999
9437,0.11199999999999999
9438,0.11199999999999999
9439,0.11199999999999999
9440,0.11199999999999999
9441,0.11199999999999999
9442,0.11199999999999999
9443,0.11199999999999999
9444,0.11199999999999999
9445,0.11199999999999999
9446,0.11199999999999999
9447,0.11199999999999999
9448,0.11199999999999999
9449,0.11199999999999999
9450,0.11199999999999999
9451,0.11197916666666666
9452,0.11195833333333333
9453,0.1119375
9454,0.11191666666666665
9455,0.11189583333333332
9456,0.11187499999999999
9457,0.11185416666666666
9458,0.11183333333333333
9459,0.11181249999999998
9460,0.11179166666666665
9461,0.11177083333333332
9462,0.11174999999999999
9463,0.11172916666666666
9464,0.11170833333333333
9465,0.1116875
9466,0.11166666666666665
9467,0.11164583333333332
9468,0.11162499999999999
9469,0.11160416666666666
9470,0.11158333333333333
9471,0.11156249999999998
9472,0.11154166666666665
9473,0.11152083333333332
9474,0.11149999999999999
9475,0.11147999999999998
9476,0.11145999999999999
9477,0.11143999999999998
9478,0.11141999999999999
9479,0.11139999999999999
9480,0.11137999999999999
9481,0.11135999999999999
9482,0.11134
9483,0.11131999999999999
9484,0.1113
9485,0.11127999999999999
9486,0.11126
9487,0.11123999999999999
9488,0.11122
9489,0.1112
9490,0.11118
9491,0.11116
9492,0.11114
9493,0.11112
9494,0.1111
9495,0.11108
9496,0.11106
9497,0.11104
9498,0.11102000000000001
9499,0.111
9500,0.111
9501,0.111
9502,0.111
9503,0.111
9504,0.111
9505,0.111
9506,0.111
9507,0.111
9508,0.111
9509,0.111
9510,0.111
9511,0.111
9512,0.111
9513,0.111
9514,0.111
9515,0.111
9516,0.111
9517,0.111
9518,0.111
9519,0.111
9520,0.111
9521,0.111
9522,0.111
9523,0.111
9524,0.111
9525,0.111
9526,0.111
9527,0.111
9528,0.111
9529,0.111
9530,0.111
9531,0.111
9532,0.111
9533,0.111
9534,0.111
9535,0.111
9536,0.111
9537,0.111
9538,0.111
9539,0.111
9540,0.111
9541,0.111
9542,0.111
9543,0.111
9544,0.111
9545,0.111
9546,0.111
9547,0.111
9548,0.111
9549,0.111
9550,0.111
9551,0.111
9552,0.111
9553,0.111
9554,0.111
9555,0.111
9556,0.111
9557,0.111
9558,0.111
9559,0.111
9560,0.111
9561,0.111
9562,0.111
9563,0.111
9564,0.111
9565,0.111
9566,0.111
9567,0.111
9568,0.111
9569,0.111
9570,0.111
9571,0.111
9572,0.111
9573,0.111
9574,0.111
9575,0.111
9576,0.111
9577,0.111
9578,0.111
9579,0.111
9580,0.111
9581,0.111
9582,0.111
9583,0.111
9584,0.111
9585,0.111
9586,0.111
9587,0.111
9588,0.111
9589,0.111
9590,0.111
9591,0.111
9592,0.111
9593,0.111
9594,0.111
9595,0.111
9596,0.111
9597,0.111
9598,0.111
9599,0.111
9600,0.111
9601,0.111
9602,0.111
9603,0.111
9604,0.111
9605,0.111
9606,0.111
9607,0.111
9608,0.111
9609,0.111
9610,0.111
9611,0.111
9612,0.111
9613,0.111
9614,0.111
9615,0.111
9616,0.111
9617,0.111
9618,0.111
9619,0.111
9620,0.111
9621,0.111
9622,0.111
9623,0.111
9624,0.111
9625,0.111
9626,0.111
9627,0.111
9628,0.111
9629,0.111
9630,0.111
9631,0.111
9632,0.111
9633,0.111
9634,0.111
9635,0.111
9636,0.111
9637,0.111
9638,0.111
9639,0.111
9640,0.111
9641,0.111
9642,0.111
9643,0.111
9644,0.111
9645,0.111
9646,0.111
9647,0.111
9648,0.111
9649,0.111
9650,0.111
9651,0.111
9652,0.111
9653,0.111
9654,0.111
9655,0.111
9656,0.111
9657,0.111
9658,0.111
9659,0.111
9660,0.111
9661,0.111
9662,0.111
9663,0.111
9664,0.111
9665,0.111
9666,0.111
9667,0.111
9668,0.111
9669,0.111
9670,0.111
9671,0.111
9672,0.111
9673,0.111
9674,0.111
9675,0.111
9676,0.111
9677,0.111
9678,0.111
9679,0.111
9680,0.111
9681,0.111
9682,0.111
9683,0.111
9684,0.111
9685,0.111
9686,0.111
9687,0.111
9688,0.111
9689,0.111
9690,0.111
9691,0.111
9692,0.111
9693,0.111
9694,0.111
9695,0.111
9696,0.111
9697,0.111
9698,0.111
9699,0.111
9700,0.111
9701,0.111
9702,0.111
9703,0.111
9704,0.111
9705,0.111
9706,0.111
9707,0.111
9708,0.111
9709,0.111
9710,0.111
9711,0.111
9712,0.111
9713,0.111
9714,0.111
9715,0.111
9716,0.111
9717,0.111
9718,0.111
9719,0.111
9720,0.111
9721,0.111
9722,0.111
9723,0.111
9724,0.111
9725,0.111
9726,0.111
9727,0.111
9728,0.111
9729,0.111
9730,0.111
9731,0.111
9732,0.111
9733,0.111
9734,0.111
9735,0.111
9736,0.111
9737,0.111
9738,0.111
9739,0.111
9740,0.111
9741,0.111
9742,0.111
9743,0.111
9744,0.111
9745,0.111
9746,0.111
9747,0.111
9748,0.111
9749,0.111
9750,0.111
9751,0.111
9752,0.111
9753,0.111
9754,0.111
9755,0.111
9756,0.111
9757,0.111
9758,0.111
9759,0.111
9760,0.111
9761,0.111
9762,0.111
9763,0.111
9764,0.111
9765,0.111
9766,0.111
9767,0.111
9768,0.111
9769,0.111
9770,0.111
9771,0.111
9772,0.111
9773,0.111
9774,0.111
9775,0.111
9776,0.111
9777,0.111
9778,0.111
9779,0.111
9780,0.111
9781,0.111
9782,0.111
9783,0.111
9784,0.111
9785,0.111
9786,0.111
9787,0.111
9788,0.111
9789,0.111
9790,0.111
9791,0.111
9792,0.111
9793,0.111
9794,0.111
9795,0.111
9796,0.111
9797,0.111
9798,0.111
9799,0.111
9800,0.111
9801,0.111
9802,0.111
9803,0.111
9804,0.111
9805,0.111
9806,0.111
9807,0.111
9808,0.111
9809,0.111
9810,0.111
9811,0.111
9812,0.111
9813,0.111
9814,0.111
9815,0.111
9816,0.111
9817,0.111
9818,0.111
9819,0.111
9820,0.111
9821,0.111
9822,0.111
9823,0.111
9824,0.111
9825,0.111
9826,0.111
9827,0.111
9828,0.111
9829,0.111
9830,0.111
9831,0.111
9832,0.111
9833,0.111
9834,0.111
9835,0.111
9836,0.111
9837,0.111
9838,0.111
9839,0.111
9840,0.111
9841,0.111
9842,0.111
9843,0.111
9844,0.111
9845,0.111
9846,0.111
9847,0.111
9848,0.111
9849,0.111
9850,0.111
9851,0.111
9852,0.111
9853,0.111
9854,0.111
9855,0.111
9856,0.111
9857,0.111
9858,0.111
9859,0.111
9860,0.111
9861,0.111
9862,0.111
9863,0.111
9864,0.111
9865,0.111
9866,0.111
9867,0.111
9868,0.111
9869,0.111
9870,0.111
9871,0.111
9872,0.111
9873,0.111
9874,0.111
9875,0.111
9876,0.111
9877,0.111
9878,0.111
9879,0.111
9880,0.111
9881,0.111
9882,0.111
9883,0.111
9884,0.111
9885,0.111
9886,0.111
9887,0.111
9888,0.111
9889,0.111
9890,0.111
9891,0.111
9892,0.111
9893,0.111
9894,0.111
9895,0.111
9896,0.111
9897,0.111
9898,0.111
9899,0.111
9900,0.111
9901,0.111
9902,0.111
9903,0.111
9904,0.111
9905,0.111
9906,0.111
9907,0.111
9908,0.111
9909,0.111
9910,0.111
9911,0.111
9912,0.111
9913,0.111
9914,0.111
9915,0.111
9916,0.111
9917,0.111
9918,0.111
9919,0.111
9920,0.111
9921,0.111
9922,0.111
9923,0.111
9924,0.111
9925,0.111
9926,0.111
9927,0.111
9928,0.111
9929,0.111
9930,0.111
9931,0.111
9932,0.111
9933,0.111
9934,0.111
9935,0.111
9936,0.111
9937,0.111
9938,0.111
9939,0.111
9940,0.111
9941,0.111
9942,0.111
9943,0.111
9944,0.111
9945,0.111
9946,0.111
9947,0.111
9948,0.111
9949,0.111
9950,0.111
9951,0.111
9952,0.111
9953,0.111
9954,0.111
9955,0.111
9956,0.111
9957,0.111
9958,0.111
9959,0.111
9960,0.111
9961,0.111
9962,0.111
9963,0.111
9964,0.111
9965,0.111
9966,0.111
9967,0.111
9968,0.111
9969,0.111
9970,0.111
9971,0.111
9972,0.111
9973,0.111
9974,0.111
9975,0.111
9976,0.111
9977,0.111
9978,0.111
9979,0.111
9980,0.111
9981,0.111
9982,0.111
9983,0.111
9984,0.111
9985,0.111
9986,0.111
9987,0.111
9988,0.111
9989,0.111
9990,0.111
9991,0.111
9992,0.111
9993,0.111
9994,0.111
9995,0.111
9996,0.111
9997,0.111
9998,0.111
9999,0.111
10000,0.111
10001,0.111
10002,0.111
10003,0.111
10004,0.111
10005,0.111
10006,0.111
10007,0.111
10008,0.111
10009,0.111
10010,0.111
10011,0.111
10012,0.111
10013,0.111
10014,0.111
10015,0.111
10016,0.111
10017,0.111
10018,0.111
10019,0.111
10020,0.111
10021,0.111
10022,0.111
10023,0.111
10024,0.111
10025,0.111
10026,0.111
10027,0.111
10028,0.111
10029,0.111
10030,0.111
10031,0.111
10032,0.111
10033,0.111
10034,0.111
10035,0.111
10036,0.111
10037,0.111
10038,0.111
10039,0.111
10040,0.111
10041,0.111
10042,0.111
10043,0.111
10044,0.111
10045,0.111
10046,0.111
10047,0.111
10048,0.111
10049,0.111
10050,0.111
10051,0.111
10052,0.111
10053,0.111
10054,0.111
10055,0.111
10056,0.111
10057,0.111
10058,0.111
10059,0.111
10060,0.111
10061,0.111
10062,0.111
10063,0.111
10064,0.111
10065,0.111
10066,0.111
10067,0.111
10068,0.111
10069,0.111
10070,0.111
10071,0.111
10072,0.111
10073,0.111
10074,0.111
10075,0.111
10076,0.111
10077,0.111
10078,0.111
10079,0.111
10080,0.111
10081,0.111
10082,0.111
10083,0.111
10084,0.111
10085,0.111
10086,0.111
10087,0.111
10088,0.111
10089,0.111
10090,0.111
10091,0.111
10092,0.111
10093,0.111
10094,0.111
10095,0.111
10096,0.111
10097,0.111
10098,0.111
10099,0.111
10100,0.111
10101,0.111
10102,0.111
10103,0.111
10104,0.111
10105,0.111
10106,0.111
10107,0.111
10108,0.111
10109,0.111
10110,0.111
10111,0.111
10112,0.111
10113,0.111
10114,0.111
10115,0.111
10116,0.111
10117,0.111
10118,0.111
10119,0.111
10120,0.111
10121,0.111
10122,0.111
10123,0.111
10124,0.111
10125,0.111
10126,0.111
10127,0.111
10128,0.111
10129,0.111
10130,0.111
10131,0.111
10132,0.111
10133,0.111
10134,0.111
10135,0.111
10136,0.111
10137,0.111
10138,0.111
10139,0.111
10140,0.111
10141,0.111
10142,0.111
10143,0.111
10144,0.111
10145,0.111
10146,0.111
10147,0.111
10148,0.111
10149,0.111
10150,0.111
10151,0.111
10152,0.111
10153,0.111
10154,0.111
10155,0.111
10156,0.111
10157,0.111
10158,0.111
10159,0.111
10160,0.111
10161,0.111
10162,0.111
10163,0.111
10164,0.111
10165,0.111
10166,0.111
10167,0.111
10168,0.111
10169,0.111
10170,0.111
10171,0.111
10172,0.111
10173,0.111
10174,0.111
10175,0.111
10176,0.111
10177,0.111
10178,0.111
10179,0.111
10180,0.111
10181,0.111
10182,0.111
10183,0.111
10184,0.111
10185,0.111
10186,0.111
10187,0.111
10188,0.111
10189,0.111
10190,0.111
10191,0.111
10192,0.111
10193,0.111
10194,0.111
10195,0.111
10196,0.111
10197,0.111
10198,0.111
10199,0.111
10200,0.111
10201,0.111
10202,0.111
10203,0.111
10204,0.111
10205,0.111
10206,0.111
10207,0.111
10208,0.111
10209,0.111
10210,0.111
10211,0.111
10212,0.111
10213,0.111
10214,0.111
10215,0.111
10216,0.111
10217,0.111
10218,0.111
10219,0.111
10220,0.111
10221,0.111
10222,0.111
10223,0.111
10224,0.111
10225,0.111
10226,0.111
10227,0.111
10228,0.111
10229,0.111
10230,0.111
10231,0.111
10232,0.111
10233,0.111
10234,0.111
10235,0.111
10236,0.111
10237,0.111
10238,0.111
10239,0.111
10240,0.111
10241,0.111
10242,0.111
10243,0.111
10244,0.111
10245,0.111
10246,0.111
10247,0.111
10248,0.111
10249,0.111
10250,0.111
10251,0.111
10252,0.111
10253,0.111
10254,0.111
10255,0.111
10256,0.111
10257,0.111
10258,0.111
10259,0.111
10260,0.111
10261,0.111
10262,0.111
10263,0.111
10264,0.111
10265,0.111
10266,0.111
10267,0.111
10268,0.111
10269,0.111
10270,0.111
10271,0.111
10272,0.111
10273,0.111
10274,0.111
10275,0.111
10276,0.111
10277,0.111
10278,0.111
10279,0.111
10280,0.111
10281,0.111
10282,0.111
10283,0.111
10284,0.111
10285,0.111
10286,0.111
10287,0.111
10288,0.111
10289,0.111
10290,0.111
10291,0.111
10292,0.111
10293,0.111
10294,0.111
10295,0.111
10296,0.111
10297,0.111
10298,0.111
10299,0.111
10300,0.111
10301,0.111
10302,0.111
10303,0.111
10304,0.111
10305,0.111
10306,0.111
10307,0.111
10308,0.111
10309,0.111
10310,0.111
10311,0.111
10312,0.111
10313,0.111
10314,0.111
10315,0.111
10316,0.111
10317,0.111
10318,0.111
10319,0.111
10320,0.111
10321,0.111
10322,0.111
10323,0.111
10324,0.111
10325,0.111
10326,0.111
10327,0.111
10328,0.111
10329,0.111
10330,0.111
10331,0.111
10332,0.111
10333,0.111
10334,0.111
10335,0.111
10336,0.111
10337,0.111
10338,0.111
10339,0.111
10340,0.111
10341,0.111
10342,0.111
10343,0.111
10344,0.111
10345,0.111
10346,0.111
10347,0.111
10348,0.111
10349,0.111
10350,0.111
10351,0.111
10352,0.111
10353,0.111
10354,0.111
10355,0.111
10356,0.111
10357,0.111
10358,0.111
10359,0.111
10360,0.111
10361,0.111
10362,0.111
10363,0.111
10364,0.111
10365,0.111
10366,0.111
10367,0.111
10368,0.111
10369,0.111
10370,0.111
10371,0.111
10372,0.111
10373,0.111
10374,0.111
10375,0.111
10376,0.111
10377,0.111
10378,0.111
10379,0.111
10380,0.111
10381,0.111
10382,0.111
10383,0.111
10384,0.111
10385,0.111
10386,0.111
10387,0.111
10388,0.111
10389,0.111
10390,0.111
10391,0.111
10392,0.111
10393,0.111
10394,0.111
10395,0.111
10396,0.111
10397,0.111
10398,0.111
10399,0.111
10400,0.111
10401,0.111
10402,0.111
10403,0.111
10404,0.111
10405,0.111
10406,0.111
10407,0.111
10408,0.111
10409,0.111
10410,0.111
10411,0.111
10412,0.111
10413,0.111
10414,0.111
10415,0.111
10416,0.111
10417,0.111
10418,0.111
10419,0.111
10420,0.111
10421,0.111
10422,0.111
10423,0.111
10424,0.111
10425,0.111
10426,0.111
10427,0.111
10428,0.111
10429,0.111
10430,0.111
10431,0.111
10432,0.111
10433,0.111
10434,0.111
10435,0.111
10436,0.111
10437,0.111
10438,0.111
10439,0.111
10440,0.111
10441,0.111
10442,0.111
10443,0.111
10444,0.111
10445,0.111
10446,0.111
10447,0.111
10448,0.111
10449,0.111
10450,0.111
10451,0.111
10452,0.111
10453,0.111
10454,0.111
10455,0.111
10456,0.111
10457,0.111
10458,0.111
10459,0.111
10460,0.111
10461,0.111
10462,0.111
10463,0.111
10464,0.111
10465,0.111
10466,0.111
10467,0.111
10468,0.111
10469,0.111
10470,0.111
10471,0.111
10472,0.111
10473,0.111
10474,0.111
10475,0.111
10476,0.111
10477,0.111
10478,0.111
10479,0.111
10480,0.111
10481,0.111
10482,0.111
10483,0.111
10484,0.111
10485,0.111
10486,0.111
10487,0.111
10488,0.111
10489,0.111
10490,0.111
10491,0.111
10492,0.111
10493,0.111
10494,0.111
10495,0.111
10496,0.111
10497,0.111
10498,0.111
10499,0.111
10500,0.111
10501,0.111
10502,0.111
10503,0.111
10504,0.111
10505,0.111
10506,0.111
10507,0.111
10508,0.111
10509,0.111
10510,0.111
10511,0.111
10512,0.111
10513,0.111
10514,0.111
10515,0.111
10516,0.111
10517,0.111
10518,0.111
10519,0.111
10520,0.111
10521,0.111
10522,0.111
10523,0.111
10524,0.111
10525,0.111
10526,0.111
10527,0.111
10528,0.111
10529,0.111
10530,0.111
10531,0.111
10532,0.111
10533,0.111
10534,0.111
10535,0.111
10536,0.111
10537,0.111
10538,0.111
10539,0.111
10540,0.111
10541,0.111
10542,0.111
10543,0.111
10544,0.111
10545,0.111
10546,0.111
10547,0.111
10548,0.111
10549,0.111
10550,0.111
10551,0.111
10552,0.111
10553,0.111
10554,0.111
10555,0.111
10556,0.111
10557,0.111
10558,0.111
10559,0.111
10560,0.111
10561,0.111
10562,0.111
10563,0.111
10564,0.111
10565,0.111
10566,0.111
10567,0.111
10568,0.111
10569,0.111
10570,0.111
10571,0.111
10572,0.111
10573,0.111
10574,0.111
10575,0.111
10576,0.111
10577,0.111
10578,0.111
10579,0.111
10580,0.111
10581,0.111
10582,0.111
10583,0.111
10584,0.111
10585,0.111
10586,0.111
10587,0.111
10588,0.111
10589,0.111
10590,0.111
10591,0.111
10592,0.111
10593,0.111
10594,0.111
10595,0.111
10596,0.111
10597,0.111
10598,0.111
10599,0.111
10600,0.111
10601,0.111
10602,0.111
10603,0.111
10604,0.111
10605,0.111
10606,0.111
10607,0.111
10608,0.111
10609,0.111
10610,0.111
10611,0.111
10612,0.111
10613,0.111
10614,0.111
10615,0.111
10616,0.111
10617,0.111
10618,0.111
10619,0.111
10620,0.111
10621,0.111
10622,0.111
10623,0.111
10624,0.111
10625,0.111
10626,0.111
10627,0.111
10628,0.111
10629,0.111
10630,0.111
10631,0.111
10632,0.111
10633,0.111
10634,0.111
10635,0.111
10636,0.111
10637,0.111
10638,0.111
10639,0.111
10640,0.111
10641,0.111
10642,0.111
10643,0.111
10644,0.111
10645,0.111
10646,0.111
10647,0.111
10648,0.111
10649,0.111
10650,0.111
10651,0.111
10652,0.111
10653,0.111
10654,0.111
10655,0.111
10656,0.111
10657,0.111
10658,0.111
10659,0.111
10660,0.111
10661,0.111
10662,0.111
10663,0.111
10664,0.111
10665,0.111
10666,0.111
10667,0.111
10668,0.111
10669,0.111
10670,0.111
10671,0.111
10672,0.111
10673,0.111
10674,0.111
10675,0.111
10676,0.111
10677,0.111
10678,0.111
10679,0.111
10680,0.111
10681,0.111
10682,0.111
10683,0.111
10684,0.111
10685,0.111
10686,0.111
10687,0.111
10688,0.111
10689,0.111
10690,0.111
10691,0.111
10692,0.111
10693,0.111
10694,0.111
10695,0.111
10696,0.111
10697,0.111
10698,0.111
10699,0.111
10700,0.111
10701,0.111
10702,0.111
10703,0.111
10704,0.111
10705,0.111
10706,0.111
10707,0.111
10708,0.111
10709,0.111
10710,0.111
10711,0.111
10712,0.111
10713,0.111
10714,0.111
10715,0.111
10716,0.111
10717,0.111
10718,0.111
10719,0.111
10720,0.111
10721,0.111
10722,0.111
10723,0.111
10724,0.111
10725,0.111
10726,0.111
10727,0.111
10728,0.111
10729,0.111
10730,0.111
10731,0.111
10732,0.111
10733,0.111
10734,0.111
10735,0.111
10736,0.111
10737,0.111
10738,0.111
10739,0.111
10740,0.111
10741,0.111
10742,0.111
10743,0.111
10744,0.111
10745,0.111
10746,0.111
10747,0.111
10748,0.111
10749,0.111
10750,0.111
10751,0.111
10752,0.111
10753,0.111
10754,0.111
10755,0.111
10756,0.111
10757,0.111
10758,0.111
10759,0.111
10760,0.111
10761,0.111
10762,0.111
10763,0.111
10764,0.111
10765,0.111
10766,0.111
10767,0.111
10768,0.111
10769,0.111
10770,0.111
10771,0.111
10772,0.111
10773,0.111
10774,0.111
10775,0.111
10776,0.111
10777,0.111
10778,0.111
10779,0.111
10780,0.111
10781,0.111
10782,0.111
10783,0.111
10784,0.111
10785,0.111
10786,0.111
10787,0.111
10788,0.111
10789,0.111
10790,0.111
10791,0.111
10792,0.111
10793,0.111
10794,0.111
10795,0.111
10796,0.111
10797,0.111
10798,0.111
10799,0.111
10800,0.111
0,0.14833333333333334
1,0.14833333333333334
2,0.14804166666666668
3,0.14775
4,0.14745833333333333
5,0.14716666666666667
6,0.146875
7,0.14658333333333334
8,0.14629166666666665
9,0.146
10,0.146
11,0.146
12,0.146
13,0.146
14,0.146
15,0.146
16,0.141
17,0.14014285714285712
18,0.1392857142857143
19,0.13842857142857143
20,0.13757142857142857
21,0.1367142857142857
22,0.13585714285714287
23,0.135
24,0.135
25,0.135
26,0.135
27,0.135
28,0.135
29,0.135
30,0.135
31,0.135
32,0.135
33,0.135
34,0.135
35,0.135
36,0.135
37,0.135
38,0.135
39,0.135
40,0.135
41,0.135
42,0.135
43,0.135
44,0.135
45,0.135
46,0.135
47,0.135
48,0.135
49,0.135
50,0.135
51,0.135
52,0.135
53,0.135
54,0.135
55,0.135
56,0.135
57,0.135
58,0.135
59,0.135
60,0.135
61,0.135
62,0.135
63,0.135
64,0.135
65,0.135
66,0.135
67,0.135
68,0.135
69,0.135
70,0.135
71,0.135
72,0.135
73,0.135
74,0.135
75,0.135
76,0.1335
77,0.132
78,0.131
79,0.13
80,0.129
81,0.128
82,0.127
83,0.126
84,0.125
85,0.124
86,0.124
87,0.124
88,0.124
89,0.124
90,0.124
91,0.124
92,0.124
93,0.124
94,0.124
95,0.124
96,0.124
97,0.124
98,0.124
99,0.124
100,0.124
101,0.124
102,0.124
103,0.124
104,0.124
105,0.124
106,0.124
107,0.124
108,0.124
109,0.124
110,0.124
111,0.124
112,0.124
113,0.124
114,0.124
115,0.124
116,0.124
117,0.124
118,0.124
119,0.124
120,0.124
121,0.124
122,0.124
123,0.124
124,0.124
125,0.124
126,0.124
127,0.124
128,0.124
129,0.124
130,0.124
131,0.124
132,0.124
133,0.124
134,0.124
135,0.124
136,0.124
137,0.124
138,0.124
139,0.124
140,0.124
141,0.124
142,0.124
143,0.124
144,0.124
145,0.124
146,0.124
147,0.124
148,0.124
149,0.124
150,0.124
151,0.124
152,0.124
153,0.124
154,0.124
155,0.124
156,0.124
157,0.124
158,0.124
159,0.124
160,0.124
161,0.124
162,0.124
163,0.124
164,0.124
165,0.124
166,0.124
167,0.124
168,0.124
169,0.124
170,0.124
171,0.124
172,0.124
173,0.124
174,0.124
175,0.124
176,0.124
177,0.124
178,0.124
179,0.124
180,0.124
181,0.124
182,0.124
183,0.124
184,0.124
185,0.124
186,0.124
187,0.124
188,0.124
189,0.124
190,0.124
191,0.124
192,0.124
193,0.124
194,0.124
195,0.124
196,0.124
197,0.124
198,0.124
199,0.124
200,0.124
201,0.124
202,0.124
203,0.124
204,0.124
205,0.124
206,0.124
207,0.124
208,0.124
209,0.124
210,0.124
211,0.124
212,0.124
213,0.124
214,0.124
215,0.124
216,0.124
217,0.124
218,0.124
219,0.124
220,0.124
221,0.124
222,0.124
223,0.124
224,0.124
225,0.124
226,0.124
227,0.124
228,0.124
229,0.124
230,0.124
231,0.124
232,0.124
233,0.124
234,0.124
235,0.124
236,0.124
237,0.124
238,0.124
239,0.124
240,0.124
241,0.124
242,0.124
243,0.124
244,0.124
245,0.1235
246,0.1228125
247,0.122125
248,0.1214375
249,0.12075
250,0.1200625
251,0.11937500000000001
252,0.1186875
253,0.11800000000000001
254,0.11800000000000001
255,0.11800000000000001
256,0.11800000000000001
257,0.11800000000000001
258,0.11800000000000001
259,0.11800000000000001
260,0.11800000000000001
261,0.11800000000000001
262,0.11800000000000001
263,0.11800000000000001
264,0.11800000000000001
265,0.11800000000000001
266,0.11800000000000001
267,0.11800000000000001
268,0.11800000000000001
269,0.11800000000000001
270,0.11800000000000001
271,0.11800000000000001
272,0.11800000000000001
273,0.11800000000000001
274,0.11800000000000001
275,0.11800000000000001
276,0.11800000000000001
277,0.11800000000000001
278,0.11800000000000001
279,0.11800000000000001
280,0.11800000000000001
281,0.11800000000000001
282,0.11800000000000001
283,0.11800000000000001
284,0.11800000000000001
285,0.11800000000000001
286,0.11800000000000001
287,0.11800000000000001
288,0.11800000000000001
289,0.11800000000000001
290,0.11800000000000001
291,0.11800000000000001
292,0.11800000000000001
293,0.11800000000000001
294,0.11800000000000001
295,0.11800000000000001
296,0.11800000000000001
297,0.11800000000000001
298,0.11800000000000001
299,0.11800000000000001
300,0.11800000000000001
301,0.11800000000000001
302,0.11800000000000001
303,0.11800000000000001
304,0.11800000000000001
305,0.11800000000000001
306,0.11800000000000001
307,0.11800000000000001
308,0.11800000000000001
309,0.11800000000000001
310,0.11800000000000001
311,0.11800000000000001
312,0.11800000000000001
313,0.11800000000000001
314,0.11800000000000001
315,0.11800000000000001
316,0.11800000000000001
317,0.11800000000000001
318,0.11800000000000001
319,0.11800000000000001
320,0.11800000000000001
321,0.11800000000000001
322,0.11800000000000001
323,0.11800000000000001
324,0.11800000000000001
325,0.11800000000000001
326,0.11800000000000001
327,0.11800000000000001
328,0.11800000000000001
329,0.11800000000000001
330,0.11800000000000001
331,0.11800000000000001
332,0.11800000000000001
333,0.11800000000000001
334,0.11800000000000001
335,0.11800000000000001
336,0.11800000000000001
337,0.11800000000000001
338,0.11800000000000001
339,0.11800000000000001
340,0.11800000000000001
341,0.11800000000000001
342,0.11800000000000001
343,0.11800000000000001
344,0.11800000000000001
345,0.11800000000000001
346,0.11800000000000001
347,0.11800000000000001
348,0.11800000000000001
349,0.11800000000000001
350,0.11800000000000001
351,0.11800000000000001
352,0.11800000000000001
353,0.11800000000000001
354,0.11800000000000001
355,0.11800000000000001
356,0.11800000000000001
357,0.11800000000000001
358,0.11800000000000001
359,0.11800000000000001
360,0.11800000000000001
361,0.11800000000000001
362,0.11800000000000001
363,0.11800000000000001
364,0.11800000000000001
365,0.11800000000000001
366,0.11800000000000001
367,0.11800000000000001
368,0.11800000000000001
369,0.11800000000000001
370,0.11800000000000001
371,0.11800000000000001
372,0.11800000000000001
373,0.11800000000000001
374,0.11800000000000001
375,0.11800000000000001
376,0.11800000000000001
377,0.11800000000000001
378,0.11800000000000001
379,0.11800000000000001
380,0.11800000000000001
381,0.11800000000000001
382,0.11800000000000001
383,0.11699999999999999
384,0.11699999999999999
385,0.11699999999999999
386,0.11699999999999999
387,0.11699999999999999
388,0.11699999999999999
389,0.11699999999999999
390,0.11699999999999999
391,0.11699999999999999
392,0.11699999999999999
393,0.11699999999999999
394,0.11699999999999999
395,0.11699999999999999
396,0.11699999999999999
397,0.11699999999999999
398,0.11699999999999999
399,0.11699999999999999
400,0.11699999999999999
401,0.11699999999999999
402,0.11699999999999999
403,0.11699999999999999
404,0.11699999999999999
405,0.11699999999999999
406,0.11699999999999999
407,0.11699999999999999
408,0.11699999999999999
409,0.11699999999999999
410,0.11699999999999999
411,0.11699999999999999
412,0.11699999999999999
413,0.11699999999999999
414,0.11699999999999999
415,0.11699999999999999
416,0.11699999999999999
417,0.11699999999999999
418,0.11699999999999999
419,0.11699999999999999
420,0.11699999999999999
421,0.11699999999999999
422,0.11699999999999999
423,0.11699999999999999
424,0.11699999999999999
425,0.11699999999999999
426,0.11699999999999999
427,0.11699999999999999
428,0.11699999999999999
429,0.11699999999999999
430,0.11699999999999999
431,0.11699999999999999
432,0.11699999999999999
433,0.11699999999999999
434,0.11699999999999999
435,0.11699999999999999
436,0.11699999999999999
437,0.11699999999999999
438,0.11699999999999999
439,0.11699999999999999
440,0.11699999999999999
441,0.11699999999999999
442,0.11699999999999999
443,0.11699999999999999
444,0.11699999999999999
445,0.11699999999999999
446,0.11699999999999999
447,0.11699999999999999
448,0.11699999999999999
449,0.11699999999999999
450,0.11699999999999999
451,0.11699999999999999
452,0.11699999999999999
453,0.11699999999999999
454,0.11699999999999999
455,0.11699999999999999
456,0.11699999999999999
457,0.11699999999999999
458,0.11699999999999999
459,0.11699999999999999
460,0.11699999999999999
461,0.11699999999999999
462,0.11699999999999999
463,0.11699999999999999
464,0.11699999999999999
465,0.11699999999999999
466,0.11699999999999999
467,0.11699999999999999
468,0.11699999999999999
469,0.11699999999999999
470,0.11699999999999999
471,0.11699999999999999
472,0.11699999999999999
473,0.11699999999999999
474,0.11699999999999999
475,0.11699999999999999
476,0.11699999999999999
477,0.11699999999999999
478,0.11699999999999999
479,0.11699999999999999
480,0.11699999999999999
481,0.11699999999999999
482,0.11699999999999999
483,0.11699999999999999
484,0.11699999999999999
485,0.11699999999999999
486,0.11699999999999999
487,0.11699999999999999
488,0.11699999999999999
489,0.11699999999999999
490,0.11699999999999999
491,0.11699999999999999
492,0.11699999999999999
493,0.11699999999999999
494,0.11699999999999999
495,0.11699999999999999
496,0.11699999999999999
497,0.11699999999999999
498,0.11699999999999999
499,0.11699999999999999
500,0.11699999999999999
501,0.11699999999999999
502,0.11699999999999999
503,0.11699999999999999
504,0.11699999999999999
505,0.11699999999999999
506,0.11699999999999999
507,0.11699999999999999
508,0.11699999999999999
509,0.11699999999999999
510,0.11699999999999999
511,0.11699999999999999
512,0.11699999999999999
513,0.11699999999999999
514,0.11699999999999999
515,0.11699999999999999
516,0.11699999999999999
517,0.11699999999999999
518,0.11699999999999999
519,0.11699999999999999
520,0.11699999999999999
521,0.11699999999999999
522,0.11699999999999999
523,0.11699999999999999
524,0.11699999999999999
525,0.11699999999999999
526,0.11699999999999999
527,0.11699999999999999
528,0.11699999999999999
529,0.11699999999999999
530,0.11699999999999999
531,0.11699999999999999
532,0.11699999999999999
533,0.11699999999999999
534,0.11699999999999999
535,0.11699999999999999
536,0.11699999999999999
537,0.11699999999999999
538,0.11699999999999999
539,0.11699999999999999
540,0.11699999999999999
541,0.11699999999999999
542,0.11699999999999999
543,0.11699999999999999
544,0.11699999999999999
545,0.11699999999999999
546,0.11699999999999999
547,0.11699999999999999
548,0.11699999999999999
549,0.11699999999999999
550,0.11699999999999999
551,0.11699999999999999
552,0.11699999999999999
553,0.11699999999999999
554,0.11699999999999999
555,0.11699999999999999
556,0.11699999999999999
557,0.11699999999999999
558,0.11699999999999999
559,0.11699999999999999
560,0.11699999999999999
561,0.11699999999999999
562,0.11699999999999999
563,0.11699999999999999
564,0.11699999999999999
565,0.11699999999999999
566,0.11699999999999999
567,0.11699999999999999
568,0.11699999999999999
569,0.11699999999999999
570,0.11699999999999999
571,0.11699999999999999
572,0.11699999999999999
573,0.11699999999999999
574,0.11699999999999999
575,0.11699999999999999
576,0.11699999999999999
577,0.11699999999999999
578,0.11699999999999999
579,0.11699999999999999
580,0.11699999999999999
581,0.11699999999999999
582,0.11699999999999999
583,0.11699999999999999
584,0.11699999999999999
585,0.11699999999999999
586,0.11699999999999999
587,0.11699999999999999
588,0.11699999999999999
589,0.11699999999999999
590,0.11699999999999999
591,0.11699999999999999
592,0.11699999999999999
593,0.11699999999999999
594,0.11699999999999999
595,0.11699999999999999
596,0.11699999999999999
597,0.11699999999999999
598,0.11699999999999999
599,0.11699999999999999
600,0.11699999999999999
601,0.11699999999999999
602,0.11699999999999999
603,0.11699999999999999
604,0.11699999999999999
605,0.11699999999999999
606,0.11699999999999999
607,0.11699999999999999
608,0.11699999999999999
609,0.11699999999999999
610,0.11699999999999999
611,0.11699999999999999
612,0.11699999999999999
613,0.11699999999999999
614,0.11699999999999999
615,0.11699999999999999
616,0.11699999999999999
617,0.11699999999999999
618,0.11699999999999999
619,0.11699999999999999
620,0.11699999999999999
621,0.11699999999999999
622,0.11699999999999999
623,0.11699999999999999
624,0.11699999999999999
625,0.11699999999999999
626,0.11699999999999999
627,0.11699999999999999
628,0.11699999999999999
629,0.11699999999999999
630,0.11699999999999999
631,0.11699999999999999
632,0.11699999999999999
633,0.11699999999999999
634,0.11699999999999999
635,0.11699999999999999
636,0.11699999999999999
637,0.11699999999999999
638,0.11699999999999999
639,0.11699999999999999
640,0.11699999999999999
641,0.11699999999999999
642,0.11699999999999999
643,0.11699999999999999
644,0.11699999999999999
645,0.11699999999999999
646,0.11699999999999999
647,0.11699999999999999
648,0.11699999999999999
649,0.11699999999999999
650,0.11699999999999999
651,0.11699999999999999
652,0.11699999999999999
653,0.11699999999999999
654,0.11699999999999999
655,0.11699999999999999
656,0.11699999999999999
657,0.11699999999999999
658,0.11699999999999999
659,0.11699999999999999
660,0.11699999999999999
661,0.11699999999999999
662,0.11699999999999999
663,0.11699999999999999
664,0.11699999999999999
665,0.11699999999999999
666,0.11699999999999999
667,0.11699999999999999
668,0.11699999999999999
669,0.11699999999999999
670,0.11699999999999999
671,0.11699999999999999
672,0.11699999999999999
673,0.11699999999999999
674,0.11699999999999999
675,0.11699999999999999
676,0.11699999999999999
677,0.11699999999999999
678,0.11699999999999999
679,0.11699999999999999
680,0.11699999999999999
681,0.11699999999999999
682,0.11699999999999999
683,0.11699999999999999
684,0.11699999999999999
685,0.11699999999999999
686,0.11699999999999999
687,0.11699999999999999
688,0.11699999999999999
689,0.11699999999999999
690,0.11699999999999999
691,0.11699999999999999
692,0.11699999999999999
693,0.11699999999999999
694,0.11699999999999999
695,0.11699999999999999
696,0.11699999999999999
697,0.11699999999999999
698,0.11699999999999999
699,0.11699999999999999
700,0.11699999999999999
701,0.11699999999999999
702,0.11699999999999999
703,0.11699999999999999
704,0.11699999999999999
705,0.11699999999999999
706,0.11699999999999999
707,0.11699999999999999
708,0.11699999999999999
709,0.11699999999999999
710,0.11699999999999999
711,0.11699999999999999
712,0.11699999999999999
713,0.11699999999999999
714,0.11699999999999999
715,0.11699999999999999
716,0.11699999999999999
717,0.11699999999999999
718,0.11699999999999999
719,0.11699999999999999
720,0.11699999999999999
721,0.11699999999999999
722,0.11699999999999999
723,0.11699999999999999
724,0.11699999999999999
725,0.11699999999999999
726,0.11699999999999999
727,0.11699999999999999
728,0.11699999999999999
729,0.11699999999999999
730,0.11699999999999999
731,0.11699999999999999
732,0.11699999999999999
733,0.11699999999999999
734,0.11699999999999999
735,0.11699999999999999
736,0.11699999999999999
737,0.11699999999999999
738,0.11699999999999999
739,0.11699999999999999
740,0.11699999999999999
741,0.11699999999999999
742,0.11699999999999999
743,0.11699999999999999
744,0.11699999999999999
745,0.11699999999999999
746,0.11699999999999999
747,0.11699999999999999
748,0.11699999999999999
749,0.11699999999999999
750,0.11699999999999999
751,0.11699999999999999
752,0.11699999999999999
753,0.11699999999999999
754,0.11699999999999999
755,0.11699999999999999
756,0.11699999999999999
757,0.11699999999999999
758,0.11699999999999999
759,0.11699999999999999
760,0.11699999999999999
761,0.11699999999999999
762,0.11699999999999999
763,0.11699999999999999
764,0.11699999999999999
765,0.11699999999999999
766,0.11699999999999999
767,0.11699999999999999
768,0.11699999999999999
769,0.11699999999999999
770,0.11699999999999999
771,0.11699999999999999
772,0.11699999999999999
773,0.11699999999999999
774,0.11699999999999999
775,0.11699999999999999
776,0.11699999999999999
777,0.11699999999999999
778,0.11699999999999999
779,0.11699999999999999
780,0.11699999999999999
781,0.11699999999999999
782,0.11699999999999999
783,0.11699999999999999
784,0.11699999999999999
785,0.11699999999999999
786,0.11699999999999999
787,0.11699999999999999
788,0.11699999999999999
789,0.11699999999999999
790,0.11699999999999999
791,0.11699999999999999
792,0.11699999999999999
793,0.11699999999999999
794,0.11699999999999999
795,0.11699999999999999
796,0.11699999999999999
797,0.11699999999999999
798,0.11699999999999999
799,0.11699999999999999
800,0.11699999999999999
801,0.11699999999999999
802,0.11699999999999999
803,0.11699999999999999
804,0.11699999999999999
805,0.11699999999999999
806,0.11699999999999999
807,0.11699999999999999
808,0.11699999999999999
809,0.11699999999999999
810,0.11699999999999999
811,0.11699999999999999
812,0.11699999999999999
813,0.11699999999999999
814,0.11699999999999999
815,0.11699999999999999
816,0.11699999999999999
817,0.11699999999999999
818,0.11699999999999999
819,0.11699999999999999
820,0.11699999999999999
821,0.11699999999999999
822,0.11699999999999999
823,0.11699999999999999
824,0.11699999999999999
825,0.11699999999999999
826,0.11699999999999999
827,0.11699999999999999
828,0.11699999999999999
829,0.11699999999999999
830,0.11699999999999999
831,0.11699999999999999
832,0.11699999999999999
833,0.11699999999999999
834,0.11699999999999999
835,0.11699999999999999
836,0.11699999999999999
837,0.11699999999999999
838,0.11699999999999999
839,0.11699999999999999
840,0.11699999999999999
841,0.11699999999999999
842,0.11699999999999999
843,0.11699999999999999
844,0.11699999999999999
845,0.11699999999999999
846,0.11699999999999999
847,0.11699999999999999
848,0.11699999999999999
849,0.11699999999999999
850,0.11699999999999999
851,0.11699999999999999
852,0.11699999999999999
853,0.11699999999999999
854,0.11699999999999999
855,0.11699999999999999
856,0.11699999999999999
857,0.11699999999999999
858,0.11699999999999999
859,0.11699999999999999
860,0.11699999999999999
861,0.11699999999999999
862,0.11699999999999999
863,0.11699999999999999
864,0.11699999999999999
865,0.11699999999999999
866,0.11699999999999999
867,0.11699999999999999
868,0.11699999999999999
869,0.11699999999999999
870,0.11699999999999999
871,0.11699999999999999
872,0.11699999999999999
873,0.11699999999999999
874,0.11699999999999999
875,0.11699999999999999
876,0.11699999999999999
877,0.11699999999999999
878,0.11699999999999999
879,0.11699999999999999
880,0.11699999999999999
881,0.11699999999999999
882,0.11699999999999999
883,0.11699999999999999
884,0.11699999999999999
885,0.11699999999999999
886,0.11699999999999999
887,0.11699999999999999
888,0.11699999999999999
889,0.11699999999999999
890,0.11699999999999999
891,0.11699999999999999
892,0.11699999999999999
893,0.11699999999999999
894,0.11699999999999999
895,0.11699999999999999
896,0.11699999999999999
897,0.11699999999999999
898,0.11699999999999999
899,0.11699999999999999
900,0.11699999999999999
901,0.11699999999999999
902,0.11699999999999999
903,0.11699999999999999
904,0.11699999999999999
905,0.11699999999999999
906,0.11699999999999999
907,0.11699999999999999
908,0.11699999999999999
909,0.11699999999999999
910,0.11699999999999999
911,0.11699999999999999
912,0.11699999999999999
913,0.11692857142857142
914,0.11685714285714285
915,0.11678571428571428
916,0.1167142857142857
917,0.11664285714285713
918,0.11657142857142856
919,0.11649999999999999
920,0.11642857142857142
921,0.11635714285714285
922,0.11628571428571428
923,0.1162142857142857
924,0.11614285714285713
925,0.11607142857142856
926,0.11599999999999999
927,0.11599999999999999
928,0.11599999999999999
929,0.11599999999999999
930,0.11599999999999999
931,0.11599999999999999
932,0.11599999999999999
933,0.11599999999999999
934,0.11599999999999999
935,0.11599999999999999
936,0.11599999999999999
937,0.11599999999999999
938,0.11599999999999999
939,0.11599999999999999
940,0.11599999999999999
941,0.11599999999999999
942,0.11599999999999999
943,0.11599999999999999
944,0.11599999999999999
945,0.11599999999999999
946,0.11599999999999999
947,0.11599999999999999
948,0.11599999999999999
949,0.11599999999999999
950,0.11599999999999999
951,0.11599999999999999
952,0.11599999999999999
953,0.11599999999999999
954,0.11599999999999999
955,0.11599999999999999
956,0.11599999999999999
957,0.11599999999999999
958,0.11599999999999999
959,0.11599999999999999
960,0.11599999999999999
961,0.11599999999999999
962,0.11599999999999999
963,0.11599999999999999
964,0.11599999999999999
965,0.11599999999999999
966,0.11599999999999999
967,0.11599999999999999
968,0.11599999999999999
969,0.11599999999999999
970,0.11599999999999999
971,0.11599999999999999
972,0.11599999999999999
973,0.11599999999999999
974,0.11599999999999999
975,0.11599999999999999
976,0.11599999999999999
977,0.11599999999999999
978,0.11599999999999999
979,0.11599999999999999
980,0.11599999999999999
981,0.11599999999999999
982,0.11599999999999999
983,0.11599999999999999
984,0.11599999999999999
985,0.11599999999999999
986,0.11599999999999999
987,0.11599999999999999
988,0.11599999999999999
989,0.11599999999999999
990,0.11591666666666665
991,0.11583333333333333
992,0.11574999999999999
993,0.11566666666666667
994,0.11558333333333333
995,0.11549999999999999
996,0.11541666666666667
997,0.11533333333333333
998,0.11524999999999999
999,0.11516666666666667
1000,0.11508333333333333
1001,0.11499999999999999
1002,0.11491666666666667
1003,0.11483333333333333
1004,0.11475
1005,0.11466666666666667
1006,0.11458333333333333
1007,0.1145
1008,0.11441666666666667
1009,0.11433333333333334
1010,0.11425
1011,0.11416666666666667
1012,0.11408333333333334
1013,0.114
1014,0.114
1015,0.114
1016,0.114
1017,0.114
1018,0.114
1019,0.114
1020,0.114
1021,0.114
1022,0.114
1023,0.114
1024,0.114
1025,0.114
1026,0.114
1027,0.114
1028,0.114
1029,0.114
1030,0.114
1031,0.114
1032,0.114
1033,0.114
1034,0.114
1035,0.114
1036,0.114
1037,0.114
1038,0.114
1039,0.114
1040,0.114
1041,0.114
1042,0.114
1043,0.114
1044,0.114
1045,0.114
1046,0.114
1047,0.114
1048,0.114
1049,0.114
1050,0.114
1051,0.114
1052,0.114
1053,0.114
1054,0.114
1055,0.114
1056,0.114
1057,0.114
1058,0.114
1059,0.114
1060,0.114
1061,0.114
1062,0.114
1063,0.114
1064,0.114
1065,0.114
1066,0.114
1067,0.114
1068,0.114
1069,0.114
1070,0.114
1071,0.114
1072,0.114
1073,0.114
1074,0.114
1075,0.114
1076,0.114
1077,0.114
1078,0.114
1079,0.114
1080,0.114
1081,0.114
1082,0.114
1083,0.114
1084,0.114
1085,0.114
1086,0.114
1087,0.114
1088,0.114
1089,0.114
1090,0.114
1091,0.114
1092,0.114
1093,0.114
1094,0.114
1095,0.114
1096,0.114
1097,0.114
1098,0.114
1099,0.114
1100,0.114
1101,0.114
1102,0.114
1103,0.114
1104,0.114
1105,0.114
1106,0.114
1107,0.114
1108,0.114
1109,0.114
1110,0.114
1111,0.114
1112,0.114
1113,0.114
1114,0.114
1115,0.114
1116,0.114
1117,0.114
1118,0.114
1119,0.114
1120,0.114
1121,0.114
1122,0.114
1123,0.114
1124,0.114
1125,0.114
1126,0.114
1127,0.114
1128,0.114
1129,0.114
1130,0.114
1131,0.114
1132,0.114
1133,0.114
1134,0.114
1135,0.114
1136,0.114
1137,0.114
1138,0.114
1139,0.114
1140,0.114
1141,0.114
1142,0.114
1143,0.114
1144,0.114
1145,0.114
1146,0.114
1147,0.114
1148,0.114
1149,0.114
1150,0.114
1151,0.114
1152,0.114
1153,0.114
1154,0.114
1155,0.114
1156,0.114
1157,0.114
1158,0.114
1159,0.114
1160,0.114
1161,0.114
1162,0.114
1163,0.114
1164,0.114
1165,0.114
1166,0.114
1167,0.114
1168,0.114
1169,0.114
1170,0.114
1171,0.114
1172,0.114
1173,0.114
1174,0.114
1175,0.114
1176,0.114
1177,0.114
1178,0.114
1179,0.114
1180,0.114
1181,0.114
1182,0.114
1183,0.114
1184,0.114
1185,0.114
1186,0.114
1187,0.114
1188,0.114
1189,0.114
1190,0.114
1191,0.114
1192,0.114
1193,0.114
1194,0.114
1195,0.114
1196,0.114
1197,0.114
1198,0.114
1199,0.114
1200,0.114
1201,0.114
1202,0.114
1203,0.114
1204,0.114
1205,0.114
1206,0.114
1207,0.114
1208,0.114
1209,0.114
1210,0.114
1211,0.114
1212,0.114
1213,0.114
1214,0.114
1215,0.114
1216,0.114
1217,0.114
1218,0.114
1219,0.114
1220,0.114
1221,0.114
1222,0.114
1223,0.114
1224,0.114
1225,0.114
1226,0.114
1227,0.114
1228,0.114
1229,0.114
1230,0.114
1231,0.114
1232,0.114
1233,0.114
1234,0.114
1235,0.114
1236,0.114
1237,0.114
1238,0.114
1239,0.114
1240,0.114
1241,0.114
1242,0.114
1243,0.114
1244,0.114
1245,0.114
1246,0.114
1247,0.114
1248,0.114
1249,0.114
1250,0.114
1251,0.114
1252,0.114
1253,0.114
1254,0.114
1255,0.114
1256,0.114
1257,0.114
1258,0.114
1259,0.114
1260,0.114
1261,0.114
1262,0.114
1263,0.114
1264,0.114
1265,0.114
1266,0.114
1267,0.114
1268,0.114
1269,0.114
1270,0.114
1271,0.114
1272,0.114
1273,0.114
1274,0.114
1275,0.114
1276,0.114
1277,0.114
1278,0.114
1279,0.114
1280,0.114
1281,0.114
1282,0.114
1283,0.114
1284,0.114
1285,0.114
1286,0.114
1287,0.114
1288,0.114
1289,0.114
1290,0.114
1291,0.114
1292,0.114
1293,0.114
1294,0.114
1295,0.114
1296,0.114
1297,0.114
1298,0.114
1299,0.114
1300,0.114
1301,0.114
1302,0.114
1303,0.114
1304,0.114
1305,0.114
1306,0.114
1307,0.114
1308,0.114
1309,0.114
1310,0.114
1311,0.114
1312,0.114
1313,0.114
1314,0.114
1315,0.114
1316,0.114
1317,0.114
1318,0.114
1319,0.114
1320,0.114
1321,0.114
1322,0.114
1323,0.114
1324,0.114
1325,0.114
1326,0.114
1327,0.114
1328,0.114
1329,0.114
1330,0.114
1331,0.114
1332,0.114
1333,0.114
1334,0.114
1335,0.114
1336,0.114
1337,0.114
1338,0.114
1339,0.114
1340,0.114
1341,0.114
1342,0.114
1343,0.114
1344,0.114
1345,0.114
1346,0.114
1347,0.114
1348,0.114
1349,0.114
1350,0.114
1351,0.114
1352,0.114
1353,0.114
1354,0.114
1355,0.114
1356,0.114
1357,0.114
1358,0.114
1359,0.114
1360,0.114
1361,0.114
1362,0.114
1363,0.114
1364,0.114
1365,0.114
1366,0.114
1367,0.114
1368,0.114
1369,0.114
1370,0.114
1371,0.114
1372,0.114
1373,0.114
1374,0.114
1375,0.114
1376,0.114
1377,0.114
1378,0.114
1379,0.114
1380,0.114
1381,0.114
1382,0.114
1383,0.114
1384,0.114
1385,0.114
1386,0.114
1387,0.114
1388,0.114
1389,0.114
1390,0.114
1391,0.114
1392,0.114
1393,0.114
1394,0.114
1395,0.114
1396,0.114
1397,0.114
1398,0.114
1399,0.114
1400,0.114
1401,0.114
1402,0.114
1403,0.114
1404,0.114
1405,0.114
1406,0.114
1407,0.114
1408,0.114
1409,0.114
1410,0.114
1411,0.114
1412,0.114
1413,0.114
1414,0.114
1415,0.114
1416,0.114
1417,0.114
1418,0.114
1419,0.114
1420,0.114
1421,0.114
1422,0.114
1423,0.114
1424,0.114
1425,0.114
1426,0.114
1427,0.114
1428,0.114
1429,0.114
1430,0.114
1431,0.114
1432,0.114
1433,0.114
1434,0.114
1435,0.114
1436,0.114
1437,0.114
1438,0.114
1439,0.114
1440,0.114
1441,0.114
1442,0.114
1443,0.114
1444,0.114
1445,0.114
1446,0.114
1447,0.114
1448,0.114
1449,0.114
1450,0.114
1451,0.114
1452,0.114
1453,0.114
1454,0.114
1455,0.114
1456,0.114
1457,0.114
1458,0.114
1459,0.114
1460,0.114
1461,0.114
1462,0.114
1463,0.114
1464,0.114
1465,0.114
1466,0.114
1467,0.114
1468,0.114
1469,0.114
1470,0.114
1471,0.114
1472,0.114
1473,0.114
1474,0.114
1475,0.114
1476,0.114
1477,0.114
1478,0.114
1479,0.114
1480,0.114
1481,0.114
1482,0.114
1483,0.114
1484,0.114
1485,0.114
1486,0.114
1487,0.114
1488,0.114
1489,0.114
1490,0.114
1491,0.114
1492,0.114
1493,0.114
1494,0.114
1495,0.114
1496,0.114
1497,0.114
1498,0.114
1499,0.114
1500,0.114
1501,0.114
1502,0.114
1503,0.114
1504,0.114
1505,0.114
1506,0.114
1507,0.114
1508,0.114
1509,0.114
1510,0.114
1511,0.114
1512,0.114
1513,0.114
1514,0.114
1515,0.114
1516,0.114
1517,0.114
1518,0.114
1519,0.114
1520,0.114
1521,0.114
1522,0.114
1523,0.114
1524,0.114
1525,0.114
1526,0.114
1527,0.114
1528,0.114
1529,0.114
1530,0.114
1531,0.114
1532,0.114
1533,0.114
1534,0.114
1535,0.114
1536,0.114
1537,0.114
1538,0.114
1539,0.114
1540,0.114
1541,0.114
1542,0.114
1543,0.114
1544,0.114
1545,0.114
1546,0.114
1547,0.114
1548,0.114
1549,0.114
1550,0.114
1551,0.114
1552,0.114
1553,0.114
1554,0.114
1555,0.114
1556,0.114
1557,0.114
1558,0.114
1559,0.114
1560,0.114
1561,0.114
1562,0.114
1563,0.114
1564,0.114
1565,0.114
1566,0.114
1567,0.114
1568,0.114
1569,0.114
1570,0.114
1571,0.114
1572,0.114
1573,0.114
1574,0.114
1575,0.114
1576,0.114
1577,0.114
1578,0.114
1579,0.114
1580,0.114
1581,0.114
1582,0.114
1583,0.114
1584,0.114
1585,0.114
1586,0.114
1587,0.114
1588,0.114
1589,0.114
1590,0.114
1591,0.114
1592,0.114
1593,0.114
1594,0.114
1595,0.114
1596,0.114
1597,0.114
1598,0.114
1599,0.114
1600,0.114
1601,0.114
1602,0.114
1603,0.114
1604,0.114
1605,0.114
1606,0.114
1607,0.114
1608,0.114
1609,0.114
1610,0.114
1611,0.114
1612,0.114
1613,0.114
1614,0.114
1615,0.114
1616,0.114
1617,0.114
1618,0.114
1619,0.114
1620,0.114
1621,0.114
1622,0.114
1623,0.114
1624,0.114
1625,0.114
1626,0.114
1627,0.114
1628,0.114
1629,0.114
1630,0.114
1631,0.114
1632,0.114
1633,0.114
1634,0.114
1635,0.114
1636,0.114
1637,0.114
1638,0.114
1639,0.114
1640,0.114
1641,0.114
1642,0.114
1643,0.114
1644,0.114
1645,0.114
1646,0.114
1647,0.114
1648,0.114
1649,0.114
1650,0.114
1651,0.114
1652,0.114
1653,0.114
1654,0.114
1655,0.114
1656,0.114
1657,0.114
1658,0.114
1659,0.114
1660,0.114
1661,0.114
1662,0.114
1663,0.114
1664,0.114
1665,0.114
1666,0.114
1667,0.114
1668,0.114
1669,0.114
1670,0.114
1671,0.114
1672,0.114
1673,0.114
1674,0.114
1675,0.114
1676,0.114
1677,0.114
1678,0.114
1679,0.114
1680,0.114
1681,0.114
1682,0.114
1683,0.114
1684,0.114
1685,0.114
1686,0.114
1687,0.114
1688,0.114
1689,0.114
1690,0.114
1691,0.114
1692,0.114
1693,0.114
1694,0.114
1695,0.114
1696,0.114
1697,0.114
1698,0.114
1699,0.114
1700,0.114
1701,0.114
1702,0.114
1703,0.114
1704,0.114
1705,0.114
1706,0.114
1707,0.114
1708,0.114
1709,0.114
1710,0.114
1711,0.114
1712,0.114
1713,0.114
1714,0.114
1715,0.114
1716,0.114
1717,0.114
1718,0.114
1719,0.114
1720,0.114
1721,0.114
1722,0.114
1723,0.114
1724,0.114
1725,0.114
1726,0.114
1727,0.114
1728,0.114
1729,0.114
1730,0.114
1731,0.114
1732,0.114
1733,0.114
1734,0.114
1735,0.114
1736,0.114
1737,0.114
1738,0.114
1739,0.114
1740,0.114
1741,0.114
1742,0.114
1743,0.114
1744,0.114
1745,0.114
1746,0.114
1747,0.114
1748,0.114
1749,0.114
1750,0.114
1751,0.114
1752,0.114
1753,0.114
1754,0.114
1755,0.114
1756,0.114
1757,0.114
1758,0.114
1759,0.114
1760,0.114
1761,0.114
1762,0.114
1763,0.114
1764,0.114
1765,0.114
1766,0.114
1767,0.114
1768,0.114
1769,0.114
1770,0.114
1771,0.114
1772,0.114
1773,0.114
1774,0.114
1775,0.114
1776,0.114
1777,0.114
1778,0.114
1779,0.114
1780,0.114
1781,0.114
1782,0.114
1783,0.114
1784,0.114
1785,0.114
1786,0.114
1787,0.114
1788,0.114
1789,0.114
1790,0.114
1791,0.114
1792,0.114
1793,0.114
1794,0.114
1795,0.114
1796,0.114
1797,0.114
1798,0.114
1799,0.114
1800,0.114
1801,0.114
1802,0.114
1803,0.114
1804,0.114
1805,0.114
1806,0.114
1807,0.114
1808,0.114
1809,0.114
1810,0.114
1811,0.114
1812,0.114
1813,0.114
1814,0.114
1815,0.114
1816,0.114
1817,0.114
1818,0.114
1819,0.114
1820,0.114
1821,0.114
1822,0.114
1823,0.114
1824,0.114
1825,0.114
1826,0.114
1827,0.114
1828,0.114
1829,0.114
1830,0.114
1831,0.114
1832,0.114
1833,0.114
1834,0.114
1835,0.114
1836,0.114
1837,0.114
1838,0.114
1839,0.114
1840,0.114
1841,0.114
1842,0.114
1843,0.114
1844,0.114
1845,0.114
1846,0.114
1847,0.114
1848,0.114
1849,0.114
1850,0.114
1851,0.114
1852,0.114
1853,0.114
1854,0.114
1855,0.114
1856,0.114
1857,0.114
1858,0.114
1859,0.114
1860,0.114
1861,0.114
1862,0.114
1863,0.114
1864,0.114
1865,0.114
1866,0.114
1867,0.114
1868,0.114
1869,0.114
1870,0.114
1871,0.114
1872,0.114
1873,0.114
1874,0.114
1875,0.114
1876,0.114
1877,0.114
1878,0.114
1879,0.114
1880,0.114
1881,0.114
1882,0.114
1883,0.114
1884,0.114
1885,0.114
1886,0.114
1887,0.114
1888,0.114
1889,0.114
1890,0.114
1891,0.114
1892,0.114
1893,0.114
1894,0.114
1895,0.114
1896,0.114
1897,0.114
1898,0.114
1899,0.114
1900,0.114
1901,0.114
1902,0.114
1903,0.114
1904,0.114
1905,0.114
1906,0.114
1907,0.114
1908,0.114
1909,0.114
1910,0.114
1911,0.114
1912,0.114
1913,0.114
1914,0.114
1915,0.114
1916,0.114
1917,0.114
1918,0.114
1919,0.114
1920,0.114
1921,0.114
1922,0.114
1923,0.114
1924,0.114
1925,0.114
1926,0.114
1927,0.114
1928,0.114
1929,0.114
1930,0.114
1931,0.114
1932,0.114
1933,0.114
1934,0.114
1935,0.114
1936,0.114
1937,0.114
1938,0.114
1939,0.114
1940,0.114
1941,0.114
1942,0.114
1943,0.114
1944,0.114
1945,0.114
1946,0.114
1947,0.114
1948,0.114
1949,0.114
1950,0.114
1951,0.114
1952,0.114
1953,0.114
1954,0.114
1955,0.114
1956,0.114
1957,0.114
1958,0.114
1959,0.114
1960,0.114
1961,0.114
1962,0.114
1963,0.114
1964,0.114
1965,0.114
1966,0.114
1967,0.114
1968,0.114
1969,0.114
1970,0.114
1971,0.114
1972,0.114
1973,0.114
1974,0.114
1975,0.114
1976,0.114
1977,0.114
1978,0.114
1979,0.114
1980,0.114
1981,0.114
1982,0.114
1983,0.114
1984,0.114
1985,0.114
1986,0.114
1987,0.114
1988,0.114
1989,0.114
1990,0.114
1991,0.114
1992,0.114
1993,0.114
1994,0.114
1995,0.114
1996,0.114
1997,0.114
1998,0.114
1999,0.114
2000,0.114
2001,0.114
2002,0.114
2003,0.114
2004,0.114
2005,0.114
2006,0.114
2007,0.114
2008,0.114
2009,0.114
2010,0.114
2011,0.114
2012,0.114
2013,0.114
2014,0.114
2015,0.114
2016,0.114
2017,0.114
2018,0.114
2019,0.114
2020,0.114
2021,0.114
2022,0.114
2023,0.114
2024,0.114
2025,0.114
2026,0.114
2027,0.114
2028,0.114
2029,0.114
2030,0.114
2031,0.114
2032,0.114
2033,0.114
2034,0.114
2035,0.114
2036,0.114
2037,0.114
2038,0.114
2039,0.114
2040,0.114
2041,0.114
2042,0.114
2043,0.114
2044,0.114
2045,0.114
2046,0.114
2047,0.114
2048,0.114
2049,0.114
2050,0.114
2051,0.114
2052,0.114
2053,0.114
2054,0.114
2055,0.114
2056,0.114
2057,0.114
2058,0.114
2059,0.114
2060,0.114
2061,0.114
2062,0.114
2063,0.114
2064,0.114
2065,0.114
2066,0.114
2067,0.114
2068,0.114
2069,0.114
2070,0.114
2071,0.114
2072,0.114
2073,0.114
2074,0.114
2075,0.114
2076,0.114
2077,0.114
2078,0.114
2079,0.114
2080,0.114
2081,0.114
2082,0.114
2083,0.114
2084,0.114
2085,0.114
2086,0.114
2087,0.114
2088,0.114
2089,0.114
2090,0.114
2091,0.114
2092,0.114
2093,0.114
2094,0.114
2095,0.114
2096,0.114
2097,0.114
2098,0.114
2099,0.114
2100,0.114
2101,0.114
2102,0.114
2103,0.114
2104,0.114
2105,0.114
2106,0.114
2107,0.114
2108,0.114
2109,0.114
2110,0.114
2111,0.114
2112,0.114
2113,0.114
2114,0.114
2115,0.114
2116,0.114
2117,0.114
2118,0.114
2119,0.114
2120,0.114
2121,0.114
2122,0.114
2123,0.114
2124,0.114
2125,0.114
2126,0.114
2127,0.114
2128,0.114
2129,0.114
2130,0.114
2131,0.114
2132,0.114
2133,0.114
2134,0.114
2135,0.114
2136,0.114
2137,0.114
2138,0.114
2139,0.114
2140,0.114
2141,0.114
2142,0.114
2143,0.114
2144,0.114
2145,0.114
2146,0.114
2147,0.114
2148,0.114
2149,0.114
2150,0.114
2151,0.114
2152,0.114
2153,0.114
2154,0.114
2155,0.114
2156,0.114
2157,0.114
2158,0.114
2159,0.114
2160,0.114
2161,0.114
2162,0.114
2163,0.114
2164,0.114
2165,0.114
2166,0.114
2167,0.114
2168,0.114
2169,0.114
2170,0.114
2171,0.114
2172,0.114
2173,0.114
2174,0.114
2175,0.114
2176,0.114
2177,0.114
2178,0.114
2179,0.114
2180,0.114
2181,0.114
2182,0.114
2183,0.114
2184,0.114
2185,0.114
2186,0.114
2187,0.114
2188,0.114
2189,0.114
2190,0.114
2191,0.114
2192,0.114
2193,0.114
2194,0.114
2195,0.114
2196,0.114
2197,0.114
2198,0.114
2199,0.114
2200,0.114
2201,0.114
2202,0.114
2203,0.114
2204,0.114
2205,0.114
2206,0.114
2207,0.114
2208,0.114
2209,0.114
2210,0.114
2211,0.114
2212,0.114
2213,0.114
2214,0.114
2215,0.114
2216,0.114
2217,0.114
2218,0.114
2219,0.114
2220,0.114
2221,0.114
2222,0.114
2223,0.114
2224,0.114
2225,0.114
2226,0.114
2227,0.114
2228,0.114
2229,0.114
2230,0.114
2231,0.114
2232,0.114
2233,0.114
2234,0.114
2235,0.114
2236,0.114
2237,0.114
2238,0.114
2239,0.114
2240,0.114
2241,0.114
2242,0.114
2243,0.114
2244,0.114
2245,0.114
2246,0.114
2247,0.114
2248,0.114
2249,0.114
2250,0.114
2251,0.114
2252,0.114
2253,0.114
2254,0.114
2255,0.114
2256,0.114
2257,0.114
2258,0.114
2259,0.114
2260,0.114
2261,0.114
2262,0.114
2263,0.114
2264,0.114
2265,0.114
2266,0.114
2267,0.114
2268,0.114
2269,0.114
2270,0.114
2271,0.114
2272,0.114
2273,0.114
2274,0.114
2275,0.114
2276,0.114
2277,0.114
2278,0.114
2279,0.114
2280,0.114
2281,0.114
2282,0.114
2283,0.114
2284,0.114
2285,0.114
2286,0.114
2287,0.114
2288,0.114
2289,0.114
2290,0.114
2291,0.114
2292,0.114
2293,0.114
2294,0.114
2295,0.114
2296,0.114
2297,0.114
2298,0.114
2299,0.114
2300,0.114
2301,0.114
2302,0.114
2303,0.114
2304,0.114
2305,0.114
2306,0.114
2307,0.114
2308,0.114
2309,0.114
2310,0.114
2311,0.114
2312,0.114
2313,0.114
2314,0.114
2315,0.114
2316,0.114
2317,0.114
2318,0.114
2319,0.114
2320,0.114
2321,0.114
2322,0.114
2323,0.114
2324,0.114
2325,0.114
2326,0.114
2327,0.114
2328,0.114
2329,0.114
2330,0.114
2331,0.114
2332,0.114
2333,0.114
2334,0.114
2335,0.114
2336,0.114
2337,0.114
2338,0.114
2339,0.114
2340,0.114
2341,0.114
2342,0.114
2343,0.114
2344,0.114
2345,0.114
2346,0.114
2347,0.114
2348,0.114
2349,0.114
2350,0.114
2351,0.114
2352,0.114
2353,0.114
2354,0.114
2355,0.114
2356,0.114
2357,0.114
2358,0.114
2359,0.114
2360,0.114
2361,0.114
2362,0.114
2363,0.114
2364,0.114
2365,0.114
2366,0.114
2367,0.114
2368,0.114
2369,0.114
2370,0.114
2371,0.114
2372,0.114
2373,0.114
2374,0.114
2375,0.114
2376,0.114
2377,0.114
2378,0.114
2379,0.114
2380,0.114
2381,0.114
2382,0.114
2383,0.114
2384,0.114
2385,0.114
2386,0.114
2387,0.114
2388,0.114
2389,0.114
2390,0.114
2391,0.114
2392,0.114
2393,0.114
2394,0.114
2395,0.114
2396,0.114
2397,0.114
2398,0.114
2399,0.114
2400,0.114
2401,0.114
2402,0.114
2403,0.114
2404,0.114
2405,0.114
2406,0.114
2407,0.114
2408,0.114
2409,0.114
2410,0.114
2411,0.114
2412,0.114
2413,0.114
2414,0.114
2415,0.114
2416,0.114
2417,0.114
2418,0.114
2419,0.114
2420,0.114
2421,0.114
2422,0.114
2423,0.114
2424,0.114
2425,0.114
2426,0.114
2427,0.114
2428,0.114
2429,0.114
2430,0.114
2431,0.114
2432,0.114
2433,0.114
2434,0.114
2435,0.114
2436,0.114
2437,0.114
2438,0.114
2439,0.114
2440,0.114
2441,0.114
2442,0.114
2443,0.114
2444,0.114
2445,0.114
2446,0.114
2447,0.114
2448,0.114
2449,0.114
2450,0.114
2451,0.114
2452,0.114
2453,0.114
2454,0.114
2455,0.114
2456,0.114
2457,0.114
2458,0.114
2459,0.114
2460,0.114
2461,0.114
2462,0.114
2463,0.114
2464,0.114
2465,0.114
2466,0.114
2467,0.114
2468,0.114
2469,0.114
2470,0.114
2471,0.114
2472,0.114
2473,0.114
2474,0.114
2475,0.114
2476,0.114
2477,0.114
2478,0.114
2479,0.114
2480,0.114
2481,0.114
2482,0.114
2483,0.114
2484,0.114
2485,0.114
2486,0.114
2487,0.114
2488,0.114
2489,0.114
2490,0.114
2491,0.114
2492,0.114
2493,0.114
2494,0.114
2495,0.114
2496,0.114
2497,0.114
2498,0.114
2499,0.114
2500,0.114
2501,0.114
2502,0.114
2503,0.114
2504,0.114
2505,0.114
2506,0.114
2507,0.114
2508,0.114
2509,0.114
2510,0.114
2511,0.114
2512,0.114
2513,0.114
2514,0.114
2515,0.114
2516,0.114
2517,0.114
2518,0.114
2519,0.114
2520,0.114
2521,0.114
2522,0.114
2523,0.114
2524,0.114
2525,0.114
2526,0.114
2527,0.114
2528,0.114
2529,0.114
2530,0.114
2531,0.114
2532,0.114
2533,0.114
2534,0.114
2535,0.114
2536,0.114
2537,0.114
2538,0.114
2539,0.114
2540,0.114
2541,0.114
2542,0.114
2543,0.114
2544,0.114
2545,0.114
2546,0.114
2547,0.114
2548,0.114
2549,0.114
2550,0.114
2551,0.114
2552,0.114
2553,0.114
2554,0.114
2555,0.114
2556,0.114
2557,0.114
2558,0.114
2559,0.114
2560,0.114
2561,0.114
2562,0.114
2563,0.114
2564,0.114
2565,0.114
2566,0.114
2567,0.114
2568,0.114
2569,0.114
2570,0.114
2571,0.114
2572,0.114
2573,0.114
2574,0.114
2575,0.114
2576,0.114
2577,0.114
2578,0.114
2579,0.114
2580,0.114
2581,0.114
2582,0.114
2583,0.114
2584,0.114
2585,0.114
2586,0.114
2587,0.114
2588,0.114
2589,0.114
2590,0.114
2591,0.114
2592,0.114
2593,0.114
2594,0.114
2595,0.114
2596,0.114
2597,0.114
2598,0.114
2599,0.114
2600,0.114
2601,0.114
2602,0.114
2603,0.114
2604,0.114
2605,0.114
2606,0.114
2607,0.114
2608,0.114
2609,0.114
2610,0.114
2611,0.114
2612,0.114
2613,0.114
2614,0.114
2615,0.114
2616,0.114
2617,0.114
2618,0.114
2619,0.114
2620,0.114
2621,0.114
2622,0.114
2623,0.114
2624,0.114
2625,0.114
2626,0.114
2627,0.114
2628,0.114
2629,0.114
2630,0.114
2631,0.114
2632,0.114
2633,0.114
2634,0.114
2635,0.114
2636,0.114
2637,0.114
2638,0.114
2639,0.114
2640,0.114
2641,0.114
2642,0.114
2643,0.114
2644,0.114
2645,0.114
2646,0.114
2647,0.114
2648,0.114
2649,0.114
2650,0.114
2651,0.114
2652,0.114
2653,0.114
2654,0.114
2655,0.114
2656,0.114
2657,0.114
2658,0.114
2659,0.114
2660,0.114
2661,0.114
2662,0.114
2663,0.114
2664,0.114
2665,0.114
2666,0.114
2667,0.114
2668,0.114
2669,0.114
2670,0.114
2671,0.114
2672,0.114
2673,0.114
2674,0.114
2675,0.114
2676,0.114
2677,0.114
2678,0.114
2679,0.114
2680,0.114
2681,0.114
2682,0.114
2683,0.114
2684,0.114
2685,0.114
2686,0.114
2687,0.114
2688,0.114
2689,0.114
2690,0.114
2691,0.114
2692,0.114
2693,0.114
2694,0.114
2695,0.114
2696,0.114
2697,0.114
2698,0.114
2699,0.114
2700,0.114
2701,0.114
2702,0.114
2703,0.114
2704,0.114
2705,0.114
2706,0.114
2707,0.114
2708,0.114
2709,0.114
2710,0.114
2711,0.114
2712,0.114
2713,0.114
2714,0.114
2715,0.114
2716,0.114
2717,0.114
2718,0.114
2719,0.114
2720,0.114
2721,0.114
2722,0.114
2723,0.114
2724,0.114
2725,0.114
2726,0.114
2727,0.114
2728,0.114
2729,0.114
2730,0.114
2731,0.114
2732,0.114
2733,0.114
2734,0.114
2735,0.114
2736,0.114
2737,0.114
2738,0.114
2739,0.114
2740,0.114
2741,0.114
2742,0.114
2743,0.114
2744,0.114
2745,0.114
2746,0.114
2747,0.114
2748,0.114
2749,0.114
2750,0.114
2751,0.114
2752,0.114
2753,0.114
2754,0.114
2755,0.114
2756,0.114
2757,0.114
2758,0.114
2759,0.114
2760,0.114
2761,0.114
2762,0.114
2763,0.114
2764,0.114
2765,0.114
2766,0.114
2767,0.114
2768,0.114
2769,0.114
2770,0.114
2771,0.114
2772,0.114
2773,0.114
2774,0.114
2775,0.114
2776,0.114
2777,0.114
2778,0.114
2779,0.114
2780,0.114
2781,0.114
2782,0.114
2783,0.114
2784,0.114
2785,0.114
2786,0.114
2787,0.114
2788,0.114
2789,0.114
2790,0.114
2791,0.114
2792,0.114
2793,0.114
2794,0.114
2795,0.114
2796,0.114
2797,0.114
2798,0.114
2799,0.114
2800,0.114
2801,0.114
2802,0.114
2803,0.114
2804,0.114
2805,0.114
2806,0.114
2807,0.114
2808,0.114
2809,0.114
2810,0.114
2811,0.114
2812,0.114
2813,0.114
2814,0.114
2815,0.114
2816,0.114
2817,0.114
2818,0.114
2819,0.114
2820,0.114
2821,0.114
2822,0.114
2823,0.114
2824,0.114
2825,0.114
2826,0.114
2827,0.114
2828,0.114
2829,0.114
2830,0.114
2831,0.114
2832,0.114
2833,0.114
2834,0.114
2835,0.114
2836,0.114
2837,0.114
2838,0.114
2839,0.114
2840,0.114
2841,0.114
2842,0.114
2843,0.114
2844,0.114
2845,0.114
2846,0.114
2847,0.114
2848,0.114
2849,0.114
2850,0.114
2851,0.114
2852,0.114
2853,0.114
2854,0.114
2855,0.114
2856,0.114
2857,0.114
2858,0.114
2859,0.114
2860,0.114
2861,0.114
2862,0.114
2863,0.114
2864,0.114
2865,0.114
2866,0.114
2867,0.114
2868,0.114
2869,0.114
2870,0.114
2871,0.114
2872,0.114
2873,0.114
2874,0.114
2875,0.114
2876,0.114
2877,0.114
2878,0.114
2879,0.114
2880,0.114
2881,0.114
2882,0.114
2883,0.114
2884,0.114
2885,0.114
2886,0.114
2887,0.114
2888,0.114
2889,0.114
2890,0.114
2891,0.114
2892,0.114
2893,0.114
2894,0.114
2895,0.114
2896,0.114
2897,0.114
2898,0.114
2899,0.114
2900,0.114
2901,0.114
2902,0.114
2903,0.114
2904,0.114
2905,0.114
2906,0.114
2907,0.114
2908,0.114
2909,0.114
2910,0.114
2911,0.114
2912,0.114
2913,0.114
2914,0.114
2915,0.114
2916,0.114
2917,0.114
2918,0.114
2919,0.114
2920,0.114
2921,0.114
2922,0.114
2923,0.114
2924,0.114
2925,0.114
2926,0.114
2927,0.114
2928,0.114
2929,0.114
2930,0.114
2931,0.114
2932,0.114
2933,0.114
2934,0.114
2935,0.114
2936,0.114
2937,0.114
2938,0.114
2939,0.114
2940,0.114
2941,0.114
2942,0.114
2943,0.114
2944,0.114
2945,0.114
2946,0.114
2947,0.114
2948,0.114
2949,0.114
2950,0.114
2951,0.114
2952,0.114
2953,0.114
2954,0.114
2955,0.114
2956,0.114
2957,0.114
2958,0.114
2959,0.114
2960,0.114
2961,0.114
2962,0.114
2963,0.114
2964,0.114
2965,0.114
2966,0.114
2967,0.114
2968,0.114
2969,0.114
2970,0.114
2971,0.114
2972,0.114
2973,0.114
2974,0.114
2975,0.114
2976,0.114
2977,0.114
2978,0.114
2979,0.114
2980,0.114
2981,0.114
2982,0.114
2983,0.114
2984,0.114
2985,0.114
2986,0.114
2987,0.114
2988,0.114
2989,0.114
2990,0.114
2991,0.114
2992,0.114
2993,0.114
2994,0.114
2995,0.114
2996,0.114
2997,0.114
2998,0.114
2999,0.114
3000,0.114
3001,0.114
3002,0.114
3003,0.114
3004,0.114
3005,0.114
3006,0.114
3007,0.114
3008,0.114
3009,0.114
3010,0.114
3011,0.114
3012,0.114
3013,0.114
3014,0.114
3015,0.114
3016,0.114
3017,0.114
3018,0.114
3019,0.114
3020,0.114
3021,0.114
3022,0.114
3023,0.114
3024,0.114
3025,0.114
3026,0.114
3027,0.114
3028,0.114
3029,0.114
3030,0.114
3031,0.114
3032,0.114
3033,0.114
3034,0.114
3035,0.114
3036,0.114
3037,0.114
3038,0.114
3039,0.114
3040,0.114
3041,0.114
3042,0.114
3043,0.114
3044,0.114
3045,0.114
3046,0.114
3047,0.114
3048,0.114
3049,0.114
3050,0.114
3051,0.114
3052,0.114
3053,0.114
3054,0.114
3055,0.114
3056,0.114
3057,0.114
3058,0.114
3059,0.114
3060,0.114
3061,0.114
3062,0.114
3063,0.114
3064,0.114
3065,0.114
3066,0.114
3067,0.114
3068,0.114
3069,0.114
3070,0.114
3071,0.114
3072,0.114
3073,0.114
3074,0.114
3075,0.114
3076,0.114
3077,0.114
3078,0.114
3079,0.114
3080,0.114
3081,0.114
3082,0.114
3083,0.114
3084,0.114
3085,0.114
3086,0.114
3087,0.114
3088,0.114
3089,0.114
3090,0.114
3091,0.114
3092,0.114
3093,0.114
3094,0.114
3095,0.114
3096,0.114
3097,0.114
3098,0.114
3099,0.114
3100,0.114
3101,0.114
3102,0.114
3103,0.114
3104,0.114
3105,0.114
3106,0.114
3107,0.114
3108,0.114
3109,0.114
3110,0.114
3111,0.114
3112,0.114
3113,0.114
3114,0.114
3115,0.114
3116,0.114
3117,0.114
3118,0.114
3119,0.114
3120,0.114
3121,0.114
3122,0.114
3123,0.114
3124,0.114
3125,0.114
3126,0.114
3127,0.114
3128,0.114
3129,0.114
3130,0.11398
3131,0.11396
3132,0.11394
3133,0.11392000000000001
3134,0.1139
3135,0.11388000000000001
3136,0.11386
3137,0.11384000000000001
3138,0.11382
3139,0.1138
3140,0.11378
3141,0.11376
3142,0.11374000000000001
3143,0.11372
3144,0.11370000000000001
3145,0.11368
3146,0.11366
3147,0.11364
3148,0.11362
3149,0.1136
3150,0.11358
3151,0.11356000000000001
3152,0.11354
3153,0.11352000000000001
3154,0.1135
3155,0.11348611111111112
3156,0.11347222222222222
3157,0.11345833333333334
3158,0.11344444444444444
3159,0.11343055555555556
3160,0.11341666666666667
3161,0.11340277777777778
3162,0.11338888888888889
3163,0.113375
3164,0.11336111111111112
3165,0.11334722222222222
3166,0.11333333333333334
3167,0.11331944444444444
3168,0.11330555555555556
3169,0.11329166666666667
3170,0.11327777777777778
3171,0.11326388888888889
3172,0.11325
3173,0.11323611111111112
3174,0.11322222222222222
3175,0.11320833333333334
3176,0.11319444444444444
3177,0.11318055555555556
3178,0.11316666666666667
3179,0.11315277777777778
3180,0.11313888888888889
3181,0.113125
3182,0.11311111111111112
3183,0.11309722222222222
3184,0.11308333333333334
3185,0.11306944444444444
3186,0.11305555555555556
3187,0.11304166666666667
3188,0.11302777777777778
3189,0.11301388888888889
3190,0.113
3191,0.113
3192,0.113
3193,0.113
3194,0.113
3195,0.113
3196,0.113
3197,0.113
3198,0.113
3199,0.113
3200,0.113
3201,0.113
3202,0.113
3203,0.113
3204,0.113
3205,0.113
3206,0.113
3207,0.113
3208,0.113
3209,0.113
3210,0.113
3211,0.113
3212,0.113
3213,0.113
3214,0.113
3215,0.113
3216,0.113
3217,0.113
3218,0.113
3219,0.113
3220,0.113
3221,0.113
3222,0.113
3223,0.113
3224,0.113
3225,0.113
3226,0.113
3227,0.113
3228,0.113
3229,0.113
3230,0.113
3231,0.113
3232,0.113
3233,0.113
3234,0.113
3235,0.113
3236,0.113
3237,0.113
3238,0.113
3239,0.113
3240,0.113
3241,0.113
3242,0.113
3243,0.113
3244,0.113
3245,0.113
3246,0.113
3247,0.113
3248,0.113
3249,0.113
3250,0.113
3251,0.113
3252,0.113
3253,0.113
3254,0.113
3255,0.113
3256,0.113
3257,0.113
3258,0.113
3259,0.113
3260,0.113
3261,0.113
3262,0.113
3263,0.113
3264,0.113
3265,0.113
3266,0.113
3267,0.113
3268,0.113
3269,0.113
3270,0.113
3271,0.113
3272,0.113
3273,0.113
3274,0.113
3275,0.113
3276,0.113
3277,0.113
3278,0.113
3279,0.113
3280,0.113
3281,0.113
3282,0.113
3283,0.113
3284,0.113
3285,0.113
3286,0.113
3287,0.113
3288,0.113
3289,0.113
3290,0.113
3291,0.113
3292,0.113
3293,0.113
3294,0.113
3295,0.113
3296,0.113
3297,0.113
3298,0.113
3299,0.113
3300,0.113
3301,0.113
3302,0.113
3303,0.113
3304,0.113
3305,0.113
3306,0.113
3307,0.113
3308,0.113
3309,0.113
3310,0.113
3311,0.113
3312,0.113
3313,0.113
3314,0.113
3315,0.113
3316,0.113
3317,0.113
3318,0.113
3319,0.113
3320,0.113
3321,0.113
3322,0.113
3323,0.113
3324,0.113
3325,0.113
3326,0.113
3327,0.113
3328,0.113
3329,0.113
3330,0.113
3331,0.113
3332,0.113
3333,0.113
3334,0.113
3335,0.113
3336,0.113
3337,0.113
3338,0.113
3339,0.113
3340,0.113
3341,0.113
3342,0.113
3343,0.113
3344,0.113
3345,0.113
3346,0.113
3347,0.113
3348,0.113
3349,0.113
3350,0.113
3351,0.113
3352,0.113
3353,0.113
3354,0.113
3355,0.113
3356,0.113
3357,0.113
3358,0.113
3359,0.113
3360,0.113
3361,0.113
3362,0.113
3363,0.113
3364,0.113
3365,0.113
3366,0.113
3367,0.113
3368,0.113
3369,0.113
3370,0.113
3371,0.113
3372,0.113
3373,0.113
3374,0.113
3375,0.113
3376,0.113
3377,0.113
3378,0.113
3379,0.113
3380,0.113
3381,0.113
3382,0.113
3383,0.113
3384,0.113
3385,0.113
3386,0.113
3387,0.113
3388,0.113
3389,0.113
3390,0.113
3391,0.113
3392,0.113
3393,0.113
3394,0.113
3395,0.113
3396,0.113
3397,0.113
3398,0.113
3399,0.113
3400,0.113
3401,0.113
3402,0.113
3403,0.113
3404,0.113
3405,0.113
3406,0.113
3407,0.113
3408,0.113
3409,0.113
3410,0.113
3411,0.113
3412,0.113
3413,0.113
3414,0.113
3415,0.113
3416,0.113
3417,0.113
3418,0.113
3419,0.113
3420,0.113
3421,0.113
3422,0.113
3423,0.113
3424,0.113
3425,0.113
3426,0.113
3427,0.113
3428,0.113
3429,0.113
3430,0.113
3431,0.113
3432,0.113
3433,0.113
3434,0.113
3435,0.113
3436,0.113
3437,0.113
3438,0.113
3439,0.113
3440,0.113
3441,0.113
3442,0.113
3443,0.113
3444,0.113
3445,0.113
3446,0.113
3447,0.113
3448,0.113
3449,0.113
3450,0.113
3451,0.113
3452,0.113
3453,0.113
3454,0.113
3455,0.113
3456,0.113
3457,0.113
3458,0.113
3459,0.113
3460,0.113
3461,0.113
3462,0.113
3463,0.113
3464,0.113
3465,0.113
3466,0.113
3467,0.113
3468,0.113
3469,0.113
3470,0.113
3471,0.113
3472,0.113
3473,0.113
3474,0.113
3475,0.113
3476,0.113
3477,0.113
3478,0.113
3479,0.113
3480,0.113
3481,0.113
3482,0.113
3483,0.113
3484,0.113
3485,0.113
3486,0.113
3487,0.113
3488,0.113
3489,0.113
3490,0.113
3491,0.113
3492,0.113
3493,0.113
3494,0.113
3495,0.113
3496,0.113
3497,0.113
3498,0.113
3499,0.113
3500,0.113
3501,0.113
3502,0.113
3503,0.113
3504,0.113
3505,0.113
3506,0.113
3507,0.113
3508,0.113
3509,0.113
3510,0.113
3511,0.113
3512,0.113
3513,0.113
3514,0.113
3515,0.113
3516,0.113
3517,0.113
3518,0.113
3519,0.113
3520,0.113
3521,0.113
3522,0.113
3523,0.113
3524,0.113
3525,0.113
3526,0.113
3527,0.113
3528,0.113
3529,0.113
3530,0.113
3531,0.113
3532,0.113
3533,0.113
3534,0.113
3535,0.113
3536,0.113
3537,0.113
3538,0.113
3539,0.113
3540,0.113
3541,0.113
3542,0.113
3543,0.113
3544,0.113
3545,0.113
3546,0.113
3547,0.113
3548,0.113
3549,0.113
3550,0.113
3551,0.113
3552,0.113
3553,0.113
3554,0.113
3555,0.113
3556,0.113
3557,0.113
3558,0.113
3559,0.113
3560,0.113
3561,0.113
3562,0.113
3563,0.113
3564,0.113
3565,0.113
3566,0.113
3567,0.113
3568,0.113
3569,0.113
3570,0.113
3571,0.113
3572,0.113
3573,0.113
3574,0.113
3575,0.113
3576,0.113
3577,0.113
3578,0.113
3579,0.113
3580,0.113
3581,0.113
3582,0.113
3583,0.113
3584,0.113
3585,0.113
3586,0.113
3587,0.113
3588,0.113
3589,0.113
3590,0.113
3591,0.113
3592,0.113
3593,0.113
3594,0.113
3595,0.113
3596,0.113
3597,0.113
3598,0.113
3599,0.113
3600,0.113
3601,0.113
3602,0.113
3603,0.113
3604,0.113
3605,0.113
3606,0.113
3607,0.113
3608,0.113
3609,0.113
3610,0.113
3611,0.113
3612,0.113
3613,0.113
3614,0.113
3615,0.113
3616,0.113
3617,0.113
3618,0.113
3619,0.113
3620,0.113
3621,0.113
3622,0.113
3623,0.113
3624,0.113
3625,0.113
3626,0.113
3627,0.113
3628,0.113
3629,0.113
3630,0.113
3631,0.113
3632,0.113
3633,0.113
3634,0.113
3635,0.113
3636,0.113
3637,0.113
3638,0.113
3639,0.113
3640,0.113
3641,0.113
3642,0.113
3643,0.113
3644,0.113
3645,0.113
3646,0.113
3647,0.113
3648,0.113
3649,0.113
3650,0.113
3651,0.113
3652,0.113
3653,0.113
3654,0.113
3655,0.113
3656,0.113
3657,0.113
3658,0.113
3659,0.113
3660,0.113
3661,0.113
3662,0.113
3663,0.113
3664,0.113
3665,0.113
3666,0.113
3667,0.113
3668,0.113
3669,0.113
3670,0.113
3671,0.113
3672,0.113
3673,0.113
3674,0.113
3675,0.113
3676,0.113
3677,0.113
3678,0.113
3679,0.113
3680,0.113
3681,0.113
3682,0.113
3683,0.113
3684,0.113
3685,0.113
3686,0.113
3687,0.113
3688,0.113
3689,0.113
3690,0.113
3691,0.113
3692,0.113
3693,0.113
3694,0.113
3695,0.113
3696,0.113
3697,0.113
3698,0.113
3699,0.113
3700,0.113
3701,0.113
3702,0.113
3703,0.113
3704,0.113
3705,0.113
3706,0.113
3707,0.113
3708,0.113
3709,0.113
3710,0.113
3711,0.113
3712,0.113
3713,0.113
3714,0.113
3715,0.113
3716,0.113
3717,0.113
3718,0.113
3719,0.113
3720,0.113
3721,0.113
3722,0.113
3723,0.113
3724,0.113
3725,0.113
3726,0.113
3727,0.113
3728,0.113
3729,0.113
3730,0.113
3731,0.113
3732,0.113
3733,0.113
3734,0.113
3735,0.113
3736,0.113
3737,0.113
3738,0.113
3739,0.113
3740,0.113
3741,0.113
3742,0.113
3743,0.113
3744,0.113
3745,0.113
3746,0.113
3747,0.113
3748,0.113
3749,0.113
3750,0.113
3751,0.113
3752,0.113
3753,0.113
3754,0.113
3755,0.113
3756,0.113
3757,0.113
3758,0.113
3759,0.113
3760,0.113
3761,0.113
3762,0.113
3763,0.113
3764,0.113
3765,0.113
3766,0.113
3767,0.113
3768,0.113
3769,0.113
3770,0.113
3771,0.113
3772,0.113
3773,0.113
3774,0.113
3775,0.113
3776,0.113
3777,0.113
3778,0.113
3779,0.113
3780,0.113
3781,0.113
3782,0.113
3783,0.113
3784,0.113
3785,0.113
3786,0.113
3787,0.113
3788,0.113
3789,0.113
3790,0.113
3791,0.113
3792,0.113
3793,0.113
3794,0.113
3795,0.113
3796,0.113
3797,0.113
3798,0.113
3799,0.113
3800,0.113
3801,0.113
3802,0.113
3803,0.113
3804,0.113
3805,0.113
3806,0.113
3807,0.113
3808,0.113
3809,0.113
3810,0.113
3811,0.113
3812,0.113
3813,0.113
3814,0.113
3815,0.113
3816,0.113
3817,0.113
3818,0.113
3819,0.113
3820,0.113
3821,0.113
3822,0.113
3823,0.113
3824,0.113
3825,0.113
3826,0.113
3827,0.113
3828,0.113
3829,0.113
3830,0.113
3831,0.113
3832,0.113
3833,0.113
3834,0.113
3835,0.113
3836,0.113
3837,0.113
3838,0.113
3839,0.113
3840,0.113
3841,0.113
3842,0.113
3843,0.113
3844,0.113
3845,0.113
3846,0.113
3847,0.113
3848,0.113
3849,0.113
3850,0.113
3851,0.113
3852,0.113
3853,0.113
3854,0.113
3855,0.113
3856,0.113
3857,0.113
3858,0.113
3859,0.113
3860,0.113
3861,0.113
3862,0.113
3863,0.113
3864,0.113
3865,0.113
3866,0.113
3867,0.113
3868,0.113
3869,0.113
3870,0.113
3871,0.113
3872,0.113
3873,0.113
3874,0.113
3875,0.113
3876,0.113
3877,0.113
3878,0.113
3879,0.113
3880,0.113
3881,0.113
3882,0.113
3883,0.113
3884,0.113
3885,0.113
3886,0.113
3887,0.113
3888,0.113
3889,0.113
3890,0.113
3891,0.113
3892,0.113
3893,0.113
3894,0.113
3895,0.113
3896,0.113
3897,0.113
3898,0.113
3899,0.113
3900,0.113
3901,0.113
3902,0.113
3903,0.113
3904,0.113
3905,0.113
3906,0.113
3907,0.113
3908,0.113
3909,0.113
3910,0.113
3911,0.113
3912,0.113
3913,0.113
3914,0.113
3915,0.113
3916,0.113
3917,0.113
3918,0.113
3919,0.113
3920,0.113
3921,0.113
3922,0.113
3923,0.113
3924,0.113
3925,0.113
3926,0.113
3927,0.113
3928,0.113
3929,0.113
3930,0.113
3931,0.113
3932,0.113
3933,0.113
3934,0.113
3935,0.113
3936,0.113
3937,0.113
3938,0.113
3939,0.113
3940,0.113
3941,0.113
3942,0.113
3943,0.113
3944,0.113
3945,0.113
3946,0.113
3947,0.113
3948,0.113
3949,0.113
3950,0.113
3951,0.113
3952,0.113
3953,0.113
3954,0.113
3955,0.113
3956,0.113
3957,0.113
3958,0.113
3959,0.113
3960,0.113
3961,0.113
3962,0.113
3963,0.113
3964,0.113
3965,0.113
3966,0.113
3967,0.113
3968,0.113
3969,0.113
3970,0.113
3971,0.113
3972,0.113
3973,0.113
3974,0.113
3975,0.113
3976,0.113
3977,0.113
3978,0.113
3979,0.113
3980,0.113
3981,0.113
3982,0.113
3983,0.113
3984,0.113
3985,0.113
3986,0.113
3987,0.113
3988,0.113
3989,0.113
3990,0.113
3991,0.113
3992,0.113
3993,0.113
3994,0.113
3995,0.113
3996,0.113
3997,0.113
3998,0.113
3999,0.113
4000,0.113
4001,0.113
4002,0.113
4003,0.113
4004,0.113
4005,0.113
4006,0.113
4007,0.113
4008,0.113
4009,0.113
4010,0.113
4011,0.113
4012,0.113
4013,0.113
4014,0.113
4015,0.113
4016,0.113
4017,0.113
4018,0.113
4019,0.113
4020,0.113
4021,0.113
4022,0.113
4023,0.113
4024,0.113
4025,0.113
4026,0.113
4027,0.113
4028,0.113
4029,0.113
4030,0.113
4031,0.113
4032,0.113
4033,0.113
4034,0.113
4035,0.113
4036,0.113
4037,0.113
4038,0.113
4039,0.113
4040,0.113
4041,0.113
4042,0.113
4043,0.113
4044,0.113
4045,0.113
4046,0.113
4047,0.113
4048,0.113
4049,0.113
4050,0.113
4051,0.113
4052,0.113
4053,0.113
4054,0.113
4055,0.113
4056,0.113
4057,0.113
4058,0.113
4059,0.113
4060,0.113
4061,0.113
4062,0.113
4063,0.113
4064,0.113
4065,0.113
4066,0.113
4067,0.113
4068,0.113
4069,0.113
4070,0.113
4071,0.113
4072,0.113
4073,0.113
4074,0.113
4075,0.113
4076,0.113
4077,0.113
4078,0.113
4079,0.113
4080,0.113
4081,0.113
4082,0.113
4083,0.113
4084,0.113
4085,0.113
4086,0.113
4087,0.113
4088,0.113
4089,0.113
4090,0.113
4091,0.113
4092,0.113
4093,0.113
4094,0.113
4095,0.113
4096,0.113
4097,0.113
4098,0.113
4099,0.113
4100,0.113
4101,0.113
4102,0.113
4103,0.113
4104,0.113
4105,0.113
4106,0.113
4107,0.113
4108,0.113
4109,0.113
4110,0.113
4111,0.113
4112,0.113
4113,0.113
4114,0.113
4115,0.113
4116,0.113
4117,0.113
4118,0.113
4119,0.113
4120,0.113
4121,0.113
4122,0.113
4123,0.113
4124,0.113
4125,0.113
4126,0.113
4127,0.113
4128,0.113
4129,0.113
4130,0.113
4131,0.113
4132,0.113
4133,0.113
4134,0.113
4135,0.113
4136,0.113
4137,0.113
4138,0.113
4139,0.113
4140,0.113
4141,0.113
4142,0.113
4143,0.113
4144,0.113
4145,0.113
4146,0.113
4147,0.113
4148,0.113
4149,0.113
4150,0.113
4151,0.113
4152,0.113
4153,0.113
4154,0.113
4155,0.113
4156,0.113
4157,0.113
4158,0.113
4159,0.113
4160,0.113
4161,0.113
4162,0.113
4163,0.113
4164,0.113
4165,0.113
4166,0.113
4167,0.113
4168,0.113
4169,0.113
4170,0.113
4171,0.113
4172,0.113
4173,0.113
4174,0.113
4175,0.113
4176,0.113
4177,0.113
4178,0.113
4179,0.113
4180,0.113
4181,0.113
4182,0.113
4183,0.113
4184,0.113
4185,0.113
4186,0.113
4187,0.113
4188,0.113
4189,0.113
4190,0.113
4191,0.113
4192,0.113
4193,0.113
4194,0.113
4195,0.113
4196,0.113
4197,0.113
4198,0.113
4199,0.113
4200,0.113
4201,0.113
4202,0.113
4203,0.113
4204,0.113
4205,0.113
4206,0.113
4207,0.113
4208,0.113
4209,0.113
4210,0.113
4211,0.113
4212,0.113
4213,0.113
4214,0.113
4215,0.113
4216,0.113
4217,0.113
4218,0.113
4219,0.113
4220,0.113
4221,0.113
4222,0.113
4223,0.113
4224,0.113
4225,0.113
4226,0.113
4227,0.113
4228,0.113
4229,0.113
4230,0.113
4231,0.113
4232,0.113
4233,0.113
4234,0.113
4235,0.113
4236,0.113
4237,0.113
4238,0.113
4239,0.113
4240,0.113
4241,0.113
4242,0.113
4243,0.113
4244,0.113
4245,0.113
4246,0.113
4247,0.113
4248,0.113
4249,0.113
4250,0.113
4251,0.113
4252,0.113
4253,0.113
4254,0.113
4255,0.113
4256,0.113
4257,0.113
4258,0.113
4259,0.113
4260,0.113
4261,0.113
4262,0.113
4263,0.113
4264,0.113
4265,0.113
4266,0.113
4267,0.113
4268,0.113
4269,0.113
4270,0.113
4271,0.113
4272,0.113
4273,0.113
4274,0.113
4275,0.113
4276,0.113
4277,0.113
4278,0.113
4279,0.113
4280,0.113
4281,0.113
4282,0.113
4283,0.113
4284,0.113
4285,0.113
4286,0.113
4287,0.113
4288,0.113
4289,0.113
4290,0.113
4291,0.113
4292,0.113
4293,0.113
4294,0.113
4295,0.113
4296,0.113
4297,0.113
4298,0.113
4299,0.113
4300,0.113
4301,0.113
4302,0.113
4303,0.113
4304,0.113
4305,0.113
4306,0.113
4307,0.113
4308,0.113
4309,0.113
4310,0.113
4311,0.113
4312,0.113
4313,0.113
4314,0.113
4315,0.113
4316,0.113
4317,0.113
4318,0.113
4319,0.113
4320,0.113
4321,0.113
4322,0.113
4323,0.113
4324,0.113
4325,0.113
4326,0.113
4327,0.113
4328,0.113
4329,0.113
4330,0.113
4331,0.113
4332,0.113
4333,0.113
4334,0.113
4335,0.113
4336,0.113
4337,0.113
4338,0.113
4339,0.113
4340,0.113
4341,0.113
4342,0.113
4343,0.113
4344,0.113
4345,0.113
4346,0.113
4347,0.113
4348,0.113
4349,0.113
4350,0.113
4351,0.113
4352,0.113
4353,0.113
4354,0.113
4355,0.113
4356,0.113
4357,0.113
4358,0.113
4359,0.113
4360,0.113
4361,0.113
4362,0.113
4363,0.113
4364,0.113
4365,0.113
4366,0.113
4367,0.113
4368,0.113
4369,0.113
4370,0.113
4371,0.113
4372,0.113
4373,0.113
4374,0.113
4375,0.113
4376,0.113
4377,0.113
4378,0.113
4379,0.113
4380,0.113
4381,0.113
4382,0.113
4383,0.113
4384,0.113
4385,0.113
4386,0.113
4387,0.113
4388,0.113
4389,0.113
4390,0.113
4391,0.113
4392,0.113
4393,0.113
4394,0.113
4395,0.113
4396,0.113
4397,0.113
4398,0.113
4399,0.113
4400,0.113
4401,0.113
4402,0.113
4403,0.113
4404,0.113
4405,0.113
4406,0.113
4407,0.113
4408,0.113
4409,0.113
4410,0.113
4411,0.113
4412,0.113
4413,0.113
4414,0.113
4415,0.113
4416,0.113
4417,0.113
4418,0.113
4419,0.113
4420,0.113
4421,0.113
4422,0.113
4423,0.113
4424,0.113
4425,0.113
4426,0.113
4427,0.113
4428,0.113
4429,0.113
4430,0.113
4431,0.113
4432,0.113
4433,0.113
4434,0.113
4435,0.113
4436,0.113
4437,0.113
4438,0.113
4439,0.113
4440,0.113
4441,0.113
4442,0.113
4443,0.113
4444,0.113
4445,0.113
4446,0.113
4447,0.113
4448,0.113
4449,0.113
4450,0.113
4451,0.113
4452,0.113
4453,0.113
4454,0.113
4455,0.113
4456,0.113
4457,0.113
4458,0.113
4459,0.113
4460,0.113
4461,0.113
4462,0.113
4463,0.113
4464,0.113
4465,0.113
4466,0.113
4467,0.113
4468,0.113
4469,0.113
4470,0.113
4471,0.113
4472,0.113
4473,0.113
4474,0.113
4475,0.113
4476,0.113
4477,0.113
4478,0.113
4479,0.113
4480,0.113
4481,0.113
4482,0.113
4483,0.113
4484,0.113
4485,0.113
4486,0.113
4487,0.113
4488,0.113
4489,0.113
4490,0.113
4491,0.113
4492,0.113
4493,0.113
4494,0.113
4495,0.113
4496,0.113
4497,0.113
4498,0.113
4499,0.113
4500,0.113
4501,0.113
4502,0.113
4503,0.113
4504,0.113
4505,0.113
4506,0.113
4507,0.113
4508,0.113
4509,0.113
4510,0.113
4511,0.113
4512,0.113
4513,0.113
4514,0.113
4515,0.113
4516,0.113
4517,0.113
4518,0.113
4519,0.113
4520,0.113
4521,0.113
4522,0.113
4523,0.113
4524,0.113
4525,0.113
4526,0.113
4527,0.113
4528,0.113
4529,0.113
4530,0.113
4531,0.113
4532,0.113
4533,0.113
4534,0.113
4535,0.113
4536,0.113
4537,0.113
4538,0.113
4539,0.113
4540,0.113
4541,0.113
4542,0.113
4543,0.113
4544,0.113
4545,0.113
4546,0.113
4547,0.113
4548,0.113
4549,0.113
4550,0.113
4551,0.113
4552,0.113
4553,0.113
4554,0.113
4555,0.113
4556,0.113
4557,0.113
4558,0.113
4559,0.113
4560,0.113
4561,0.113
4562,0.113
4563,0.113
4564,0.113
4565,0.113
4566,0.113
4567,0.113
4568,0.113
4569,0.113
4570,0.113
4571,0.113
4572,0.113
4573,0.113
4574,0.113
4575,0.113
4576,0.113
4577,0.113
4578,0.113
4579,0.113
4580,0.113
4581,0.113
4582,0.113
4583,0.113
4584,0.113
4585,0.113
4586,0.113
4587,0.113
4588,0.113
4589,0.113
4590,0.113
4591,0.113
4592,0.113
4593,0.113
4594,0.113
4595,0.113
4596,0.113
4597,0.113
4598,0.113
4599,0.113
4600,0.113
4601,0.113
4602,0.113
4603,0.113
4604,0.113
4605,0.113
4606,0.113
4607,0.113
4608,0.113
4609,0.113
4610,0.113
4611,0.113
4612,0.113
4613,0.113
4614,0.113
4615,0.113
4616,0.113
4617,0.113
4618,0.113
4619,0.113
4620,0.113
4621,0.113
4622,0.113
4623,0.113
4624,0.113
4625,0.113
4626,0.113
4627,0.113
4628,0.113
4629,0.113
4630,0.113
4631,0.113
4632,0.113
4633,0.113
4634,0.113
4635,0.113
4636,0.113
4637,0.113
4638,0.113
4639,0.113
4640,0.113
4641,0.113
4642,0.113
4643,0.113
4644,0.113
4645,0.113
4646,0.113
4647,0.113
4648,0.113
4649,0.113
4650,0.113
4651,0.113
4652,0.113
4653,0.113
4654,0.113
4655,0.113
4656,0.113
4657,0.113
4658,0.113
4659,0.113
4660,0.113
4661,0.113
4662,0.113
4663,0.113
4664,0.113
4665,0.113
4666,0.113
4667,0.113
4668,0.113
4669,0.113
4670,0.113
4671,0.113
4672,0.113
4673,0.113
4674,0.113
4675,0.113
4676,0.113
4677,0.113
4678,0.113
4679,0.113
4680,0.113
4681,0.113
4682,0.113
4683,0.113
4684,0.113
4685,0.113
4686,0.113
4687,0.113
4688,0.113
4689,0.113
4690,0.113
4691,0.113
4692,0.113
4693,0.113
4694,0.113
4695,0.113
4696,0.113
4697,0.113
4698,0.113
4699,0.113
4700,0.113
4701,0.113
4702,0.113
4703,0.113
4704,0.113
4705,0.113
4706,0.113
4707,0.113
4708,0.113
4709,0.113
4710,0.113
4711,0.113
4712,0.113
4713,0.113
4714,0.113
4715,0.113
4716,0.113
4717,0.113
4718,0.113
4719,0.113
4720,0.113
4721,0.113
4722,0.113
4723,0.113
4724,0.113
4725,0.113
4726,0.113
4727,0.113
4728,0.113
4729,0.113
4730,0.113
4731,0.113
4732,0.113
4733,0.113
4734,0.113
4735,0.113
4736,0.113
4737,0.113
4738,0.113
4739,0.113
4740,0.113
4741,0.113
4742,0.113
4743,0.113
4744,0.113
4745,0.113
4746,0.113
4747,0.113
4748,0.113
4749,0.113
4750,0.113
4751,0.113
4752,0.113
4753,0.113
4754,0.113
4755,0.113
4756,0.113
4757,0.113
4758,0.113
4759,0.113
4760,0.113
4761,0.113
4762,0.113
4763,0.113
4764,0.113
4765,0.113
4766,0.113
4767,0.113
4768,0.113
4769,0.113
4770,0.113
4771,0.113
4772,0.113
4773,0.113
4774,0.113
4775,0.113
4776,0.113
4777,0.113
4778,0.113
4779,0.113
4780,0.113
4781,0.113
4782,0.113
4783,0.113
4784,0.113
4785,0.113
4786,0.113
4787,0.113
4788,0.113
4789,0.113
4790,0.113
4791,0.113
4792,0.113
4793,0.113
4794,0.113
4795,0.113
4796,0.113
4797,0.113
4798,0.113
4799,0.113
4800,0.113
4801,0.113
4802,0.113
4803,0.113
4804,0.113
4805,0.113
4806,0.113
4807,0.113
4808,0.113
4809,0.113
4810,0.113
4811,0.113
4812,0.113
4813,0.113
4814,0.113
4815,0.113
4816,0.113
4817,0.113
4818,0.113
4819,0.113
4820,0.113
4821,0.113
4822,0.113
4823,0.113
4824,0.113
4825,0.113
4826,0.113
4827,0.113
4828,0.113
4829,0.113
4830,0.113
4831,0.113
4832,0.113
4833,0.113
4834,0.113
4835,0.113
4836,0.113
4837,0.113
4838,0.113
4839,0.113
4840,0.113
4841,0.113
4842,0.113
4843,0.113
4844,0.113
4845,0.113
4846,0.113
4847,0.113
4848,0.113
4849,0.113
4850,0.113
4851,0.113
4852,0.113
4853,0.113
4854,0.113
4855,0.113
4856,0.113
4857,0.113
4858,0.113
4859,0.113
4860,0.113
4861,0.113
4862,0.113
4863,0.113
4864,0.113
4865,0.113
4866,0.113
4867,0.113
4868,0.113
4869,0.113
4870,0.113
4871,0.113
4872,0.113
4873,0.113
4874,0.113
4875,0.113
4876,0.113
4877,0.113
4878,0.113
4879,0.113
4880,0.113
4881,0.113
4882,0.113
4883,0.113
4884,0.113
4885,0.113
4886,0.113
4887,0.113
4888,0.113
4889,0.113
4890,0.113
4891,0.113
4892,0.113
4893,0.113
4894,0.113
4895,0.113
4896,0.113
4897,0.113
4898,0.113
4899,0.113
4900,0.113
4901,0.113
4902,0.113
4903,0.113
4904,0.113
4905,0.113
4906,0.113
4907,0.113
4908,0.113
4909,0.113
4910,0.113
4911,0.113
4912,0.113
4913,0.113
4914,0.113
4915,0.113
4916,0.113
4917,0.113
4918,0.113
4919,0.113
4920,0.113
4921,0.113
4922,0.113
4923,0.113
4924,0.113
4925,0.113
4926,0.113
4927,0.113
4928,0.113
4929,0.113
4930,0.113
4931,0.113
4932,0.113
4933,0.113
4934,0.113
4935,0.113
4936,0.113
4937,0.113
4938,0.113
4939,0.113
4940,0.113
4941,0.113
4942,0.113
4943,0.113
4944,0.113
4945,0.113
4946,0.113
4947,0.113
4948,0.113
4949,0.113
4950,0.113
4951,0.113
4952,0.113
4953,0.113
4954,0.113
4955,0.113
4956,0.113
4957,0.113
4958,0.113
4959,0.113
4960,0.113
4961,0.113
4962,0.113
4963,0.113
4964,0.113
4965,0.113
4966,0.113
4967,0.113
4968,0.113
4969,0.113
4970,0.113
4971,0.113
4972,0.113
4973,0.113
4974,0.113
4975,0.113
4976,0.113
4977,0.113
4978,0.113
4979,0.113
4980,0.113
4981,0.113
4982,0.113
4983,0.113
4984,0.113
4985,0.113
4986,0.113
4987,0.113
4988,0.113
4989,0.113
4990,0.113
4991,0.113
4992,0.113
4993,0.113
4994,0.113
4995,0.113
4996,0.113
4997,0.113
4998,0.113
4999,0.113
5000,0.113
5001,0.113
5002,0.113
5003,0.113
5004,0.113
5005,0.113
5006,0.113
5007,0.113
5008,0.113
5009,0.113
5010,0.113
5011,0.113
5012,0.113
5013,0.113
5014,0.113
5015,0.113
5016,0.113
5017,0.113
5018,0.113
5019,0.113
5020,0.113
5021,0.113
5022,0.113
5023,0.113
5024,0.113
5025,0.113
5026,0.113
5027,0.113
5028,0.113
5029,0.113
5030,0.113
5031,0.113
5032,0.113
5033,0.113
5034,0.113
5035,0.113
5036,0.113
5037,0.113
5038,0.113
5039,0.113
5040,0.113
5041,0.113
5042,0.113
5043,0.113
5044,0.113
5045,0.113
5046,0.113
5047,0.113
5048,0.113
5049,0.113
5050,0.113
5051,0.113
5052,0.113
5053,0.113
5054,0.113
5055,0.113
5056,0.113
5057,0.113
5058,0.113
5059,0.113
5060,0.113
5061,0.113
5062,0.113
5063,0.113
5064,0.113
5065,0.11295652173913044
5066,0.11291304347826087
5067,0.1128695652173913
5068,0.11282608695652174
5069,0.11278260869565217
5070,0.1127391304347826
5071,0.11269565217391304
5072,0.11265217391304348
5073,0.1126086956521739
5074,0.11256521739130435
5075,0.11252173913043478
5076,0.11247826086956521
5077,0.11243478260869565
5078,0.11239130434782608
5079,0.11234782608695651
5080,0.11230434782608695
5081,0.11226086956521739
5082,0.11221739130434782
5083,0.11217391304347825
5084,0.11213043478260869
5085,0.11208695652173913
5086,0.11204347826086955
5087,0.11199999999999999
5088,0.11199999999999999
5089,0.11199999999999999
5090,0.11199999999999999
5091,0.11199999999999999
5092,0.11199999999999999
5093,0.11199999999999999
5094,0.11199999999999999
5095,0.11199999999999999
5096,0.11199999999999999
5097,0.11199999999999999
5098,0.11199999999999999
5099,0.11199999999999999
5100,0.11199999999999999
5101,0.11199999999999999
5102,0.11199999999999999
5103,0.11199999999999999
5104,0.11199999999999999
5105,0.11199999999999999
5106,0.11199999999999999
5107,0.11199999999999999
5108,0.11199999999999999
5109,0.11199999999999999
5110,0.11199999999999999
5111,0.11199999999999999
5112,0.11199999999999999
5113,0.11199999999999999
5114,0.11199999999999999
5115,0.11199999999999999
5116,0.11199999999999999
5117,0.11199999999999999
5118,0.11199999999999999
5119,0.11199999999999999
5120,0.11199999999999999
5121,0.11199999999999999
5122,0.11199999999999999
5123,0.11199999999999999
5124,0.11199999999999999
5125,0.11199999999999999
5126,0.11199999999999999
5127,0.11199999999999999
5128,0.11199999999999999
5129,0.11199999999999999
5130,0.11199999999999999
5131,0.11199999999999999
5132,0.11199999999999999
5133,0.11199999999999999
5134,0.11199999999999999
5135,0.11199999999999999
5136,0.11199999999999999
5137,0.11199999999999999
5138,0.11199999999999999
5139,0.11199999999999999
5140,0.11199999999999999
5141,0.11199999999999999
5142,0.11199999999999999
5143,0.11199999999999999
5144,0.11199999999999999
5145,0.11199999999999999
5146,0.11199999999999999
5147,0.11199999999999999
5148,0.11199999999999999
5149,0.11199999999999999
5150,0.11199999999999999
5151,0.11199999999999999
5152,0.11199999999999999
5153,0.11199999999999999
5154,0.11199999999999999
5155,0.11199999999999999
5156,0.11199999999999999
5157,0.11199999999999999
5158,0.11199999999999999
5159,0.11199999999999999
5160,0.11199999999999999
5161,0.11199999999999999
5162,0.11199999999999999
5163,0.11199999999999999
5164,0.11199999999999999
5165,0.11199999999999999
5166,0.11199999999999999
5167,0.11199999999999999
5168,0.11199999999999999
5169,0.11199999999999999
5170,0.11199999999999999
5171,0.11199999999999999
5172,0.11199999999999999
5173,0.11199999999999999
5174,0.11199999999999999
5175,0.11199999999999999
5176,0.11199999999999999
5177,0.11199999999999999
5178,0.11199999999999999
5179,0.11199999999999999
5180,0.11199999999999999
5181,0.11199999999999999
5182,0.11199999999999999
5183,0.11199999999999999
5184,0.11199999999999999
5185,0.11199999999999999
5186,0.11199999999999999
5187,0.11199999999999999
5188,0.11199999999999999
5189,0.11199999999999999
5190,0.11199999999999999
5191,0.11199999999999999
5192,0.11199999999999999
5193,0.11199999999999999
5194,0.11199999999999999
5195,0.11199999999999999
5196,0.11199999999999999
5197,0.11199999999999999
5198,0.11199999999999999
5199,0.11199999999999999
5200,0.11199999999999999
5201,0.11199999999999999
5202,0.11199999999999999
5203,0.11199999999999999
5204,0.11199999999999999
5205,0.11199999999999999
5206,0.11199999999999999
5207,0.11199999999999999
5208,0.11199999999999999
5209,0.11199999999999999
5210,0.11199999999999999
5211,0.11199999999999999
5212,0.11199999999999999
5213,0.11199999999999999
5214,0.11199999999999999
5215,0.11199999999999999
5216,0.11199999999999999
5217,0.11199999999999999
5218,0.11199999999999999
5219,0.11199999999999999
5220,0.11199999999999999
5221,0.11199999999999999
5222,0.11199999999999999
5223,0.11199999999999999
5224,0.11199999999999999
5225,0.11199999999999999
5226,0.11199999999999999
5227,0.11199999999999999
5228,0.11199999999999999
5229,0.11199999999999999
5230,0.11199999999999999
5231,0.11199999999999999
5232,0.11199999999999999
5233,0.11199999999999999
5234,0.11199999999999999
5235,0.11199999999999999
5236,0.11199999999999999
5237,0.11199999999999999
5238,0.11199999999999999
5239,0.11199999999999999
5240,0.11199999999999999
5241,0.11199999999999999
5242,0.11199999999999999
5243,0.11199999999999999
5244,0.11199999999999999
5245,0.11199999999999999
5246,0.11199999999999999
5247,0.11199999999999999
5248,0.11199999999999999
5249,0.11199999999999999
5250,0.11199999999999999
5251,0.11199999999999999
5252,0.11199999999999999
5253,0.11199999999999999
5254,0.11199999999999999
5255,0.11199999999999999
5256,0.11199999999999999
5257,0.11199999999999999
5258,0.11199999999999999
5259,0.11199999999999999
5260,0.11199999999999999
5261,0.11199999999999999
5262,0.11199999999999999
5263,0.11199999999999999
5264,0.11199999999999999
5265,0.11199999999999999
5266,0.11199999999999999
5267,0.11199999999999999
5268,0.11199999999999999
5269,0.11199999999999999
5270,0.11199999999999999
5271,0.11199999999999999
5272,0.11199999999999999
5273,0.11199999999999999
5274,0.11199999999999999
5275,0.11199999999999999
5276,0.11199999999999999
5277,0.11199999999999999
5278,0.11199999999999999
5279,0.11199999999999999
5280,0.11199999999999999
5281,0.11199999999999999
5282,0.11199999999999999
5283,0.11199999999999999
5284,0.11199999999999999
5285,0.11199999999999999
5286,0.11199999999999999
5287,0.11199999999999999
5288,0.11199999999999999
5289,0.11199999999999999
5290,0.11199999999999999
5291,0.11199999999999999
5292,0.11199999999999999
5293,0.11199999999999999
5294,0.11199999999999999
5295,0.11199999999999999
5296,0.11199999999999999
5297,0.11199999999999999
5298,0.11199999999999999
5299,0.11199999999999999
5300,0.11199999999999999
5301,0.11199999999999999
5302,0.11199999999999999
5303,0.11199999999999999
5304,0.11199999999999999
5305,0.11199999999999999
5306,0.11199999999999999
5307,0.11199999999999999
5308,0.11199999999999999
5309,0.11199999999999999
5310,0.11199999999999999
5311,0.11199999999999999
5312,0.11199999999999999
5313,0.11199999999999999
5314,0.11199999999999999
5315,0.11199999999999999
5316,0.11199999999999999
5317,0.11199999999999999
5318,0.11199999999999999
5319,0.11199999999999999
5320,0.11199999999999999
5321,0.11199999999999999
5322,0.11199999999999999
5323,0.11199999999999999
5324,0.11199999999999999
5325,0.11199999999999999
5326,0.11199999999999999
5327,0.11199999999999999
5328,0.11199999999999999
5329,0.11199999999999999
5330,0.11199999999999999
5331,0.11199999999999999
5332,0.11199999999999999
5333,0.11199999999999999
5334,0.11199999999999999
5335,0.11199999999999999
5336,0.11199999999999999
5337,0.11199999999999999
5338,0.11199999999999999
5339,0.11199999999999999
5340,0.11199999999999999
5341,0.11199999999999999
5342,0.11199999999999999
5343,0.11199999999999999
5344,0.11199999999999999
5345,0.11199999999999999
5346,0.11199999999999999
5347,0.11199999999999999
5348,0.11199999999999999
5349,0.11199999999999999
5350,0.11199999999999999
5351,0.11199999999999999
5352,0.11199999999999999
5353,0.11199999999999999
5354,0.11199999999999999
5355,0.11199999999999999
5356,0.11199999999999999
5357,0.11199999999999999
5358,0.11199999999999999
5359,0.11199999999999999
5360,0.11199999999999999
5361,0.11199999999999999
5362,0.11199999999999999
5363,0.11199999999999999
5364,0.11199999999999999
5365,0.11199999999999999
5366,0.11199999999999999
5367,0.11199999999999999
5368,0.11199999999999999
5369,0.11199999999999999
5370,0.11199999999999999
5371,0.11199999999999999
5372,0.11199999999999999
5373,0.11199999999999999
5374,0.11199999999999999
5375,0.11199999999999999
5376,0.11199999999999999
5377,0.11199999999999999
5378,0.11199999999999999
5379,0.11199999999999999
5380,0.11199999999999999
5381,0.11199999999999999
5382,0.11199999999999999
5383,0.11199999999999999
5384,0.11199999999999999
5385,0.11199999999999999
5386,0.11199999999999999
5387,0.11199999999999999
5388,0.11199999999999999
5389,0.11199999999999999
5390,0.11199999999999999
5391,0.11199999999999999
5392,0.11199999999999999
5393,0.11199999999999999
5394,0.11199999999999999
5395,0.11199999999999999
5396,0.11199999999999999
5397,0.11199999999999999
5398,0.11199999999999999
5399,0.11199999999999999
5400,0.11199999999999999
5401,0.11199999999999999
5402,0.11199999999999999
5403,0.11199999999999999
5404,0.11199999999999999
5405,0.11199999999999999
5406,0.11199999999999999
5407,0.11199999999999999
5408,0.11199999999999999
5409,0.11199999999999999
5410,0.11199999999999999
5411,0.11199999999999999
5412,0.11199999999999999
5413,0.11199999999999999
5414,0.11199999999999999
5415,0.11199999999999999
5416,0.11199999999999999
5417,0.11199999999999999
5418,0.11199999999999999
5419,0.11199999999999999
5420,0.11199999999999999
5421,0.11199999999999999
5422,0.11199999999999999
5423,0.11199999999999999
5424,0.11199999999999999
5425,0.11199999999999999
5426,0.11199999999999999
5427,0.11199999999999999
5428,0.11199999999999999
5429,0.11199999999999999
5430,0.11199999999999999
5431,0.11199999999999999
5432,0.11199999999999999
5433,0.11199999999999999
5434,0.11199999999999999
5435,0.11199999999999999
5436,0.11199999999999999
5437,0.11199999999999999
5438,0.11199999999999999
5439,0.11199999999999999
5440,0.11199999999999999
5441,0.11199999999999999
5442,0.11199999999999999
5443,0.11199999999999999
5444,0.11199999999999999
5445,0.11199999999999999
5446,0.11199999999999999
5447,0.11199999999999999
5448,0.11199999999999999
5449,0.11199999999999999
5450,0.11199999999999999
5451,0.11199999999999999
5452,0.11199999999999999
5453,0.11199999999999999
5454,0.11199999999999999
5455,0.11199999999999999
5456,0.11199999999999999
5457,0.11199999999999999
5458,0.11199999999999999
5459,0.11199999999999999
5460,0.11199999999999999
5461,0.11199999999999999
5462,0.11199999999999999
5463,0.11199999999999999
5464,0.11199999999999999
5465,0.11199999999999999
5466,0.11199999999999999
5467,0.11199999999999999
5468,0.11199999999999999
5469,0.11199999999999999
5470,0.11199999999999999
5471,0.11199999999999999
5472,0.11199999999999999
5473,0.11199999999999999
5474,0.11199999999999999
5475,0.11199999999999999
5476,0.11199999999999999
5477,0.11199999999999999
5478,0.11199999999999999
5479,0.11199999999999999
5480,0.11199999999999999
5481,0.11199999999999999
5482,0.11199999999999999
5483,0.11199999999999999
5484,0.11199999999999999
5485,0.11199999999999999
5486,0.11199999999999999
5487,0.11199999999999999
5488,0.11199999999999999
5489,0.11199999999999999
5490,0.11199999999999999
5491,0.11199999999999999
5492,0.11199999999999999
5493,0.11199999999999999
5494,0.11199999999999999
5495,0.11199999999999999
5496,0.11199999999999999
5497,0.11199999999999999
5498,0.11199999999999999
5499,0.11199999999999999
5500,0.11199999999999999
5501,0.11199999999999999
5502,0.11199999999999999
5503,0.11199999999999999
5504,0.11199999999999999
5505,0.11199999999999999
5506,0.11199999999999999
5507,0.11199999999999999
5508,0.11199999999999999
5509,0.11199999999999999
5510,0.11199999999999999
5511,0.11199999999999999
5512,0.11199999999999999
5513,0.11199999999999999
5514,0.11199999999999999
5515,0.11199999999999999
5516,0.11199999999999999
5517,0.11199999999999999
5518,0.11199999999999999
5519,0.11199999999999999
5520,0.11199999999999999
5521,0.11199999999999999
5522,0.11199999999999999
5523,0.11199999999999999
5524,0.11199999999999999
5525,0.11199999999999999
5526,0.11199999999999999
5527,0.11199999999999999
5528,0.11199999999999999
5529,0.11199999999999999
5530,0.11199999999999999
5531,0.11199999999999999
5532,0.11199999999999999
5533,0.11199999999999999
5534,0.11199999999999999
5535,0.11199999999999999
5536,0.11199999999999999
5537,0.11199999999999999
5538,0.11199999999999999
5539,0.11199999999999999
5540,0.11199999999999999
5541,0.11199999999999999
5542,0.11199999999999999
5543,0.11199999999999999
5544,0.11199999999999999
5545,0.11199999999999999
5546,0.11199999999999999
5547,0.11199999999999999
5548,0.11199999999999999
5549,0.11199999999999999
5550,0.11199999999999999
5551,0.11199999999999999
5552,0.11199999999999999
5553,0.11199999999999999
5554,0.11199999999999999
5555,0.11199999999999999
5556,0.11199999999999999
5557,0.11199999999999999
5558,0.11199999999999999
5559,0.11199999999999999
5560,0.11199999999999999
5561,0.11199999999999999
5562,0.11199999999999999
5563,0.11199999999999999
5564,0.11199999999999999
5565,0.11199999999999999
5566,0.11199999999999999
5567,0.11199999999999999
5568,0.11199999999999999
5569,0.11199999999999999
5570,0.11199999999999999
5571,0.11199999999999999
5572,0.11199999999999999
5573,0.11199999999999999
5574,0.11199999999999999
5575,0.11199999999999999
5576,0.11199999999999999
5577,0.11199999999999999
5578,0.11199999999999999
5579,0.11199999999999999
5580,0.11199999999999999
5581,0.11199999999999999
5582,0.11199999999999999
5583,0.11199999999999999
5584,0.11199999999999999
5585,0.11199999999999999
5586,0.11199999999999999
5587,0.11199999999999999
5588,0.11199999999999999
5589,0.11199999999999999
5590,0.11199999999999999
5591,0.11199999999999999
5592,0.11199999999999999
5593,0.11199999999999999
5594,0.11199999999999999
5595,0.11199999999999999
5596,0.11199999999999999
5597,0.11199999999999999
5598,0.11199999999999999
5599,0.11199999999999999
5600,0.11199999999999999
5601,0.11199999999999999
5602,0.11199999999999999
5603,0.11199999999999999
5604,0.11199999999999999
5605,0.11199999999999999
5606,0.11199999999999999
5607,0.11199999999999999
5608,0.11199999999999999
5609,0.11199999999999999
5610,0.11199999999999999
5611,0.11199999999999999
5612,0.11199999999999999
5613,0.11199999999999999
5614,0.11199999999999999
5615,0.11199999999999999
5616,0.11199999999999999
5617,0.11199999999999999
5618,0.11199999999999999
5619,0.11199999999999999
5620,0.11199999999999999
5621,0.11199999999999999
5622,0.11199999999999999
5623,0.11199999999999999
5624,0.11199999999999999
5625,0.11199999999999999
5626,0.11199999999999999
5627,0.11199999999999999
5628,0.11199999999999999
5629,0.11199999999999999
5630,0.11199999999999999
5631,0.11199999999999999
5632,0.11199999999999999
5633,0.11199999999999999
5634,0.11199999999999999
5635,0.11199999999999999
5636,0.11199999999999999
5637,0.11199999999999999
5638,0.11199999999999999
5639,0.11199999999999999
5640,0.11199999999999999
5641,0.11199999999999999
5642,0.11199999999999999
5643,0.11199999999999999
5644,0.11199999999999999
5645,0.11199999999999999
5646,0.11199999999999999
5647,0.11199999999999999
5648,0.11199999999999999
5649,0.11199999999999999
5650,0.11199999999999999
5651,0.11199999999999999
5652,0.11199999999999999
5653,0.11199999999999999
5654,0.11199999999999999
5655,0.11199999999999999
5656,0.11199999999999999
5657,0.11199999999999999
5658,0.11199999999999999
5659,0.11199999999999999
5660,0.11199999999999999
5661,0.11199999999999999
5662,0.11199999999999999
5663,0.11199999999999999
5664,0.11199999999999999
5665,0.11199999999999999
5666,0.11199999999999999
5667,0.11199999999999999
5668,0.11199999999999999
5669,0.11199999999999999
5670,0.11199999999999999
5671,0.11199999999999999
5672,0.11199999999999999
5673,0.11199999999999999
5674,0.11199999999999999
5675,0.11199999999999999
5676,0.11199999999999999
5677,0.11199999999999999
5678,0.11199999999999999
5679,0.11199999999999999
5680,0.11199999999999999
5681,0.11199999999999999
5682,0.11199999999999999
5683,0.11199999999999999
5684,0.11199999999999999
5685,0.11199999999999999
5686,0.11199999999999999
5687,0.11199999999999999
5688,0.11199999999999999
5689,0.11199999999999999
5690,0.11199999999999999
5691,0.11199999999999999
5692,0.11199999999999999
5693,0.11199999999999999
5694,0.11199999999999999
5695,0.11199999999999999
5696,0.11199999999999999
5697,0.11199999999999999
5698,0.11199999999999999
5699,0.11199999999999999
5700,0.11199999999999999
5701,0.11199999999999999
5702,0.11199999999999999
5703,0.11199999999999999
5704,0.11199999999999999
5705,0.11199999999999999
5706,0.11199999999999999
5707,0.11199999999999999
5708,0.11199999999999999
5709,0.11199999999999999
5710,0.11199999999999999
5711,0.11199999999999999
5712,0.11199999999999999
5713,0.11199999999999999
5714,0.11199999999999999
5715,0.11199999999999999
5716,0.11199999999999999
5717,0.11199999999999999
5718,0.11199999999999999
5719,0.11199999999999999
5720,0.11199999999999999
5721,0.11199999999999999
5722,0.11199999999999999
5723,0.11199999999999999
5724,0.11199999999999999
5725,0.11199999999999999
5726,0.11199999999999999
5727,0.11199999999999999
5728,0.11199999999999999
5729,0.11199999999999999
5730,0.11199999999999999
5731,0.11199999999999999
5732,0.11199999999999999
5733,0.11199999999999999
5734,0.11199999999999999
5735,0.11199999999999999
5736,0.11199999999999999
5737,0.11199999999999999
5738,0.11199999999999999
5739,0.11199999999999999
5740,0.11199999999999999
5741,0.11199999999999999
5742,0.11199999999999999
5743,0.11199999999999999
5744,0.11199999999999999
5745,0.11199999999999999
5746,0.11199999999999999
5747,0.11199999999999999
5748,0.11199999999999999
5749,0.11199999999999999
5750,0.11199999999999999
5751,0.11199999999999999
5752,0.11199999999999999
5753,0.11199999999999999
5754,0.11199999999999999
5755,0.11199999999999999
5756,0.11199999999999999
5757,0.11199999999999999
5758,0.11199999999999999
5759,0.11199999999999999
5760,0.11199999999999999
5761,0.11199999999999999
5762,0.11199999999999999
5763,0.11199999999999999
5764,0.11199999999999999
5765,0.11199999999999999
5766,0.11199999999999999
5767,0.11199999999999999
5768,0.11199999999999999
5769,0.11199999999999999
5770,0.11199999999999999
5771,0.11199999999999999
5772,0.11199999999999999
5773,0.11199999999999999
5774,0.11199999999999999
5775,0.11199999999999999
5776,0.11199999999999999
5777,0.11199999999999999
5778,0.11199999999999999
5779,0.11199999999999999
5780,0.11199999999999999
5781,0.11199999999999999
5782,0.11199999999999999
5783,0.11199999999999999
5784,0.11199999999999999
5785,0.11199999999999999
5786,0.11199999999999999
5787,0.11199999999999999
5788,0.11199999999999999
5789,0.11199999999999999
5790,0.11199999999999999
5791,0.11199999999999999
5792,0.11199999999999999
5793,0.11199999999999999
5794,0.11199999999999999
5795,0.11199999999999999
5796,0.11199999999999999
5797,0.11199999999999999
5798,0.11199999999999999
5799,0.11199999999999999
5800,0.11199999999999999
5801,0.11199999999999999
5802,0.11199999999999999
5803,0.11199999999999999
5804,0.11199999999999999
5805,0.11199999999999999
5806,0.11199999999999999
5807,0.11199999999999999
5808,0.11199999999999999
5809,0.11199999999999999
5810,0.11199999999999999
5811,0.11199999999999999
5812,0.11199999999999999
5813,0.11199999999999999
5814,0.11199999999999999
5815,0.11199999999999999
5816,0.11199999999999999
5817,0.11199999999999999
5818,0.11199999999999999
5819,0.11199999999999999
5820,0.11199999999999999
5821,0.11199999999999999
5822,0.11199999999999999
5823,0.11199999999999999
5824,0.11199999999999999
5825,0.11199999999999999
5826,0.11199999999999999
5827,0.11199999999999999
5828,0.11199999999999999
5829,0.11199999999999999
5830,0.11199999999999999
5831,0.11199999999999999
5832,0.11199999999999999
5833,0.11199999999999999
5834,0.11199999999999999
5835,0.11199999999999999
5836,0.11199999999999999
5837,0.11199999999999999
5838,0.11199999999999999
5839,0.11199999999999999
5840,0.11199999999999999
5841,0.11199999999999999
5842,0.11199999999999999
5843,0.11199999999999999
5844,0.11199999999999999
5845,0.11199999999999999
5846,0.11199999999999999
5847,0.11199999999999999
5848,0.11199999999999999
5849,0.11199999999999999
5850,0.11199999999999999
5851,0.11199999999999999
5852,0.11199999999999999
5853,0.11199999999999999
5854,0.11199999999999999
5855,0.11199999999999999
5856,0.11199999999999999
5857,0.11199999999999999
5858,0.11199999999999999
5859,0.11199999999999999
5860,0.11199999999999999
5861,0.11199999999999999
5862,0.11199999999999999
5863,0.11199999999999999
5864,0.11199999999999999
5865,0.11199999999999999
5866,0.11199999999999999
5867,0.11199999999999999
5868,0.11199999999999999
5869,0.11199999999999999
5870,0.11199999999999999
5871,0.11199999999999999
5872,0.11199999999999999
5873,0.11199999999999999
5874,0.11199999999999999
5875,0.11199999999999999
5876,0.11199999999999999
5877,0.11199999999999999
5878,0.11199999999999999
5879,0.11199999999999999
5880,0.11199999999999999
5881,0.11199999999999999
5882,0.11199999999999999
5883,0.11199999999999999
5884,0.11199999999999999
5885,0.11199999999999999
5886,0.11199999999999999
5887,0.11199999999999999
5888,0.11199999999999999
5889,0.11199999999999999
5890,0.11199999999999999
5891,0.11199999999999999
5892,0.11199999999999999
5893,0.11199999999999999
5894,0.11199999999999999
5895,0.11199999999999999
5896,0.11199999999999999
5897,0.11199999999999999
5898,0.11199999999999999
5899,0.11199999999999999
5900,0.11199999999999999
5901,0.11199999999999999
5902,0.11199999999999999
5903,0.11199999999999999
5904,0.11199999999999999
5905,0.11199999999999999
5906,0.11199999999999999
5907,0.11199999999999999
5908,0.11199999999999999
5909,0.11199999999999999
5910,0.11199999999999999
5911,0.11199999999999999
5912,0.11199999999999999
5913,0.11199999999999999
5914,0.11199999999999999
5915,0.11199999999999999
5916,0.11199999999999999
5917,0.11199999999999999
5918,0.11199999999999999
5919,0.11199999999999999
5920,0.11199999999999999
5921,0.11199999999999999
5922,0.11199999999999999
5923,0.11199999999999999
5924,0.11199999999999999
5925,0.11199999999999999
5926,0.11199999999999999
5927,0.11199999999999999
5928,0.11199999999999999
5929,0.11199999999999999
5930,0.11199999999999999
5931,0.11199999999999999
5932,0.11199999999999999
5933,0.11199999999999999
5934,0.11199999999999999
5935,0.11199999999999999
5936,0.11199999999999999
5937,0.11199999999999999
5938,0.11199999999999999
5939,0.11199999999999999
5940,0.11199999999999999
5941,0.11199999999999999
5942,0.11199999999999999
5943,0.11199999999999999
5944,0.11199999999999999
5945,0.11199999999999999
5946,0.11199999999999999
5947,0.11199999999999999
5948,0.11199999999999999
5949,0.11199999999999999
5950,0.11199999999999999
5951,0.11199999999999999
5952,0.11199999999999999
5953,0.11199999999999999
5954,0.11199999999999999
5955,0.11199999999999999
5956,0.11199999999999999
5957,0.11199999999999999
5958,0.11199999999999999
5959,0.11199999999999999
5960,0.11199999999999999
5961,0.11199999999999999
5962,0.11199999999999999
5963,0.11199999999999999
5964,0.11199999999999999
5965,0.11199999999999999
5966,0.11199999999999999
5967,0.11199999999999999
5968,0.11199999999999999
5969,0.11199999999999999
5970,0.11199999999999999
5971,0.11199999999999999
5972,0.11199999999999999
5973,0.11199999999999999
5974,0.11199999999999999
5975,0.11199999999999999
5976,0.11199999999999999
5977,0.11199999999999999
5978,0.11199999999999999
5979,0.11199999999999999
5980,0.11199999999999999
5981,0.11199999999999999
5982,0.11199999999999999
5983,0.11199999999999999
5984,0.11199999999999999
5985,0.11199999999999999
5986,0.11199999999999999
5987,0.11199999999999999
5988,0.11199999999999999
5989,0.11199999999999999
5990,0.11199999999999999
5991,0.11199999999999999
5992,0.11199999999999999
5993,0.11199999999999999
5994,0.11199999999999999
5995,0.11199999999999999
5996,0.11199999999999999
5997,0.11199999999999999
5998,0.11199999999999999
5999,0.11199999999999999
6000,0.11199999999999999
6001,0.11199999999999999
6002,0.11199999999999999
6003,0.11199999999999999
6004,0.11199999999999999
6005,0.11199999999999999
6006,0.11199999999999999
6007,0.11199999999999999
6008,0.11199999999999999
6009,0.11199999999999999
6010,0.11199999999999999
6011,0.11199999999999999
6012,0.11199999999999999
6013,0.11199999999999999
6014,0.11199999999999999
6015,0.11199999999999999
6016,0.11199999999999999
6017,0.11199999999999999
6018,0.11199999999999999
6019,0.11199999999999999
6020,0.11199999999999999
6021,0.11199999999999999
6022,0.11199999999999999
6023,0.11199999999999999
6024,0.11199999999999999
6025,0.11199999999999999
6026,0.11199999999999999
6027,0.11199999999999999
6028,0.11199999999999999
6029,0.11199999999999999
6030,0.11199999999999999
6031,0.11199999999999999
6032,0.11199999999999999
6033,0.11199999999999999
6034,0.11199999999999999
6035,0.11199999999999999
6036,0.11199999999999999
6037,0.11199999999999999
6038,0.11199999999999999
6039,0.11199999999999999
6040,0.11199999999999999
6041,0.11199999999999999
6042,0.11199999999999999
6043,0.11199999999999999
6044,0.11199999999999999
6045,0.11199999999999999
6046,0.11199999999999999
6047,0.11199999999999999
6048,0.11199999999999999
6049,0.11199999999999999
6050,0.11199999999999999
6051,0.11199999999999999
6052,0.11199999999999999
6053,0.11199999999999999
6054,0.11199999999999999
6055,0.11199999999999999
6056,0.11199999999999999
6057,0.11199999999999999
6058,0.11199999999999999
6059,0.11199999999999999
6060,0.11199999999999999
6061,0.11199999999999999
6062,0.11199999999999999
6063,0.11199999999999999
6064,0.11199999999999999
6065,0.11199999999999999
6066,0.11199999999999999
6067,0.11199999999999999
6068,0.11199999999999999
6069,0.11199999999999999
6070,0.11199999999999999
6071,0.11199999999999999
6072,0.11199999999999999
6073,0.11199999999999999
6074,0.11199999999999999
6075,0.11199999999999999
6076,0.11199999999999999
6077,0.11199999999999999
6078,0.11199999999999999
6079,0.11199999999999999
6080,0.11199999999999999
6081,0.11199999999999999
6082,0.11199999999999999
6083,0.11199999999999999
6084,0.11199999999999999
6085,0.11199999999999999
6086,0.11199999999999999
6087,0.11199999999999999
6088,0.11199999999999999
6089,0.11199999999999999
6090,0.11199999999999999
6091,0.11199999999999999
6092,0.11199999999999999
6093,0.11199999999999999
6094,0.11199999999999999
6095,0.11199999999999999
6096,0.11199999999999999
6097,0.11199999999999999
6098,0.11199999999999999
6099,0.11199999999999999
6100,0.11199999999999999
6101,0.11199999999999999
6102,0.11199999999999999
6103,0.11199999999999999
6104,0.11199999999999999
6105,0.11199999999999999
6106,0.11199999999999999
6107,0.11199999999999999
6108,0.11199999999999999
6109,0.11199999999999999
6110,0.11199999999999999
6111,0.11199999999999999
6112,0.11199999999999999
6113,0.11199999999999999
6114,0.11199999999999999
6115,0.11199999999999999
6116,0.11199999999999999
6117,0.11199999999999999
6118,0.11199999999999999
6119,0.11199999999999999
6120,0.11199999999999999
6121,0.11199999999999999
6122,0.11199999999999999
6123,0.11199999999999999
6124,0.11199999999999999
6125,0.11199999999999999
6126,0.11199999999999999
6127,0.11199999999999999
6128,0.11199999999999999
6129,0.11199999999999999
6130,0.11199999999999999
6131,0.11199999999999999
6132,0.11199999999999999
6133,0.11199999999999999
6134,0.11199999999999999
6135,0.11199999999999999
6136,0.11199999999999999
6137,0.11199999999999999
6138,0.11199999999999999
6139,0.11199999999999999
6140,0.11199999999999999
6141,0.11199999999999999
6142,0.11199999999999999
6143,0.11199999999999999
6144,0.11199999999999999
6145,0.11199999999999999
6146,0.11199999999999999
6147,0.11199999999999999
6148,0.11199999999999999
6149,0.11199999999999999
6150,0.11199999999999999
6151,0.11199999999999999
6152,0.11199999999999999
6153,0.11199999999999999
6154,0.11199999999999999
6155,0.11199999999999999
6156,0.11199999999999999
6157,0.11199999999999999
6158,0.11199999999999999
6159,0.11199999999999999
6160,0.11199999999999999
6161,0.11199999999999999
6162,0.11199999999999999
6163,0.11199999999999999
6164,0.11199999999999999
6165,0.11199999999999999
6166,0.11199999999999999
6167,0.11199999999999999
6168,0.11199999999999999
6169,0.11199999999999999
6170,0.11199999999999999
6171,0.11199999999999999
6172,0.11199999999999999
6173,0.11199999999999999
6174,0.11199999999999999
6175,0.11199999999999999
6176,0.11199999999999999
6177,0.11199999999999999
6178,0.11199999999999999
6179,0.11199999999999999
6180,0.11199999999999999
6181,0.11199999999999999
6182,0.11199999999999999
6183,0.11199999999999999
6184,0.11199999999999999
6185,0.11199999999999999
6186,0.11199999999999999
6187,0.11199999999999999
6188,0.11199999999999999
6189,0.11199999999999999
6190,0.11199999999999999
6191,0.11199999999999999
6192,0.11199999999999999
6193,0.11199999999999999
6194,0.11199999999999999
6195,0.11199999999999999
6196,0.11199999999999999
6197,0.11199999999999999
6198,0.11199999999999999
6199,0.11199999999999999
6200,0.11199999999999999
6201,0.11199999999999999
6202,0.11199999999999999
6203,0.11199999999999999
6204,0.11199999999999999
6205,0.11199999999999999
6206,0.11199999999999999
6207,0.11199999999999999
6208,0.11199999999999999
6209,0.11199999999999999
6210,0.11199999999999999
6211,0.11199999999999999
6212,0.11199999999999999
6213,0.11199999999999999
6214,0.11199999999999999
6215,0.11199999999999999
6216,0.11199999999999999
6217,0.11199999999999999
6218,0.11199999999999999
6219,0.11199999999999999
6220,0.11199999999999999
6221,0.11199999999999999
6222,0.11199999999999999
6223,0.11199999999999999
6224,0.11199999999999999
6225,0.11199999999999999
6226,0.11199999999999999
6227,0.11199999999999999
6228,0.11199999999999999
6229,0.11199999999999999
6230,0.11199999999999999
6231,0.11199999999999999
6232,0.11199999999999999
6233,0.11199999999999999
6234,0.11199999999999999
6235,0.11199999999999999
6236,0.11199999999999999
6237,0.11199999999999999
6238,0.11199999999999999
6239,0.11199999999999999
6240,0.11199999999999999
6241,0.11199999999999999
6242,0.11199999999999999
6243,0.11199999999999999
6244,0.11199999999999999
6245,0.11199999999999999
6246,0.11199999999999999
6247,0.11199999999999999
6248,0.11199999999999999
6249,0.11199999999999999
6250,0.11199999999999999
6251,0.11199999999999999
6252,0.11199999999999999
6253,0.11199999999999999
6254,0.11199999999999999
6255,0.11199999999999999
6256,0.11199999999999999
6257,0.11199999999999999
6258,0.11199999999999999
6259,0.11199999999999999
6260,0.11199999999999999
6261,0.11199999999999999
6262,0.11199999999999999
6263,0.11199999999999999
6264,0.11199999999999999
6265,0.11199999999999999
6266,0.11199999999999999
6267,0.11199999999999999
6268,0.11199999999999999
6269,0.11199999999999999
6270,0.11199999999999999
6271,0.11199999999999999
6272,0.11199999999999999
6273,0.11199999999999999
6274,0.11199999999999999
6275,0.11199999999999999
6276,0.11199999999999999
6277,0.11199999999999999
6278,0.11199999999999999
6279,0.11199999999999999
6280,0.11199999999999999
6281,0.11199999999999999
6282,0.11199999999999999
6283,0.11199999999999999
6284,0.11199999999999999
6285,0.11199999999999999
6286,0.11199999999999999
6287,0.11199999999999999
6288,0.11199999999999999
6289,0.11199999999999999
6290,0.11199999999999999
6291,0.11199999999999999
6292,0.11199999999999999
6293,0.11199999999999999
6294,0.11199999999999999
6295,0.11199999999999999
6296,0.11199999999999999
6297,0.11199999999999999
6298,0.11199999999999999
6299,0.11199999999999999
6300,0.11199999999999999
6301,0.11199999999999999
6302,0.11199999999999999
6303,0.11199999999999999
6304,0.11199999999999999
6305,0.11199999999999999
6306,0.11199999999999999
6307,0.11199999999999999
6308,0.11199999999999999
6309,0.11199999999999999
6310,0.11199999999999999
6311,0.11199999999999999
6312,0.11199999999999999
6313,0.11199999999999999
6314,0.11199999999999999
6315,0.11199999999999999
6316,0.11199999999999999
6317,0.11199999999999999
6318,0.11199999999999999
6319,0.11199999999999999
6320,0.11199999999999999
6321,0.11199999999999999
6322,0.11199999999999999
6323,0.11199999999999999
6324,0.11199999999999999
6325,0.11199999999999999
6326,0.11199999999999999
6327,0.11199999999999999
6328,0.11199999999999999
6329,0.11199999999999999
6330,0.11199999999999999
6331,0.11199999999999999
6332,0.11199999999999999
6333,0.11199999999999999
6334,0.11199999999999999
6335,0.11199999999999999
6336,0.11199999999999999
6337,0.11199999999999999
6338,0.11199999999999999
6339,0.11199999999999999
6340,0.11199999999999999
6341,0.11199999999999999
6342,0.11199999999999999
6343,0.11199999999999999
6344,0.11199999999999999
6345,0.11199999999999999
6346,0.11199999999999999
6347,0.11199999999999999
6348,0.11199999999999999
6349,0.11199999999999999
6350,0.11199999999999999
6351,0.11199999999999999
6352,0.11199999999999999
6353,0.11199999999999999
6354,0.11199999999999999
6355,0.11199999999999999
6356,0.11199999999999999
6357,0.11199999999999999
6358,0.11199999999999999
6359,0.11199999999999999
6360,0.11199999999999999
6361,0.11199999999999999
6362,0.11199999999999999
6363,0.11199999999999999
6364,0.11199999999999999
6365,0.11199999999999999
6366,0.11199999999999999
6367,0.11199999999999999
6368,0.11199999999999999
6369,0.11199999999999999
6370,0.11199999999999999
6371,0.11199999999999999
6372,0.11199999999999999
6373,0.11199999999999999
6374,0.11199999999999999
6375,0.11199999999999999
6376,0.11199999999999999
6377,0.11199999999999999
6378,0.11199999999999999
6379,0.11199999999999999
6380,0.11199999999999999
6381,0.11199999999999999
6382,0.11199999999999999
6383,0.11199999999999999
6384,0.11199999999999999
6385,0.11199999999999999
6386,0.11199999999999999
6387,0.11199999999999999
6388,0.11199999999999999
6389,0.11199999999999999
6390,0.11199999999999999
6391,0.11199999999999999
6392,0.11199999999999999
6393,0.11199999999999999
6394,0.11199999999999999
6395,0.11199999999999999
6396,0.11199999999999999
6397,0.11199999999999999
6398,0.11199999999999999
6399,0.11199999999999999
6400,0.11199999999999999
6401,0.11199999999999999
6402,0.11199999999999999
6403,0.11199999999999999
6404,0.11199999999999999
6405,0.11199999999999999
6406,0.11199999999999999
6407,0.11199999999999999
6408,0.11199999999999999
6409,0.11199999999999999
6410,0.11199999999999999
6411,0.11199999999999999
6412,0.11199999999999999
6413,0.11199999999999999
6414,0.11199999999999999
6415,0.11199999999999999
6416,0.11199999999999999
6417,0.11199999999999999
6418,0.11199999999999999
6419,0.11199999999999999
6420,0.11199999999999999
6421,0.11199999999999999
6422,0.11199999999999999
6423,0.11199999999999999
6424,0.11199999999999999
6425,0.11199999999999999
6426,0.11199999999999999
6427,0.11199999999999999
6428,0.11199999999999999
6429,0.11199999999999999
6430,0.11199999999999999
6431,0.11199999999999999
6432,0.11199999999999999
6433,0.11199999999999999
6434,0.11199999999999999
6435,0.11199999999999999
6436,0.11199999999999999
6437,0.11199999999999999
6438,0.11199999999999999
6439,0.11199999999999999
6440,0.11199999999999999
6441,0.11199999999999999
6442,0.11199999999999999
6443,0.11199999999999999
6444,0.11199999999999999
6445,0.11199999999999999
6446,0.11199999999999999
6447,0.11199999999999999
6448,0.11199999999999999
6449,0.11199999999999999
6450,0.11199999999999999
6451,0.11199999999999999
6452,0.11199999999999999
6453,0.11199999999999999
6454,0.11199999999999999
6455,0.11199999999999999
6456,0.11199999999999999
6457,0.11199999999999999
6458,0.11199999999999999
6459,0.11199999999999999
6460,0.11199999999999999
6461,0.11199999999999999
6462,0.11199999999999999
6463,0.11199999999999999
6464,0.11199999999999999
6465,0.11199999999999999
6466,0.11199999999999999
6467,0.11199999999999999
6468,0.11199999999999999
6469,0.11199999999999999
6470,0.11199999999999999
6471,0.11199999999999999
6472,0.11199999999999999
6473,0.11199999999999999
6474,0.11199999999999999
6475,0.11199999999999999
6476,0.11199999999999999
6477,0.11199999999999999
6478,0.11199999999999999
6479,0.11199999999999999
6480,0.11199999999999999
6481,0.11199999999999999
6482,0.11199999999999999
6483,0.11199999999999999
6484,0.11199999999999999
6485,0.11199999999999999
6486,0.11199999999999999
6487,0.11199999999999999
6488,0.11199999999999999
6489,0.11199999999999999
6490,0.11199999999999999
6491,0.11199999999999999
6492,0.11199999999999999
6493,0.11199999999999999
6494,0.11199999999999999
6495,0.11199999999999999
6496,0.11199999999999999
6497,0.11199999999999999
6498,0.11199999999999999
6499,0.11199999999999999
6500,0.11199999999999999
6501,0.11199999999999999
6502,0.11199999999999999
6503,0.11199999999999999
6504,0.11199999999999999
6505,0.11199999999999999
6506,0.11199999999999999
6507,0.11199999999999999
6508,0.11199999999999999
6509,0.11199999999999999
6510,0.11199999999999999
6511,0.11199999999999999
6512,0.11199999999999999
6513,0.11199999999999999
6514,0.11199999999999999
6515,0.11199999999999999
6516,0.11199999999999999
6517,0.11199999999999999
6518,0.11199999999999999
6519,0.11199999999999999
6520,0.11199999999999999
6521,0.11199999999999999
6522,0.11199999999999999
6523,0.11199999999999999
6524,0.11199999999999999
6525,0.11199999999999999
6526,0.11199999999999999
6527,0.11199999999999999
6528,0.11199999999999999
6529,0.11199999999999999
6530,0.11199999999999999
6531,0.11199999999999999
6532,0.11199999999999999
6533,0.11199999999999999
6534,0.11199999999999999
6535,0.11199999999999999
6536,0.11199999999999999
6537,0.11199999999999999
6538,0.11199999999999999
6539,0.11199999999999999
6540,0.11199999999999999
6541,0.11199999999999999
6542,0.11199999999999999
6543,0.11199999999999999
6544,0.11199999999999999
6545,0.11199999999999999
6546,0.11199999999999999
6547,0.11199999999999999
6548,0.11199999999999999
6549,0.11199999999999999
6550,0.11199999999999999
6551,0.11199999999999999
6552,0.11199999999999999
6553,0.11199999999999999
6554,0.11199999999999999
6555,0.11199999999999999
6556,0.11199999999999999
6557,0.11199999999999999
6558,0.11199999999999999
6559,0.11199999999999999
6560,0.11199999999999999
6561,0.11199999999999999
6562,0.11199999999999999
6563,0.11199999999999999
6564,0.11199999999999999
6565,0.11199999999999999
6566,0.11199999999999999
6567,0.11199999999999999
6568,0.11199999999999999
6569,0.11199999999999999
6570,0.11199999999999999
6571,0.11199999999999999
6572,0.11199999999999999
6573,0.11199999999999999
6574,0.11199999999999999
6575,0.11199999999999999
6576,0.11199999999999999
6577,0.11199999999999999
6578,0.11199999999999999
6579,0.11199999999999999
6580,0.11199999999999999
6581,0.11199999999999999
6582,0.11199999999999999
6583,0.11199999999999999
6584,0.11199999999999999
6585,0.11199999999999999
6586,0.11199999999999999
6587,0.11199999999999999
6588,0.11199999999999999
6589,0.11199999999999999
6590,0.11199999999999999
6591,0.11199999999999999
6592,0.11199999999999999
6593,0.11199999999999999
6594,0.11199999999999999
6595,0.11199999999999999
6596,0.11199999999999999
6597,0.11199999999999999
6598,0.11199999999999999
6599,0.11199999999999999
6600,0.11199999999999999
6601,0.11199999999999999
6602,0.11199999999999999
6603,0.11199999999999999
6604,0.11199999999999999
6605,0.11199999999999999
6606,0.11199999999999999
6607,0.11199999999999999
6608,0.11199999999999999
6609,0.11199999999999999
6610,0.11199999999999999
6611,0.11199999999999999
6612,0.11199999999999999
6613,0.11199999999999999
6614,0.11199999999999999
6615,0.11199999999999999
6616,0.11199999999999999
6617,0.11199999999999999
6618,0.11199999999999999
6619,0.11199999999999999
6620,0.11199999999999999
6621,0.11199999999999999
6622,0.11199999999999999
6623,0.11199999999999999
6624,0.11199999999999999
6625,0.11199999999999999
6626,0.11199999999999999
6627,0.11199999999999999
6628,0.11199999999999999
6629,0.11199999999999999
6630,0.11199999999999999
6631,0.11199999999999999
6632,0.11199999999999999
6633,0.11199999999999999
6634,0.11199999999999999
6635,0.11199999999999999
6636,0.11199999999999999
6637,0.11199999999999999
6638,0.11199999999999999
6639,0.11199999999999999
6640,0.11199999999999999
6641,0.11199999999999999
6642,0.11199999999999999
6643,0.11199999999999999
6644,0.11199999999999999
6645,0.11199999999999999
6646,0.11199999999999999
6647,0.11199999999999999
6648,0.11199999999999999
6649,0.11199999999999999
6650,0.11199999999999999
6651,0.11199999999999999
6652,0.11199999999999999
6653,0.11199999999999999
6654,0.11199999999999999
6655,0.11199999999999999
6656,0.11199999999999999
6657,0.11199999999999999
6658,0.11199999999999999
6659,0.11199999999999999
6660,0.11199999999999999
6661,0.11199999999999999
6662,0.11199999999999999
6663,0.11199999999999999
6664,0.11199999999999999
6665,0.11199999999999999
6666,0.11199999999999999
6667,0.11199999999999999
6668,0.11199999999999999
6669,0.11199999999999999
6670,0.11199999999999999
6671,0.11199999999999999
6672,0.11199999999999999
6673,0.11199999999999999
6674,0.11199999999999999
6675,0.11199999999999999
6676,0.11199999999999999
6677,0.11199999999999999
6678,0.11199999999999999
6679,0.11199999999999999
6680,0.11199999999999999
6681,0.11199999999999999
6682,0.11199999999999999
6683,0.11199999999999999
6684,0.11199999999999999
6685,0.11199999999999999
6686,0.11199999999999999
6687,0.11199999999999999
6688,0.11199999999999999
6689,0.11199999999999999
6690,0.11199999999999999
6691,0.11199999999999999
6692,0.11199999999999999
6693,0.11199999999999999
6694,0.11199999999999999
6695,0.11199999999999999
6696,0.11199999999999999
6697,0.11199999999999999
6698,0.11199999999999999
6699,0.11199999999999999
6700,0.11199999999999999
6701,0.11199999999999999
6702,0.11199999999999999
6703,0.11199999999999999
6704,0.11199999999999999
6705,0.11199999999999999
6706,0.11199999999999999
6707,0.11199999999999999
6708,0.11199999999999999
6709,0.11199999999999999
6710,0.11199999999999999
6711,0.11199999999999999
6712,0.11199999999999999
6713,0.11199999999999999
6714,0.11199999999999999
6715,0.11199999999999999
6716,0.11199999999999999
6717,0.11199999999999999
6718,0.11199999999999999
6719,0.11199999999999999
6720,0.11199999999999999
6721,0.11199999999999999
6722,0.11199999999999999
6723,0.11199999999999999
6724,0.11199999999999999
6725,0.11199999999999999
6726,0.11199999999999999
6727,0.11199999999999999
6728,0.11199999999999999
6729,0.11199999999999999
6730,0.11199999999999999
6731,0.11199999999999999
6732,0.11199999999999999
6733,0.11199999999999999
6734,0.11199999999999999
6735,0.11199999999999999
6736,0.11199999999999999
6737,0.11199999999999999
6738,0.11199999999999999
6739,0.11199999999999999
6740,0.11199999999999999
6741,0.11199999999999999
6742,0.11199999999999999
6743,0.11199999999999999
6744,0.11199999999999999
6745,0.11199999999999999
6746,0.11199999999999999
6747,0.11199999999999999
6748,0.11199999999999999
6749,0.11199999999999999
6750,0.11199999999999999
6751,0.11199999999999999
6752,0.11199999999999999
6753,0.11199999999999999
6754,0.11199999999999999
6755,0.11199999999999999
6756,0.11199999999999999
6757,0.11199999999999999
6758,0.11199999999999999
6759,0.11199999999999999
6760,0.11199999999999999
6761,0.11199999999999999
6762,0.11199999999999999
6763,0.11199999999999999
6764,0.11199999999999999
6765,0.11199999999999999
6766,0.11199999999999999
6767,0.11199999999999999
6768,0.11199999999999999
6769,0.11199999999999999
6770,0.11199999999999999
6771,0.11199999999999999
6772,0.11199999999999999
6773,0.11199999999999999
6774,0.11199999999999999
6775,0.11199999999999999
6776,0.11199999999999999
6777,0.11199999999999999
6778,0.11199999999999999
6779,0.11199999999999999
6780,0.11199999999999999
6781,0.11199999999999999
6782,0.11199999999999999
6783,0.11199999999999999
6784,0.11199999999999999
6785,0.11199999999999999
6786,0.11199999999999999
6787,0.11199999999999999
6788,0.11199999999999999
6789,0.11199999999999999
6790,0.11199999999999999
6791,0.11199999999999999
6792,0.11199999999999999
6793,0.11199999999999999
6794,0.11199999999999999
6795,0.11199999999999999
6796,0.11199999999999999
6797,0.11199999999999999
6798,0.11199999999999999
6799,0.11199999999999999
6800,0.11199999999999999
6801,0.11199999999999999
6802,0.11199999999999999
6803,0.11199999999999999
6804,0.11199999999999999
6805,0.11199999999999999
6806,0.11199999999999999
6807,0.11199999999999999
6808,0.11199999999999999
6809,0.11199999999999999
6810,0.11199999999999999
6811,0.11199999999999999
6812,0.11199999999999999
6813,0.11199999999999999
6814,0.11199999999999999
6815,0.11199999999999999
6816,0.11199999999999999
6817,0.11199999999999999
6818,0.11199999999999999
6819,0.11199999999999999
6820,0.11199999999999999
6821,0.11199999999999999
6822,0.11199999999999999
6823,0.11199999999999999
6824,0.11199999999999999
6825,0.11199999999999999
6826,0.11199999999999999
6827,0.11199999999999999
6828,0.11199999999999999
6829,0.11199999999999999
6830,0.11199999999999999
6831,0.11199999999999999
6832,0.11199999999999999
6833,0.11199999999999999
6834,0.11199999999999999
6835,0.11199999999999999
6836,0.11199999999999999
6837,0.11199999999999999
6838,0.11199999999999999
6839,0.11199999999999999
6840,0.11199999999999999
6841,0.11199999999999999
6842,0.11199999999999999
6843,0.11199999999999999
6844,0.11199999999999999
6845,0.11199999999999999
6846,0.11199999999999999
6847,0.11199999999999999
6848,0.11199999999999999
6849,0.11199999999999999
6850,0.11199999999999999
6851,0.11199999999999999
6852,0.11199999999999999
6853,0.11199999999999999
6854,0.11199999999999999
6855,0.11199999999999999
6856,0.11199999999999999
6857,0.11199999999999999
6858,0.11199999999999999
6859,0.11199999999999999
6860,0.11199999999999999
6861,0.11199999999999999
6862,0.11199999999999999
6863,0.11199999999999999
6864,0.11199999999999999
6865,0.11199999999999999
6866,0.11199999999999999
6867,0.11199999999999999
6868,0.11199999999999999
6869,0.11199999999999999
6870,0.11199999999999999
6871,0.11199999999999999
6872,0.11199999999999999
6873,0.11199999999999999
6874,0.11199999999999999
6875,0.11199999999999999
6876,0.11199999999999999
6877,0.11199999999999999
6878,0.11199999999999999
6879,0.11199999999999999
6880,0.11199999999999999
6881,0.11199999999999999
6882,0.11199999999999999
6883,0.11199999999999999
6884,0.11199999999999999
6885,0.11199999999999999
6886,0.11199999999999999
6887,0.11199999999999999
6888,0.11199999999999999
6889,0.11199999999999999
6890,0.11199999999999999
6891,0.11199999999999999
6892,0.11199999999999999
6893,0.11199999999999999
6894,0.11199999999999999
6895,0.11199999999999999
6896,0.11199999999999999
6897,0.11199999999999999
6898,0.11199999999999999
6899,0.11199999999999999
6900,0.11199999999999999
6901,0.11199999999999999
6902,0.11199999999999999
6903,0.11199999999999999
6904,0.11199999999999999
6905,0.11199999999999999
6906,0.11199999999999999
6907,0.11199999999999999
6908,0.11199999999999999
6909,0.11199999999999999
6910,0.11199999999999999
6911,0.11199999999999999
6912,0.11199999999999999
6913,0.11199999999999999
6914,0.11199999999999999
6915,0.11199999999999999
6916,0.11199999999999999
6917,0.11199999999999999
6918,0.11199999999999999
6919,0.11199999999999999
6920,0.11199999999999999
6921,0.11199999999999999
6922,0.11199999999999999
6923,0.11199999999999999
6924,0.11199999999999999
6925,0.11199999999999999
6926,0.11199999999999999
6927,0.11199999999999999
6928,0.11199999999999999
6929,0.11199999999999999
6930,0.11199999999999999
6931,0.11199999999999999
6932,0.11199999999999999
6933,0.11199999999999999
6934,0.11199999999999999
6935,0.11199999999999999
6936,0.11199999999999999
6937,0.11199999999999999
6938,0.11199999999999999
6939,0.11199999999999999
6940,0.11199999999999999
6941,0.11199999999999999
6942,0.11199999999999999
6943,0.11199999999999999
6944,0.11199999999999999
6945,0.11199999999999999
6946,0.11199999999999999
6947,0.11199999999999999
6948,0.11199999999999999
6949,0.11199999999999999
6950,0.11199999999999999
6951,0.11199999999999999
6952,0.11199999999999999
6953,0.11199999999999999
6954,0.11199999999999999
6955,0.11199999999999999
6956,0.11199999999999999
6957,0.11199999999999999
6958,0.11199999999999999
6959,0.11199999999999999
6960,0.11199999999999999
6961,0.11199999999999999
6962,0.11199999999999999
6963,0.11199999999999999
6964,0.11199999999999999
6965,0.11199999999999999
6966,0.11199999999999999
6967,0.11199999999999999
6968,0.11199999999999999
6969,0.11199999999999999
6970,0.11199999999999999
6971,0.11199999999999999
6972,0.11199999999999999
6973,0.11199999999999999
6974,0.11199999999999999
6975,0.11199999999999999
6976,0.11199999999999999
6977,0.11199999999999999
6978,0.11199999999999999
6979,0.11199999999999999
6980,0.11199999999999999
6981,0.11199999999999999
6982,0.11199999999999999
6983,0.11199999999999999
6984,0.11199999999999999
6985,0.11199999999999999
6986,0.11199999999999999
6987,0.11199999999999999
6988,0.11199999999999999
6989,0.11199999999999999
6990,0.11199999999999999
6991,0.11199999999999999
6992,0.11199999999999999
6993,0.11199999999999999
6994,0.11199999999999999
6995,0.11199999999999999
6996,0.11199999999999999
6997,0.11199999999999999
6998,0.11199999999999999
6999,0.11199999999999999
7000,0.11199999999999999
7001,0.11199999999999999
7002,0.11199999999999999
7003,0.11199999999999999
7004,0.11199999999999999
7005,0.11199999999999999
7006,0.11199999999999999
7007,0.11199999999999999
7008,0.11199999999999999
7009,0.11199999999999999
7010,0.11199999999999999
7011,0.11199999999999999
7012,0.11199999999999999
7013,0.11199999999999999
7014,0.11199999999999999
7015,0.11199999999999999
7016,0.11199999999999999
7017,0.11199999999999999
7018,0.11199999999999999
7019,0.11199999999999999
7020,0.11199999999999999
7021,0.11199999999999999
7022,0.11199999999999999
7023,0.11199999999999999
7024,0.11199999999999999
7025,0.11199999999999999
7026,0.11199999999999999
7027,0.11199999999999999
7028,0.11199999999999999
7029,0.11199999999999999
7030,0.11199999999999999
7031,0.11199999999999999
7032,0.11199999999999999
7033,0.11199999999999999
7034,0.11199999999999999
7035,0.11199999999999999
7036,0.11199999999999999
7037,0.11199999999999999
7038,0.11199999999999999
7039,0.11199999999999999
7040,0.11199999999999999
7041,0.11199999999999999
7042,0.11199999999999999
7043,0.11199999999999999
7044,0.11199999999999999
7045,0.11199999999999999
7046,0.11199999999999999
7047,0.11199999999999999
7048,0.11199999999999999
7049,0.11199999999999999
7050,0.11199999999999999
7051,0.11199999999999999
7052,0.11199999999999999
7053,0.11199999999999999
7054,0.11199999999999999
7055,0.11199999999999999
7056,0.11199999999999999
7057,0.11199999999999999
7058,0.11199999999999999
7059,0.11199999999999999
7060,0.11199999999999999
7061,0.11199999999999999
7062,0.11199999999999999
7063,0.11199999999999999
7064,0.11199999999999999
7065,0.11199999999999999
7066,0.11199999999999999
7067,0.11199999999999999
7068,0.11199999999999999
7069,0.11199999999999999
7070,0.11199999999999999
7071,0.11199999999999999
7072,0.11199999999999999
7073,0.11199999999999999
7074,0.11199999999999999
7075,0.11199999999999999
7076,0.11199999999999999
7077,0.11199999999999999
7078,0.11199999999999999
7079,0.11199999999999999
7080,0.11199999999999999
7081,0.11199999999999999
7082,0.11199999999999999
7083,0.11199999999999999
7084,0.11199999999999999
7085,0.11199999999999999
7086,0.11199999999999999
7087,0.11199999999999999
7088,0.11199999999999999
7089,0.11199999999999999
7090,0.11199999999999999
7091,0.11199999999999999
7092,0.11199999999999999
7093,0.11199999999999999
7094,0.11199999999999999
7095,0.11199999999999999
7096,0.11199999999999999
7097,0.11199999999999999
7098,0.11199999999999999
7099,0.11199999999999999
7100,0.11199999999999999
7101,0.11199999999999999
7102,0.11199999999999999
7103,0.11199999999999999
7104,0.11199999999999999
7105,0.11199999999999999
7106,0.11199999999999999
7107,0.11199999999999999
7108,0.11199999999999999
7109,0.11199999999999999
7110,0.11199999999999999
7111,0.11199999999999999
7112,0.11199999999999999
7113,0.11199999999999999
7114,0.11199999999999999
7115,0.11199999999999999
7116,0.11199999999999999
7117,0.11199999999999999
7118,0.11199999999999999
7119,0.11199999999999999
7120,0.11199999999999999
7121,0.11199999999999999
7122,0.11199999999999999
7123,0.11199999999999999
7124,0.11199999999999999
7125,0.11199999999999999
7126,0.11199999999999999
7127,0.11199999999999999
7128,0.11199999999999999
7129,0.11199999999999999
7130,0.11199999999999999
7131,0.11199999999999999
7132,0.11199999999999999
7133,0.11199999999999999
7134,0.11199999999999999
7135,0.11199999999999999
7136,0.11199999999999999
7137,0.11199999999999999
7138,0.11199999999999999
7139,0.11199999999999999
7140,0.11199999999999999
7141,0.11199999999999999
7142,0.11199999999999999
7143,0.11199999999999999
7144,0.11199999999999999
7145,0.11199999999999999
7146,0.11199999999999999
7147,0.11199999999999999
7148,0.11199999999999999
7149,0.11199999999999999
7150,0.11199999999999999
7151,0.11199999999999999
7152,0.11199999999999999
7153,0.11199999999999999
7154,0.11199999999999999
7155,0.11199999999999999
7156,0.11199999999999999
7157,0.11199999999999999
7158,0.11199999999999999
7159,0.11199999999999999
7160,0.11199999999999999
7161,0.11199999999999999
7162,0.11199999999999999
7163,0.11199999999999999
7164,0.11199999999999999
7165,0.11199999999999999
7166,0.11199999999999999
7167,0.11199999999999999
7168,0.11199999999999999
7169,0.11199999999999999
7170,0.11199999999999999
7171,0.11199999999999999
7172,0.11199999999999999
7173,0.11199999999999999
7174,0.11199999999999999
7175,0.11199999999999999
7176,0.11199999999999999
7177,0.11199999999999999
7178,0.11199999999999999
7179,0.11199999999999999
7180,0.11199999999999999
7181,0.11199999999999999
7182,0.11199999999999999
7183,0.11199999999999999
7184,0.11199999999999999
7185,0.11199999999999999
7186,0.11199999999999999
7187,0.11199999999999999
7188,0.11199999999999999
7189,0.11199999999999999
7190,0.11199999999999999
7191,0.11199999999999999
7192,0.11199999999999999
7193,0.11199999999999999
7194,0.11199999999999999
7195,0.11199999999999999
7196,0.11199999999999999
7197,0.11199999999999999
7198,0.11199999999999999
7199,0.11199999999999999
7200,0.11199999999999999
7201,0.11199999999999999
7202,0.11199999999999999
7203,0.11199999999999999
7204,0.11199999999999999
7205,0.11199999999999999
7206,0.11199999999999999
7207,0.11199999999999999
7208,0.11199999999999999
7209,0.11199999999999999
7210,0.11199999999999999
7211,0.11199999999999999
7212,0.11199999999999999
7213,0.11199999999999999
7214,0.11199999999999999
7215,0.11199999999999999
7216,0.11199999999999999
7217,0.11199999999999999
7218,0.11199999999999999
7219,0.11199999999999999
7220,0.11199999999999999
7221,0.11199999999999999
7222,0.11199999999999999
7223,0.11199999999999999
7224,0.11199999999999999
7225,0.11199999999999999
7226,0.11199999999999999
7227,0.11199999999999999
7228,0.11199999999999999
7229,0.11199999999999999
7230,0.11199999999999999
7231,0.11199999999999999
7232,0.11199999999999999
7233,0.11199999999999999
7234,0.11199999999999999
7235,0.11199999999999999
7236,0.11199999999999999
7237,0.11199999999999999
7238,0.11199999999999999
7239,0.11199999999999999
7240,0.11199999999999999
7241,0.11199999999999999
7242,0.11199999999999999
7243,0.11199999999999999
7244,0.11199999999999999
7245,0.11199999999999999
7246,0.11199999999999999
7247,0.11199999999999999
7248,0.11199999999999999
7249,0.11199999999999999
7250,0.11199999999999999
7251,0.11199999999999999
7252,0.11199999999999999
7253,0.11199999999999999
7254,0.11199999999999999
7255,0.11199999999999999
7256,0.11199999999999999
7257,0.11199999999999999
7258,0.11199999999999999
7259,0.11199999999999999
7260,0.11199999999999999
7261,0.11199999999999999
7262,0.11199999999999999
7263,0.11199999999999999
7264,0.11199999999999999
7265,0.11199999999999999
7266,0.11199999999999999
7267,0.11199999999999999
7268,0.11199999999999999
7269,0.11199999999999999
7270,0.11199999999999999
7271,0.11199999999999999
7272,0.11199999999999999
7273,0.11199999999999999
7274,0.11199999999999999
7275,0.11199999999999999
7276,0.11199999999999999
7277,0.11199999999999999
7278,0.11199999999999999
7279,0.11199999999999999
7280,0.11199999999999999
7281,0.11199999999999999
7282,0.11199999999999999
7283,0.11199999999999999
7284,0.11199999999999999
7285,0.11199999999999999
7286,0.11199999999999999
7287,0.11199999999999999
7288,0.11199999999999999
7289,0.11199999999999999
7290,0.11199999999999999
7291,0.11199999999999999
7292,0.11199999999999999
7293,0.11199999999999999
7294,0.11199999999999999
7295,0.11199999999999999
7296,0.11199999999999999
7297,0.11199999999999999
7298,0.11199999999999999
7299,0.11199999999999999
7300,0.11199999999999999
7301,0.11199999999999999
7302,0.11199999999999999
7303,0.11199999999999999
7304,0.11199999999999999
7305,0.11199999999999999
7306,0.11199999999999999
7307,0.11199999999999999
7308,0.11199999999999999
7309,0.11199999999999999
7310,0.11199999999999999
7311,0.11199999999999999
7312,0.11199999999999999
7313,0.11199999999999999
7314,0.11199999999999999
7315,0.11199999999999999
7316,0.11199999999999999
7317,0.11199999999999999
7318,0.11199999999999999
7319,0.11199999999999999
7320,0.11199999999999999
7321,0.11199999999999999
7322,0.11199999999999999
7323,0.11199999999999999
7324,0.11199999999999999
7325,0.11199999999999999
7326,0.11199999999999999
7327,0.11199999999999999
7328,0.11199999999999999
7329,0.11199999999999999
7330,0.11199999999999999
7331,0.11199999999999999
7332,0.11199999999999999
7333,0.11199999999999999
7334,0.11199999999999999
7335,0.11199999999999999
7336,0.11199999999999999
7337,0.11199999999999999
7338,0.11199999999999999
7339,0.11199999999999999
7340,0.11199999999999999
7341,0.11199999999999999
7342,0.11199999999999999
7343,0.11199999999999999
7344,0.11199999999999999
7345,0.11199999999999999
7346,0.11199999999999999
7347,0.11199999999999999
7348,0.11199999999999999
7349,0.11199999999999999
7350,0.11199999999999999
7351,0.11199999999999999
7352,0.11199999999999999
7353,0.11199999999999999
7354,0.11199999999999999
7355,0.11199999999999999
7356,0.11199999999999999
7357,0.11199999999999999
7358,0.11199999999999999
7359,0.11199999999999999
7360,0.11199999999999999
7361,0.11199999999999999
7362,0.11199999999999999
7363,0.11199999999999999
7364,0.11199999999999999
7365,0.11199999999999999
7366,0.11199999999999999
7367,0.11199999999999999
7368,0.11199999999999999
7369,0.11199999999999999
7370,0.11199999999999999
7371,0.11199999999999999
7372,0.11199999999999999
7373,0.11199999999999999
7374,0.11199999999999999
7375,0.11199999999999999
7376,0.11199999999999999
7377,0.11199999999999999
7378,0.11199999999999999
7379,0.11199999999999999
7380,0.11199999999999999
7381,0.11199999999999999
7382,0.11199999999999999
7383,0.11199999999999999
7384,0.11199999999999999
7385,0.11199999999999999
7386,0.11199999999999999
7387,0.11199999999999999
7388,0.11199999999999999
7389,0.11199999999999999
7390,0.11199999999999999
7391,0.11199999999999999
7392,0.11199999999999999
7393,0.11199999999999999
7394,0.11199999999999999
7395,0.11199999999999999
7396,0.11199999999999999
7397,0.11199999999999999
7398,0.11199999999999999
7399,0.11199999999999999
7400,0.11199999999999999
7401,0.11199999999999999
7402,0.11199999999999999
7403,0.11199999999999999
7404,0.11199999999999999
7405,0.11199999999999999
7406,0.11199999999999999
7407,0.11199999999999999
7408,0.11199999999999999
7409,0.11199999999999999
7410,0.11199999999999999
7411,0.11199999999999999
7412,0.11199999999999999
7413,0.11199999999999999
7414,0.11199999999999999
7415,0.11199999999999999
7416,0.11199999999999999
7417,0.11199999999999999
7418,0.11199999999999999
7419,0.11199999999999999
7420,0.11199999999999999
7421,0.11199999999999999
7422,0.11199999999999999
7423,0.11199999999999999
7424,0.11199999999999999
7425,0.11199999999999999
7426,0.11199999999999999
7427,0.11199999999999999
7428,0.11199999999999999
7429,0.11199999999999999
7430,0.11199999999999999
7431,0.11199999999999999
7432,0.11199999999999999
7433,0.11199999999999999
7434,0.11199999999999999
7435,0.11199999999999999
7436,0.11199999999999999
7437,0.11199999999999999
7438,0.11199999999999999
7439,0.11199999999999999
7440,0.11199999999999999
7441,0.11199999999999999
7442,0.11199999999999999
7443,0.11199999999999999
7444,0.11199999999999999
7445,0.11199999999999999
7446,0.11199999999999999
7447,0.11199999999999999
7448,0.11199999999999999
7449,0.11199999999999999
7450,0.11199999999999999
7451,0.11199999999999999
7452,0.11199999999999999
7453,0.11199999999999999
7454,0.11199999999999999
7455,0.11199999999999999
7456,0.11199999999999999
7457,0.11199999999999999
7458,0.11199999999999999
7459,0.11199999999999999
7460,0.11199999999999999
7461,0.11199999999999999
7462,0.11199999999999999
7463,0.11199999999999999
7464,0.11199999999999999
7465,0.11199999999999999
7466,0.11199999999999999
7467,0.11199999999999999
7468,0.11199999999999999
7469,0.11199999999999999
7470,0.11199999999999999
7471,0.11199999999999999
7472,0.11199999999999999
7473,0.11199999999999999
7474,0.11199999999999999
7475,0.11199999999999999
7476,0.11199999999999999
7477,0.11199999999999999
7478,0.11199999999999999
7479,0.11199999999999999
7480,0.11199999999999999
7481,0.11199999999999999
7482,0.11199999999999999
7483,0.11199999999999999
7484,0.11199999999999999
7485,0.11199999999999999
7486,0.11199999999999999
7487,0.11199999999999999
7488,0.11199999999999999
7489,0.11199999999999999
7490,0.11199999999999999
7491,0.11199999999999999
7492,0.11199999999999999
7493,0.11199999999999999
7494,0.11199999999999999
7495,0.11199999999999999
7496,0.11199999999999999
7497,0.11199999999999999
7498,0.11199999999999999
7499,0.11199999999999999
7500,0.11199999999999999
7501,0.11199999999999999
7502,0.11199999999999999
7503,0.11199999999999999
7504,0.11199999999999999
7505,0.11199999999999999
7506,0.11199999999999999
7507,0.11199999999999999
7508,0.11199999999999999
7509,0.11199999999999999
7510,0.11199999999999999
7511,0.11199999999999999
7512,0.11199999999999999
7513,0.11199999999999999
7514,0.11199999999999999
7515,0.11199999999999999
7516,0.11199999999999999
7517,0.11199999999999999
7518,0.11199999999999999
7519,0.11199999999999999
7520,0.11199999999999999
7521,0.11199999999999999
7522,0.11199999999999999
7523,0.11199999999999999
7524,0.11199999999999999
7525,0.11199999999999999
7526,0.11199999999999999
7527,0.11199999999999999
7528,0.11199999999999999
7529,0.11199999999999999
7530,0.11199999999999999
7531,0.11199999999999999
7532,0.11199999999999999
7533,0.11199999999999999
7534,0.11199999999999999
7535,0.11199999999999999
7536,0.11199999999999999
7537,0.11199999999999999
7538,0.11199999999999999
7539,0.11199999999999999
7540,0.11199999999999999
7541,0.11199999999999999
7542,0.11199999999999999
7543,0.11199999999999999
7544,0.11199999999999999
7545,0.11199999999999999
7546,0.11199999999999999
7547,0.11199999999999999
7548,0.11199999999999999
7549,0.11199999999999999
7550,0.11199999999999999
7551,0.11199999999999999
7552,0.11199999999999999
7553,0.11199999999999999
7554,0.11199999999999999
7555,0.11199999999999999
7556,0.11199999999999999
7557,0.11199999999999999
7558,0.11199999999999999
7559,0.11199999999999999
7560,0.11199999999999999
7561,0.11199999999999999
7562,0.11199999999999999
7563,0.11199999999999999
7564,0.11199999999999999
7565,0.11199999999999999
7566,0.11199999999999999
7567,0.11199999999999999
7568,0.11199999999999999
7569,0.11199999999999999
7570,0.11199999999999999
7571,0.11199999999999999
7572,0.11199999999999999
7573,0.11199999999999999
7574,0.11199999999999999
7575,0.11199999999999999
7576,0.11199999999999999
7577,0.11199999999999999
7578,0.11199999999999999
7579,0.11199999999999999
7580,0.11199999999999999
7581,0.11199999999999999
7582,0.11199999999999999
7583,0.11199999999999999
7584,0.11199999999999999
7585,0.11199999999999999
7586,0.11199999999999999
7587,0.11199999999999999
7588,0.11199999999999999
7589,0.11199999999999999
7590,0.11199999999999999
7591,0.11199999999999999
7592,0.11199999999999999
7593,0.11199999999999999
7594,0.11199999999999999
7595,0.11199999999999999
7596,0.11199999999999999
7597,0.11199999999999999
7598,0.11199999999999999
7599,0.11199999999999999
7600,0.11199999999999999
7601,0.11199999999999999
7602,0.11199999999999999
7603,0.11199999999999999
7604,0.11199999999999999
7605,0.11199999999999999
7606,0.11199999999999999
7607,0.11199999999999999
7608,0.11199999999999999
7609,0.11199999999999999
7610,0.11199999999999999
7611,0.11199999999999999
7612,0.11199999999999999
7613,0.11199999999999999
7614,0.11199999999999999
7615,0.11199999999999999
7616,0.11199999999999999
7617,0.11199999999999999
7618,0.11199999999999999
7619,0.11199999999999999
7620,0.11199999999999999
7621,0.11199999999999999
7622,0.11199999999999999
7623,0.11199999999999999
7624,0.11199999999999999
7625,0.11199999999999999
7626,0.11199999999999999
7627,0.11199999999999999
7628,0.11199999999999999
7629,0.11199999999999999
7630,0.11199999999999999
7631,0.11199999999999999
7632,0.11199999999999999
7633,0.11199999999999999
7634,0.11199999999999999
7635,0.11199999999999999
7636,0.11199999999999999
7637,0.11199999999999999
7638,0.11199999999999999
7639,0.11199999999999999
7640,0.11199999999999999
7641,0.11199999999999999
7642,0.11199999999999999
7643,0.11199999999999999
7644,0.11199999999999999
7645,0.11199999999999999
7646,0.11199999999999999
7647,0.11199999999999999
7648,0.11199999999999999
7649,0.11199999999999999
7650,0.11199999999999999
7651,0.11199999999999999
7652,0.11199999999999999
7653,0.11199999999999999
7654,0.11199999999999999
7655,0.11199999999999999
7656,0.11199999999999999
7657,0.11199999999999999
7658,0.11199999999999999
7659,0.11199999999999999
7660,0.11199999999999999
7661,0.11199999999999999
7662,0.11199999999999999
7663,0.11199999999999999
7664,0.11199999999999999
7665,0.11199999999999999
7666,0.11199999999999999
7667,0.11199999999999999
7668,0.11199999999999999
7669,0.11199999999999999
7670,0.11199999999999999
7671,0.11199999999999999
7672,0.11199999999999999
7673,0.11199999999999999
7674,0.11199999999999999
7675,0.11199999999999999
7676,0.11199999999999999
7677,0.11199999999999999
7678,0.11199999999999999
7679,0.11199999999999999
7680,0.11199999999999999
7681,0.11199999999999999
7682,0.11199999999999999
7683,0.11199999999999999
7684,0.11199999999999999
7685,0.11199999999999999
7686,0.11199999999999999
7687,0.11199999999999999
7688,0.11199999999999999
7689,0.11199999999999999
7690,0.11199999999999999
7691,0.11199999999999999
7692,0.11199999999999999
7693,0.11199999999999999
7694,0.11199999999999999
7695,0.11199999999999999
7696,0.11199999999999999
7697,0.11199999999999999
7698,0.11199999999999999
7699,0.11199999999999999
7700,0.11199999999999999
7701,0.11199999999999999
7702,0.11199999999999999
7703,0.11199999999999999
7704,0.11199999999999999
7705,0.11199999999999999
7706,0.11199999999999999
7707,0.11199999999999999
7708,0.11199999999999999
7709,0.11199999999999999
7710,0.11199999999999999
7711,0.11199999999999999
7712,0.11199999999999999
7713,0.11199999999999999
7714,0.11199999999999999
7715,0.11199999999999999
7716,0.11199999999999999
7717,0.11199999999999999
7718,0.11199999999999999
7719,0.11199999999999999
7720,0.11199999999999999
7721,0.11199999999999999
7722,0.11199999999999999
7723,0.11199999999999999
7724,0.11199999999999999
7725,0.11199999999999999
7726,0.11199999999999999
7727,0.11199999999999999
7728,0.11199999999999999
7729,0.11199999999999999
7730,0.11199999999999999
7731,0.11199999999999999
7732,0.11199999999999999
7733,0.11199999999999999
7734,0.11199999999999999
7735,0.11199999999999999
7736,0.11199999999999999
7737,0.11199999999999999
7738,0.11199999999999999
7739,0.11199999999999999
7740,0.11199999999999999
7741,0.11199999999999999
7742,0.11199999999999999
7743,0.11199999999999999
7744,0.11199999999999999
7745,0.11199999999999999
7746,0.11199999999999999
7747,0.11199999999999999
7748,0.11199999999999999
7749,0.11199999999999999
7750,0.11199999999999999
7751,0.11199999999999999
7752,0.11199999999999999
7753,0.11199999999999999
7754,0.11199999999999999
7755,0.11199999999999999
7756,0.11199999999999999
7757,0.11199999999999999
7758,0.11199999999999999
7759,0.11199999999999999
7760,0.11199999999999999
7761,0.11199999999999999
7762,0.11199999999999999
7763,0.11199999999999999
7764,0.11199999999999999
7765,0.11199999999999999
7766,0.11199999999999999
7767,0.11199999999999999
7768,0.11199999999999999
7769,0.11199999999999999
7770,0.11199999999999999
7771,0.11199999999999999
7772,0.11199999999999999
7773,0.11199999999999999
7774,0.11199999999999999
7775,0.11199999999999999
7776,0.11199999999999999
7777,0.11199999999999999
7778,0.11199999999999999
7779,0.11199999999999999
7780,0.11199999999999999
7781,0.11199999999999999
7782,0.11199999999999999
7783,0.11199999999999999
7784,0.11199999999999999
7785,0.11199999999999999
7786,0.11199999999999999
7787,0.11199999999999999
7788,0.11199999999999999
7789,0.11199999999999999
7790,0.11199999999999999
7791,0.11199999999999999
7792,0.11199999999999999
7793,0.11199999999999999
7794,0.11199999999999999
7795,0.11199999999999999
7796,0.11199999999999999
7797,0.11199999999999999
7798,0.11199999999999999
7799,0.11199999999999999
7800,0.11199999999999999
7801,0.11199999999999999
7802,0.11199999999999999
7803,0.11199999999999999
7804,0.11199999999999999
7805,0.11199999999999999
7806,0.11199999999999999
7807,0.11199999999999999
7808,0.11199999999999999
7809,0.11199999999999999
7810,0.11199999999999999
7811,0.11199999999999999
7812,0.11199999999999999
7813,0.11199999999999999
7814,0.11199999999999999
7815,0.11199999999999999
7816,0.11199999999999999
7817,0.11199999999999999
7818,0.11199999999999999
7819,0.11199999999999999
7820,0.11199999999999999
7821,0.11199999999999999
7822,0.11199999999999999
7823,0.11199999999999999
7824,0.11199999999999999
7825,0.11199999999999999
7826,0.11199999999999999
7827,0.11199999999999999
7828,0.11199999999999999
7829,0.11199999999999999
7830,0.11199999999999999
7831,0.11199999999999999
7832,0.11199999999999999
7833,0.11199999999999999
7834,0.11199999999999999
7835,0.11199999999999999
7836,0.11199999999999999
7837,0.11199999999999999
7838,0.11199999999999999
7839,0.11199999999999999
7840,0.11199999999999999
7841,0.11199999999999999
7842,0.11199999999999999
7843,0.11199999999999999
7844,0.11199999999999999
7845,0.11199999999999999
7846,0.11199999999999999
7847,0.11199999999999999
7848,0.11199999999999999
7849,0.11199999999999999
7850,0.11199999999999999
7851,0.11199999999999999
7852,0.11199999999999999
7853,0.11199999999999999
7854,0.11199999999999999
7855,0.11199999999999999
7856,0.11199999999999999
7857,0.11199999999999999
7858,0.11199999999999999
7859,0.11199999999999999
7860,0.11199999999999999
7861,0.11199999999999999
7862,0.11199999999999999
7863,0.11199999999999999
7864,0.11199999999999999
7865,0.11199999999999999
7866,0.11199999999999999
7867,0.11199999999999999
7868,0.11199999999999999
7869,0.11199999999999999
7870,0.11199999999999999
7871,0.11199999999999999
7872,0.11199999999999999
7873,0.11199999999999999
7874,0.11199999999999999
7875,0.11199999999999999
7876,0.11199999999999999
7877,0.11199999999999999
7878,0.11199999999999999
7879,0.11199999999999999
7880,0.11199999999999999
7881,0.11199999999999999
7882,0.11199999999999999
7883,0.11199999999999999
7884,0.11199999999999999
7885,0.11199999999999999
7886,0.11199999999999999
7887,0.11199999999999999
7888,0.11199999999999999
7889,0.11199999999999999
7890,0.11199999999999999
7891,0.11199999999999999
7892,0.11199999999999999
7893,0.11199999999999999
7894,0.11199999999999999
7895,0.11199999999999999
7896,0.11199999999999999
7897,0.11199999999999999
7898,0.11199999999999999
7899,0.11199999999999999
7900,0.11199999999999999
7901,0.11199999999999999
7902,0.11199999999999999
7903,0.11199999999999999
7904,0.11199999999999999
7905,0.11199999999999999
7906,0.11199999999999999
7907,0.11199999999999999
7908,0.11199999999999999
7909,0.11199999999999999
7910,0.11199999999999999
7911,0.11199999999999999
7912,0.11199999999999999
7913,0.11199999999999999
7914,0.11199999999999999
7915,0.11199999999999999
7916,0.11199999999999999
7917,0.11199999999999999
7918,0.11199999999999999
7919,0.11199999999999999
7920,0.11199999999999999
7921,0.11199999999999999
7922,0.11199999999999999
7923,0.11199999999999999
7924,0.11199999999999999
7925,0.11199999999999999
7926,0.11199999999999999
7927,0.11199999999999999
7928,0.11199999999999999
7929,0.11199999999999999
7930,0.11199999999999999
7931,0.11199999999999999
7932,0.11199999999999999
7933,0.11199999999999999
7934,0.11199999999999999
7935,0.11199999999999999
7936,0.11199999999999999
7937,0.11199999999999999
7938,0.11199999999999999
7939,0.11199999999999999
7940,0.11199999999999999
7941,0.11199999999999999
7942,0.11199999999999999
7943,0.11199999999999999
7944,0.11199999999999999
7945,0.11199999999999999
7946,0.11199999999999999
7947,0.11199999999999999
7948,0.11199999999999999
7949,0.11199999999999999
7950,0.11199999999999999
7951,0.11199999999999999
7952,0.11199999999999999
7953,0.11199999999999999
7954,0.11199999999999999
7955,0.11199999999999999
7956,0.11199999999999999
7957,0.11199999999999999
7958,0.11199999999999999
7959,0.11199999999999999
7960,0.11199999999999999
7961,0.11199999999999999
7962,0.11199999999999999
7963,0.11199999999999999
7964,0.11199999999999999
7965,0.11199999999999999
7966,0.11199999999999999
7967,0.11199999999999999
7968,0.11199999999999999
7969,0.11199999999999999
7970,0.11199999999999999
7971,0.11199999999999999
7972,0.11199999999999999
7973,0.11199999999999999
7974,0.11199999999999999
7975,0.11199999999999999
7976,0.11199999999999999
7977,0.11199999999999999
7978,0.11199999999999999
7979,0.11199999999999999
7980,0.11199999999999999
7981,0.11199999999999999
7982,0.11199999999999999
7983,0.11199999999999999
7984,0.11199999999999999
7985,0.11199999999999999
7986,0.11199999999999999
7987,0.11199999999999999
7988,0.11199999999999999
7989,0.11199999999999999
7990,0.11199999999999999
7991,0.11199999999999999
7992,0.11199999999999999
7993,0.11199999999999999
7994,0.11199999999999999
7995,0.11199999999999999
7996,0.11199999999999999
7997,0.11199999999999999
7998,0.11199999999999999
7999,0.11199999999999999
8000,0.11199999999999999
8001,0.11199999999999999
8002,0.11199999999999999
8003,0.11199999999999999
8004,0.11199999999999999
8005,0.11199999999999999
8006,0.11199999999999999
8007,0.11199999999999999
8008,0.11199999999999999
8009,0.11199999999999999
8010,0.11199999999999999
8011,0.11199999999999999
8012,0.11199999999999999
8013,0.11199999999999999
8014,0.11199999999999999
8015,0.11199999999999999
8016,0.11199999999999999
8017,0.11199999999999999
8018,0.11199999999999999
8019,0.11199999999999999
8020,0.11199999999999999
8021,0.11199999999999999
8022,0.11199999999999999
8023,0.11199999999999999
8024,0.11199999999999999
8025,0.11199999999999999
8026,0.11199999999999999
8027,0.11199999999999999
8028,0.11199999999999999
8029,0.11199999999999999
8030,0.11199999999999999
8031,0.11199999999999999
8032,0.11199999999999999
8033,0.11199999999999999
8034,0.11199999999999999
8035,0.11199999999999999
8036,0.11199999999999999
8037,0.11199999999999999
8038,0.11199999999999999
8039,0.11199999999999999
8040,0.11199999999999999
8041,0.11199999999999999
8042,0.11199999999999999
8043,0.11199999999999999
8044,0.11199999999999999
8045,0.11199999999999999
8046,0.11199999999999999
8047,0.11199999999999999
8048,0.11199999999999999
8049,0.11199999999999999
8050,0.11199999999999999
8051,0.11199999999999999
8052,0.11199999999999999
8053,0.11199999999999999
8054,0.11199999999999999
8055,0.11199999999999999
8056,0.11199999999999999
8057,0.11199999999999999
8058,0.11199999999999999
8059,0.11199999999999999
8060,0.11199999999999999
8061,0.11199999999999999
8062,0.11199999999999999
8063,0.11199999999999999
8064,0.11199999999999999
8065,0.11199999999999999
8066,0.11199999999999999
8067,0.11199999999999999
8068,0.11199999999999999
8069,0.11199999999999999
8070,0.11199999999999999
8071,0.11199999999999999
8072,0.11199999999999999
8073,0.11199999999999999
8074,0.11199999999999999
8075,0.11199999999999999
8076,0.11199999999999999
8077,0.11199999999999999
8078,0.11199999999999999
8079,0.11199999999999999
8080,0.11199999999999999
8081,0.11199999999999999
8082,0.11199999999999999
8083,0.11199999999999999
8084,0.11199999999999999
8085,0.11199999999999999
8086,0.11199999999999999
8087,0.11199999999999999
8088,0.11199999999999999
8089,0.11199999999999999
8090,0.11199999999999999
8091,0.11199999999999999
8092,0.11199999999999999
8093,0.11199999999999999
8094,0.11199999999999999
8095,0.11199999999999999
8096,0.11199999999999999
8097,0.11199999999999999
8098,0.11199999999999999
8099,0.11199999999999999
8100,0.11199999999999999
8101,0.11199999999999999
8102,0.11199999999999999
8103,0.11199999999999999
8104,0.11199999999999999
8105,0.11199999999999999
8106,0.11199999999999999
8107,0.11199999999999999
8108,0.11199999999999999
8109,0.11199999999999999
8110,0.11199999999999999
8111,0.11199999999999999
8112,0.11199999999999999
8113,0.11199999999999999
8114,0.11199999999999999
8115,0.11199999999999999
8116,0.11199999999999999
8117,0.11199999999999999
8118,0.11199999999999999
8119,0.11199999999999999
8120,0.11199999999999999
8121,0.11199999999999999
8122,0.11199999999999999
8123,0.11199999999999999
8124,0.11199999999999999
8125,0.11199999999999999
8126,0.11199999999999999
8127,0.11199999999999999
8128,0.11199999999999999
8129,0.11199999999999999
8130,0.11199999999999999
8131,0.11199999999999999
8132,0.11199999999999999
8133,0.11199999999999999
8134,0.11199999999999999
8135,0.11199999999999999
8136,0.11199999999999999
8137,0.11199999999999999
8138,0.11199999999999999
8139,0.11199999999999999
8140,0.11199999999999999
8141,0.11199999999999999
8142,0.11199999999999999
8143,0.11199999999999999
8144,0.11199999999999999
8145,0.11199999999999999
8146,0.11199999999999999
8147,0.11199999999999999
8148,0.11199999999999999
8149,0.11199999999999999
8150,0.11199999999999999
8151,0.11199999999999999
8152,0.11199999999999999
8153,0.11199999999999999
8154,0.11199999999999999
8155,0.11199999999999999
8156,0.11199999999999999
8157,0.11199999999999999
8158,0.11199999999999999
8159,0.11199999999999999
8160,0.11199999999999999
8161,0.11199999999999999
8162,0.11199999999999999
8163,0.11199999999999999
8164,0.11199999999999999
8165,0.11199999999999999
8166,0.11199999999999999
8167,0.11199999999999999
8168,0.11199999999999999
8169,0.11199999999999999
8170,0.11199999999999999
8171,0.11199999999999999
8172,0.11199999999999999
8173,0.11199999999999999
8174,0.11199999999999999
8175,0.11199999999999999
8176,0.11199999999999999
8177,0.11199999999999999
8178,0.11199999999999999
8179,0.11199999999999999
8180,0.11199999999999999
8181,0.11199999999999999
8182,0.11199999999999999
8183,0.11199999999999999
8184,0.11199999999999999
8185,0.11199999999999999
8186,0.11199999999999999
8187,0.11199999999999999
8188,0.11199999999999999
8189,0.11199999999999999
8190,0.11199999999999999
8191,0.11199999999999999
8192,0.11199999999999999
8193,0.11199999999999999
8194,0.11199999999999999
8195,0.11199999999999999
8196,0.11199999999999999
8197,0.11199999999999999
8198,0.11199999999999999
8199,0.11199999999999999
8200,0.11199999999999999
8201,0.11199999999999999
8202,0.11199999999999999
8203,0.11199999999999999
8204,0.11199999999999999
8205,0.11199999999999999
8206,0.11199999999999999
8207,0.11199999999999999
8208,0.11199999999999999
8209,0.11199999999999999
8210,0.11199999999999999
8211,0.11199999999999999
8212,0.11199999999999999
8213,0.11199999999999999
8214,0.11199999999999999
8215,0.11199999999999999
8216,0.11199999999999999
8217,0.11199999999999999
8218,0.11199999999999999
8219,0.11199999999999999
8220,0.11199999999999999
8221,0.11199999999999999
8222,0.11199999999999999
8223,0.11199999999999999
8224,0.11199999999999999
8225,0.11199999999999999
8226,0.11199999999999999
8227,0.11199999999999999
8228,0.11199999999999999
8229,0.11199999999999999
8230,0.11199999999999999
8231,0.11199999999999999
8232,0.11199999999999999
8233,0.11199999999999999
8234,0.11199999999999999
8235,0.11199999999999999
8236,0.11199999999999999
8237,0.11199999999999999
8238,0.11199999999999999
8239,0.11199999999999999
8240,0.11199999999999999
8241,0.11199999999999999
8242,0.11199999999999999
8243,0.11199999999999999
8244,0.11199999999999999
8245,0.11199999999999999
8246,0.11199999999999999
8247,0.11199999999999999
8248,0.11199999999999999
8249,0.11199999999999999
8250,0.11199999999999999
8251,0.11199999999999999
8252,0.11199999999999999
8253,0.11199999999999999
8254,0.11199999999999999
8255,0.11199999999999999
8256,0.11199999999999999
8257,0.11199999999999999
8258,0.11199999999999999
8259,0.11199999999999999
8260,0.11199999999999999
8261,0.11199999999999999
8262,0.11199999999999999
8263,0.11199999999999999
8264,0.11199999999999999
8265,0.11199999999999999
8266,0.11199999999999999
8267,0.11199999999999999
8268,0.11199999999999999
8269,0.11199999999999999
8270,0.11199999999999999
8271,0.11199999999999999
8272,0.11199999999999999
8273,0.11199999999999999
8274,0.11199999999999999
8275,0.11199999999999999
8276,0.11199999999999999
8277,0.11199999999999999
8278,0.11199999999999999
8279,0.11199999999999999
8280,0.11199999999999999
8281,0.11199999999999999
8282,0.11199999999999999
8283,0.11199999999999999
8284,0.11199999999999999
8285,0.11199999999999999
8286,0.11199999999999999
8287,0.11199999999999999
8288,0.11199999999999999
8289,0.11199999999999999
8290,0.11199999999999999
8291,0.11199999999999999
8292,0.11199999999999999
8293,0.11199999999999999
8294,0.11199999999999999
8295,0.11199999999999999
8296,0.11199999999999999
8297,0.11199999999999999
8298,0.11199999999999999
8299,0.11199999999999999
8300,0.11199999999999999
8301,0.11199999999999999
8302,0.11199999999999999
8303,0.11199999999999999
8304,0.11199999999999999
8305,0.11199999999999999
8306,0.11199999999999999
8307,0.11199999999999999
8308,0.11199999999999999
8309,0.11199999999999999
8310,0.11199999999999999
8311,0.11199999999999999
8312,0.11199999999999999
8313,0.11199999999999999
8314,0.11199999999999999
8315,0.11199999999999999
8316,0.11199999999999999
8317,0.11199999999999999
8318,0.11199999999999999
8319,0.11199999999999999
8320,0.11199999999999999
8321,0.11199999999999999
8322,0.11199999999999999
8323,0.11199999999999999
8324,0.11199999999999999
8325,0.11199999999999999
8326,0.11199999999999999
8327,0.11199999999999999
8328,0.11199999999999999
8329,0.11199999999999999
8330,0.11199999999999999
8331,0.11199999999999999
8332,0.11199999999999999
8333,0.11199999999999999
8334,0.11199999999999999
8335,0.11199999999999999
8336,0.11199999999999999
8337,0.11199999999999999
8338,0.11199999999999999
8339,0.11199999999999999
8340,0.11199999999999999
8341,0.11199999999999999
8342,0.11199999999999999
8343,0.11199999999999999
8344,0.11199999999999999
8345,0.11199999999999999
8346,0.11199999999999999
8347,0.11199999999999999
8348,0.11199999999999999
8349,0.11199999999999999
8350,0.11199999999999999
8351,0.11199999999999999
8352,0.11199999999999999
8353,0.11199999999999999
8354,0.11199999999999999
8355,0.11199999999999999
8356,0.11199999999999999
8357,0.11199999999999999
8358,0.11199999999999999
8359,0.11199999999999999
8360,0.11199999999999999
8361,0.11199999999999999
8362,0.11199999999999999
8363,0.11199999999999999
8364,0.11199999999999999
8365,0.11199999999999999
8366,0.11199999999999999
8367,0.11199999999999999
8368,0.11199999999999999
8369,0.11199999999999999
8370,0.11199999999999999
8371,0.11199999999999999
8372,0.11199999999999999
8373,0.11199999999999999
8374,0.11199999999999999
8375,0.11199999999999999
8376,0.11199999999999999
8377,0.11199999999999999
8378,0.11199999999999999
8379,0.11199999999999999
8380,0.11199999999999999
8381,0.11199999999999999
8382,0.11199999999999999
8383,0.11199999999999999
8384,0.11199999999999999
8385,0.11199999999999999
8386,0.11199999999999999
8387,0.11199999999999999
8388,0.11199999999999999
8389,0.11199999999999999
8390,0.11199999999999999
8391,0.11199999999999999
8392,0.11199999999999999
8393,0.11199999999999999
8394,0.11199999999999999
8395,0.11199999999999999
8396,0.11199999999999999
8397,0.11199999999999999
8398,0.11199999999999999
8399,0.11199999999999999
8400,0.11199999999999999
8401,0.11199999999999999
8402,0.11199999999999999
8403,0.11199999999999999
8404,0.11199999999999999
8405,0.11199999999999999
8406,0.11199999999999999
8407,0.11199999999999999
8408,0.11199999999999999
8409,0.11199999999999999
8410,0.11199999999999999
8411,0.11199999999999999
8412,0.11199999999999999
8413,0.11199999999999999
8414,0.11199999999999999
8415,0.11199999999999999
8416,0.11199999999999999
8417,0.11199999999999999
8418,0.11199999999999999
8419,0.11199999999999999
8420,0.11199999999999999
8421,0.11199999999999999
8422,0.11199999999999999
8423,0.11199999999999999
8424,0.11199999999999999
8425,0.11199999999999999
8426,0.11199999999999999
8427,0.11199999999999999
8428,0.11199999999999999
8429,0.11199999999999999
8430,0.11199999999999999
8431,0.11199999999999999
8432,0.11199999999999999
8433,0.11199999999999999
8434,0.11199999999999999
8435,0.11199999999999999
8436,0.11199999999999999
8437,0.11199999999999999
8438,0.11199999999999999
8439,0.11199999999999999
8440,0.11199999999999999
8441,0.11199999999999999
8442,0.11199999999999999
8443,0.11199999999999999
8444,0.11199999999999999
8445,0.11199999999999999
8446,0.11199999999999999
8447,0.11199999999999999
8448,0.11199999999999999
8449,0.11199999999999999
8450,0.11199999999999999
8451,0.11199999999999999
8452,0.11199999999999999
8453,0.11199999999999999
8454,0.11199999999999999
8455,0.11199999999999999
8456,0.11199999999999999
8457,0.11199999999999999
8458,0.11199999999999999
8459,0.11199999999999999
8460,0.11199999999999999
8461,0.11199999999999999
8462,0.11199999999999999
8463,0.11199999999999999
8464,0.11199999999999999
8465,0.11199999999999999
8466,0.11199999999999999
8467,0.11199999999999999
8468,0.11199999999999999
8469,0.11199999999999999
8470,0.11199999999999999
8471,0.11199999999999999
8472,0.11199999999999999
8473,0.11199999999999999
8474,0.11199999999999999
8475,0.11199999999999999
8476,0.11199999999999999
8477,0.11199999999999999
8478,0.11199999999999999
8479,0.11199999999999999
8480,0.11199999999999999
8481,0.11199999999999999
8482,0.11199999999999999
8483,0.11199999999999999
8484,0.11199999999999999
8485,0.11199999999999999
8486,0.11199999999999999
8487,0.11199999999999999
8488,0.11199999999999999
8489,0.11199999999999999
8490,0.11199999999999999
8491,0.11199999999999999
8492,0.11199999999999999
8493,0.11199999999999999
8494,0.11199999999999999
8495,0.11199999999999999
8496,0.11199999999999999
8497,0.11199999999999999
8498,0.11199999999999999
8499,0.11199999999999999
8500,0.11199999999999999
8501,0.11199999999999999
8502,0.11199999999999999
8503,0.11199999999999999
8504,0.11199999999999999
8505,0.11199999999999999
8506,0.11199999999999999
8507,0.11199999999999999
8508,0.11199999999999999
8509,0.11199999999999999
8510,0.11199999999999999
8511,0.11199999999999999
8512,0.11199999999999999
8513,0.11199999999999999
8514,0.11199999999999999
8515,0.11199999999999999
8516,0.11199999999999999
8517,0.11199999999999999
8518,0.11199999999999999
8519,0.11199999999999999
8520,0.11199999999999999
8521,0.11199999999999999
8522,0.11199999999999999
8523,0.11199999999999999
8524,0.11199999999999999
8525,0.11199999999999999
8526,0.11199999999999999
8527,0.11199999999999999
8528,0.11199999999999999
8529,0.11199999999999999
8530,0.11199999999999999
8531,0.11199999999999999
8532,0.11199999999999999
8533,0.11199999999999999
8534,0.11199999999999999
8535,0.11199999999999999
8536,0.11199999999999999
8537,0.11199999999999999
8538,0.11199999999999999
8539,0.11199999999999999
8540,0.11199999999999999
8541,0.11199999999999999
8542,0.11199999999999999
8543,0.11199999999999999
8544,0.11199999999999999
8545,0.11199999999999999
8546,0.11199999999999999
8547,0.11199999999999999
8548,0.11199999999999999
8549,0.11199999999999999
8550,0.11199999999999999
8551,0.11199999999999999
8552,0.11199999999999999
8553,0.11199999999999999
8554,0.11199999999999999
8555,0.11199999999999999
8556,0.11199999999999999
8557,0.11199999999999999
8558,0.11199999999999999
8559,0.11199999999999999
8560,0.11199999999999999
8561,0.11199999999999999
8562,0.11199999999999999
8563,0.11199999999999999
8564,0.11199999999999999
8565,0.11199999999999999
8566,0.11199999999999999
8567,0.11199999999999999
8568,0.11199999999999999
8569,0.11199999999999999
8570,0.11199999999999999
8571,0.11199999999999999
8572,0.11199999999999999
8573,0.11199999999999999
8574,0.11199999999999999
8575,0.11199999999999999
8576,0.11199999999999999
8577,0.11199999999999999
8578,0.11199999999999999
8579,0.11199999999999999
8580,0.11199999999999999
8581,0.11199999999999999
8582,0.11199999999999999
8583,0.11199999999999999
8584,0.11199999999999999
8585,0.11199999999999999
8586,0.11199999999999999
8587,0.11199999999999999
8588,0.11199999999999999
8589,0.11199999999999999
8590,0.11199999999999999
8591,0.11199999999999999
8592,0.11199999999999999
8593,0.11199999999999999
8594,0.11199999999999999
8595,0.11199999999999999
8596,0.11199999999999999
8597,0.11199999999999999
8598,0.11199999999999999
8599,0.11199999999999999
8600,0.11199999999999999
8601,0.11199999999999999
8602,0.11199999999999999
8603,0.11199999999999999
8604,0.11199999999999999
8605,0.11199999999999999
8606,0.11199999999999999
8607,0.11199999999999999
8608,0.11199999999999999
8609,0.11199999999999999
8610,0.11199999999999999
8611,0.11199999999999999
8612,0.11199999999999999
8613,0.11199999999999999
8614,0.11199999999999999
8615,0.11199999999999999
8616,0.11199999999999999
8617,0.11199999999999999
8618,0.11199999999999999
8619,0.11199999999999999
8620,0.11199999999999999
8621,0.11199999999999999
8622,0.11199999999999999
8623,0.11199999999999999
8624,0.11199999999999999
8625,0.11199999999999999
8626,0.11199999999999999
8627,0.11199999999999999
8628,0.11199999999999999
8629,0.11199999999999999
8630,0.11199999999999999
8631,0.11199999999999999
8632,0.11199999999999999
8633,0.11199999999999999
8634,0.11199999999999999
8635,0.11199999999999999
8636,0.11199999999999999
8637,0.11199999999999999
8638,0.11199999999999999
8639,0.11199999999999999
8640,0.11199999999999999
8641,0.11199999999999999
8642,0.11199999999999999
8643,0.11199999999999999
8644,0.11199999999999999
8645,0.11199999999999999
8646,0.11199999999999999
8647,0.11199999999999999
8648,0.11199999999999999
8649,0.11199999999999999
8650,0.11199999999999999
8651,0.11199999999999999
8652,0.11199999999999999
8653,0.11199999999999999
8654,0.11199999999999999
8655,0.11199999999999999
8656,0.11199999999999999
8657,0.11199999999999999
8658,0.11199999999999999
8659,0.11199999999999999
8660,0.11199999999999999
8661,0.11199999999999999
8662,0.11199999999999999
8663,0.11199999999999999
8664,0.11199999999999999
8665,0.11199999999999999
8666,0.11199999999999999
8667,0.11199999999999999
8668,0.11199999999999999
8669,0.11199999999999999
8670,0.11199999999999999
8671,0.11199999999999999
8672,0.11199999999999999
8673,0.11199999999999999
8674,0.11199999999999999
8675,0.11199999999999999
8676,0.11199999999999999
8677,0.11199999999999999
8678,0.11199999999999999
8679,0.11199999999999999
8680,0.11199999999999999
8681,0.11199999999999999
8682,0.11199999999999999
8683,0.11199999999999999
8684,0.11199999999999999
8685,0.11199999999999999
8686,0.11199999999999999
8687,0.11199999999999999
8688,0.11199999999999999
8689,0.11199999999999999
8690,0.11199999999999999
8691,0.11199999999999999
8692,0.11199999999999999
8693,0.11199999999999999
8694,0.11199999999999999
8695,0.11199999999999999
8696,0.11199999999999999
8697,0.11199999999999999
8698,0.11199999999999999
8699,0.11199999999999999
8700,0.11199999999999999
8701,0.11199999999999999
8702,0.11199999999999999
8703,0.11199999999999999
8704,0.11199999999999999
8705,0.11199999999999999
8706,0.11199999999999999
8707,0.11199999999999999
8708,0.11199999999999999
8709,0.11199999999999999
8710,0.11199999999999999
8711,0.11199999999999999
8712,0.11199999999999999
8713,0.11199999999999999
8714,0.11199999999999999
8715,0.11199999999999999
8716,0.11199999999999999
8717,0.11199999999999999
8718,0.11199999999999999
8719,0.11199999999999999
8720,0.11199999999999999
8721,0.11199999999999999
8722,0.11199999999999999
8723,0.11199999999999999
8724,0.11199999999999999
8725,0.11199999999999999
8726,0.11199999999999999
8727,0.11199999999999999
8728,0.11199999999999999
8729,0.11199999999999999
8730,0.11199999999999999
8731,0.11199999999999999
8732,0.11199999999999999
8733,0.11199999999999999
8734,0.11199999999999999
8735,0.11199999999999999
8736,0.11199999999999999
8737,0.11199999999999999
8738,0.11199999999999999
8739,0.11199999999999999
8740,0.11199999999999999
8741,0.11199999999999999
8742,0.11199999999999999
8743,0.11199999999999999
8744,0.11199999999999999
8745,0.11199999999999999
8746,0.11199999999999999
8747,0.11199999999999999
8748,0.11199999999999999
8749,0.11199999999999999
8750,0.11199999999999999
8751,0.11199999999999999
8752,0.11199999999999999
8753,0.11199999999999999
8754,0.11199999999999999
8755,0.11199999999999999
8756,0.11199999999999999
8757,0.11199999999999999
8758,0.11199999999999999
8759,0.11199999999999999
8760,0.11199999999999999
8761,0.11199999999999999
8762,0.11199999999999999
8763,0.11199999999999999
8764,0.11199999999999999
8765,0.11199999999999999
8766,0.11199999999999999
8767,0.11199999999999999
8768,0.11199999999999999
8769,0.11199999999999999
8770,0.11199999999999999
8771,0.11199999999999999
8772,0.11199999999999999
8773,0.11199999999999999
8774,0.11199999999999999
8775,0.11199999999999999
8776,0.11199999999999999
8777,0.11199999999999999
8778,0.11199999999999999
8779,0.11199999999999999
8780,0.11199999999999999
8781,0.11199999999999999
8782,0.11199999999999999
8783,0.11199999999999999
8784,0.11199999999999999
8785,0.11199999999999999
8786,0.11199999999999999
8787,0.11199999999999999
8788,0.11199999999999999
8789,0.11199999999999999
8790,0.11199999999999999
8791,0.11199999999999999
8792,0.11199999999999999
8793,0.11199999999999999
8794,0.11199999999999999
8795,0.11199999999999999
8796,0.11199999999999999
8797,0.11199999999999999
8798,0.11199999999999999
8799,0.11199999999999999
8800,0.11199999999999999
8801,0.11199999999999999
8802,0.11199999999999999
8803,0.11199999999999999
8804,0.11199999999999999
8805,0.11199999999999999
8806,0.11199999999999999
8807,0.11199999999999999
8808,0.11199999999999999
8809,0.11199999999999999
8810,0.11199999999999999
8811,0.11199999999999999
8812,0.11199999999999999
8813,0.11199999999999999
8814,0.11199999999999999
8815,0.11199999999999999
8816,0.11199999999999999
8817,0.11199999999999999
8818,0.11199999999999999
8819,0.11199999999999999
8820,0.11199999999999999
8821,0.11199999999999999
8822,0.11199999999999999
8823,0.11199999999999999
8824,0.11199999999999999
8825,0.11199999999999999
8826,0.11199999999999999
8827,0.11199999999999999
8828,0.11199999999999999
8829,0.11199999999999999
8830,0.11199999999999999
8831,0.11199999999999999
8832,0.11199999999999999
8833,0.11199999999999999
8834,0.11199999999999999
8835,0.11199999999999999
8836,0.11199999999999999
8837,0.11199999999999999
8838,0.11199999999999999
8839,0.11199999999999999
8840,0.11199999999999999
8841,0.11199999999999999
8842,0.11199999999999999
8843,0.11199999999999999
8844,0.11199999999999999
8845,0.11199999999999999
8846,0.11199999999999999
8847,0.11199999999999999
8848,0.11199999999999999
8849,0.11199999999999999
8850,0.11199999999999999
8851,0.11199999999999999
8852,0.11199999999999999
8853,0.11199999999999999
8854,0.11199999999999999
8855,0.11199999999999999
8856,0.11199999999999999
8857,0.11199999999999999
8858,0.11199999999999999
8859,0.11199999999999999
8860,0.11199999999999999
8861,0.11199999999999999
8862,0.11199999999999999
8863,0.11199999999999999
8864,0.11199999999999999
8865,0.11199999999999999
8866,0.11199999999999999
8867,0.11199999999999999
8868,0.11199999999999999
8869,0.11199999999999999
8870,0.11199999999999999
8871,0.11199999999999999
8872,0.11199999999999999
8873,0.11199999999999999
8874,0.11199999999999999
8875,0.11199999999999999
8876,0.11199999999999999
8877,0.11199999999999999
8878,0.11199999999999999
8879,0.11199999999999999
8880,0.11199999999999999
8881,0.11199999999999999
8882,0.11199999999999999
8883,0.11199999999999999
8884,0.11199999999999999
8885,0.11199999999999999
8886,0.11199999999999999
8887,0.11199999999999999
8888,0.11199999999999999
8889,0.11199999999999999
8890,0.11199999999999999
8891,0.11199999999999999
8892,0.11199999999999999
8893,0.11199999999999999
8894,0.11199999999999999
8895,0.11199999999999999
8896,0.11199999999999999
8897,0.11199999999999999
8898,0.11199999999999999
8899,0.11199999999999999
8900,0.11199999999999999
8901,0.11199999999999999
8902,0.11199999999999999
8903,0.11199999999999999
8904,0.11199999999999999
8905,0.11199999999999999
8906,0.11199999999999999
8907,0.11199999999999999
8908,0.11199999999999999
8909,0.11199999999999999
8910,0.11199999999999999
8911,0.11199999999999999
8912,0.11199999999999999
8913,0.11199999999999999
8914,0.11199999999999999
8915,0.11199999999999999
8916,0.11199999999999999
8917,0.11199999999999999
8918,0.11199999999999999
8919,0.11199999999999999
8920,0.11199999999999999
8921,0.11199999999999999
8922,0.11199999999999999
8923,0.11199999999999999
8924,0.11199999999999999
8925,0.11199999999999999
8926,0.11199999999999999
8927,0.11199999999999999
8928,0.11199999999999999
8929,0.11199999999999999
8930,0.11199999999999999
8931,0.11199999999999999
8932,0.11199999999999999
8933,0.11199999999999999
8934,0.11199999999999999
8935,0.11199999999999999
8936,0.11199999999999999
8937,0.11199999999999999
8938,0.11199999999999999
8939,0.11199999999999999
8940,0.11199999999999999
8941,0.11199999999999999
8942,0.11199999999999999
8943,0.11199999999999999
8944,0.11199999999999999
8945,0.11199999999999999
8946,0.11199999999999999
8947,0.11199999999999999
8948,0.11199999999999999
8949,0.11199999999999999
8950,0.11199999999999999
8951,0.11199999999999999
8952,0.11199999999999999
8953,0.11199999999999999
8954,0.11199999999999999
8955,0.11199999999999999
8956,0.11199999999999999
8957,0.11199999999999999
8958,0.11199999999999999
8959,0.11199999999999999
8960,0.11199999999999999
8961,0.11199999999999999
8962,0.11199999999999999
8963,0.11199999999999999
8964,0.11199999999999999
8965,0.11199999999999999
8966,0.11199999999999999
8967,0.11199999999999999
8968,0.11199999999999999
8969,0.11199999999999999
8970,0.11199999999999999
8971,0.11199999999999999
8972,0.11199999999999999
8973,0.11199999999999999
8974,0.11199999999999999
8975,0.11199999999999999
8976,0.11199999999999999
8977,0.11199999999999999
8978,0.11199999999999999
8979,0.11199999999999999
8980,0.11199999999999999
8981,0.11199999999999999
8982,0.11199999999999999
8983,0.11199999999999999
8984,0.11199999999999999
8985,0.11199999999999999
8986,0.11199999999999999
8987,0.11199999999999999
8988,0.11199999999999999
8989,0.11199999999999999
8990,0.11199999999999999
8991,0.11199999999999999
8992,0.11199999999999999
8993,0.11199999999999999
8994,0.11199999999999999
8995,0.11199999999999999
8996,0.11199999999999999
8997,0.11199999999999999
8998,0.11199999999999999
8999,0.11199999999999999
9000,0.11199999999999999
9001,0.11199999999999999
9002,0.11199999999999999
9003,0.11199999999999999
9004,0.11199999999999999
9005,0.11199999999999999
9006,0.11199999999999999
9007,0.11199999999999999
9008,0.11199999999999999
9009,0.11199999999999999
9010,0.11199999999999999
9011,0.11199999999999999
9012,0.11199999999999999
9013,0.11199999999999999
9014,0.11199999999999999
9015,0.11199999999999999
9016,0.11199999999999999
9017,0.11199999999999999
9018,0.11199999999999999
9019,0.11199999999999999
9020,0.11199999999999999
9021,0.11199999999999999
9022,0.11199999999999999
9023,0.11199999999999999
9024,0.11199999999999999
9025,0.11199999999999999
9026,0.11199999999999999
9027,0.11199999999999999
9028,0.11199999999999999
9029,0.11199999999999999
9030,0.11199999999999999
9031,0.11199999999999999
9032,0.11199999999999999
9033,0.11199999999999999
9034,0.11199999999999999
9035,0.11199999999999999
9036,0.11199999999999999
9037,0.11199999999999999
9038,0.11199999999999999
9039,0.11199999999999999
9040,0.11199999999999999
9041,0.11199999999999999
9042,0.11199999999999999
9043,0.11199999999999999
9044,0.11199999999999999
9045,0.11199999999999999
9046,0.11199999999999999
9047,0.11199999999999999
9048,0.11199999999999999
9049,0.11199999999999999
9050,0.11199999999999999
9051,0.11199999999999999
9052,0.11199999999999999
9053,0.11199999999999999
9054,0.11199999999999999
9055,0.11199999999999999
9056,0.11199999999999999
9057,0.11199999999999999
9058,0.11199999999999999
9059,0.11199999999999999
9060,0.11199999999999999
9061,0.11199999999999999
9062,0.11199999999999999
9063,0.11199999999999999
9064,0.11199999999999999
9065,0.11199999999999999
9066,0.11199999999999999
9067,0.11199999999999999
9068,0.11199999999999999
9069,0.11199999999999999
9070,0.11199999999999999
9071,0.11199999999999999
9072,0.11199999999999999
9073,0.11199999999999999
9074,0.11199999999999999
9075,0.11199999999999999
9076,0.11199999999999999
9077,0.11199999999999999
9078,0.11199999999999999
9079,0.11199999999999999
9080,0.11199999999999999
9081,0.11199999999999999
9082,0.11199999999999999
9083,0.11199999999999999
9084,0.11199999999999999
9085,0.11199999999999999
9086,0.11199999999999999
9087,0.11199999999999999
9088,0.11199999999999999
9089,0.11199999999999999
9090,0.11199999999999999
9091,0.11199999999999999
9092,0.11199999999999999
9093,0.11199999999999999
9094,0.11199999999999999
9095,0.11199999999999999
9096,0.11199999999999999
9097,0.11199999999999999
9098,0.11199999999999999
9099,0.11199999999999999
9100,0.11199999999999999
9101,0.11199999999999999
9102,0.11199999999999999
9103,0.11199999999999999
9104,0.11199999999999999
9105,0.11199999999999999
9106,0.11199999999999999
9107,0.11199999999999999
9108,0.11199999999999999
9109,0.11199999999999999
9110,0.11199999999999999
9111,0.11199999999999999
9112,0.11199999999999999
9113,0.11199999999999999
9114,0.11199999999999999
9115,0.11199999999999999
9116,0.11199999999999999
9117,0.11199999999999999
9118,0.11199999999999999
9119,0.11199999999999999
9120,0.11199999999999999
9121,0.11199999999999999
9122,0.11199999999999999
9123,0.11199999999999999
9124,0.11199999999999999
9125,0.11199999999999999
9126,0.11199999999999999
9127,0.11199999999999999
9128,0.11199999999999999
9129,0.11199999999999999
9130,0.11199999999999999
9131,0.11199999999999999
9132,0.11199999999999999
9133,0.11199999999999999
9134,0.11199999999999999
9135,0.11199999999999999
9136,0.11199999999999999
9137,0.11199999999999999
9138,0.11199999999999999
9139,0.11199999999999999
9140,0.11199999999999999
9141,0.11199999999999999
9142,0.11199999999999999
9143,0.11199999999999999
9144,0.11199999999999999
9145,0.11199999999999999
9146,0.11199999999999999
9147,0.11199999999999999
9148,0.11199999999999999
9149,0.11199999999999999
9150,0.11199999999999999
9151,0.11199999999999999
9152,0.11199999999999999
9153,0.11199999999999999
9154,0.11199999999999999
9155,0.11199999999999999
9156,0.11199999999999999
9157,0.11199999999999999
9158,0.11199999999999999
9159,0.11199999999999999
9160,0.11199999999999999
9161,0.11199999999999999
9162,0.11199999999999999
9163,0.11199999999999999
9164,0.11199999999999999
9165,0.11199999999999999
9166,0.11199999999999999
9167,0.11199999999999999
9168,0.11199999999999999
9169,0.11199999999999999
9170,0.11199999999999999
9171,0.11199999999999999
9172,0.11199999999999999
9173,0.11199999999999999
9174,0.11199999999999999
9175,0.11199999999999999
9176,0.11199999999999999
9177,0.11199999999999999
9178,0.11199999999999999
9179,0.11199999999999999
9180,0.11199999999999999
9181,0.11199999999999999
9182,0.11199999999999999
9183,0.11199999999999999
9184,0.11199999999999999
9185,0.11199999999999999
9186,0.11199999999999999
9187,0.11199999999999999
9188,0.11199999999999999
9189,0.11199999999999999
9190,0.11199999999999999
9191,0.11199999999999999
9192,0.11199999999999999
9193,0.11199999999999999
9194,0.11199999999999999
9195,0.11199999999999999
9196,0.11199999999999999
9197,0.11199999999999999
9198,0.11199999999999999
9199,0.11199999999999999
9200,0.11199999999999999
9201,0.11199999999999999
9202,0.11199999999999999
9203,0.11199999999999999
9204,0.11199999999999999
9205,0.11199999999999999
9206,0.11199999999999999
9207,0.11199999999999999
9208,0.11199999999999999
9209,0.11199999999999999
9210,0.11199999999999999
9211,0.11199999999999999
9212,0.11199999999999999
9213,0.11199999999999999
9214,0.11199999999999999
9215,0.11199999999999999
9216,0.11199999999999999
9217,0.11199999999999999
9218,0.11199999999999999
9219,0.11199999999999999
9220,0.11199999999999999
9221,0.11199999999999999
9222,0.11199999999999999
9223,0.11199999999999999
9224,0.11199999999999999
9225,0.11199999999999999
9226,0.11199999999999999
9227,0.11199999999999999
9228,0.11199999999999999
9229,0.11199999999999999
9230,0.11199999999999999
9231,0.11199999999999999
9232,0.11199999999999999
9233,0.11199999999999999
9234,0.11199999999999999
9235,0.11199999999999999
9236,0.11199999999999999
9237,0.11199999999999999
9238,0.11199999999999999
9239,0.11199999999999999
9240,0.11199999999999999
9241,0.11199999999999999
9242,0.11199999999999999
9243,0.11199999999999999
9244,0.11199999999999999
9245,0.11199999999999999
9246,0.11199999999999999
9247,0.11199999999999999
9248,0.11199999999999999
9249,0.11199999999999999
9250,0.11199999999999999
9251,0.11199999999999999
9252,0.11199999999999999
9253,0.11199999999999999
9254,0.11199999999999999
9255,0.11199999999999999
9256,0.11199999999999999
9257,0.11199999999999999
9258,0.11199999999999999
9259,0.11199999999999999
9260,0.11199999999999999
9261,0.11199999999999999
9262,0.11199999999999999
9263,0.11199999999999999
9264,0.11199999999999999
9265,0.11199999999999999
9266,0.11199999999999999
9267,0.11199999999999999
9268,0.11199999999999999
9269,0.11199999999999999
9270,0.11199999999999999
9271,0.11199999999999999
9272,0.11199999999999999
9273,0.11199999999999999
9274,0.11199999999999999
9275,0.11199999999999999
9276,0.11199999999999999
9277,0.11199999999999999
9278,0.11199999999999999
9279,0.11199999999999999
9280,0.11199999999999999
9281,0.11199999999999999
9282,0.11199999999999999
9283,0.11199999999999999
9284,0.11199999999999999
9285,0.11199999999999999
9286,0.11199999999999999
9287,0.11199999999999999
9288,0.11199999999999999
9289,0.11199999999999999
9290,0.11199999999999999
9291,0.11199999999999999
9292,0.11199999999999999
9293,0.11199999999999999
9294,0.11199999999999999
9295,0.11199999999999999
9296,0.11199999999999999
9297,0.11199999999999999
9298,0.11199999999999999
9299,0.11199999999999999
9300,0.11199999999999999
9301,0.11199999999999999
9302,0.11199999999999999
9303,0.11199999999999999
9304,0.11199999999999999
9305,0.11199999999999999
9306,0.11199999999999999
9307,0.11199999999999999
9308,0.11199999999999999
9309,0.11199999999999999
9310,0.11199999999999999
9311,0.11199999999999999
9312,0.11199999999999999
9313,0.11199999999999999
9314,0.11199999999999999
9315,0.11199999999999999
9316,0.11199999999999999
9317,0.11199999999999999
9318,0.11199999999999999
9319,0.11199999999999999
9320,0.11199999999999999
9321,0.11199999999999999
9322,0.11199999999999999
9323,0.11199999999999999
9324,0.11199999999999999
9325,0.11199999999999999
9326,0.11199999999999999
9327,0.11199999999999999
9328,0.11199999999999999
9329,0.11199999999999999
9330,0.11199999999999999
9331,0.11199999999999999
9332,0.11199999999999999
9333,0.11199999999999999
9334,0.11199999999999999
9335,0.11199999999999999
9336,0.11199999999999999
9337,0.11199999999999999
9338,0.11199999999999999
9339,0.11199999999999999
9340,0.11199999999999999
9341,0.11199999999999999
9342,0.11199999999999999
9343,0.11199999999999999
9344,0.11199999999999999
9345,0.11199999999999999
9346,0.11199999999999999
9347,0.11199999999999999
9348,0.11199999999999999
9349,0.11199999999999999
9350,0.11199999999999999
9351,0.11199999999999999
9352,0.11199999999999999
9353,0.11199999999999999
9354,0.11199999999999999
9355,0.11199999999999999
9356,0.11199999999999999
9357,0.11199999999999999
9358,0.11199999999999999
9359,0.11199999999999999
9360,0.11199999999999999
9361,0.11199999999999999
9362,0.11199999999999999
9363,0.11199999999999999
9364,0.11199999999999999
9365,0.11199999999999999
9366,0.11199999999999999
9367,0.11199999999999999
9368,0.11199999999999999
9369,0.11199999999999999
9370,0.11199999999999999
9371,0.11199999999999999
9372,0.11199999999999999
9373,0.11199999999999999
9374,0.11199999999999999
9375,0.11199999999999999
9376,0.11199999999999999
9377,0.11199999999999999
9378,0.11199999999999999
9379,0.11199999999999999
9380,0.11199999999999999
9381,0.11199999999999999
9382,0.11199999999999999
9383,0.11199999999999999
9384,0.11199999999999999
9385,0.11199999999999999
9386,0.11199999999999999
9387,0.11199999999999999
9388,0.11199999999999999
9389,0.11199999999999999
9390,0.11199999999999999
9391,0.11199999999999999
9392,0.11199999999999999
9393,0.11199999999999999
9394,0.11199999999999999
9395,0.11199999999999999
9396,0.11199999999999999
9397,0.11199999999999999
9398,0.11199999999999999
9399,0.11199999999999999
9400,0.11199999999999999
9401,0.11199999999999999
9402,0.11199999999999999
9403,0.11199999999999999
9404,0.11199999999999999
9405,0.11199999999999999
9406,0.11199999999999999
9407,0.11199999999999999
9408,0.11199999999999999
9409,0.11199999999999999
9410,0.11199999999999999
9411,0.11199999999999999
9412,0.11199999999999999
9413,0.11199999999999999
9414,0.11199999999999999
9415,0.11199999999999999
9416,0.11199999999999999
9417,0.11199999999999999
9418,0.11199999999999999
9419,0.11199999999999999
9420,0.11199999999999999
9421,0.11199999999999999
9422,0.11199999999999999
9423,0.11199999999999999
9424,0.11199999999999999
9425,0.11199999999999999
9426,0.11199999999999999
9427,0.11199999999999999
9428,0.11199999999999999
9429,0.11199999999999999
9430,0.11199999999999999
9431,0.11199999999999999
9432,0.11199999999999999
9433,0.11199999999999999
9434,0.11199999999999999
9435,0.11199999999999999
9436,0.11199999999999999
9437,0.11199999999999999
9438,0.11199999999999999
9439,0.11199999999999999
9440,0.11199999999999999
9441,0.11199999999999999
9442,0.11199999999999999
9443,0.11199999999999999
9444,0.11199999999999999
9445,0.11199999999999999
9446,0.11199999999999999
9447,0.11199999999999999
9448,0.11199999999999999
9449,0.11199999999999999
9450,0.11199999999999999
9451,0.11199999999999999
9452,0.11199999999999999
9453,0.11199999999999999
9454,0.11199999999999999
9455,0.11199999999999999
9456,0.11199999999999999
9457,0.11199999999999999
9458,0.11199999999999999
9459,0.11199999999999999
9460,0.11199999999999999
9461,0.11199999999999999
9462,0.11199999999999999
9463,0.11199999999999999
9464,0.11199999999999999
9465,0.11199999999999999
9466,0.11199999999999999
9467,0.11199999999999999
9468,0.11199999999999999
9469,0.11199999999999999
9470,0.11199999999999999
9471,0.11199999999999999
9472,0.11199999999999999
9473,0.11199999999999999
9474,0.11199999999999999
9475,0.11199999999999999
9476,0.11199999999999999
9477,0.11199999999999999
9478,0.11199999999999999
9479,0.11199999999999999
9480,0.11199999999999999
9481,0.11199999999999999
9482,0.11199999999999999
9483,0.11199999999999999
9484,0.11199999999999999
9485,0.11199999999999999
9486,0.11199999999999999
9487,0.11199999999999999
9488,0.11199999999999999
9489,0.11199999999999999
9490,0.11199999999999999
9491,0.11199999999999999
9492,0.11199999999999999
9493,0.11199999999999999
9494,0.11199999999999999
9495,0.11199999999999999
9496,0.11199999999999999
9497,0.11199999999999999
9498,0.11199999999999999
9499,0.11199999999999999
9500,0.11199999999999999
9501,0.11199999999999999
9502,0.11199999999999999
9503,0.11199999999999999
9504,0.11199999999999999
9505,0.11199999999999999
9506,0.11199999999999999
9507,0.11199999999999999
9508,0.11199999999999999
9509,0.11199999999999999
9510,0.11199999999999999
9511,0.11199999999999999
9512,0.11199999999999999
9513,0.11199999999999999
9514,0.11199999999999999
9515,0.11199999999999999
9516,0.11199999999999999
9517,0.11199999999999999
9518,0.11199999999999999
9519,0.11199999999999999
9520,0.11199999999999999
9521,0.11199999999999999
9522,0.11199999999999999
9523,0.11199999999999999
9524,0.11199999999999999
9525,0.11199999999999999
9526,0.11199999999999999
9527,0.11199999999999999
9528,0.11199999999999999
9529,0.11199999999999999
9530,0.11199999999999999
9531,0.11199999999999999
9532,0.11199999999999999
9533,0.11199999999999999
9534,0.11199999999999999
9535,0.11199999999999999
9536,0.11199999999999999
9537,0.11199999999999999
9538,0.11199999999999999
9539,0.11199999999999999
9540,0.11199999999999999
9541,0.11199999999999999
9542,0.11199999999999999
9543,0.11199999999999999
9544,0.11199999999999999
9545,0.11199999999999999
9546,0.11199999999999999
9547,0.11199999999999999
9548,0.11199999999999999
9549,0.11199999999999999
9550,0.11199999999999999
9551,0.11199999999999999
9552,0.11199999999999999
9553,0.11199999999999999
9554,0.11199999999999999
9555,0.11199999999999999
9556,0.11199999999999999
9557,0.11199999999999999
9558,0.11199999999999999
9559,0.11199999999999999
9560,0.11199999999999999
9561,0.11199999999999999
9562,0.11199999999999999
9563,0.11199999999999999
9564,0.11199999999999999
9565,0.11199999999999999
9566,0.11199999999999999
9567,0.11199999999999999
9568,0.11199999999999999
9569,0.11199999999999999
9570,0.11199999999999999
9571,0.11199999999999999
9572,0.11199999999999999
9573,0.11199999999999999
9574,0.11199999999999999
9575,0.11199999999999999
9576,0.11199999999999999
9577,0.11199999999999999
9578,0.11199999999999999
9579,0.11199999999999999
9580,0.11199999999999999
9581,0.11199999999999999
9582,0.11199999999999999
9583,0.11199999999999999
9584,0.11199999999999999
9585,0.11199999999999999
9586,0.11199999999999999
9587,0.11199999999999999
9588,0.11199999999999999
9589,0.11199999999999999
9590,0.11199999999999999
9591,0.11199999999999999
9592,0.11199999999999999
9593,0.11199999999999999
9594,0.11199999999999999
9595,0.11199999999999999
9596,0.11199999999999999
9597,0.11199999999999999
9598,0.11199999999999999
9599,0.11199999999999999
9600,0.11199999999999999
9601,0.11199999999999999
9602,0.11199999999999999
9603,0.11199999999999999
9604,0.11199999999999999
9605,0.11199999999999999
9606,0.11199999999999999
9607,0.11199999999999999
9608,0.11199999999999999
9609,0.11199999999999999
9610,0.11199999999999999
9611,0.11199999999999999
9612,0.11199999999999999
9613,0.11199999999999999
9614,0.11199999999999999
9615,0.11199999999999999
9616,0.11199999999999999
9617,0.11199999999999999
9618,0.11199999999999999
9619,0.11199999999999999
9620,0.11199999999999999
9621,0.11199999999999999
9622,0.11199999999999999
9623,0.11199999999999999
9624,0.11199999999999999
9625,0.11199999999999999
9626,0.11199999999999999
9627,0.11199999999999999
9628,0.11199999999999999
9629,0.11199999999999999
9630,0.11199999999999999
9631,0.11199999999999999
9632,0.11199999999999999
9633,0.11199999999999999
9634,0.11199999999999999
9635,0.11199999999999999
9636,0.11199999999999999
9637,0.11199999999999999
9638,0.11199999999999999
9639,0.11199999999999999
9640,0.11199999999999999
9641,0.11199999999999999
9642,0.11199999999999999
9643,0.11199999999999999
9644,0.11199999999999999
9645,0.11199999999999999
9646,0.11199999999999999
9647,0.11199999999999999
9648,0.11199999999999999
9649,0.11199999999999999
9650,0.11199999999999999
9651,0.11199999999999999
9652,0.11199999999999999
9653,0.11199999999999999
9654,0.11199999999999999
9655,0.11199999999999999
9656,0.11199999999999999
9657,0.11199999999999999
9658,0.11199999999999999
9659,0.11199999999999999
9660,0.11199999999999999
9661,0.11199999999999999
9662,0.11199999999999999
9663,0.11199999999999999
9664,0.11199999999999999
9665,0.11199999999999999
9666,0.11199999999999999
9667,0.11199999999999999
9668,0.11199999999999999
9669,0.11199999999999999
9670,0.11199999999999999
9671,0.11199999999999999
9672,0.11199999999999999
9673,0.11199999999999999
9674,0.11199999999999999
9675,0.11199999999999999
9676,0.11199999999999999
9677,0.11199999999999999
9678,0.11199999999999999
9679,0.11199999999999999
9680,0.11199999999999999
9681,0.11199999999999999
9682,0.11199999999999999
9683,0.11199999999999999
9684,0.11199999999999999
9685,0.11199999999999999
9686,0.11199999999999999
9687,0.11199999999999999
9688,0.11199999999999999
9689,0.11199999999999999
9690,0.11199999999999999
9691,0.11199999999999999
9692,0.11199999999999999
9693,0.11199999999999999
9694,0.11199999999999999
9695,0.11199999999999999
9696,0.11199999999999999
9697,0.11199999999999999
9698,0.11199999999999999
9699,0.11199999999999999
9700,0.11199999999999999
9701,0.11199999999999999
9702,0.11199999999999999
9703,0.11199999999999999
9704,0.11199999999999999
9705,0.11199999999999999
9706,0.11199999999999999
9707,0.11199999999999999
9708,0.11199999999999999
9709,0.11199999999999999
9710,0.11199999999999999
9711,0.11199999999999999
9712,0.11199999999999999
9713,0.11199999999999999
9714,0.11199999999999999
9715,0.11199999999999999
9716,0.11199999999999999
9717,0.11199999999999999
9718,0.11199999999999999
9719,0.11199999999999999
9720,0.11199999999999999
9721,0.11199999999999999
9722,0.11199999999999999
9723,0.11199999999999999
9724,0.11199999999999999
9725,0.11199999999999999
9726,0.11199999999999999
9727,0.11199999999999999
9728,0.11199999999999999
9729,0.11199999999999999
9730,0.11199999999999999
9731,0.11199999999999999
9732,0.11199999999999999
9733,0.11199999999999999
9734,0.11199999999999999
9735,0.11199999999999999
9736,0.11199999999999999
9737,0.11199999999999999
9738,0.11199999999999999
9739,0.11199999999999999
9740,0.11199999999999999
9741,0.11199999999999999
9742,0.11199999999999999
9743,0.11199999999999999
9744,0.11199999999999999
9745,0.11199999999999999
9746,0.11199999999999999
9747,0.11199999999999999
9748,0.11199999999999999
9749,0.11199999999999999
9750,0.11199999999999999
9751,0.11199999999999999
9752,0.11199999999999999
9753,0.11199999999999999
9754,0.11199999999999999
9755,0.11199999999999999
9756,0.11199999999999999
9757,0.11199999999999999
9758,0.11199999999999999
9759,0.11199999999999999
9760,0.11199999999999999
9761,0.11199999999999999
9762,0.11199999999999999
9763,0.11199999999999999
9764,0.11199999999999999
9765,0.11199999999999999
9766,0.11199999999999999
9767,0.11199999999999999
9768,0.11199999999999999
9769,0.11199999999999999
9770,0.11199999999999999
9771,0.11199999999999999
9772,0.11199999999999999
9773,0.11199999999999999
9774,0.11199999999999999
9775,0.11199999999999999
9776,0.11199999999999999
9777,0.11199999999999999
9778,0.11199999999999999
9779,0.11199999999999999
9780,0.11199999999999999
9781,0.11199999999999999
9782,0.11199999999999999
9783,0.11199999999999999
9784,0.11199999999999999
9785,0.11199999999999999
9786,0.11199999999999999
9787,0.11199999999999999
9788,0.11199999999999999
9789,0.11199999999999999
9790,0.11199999999999999
9791,0.11199999999999999
9792,0.11199999999999999
9793,0.11199999999999999
9794,0.11199999999999999
9795,0.11199999999999999
9796,0.11199999999999999
9797,0.11199999999999999
9798,0.11199999999999999
9799,0.11199999999999999
9800,0.11199999999999999
9801,0.11199999999999999
9802,0.11199999999999999
9803,0.11199999999999999
9804,0.11199999999999999
9805,0.11199999999999999
9806,0.11199999999999999
9807,0.11199999999999999
9808,0.11199999999999999
9809,0.11199999999999999
9810,0.11199999999999999
9811,0.11199999999999999
9812,0.11199999999999999
9813,0.11199999999999999
9814,0.11199999999999999
9815,0.11199999999999999
9816,0.11199999999999999
9817,0.11199999999999999
9818,0.11199999999999999
9819,0.11199999999999999
9820,0.11199999999999999
9821,0.11199999999999999
9822,0.11199999999999999
9823,0.11199999999999999
9824,0.11199999999999999
9825,0.11199999999999999
9826,0.11199999999999999
9827,0.11199999999999999
9828,0.11199999999999999
9829,0.11199999999999999
9830,0.11199999999999999
9831,0.11199999999999999
9832,0.11199999999999999
9833,0.11199999999999999
9834,0.11199999999999999
9835,0.11199999999999999
9836,0.11199999999999999
9837,0.11199999999999999
9838,0.11199999999999999
9839,0.11199999999999999
9840,0.11199999999999999
9841,0.11199999999999999
9842,0.11199999999999999
9843,0.11199999999999999
9844,0.11199999999999999
9845,0.11199999999999999
9846,0.11199999999999999
9847,0.11199999999999999
9848,0.11199999999999999
9849,0.11199999999999999
9850,0.11199999999999999
9851,0.11199999999999999
9852,0.11199999999999999
9853,0.11199999999999999
9854,0.11199999999999999
9855,0.11199999999999999
9856,0.11199999999999999
9857,0.11199999999999999
9858,0.11199999999999999
9859,0.11199999999999999
9860,0.11199999999999999
9861,0.11199999999999999
9862,0.11199999999999999
9863,0.11199999999999999
9864,0.11199999999999999
9865,0.11199999999999999
9866,0.11199999999999999
9867,0.11199999999999999
9868,0.11199999999999999
9869,0.11199999999999999
9870,0.11199999999999999
9871,0.11199999999999999
9872,0.11199999999999999
9873,0.11199999999999999
9874,0.11199999999999999
9875,0.11199999999999999
9876,0.11199999999999999
9877,0.11199999999999999
9878,0.11199999999999999
9879,0.11199999999999999
9880,0.11199999999999999
9881,0.11199999999999999
9882,0.11199999999999999
9883,0.11199999999999999
9884,0.11199999999999999
9885,0.11199999999999999
9886,0.11199999999999999
9887,0.11199999999999999
9888,0.11199999999999999
9889,0.11199999999999999
9890,0.11199999999999999
9891,0.11199999999999999
9892,0.11199999999999999
9893,0.11199999999999999
9894,0.11199999999999999
9895,0.11199999999999999
9896,0.11199999999999999
9897,0.11199999999999999
9898,0.11199999999999999
9899,0.11199999999999999
9900,0.11199999999999999
9901,0.11199999999999999
9902,0.11199999999999999
9903,0.11199999999999999
9904,0.11199999999999999
9905,0.11199999999999999
9906,0.11199999999999999
9907,0.11199999999999999
9908,0.11199999999999999
9909,0.11199999999999999
9910,0.11199999999999999
9911,0.11199999999999999
9912,0.11199999999999999
9913,0.11199999999999999
9914,0.11199999999999999
9915,0.11199999999999999
9916,0.11199999999999999
9917,0.11199999999999999
9918,0.11199999999999999
9919,0.11199999999999999
9920,0.11199999999999999
9921,0.11199999999999999
9922,0.11199999999999999
9923,0.11199999999999999
9924,0.11199999999999999
9925,0.11199999999999999
9926,0.11199999999999999
9927,0.11199999999999999
9928,0.11199999999999999
9929,0.11199999999999999
9930,0.11199999999999999
9931,0.11199999999999999
9932,0.11199999999999999
9933,0.11199999999999999
9934,0.11199999999999999
9935,0.11199999999999999
9936,0.11199999999999999
9937,0.11199999999999999
9938,0.11199999999999999
9939,0.11199999999999999
9940,0.11199999999999999
9941,0.11199999999999999
9942,0.11199999999999999
9943,0.11199999999999999
9944,0.11199999999999999
9945,0.11199999999999999
9946,0.11199999999999999
9947,0.11199999999999999
9948,0.11199999999999999
9949,0.11199999999999999
9950,0.11199999999999999
9951,0.11199999999999999
9952,0.11199999999999999
9953,0.11199999999999999
9954,0.11199999999999999
9955,0.11199999999999999
9956,0.11199999999999999
9957,0.11199999999999999
9958,0.11199999999999999
9959,0.11199999999999999
9960,0.11199999999999999
9961,0.11199999999999999
9962,0.11199999999999999
9963,0.11199999999999999
9964,0.11199999999999999
9965,0.11199999999999999
9966,0.11199999999999999
9967,0.11199999999999999
9968,0.11199999999999999
9969,0.11199999999999999
9970,0.11199999999999999
9971,0.11199999999999999
9972,0.11199999999999999
9973,0.11199999999999999
9974,0.11199999999999999
9975,0.11199999999999999
9976,0.11199999999999999
9977,0.11199999999999999
9978,0.11199999999999999
9979,0.11199999999999999
9980,0.11199999999999999
9981,0.11199999999999999
9982,0.11199999999999999
9983,0.11199999999999999
9984,0.11199999999999999
9985,0.11199999999999999
9986,0.11199999999999999
9987,0.11199999999999999
9988,0.11199999999999999
9989,0.11199999999999999
9990,0.11199999999999999
9991,0.11199999999999999
9992,0.11199999999999999
9993,0.11199999999999999
9994,0.11199999999999999
9995,0.11199999999999999
9996,0.11199999999999999
9997,0.11199999999999999
9998,0.11199999999999999
9999,0.11199999999999999
10000,0.11199999999999999
10001,0.11199999999999999
10002,0.11199999999999999
10003,0.11199999999999999
10004,0.11199999999999999
10005,0.11199999999999999
10006,0.11199999999999999
10007,0.11199999999999999
10008,0.11199999999999999
10009,0.11199999999999999
10010,0.11199999999999999
10011,0.11199999999999999
10012,0.11199999999999999
10013,0.11199999999999999
10014,0.11199999999999999
10015,0.11199999999999999
10016,0.11199999999999999
10017,0.11199999999999999
10018,0.11199999999999999
10019,0.11199999999999999
10020,0.11199999999999999
10021,0.11199999999999999
10022,0.11199999999999999
10023,0.11199999999999999
10024,0.11199999999999999
10025,0.11199999999999999
10026,0.11199999999999999
10027,0.11199999999999999
10028,0.11199999999999999
10029,0.11199999999999999
10030,0.11199999999999999
10031,0.11199999999999999
10032,0.11199999999999999
10033,0.11199999999999999
10034,0.11199999999999999
10035,0.11199999999999999
10036,0.11199999999999999
10037,0.11199999999999999
10038,0.11199999999999999
10039,0.11199999999999999
10040,0.11199999999999999
10041,0.11199999999999999
10042,0.11199999999999999
10043,0.11199999999999999
10044,0.11199999999999999
10045,0.11199999999999999
10046,0.11199999999999999
10047,0.11199999999999999
10048,0.11199999999999999
10049,0.11199999999999999
10050,0.11199999999999999
10051,0.11199999999999999
10052,0.11199999999999999
10053,0.11199999999999999
10054,0.11199999999999999
10055,0.11199999999999999
10056,0.11199999999999999
10057,0.11199999999999999
10058,0.11199999999999999
10059,0.11199999999999999
10060,0.11199999999999999
10061,0.11199999999999999
10062,0.11199999999999999
10063,0.11199999999999999
10064,0.11199999999999999
10065,0.11199999999999999
10066,0.11199999999999999
10067,0.11199999999999999
10068,0.11199999999999999
10069,0.11199999999999999
10070,0.11199999999999999
10071,0.11199999999999999
10072,0.11199999999999999
10073,0.11199999999999999
10074,0.11199999999999999
10075,0.11199999999999999
10076,0.11199999999999999
10077,0.11199999999999999
10078,0.11199999999999999
10079,0.11199999999999999
10080,0.11199999999999999
10081,0.11199999999999999
10082,0.11199999999999999
10083,0.11199999999999999
10084,0.11199999999999999
10085,0.11199999999999999
10086,0.11199999999999999
10087,0.11199999999999999
10088,0.11199999999999999
10089,0.11199999999999999
10090,0.11199999999999999
10091,0.11199999999999999
10092,0.11199999999999999
10093,0.11199999999999999
10094,0.11199999999999999
10095,0.11199999999999999
10096,0.11199999999999999
10097,0.11199999999999999
10098,0.11199999999999999
10099,0.11199999999999999
10100,0.11199999999999999
10101,0.11199999999999999
10102,0.11199999999999999
10103,0.11199999999999999
10104,0.11199999999999999
10105,0.11199999999999999
10106,0.11199999999999999
10107,0.11199999999999999
10108,0.11199999999999999
10109,0.11199999999999999
10110,0.11199999999999999
10111,0.11199999999999999
10112,0.11199999999999999
10113,0.11199999999999999
10114,0.11199999999999999
10115,0.11199999999999999
10116,0.11199999999999999
10117,0.11199999999999999
10118,0.11199999999999999
10119,0.11199999999999999
10120,0.11199999999999999
10121,0.11199999999999999
10122,0.11199999999999999
10123,0.11199999999999999
10124,0.11199999999999999
10125,0.11199999999999999
10126,0.11199999999999999
10127,0.11199999999999999
10128,0.11199999999999999
10129,0.11199999999999999
10130,0.11199999999999999
10131,0.11199999999999999
10132,0.11199999999999999
10133,0.11199999999999999
10134,0.11199999999999999
10135,0.11199999999999999
10136,0.11199999999999999
10137,0.11199999999999999
10138,0.11199999999999999
10139,0.11199999999999999
10140,0.11199999999999999
10141,0.11199999999999999
10142,0.11199999999999999
10143,0.11199999999999999
10144,0.11199999999999999
10145,0.11199999999999999
10146,0.11199999999999999
10147,0.11199999999999999
10148,0.11199999999999999
10149,0.11199999999999999
10150,0.11199999999999999
10151,0.11199999999999999
10152,0.11199999999999999
10153,0.11199999999999999
10154,0.11199999999999999
10155,0.11199999999999999
10156,0.11199999999999999
10157,0.11199999999999999
10158,0.11199999999999999
10159,0.11199999999999999
10160,0.11199999999999999
10161,0.11199999999999999
10162,0.11199999999999999
10163,0.11199999999999999
10164,0.11199999999999999
10165,0.11199999999999999
10166,0.11199999999999999
10167,0.11199999999999999
10168,0.11199999999999999
10169,0.11199999999999999
10170,0.11199999999999999
10171,0.11199999999999999
10172,0.11199999999999999
10173,0.11199999999999999
10174,0.11199999999999999
10175,0.11199999999999999
10176,0.11199999999999999
10177,0.11199999999999999
10178,0.11199999999999999
10179,0.11199999999999999
10180,0.11199999999999999
10181,0.11199999999999999
10182,0.11199999999999999
10183,0.11199999999999999
10184,0.11199999999999999
10185,0.11199999999999999
10186,0.11199999999999999
10187,0.11199999999999999
10188,0.11199999999999999
10189,0.11199999999999999
10190,0.11199999999999999
10191,0.11199999999999999
10192,0.11199999999999999
10193,0.11199999999999999
10194,0.11199999999999999
10195,0.11199999999999999
10196,0.11199999999999999
10197,0.11199999999999999
10198,0.11199999999999999
10199,0.11199999999999999
10200,0.11199999999999999
10201,0.11199999999999999
10202,0.11199999999999999
10203,0.11199999999999999
10204,0.11199999999999999
10205,0.11199999999999999
10206,0.11199999999999999
10207,0.11199999999999999
10208,0.11199999999999999
10209,0.11199999999999999
10210,0.11199999999999999
10211,0.11199999999999999
10212,0.11199999999999999
10213,0.11199999999999999
10214,0.11199999999999999
10215,0.11199999999999999
10216,0.11199999999999999
10217,0.11199999999999999
10218,0.11199999999999999
10219,0.11199999999999999
10220,0.11199999999999999
10221,0.11199999999999999
10222,0.11199999999999999
10223,0.11199999999999999
10224,0.11199999999999999
10225,0.11199999999999999
10226,0.11199999999999999
10227,0.11199999999999999
10228,0.11199999999999999
10229,0.11199999999999999
10230,0.11199999999999999
10231,0.11199999999999999
10232,0.11199999999999999
10233,0.11199999999999999
10234,0.11199999999999999
10235,0.11199999999999999
10236,0.11199999999999999
10237,0.11199999999999999
10238,0.11199999999999999
10239,0.11199999999999999
10240,0.11199999999999999
10241,0.11199999999999999
10242,0.11199999999999999
10243,0.11199999999999999
10244,0.11199999999999999
10245,0.11199999999999999
10246,0.11199999999999999
10247,0.11199999999999999
10248,0.11199999999999999
10249,0.11199999999999999
10250,0.11199999999999999
10251,0.11199999999999999
10252,0.11199999999999999
10253,0.11199999999999999
10254,0.11199999999999999
10255,0.11199999999999999
10256,0.11199999999999999
10257,0.11199999999999999
10258,0.11199999999999999
10259,0.11199999999999999
10260,0.11199999999999999
10261,0.11199999999999999
10262,0.11199999999999999
10263,0.11199999999999999
10264,0.11199999999999999
10265,0.11199999999999999
10266,0.11199999999999999
10267,0.11199999999999999
10268,0.11199999999999999
10269,0.11199999999999999
10270,0.11199999999999999
10271,0.11199999999999999
10272,0.11199999999999999
10273,0.11199999999999999
10274,0.11199999999999999
10275,0.11199999999999999
10276,0.11199999999999999
10277,0.11199999999999999
10278,0.11199999999999999
10279,0.11199999999999999
10280,0.11199999999999999
10281,0.11199999999999999
10282,0.11199999999999999
10283,0.11199999999999999
10284,0.11199999999999999
10285,0.11199999999999999
10286,0.11199999999999999
10287,0.11199999999999999
10288,0.11199999999999999
10289,0.11199999999999999
10290,0.11199999999999999
10291,0.11199999999999999
10292,0.11199999999999999
10293,0.11199999999999999
10294,0.11199999999999999
10295,0.11199999999999999
10296,0.11199999999999999
10297,0.11199999999999999
10298,0.11199999999999999
10299,0.11199999999999999
10300,0.11199999999999999
10301,0.11199999999999999
10302,0.11199999999999999
10303,0.11199999999999999
10304,0.11199999999999999
10305,0.11199999999999999
10306,0.11199999999999999
10307,0.11199999999999999
10308,0.11199999999999999
10309,0.11199999999999999
10310,0.11199999999999999
10311,0.11199999999999999
10312,0.11199999999999999
10313,0.11199999999999999
10314,0.11199999999999999
10315,0.11199999999999999
10316,0.11199999999999999
10317,0.11199999999999999
10318,0.11199999999999999
10319,0.11199999999999999
10320,0.11199999999999999
10321,0.11199999999999999
10322,0.11199999999999999
10323,0.11199999999999999
10324,0.11199999999999999
10325,0.11199999999999999
10326,0.11199999999999999
10327,0.11199999999999999
10328,0.11199999999999999
10329,0.11199999999999999
10330,0.11199999999999999
10331,0.11199999999999999
10332,0.11199999999999999
10333,0.11199999999999999
10334,0.11199999999999999
10335,0.11199999999999999
10336,0.11199999999999999
10337,0.11199999999999999
10338,0.11199999999999999
10339,0.11199999999999999
10340,0.11199999999999999
10341,0.11199999999999999
10342,0.11199999999999999
10343,0.11199999999999999
10344,0.11199999999999999
10345,0.11199999999999999
10346,0.11199999999999999
10347,0.11199999999999999
10348,0.11199999999999999
10349,0.11199999999999999
10350,0.11199999999999999
10351,0.11199999999999999
10352,0.11199999999999999
10353,0.11199999999999999
10354,0.11199999999999999
10355,0.11199999999999999
10356,0.11199999999999999
10357,0.11199999999999999
10358,0.11199999999999999
10359,0.11199999999999999
10360,0.11199999999999999
10361,0.11199999999999999
10362,0.11199999999999999
10363,0.11199999999999999
10364,0.11199999999999999
10365,0.11199999999999999
10366,0.11199999999999999
10367,0.11199999999999999
10368,0.11199999999999999
10369,0.11199999999999999
10370,0.11199999999999999
10371,0.11199999999999999
10372,0.11199999999999999
10373,0.11199999999999999
10374,0.11199999999999999
10375,0.11199999999999999
10376,0.11199999999999999
10377,0.11199999999999999
10378,0.11199999999999999
10379,0.11199999999999999
10380,0.11199999999999999
10381,0.11199999999999999
10382,0.11199999999999999
10383,0.11199999999999999
10384,0.11199999999999999
10385,0.11199999999999999
10386,0.11199999999999999
10387,0.11199999999999999
10388,0.11199999999999999
10389,0.11199999999999999
10390,0.11199999999999999
10391,0.11199999999999999
10392,0.11199999999999999
10393,0.11199999999999999
10394,0.11199999999999999
10395,0.11199999999999999
10396,0.11199999999999999
10397,0.11199999999999999
10398,0.11199999999999999
10399,0.11199999999999999
10400,0.11199999999999999
10401,0.11199999999999999
10402,0.11199999999999999
10403,0.11199999999999999
10404,0.11199999999999999
10405,0.11199999999999999
10406,0.11199999999999999
10407,0.11199999999999999
10408,0.11199999999999999
10409,0.11199999999999999
10410,0.11199999999999999
10411,0.11199999999999999
10412,0.11199999999999999
10413,0.11199999999999999
10414,0.11199999999999999
10415,0.11199999999999999
10416,0.11199999999999999
10417,0.11199999999999999
10418,0.11199999999999999
10419,0.11199999999999999
10420,0.11199999999999999
10421,0.11199999999999999
10422,0.11199999999999999
10423,0.11199999999999999
10424,0.11199999999999999
10425,0.11199999999999999
10426,0.11199999999999999
10427,0.11199999999999999
10428,0.11199999999999999
10429,0.11199999999999999
10430,0.11199999999999999
10431,0.11199999999999999
10432,0.11199999999999999
10433,0.11199999999999999
10434,0.11199999999999999
10435,0.11199999999999999
10436,0.11199999999999999
10437,0.11199999999999999
10438,0.11199999999999999
10439,0.11199999999999999
10440,0.11199999999999999
10441,0.11199999999999999
10442,0.11199999999999999
10443,0.11199999999999999
10444,0.11199999999999999
10445,0.11199999999999999
10446,0.11199999999999999
10447,0.11199999999999999
10448,0.11199999999999999
10449,0.11199999999999999
10450,0.11199999999999999
10451,0.11199999999999999
10452,0.11199999999999999
10453,0.11199999999999999
10454,0.11199999999999999
10455,0.11199999999999999
10456,0.11199999999999999
10457,0.11199999999999999
10458,0.11199999999999999
10459,0.11199999999999999
10460,0.11199999999999999
10461,0.11199999999999999
10462,0.11199999999999999
10463,0.11199999999999999
10464,0.11199999999999999
10465,0.11199999999999999
10466,0.11199999999999999
10467,0.11199999999999999
10468,0.11199999999999999
10469,0.11199999999999999
10470,0.11199999999999999
10471,0.11199999999999999
10472,0.11199999999999999
10473,0.11199999999999999
10474,0.11199999999999999
10475,0.11199999999999999
10476,0.11199999999999999
10477,0.11199999999999999
10478,0.11199999999999999
10479,0.11199999999999999
10480,0.11199999999999999
10481,0.11199999999999999
10482,0.11199999999999999
10483,0.11199999999999999
10484,0.11199999999999999
10485,0.11199999999999999
10486,0.11199999999999999
10487,0.11199999999999999
10488,0.11199999999999999
10489,0.11199999999999999
10490,0.11199999999999999
10491,0.11199999999999999
10492,0.11199999999999999
10493,0.11199999999999999
10494,0.11199999999999999
10495,0.11199999999999999
10496,0.11199999999999999
10497,0.11199999999999999
10498,0.11199999999999999
10499,0.11199999999999999
10500,0.11199999999999999
10501,0.11199999999999999
10502,0.11199999999999999
10503,0.11199999999999999
10504,0.11199999999999999
10505,0.11199999999999999
10506,0.11199999999999999
10507,0.11199999999999999
10508,0.11199999999999999
10509,0.11199999999999999
10510,0.11199999999999999
10511,0.11199999999999999
10512,0.11199999999999999
10513,0.11199999999999999
10514,0.11199999999999999
10515,0.11199999999999999
10516,0.11199999999999999
10517,0.11199999999999999
10518,0.11199999999999999
10519,0.11199999999999999
10520,0.11199999999999999
10521,0.11199999999999999
10522,0.11199999999999999
10523,0.11199999999999999
10524,0.11199999999999999
10525,0.11199999999999999
10526,0.11199999999999999
10527,0.11199999999999999
10528,0.11199999999999999
10529,0.11199999999999999
10530,0.11199999999999999
10531,0.11199999999999999
10532,0.11199999999999999
10533,0.11199999999999999
10534,0.11199999999999999
10535,0.11199999999999999
10536,0.11199999999999999
10537,0.11199999999999999
10538,0.11199999999999999
10539,0.11199999999999999
10540,0.11199999999999999
10541,0.11199999999999999
10542,0.11199999999999999
10543,0.11199999999999999
10544,0.11199999999999999
10545,0.11199999999999999
10546,0.11199999999999999
10547,0.11199999999999999
10548,0.11199999999999999
10549,0.11199999999999999
10550,0.11199999999999999
10551,0.11199999999999999
10552,0.11199999999999999
10553,0.11199999999999999
10554,0.11199999999999999
10555,0.11199999999999999
10556,0.11199999999999999
10557,0.11199999999999999
10558,0.11199999999999999
10559,0.11199999999999999
10560,0.11199999999999999
10561,0.11199999999999999
10562,0.11199999999999999
10563,0.11199999999999999
10564,0.11199999999999999
10565,0.11199999999999999
10566,0.11199999999999999
10567,0.11199999999999999
10568,0.11199999999999999
10569,0.11199999999999999
10570,0.11199999999999999
10571,0.11199999999999999
10572,0.11199999999999999
10573,0.11199999999999999
10574,0.11199999999999999
10575,0.11199999999999999
10576,0.11199999999999999
10577,0.11199999999999999
10578,0.11199999999999999
10579,0.11199999999999999
10580,0.11199999999999999
10581,0.11199999999999999
10582,0.11199999999999999
10583,0.11199999999999999
10584,0.11199999999999999
10585,0.11199999999999999
10586,0.11199999999999999
10587,0.11199999999999999
10588,0.11199999999999999
10589,0.11199999999999999
10590,0.11199999999999999
10591,0.11199999999999999
10592,0.11199999999999999
10593,0.11199999999999999
10594,0.11199999999999999
10595,0.11199999999999999
10596,0.11199999999999999
10597,0.11199999999999999
10598,0.11199999999999999
10599,0.11199999999999999
10600,0.11199999999999999
10601,0.11199999999999999
10602,0.11199999999999999
10603,0.11199999999999999
10604,0.11199999999999999
10605,0.11199999999999999
10606,0.11199999999999999
10607,0.11199999999999999
10608,0.11199999999999999
10609,0.11199999999999999
10610,0.11199999999999999
10611,0.11199999999999999
10612,0.11199999999999999
10613,0.11199999999999999
10614,0.11199999999999999
10615,0.11199999999999999
10616,0.11199999999999999
10617,0.11199999999999999
10618,0.11199999999999999
10619,0.11199999999999999
10620,0.11199999999999999
10621,0.11199999999999999
10622,0.11199999999999999
10623,0.11199999999999999
10624,0.11199999999999999
10625,0.11199999999999999
10626,0.11199999999999999
10627,0.11199999999999999
10628,0.11199999999999999
10629,0.11199999999999999
10630,0.11199999999999999
10631,0.11199999999999999
10632,0.11199999999999999
10633,0.11199999999999999
10634,0.11199999999999999
10635,0.11199999999999999
10636,0.11199999999999999
10637,0.11199999999999999
10638,0.11199999999999999
10639,0.11199999999999999
10640,0.11199999999999999
10641,0.11199999999999999
10642,0.11199999999999999
10643,0.11199999999999999
10644,0.11199999999999999
10645,0.11199999999999999
10646,0.11199999999999999
10647,0.11199999999999999
10648,0.11199999999999999
10649,0.11199999999999999
10650,0.11199999999999999
10651,0.11199999999999999
10652,0.11199999999999999
10653,0.11199999999999999
10654,0.11199999999999999
10655,0.11199999999999999
10656,0.11199999999999999
10657,0.11199999999999999
10658,0.11199999999999999
10659,0.11199999999999999
10660,0.11199999999999999
10661,0.11199999999999999
10662,0.11199999999999999
10663,0.11199999999999999
10664,0.11199999999999999
10665,0.11199999999999999
10666,0.11199999999999999
10667,0.11199999999999999
10668,0.11199999999999999
10669,0.11199999999999999
10670,0.11199999999999999
10671,0.11199999999999999
10672,0.11199999999999999
10673,0.11199999999999999
10674,0.11199999999999999
10675,0.11199999999999999
10676,0.11199999999999999
10677,0.11199999999999999
10678,0.11199999999999999
10679,0.11199999999999999
10680,0.11199999999999999
10681,0.11199999999999999
10682,0.11199999999999999
10683,0.11199999999999999
10684,0.11199999999999999
10685,0.11199999999999999
10686,0.11199999999999999
10687,0.11199999999999999
10688,0.11199999999999999
10689,0.11199999999999999
10690,0.11199999999999999
10691,0.11199999999999999
10692,0.11199999999999999
10693,0.11199999999999999
10694,0.11199999999999999
10695,0.11199999999999999
10696,0.11199999999999999
10697,0.11199999999999999
10698,0.11199999999999999
10699,0.11199999999999999
10700,0.11199999999999999
10701,0.11199999999999999
10702,0.11199999999999999
10703,0.11199999999999999
10704,0.11199999999999999
10705,0.11199999999999999
10706,0.11199999999999999
10707,0.11199999999999999
10708,0.11199999999999999
10709,0.11199999999999999
10710,0.11199999999999999
10711,0.11199999999999999
10712,0.11199999999999999
10713,0.11199999999999999
10714,0.11199999999999999
10715,0.11199999999999999
10716,0.11199999999999999
10717,0.11199999999999999
10718,0.11199999999999999
10719,0.11199999999999999
10720,0.11199999999999999
10721,0.11199999999999999
10722,0.11199999999999999
10723,0.11199999999999999
10724,0.11199999999999999
10725,0.11199999999999999
10726,0.11199999999999999
10727,0.11199999999999999
10728,0.11199999999999999
10729,0.11199999999999999
10730,0.11199999999999999
10731,0.11199999999999999
10732,0.11199999999999999
10733,0.11199999999999999
10734,0.11199999999999999
10735,0.11199999999999999
10736,0.11199999999999999
10737,0.11199999999999999
10738,0.11199999999999999
10739,0.11199999999999999
10740,0.11199999999999999
10741,0.11199999999999999
10742,0.11199999999999999
10743,0.11199999999999999
10744,0.11199999999999999
10745,0.11199999999999999
10746,0.11199999999999999
10747,0.11199999999999999
10748,0.11199999999999999
10749,0.11199999999999999
10750,0.11199999999999999
10751,0.11199999999999999
10752,0.11199999999999999
10753,0.11199999999999999
10754,0.11199999999999999
10755,0.11199999999999999
10756,0.11199999999999999
10757,0.11199999999999999
10758,0.11199999999999999
10759,0.11199999999999999
10760,0.11199999999999999
10761,0.11199999999999999
10762,0.11199999999999999
10763,0.11199999999999999
10764,0.11199999999999999
10765,0.11199999999999999
10766,0.11199999999999999
10767,0.11199999999999999
10768,0.11199999999999999
10769,0.11199999999999999
10770,0.11199999999999999
10771,0.11199999999999999
10772,0.11199999999999999
10773,0.11199999999999999
10774,0.11199999999999999
10775,0.11199999999999999
10776,0.11199999999999999
10777,0.11199999999999999
10778,0.11199999999999999
10779,0.11199999999999999
10780,0.11199999999999999
10781,0.11199999999999999
10782,0.11199999999999999
10783,0.11199999999999999
10784,0.11199999999999999
10785,0.11199999999999999
10786,0.11199999999999999
10787,0.11199999999999999
10788,0.11199999999999999
10789,0.11199999999999999
10790,0.11199999999999999
10791,0.11199999999999999
10792,0.11199999999999999
10793,0.11199999999999999
10794,0.11199999999999999
10795,0.11199999999999999
10796,0.11199999999999999
10797,0.11199999999999999
10798,0.11199999999999999
10799,0.11199999999999999
10800,0.11199999999999999
0,0.151
1,0.151
2,0.1491
3,0.1472
4,0.14529999999999998
5,0.1434
6,0.14150000000000001
7,0.1396
8,0.1377
9,0.1358
10,0.13390000000000002
11,0.132
12,0.132
13,0.1315
14,0.131
15,0.131
16,0.131
17,0.131
18,0.131
19,0.131
20,0.131
21,0.131
22,0.131
23,0.131
24,0.131
25,0.131
26,0.131
27,0.131
28,0.131
29,0.131
30,0.131
31,0.131
32,0.131
33,0.131
34,0.131
35,0.131
36,0.131
37,0.131
38,0.131
39,0.131
40,0.131
41,0.131
42,0.131
43,0.131
44,0.131
45,0.131
46,0.131
47,0.131
48,0.131
49,0.131
50,0.131
51,0.131
52,0.131
53,0.131
54,0.131
55,0.131
56,0.131
57,0.131
58,0.131
59,0.131
60,0.131
61,0.131
62,0.131
63,0.131
64,0.131
65,0.131
66,0.131
67,0.131
68,0.131
69,0.131
70,0.131
71,0.131
72,0.131
73,0.131
74,0.131
75,0.131
76,0.131
77,0.131
78,0.131
79,0.131
80,0.131
81,0.131
82,0.131
83,0.131
84,0.131
85,0.131
86,0.131
87,0.131
88,0.131
89,0.131
90,0.131
91,0.131
92,0.131
93,0.131
94,0.131
95,0.131
96,0.131
97,0.131
98,0.131
99,0.131
100,0.131
101,0.131
102,0.131
103,0.131
104,0.131
105,0.131
106,0.131
107,0.131
108,0.131
109,0.131
110,0.131
111,0.131
112,0.131
113,0.131
114,0.131
115,0.131
116,0.131
117,0.131
118,0.131
119,0.131
120,0.131
121,0.131
122,0.131
123,0.131
124,0.131
125,0.131
126,0.131
127,0.131
128,0.131
129,0.131
130,0.131
131,0.131
132,0.131
133,0.131
134,0.131
135,0.131
136,0.131
137,0.131
138,0.131
139,0.131
140,0.131
141,0.131
142,0.131
143,0.131
144,0.131
145,0.131
146,0.131
147,0.131
148,0.131
149,0.131
150,0.131
151,0.131
152,0.131
153,0.131
154,0.131
155,0.131
156,0.131
157,0.131
158,0.131
159,0.131
160,0.131
161,0.131
162,0.131
163,0.131
164,0.131
165,0.131
166,0.131
167,0.131
168,0.131
169,0.131
170,0.131
171,0.131
172,0.131
173,0.131
174,0.131
175,0.131
176,0.131
177,0.131
178,0.131
179,0.131
180,0.131
181,0.131
182,0.131
183,0.131
184,0.131
185,0.131
186,0.131
187,0.131
188,0.131
189,0.131
190,0.131
191,0.131
192,0.131
193,0.131
194,0.131
195,0.131
196,0.131
197,0.131
198,0.131
199,0.131
200,0.131
201,0.131
202,0.131
203,0.131
204,0.131
205,0.131
206,0.131
207,0.131
208,0.131
209,0.131
210,0.131
211,0.131
212,0.131
213,0.131
214,0.131
215,0.131
216,0.131
217,0.131
218,0.131
219,0.131
220,0.131
221,0.131
222,0.131
223,0.131
224,0.131
225,0.131
226,0.131
227,0.131
228,0.131
229,0.131
230,0.131
231,0.131
232,0.131
233,0.131
234,0.131
235,0.131
236,0.131
237,0.131
238,0.131
239,0.131
240,0.131
241,0.131
242,0.131
243,0.131
244,0.131
245,0.131
246,0.131
247,0.131
248,0.131
249,0.131
250,0.131
251,0.131
252,0.131
253,0.131
254,0.131
255,0.131
256,0.131
257,0.131
258,0.131
259,0.131
260,0.131
261,0.131
262,0.131
263,0.131
264,0.131
265,0.131
266,0.131
267,0.131
268,0.131
269,0.131
270,0.131
271,0.131
272,0.131
273,0.131
274,0.131
275,0.131
276,0.131
277,0.131
278,0.131
279,0.131
280,0.131
281,0.131
282,0.131
283,0.131
284,0.131
285,0.131
286,0.131
287,0.131
288,0.131
289,0.131
290,0.131
291,0.131
292,0.131
293,0.131
294,0.131
295,0.131
296,0.131
297,0.131
298,0.131
299,0.131
300,0.131
301,0.131
302,0.131
303,0.131
304,0.131
305,0.131
306,0.131
307,0.131
308,0.131
309,0.131
310,0.131
311,0.131
312,0.131
313,0.131
314,0.131
315,0.131
316,0.131
317,0.131
318,0.131
319,0.131
320,0.131
321,0.131
322,0.131
323,0.131
324,0.131
325,0.131
326,0.131
327,0.131
328,0.131
329,0.131
330,0.131
331,0.131
332,0.131
333,0.131
334,0.131
335,0.131
336,0.131
337,0.131
338,0.131
339,0.131
340,0.131
341,0.131
342,0.131
343,0.131
344,0.131
345,0.131
346,0.131
347,0.131
348,0.131
349,0.131
350,0.131
351,0.131
352,0.131
353,0.131
354,0.131
355,0.131
356,0.131
357,0.131
358,0.131
359,0.131
360,0.131
361,0.131
362,0.131
363,0.131
364,0.125
365,0.125
366,0.125
367,0.125
368,0.125
369,0.125
370,0.125
371,0.125
372,0.125
373,0.125
374,0.125
375,0.125
376,0.125
377,0.125
378,0.125
379,0.125
380,0.125
381,0.125
382,0.125
383,0.125
384,0.125
385,0.125
386,0.125
387,0.125
388,0.125
389,0.125
390,0.125
391,0.125
392,0.125
393,0.125
394,0.125
395,0.125
396,0.125
397,0.125
398,0.125
399,0.125
400,0.125
401,0.125
402,0.125
403,0.125
404,0.125
405,0.125
406,0.125
407,0.125
408,0.125
409,0.12475
410,0.1245
411,0.124
412,0.1235
413,0.123
414,0.1225
415,0.122
416,0.1215
417,0.121
418,0.1205
419,0.12
420,0.12
421,0.12
422,0.12
423,0.12
424,0.12
425,0.12
426,0.12
427,0.12
428,0.12
429,0.12
430,0.12
431,0.12
432,0.12
433,0.12
434,0.12
435,0.12
436,0.12
437,0.12
438,0.12
439,0.12
440,0.12
441,0.12
442,0.12
443,0.12
444,0.12
445,0.12
446,0.12
447,0.12
448,0.12
449,0.12
450,0.12
451,0.12
452,0.12
453,0.12
454,0.12
455,0.12
456,0.12
457,0.12
458,0.12
459,0.12
460,0.12
461,0.12
462,0.12
463,0.12
464,0.12
465,0.12
466,0.12
467,0.12
468,0.12
469,0.12
470,0.12
471,0.12
472,0.12
473,0.12
474,0.12
475,0.12
476,0.12
477,0.12
478,0.12
479,0.12
480,0.12
481,0.12
482,0.12
483,0.12
484,0.12
485,0.12
486,0.12
487,0.12
488,0.12
489,0.12
490,0.12
491,0.12
492,0.12
493,0.12
494,0.12
495,0.12
496,0.12
497,0.12
498,0.12
499,0.12
500,0.12
501,0.12
502,0.12
503,0.12
504,0.12
505,0.12
506,0.12
507,0.12
508,0.12
509,0.12
510,0.12
511,0.12
512,0.12
513,0.12
514,0.12
515,0.12
516,0.12
517,0.12
518,0.12
519,0.12
520,0.12
521,0.119
522,0.11800000000000001
523,0.11783333333333335
524,0.11766666666666667
525,0.1175
526,0.11733333333333333
527,0.11716666666666667
528,0.11699999999999999
529,0.11699999999999999
530,0.11699999999999999
531,0.11699999999999999
532,0.11699999999999999
533,0.11699999999999999
534,0.11699999999999999
535,0.11699999999999999
536,0.11699999999999999
537,0.11699999999999999
538,0.11699999999999999
539,0.11699999999999999
540,0.11699999999999999
541,0.11699999999999999
542,0.11699999999999999
543,0.11699999999999999
544,0.11699999999999999
545,0.11699999999999999
546,0.11699999999999999
547,0.11699999999999999
548,0.11699999999999999
549,0.11699999999999999
550,0.11699999999999999
551,0.11699999999999999
552,0.11699999999999999
553,0.11699999999999999
554,0.11699999999999999
555,0.11699999999999999
556,0.11699999999999999
557,0.11699999999999999
558,0.11699999999999999
559,0.11699999999999999
560,0.11699999999999999
561,0.11699999999999999
562,0.11699999999999999
563,0.11699999999999999
564,0.11699999999999999
565,0.11699999999999999
566,0.11699999999999999
567,0.11699999999999999
568,0.11699999999999999
569,0.11699999999999999
570,0.11699999999999999
571,0.11699999999999999
572,0.11699999999999999
573,0.11699999999999999
574,0.11699999999999999
575,0.11699999999999999
576,0.11699999999999999
577,0.11699999999999999
578,0.11699999999999999
579,0.11699999999999999
580,0.11699999999999999
581,0.11699999999999999
582,0.11699999999999999
583,0.11699999999999999
584,0.11699999999999999
585,0.11699999999999999
586,0.11699999999999999
587,0.11699999999999999
588,0.11699999999999999
589,0.11699999999999999
590,0.11699999999999999
591,0.11699999999999999
592,0.11699999999999999
593,0.11699999999999999
594,0.11699999999999999
595,0.11699999999999999
596,0.11699999999999999
597,0.11699999999999999
598,0.11699999999999999
599,0.11699999999999999
600,0.11699999999999999
601,0.11699999999999999
602,0.11699999999999999
603,0.11699999999999999
604,0.11699999999999999
605,0.11699999999999999
606,0.11699999999999999
607,0.11699999999999999
608,0.11699999999999999
609,0.11699999999999999
610,0.11699999999999999
611,0.11699999999999999
612,0.11699999999999999
613,0.11699999999999999
614,0.11699999999999999
615,0.11699999999999999
616,0.11699999999999999
617,0.11699999999999999
618,0.11699999999999999
619,0.11699999999999999
620,0.11699999999999999
621,0.11699999999999999
622,0.11699999999999999
623,0.11699999999999999
624,0.11699999999999999
625,0.11699999999999999
626,0.11699999999999999
627,0.11699999999999999
628,0.11699999999999999
629,0.11699999999999999
630,0.11699999999999999
631,0.11699999999999999
632,0.11699999999999999
633,0.11699999999999999
634,0.11699999999999999
635,0.11699999999999999
636,0.11699999999999999
637,0.11699999999999999
638,0.11699999999999999
639,0.11699999999999999
640,0.11699999999999999
641,0.11699999999999999
642,0.11699999999999999
643,0.11699999999999999
644,0.11699999999999999
645,0.11699999999999999
646,0.11699999999999999
647,0.11699999999999999
648,0.11699999999999999
649,0.11699999999999999
650,0.11699999999999999
651,0.11699999999999999
652,0.11699999999999999
653,0.11699999999999999
654,0.11699999999999999
655,0.11699999999999999
656,0.11699999999999999
657,0.11699999999999999
658,0.11699999999999999
659,0.11699999999999999
660,0.11699999999999999
661,0.11699999999999999
662,0.11699999999999999
663,0.11699999999999999
664,0.11699999999999999
665,0.11699999999999999
666,0.11699999999999999
667,0.11699999999999999
668,0.11699999999999999
669,0.11699999999999999
670,0.11699999999999999
671,0.11699999999999999
672,0.11699999999999999
673,0.11699999999999999
674,0.11699999999999999
675,0.11699999999999999
676,0.11699999999999999
677,0.11699999999999999
678,0.11699999999999999
679,0.11699999999999999
680,0.11699999999999999
681,0.11699999999999999
682,0.11699999999999999
683,0.11699999999999999
684,0.11699999999999999
685,0.11699999999999999
686,0.11699999999999999
687,0.11699999999999999
688,0.11699999999999999
689,0.11699999999999999
690,0.11699999999999999
691,0.11699999999999999
692,0.11699999999999999
693,0.11699999999999999
694,0.11699999999999999
695,0.11699999999999999
696,0.11699999999999999
697,0.11699999999999999
698,0.11699999999999999
699,0.11699999999999999
700,0.11699999999999999
701,0.11699999999999999
702,0.11699999999999999
703,0.11699999999999999
704,0.11699999999999999
705,0.11699999999999999
706,0.11699999999999999
707,0.11699999999999999
708,0.11699999999999999
709,0.11699999999999999
710,0.11699999999999999
711,0.11699999999999999
712,0.11699999999999999
713,0.11699999999999999
714,0.11699999999999999
715,0.11699999999999999
716,0.11699999999999999
717,0.11699999999999999
718,0.11699999999999999
719,0.11699999999999999
720,0.11699999999999999
721,0.11699999999999999
722,0.11699999999999999
723,0.11699999999999999
724,0.11699999999999999
725,0.11699999999999999
726,0.11699999999999999
727,0.11699999999999999
728,0.11699999999999999
729,0.11699999999999999
730,0.11699999999999999
731,0.11699999999999999
732,0.11699999999999999
733,0.11699999999999999
734,0.11699999999999999
735,0.11699999999999999
736,0.11699999999999999
737,0.11699999999999999
738,0.11699999999999999
739,0.11699999999999999
740,0.11699999999999999
741,0.11699999999999999
742,0.11699999999999999
743,0.11699999999999999
744,0.11699999999999999
745,0.11699999999999999
746,0.11699999999999999
747,0.11699999999999999
748,0.11699999999999999
749,0.11699999999999999
750,0.11699999999999999
751,0.11699999999999999
752,0.11699999999999999
753,0.11699999999999999
754,0.11699999999999999
755,0.11699999999999999
756,0.11699999999999999
757,0.11699999999999999
758,0.11699999999999999
759,0.11699999999999999
760,0.11699999999999999
761,0.11699999999999999
762,0.11699999999999999
763,0.11699999999999999
764,0.11699999999999999
765,0.11699999999999999
766,0.11699999999999999
767,0.11699999999999999
768,0.11699999999999999
769,0.11699999999999999
770,0.11699999999999999
771,0.11699999999999999
772,0.11699999999999999
773,0.11699999999999999
774,0.11699999999999999
775,0.11699999999999999
776,0.11699999999999999
777,0.11699999999999999
778,0.11699999999999999
779,0.11699999999999999
780,0.11699999999999999
781,0.11699999999999999
782,0.11699999999999999
783,0.11699999999999999
784,0.11699999999999999
785,0.11699999999999999
786,0.11699999999999999
787,0.11699999999999999
788,0.11699999999999999
789,0.11699999999999999
790,0.11699999999999999
791,0.11699999999999999
792,0.11699999999999999
793,0.11699999999999999
794,0.11699999999999999
795,0.11699999999999999
796,0.11699999999999999
797,0.11699999999999999
798,0.11699999999999999
799,0.11699999999999999
800,0.11699999999999999
801,0.11699999999999999
802,0.11699999999999999
803,0.11699999999999999
804,0.11699999999999999
805,0.11699999999999999
806,0.11699999999999999
807,0.11699999999999999
808,0.11699999999999999
809,0.11699999999999999
810,0.11699999999999999
811,0.11699999999999999
812,0.11699999999999999
813,0.11699999999999999
814,0.11699999999999999
815,0.11699999999999999
816,0.11699999999999999
817,0.11699999999999999
818,0.11699999999999999
819,0.11699999999999999
820,0.11699999999999999
821,0.11699999999999999
822,0.11699999999999999
823,0.11699999999999999
824,0.11699999999999999
825,0.11699999999999999
826,0.11699999999999999
827,0.11699999999999999
828,0.11699999999999999
829,0.11699999999999999
830,0.11699999999999999
831,0.11699999999999999
832,0.11699999999999999
833,0.11699999999999999
834,0.11699999999999999
835,0.11699999999999999
836,0.11699999999999999
837,0.11699999999999999
838,0.11699999999999999
839,0.11699999999999999
840,0.11699999999999999
841,0.11699999999999999
842,0.11699999999999999
843,0.11699999999999999
844,0.11699999999999999
845,0.11699999999999999
846,0.11699999999999999
847,0.11699999999999999
848,0.11699999999999999
849,0.11699999999999999
850,0.11699999999999999
851,0.11699999999999999
852,0.11699999999999999
853,0.11699999999999999
854,0.11699999999999999
855,0.11699999999999999
856,0.11699999999999999
857,0.11699999999999999
858,0.11699999999999999
859,0.11699999999999999
860,0.11699999999999999
861,0.11699999999999999
862,0.11699999999999999
863,0.11699999999999999
864,0.11699999999999999
865,0.11699999999999999
866,0.11699999999999999
867,0.11699999999999999
868,0.11699999999999999
869,0.11699999999999999
870,0.11699999999999999
871,0.11699999999999999
872,0.11699999999999999
873,0.11699999999999999
874,0.11699999999999999
875,0.11699999999999999
876,0.11699999999999999
877,0.11699999999999999
878,0.11699999999999999
879,0.11699999999999999
880,0.11699999999999999
881,0.11699999999999999
882,0.11699999999999999
883,0.11699999999999999
884,0.11699999999999999
885,0.11699999999999999
886,0.11699999999999999
887,0.11699999999999999
888,0.11699999999999999
889,0.11699999999999999
890,0.11699999999999999
891,0.11699999999999999
892,0.11699999999999999
893,0.11699999999999999
894,0.11699999999999999
895,0.11699999999999999
896,0.11699999999999999
897,0.11699999999999999
898,0.11699999999999999
899,0.11699999999999999
900,0.11699999999999999
901,0.11699999999999999
902,0.11699999999999999
903,0.11699999999999999
904,0.11699999999999999
905,0.11699999999999999
906,0.11699999999999999
907,0.11699999999999999
908,0.11699999999999999
909,0.11699999999999999
910,0.11699999999999999
911,0.11699999999999999
912,0.11699999999999999
913,0.11699999999999999
914,0.11699999999999999
915,0.11699999999999999
916,0.11699999999999999
917,0.11699999999999999
918,0.11699999999999999
919,0.11699999999999999
920,0.11699999999999999
921,0.11699999999999999
922,0.11699999999999999
923,0.11699999999999999
924,0.11699999999999999
925,0.11699999999999999
926,0.11699999999999999
927,0.11699999999999999
928,0.11699999999999999
929,0.11699999999999999
930,0.11699999999999999
931,0.11699999999999999
932,0.11699999999999999
933,0.11699999999999999
934,0.11699999999999999
935,0.11699999999999999
936,0.11699999999999999
937,0.11699999999999999
938,0.11699999999999999
939,0.11699999999999999
940,0.11699999999999999
941,0.11699999999999999
942,0.11699999999999999
943,0.11699999999999999
944,0.11699999999999999
945,0.11699999999999999
946,0.11699999999999999
947,0.11699999999999999
948,0.11699999999999999
949,0.11699999999999999
950,0.11699999999999999
951,0.11699999999999999
952,0.11699999999999999
953,0.11699999999999999
954,0.11699999999999999
955,0.11699999999999999
956,0.11699999999999999
957,0.11699999999999999
958,0.11699999999999999
959,0.11699999999999999
960,0.11699999999999999
961,0.11699999999999999
962,0.11699999999999999
963,0.11699999999999999
964,0.11699999999999999
965,0.11699999999999999
966,0.11699999999999999
967,0.11699999999999999
968,0.11699999999999999
969,0.11699999999999999
970,0.11699999999999999
971,0.11699999999999999
972,0.11699999999999999
973,0.11699999999999999
974,0.11699999999999999
975,0.11699999999999999
976,0.11699999999999999
977,0.11699999999999999
978,0.11699999999999999
979,0.11699999999999999
980,0.11699999999999999
981,0.11699999999999999
982,0.11699999999999999
983,0.11699999999999999
984,0.11699999999999999
985,0.11699999999999999
986,0.11699999999999999
987,0.11699999999999999
988,0.11699999999999999
989,0.11699999999999999
990,0.11699999999999999
991,0.11699999999999999
992,0.11699999999999999
993,0.11699999999999999
994,0.11699999999999999
995,0.11699999999999999
996,0.11699999999999999
997,0.11699999999999999
998,0.11699999999999999
999,0.11699999999999999
1000,0.11699999999999999
1001,0.11699999999999999
1002,0.11699999999999999
1003,0.11699999999999999
1004,0.11699999999999999
1005,0.11699999999999999
1006,0.11699999999999999
1007,0.11699999999999999
1008,0.11699999999999999
1009,0.11699999999999999
1010,0.11699999999999999
1011,0.11699999999999999
1012,0.11699999999999999
1013,0.11699999999999999
1014,0.11699999999999999
1015,0.11699999999999999
1016,0.11699999999999999
1017,0.11699999999999999
1018,0.11699999999999999
1019,0.11699999999999999
1020,0.11699999999999999
1021,0.11699999999999999
1022,0.11699999999999999
1023,0.11699999999999999
1024,0.11699999999999999
1025,0.11699999999999999
1026,0.11699999999999999
1027,0.11699999999999999
1028,0.11699999999999999
1029,0.11699999999999999
1030,0.11699999999999999
1031,0.11699999999999999
1032,0.11699999999999999
1033,0.11699999999999999
1034,0.11699999999999999
1035,0.11699999999999999
1036,0.11699999999999999
1037,0.11699999999999999
1038,0.11699999999999999
1039,0.11699999999999999
1040,0.11699999999999999
1041,0.11699999999999999
1042,0.11699999999999999
1043,0.11699999999999999
1044,0.11699999999999999
1045,0.11699999999999999
1046,0.11699999999999999
1047,0.11699999999999999
1048,0.11699999999999999
1049,0.11699999999999999
1050,0.11699999999999999
1051,0.11699999999999999
1052,0.11699999999999999
1053,0.11699999999999999
1054,0.11699999999999999
1055,0.11699999999999999
1056,0.11699999999999999
1057,0.11699999999999999
1058,0.11699999999999999
1059,0.11699999999999999
1060,0.11699999999999999
1061,0.11699999999999999
1062,0.11699999999999999
1063,0.11699999999999999
1064,0.11699999999999999
1065,0.11699999999999999
1066,0.11699999999999999
1067,0.11699999999999999
1068,0.11699999999999999
1069,0.11699999999999999
1070,0.11699999999999999
1071,0.11699999999999999
1072,0.11699999999999999
1073,0.11699999999999999
1074,0.11699999999999999
1075,0.11699999999999999
1076,0.11699999999999999
1077,0.11699999999999999
1078,0.11699999999999999
1079,0.11699999999999999
1080,0.11699999999999999
1081,0.11699999999999999
1082,0.11699999999999999
1083,0.11699999999999999
1084,0.11699999999999999
1085,0.11699999999999999
1086,0.11699999999999999
1087,0.11699999999999999
1088,0.11699999999999999
1089,0.11699999999999999
1090,0.11699999999999999
1091,0.11699999999999999
1092,0.11699999999999999
1093,0.11699999999999999
1094,0.11699999999999999
1095,0.11699999999999999
1096,0.11699999999999999
1097,0.11699999999999999
1098,0.11699999999999999
1099,0.11699999999999999
1100,0.11699999999999999
1101,0.11699999999999999
1102,0.11699999999999999
1103,0.11699999999999999
1104,0.11699999999999999
1105,0.11699999999999999
1106,0.11699999999999999
1107,0.11699999999999999
1108,0.11699999999999999
1109,0.11699999999999999
1110,0.11699999999999999
1111,0.11699999999999999
1112,0.11699999999999999
1113,0.11699999999999999
1114,0.11699999999999999
1115,0.11699999999999999
1116,0.11699999999999999
1117,0.11699999999999999
1118,0.11699999999999999
1119,0.11699999999999999
1120,0.11699999999999999
1121,0.11699999999999999
1122,0.11699999999999999
1123,0.11699999999999999
1124,0.11699999999999999
1125,0.11699999999999999
1126,0.11699999999999999
1127,0.11699999999999999
1128,0.11699999999999999
1129,0.11699999999999999
1130,0.11699999999999999
1131,0.11699999999999999
1132,0.11699999999999999
1133,0.11699999999999999
1134,0.11699999999999999
1135,0.11699999999999999
1136,0.11699999999999999
1137,0.11699999999999999
1138,0.11699999999999999
1139,0.11699999999999999
1140,0.11699999999999999
1141,0.11699999999999999
1142,0.11699999999999999
1143,0.11699999999999999
1144,0.11699999999999999
1145,0.11699999999999999
1146,0.11699999999999999
1147,0.11699999999999999
1148,0.11699999999999999
1149,0.11699999999999999
1150,0.11699999999999999
1151,0.11699999999999999
1152,0.11699999999999999
1153,0.11699999999999999
1154,0.11699999999999999
1155,0.11699999999999999
1156,0.11699999999999999
1157,0.11699999999999999
1158,0.11699999999999999
1159,0.11699999999999999
1160,0.11699999999999999
1161,0.11699999999999999
1162,0.11699999999999999
1163,0.11699999999999999
1164,0.11699999999999999
1165,0.11699999999999999
1166,0.11699999999999999
1167,0.11699999999999999
1168,0.11699999999999999
1169,0.11699999999999999
1170,0.11699999999999999
1171,0.11699999999999999
1172,0.11699999999999999
1173,0.11699999999999999
1174,0.11699999999999999
1175,0.11699999999999999
1176,0.11699999999999999
1177,0.11699999999999999
1178,0.11699999999999999
1179,0.11699999999999999
1180,0.11699999999999999
1181,0.11699999999999999
1182,0.11699999999999999
1183,0.11699999999999999
1184,0.11699999999999999
1185,0.11699999999999999
1186,0.11699999999999999
1187,0.11699999999999999
1188,0.11699999999999999
1189,0.11699999999999999
1190,0.11699999999999999
1191,0.11699999999999999
1192,0.11699999999999999
1193,0.11699999999999999
1194,0.11699999999999999
1195,0.11699999999999999
1196,0.11699999999999999
1197,0.11699999999999999
1198,0.11699999999999999
1199,0.11699999999999999
1200,0.11699999999999999
1201,0.11699999999999999
1202,0.11699999999999999
1203,0.11699999999999999
1204,0.11699999999999999
1205,0.11699999999999999
1206,0.11699999999999999
1207,0.11699999999999999
1208,0.11699999999999999
1209,0.11699999999999999
1210,0.11699999999999999
1211,0.11699999999999999
1212,0.11699999999999999
1213,0.11699999999999999
1214,0.11699999999999999
1215,0.11699999999999999
1216,0.11699999999999999
1217,0.11699999999999999
1218,0.11699999999999999
1219,0.11699999999999999
1220,0.11699999999999999
1221,0.11699999999999999
1222,0.11699999999999999
1223,0.11699999999999999
1224,0.11699999999999999
1225,0.11699999999999999
1226,0.11699999999999999
1227,0.11699999999999999
1228,0.11699999999999999
1229,0.11699999999999999
1230,0.11699999999999999
1231,0.11699999999999999
1232,0.11699999999999999
1233,0.11699999999999999
1234,0.11699999999999999
1235,0.11699999999999999
1236,0.11699999999999999
1237,0.11699999999999999
1238,0.11699999999999999
1239,0.11699999999999999
1240,0.11699999999999999
1241,0.11699999999999999
1242,0.11699999999999999
1243,0.11699999999999999
1244,0.11699999999999999
1245,0.11699999999999999
1246,0.11699999999999999
1247,0.11699999999999999
1248,0.11699999999999999
1249,0.11699999999999999
1250,0.11699999999999999
1251,0.11699999999999999
1252,0.11699999999999999
1253,0.11699999999999999
1254,0.11699999999999999
1255,0.11699999999999999
1256,0.11699999999999999
1257,0.11699999999999999
1258,0.11699999999999999
1259,0.11699999999999999
1260,0.11699999999999999
1261,0.11699999999999999
1262,0.11699999999999999
1263,0.11699999999999999
1264,0.11699999999999999
1265,0.11699999999999999
1266,0.11699999999999999
1267,0.11699999999999999
1268,0.11699999999999999
1269,0.11699999999999999
1270,0.11699999999999999
1271,0.11699999999999999
1272,0.11699999999999999
1273,0.11699999999999999
1274,0.11699999999999999
1275,0.11699999999999999
1276,0.11699999999999999
1277,0.11699999999999999
1278,0.11699999999999999
1279,0.11699999999999999
1280,0.11699999999999999
1281,0.11699999999999999
1282,0.11699999999999999
1283,0.11699999999999999
1284,0.11699999999999999
1285,0.11699999999999999
1286,0.11699999999999999
1287,0.11699999999999999
1288,0.11699999999999999
1289,0.11699999999999999
1290,0.11699999999999999
1291,0.11699999999999999
1292,0.11699999999999999
1293,0.11699999999999999
1294,0.11699999999999999
1295,0.11699999999999999
1296,0.11699999999999999
1297,0.11699999999999999
1298,0.11699999999999999
1299,0.11699999999999999
1300,0.11699999999999999
1301,0.11699999999999999
1302,0.11699999999999999
1303,0.11699999999999999
1304,0.11699999999999999
1305,0.11699999999999999
1306,0.11699999999999999
1307,0.11699999999999999
1308,0.11699999999999999
1309,0.11699999999999999
1310,0.11699999999999999
1311,0.11699999999999999
1312,0.11699999999999999
1313,0.11699999999999999
1314,0.11699999999999999
1315,0.11699999999999999
1316,0.11699999999999999
1317,0.11699999999999999
1318,0.11699999999999999
1319,0.11699999999999999
1320,0.11699999999999999
1321,0.11699999999999999
1322,0.11699999999999999
1323,0.11699999999999999
1324,0.11699999999999999
1325,0.11699999999999999
1326,0.11699999999999999
1327,0.11699999999999999
1328,0.11699999999999999
1329,0.11699999999999999
1330,0.11699999999999999
1331,0.11699999999999999
1332,0.11699999999999999
1333,0.11699999999999999
1334,0.11699999999999999
1335,0.11699999999999999
1336,0.11699999999999999
1337,0.11699999999999999
1338,0.11699999999999999
1339,0.11699999999999999
1340,0.11699999999999999
1341,0.11699999999999999
1342,0.11699999999999999
1343,0.11699999999999999
1344,0.11699999999999999
1345,0.11699999999999999
1346,0.11699999999999999
1347,0.11699999999999999
1348,0.11699999999999999
1349,0.11699999999999999
1350,0.11699999999999999
1351,0.11699999999999999
1352,0.11699999999999999
1353,0.11699999999999999
1354,0.11699999999999999
1355,0.11699999999999999
1356,0.11699999999999999
1357,0.11699999999999999
1358,0.11699999999999999
1359,0.11699999999999999
1360,0.11699999999999999
1361,0.11699999999999999
1362,0.11699999999999999
1363,0.11699999999999999
1364,0.11699999999999999
1365,0.11699999999999999
1366,0.11699999999999999
1367,0.11699999999999999
1368,0.11699999999999999
1369,0.11699999999999999
1370,0.11699999999999999
1371,0.11699999999999999
1372,0.11699999999999999
1373,0.11699999999999999
1374,0.11699999999999999
1375,0.11699999999999999
1376,0.11699999999999999
1377,0.11699999999999999
1378,0.11699999999999999
1379,0.11699999999999999
1380,0.11699999999999999
1381,0.11699999999999999
1382,0.11699999999999999
1383,0.11699999999999999
1384,0.11699999999999999
1385,0.11699999999999999
1386,0.11699999999999999
1387,0.11699999999999999
1388,0.11699999999999999
1389,0.11699999999999999
1390,0.11699999999999999
1391,0.11699999999999999
1392,0.11699999999999999
1393,0.11699999999999999
1394,0.11699999999999999
1395,0.11699999999999999
1396,0.11699999999999999
1397,0.11699999999999999
1398,0.11699999999999999
1399,0.11699999999999999
1400,0.11699999999999999
1401,0.11699999999999999
1402,0.11699999999999999
1403,0.11699999999999999
1404,0.11699999999999999
1405,0.11699999999999999
1406,0.11699999999999999
1407,0.11699999999999999
1408,0.11699999999999999
1409,0.11699999999999999
1410,0.11699999999999999
1411,0.11699999999999999
1412,0.11699999999999999
1413,0.11699999999999999
1414,0.11699999999999999
1415,0.11699999999999999
1416,0.11699999999999999
1417,0.11699999999999999
1418,0.11699999999999999
1419,0.11699999999999999
1420,0.11699999999999999
1421,0.11699999999999999
1422,0.11699999999999999
1423,0.11699999999999999
1424,0.11699999999999999
1425,0.11699999999999999
1426,0.11699999999999999
1427,0.11699999999999999
1428,0.11699999999999999
1429,0.11699999999999999
1430,0.11699999999999999
1431,0.11699999999999999
1432,0.11699999999999999
1433,0.11699999999999999
1434,0.11699999999999999
1435,0.11699999999999999
1436,0.11699999999999999
1437,0.11699999999999999
1438,0.11699999999999999
1439,0.11699999999999999
1440,0.11699999999999999
1441,0.11699999999999999
1442,0.11699999999999999
1443,0.11699999999999999
1444,0.11699999999999999
1445,0.11699999999999999
1446,0.11699999999999999
1447,0.11699999999999999
1448,0.11699999999999999
1449,0.11699999999999999
1450,0.11699999999999999
1451,0.11699999999999999
1452,0.11699999999999999
1453,0.11699999999999999
1454,0.11699999999999999
1455,0.11699999999999999
1456,0.11699999999999999
1457,0.11699999999999999
1458,0.11699999999999999
1459,0.11699999999999999
1460,0.11699999999999999
1461,0.11699999999999999
1462,0.11699999999999999
1463,0.11699999999999999
1464,0.11699999999999999
1465,0.11699999999999999
1466,0.11699999999999999
1467,0.11699999999999999
1468,0.11699999999999999
1469,0.11699999999999999
1470,0.11699999999999999
1471,0.11699999999999999
1472,0.11699999999999999
1473,0.11699999999999999
1474,0.11699999999999999
1475,0.11699999999999999
1476,0.11699999999999999
1477,0.11699999999999999
1478,0.11699999999999999
1479,0.11699999999999999
1480,0.11699999999999999
1481,0.11699999999999999
1482,0.11699999999999999
1483,0.11699999999999999
1484,0.11699999999999999
1485,0.11699999999999999
1486,0.11699999999999999
1487,0.11699999999999999
1488,0.11699999999999999
1489,0.11699999999999999
1490,0.11699999999999999
1491,0.11699999999999999
1492,0.11699999999999999
1493,0.11699999999999999
1494,0.11699999999999999
1495,0.11699999999999999
1496,0.11699999999999999
1497,0.11699999999999999
1498,0.11699999999999999
1499,0.11699999999999999
1500,0.11699999999999999
1501,0.11699999999999999
1502,0.11699999999999999
1503,0.11699999999999999
1504,0.11699999999999999
1505,0.11699999999999999
1506,0.11699999999999999
1507,0.11699999999999999
1508,0.11699999999999999
1509,0.11699999999999999
1510,0.11699999999999999
1511,0.11699999999999999
1512,0.11699999999999999
1513,0.11699999999999999
1514,0.11699999999999999
1515,0.11699999999999999
1516,0.11699999999999999
1517,0.11699999999999999
1518,0.11699999999999999
1519,0.11699999999999999
1520,0.11699999999999999
1521,0.11699999999999999
1522,0.11699999999999999
1523,0.11699999999999999
1524,0.11699999999999999
1525,0.11699999999999999
1526,0.11699999999999999
1527,0.11699999999999999
1528,0.11699999999999999
1529,0.11699999999999999
1530,0.11699999999999999
1531,0.11699999999999999
1532,0.11699999999999999
1533,0.11699999999999999
1534,0.11699999999999999
1535,0.11699999999999999
1536,0.11699999999999999
1537,0.11699999999999999
1538,0.11699999999999999
1539,0.11699999999999999
1540,0.11699999999999999
1541,0.11699999999999999
1542,0.11699999999999999
1543,0.11699999999999999
1544,0.11699999999999999
1545,0.11699999999999999
1546,0.11699999999999999
1547,0.11699999999999999
1548,0.11699999999999999
1549,0.11699999999999999
1550,0.11699999999999999
1551,0.11699999999999999
1552,0.11699999999999999
1553,0.11699999999999999
1554,0.11699999999999999
1555,0.11699999999999999
1556,0.11699999999999999
1557,0.11699999999999999
1558,0.11699999999999999
1559,0.11699999999999999
1560,0.11699999999999999
1561,0.11699999999999999
1562,0.11699999999999999
1563,0.11699999999999999
1564,0.11699999999999999
1565,0.11699999999999999
1566,0.11699999999999999
1567,0.11699999999999999
1568,0.11699999999999999
1569,0.11699999999999999
1570,0.11699999999999999
1571,0.11699999999999999
1572,0.11699999999999999
1573,0.11699999999999999
1574,0.11699999999999999
1575,0.11699999999999999
1576,0.11699999999999999
1577,0.11699999999999999
1578,0.11699999999999999
1579,0.11699999999999999
1580,0.11699999999999999
1581,0.11699999999999999
1582,0.11699999999999999
1583,0.11699999999999999
1584,0.11699999999999999
1585,0.11699999999999999
1586,0.11699999999999999
1587,0.11699999999999999
1588,0.11699999999999999
1589,0.11699999999999999
1590,0.11699999999999999
1591,0.11699999999999999
1592,0.11699999999999999
1593,0.11699999999999999
1594,0.11699999999999999
1595,0.11699999999999999
1596,0.11699999999999999
1597,0.11699999999999999
1598,0.11699999999999999
1599,0.11699999999999999
1600,0.11699999999999999
1601,0.11699999999999999
1602,0.11699999999999999
1603,0.11699999999999999
1604,0.11699999999999999
1605,0.11699999999999999
1606,0.11699999999999999
1607,0.11699999999999999
1608,0.11699999999999999
1609,0.11699999999999999
1610,0.11699999999999999
1611,0.11699999999999999
1612,0.11699999999999999
1613,0.11699999999999999
1614,0.11699999999999999
1615,0.11699999999999999
1616,0.11699999999999999
1617,0.11699999999999999
1618,0.11699999999999999
1619,0.11699999999999999
1620,0.11699999999999999
1621,0.11699999999999999
1622,0.11699999999999999
1623,0.11699999999999999
1624,0.11699999999999999
1625,0.11699999999999999
1626,0.11699999999999999
1627,0.11699999999999999
1628,0.11699999999999999
1629,0.11699999999999999
1630,0.11699999999999999
1631,0.11699999999999999
1632,0.11699999999999999
1633,0.11699999999999999
1634,0.11699999999999999
1635,0.11699999999999999
1636,0.11699999999999999
1637,0.11699999999999999
1638,0.11699999999999999
1639,0.11699999999999999
1640,0.11699999999999999
1641,0.11699999999999999
1642,0.11699999999999999
1643,0.11699999999999999
1644,0.11699999999999999
1645,0.11699999999999999
1646,0.11699999999999999
1647,0.11699999999999999
1648,0.11699999999999999
1649,0.11699999999999999
1650,0.11699999999999999
1651,0.11699999999999999
1652,0.11699999999999999
1653,0.11699999999999999
1654,0.11699999999999999
1655,0.11699999999999999
1656,0.11699999999999999
1657,0.11699999999999999
1658,0.11699999999999999
1659,0.11699999999999999
1660,0.11699999999999999
1661,0.11699999999999999
1662,0.11699999999999999
1663,0.11699999999999999
1664,0.11699999999999999
1665,0.11699999999999999
1666,0.11699999999999999
1667,0.11699999999999999
1668,0.11699999999999999
1669,0.11699999999999999
1670,0.11699999999999999
1671,0.11699999999999999
1672,0.11699999999999999
1673,0.11699999999999999
1674,0.11699999999999999
1675,0.11699999999999999
1676,0.11699999999999999
1677,0.11699999999999999
1678,0.11699999999999999
1679,0.11699999999999999
1680,0.11699999999999999
1681,0.11699999999999999
1682,0.11699999999999999
1683,0.11699999999999999
1684,0.11699999999999999
1685,0.11699999999999999
1686,0.11699999999999999
1687,0.11699999999999999
1688,0.11699999999999999
1689,0.11699999999999999
1690,0.11699999999999999
1691,0.11699999999999999
1692,0.11699999999999999
1693,0.11699999999999999
1694,0.11699999999999999
1695,0.11699999999999999
1696,0.11699999999999999
1697,0.11699999999999999
1698,0.11699999999999999
1699,0.11699999999999999
1700,0.11699999999999999
1701,0.11699999999999999
1702,0.11699999999999999
1703,0.11699999999999999
1704,0.11699999999999999
1705,0.11699999999999999
1706,0.11699999999999999
1707,0.11699999999999999
1708,0.11699999999999999
1709,0.11699999999999999
1710,0.11699999999999999
1711,0.11699999999999999
1712,0.11699999999999999
1713,0.11699999999999999
1714,0.11699999999999999
1715,0.11699999999999999
1716,0.11699999999999999
1717,0.11699999999999999
1718,0.11699999999999999
1719,0.11699999999999999
1720,0.11699999999999999
1721,0.11699999999999999
1722,0.11699999999999999
1723,0.11699999999999999
1724,0.11699999999999999
1725,0.11699999999999999
1726,0.11699999999999999
1727,0.11699999999999999
1728,0.11699999999999999
1729,0.11699999999999999
1730,0.11699999999999999
1731,0.11699999999999999
1732,0.11699999999999999
1733,0.11699999999999999
1734,0.11699999999999999
1735,0.11699999999999999
1736,0.11699999999999999
1737,0.11699999999999999
1738,0.11699999999999999
1739,0.11699999999999999
1740,0.11699999999999999
1741,0.11699999999999999
1742,0.11699999999999999
1743,0.11699999999999999
1744,0.11699999999999999
1745,0.11699999999999999
1746,0.11699999999999999
1747,0.11699999999999999
1748,0.11699999999999999
1749,0.11699999999999999
1750,0.11699999999999999
1751,0.11699999999999999
1752,0.11699999999999999
1753,0.11699999999999999
1754,0.11699999999999999
1755,0.11699999999999999
1756,0.11699999999999999
1757,0.11699999999999999
1758,0.11699999999999999
1759,0.11699999999999999
1760,0.11699999999999999
1761,0.11699999999999999
1762,0.11699999999999999
1763,0.11699999999999999
1764,0.11699999999999999
1765,0.11699999999999999
1766,0.11699999999999999
1767,0.11699999999999999
1768,0.11699999999999999
1769,0.11699999999999999
1770,0.11699999999999999
1771,0.11699999999999999
1772,0.11699999999999999
1773,0.11699999999999999
1774,0.11699999999999999
1775,0.11699999999999999
1776,0.11699999999999999
1777,0.11699999999999999
1778,0.11699999999999999
1779,0.11699999999999999
1780,0.11699999999999999
1781,0.11699999999999999
1782,0.11699999999999999
1783,0.11699999999999999
1784,0.11699999999999999
1785,0.11699999999999999
1786,0.11699999999999999
1787,0.11699999999999999
1788,0.11699999999999999
1789,0.11699999999999999
1790,0.11699999999999999
1791,0.11699999999999999
1792,0.11699999999999999
1793,0.11699999999999999
1794,0.11699999999999999
1795,0.11699999999999999
1796,0.11699999999999999
1797,0.11699999999999999
1798,0.11699999999999999
1799,0.11699999999999999
1800,0.11699999999999999
1801,0.11699999999999999
1802,0.11699999999999999
1803,0.11699999999999999
1804,0.11699999999999999
1805,0.11699999999999999
1806,0.11699999999999999
1807,0.11699999999999999
1808,0.11699999999999999
1809,0.11699999999999999
1810,0.11699999999999999
1811,0.11699999999999999
1812,0.11699999999999999
1813,0.11699999999999999
1814,0.11699999999999999
1815,0.11699999999999999
1816,0.11699999999999999
1817,0.11699999999999999
1818,0.11699999999999999
1819,0.11699999999999999
1820,0.11699999999999999
1821,0.11699999999999999
1822,0.11699999999999999
1823,0.11699999999999999
1824,0.11699999999999999
1825,0.11699999999999999
1826,0.11699999999999999
1827,0.11699999999999999
1828,0.11699999999999999
1829,0.11699999999999999
1830,0.11699999999999999
1831,0.11699999999999999
1832,0.11699999999999999
1833,0.11699999999999999
1834,0.11699999999999999
1835,0.11699999999999999
1836,0.11699999999999999
1837,0.11699999999999999
1838,0.11699999999999999
1839,0.11699999999999999
1840,0.11699999999999999
1841,0.11699999999999999
1842,0.11699999999999999
1843,0.11699999999999999
1844,0.11699999999999999
1845,0.11699999999999999
1846,0.11699999999999999
1847,0.11699999999999999
1848,0.11699999999999999
1849,0.11699999999999999
1850,0.11699999999999999
1851,0.11699999999999999
1852,0.11699999999999999
1853,0.11699999999999999
1854,0.11699999999999999
1855,0.11699999999999999
1856,0.11699999999999999
1857,0.11699999999999999
1858,0.11699999999999999
1859,0.11699999999999999
1860,0.11699999999999999
1861,0.11699999999999999
1862,0.11699999999999999
1863,0.11699999999999999
1864,0.11699999999999999
1865,0.11699999999999999
1866,0.11699999999999999
1867,0.11699999999999999
1868,0.11699999999999999
1869,0.11699999999999999
1870,0.11699999999999999
1871,0.11699999999999999
1872,0.11699999999999999
1873,0.11699999999999999
1874,0.11699999999999999
1875,0.11699999999999999
1876,0.11699999999999999
1877,0.11699999999999999
1878,0.11699999999999999
1879,0.11699999999999999
1880,0.11699999999999999
1881,0.11699999999999999
1882,0.11699999999999999
1883,0.11699999999999999
1884,0.11699999999999999
1885,0.11699999999999999
1886,0.11699999999999999
1887,0.11699999999999999
1888,0.11699999999999999
1889,0.11699999999999999
1890,0.11699999999999999
1891,0.11699999999999999
1892,0.11699999999999999
1893,0.11699999999999999
1894,0.11699999999999999
1895,0.11699999999999999
1896,0.11699999999999999
1897,0.11699999999999999
1898,0.11699999999999999
1899,0.11699999999999999
1900,0.11699999999999999
1901,0.11699999999999999
1902,0.11699999999999999
1903,0.11699999999999999
1904,0.11699999999999999
1905,0.11699999999999999
1906,0.11699999999999999
1907,0.11699999999999999
1908,0.11699999999999999
1909,0.11699999999999999
1910,0.11699999999999999
1911,0.11699999999999999
1912,0.11699999999999999
1913,0.11699999999999999
1914,0.11699999999999999
1915,0.11699999999999999
1916,0.11699999999999999
1917,0.11699999999999999
1918,0.11699999999999999
1919,0.11699999999999999
1920,0.11699999999999999
1921,0.11699999999999999
1922,0.11699999999999999
1923,0.11699999999999999
1924,0.11699999999999999
1925,0.11699999999999999
1926,0.11699999999999999
1927,0.11699999999999999
1928,0.11699999999999999
1929,0.11699999999999999
1930,0.11699999999999999
1931,0.11699999999999999
1932,0.11699999999999999
1933,0.11699999999999999
1934,0.11699999999999999
1935,0.11699999999999999
1936,0.11699999999999999
1937,0.11699999999999999
1938,0.11699999999999999
1939,0.11699999999999999
1940,0.11699999999999999
1941,0.11699999999999999
1942,0.11699999999999999
1943,0.11699999999999999
1944,0.11699999999999999
1945,0.11699999999999999
1946,0.11699999999999999
1947,0.11699999999999999
1948,0.11699999999999999
1949,0.11699999999999999
1950,0.11699999999999999
1951,0.11699999999999999
1952,0.11699999999999999
1953,0.11699999999999999
1954,0.11699999999999999
1955,0.11699999999999999
1956,0.11699999999999999
1957,0.11699999999999999
1958,0.11699999999999999
1959,0.11699999999999999
1960,0.11699999999999999
1961,0.11699999999999999
1962,0.11699999999999999
1963,0.11699999999999999
1964,0.11699999999999999
1965,0.11699999999999999
1966,0.11699999999999999
1967,0.11699999999999999
1968,0.11699999999999999
1969,0.11699999999999999
1970,0.11699999999999999
1971,0.11699999999999999
1972,0.11699999999999999
1973,0.11699999999999999
1974,0.11699999999999999
1975,0.11699999999999999
1976,0.11699999999999999
1977,0.11699999999999999
1978,0.11699999999999999
1979,0.11699999999999999
1980,0.11699999999999999
1981,0.11699999999999999
1982,0.11699999999999999
1983,0.11699999999999999
1984,0.11699999999999999
1985,0.11699999999999999
1986,0.11699999999999999
1987,0.11699999999999999
1988,0.11699999999999999
1989,0.11699999999999999
1990,0.11699999999999999
1991,0.11699999999999999
1992,0.11699999999999999
1993,0.11699999999999999
1994,0.11699999999999999
1995,0.11699999999999999
1996,0.11699999999999999
1997,0.11699999999999999
1998,0.11699999999999999
1999,0.11699999999999999
2000,0.11699999999999999
2001,0.11699999999999999
2002,0.11699999999999999
2003,0.11699999999999999
2004,0.11699999999999999
2005,0.11699999999999999
2006,0.11699999999999999
2007,0.11699999999999999
2008,0.11699999999999999
2009,0.11699999999999999
2010,0.11699999999999999
2011,0.11699999999999999
2012,0.11699999999999999
2013,0.11699999999999999
2014,0.11699999999999999
2015,0.11699999999999999
2016,0.11699999999999999
2017,0.11699999999999999
2018,0.11699999999999999
2019,0.11699999999999999
2020,0.11699999999999999
2021,0.11699999999999999
2022,0.11699999999999999
2023,0.11699999999999999
2024,0.11699999999999999
2025,0.11699999999999999
2026,0.11699999999999999
2027,0.11699999999999999
2028,0.11699999999999999
2029,0.11699999999999999
2030,0.11699999999999999
2031,0.11699999999999999
2032,0.11699999999999999
2033,0.11699999999999999
2034,0.11699999999999999
2035,0.11699999999999999
2036,0.11699999999999999
2037,0.11699999999999999
2038,0.11699999999999999
2039,0.11699999999999999
2040,0.11699999999999999
2041,0.11699999999999999
2042,0.11699999999999999
2043,0.11699999999999999
2044,0.11699999999999999
2045,0.11699999999999999
2046,0.11699999999999999
2047,0.11699999999999999
2048,0.11699999999999999
2049,0.11699999999999999
2050,0.11699999999999999
2051,0.11699999999999999
2052,0.11699999999999999
2053,0.11699999999999999
2054,0.11699999999999999
2055,0.11699999999999999
2056,0.11699999999999999
2057,0.11699999999999999
2058,0.11699999999999999
2059,0.11699999999999999
2060,0.11699999999999999
2061,0.11699999999999999
2062,0.11699999999999999
2063,0.11699999999999999
2064,0.11699999999999999
2065,0.11699999999999999
2066,0.11699999999999999
2067,0.11699999999999999
2068,0.11699999999999999
2069,0.11699999999999999
2070,0.11699999999999999
2071,0.11699999999999999
2072,0.11699999999999999
2073,0.11699999999999999
2074,0.11699999999999999
2075,0.11699999999999999
2076,0.11699999999999999
2077,0.11699999999999999
2078,0.11699999999999999
2079,0.11699999999999999
2080,0.11699999999999999
2081,0.11699999999999999
2082,0.11699999999999999
2083,0.11699999999999999
2084,0.11699999999999999
2085,0.11699999999999999
2086,0.11699999999999999
2087,0.11699999999999999
2088,0.11699999999999999
2089,0.11699999999999999
2090,0.11699999999999999
2091,0.11699999999999999
2092,0.11699999999999999
2093,0.11699999999999999
2094,0.11699999999999999
2095,0.11699999999999999
2096,0.11699999999999999
2097,0.11699999999999999
2098,0.11699999999999999
2099,0.11699999999999999
2100,0.11699999999999999
2101,0.11699999999999999
2102,0.11699999999999999
2103,0.11699999999999999
2104,0.11699999999999999
2105,0.11699999999999999
2106,0.11699999999999999
2107,0.11699999999999999
2108,0.11699999999999999
2109,0.11699999999999999
2110,0.11699999999999999
2111,0.11699999999999999
2112,0.11699999999999999
2113,0.11699999999999999
2114,0.11699999999999999
2115,0.11699999999999999
2116,0.11699999999999999
2117,0.11699999999999999
2118,0.11699999999999999
2119,0.11699999999999999
2120,0.11699999999999999
2121,0.11699999999999999
2122,0.11699999999999999
2123,0.11699999999999999
2124,0.11699999999999999
2125,0.11699999999999999
2126,0.11699999999999999
2127,0.11699999999999999
2128,0.11699999999999999
2129,0.11699999999999999
2130,0.11699999999999999
2131,0.11699999999999999
2132,0.11699999999999999
2133,0.11699999999999999
2134,0.11699999999999999
2135,0.11699999999999999
2136,0.11699999999999999
2137,0.11699999999999999
2138,0.11699999999999999
2139,0.11699999999999999
2140,0.11699999999999999
2141,0.11699999999999999
2142,0.11699999999999999
2143,0.11699999999999999
2144,0.11699999999999999
2145,0.11699999999999999
2146,0.11699999999999999
2147,0.11699999999999999
2148,0.11699999999999999
2149,0.11699999999999999
2150,0.11699999999999999
2151,0.11699999999999999
2152,0.11699999999999999
2153,0.11699999999999999
2154,0.11699999999999999
2155,0.11699999999999999
2156,0.11699999999999999
2157,0.11699999999999999
2158,0.11699999999999999
2159,0.11699999999999999
2160,0.11699999999999999
2161,0.11699999999999999
2162,0.11699999999999999
2163,0.11699999999999999
2164,0.11699999999999999
2165,0.11699999999999999
2166,0.11699999999999999
2167,0.11699999999999999
2168,0.11699999999999999
2169,0.11699999999999999
2170,0.11699999999999999
2171,0.11699999999999999
2172,0.11699999999999999
2173,0.11699999999999999
2174,0.11699999999999999
2175,0.11699999999999999
2176,0.11699999999999999
2177,0.11699999999999999
2178,0.11699999999999999
2179,0.11699999999999999
2180,0.11699999999999999
2181,0.11699999999999999
2182,0.11699999999999999
2183,0.11699999999999999
2184,0.11699999999999999
2185,0.11699999999999999
2186,0.11699999999999999
2187,0.11699999999999999
2188,0.11699999999999999
2189,0.11699999999999999
2190,0.11699999999999999
2191,0.11699999999999999
2192,0.11699999999999999
2193,0.11699999999999999
2194,0.11699999999999999
2195,0.11699999999999999
2196,0.11699999999999999
2197,0.11699999999999999
2198,0.11699999999999999
2199,0.11699999999999999
2200,0.11699999999999999
2201,0.11699999999999999
2202,0.11699999999999999
2203,0.11699999999999999
2204,0.11699999999999999
2205,0.11699999999999999
2206,0.11699999999999999
2207,0.11699999999999999
2208,0.11699999999999999
2209,0.11699999999999999
2210,0.11699999999999999
2211,0.11699999999999999
2212,0.11699999999999999
2213,0.11699999999999999
2214,0.11699999999999999
2215,0.11699999999999999
2216,0.11699999999999999
2217,0.11699999999999999
2218,0.11699999999999999
2219,0.11699999999999999
2220,0.11699999999999999
2221,0.11699999999999999
2222,0.11699999999999999
2223,0.11699999999999999
2224,0.11699999999999999
2225,0.11699999999999999
2226,0.11699999999999999
2227,0.11699999999999999
2228,0.11699999999999999
2229,0.11699999999999999
2230,0.11699999999999999
2231,0.11699999999999999
2232,0.11699999999999999
2233,0.11699999999999999
2234,0.11699999999999999
2235,0.11699999999999999
2236,0.11699999999999999
2237,0.11699999999999999
2238,0.11699999999999999
2239,0.11699999999999999
2240,0.11699999999999999
2241,0.11699999999999999
2242,0.11699999999999999
2243,0.11699999999999999
2244,0.11699999999999999
2245,0.11699999999999999
2246,0.11699999999999999
2247,0.11699999999999999
2248,0.11699999999999999
2249,0.11699999999999999
2250,0.11699999999999999
2251,0.11699999999999999
2252,0.11699999999999999
2253,0.11699999999999999
2254,0.11699999999999999
2255,0.11699999999999999
2256,0.11699999999999999
2257,0.11699999999999999
2258,0.11699999999999999
2259,0.11699999999999999
2260,0.11699999999999999
2261,0.11699999999999999
2262,0.11699999999999999
2263,0.11699999999999999
2264,0.11699999999999999
2265,0.11699999999999999
2266,0.11699999999999999
2267,0.11699999999999999
2268,0.11699999999999999
2269,0.11699999999999999
2270,0.11699999999999999
2271,0.11699999999999999
2272,0.11699999999999999
2273,0.11699999999999999
2274,0.11699999999999999
2275,0.11699999999999999
2276,0.11699999999999999
2277,0.11699999999999999
2278,0.11699999999999999
2279,0.11699999999999999
2280,0.11699999999999999
2281,0.11699999999999999
2282,0.11699999999999999
2283,0.11699999999999999
2284,0.11699999999999999
2285,0.11699999999999999
2286,0.11699999999999999
2287,0.11699999999999999
2288,0.11699999999999999
2289,0.11699999999999999
2290,0.11699999999999999
2291,0.11699999999999999
2292,0.11699999999999999
2293,0.11699999999999999
2294,0.11699999999999999
2295,0.11699999999999999
2296,0.11699999999999999
2297,0.11699999999999999
2298,0.11699999999999999
2299,0.11699999999999999
2300,0.11699999999999999
2301,0.11699999999999999
2302,0.11699999999999999
2303,0.11699999999999999
2304,0.11699999999999999
2305,0.11699999999999999
2306,0.11699999999999999
2307,0.11699999999999999
2308,0.11699999999999999
2309,0.11699999999999999
2310,0.11699999999999999
2311,0.11699999999999999
2312,0.11699999999999999
2313,0.11699999999999999
2314,0.11699999999999999
2315,0.11699999999999999
2316,0.11699999999999999
2317,0.11699999999999999
2318,0.11699999999999999
2319,0.11699999999999999
2320,0.11699999999999999
2321,0.11699999999999999
2322,0.11699999999999999
2323,0.11699999999999999
2324,0.11699999999999999
2325,0.11699999999999999
2326,0.11699999999999999
2327,0.11699999999999999
2328,0.11699999999999999
2329,0.11699999999999999
2330,0.11699999999999999
2331,0.11699999999999999
2332,0.11699999999999999
2333,0.11699999999999999
2334,0.11699999999999999
2335,0.11699999999999999
2336,0.11699999999999999
2337,0.11699999999999999
2338,0.11699999999999999
2339,0.11699999999999999
2340,0.11699999999999999
2341,0.11699999999999999
2342,0.11699999999999999
2343,0.11699999999999999
2344,0.11699999999999999
2345,0.11699999999999999
2346,0.11699999999999999
2347,0.11699999999999999
2348,0.11699999999999999
2349,0.11699999999999999
2350,0.11699999999999999
2351,0.11699999999999999
2352,0.11699999999999999
2353,0.11699999999999999
2354,0.11699999999999999
2355,0.11699999999999999
2356,0.11699999999999999
2357,0.11699999999999999
2358,0.11699999999999999
2359,0.11699999999999999
2360,0.11699999999999999
2361,0.11699999999999999
2362,0.11699999999999999
2363,0.11699999999999999
2364,0.11699999999999999
2365,0.11699999999999999
2366,0.11699999999999999
2367,0.11699999999999999
2368,0.11699999999999999
2369,0.11699999999999999
2370,0.11699999999999999
2371,0.11699999999999999
2372,0.11699999999999999
2373,0.11699999999999999
2374,0.11699999999999999
2375,0.11699999999999999
2376,0.11699999999999999
2377,0.11699999999999999
2378,0.11699999999999999
2379,0.11699999999999999
2380,0.11699999999999999
2381,0.11699999999999999
2382,0.11699999999999999
2383,0.11699999999999999
2384,0.11699999999999999
2385,0.11699999999999999
2386,0.11699999999999999
2387,0.11699999999999999
2388,0.11699999999999999
2389,0.11699999999999999
2390,0.11699999999999999
2391,0.11699999999999999
2392,0.11699999999999999
2393,0.11699999999999999
2394,0.11699999999999999
2395,0.11699999999999999
2396,0.11699999999999999
2397,0.11699999999999999
2398,0.11699999999999999
2399,0.11699999999999999
2400,0.11699999999999999
2401,0.11699999999999999
2402,0.11699999999999999
2403,0.11699999999999999
2404,0.11699999999999999
2405,0.11699999999999999
2406,0.11699999999999999
2407,0.11699999999999999
2408,0.11699999999999999
2409,0.11699999999999999
2410,0.11699999999999999
2411,0.11699999999999999
2412,0.11699999999999999
2413,0.11699999999999999
2414,0.11699999999999999
2415,0.11699999999999999
2416,0.11699999999999999
2417,0.11699999999999999
2418,0.11699999999999999
2419,0.11699999999999999
2420,0.11699999999999999
2421,0.11699999999999999
2422,0.11699999999999999
2423,0.11699999999999999
2424,0.11699999999999999
2425,0.11699999999999999
2426,0.11699999999999999
2427,0.11699999999999999
2428,0.11699999999999999
2429,0.11699999999999999
2430,0.11699999999999999
2431,0.11699999999999999
2432,0.11699999999999999
2433,0.11699999999999999
2434,0.11699999999999999
2435,0.11699999999999999
2436,0.11699999999999999
2437,0.11699999999999999
2438,0.11699999999999999
2439,0.11699999999999999
2440,0.11699999999999999
2441,0.11699999999999999
2442,0.11699999999999999
2443,0.11699999999999999
2444,0.11699999999999999
2445,0.11699999999999999
2446,0.11699999999999999
2447,0.11699999999999999
2448,0.11699999999999999
2449,0.11699999999999999
2450,0.11699999999999999
2451,0.11699999999999999
2452,0.11699999999999999
2453,0.11699999999999999
2454,0.11699999999999999
2455,0.11699999999999999
2456,0.11699999999999999
2457,0.11699999999999999
2458,0.11699999999999999
2459,0.11699999999999999
2460,0.11699999999999999
2461,0.11699999999999999
2462,0.11699999999999999
2463,0.11699999999999999
2464,0.11699999999999999
2465,0.11699999999999999
2466,0.11699999999999999
2467,0.11699999999999999
2468,0.11699999999999999
2469,0.11699999999999999
2470,0.11699999999999999
2471,0.11699999999999999
2472,0.11699999999999999
2473,0.11699999999999999
2474,0.11699999999999999
2475,0.11699999999999999
2476,0.11699999999999999
2477,0.11699999999999999
2478,0.11699999999999999
2479,0.11699999999999999
2480,0.11699999999999999
2481,0.11699999999999999
2482,0.11699999999999999
2483,0.11699999999999999
2484,0.11699999999999999
2485,0.11699999999999999
2486,0.11699999999999999
2487,0.11699999999999999
2488,0.11699999999999999
2489,0.11699999999999999
2490,0.11699999999999999
2491,0.11699999999999999
2492,0.11699999999999999
2493,0.11699999999999999
2494,0.11699999999999999
2495,0.11699999999999999
2496,0.11699999999999999
2497,0.11699999999999999
2498,0.11699999999999999
2499,0.11699999999999999
2500,0.11699999999999999
2501,0.11699999999999999
2502,0.11699999999999999
2503,0.11699999999999999
2504,0.11699999999999999
2505,0.11699999999999999
2506,0.11699999999999999
2507,0.11699999999999999
2508,0.11699999999999999
2509,0.11699999999999999
2510,0.11699999999999999
2511,0.11699999999999999
2512,0.11699999999999999
2513,0.11699999999999999
2514,0.11699999999999999
2515,0.11699999999999999
2516,0.11699999999999999
2517,0.11699999999999999
2518,0.11699999999999999
2519,0.11699999999999999
2520,0.11699999999999999
2521,0.11699999999999999
2522,0.11699999999999999
2523,0.11699999999999999
2524,0.11699999999999999
2525,0.11699999999999999
2526,0.11699999999999999
2527,0.11699999999999999
2528,0.11699999999999999
2529,0.11699999999999999
2530,0.11699999999999999
2531,0.11699999999999999
2532,0.11699999999999999
2533,0.11699999999999999
2534,0.11699999999999999
2535,0.11699999999999999
2536,0.11699999999999999
2537,0.11699999999999999
2538,0.11699999999999999
2539,0.11699999999999999
2540,0.11699999999999999
2541,0.11699999999999999
2542,0.11699999999999999
2543,0.11699999999999999
2544,0.11699999999999999
2545,0.11699999999999999
2546,0.11699999999999999
2547,0.11699999999999999
2548,0.11699999999999999
2549,0.11699999999999999
2550,0.11699999999999999
2551,0.11699999999999999
2552,0.11699999999999999
2553,0.11699999999999999
2554,0.11699999999999999
2555,0.11699999999999999
2556,0.11699999999999999
2557,0.11699999999999999
2558,0.11699999999999999
2559,0.11699999999999999
2560,0.11699999999999999
2561,0.11699999999999999
2562,0.11699999999999999
2563,0.11699999999999999
2564,0.11699999999999999
2565,0.11699999999999999
2566,0.11699999999999999
2567,0.11699999999999999
2568,0.11699999999999999
2569,0.11699999999999999
2570,0.11699999999999999
2571,0.11699999999999999
2572,0.11699999999999999
2573,0.11699999999999999
2574,0.11699999999999999
2575,0.11699999999999999
2576,0.11699999999999999
2577,0.11699999999999999
2578,0.11699999999999999
2579,0.11699999999999999
2580,0.11699999999999999
2581,0.11699999999999999
2582,0.11699999999999999
2583,0.11699999999999999
2584,0.11699999999999999
2585,0.11699999999999999
2586,0.11699999999999999
2587,0.11699999999999999
2588,0.11699999999999999
2589,0.11699999999999999
2590,0.11699999999999999
2591,0.11699999999999999
2592,0.11699999999999999
2593,0.11699999999999999
2594,0.11699999999999999
2595,0.11699999999999999
2596,0.11699999999999999
2597,0.11699999999999999
2598,0.11699999999999999
2599,0.11699999999999999
2600,0.11699999999999999
2601,0.11699999999999999
2602,0.11699999999999999
2603,0.11699999999999999
2604,0.11699999999999999
2605,0.11699999999999999
2606,0.11699999999999999
2607,0.11699999999999999
2608,0.11699999999999999
2609,0.11699999999999999
2610,0.11699999999999999
2611,0.11699999999999999
2612,0.11699999999999999
2613,0.11699999999999999
2614,0.11699999999999999
2615,0.11699999999999999
2616,0.11699999999999999
2617,0.11699999999999999
2618,0.11699999999999999
2619,0.11699999999999999
2620,0.11699999999999999
2621,0.11699999999999999
2622,0.11699999999999999
2623,0.11699999999999999
2624,0.11699999999999999
2625,0.11699999999999999
2626,0.11699999999999999
2627,0.11699999999999999
2628,0.11699999999999999
2629,0.11699999999999999
2630,0.11699999999999999
2631,0.11699999999999999
2632,0.11699999999999999
2633,0.11699999999999999
2634,0.11699999999999999
2635,0.11699999999999999
2636,0.11699999999999999
2637,0.11699999999999999
2638,0.11699999999999999
2639,0.11699999999999999
2640,0.11699999999999999
2641,0.11699999999999999
2642,0.11699999999999999
2643,0.11699999999999999
2644,0.11699999999999999
2645,0.11699999999999999
2646,0.11699999999999999
2647,0.11699999999999999
2648,0.11699999999999999
2649,0.11699999999999999
2650,0.11699999999999999
2651,0.11699999999999999
2652,0.11699999999999999
2653,0.11699999999999999
2654,0.11699999999999999
2655,0.11699999999999999
2656,0.11699999999999999
2657,0.11699999999999999
2658,0.11699999999999999
2659,0.11699999999999999
2660,0.11699999999999999
2661,0.11699999999999999
2662,0.11699999999999999
2663,0.11699999999999999
2664,0.11699999999999999
2665,0.11699999999999999
2666,0.11699999999999999
2667,0.11699999999999999
2668,0.11699999999999999
2669,0.11699999999999999
2670,0.11699999999999999
2671,0.11699999999999999
2672,0.11699999999999999
2673,0.11699999999999999
2674,0.11699999999999999
2675,0.11699999999999999
2676,0.11699999999999999
2677,0.11699999999999999
2678,0.11699999999999999
2679,0.11699999999999999
2680,0.11699999999999999
2681,0.11699999999999999
2682,0.11699999999999999
2683,0.11699999999999999
2684,0.11699999999999999
2685,0.11699999999999999
2686,0.11699999999999999
2687,0.11699999999999999
2688,0.11699999999999999
2689,0.11699999999999999
2690,0.11699999999999999
2691,0.11699999999999999
2692,0.11699999999999999
2693,0.11699999999999999
2694,0.11699999999999999
2695,0.11699999999999999
2696,0.11699999999999999
2697,0.11699999999999999
2698,0.11699999999999999
2699,0.11699999999999999
2700,0.11699999999999999
2701,0.11699999999999999
2702,0.11699999999999999
2703,0.11699999999999999
2704,0.11699999999999999
2705,0.11699999999999999
2706,0.11699999999999999
2707,0.11699999999999999
2708,0.11699999999999999
2709,0.11699999999999999
2710,0.11699999999999999
2711,0.11699999999999999
2712,0.11699999999999999
2713,0.11699999999999999
2714,0.11699999999999999
2715,0.11699999999999999
2716,0.11699999999999999
2717,0.11699999999999999
2718,0.11699999999999999
2719,0.11699999999999999
2720,0.11699999999999999
2721,0.11699999999999999
2722,0.11699999999999999
2723,0.11699999999999999
2724,0.11699999999999999
2725,0.11699999999999999
2726,0.11699999999999999
2727,0.11699999999999999
2728,0.11699999999999999
2729,0.11699999999999999
2730,0.11699999999999999
2731,0.11699999999999999
2732,0.11699999999999999
2733,0.11699999999999999
2734,0.11699999999999999
2735,0.11699999999999999
2736,0.11699999999999999
2737,0.11699999999999999
2738,0.11699999999999999
2739,0.11699999999999999
2740,0.11699999999999999
2741,0.11699999999999999
2742,0.11699999999999999
2743,0.11699999999999999
2744,0.11699999999999999
2745,0.11699999999999999
2746,0.11699999999999999
2747,0.11699999999999999
2748,0.11699999999999999
2749,0.11699999999999999
2750,0.11699999999999999
2751,0.11699999999999999
2752,0.11699999999999999
2753,0.11699999999999999
2754,0.11699999999999999
2755,0.11699999999999999
2756,0.11699999999999999
2757,0.11699999999999999
2758,0.11699999999999999
2759,0.11699999999999999
2760,0.11699999999999999
2761,0.11699999999999999
2762,0.11699999999999999
2763,0.11699999999999999
2764,0.11699999999999999
2765,0.11699999999999999
2766,0.11699999999999999
2767,0.11699999999999999
2768,0.11699999999999999
2769,0.11699999999999999
2770,0.11699999999999999
2771,0.11699999999999999
2772,0.11699999999999999
2773,0.11699999999999999
2774,0.11699999999999999
2775,0.11699999999999999
2776,0.11699999999999999
2777,0.11699999999999999
2778,0.11699999999999999
2779,0.11699999999999999
2780,0.11699999999999999
2781,0.11699999999999999
2782,0.11699999999999999
2783,0.11699999999999999
2784,0.11699999999999999
2785,0.11699999999999999
2786,0.11699999999999999
2787,0.11699999999999999
2788,0.11699999999999999
2789,0.11699999999999999
2790,0.11699999999999999
2791,0.11699999999999999
2792,0.11699999999999999
2793,0.11699999999999999
2794,0.11699999999999999
2795,0.11699999999999999
2796,0.11699999999999999
2797,0.11699999999999999
2798,0.11699999999999999
2799,0.11699999999999999
2800,0.11699999999999999
2801,0.11699999999999999
2802,0.11699999999999999
2803,0.11699999999999999
2804,0.11699999999999999
2805,0.11699999999999999
2806,0.11699999999999999
2807,0.11699999999999999
2808,0.11699999999999999
2809,0.11699999999999999
2810,0.11699999999999999
2811,0.11699999999999999
2812,0.11699999999999999
2813,0.11699999999999999
2814,0.11699999999999999
2815,0.11699999999999999
2816,0.11699999999999999
2817,0.11699999999999999
2818,0.11699999999999999
2819,0.11699999999999999
2820,0.11699999999999999
2821,0.11699999999999999
2822,0.11699999999999999
2823,0.11699999999999999
2824,0.11699999999999999
2825,0.11699999999999999
2826,0.11699999999999999
2827,0.11699999999999999
2828,0.11699999999999999
2829,0.11699999999999999
2830,0.11699999999999999
2831,0.11699999999999999
2832,0.11699999999999999
2833,0.11699999999999999
2834,0.11699999999999999
2835,0.11699999999999999
2836,0.11699999999999999
2837,0.11699999999999999
2838,0.11699999999999999
2839,0.11699999999999999
2840,0.11699999999999999
2841,0.11699999999999999
2842,0.11699999999999999
2843,0.11699999999999999
2844,0.11699999999999999
2845,0.11699999999999999
2846,0.11699999999999999
2847,0.11699999999999999
2848,0.11699999999999999
2849,0.11699999999999999
2850,0.11699999999999999
2851,0.11699999999999999
2852,0.11699999999999999
2853,0.11699999999999999
2854,0.11699999999999999
2855,0.11699999999999999
2856,0.11699999999999999
2857,0.11699999999999999
2858,0.11699999999999999
2859,0.11699999999999999
2860,0.11699999999999999
2861,0.11699999999999999
2862,0.11699999999999999
2863,0.11699999999999999
2864,0.11699999999999999
2865,0.11699999999999999
2866,0.11699999999999999
2867,0.11699999999999999
2868,0.11699999999999999
2869,0.11699999999999999
2870,0.11699999999999999
2871,0.11699999999999999
2872,0.11699999999999999
2873,0.11699999999999999
2874,0.11699999999999999
2875,0.11699999999999999
2876,0.11699999999999999
2877,0.11699999999999999
2878,0.11699999999999999
2879,0.11699999999999999
2880,0.11699999999999999
2881,0.11699999999999999
2882,0.11699999999999999
2883,0.11699999999999999
2884,0.11699999999999999
2885,0.11699999999999999
2886,0.11699999999999999
2887,0.11699999999999999
2888,0.11699999999999999
2889,0.11699999999999999
2890,0.11699999999999999
2891,0.11699999999999999
2892,0.11699999999999999
2893,0.11699999999999999
2894,0.11699999999999999
2895,0.11699999999999999
2896,0.11699999999999999
2897,0.11699999999999999
2898,0.11699999999999999
2899,0.11699999999999999
2900,0.11699999999999999
2901,0.11699999999999999
2902,0.11699999999999999
2903,0.11699999999999999
2904,0.11699999999999999
2905,0.11699999999999999
2906,0.11699999999999999
2907,0.11699999999999999
2908,0.11699999999999999
2909,0.11699999999999999
2910,0.11699999999999999
2911,0.11699999999999999
2912,0.11699999999999999
2913,0.11699999999999999
2914,0.11699999999999999
2915,0.11699999999999999
2916,0.11699999999999999
2917,0.11699999999999999
2918,0.11699999999999999
2919,0.11699999999999999
2920,0.11699999999999999
2921,0.11699999999999999
2922,0.11699999999999999
2923,0.11699999999999999
2924,0.11699999999999999
2925,0.11699999999999999
2926,0.11699999999999999
2927,0.11699999999999999
2928,0.11699999999999999
2929,0.11699999999999999
2930,0.11699999999999999
2931,0.11699999999999999
2932,0.11699999999999999
2933,0.11699999999999999
2934,0.11699999999999999
2935,0.11699999999999999
2936,0.11699999999999999
2937,0.11699999999999999
2938,0.11699999999999999
2939,0.11699999999999999
2940,0.11699999999999999
2941,0.11699999999999999
2942,0.11699999999999999
2943,0.11699999999999999
2944,0.11699999999999999
2945,0.11699999999999999
2946,0.11699999999999999
2947,0.11699999999999999
2948,0.11699999999999999
2949,0.11699999999999999
2950,0.11699999999999999
2951,0.11699999999999999
2952,0.11699999999999999
2953,0.11699999999999999
2954,0.11699999999999999
2955,0.11699999999999999
2956,0.11699999999999999
2957,0.11699999999999999
2958,0.11699999999999999
2959,0.11699999999999999
2960,0.11699999999999999
2961,0.11699999999999999
2962,0.11699999999999999
2963,0.11699999999999999
2964,0.11699999999999999
2965,0.11699999999999999
2966,0.11699999999999999
2967,0.11699999999999999
2968,0.11699999999999999
2969,0.11699999999999999
2970,0.11699999999999999
2971,0.11699999999999999
2972,0.11699999999999999
2973,0.11699999999999999
2974,0.11699999999999999
2975,0.11699999999999999
2976,0.11699999999999999
2977,0.11699999999999999
2978,0.11699999999999999
2979,0.11699999999999999
2980,0.11699999999999999
2981,0.11699999999999999
2982,0.11699999999999999
2983,0.11699999999999999
2984,0.11699999999999999
2985,0.11699999999999999
2986,0.11699999999999999
2987,0.11699999999999999
2988,0.11699999999999999
2989,0.11699999999999999
2990,0.11699999999999999
2991,0.11699999999999999
2992,0.11699999999999999
2993,0.11699999999999999
2994,0.11699999999999999
2995,0.11699999999999999
2996,0.11699999999999999
2997,0.11699999999999999
2998,0.11699999999999999
2999,0.11699999999999999
3000,0.11699999999999999
3001,0.11699999999999999
3002,0.11699999999999999
3003,0.11699999999999999
3004,0.11699999999999999
3005,0.11699999999999999
3006,0.11699999999999999
3007,0.11699999999999999
3008,0.11699999999999999
3009,0.11699999999999999
3010,0.11699999999999999
3011,0.11699999999999999
3012,0.11699999999999999
3013,0.11699999999999999
3014,0.11699999999999999
3015,0.11699999999999999
3016,0.11699999999999999
3017,0.11699999999999999
3018,0.11699999999999999
3019,0.11699999999999999
3020,0.11699999999999999
3021,0.11699999999999999
3022,0.11699999999999999
3023,0.11699999999999999
3024,0.11699999999999999
3025,0.11699999999999999
3026,0.11699999999999999
3027,0.11699999999999999
3028,0.11699999999999999
3029,0.11699999999999999
3030,0.11699999999999999
3031,0.11699999999999999
3032,0.11699999999999999
3033,0.11699999999999999
3034,0.11699999999999999
3035,0.11699999999999999
3036,0.11699999999999999
3037,0.11699999999999999
3038,0.11699999999999999
3039,0.11699999999999999
3040,0.11699999999999999
3041,0.11699999999999999
3042,0.11699999999999999
3043,0.11699999999999999
3044,0.11699999999999999
3045,0.11699999999999999
3046,0.11699999999999999
3047,0.11699999999999999
3048,0.11699999999999999
3049,0.11699999999999999
3050,0.11699999999999999
3051,0.11699999999999999
3052,0.11699999999999999
3053,0.11699999999999999
3054,0.11699999999999999
3055,0.11699999999999999
3056,0.11699999999999999
3057,0.11699999999999999
3058,0.11699999999999999
3059,0.11699999999999999
3060,0.11699999999999999
3061,0.11699999999999999
3062,0.11699999999999999
3063,0.11699999999999999
3064,0.11699999999999999
3065,0.11699999999999999
3066,0.11699999999999999
3067,0.11699999999999999
3068,0.11699999999999999
3069,0.11699999999999999
3070,0.11699999999999999
3071,0.11699999999999999
3072,0.11699999999999999
3073,0.11699999999999999
3074,0.11699999999999999
3075,0.11699999999999999
3076,0.11699999999999999
3077,0.11699999999999999
3078,0.11699999999999999
3079,0.11699999999999999
3080,0.11699999999999999
3081,0.11699999999999999
3082,0.11699999999999999
3083,0.11699999999999999
3084,0.11699999999999999
3085,0.11699999999999999
3086,0.11699999999999999
3087,0.11699999999999999
3088,0.11699999999999999
3089,0.11699999999999999
3090,0.11699999999999999
3091,0.11699999999999999
3092,0.11699999999999999
3093,0.11699999999999999
3094,0.11699999999999999
3095,0.11699999999999999
3096,0.11699999999999999
3097,0.11699999999999999
3098,0.11699999999999999
3099,0.11699999999999999
3100,0.11699999999999999
3101,0.11699999999999999
3102,0.11699999999999999
3103,0.11699999999999999
3104,0.11699999999999999
3105,0.11699999999999999
3106,0.11699999999999999
3107,0.11699999999999999
3108,0.11699999999999999
3109,0.11699999999999999
3110,0.11699999999999999
3111,0.11699999999999999
3112,0.11699999999999999
3113,0.11699999999999999
3114,0.11699999999999999
3115,0.11699999999999999
3116,0.11699999999999999
3117,0.11699999999999999
3118,0.11699999999999999
3119,0.11699999999999999
3120,0.11699999999999999
3121,0.11699999999999999
3122,0.11699999999999999
3123,0.11699999999999999
3124,0.11699999999999999
3125,0.11699999999999999
3126,0.11699999999999999
3127,0.11699999999999999
3128,0.11699999999999999
3129,0.11699999999999999
3130,0.11699999999999999
3131,0.11699999999999999
3132,0.11699999999999999
3133,0.11699999999999999
3134,0.11699999999999999
3135,0.11699999999999999
3136,0.11699999999999999
3137,0.11699999999999999
3138,0.11699999999999999
3139,0.11699999999999999
3140,0.11699999999999999
3141,0.11699999999999999
3142,0.11699999999999999
3143,0.11699999999999999
3144,0.11699999999999999
3145,0.11699999999999999
3146,0.11699999999999999
3147,0.11699999999999999
3148,0.11699999999999999
3149,0.11699999999999999
3150,0.11699999999999999
3151,0.11699999999999999
3152,0.11699999999999999
3153,0.11699999999999999
3154,0.11699999999999999
3155,0.11699999999999999
3156,0.11699999999999999
3157,0.11699999999999999
3158,0.11699999999999999
3159,0.11699999999999999
3160,0.11699999999999999
3161,0.11699999999999999
3162,0.11699999999999999
3163,0.11699999999999999
3164,0.11699999999999999
3165,0.11699999999999999
3166,0.11699999999999999
3167,0.11699999999999999
3168,0.11699999999999999
3169,0.11699999999999999
3170,0.11699999999999999
3171,0.11699999999999999
3172,0.11699999999999999
3173,0.11699999999999999
3174,0.11699999999999999
3175,0.11699999999999999
3176,0.11699999999999999
3177,0.11699999999999999
3178,0.11699999999999999
3179,0.11699999999999999
3180,0.11699999999999999
3181,0.11699999999999999
3182,0.11699999999999999
3183,0.11699999999999999
3184,0.11699999999999999
3185,0.11699999999999999
3186,0.11699999999999999
3187,0.11699999999999999
3188,0.11699999999999999
3189,0.11699999999999999
3190,0.11699999999999999
3191,0.11699999999999999
3192,0.11699999999999999
3193,0.11699999999999999
3194,0.11699999999999999
3195,0.11699999999999999
3196,0.11699999999999999
3197,0.11699999999999999
3198,0.11699999999999999
3199,0.11699999999999999
3200,0.11699999999999999
3201,0.11699999999999999
3202,0.11699999999999999
3203,0.11699999999999999
3204,0.11699999999999999
3205,0.11699999999999999
3206,0.11699999999999999
3207,0.11699999999999999
3208,0.11699999999999999
3209,0.11699999999999999
3210,0.11699999999999999
3211,0.11699999999999999
3212,0.11699999999999999
3213,0.11699999999999999
3214,0.11699999999999999
3215,0.11699999999999999
3216,0.11699999999999999
3217,0.11699999999999999
3218,0.11699999999999999
3219,0.11699999999999999
3220,0.11699999999999999
3221,0.11699999999999999
3222,0.11699999999999999
3223,0.11699999999999999
3224,0.11699999999999999
3225,0.11699999999999999
3226,0.11699999999999999
3227,0.11699999999999999
3228,0.11699999999999999
3229,0.11699999999999999
3230,0.11699999999999999
3231,0.11699999999999999
3232,0.11699999999999999
3233,0.11699999999999999
3234,0.11699999999999999
3235,0.11699999999999999
3236,0.11699999999999999
3237,0.11699999999999999
3238,0.11699999999999999
3239,0.11699999999999999
3240,0.11699999999999999
3241,0.11699999999999999
3242,0.11699999999999999
3243,0.11699999999999999
3244,0.11699999999999999
3245,0.11699999999999999
3246,0.11699999999999999
3247,0.11699999999999999
3248,0.11699999999999999
3249,0.11699999999999999
3250,0.11699999999999999
3251,0.11699999999999999
3252,0.11699999999999999
3253,0.11699999999999999
3254,0.11699999999999999
3255,0.11699999999999999
3256,0.11699999999999999
3257,0.11699999999999999
3258,0.11699999999999999
3259,0.11699999999999999
3260,0.11699999999999999
3261,0.11699999999999999
3262,0.11699999999999999
3263,0.11699999999999999
3264,0.11699999999999999
3265,0.11699999999999999
3266,0.11699999999999999
3267,0.11699999999999999
3268,0.11699999999999999
3269,0.11699999999999999
3270,0.11699999999999999
3271,0.11699999999999999
3272,0.11699999999999999
3273,0.11699999999999999
3274,0.11699999999999999
3275,0.11699999999999999
3276,0.11699999999999999
3277,0.11699999999999999
3278,0.11699999999999999
3279,0.11699999999999999
3280,0.11699999999999999
3281,0.11699999999999999
3282,0.11699999999999999
3283,0.11699999999999999
3284,0.11699999999999999
3285,0.11699999999999999
3286,0.11699999999999999
3287,0.11699999999999999
3288,0.11699999999999999
3289,0.11699999999999999
3290,0.11699999999999999
3291,0.11699999999999999
3292,0.11699999999999999
3293,0.11699999999999999
3294,0.11699999999999999
3295,0.11699999999999999
3296,0.11699999999999999
3297,0.11699999999999999
3298,0.11699999999999999
3299,0.11699999999999999
3300,0.11699999999999999
3301,0.11699999999999999
3302,0.11699999999999999
3303,0.11699999999999999
3304,0.11699999999999999
3305,0.11699999999999999
3306,0.11699999999999999
3307,0.11699999999999999
3308,0.11699999999999999
3309,0.11699999999999999
3310,0.11699999999999999
3311,0.11699999999999999
3312,0.11699999999999999
3313,0.11699999999999999
3314,0.11699999999999999
3315,0.11699999999999999
3316,0.11699999999999999
3317,0.11699999999999999
3318,0.11699999999999999
3319,0.11699999999999999
3320,0.11699999999999999
3321,0.11699999999999999
3322,0.11699999999999999
3323,0.11699999999999999
3324,0.11699999999999999
3325,0.11699999999999999
3326,0.11699999999999999
3327,0.11699999999999999
3328,0.11699999999999999
3329,0.11699999999999999
3330,0.11699999999999999
3331,0.11699999999999999
3332,0.11699999999999999
3333,0.11699999999999999
3334,0.11699999999999999
3335,0.11699999999999999
3336,0.11699999999999999
3337,0.11699999999999999
3338,0.11699999999999999
3339,0.11699999999999999
3340,0.11699999999999999
3341,0.11699999999999999
3342,0.11699999999999999
3343,0.11699999999999999
3344,0.11699999999999999
3345,0.11699999999999999
3346,0.11699999999999999
3347,0.11699999999999999
3348,0.11699999999999999
3349,0.11699999999999999
3350,0.11699999999999999
3351,0.11699999999999999
3352,0.11699999999999999
3353,0.11699999999999999
3354,0.11699999999999999
3355,0.11699999999999999
3356,0.11699999999999999
3357,0.11699999999999999
3358,0.11699999999999999
3359,0.11699999999999999
3360,0.11699999999999999
3361,0.11699999999999999
3362,0.11699999999999999
3363,0.11699999999999999
3364,0.11699999999999999
3365,0.11699999999999999
3366,0.11699999999999999
3367,0.11699999999999999
3368,0.11699999999999999
3369,0.11699999999999999
3370,0.11699999999999999
3371,0.11699999999999999
3372,0.11699999999999999
3373,0.11699999999999999
3374,0.11699999999999999
3375,0.11699999999999999
3376,0.11699999999999999
3377,0.11699999999999999
3378,0.11699999999999999
3379,0.11699999999999999
3380,0.11699999999999999
3381,0.11699999999999999
3382,0.11699999999999999
3383,0.11699999999999999
3384,0.11699999999999999
3385,0.11699999999999999
3386,0.11699999999999999
3387,0.11699999999999999
3388,0.11699999999999999
3389,0.11699999999999999
3390,0.11699999999999999
3391,0.11699999999999999
3392,0.11699999999999999
3393,0.11699999999999999
3394,0.11699999999999999
3395,0.11699999999999999
3396,0.11699999999999999
3397,0.11699999999999999
3398,0.11699999999999999
3399,0.11699999999999999
3400,0.11699999999999999
3401,0.11699999999999999
3402,0.11699999999999999
3403,0.11699999999999999
3404,0.11699999999999999
3405,0.11699999999999999
3406,0.11699999999999999
3407,0.11699999999999999
3408,0.11699999999999999
3409,0.11699999999999999
3410,0.11699999999999999
3411,0.11699999999999999
3412,0.11699999999999999
3413,0.11699999999999999
3414,0.11699999999999999
3415,0.11699999999999999
3416,0.11699999999999999
3417,0.11699999999999999
3418,0.11699999999999999
3419,0.11699999999999999
3420,0.11699999999999999
3421,0.11699999999999999
3422,0.11699999999999999
3423,0.11699999999999999
3424,0.11699999999999999
3425,0.11699999999999999
3426,0.11699999999999999
3427,0.11699999999999999
3428,0.11699999999999999
3429,0.11699999999999999
3430,0.11699999999999999
3431,0.11699999999999999
3432,0.11699999999999999
3433,0.11699999999999999
3434,0.11699999999999999
3435,0.11699999999999999
3436,0.11699999999999999
3437,0.11699999999999999
3438,0.11699999999999999
3439,0.11699999999999999
3440,0.11699999999999999
3441,0.11699999999999999
3442,0.11699999999999999
3443,0.11699999999999999
3444,0.11699999999999999
3445,0.11699999999999999
3446,0.11699999999999999
3447,0.11699999999999999
3448,0.11699999999999999
3449,0.11699999999999999
3450,0.11699999999999999
3451,0.11699999999999999
3452,0.11699999999999999
3453,0.11699999999999999
3454,0.11699999999999999
3455,0.11699999999999999
3456,0.11699999999999999
3457,0.11699999999999999
3458,0.11699999999999999
3459,0.11699999999999999
3460,0.11699999999999999
3461,0.11699999999999999
3462,0.11699999999999999
3463,0.11699999999999999
3464,0.11699999999999999
3465,0.11699999999999999
3466,0.11699999999999999
3467,0.11699999999999999
3468,0.11699999999999999
3469,0.11699999999999999
3470,0.11699999999999999
3471,0.11699999999999999
3472,0.11699999999999999
3473,0.11699999999999999
3474,0.11699999999999999
3475,0.11699999999999999
3476,0.11699999999999999
3477,0.11699999999999999
3478,0.11699999999999999
3479,0.11699999999999999
3480,0.11699999999999999
3481,0.11699999999999999
3482,0.11699999999999999
3483,0.11699999999999999
3484,0.11699999999999999
3485,0.11699999999999999
3486,0.11699999999999999
3487,0.11699999999999999
3488,0.11699999999999999
3489,0.11699999999999999
3490,0.11699999999999999
3491,0.11699999999999999
3492,0.11699999999999999
3493,0.11699999999999999
3494,0.11699999999999999
3495,0.11699999999999999
3496,0.11699999999999999
3497,0.11699999999999999
3498,0.11699999999999999
3499,0.11699999999999999
3500,0.11699999999999999
3501,0.11699999999999999
3502,0.11699999999999999
3503,0.11699999999999999
3504,0.11699999999999999
3505,0.11699999999999999
3506,0.11699999999999999
3507,0.11699999999999999
3508,0.11699999999999999
3509,0.11699999999999999
3510,0.11699999999999999
3511,0.11699999999999999
3512,0.11699999999999999
3513,0.11699999999999999
3514,0.11699999999999999
3515,0.11699999999999999
3516,0.11699999999999999
3517,0.11699999999999999
3518,0.11699999999999999
3519,0.11699999999999999
3520,0.11699999999999999
3521,0.11699999999999999
3522,0.11699999999999999
3523,0.11699999999999999
3524,0.11699999999999999
3525,0.11699999999999999
3526,0.11699999999999999
3527,0.11699999999999999
3528,0.11699999999999999
3529,0.11699999999999999
3530,0.11699999999999999
3531,0.11699999999999999
3532,0.11699999999999999
3533,0.11699999999999999
3534,0.11699999999999999
3535,0.11699999999999999
3536,0.11699999999999999
3537,0.11699999999999999
3538,0.11699999999999999
3539,0.11699999999999999
3540,0.11699999999999999
3541,0.11699999999999999
3542,0.11699999999999999
3543,0.11699999999999999
3544,0.11699999999999999
3545,0.11699999999999999
3546,0.11699999999999999
3547,0.11699999999999999
3548,0.11699999999999999
3549,0.11699999999999999
3550,0.11699999999999999
3551,0.11699999999999999
3552,0.11699999999999999
3553,0.11699999999999999
3554,0.11699999999999999
3555,0.11699999999999999
3556,0.11699999999999999
3557,0.11699999999999999
3558,0.11699999999999999
3559,0.11699999999999999
3560,0.11699999999999999
3561,0.11699999999999999
3562,0.11699999999999999
3563,0.11699999999999999
3564,0.11699999999999999
3565,0.11699999999999999
3566,0.11699999999999999
3567,0.11699999999999999
3568,0.11699999999999999
3569,0.11699999999999999
3570,0.11699999999999999
3571,0.11699999999999999
3572,0.11699999999999999
3573,0.11699999999999999
3574,0.11699999999999999
3575,0.11699999999999999
3576,0.11699999999999999
3577,0.11699999999999999
3578,0.11699999999999999
3579,0.11699999999999999
3580,0.11699999999999999
3581,0.11699999999999999
3582,0.11699999999999999
3583,0.11699999999999999
3584,0.11699999999999999
3585,0.11699999999999999
3586,0.11699999999999999
3587,0.11699999999999999
3588,0.11699999999999999
3589,0.11699999999999999
3590,0.11699999999999999
3591,0.11699999999999999
3592,0.11699999999999999
3593,0.11699999999999999
3594,0.11699999999999999
3595,0.11699999999999999
3596,0.11699999999999999
3597,0.11699999999999999
3598,0.11699999999999999
3599,0.11699999999999999
3600,0.11699999999999999
3601,0.11699999999999999
3602,0.11699999999999999
3603,0.11699999999999999
3604,0.11699999999999999
3605,0.11699999999999999
3606,0.11699999999999999
3607,0.11699999999999999
3608,0.11699999999999999
3609,0.11699999999999999
3610,0.11699999999999999
3611,0.11699999999999999
3612,0.11699999999999999
3613,0.11699999999999999
3614,0.11699999999999999
3615,0.11699999999999999
3616,0.11699999999999999
3617,0.11699999999999999
3618,0.11699999999999999
3619,0.11699999999999999
3620,0.11699999999999999
3621,0.11699999999999999
3622,0.11699999999999999
3623,0.11699999999999999
3624,0.11699999999999999
3625,0.11699999999999999
3626,0.11699999999999999
3627,0.11699999999999999
3628,0.11699999999999999
3629,0.11699999999999999
3630,0.11699999999999999
3631,0.11699999999999999
3632,0.11699999999999999
3633,0.11699999999999999
3634,0.11699999999999999
3635,0.11699999999999999
3636,0.11699999999999999
3637,0.11699999999999999
3638,0.11699999999999999
3639,0.11699999999999999
3640,0.11699999999999999
3641,0.11699999999999999
3642,0.11699999999999999
3643,0.11699999999999999
3644,0.11699999999999999
3645,0.11699999999999999
3646,0.11699999999999999
3647,0.11699999999999999
3648,0.11699999999999999
3649,0.11699999999999999
3650,0.11699999999999999
3651,0.11699999999999999
3652,0.11699999999999999
3653,0.11699999999999999
3654,0.11699999999999999
3655,0.11699999999999999
3656,0.11699999999999999
3657,0.11699999999999999
3658,0.11699999999999999
3659,0.11699999999999999
3660,0.11699999999999999
3661,0.11699999999999999
3662,0.11699999999999999
3663,0.11699999999999999
3664,0.11699999999999999
3665,0.11699999999999999
3666,0.11699999999999999
3667,0.11699999999999999
3668,0.11699999999999999
3669,0.11699999999999999
3670,0.11699999999999999
3671,0.11699999999999999
3672,0.11699999999999999
3673,0.11699999999999999
3674,0.11699999999999999
3675,0.11699999999999999
3676,0.11699999999999999
3677,0.11699999999999999
3678,0.11699999999999999
3679,0.11699999999999999
3680,0.11699999999999999
3681,0.11699999999999999
3682,0.11699999999999999
3683,0.11699999999999999
3684,0.11699999999999999
3685,0.11699999999999999
3686,0.11699999999999999
3687,0.11699999999999999
3688,0.11699999999999999
3689,0.11699999999999999
3690,0.11699999999999999
3691,0.11699999999999999
3692,0.11699999999999999
3693,0.11699999999999999
3694,0.11699999999999999
3695,0.11699999999999999
3696,0.11699999999999999
3697,0.11699999999999999
3698,0.11699999999999999
3699,0.11699999999999999
3700,0.11699999999999999
3701,0.11699999999999999
3702,0.11699999999999999
3703,0.11699999999999999
3704,0.11699999999999999
3705,0.11699999999999999
3706,0.11699999999999999
3707,0.11699999999999999
3708,0.11699999999999999
3709,0.11699999999999999
3710,0.11699999999999999
3711,0.11699999999999999
3712,0.11699999999999999
3713,0.11699999999999999
3714,0.11699999999999999
3715,0.11699999999999999
3716,0.11699999999999999
3717,0.11699999999999999
3718,0.11699999999999999
3719,0.11699999999999999
3720,0.11699999999999999
3721,0.11699999999999999
3722,0.11699999999999999
3723,0.11699999999999999
3724,0.11699999999999999
3725,0.11699999999999999
3726,0.11699999999999999
3727,0.11699999999999999
3728,0.11699999999999999
3729,0.11699999999999999
3730,0.11699999999999999
3731,0.11699999999999999
3732,0.11699999999999999
3733,0.11699999999999999
3734,0.11699999999999999
3735,0.11699999999999999
3736,0.11699999999999999
3737,0.11699999999999999
3738,0.11699999999999999
3739,0.11699999999999999
3740,0.11699999999999999
3741,0.11699999999999999
3742,0.11699999999999999
3743,0.11699999999999999
3744,0.11699999999999999
3745,0.11699999999999999
3746,0.11699999999999999
3747,0.11699999999999999
3748,0.11699999999999999
3749,0.11699999999999999
3750,0.11699999999999999
3751,0.11699999999999999
3752,0.11699999999999999
3753,0.11699999999999999
3754,0.11699999999999999
3755,0.11699999999999999
3756,0.11699999999999999
3757,0.11699999999999999
3758,0.11699999999999999
3759,0.11699999999999999
3760,0.11699999999999999
3761,0.11699999999999999
3762,0.11699999999999999
3763,0.11699999999999999
3764,0.11699999999999999
3765,0.11699999999999999
3766,0.11699999999999999
3767,0.11699999999999999
3768,0.11699999999999999
3769,0.11699999999999999
3770,0.11699999999999999
3771,0.11699999999999999
3772,0.11699999999999999
3773,0.11699999999999999
3774,0.11699999999999999
3775,0.11699999999999999
3776,0.11699999999999999
3777,0.11699999999999999
3778,0.11699999999999999
3779,0.11699999999999999
3780,0.11699999999999999
3781,0.11699999999999999
3782,0.11699999999999999
3783,0.11699999999999999
3784,0.11699999999999999
3785,0.11699999999999999
3786,0.11699999999999999
3787,0.11699999999999999
3788,0.11699999999999999
3789,0.11699999999999999
3790,0.11699999999999999
3791,0.11699999999999999
3792,0.11699999999999999
3793,0.11699999999999999
3794,0.11699999999999999
3795,0.11699999999999999
3796,0.11699999999999999
3797,0.11699999999999999
3798,0.11699999999999999
3799,0.11699999999999999
3800,0.11699999999999999
3801,0.11699999999999999
3802,0.11699999999999999
3803,0.11699999999999999
3804,0.11699999999999999
3805,0.11699999999999999
3806,0.11699999999999999
3807,0.11699999999999999
3808,0.11699999999999999
3809,0.11699999999999999
3810,0.11699999999999999
3811,0.11699999999999999
3812,0.11699999999999999
3813,0.11699999999999999
3814,0.11699999999999999
3815,0.11699999999999999
3816,0.11699999999999999
3817,0.11699999999999999
3818,0.11699999999999999
3819,0.11699999999999999
3820,0.11699999999999999
3821,0.11699999999999999
3822,0.11699999999999999
3823,0.11699999999999999
3824,0.11699999999999999
3825,0.11699999999999999
3826,0.11699999999999999
3827,0.11699999999999999
3828,0.11699999999999999
3829,0.11699999999999999
3830,0.11699999999999999
3831,0.11699999999999999
3832,0.11699999999999999
3833,0.11699999999999999
3834,0.11699999999999999
3835,0.11699999999999999
3836,0.11699999999999999
3837,0.11699999999999999
3838,0.11699999999999999
3839,0.11699999999999999
3840,0.11699999999999999
3841,0.11699999999999999
3842,0.11699999999999999
3843,0.11699999999999999
3844,0.11699999999999999
3845,0.11699999999999999
3846,0.11699999999999999
3847,0.11699999999999999
3848,0.11699999999999999
3849,0.11699999999999999
3850,0.11699999999999999
3851,0.11699999999999999
3852,0.11699999999999999
3853,0.11699999999999999
3854,0.11699999999999999
3855,0.11699999999999999
3856,0.11699999999999999
3857,0.11699999999999999
3858,0.11699999999999999
3859,0.11699999999999999
3860,0.11699999999999999
3861,0.11699999999999999
3862,0.11699999999999999
3863,0.11699999999999999
3864,0.11699999999999999
3865,0.11699999999999999
3866,0.11699999999999999
3867,0.11699999999999999
3868,0.11699999999999999
3869,0.11699999999999999
3870,0.11699999999999999
3871,0.11699999999999999
3872,0.11699999999999999
3873,0.11699999999999999
3874,0.11699999999999999
3875,0.11699999999999999
3876,0.11699999999999999
3877,0.11699999999999999
3878,0.11699999999999999
3879,0.11699999999999999
3880,0.11699999999999999
3881,0.11699999999999999
3882,0.11699999999999999
3883,0.11699999999999999
3884,0.11699999999999999
3885,0.11699999999999999
3886,0.11699999999999999
3887,0.11699999999999999
3888,0.11699999999999999
3889,0.11699999999999999
3890,0.11699999999999999
3891,0.11699999999999999
3892,0.11699999999999999
3893,0.11699999999999999
3894,0.11699999999999999
3895,0.11699999999999999
3896,0.11699999999999999
3897,0.11699999999999999
3898,0.11699999999999999
3899,0.11699999999999999
3900,0.11699999999999999
3901,0.11699999999999999
3902,0.11699999999999999
3903,0.11699999999999999
3904,0.11699999999999999
3905,0.11699999999999999
3906,0.11699999999999999
3907,0.11699999999999999
3908,0.11699999999999999
3909,0.11699999999999999
3910,0.11699999999999999
3911,0.11699999999999999
3912,0.11699999999999999
3913,0.11699999999999999
3914,0.11699999999999999
3915,0.11699999999999999
3916,0.11699999999999999
3917,0.11699999999999999
3918,0.11699999999999999
3919,0.11699999999999999
3920,0.11699999999999999
3921,0.11699999999999999
3922,0.11699999999999999
3923,0.11699999999999999
3924,0.11699999999999999
3925,0.11699999999999999
3926,0.11699999999999999
3927,0.11699999999999999
3928,0.11699999999999999
3929,0.11699999999999999
3930,0.11699999999999999
3931,0.11699999999999999
3932,0.11699999999999999
3933,0.11699999999999999
3934,0.11699999999999999
3935,0.11699999999999999
3936,0.11699999999999999
3937,0.11699999999999999
3938,0.11699999999999999
3939,0.11699999999999999
3940,0.11699999999999999
3941,0.11699999999999999
3942,0.11699999999999999
3943,0.11699999999999999
3944,0.11699999999999999
3945,0.11699999999999999
3946,0.11699999999999999
3947,0.11699999999999999
3948,0.11699999999999999
3949,0.11699999999999999
3950,0.11699999999999999
3951,0.11699999999999999
3952,0.11699999999999999
3953,0.11699999999999999
3954,0.11699999999999999
3955,0.11699999999999999
3956,0.11699999999999999
3957,0.11699999999999999
3958,0.11699999999999999
3959,0.11699999999999999
3960,0.11699999999999999
3961,0.11699999999999999
3962,0.11699999999999999
3963,0.11699999999999999
3964,0.11699999999999999
3965,0.11699999999999999
3966,0.11699999999999999
3967,0.11699999999999999
3968,0.11699999999999999
3969,0.11699999999999999
3970,0.11699999999999999
3971,0.11699999999999999
3972,0.11699999999999999
3973,0.11699999999999999
3974,0.11699999999999999
3975,0.11699999999999999
3976,0.11699999999999999
3977,0.11699999999999999
3978,0.11699999999999999
3979,0.11699999999999999
3980,0.11699999999999999
3981,0.11699999999999999
3982,0.11699999999999999
3983,0.11699999999999999
3984,0.11699999999999999
3985,0.11699999999999999
3986,0.11699999999999999
3987,0.11699999999999999
3988,0.11699999999999999
3989,0.11699999999999999
3990,0.11699999999999999
3991,0.11699999999999999
3992,0.11699999999999999
3993,0.11699999999999999
3994,0.11699999999999999
3995,0.11699999999999999
3996,0.11699999999999999
3997,0.11699999999999999
3998,0.11699999999999999
3999,0.11699999999999999
4000,0.11699999999999999
4001,0.11699999999999999
4002,0.11699999999999999
4003,0.11699999999999999
4004,0.11699999999999999
4005,0.11699999999999999
4006,0.11699999999999999
4007,0.11699999999999999
4008,0.11699999999999999
4009,0.11699999999999999
4010,0.11699999999999999
4011,0.11699999999999999
4012,0.11699999999999999
4013,0.11699999999999999
4014,0.11699999999999999
4015,0.11699999999999999
4016,0.11699999999999999
4017,0.11699999999999999
4018,0.11699999999999999
4019,0.11699999999999999
4020,0.11699999999999999
4021,0.11699999999999999
4022,0.11699999999999999
4023,0.11699999999999999
4024,0.11699999999999999
4025,0.11699999999999999
4026,0.11699999999999999
4027,0.11699999999999999
4028,0.11699999999999999
4029,0.11699999999999999
4030,0.11699999999999999
4031,0.11699999999999999
4032,0.11699999999999999
4033,0.11699999999999999
4034,0.11699999999999999
4035,0.11699999999999999
4036,0.11699999999999999
4037,0.11699999999999999
4038,0.11699999999999999
4039,0.11699999999999999
4040,0.11699999999999999
4041,0.11699999999999999
4042,0.11699999999999999
4043,0.11699999999999999
4044,0.11699999999999999
4045,0.11699999999999999
4046,0.11699999999999999
4047,0.11699999999999999
4048,0.11699999999999999
4049,0.11699999999999999
4050,0.11699999999999999
4051,0.11699999999999999
4052,0.11699999999999999
4053,0.11699999999999999
4054,0.11699999999999999
4055,0.11699999999999999
4056,0.11699999999999999
4057,0.11699999999999999
4058,0.11699999999999999
4059,0.11699999999999999
4060,0.11699999999999999
4061,0.11699999999999999
4062,0.11699999999999999
4063,0.11699999999999999
4064,0.11699999999999999
4065,0.11699999999999999
4066,0.11699999999999999
4067,0.11699999999999999
4068,0.11699999999999999
4069,0.11699999999999999
4070,0.11699999999999999
4071,0.11699999999999999
4072,0.11699999999999999
4073,0.11699999999999999
4074,0.11699999999999999
4075,0.11699999999999999
4076,0.11699999999999999
4077,0.11699999999999999
4078,0.11699999999999999
4079,0.11699999999999999
4080,0.11699999999999999
4081,0.11699999999999999
4082,0.11699999999999999
4083,0.11699999999999999
4084,0.11699999999999999
4085,0.11699999999999999
4086,0.11699999999999999
4087,0.11699999999999999
4088,0.11699999999999999
4089,0.11699999999999999
4090,0.11699999999999999
4091,0.11699999999999999
4092,0.11699999999999999
4093,0.11699999999999999
4094,0.11699999999999999
4095,0.11699999999999999
4096,0.11699999999999999
4097,0.11699999999999999
4098,0.11699999999999999
4099,0.11699999999999999
4100,0.11699999999999999
4101,0.11699999999999999
4102,0.11699999999999999
4103,0.11699999999999999
4104,0.11699999999999999
4105,0.11699999999999999
4106,0.11699999999999999
4107,0.11699999999999999
4108,0.11699999999999999
4109,0.11699999999999999
4110,0.11699999999999999
4111,0.11699999999999999
4112,0.11699999999999999
4113,0.11699999999999999
4114,0.11699999999999999
4115,0.11699999999999999
4116,0.11699999999999999
4117,0.11699999999999999
4118,0.11699999999999999
4119,0.11699999999999999
4120,0.11699999999999999
4121,0.11699999999999999
4122,0.11699999999999999
4123,0.11699999999999999
4124,0.11699999999999999
4125,0.11699999999999999
4126,0.11699999999999999
4127,0.11699999999999999
4128,0.11699999999999999
4129,0.11699999999999999
4130,0.11699999999999999
4131,0.11699999999999999
4132,0.11699999999999999
4133,0.11699999999999999
4134,0.11699999999999999
4135,0.11699999999999999
4136,0.11699999999999999
4137,0.11699999999999999
4138,0.11699999999999999
4139,0.11699999999999999
4140,0.11699999999999999
4141,0.11699999999999999
4142,0.11699999999999999
4143,0.11699999999999999
4144,0.11699999999999999
4145,0.11699999999999999
4146,0.11699999999999999
4147,0.11699999999999999
4148,0.11699999999999999
4149,0.11699999999999999
4150,0.11699999999999999
4151,0.11699999999999999
4152,0.11699999999999999
4153,0.11699999999999999
4154,0.11699999999999999
4155,0.11699999999999999
4156,0.11699999999999999
4157,0.11699999999999999
4158,0.11699999999999999
4159,0.11699999999999999
4160,0.11699999999999999
4161,0.11699999999999999
4162,0.11699999999999999
4163,0.11699999999999999
4164,0.11699999999999999
4165,0.11699999999999999
4166,0.11699999999999999
4167,0.11699999999999999
4168,0.11699999999999999
4169,0.11699999999999999
4170,0.11699999999999999
4171,0.11699999999999999
4172,0.11699999999999999
4173,0.11699999999999999
4174,0.11699999999999999
4175,0.11699999999999999
4176,0.11699999999999999
4177,0.11699999999999999
4178,0.11699999999999999
4179,0.11699999999999999
4180,0.11699999999999999
4181,0.11699999999999999
4182,0.11699999999999999
4183,0.11699999999999999
4184,0.11699999999999999
4185,0.11699999999999999
4186,0.11699999999999999
4187,0.11699999999999999
4188,0.11699999999999999
4189,0.11699999999999999
4190,0.11699999999999999
4191,0.11699999999999999
4192,0.11699999999999999
4193,0.11699999999999999
4194,0.11699999999999999
4195,0.11699999999999999
4196,0.11699999999999999
4197,0.11699999999999999
4198,0.11699999999999999
4199,0.11699999999999999
4200,0.11699999999999999
4201,0.11699999999999999
4202,0.11699999999999999
4203,0.11699999999999999
4204,0.11699999999999999
4205,0.11699999999999999
4206,0.11699999999999999
4207,0.11699999999999999
4208,0.11699999999999999
4209,0.11699999999999999
4210,0.11699999999999999
4211,0.11699999999999999
4212,0.11699999999999999
4213,0.11699999999999999
4214,0.11699999999999999
4215,0.11699999999999999
4216,0.11699999999999999
4217,0.11699999999999999
4218,0.11699999999999999
4219,0.11699999999999999
4220,0.11699999999999999
4221,0.11699999999999999
4222,0.11699999999999999
4223,0.11699999999999999
4224,0.11699999999999999
4225,0.11699999999999999
4226,0.11699999999999999
4227,0.11699999999999999
4228,0.11699999999999999
4229,0.11699999999999999
4230,0.11699999999999999
4231,0.11699999999999999
4232,0.11699999999999999
4233,0.11699999999999999
4234,0.11699999999999999
4235,0.11699999999999999
4236,0.11699999999999999
4237,0.11699999999999999
4238,0.11699999999999999
4239,0.11699999999999999
4240,0.11699999999999999
4241,0.11699999999999999
4242,0.11699999999999999
4243,0.11699999999999999
4244,0.11699999999999999
4245,0.11699999999999999
4246,0.11699999999999999
4247,0.11699999999999999
4248,0.11699999999999999
4249,0.11699999999999999
4250,0.11699999999999999
4251,0.11699999999999999
4252,0.11699999999999999
4253,0.11699999999999999
4254,0.11699999999999999
4255,0.11699999999999999
4256,0.11699999999999999
4257,0.11699999999999999
4258,0.11699999999999999
4259,0.11699999999999999
4260,0.11699999999999999
4261,0.11699999999999999
4262,0.11699999999999999
4263,0.11699999999999999
4264,0.11699999999999999
4265,0.11699999999999999
4266,0.11699999999999999
4267,0.11699999999999999
4268,0.11699999999999999
4269,0.11699999999999999
4270,0.11699999999999999
4271,0.11699999999999999
4272,0.11699999999999999
4273,0.11699999999999999
4274,0.11699999999999999
4275,0.11699999999999999
4276,0.11699999999999999
4277,0.11699999999999999
4278,0.11699999999999999
4279,0.11699999999999999
4280,0.11699999999999999
4281,0.11699999999999999
4282,0.11699999999999999
4283,0.11699999999999999
4284,0.11699999999999999
4285,0.11699999999999999
4286,0.11699999999999999
4287,0.11699999999999999
4288,0.11699999999999999
4289,0.11699999999999999
4290,0.11699999999999999
4291,0.11699999999999999
4292,0.11699999999999999
4293,0.11699999999999999
4294,0.11699999999999999
4295,0.11699999999999999
4296,0.11699999999999999
4297,0.11699999999999999
4298,0.11699999999999999
4299,0.11699999999999999
4300,0.11699999999999999
4301,0.11699999999999999
4302,0.11699999999999999
4303,0.11699999999999999
4304,0.11699999999999999
4305,0.11699999999999999
4306,0.11699999999999999
4307,0.11699999999999999
4308,0.11699999999999999
4309,0.11699999999999999
4310,0.11699999999999999
4311,0.11699999999999999
4312,0.11699999999999999
4313,0.11699999999999999
4314,0.11699999999999999
4315,0.11699999999999999
4316,0.11699999999999999
4317,0.11699999999999999
4318,0.11699999999999999
4319,0.11699999999999999
4320,0.11699999999999999
4321,0.11699999999999999
4322,0.11699999999999999
4323,0.11699999999999999
4324,0.11699999999999999
4325,0.11699999999999999
4326,0.11699999999999999
4327,0.11699999999999999
4328,0.11699999999999999
4329,0.11699999999999999
4330,0.11699999999999999
4331,0.11699999999999999
4332,0.11699999999999999
4333,0.11699999999999999
4334,0.11699999999999999
4335,0.11699999999999999
4336,0.11699999999999999
4337,0.11699999999999999
4338,0.11699999999999999
4339,0.11699999999999999
4340,0.11699999999999999
4341,0.11699999999999999
4342,0.11699999999999999
4343,0.11699999999999999
4344,0.11699999999999999
4345,0.11699999999999999
4346,0.11699999999999999
4347,0.11699999999999999
4348,0.11699999999999999
4349,0.11699999999999999
4350,0.11699999999999999
4351,0.11699999999999999
4352,0.11699999999999999
4353,0.11699999999999999
4354,0.11699999999999999
4355,0.11699999999999999
4356,0.11699999999999999
4357,0.11699999999999999
4358,0.11699999999999999
4359,0.11699999999999999
4360,0.11699999999999999
4361,0.11699999999999999
4362,0.11699999999999999
4363,0.11699999999999999
4364,0.11699999999999999
4365,0.11699999999999999
4366,0.11699999999999999
4367,0.11699999999999999
4368,0.11699999999999999
4369,0.11699999999999999
4370,0.11699999999999999
4371,0.11699999999999999
4372,0.11699999999999999
4373,0.11699999999999999
4374,0.11699999999999999
4375,0.11699999999999999
4376,0.11699999999999999
4377,0.11699999999999999
4378,0.11699999999999999
4379,0.11699999999999999
4380,0.11699999999999999
4381,0.11699999999999999
4382,0.11699999999999999
4383,0.11699999999999999
4384,0.11699999999999999
4385,0.11699999999999999
4386,0.11699999999999999
4387,0.11699999999999999
4388,0.11699999999999999
4389,0.11699999999999999
4390,0.11699999999999999
4391,0.11699999999999999
4392,0.11699999999999999
4393,0.11699999999999999
4394,0.11699999999999999
4395,0.11699999999999999
4396,0.11699999999999999
4397,0.11699999999999999
4398,0.11699999999999999
4399,0.11699999999999999
4400,0.11699999999999999
4401,0.11699999999999999
4402,0.11699999999999999
4403,0.11699999999999999
4404,0.11699999999999999
4405,0.11699999999999999
4406,0.11699999999999999
4407,0.11699999999999999
4408,0.11699999999999999
4409,0.11699999999999999
4410,0.11699999999999999
4411,0.11699999999999999
4412,0.11699999999999999
4413,0.11699999999999999
4414,0.11699999999999999
4415,0.11699999999999999
4416,0.11699999999999999
4417,0.11699999999999999
4418,0.11699999999999999
4419,0.11699999999999999
4420,0.11699999999999999
4421,0.11699999999999999
4422,0.11699999999999999
4423,0.11699999999999999
4424,0.11699999999999999
4425,0.11699999999999999
4426,0.11699999999999999
4427,0.11699999999999999
4428,0.11699999999999999
4429,0.11699999999999999
4430,0.11699999999999999
4431,0.11699999999999999
4432,0.11699999999999999
4433,0.11699999999999999
4434,0.11699999999999999
4435,0.11699999999999999
4436,0.11699999999999999
4437,0.11699999999999999
4438,0.11699999999999999
4439,0.11699999999999999
4440,0.11699999999999999
4441,0.11699999999999999
4442,0.11699999999999999
4443,0.11699999999999999
4444,0.11699999999999999
4445,0.11699999999999999
4446,0.11699999999999999
4447,0.11699999999999999
4448,0.11699999999999999
4449,0.11699999999999999
4450,0.11699999999999999
4451,0.11699999999999999
4452,0.11699999999999999
4453,0.11699999999999999
4454,0.11699999999999999
4455,0.11699999999999999
4456,0.11699999999999999
4457,0.11699999999999999
4458,0.11699999999999999
4459,0.11699999999999999
4460,0.11699999999999999
4461,0.11699999999999999
4462,0.11699999999999999
4463,0.11699999999999999
4464,0.11699999999999999
4465,0.11699999999999999
4466,0.11699999999999999
4467,0.11699999999999999
4468,0.11699999999999999
4469,0.11699999999999999
4470,0.11699999999999999
4471,0.11699999999999999
4472,0.11699999999999999
4473,0.11699999999999999
4474,0.11699999999999999
4475,0.11699999999999999
4476,0.11699999999999999
4477,0.11699999999999999
4478,0.11699999999999999
4479,0.11699999999999999
4480,0.11699999999999999
4481,0.11699999999999999
4482,0.11699999999999999
4483,0.11699999999999999
4484,0.11699999999999999
4485,0.11699999999999999
4486,0.11699999999999999
4487,0.11699999999999999
4488,0.11699999999999999
4489,0.11699999999999999
4490,0.11699999999999999
4491,0.11699999999999999
4492,0.11699999999999999
4493,0.11699999999999999
4494,0.11699999999999999
4495,0.11699999999999999
4496,0.11699999999999999
4497,0.11699999999999999
4498,0.11699999999999999
4499,0.11699999999999999
4500,0.11699999999999999
4501,0.11699999999999999
4502,0.11699999999999999
4503,0.11699999999999999
4504,0.11699999999999999
4505,0.11699999999999999
4506,0.11699999999999999
4507,0.11699999999999999
4508,0.11699999999999999
4509,0.11699999999999999
4510,0.11699999999999999
4511,0.11699999999999999
4512,0.11699999999999999
4513,0.11699999999999999
4514,0.11699999999999999
4515,0.11699999999999999
4516,0.11699999999999999
4517,0.11699999999999999
4518,0.11699999999999999
4519,0.11699999999999999
4520,0.11699999999999999
4521,0.11699999999999999
4522,0.11699999999999999
4523,0.11699999999999999
4524,0.11699999999999999
4525,0.11699999999999999
4526,0.11699999999999999
4527,0.11699999999999999
4528,0.11699999999999999
4529,0.11699999999999999
4530,0.11699999999999999
4531,0.11699999999999999
4532,0.11699999999999999
4533,0.11699999999999999
4534,0.11699999999999999
4535,0.11699999999999999
4536,0.11699999999999999
4537,0.11699999999999999
4538,0.11699999999999999
4539,0.11699999999999999
4540,0.11699999999999999
4541,0.11699999999999999
4542,0.11699999999999999
4543,0.11699999999999999
4544,0.11699999999999999
4545,0.11699999999999999
4546,0.11699999999999999
4547,0.11699999999999999
4548,0.11699999999999999
4549,0.11699999999999999
4550,0.11699999999999999
4551,0.11699999999999999
4552,0.11699999999999999
4553,0.11699999999999999
4554,0.11699999999999999
4555,0.11699999999999999
4556,0.11699999999999999
4557,0.11699999999999999
4558,0.11699999999999999
4559,0.11699999999999999
4560,0.11699999999999999
4561,0.11699999999999999
4562,0.11699999999999999
4563,0.11699999999999999
4564,0.11699999999999999
4565,0.11699999999999999
4566,0.11699999999999999
4567,0.11699999999999999
4568,0.11699999999999999
4569,0.11699999999999999
4570,0.11699999999999999
4571,0.11699999999999999
4572,0.11699999999999999
4573,0.11699999999999999
4574,0.11699999999999999
4575,0.11699999999999999
4576,0.11699999999999999
4577,0.11699999999999999
4578,0.11699999999999999
4579,0.11699999999999999
4580,0.11699999999999999
4581,0.11699999999999999
4582,0.11699999999999999
4583,0.11699999999999999
4584,0.11699999999999999
4585,0.11699999999999999
4586,0.11699999999999999
4587,0.11699999999999999
4588,0.11699999999999999
4589,0.11699999999999999
4590,0.11699999999999999
4591,0.11699999999999999
4592,0.11699999999999999
4593,0.11699999999999999
4594,0.11699999999999999
4595,0.11699999999999999
4596,0.11699999999999999
4597,0.11699999999999999
4598,0.11699999999999999
4599,0.11699999999999999
4600,0.11699999999999999
4601,0.11699999999999999
4602,0.11699999999999999
4603,0.11699999999999999
4604,0.11699999999999999
4605,0.11699999999999999
4606,0.11699999999999999
4607,0.11699999999999999
4608,0.11699999999999999
4609,0.11699999999999999
4610,0.11699999999999999
4611,0.11699999999999999
4612,0.11699999999999999
4613,0.11699999999999999
4614,0.11699999999999999
4615,0.11699999999999999
4616,0.11699999999999999
4617,0.11699999999999999
4618,0.11699999999999999
4619,0.11699999999999999
4620,0.11699999999999999
4621,0.11699999999999999
4622,0.11699999999999999
4623,0.11699999999999999
4624,0.11699999999999999
4625,0.11699999999999999
4626,0.11699999999999999
4627,0.11699999999999999
4628,0.11699999999999999
4629,0.11699999999999999
4630,0.11699999999999999
4631,0.11699999999999999
4632,0.11699999999999999
4633,0.11699999999999999
4634,0.11699999999999999
4635,0.11699999999999999
4636,0.11699999999999999
4637,0.11699999999999999
4638,0.11699999999999999
4639,0.11699999999999999
4640,0.11699999999999999
4641,0.11699999999999999
4642,0.11699999999999999
4643,0.11699999999999999
4644,0.11699999999999999
4645,0.11699999999999999
4646,0.11699999999999999
4647,0.11699999999999999
4648,0.11699999999999999
4649,0.11699999999999999
4650,0.11699999999999999
4651,0.11699999999999999
4652,0.11699999999999999
4653,0.11699999999999999
4654,0.11699999999999999
4655,0.11699999999999999
4656,0.11699999999999999
4657,0.11699999999999999
4658,0.11699999999999999
4659,0.11699999999999999
4660,0.11699999999999999
4661,0.11699999999999999
4662,0.11699999999999999
4663,0.11699999999999999
4664,0.11699999999999999
4665,0.11699999999999999
4666,0.11699999999999999
4667,0.11699999999999999
4668,0.11699999999999999
4669,0.11699999999999999
4670,0.11699999999999999
4671,0.11699999999999999
4672,0.11699999999999999
4673,0.11699999999999999
4674,0.11699999999999999
4675,0.11699999999999999
4676,0.11699999999999999
4677,0.11699999999999999
4678,0.11699999999999999
4679,0.11699999999999999
4680,0.11699999999999999
4681,0.11699999999999999
4682,0.11699999999999999
4683,0.11699999999999999
4684,0.11699999999999999
4685,0.11699999999999999
4686,0.11699999999999999
4687,0.11699999999999999
4688,0.11699999999999999
4689,0.11699999999999999
4690,0.11699999999999999
4691,0.11699999999999999
4692,0.11699999999999999
4693,0.11699999999999999
4694,0.11699999999999999
4695,0.11699999999999999
4696,0.11699999999999999
4697,0.11699999999999999
4698,0.11699999999999999
4699,0.11699999999999999
4700,0.11699999999999999
4701,0.11699999999999999
4702,0.11699999999999999
4703,0.11699999999999999
4704,0.11699999999999999
4705,0.11699999999999999
4706,0.11699999999999999
4707,0.11699999999999999
4708,0.11699999999999999
4709,0.11699999999999999
4710,0.11699999999999999
4711,0.11699999999999999
4712,0.11699999999999999
4713,0.11699999999999999
4714,0.11699999999999999
4715,0.11699999999999999
4716,0.11699999999999999
4717,0.11699999999999999
4718,0.11699999999999999
4719,0.11699999999999999
4720,0.11699999999999999
4721,0.11699999999999999
4722,0.11699999999999999
4723,0.11699999999999999
4724,0.11699999999999999
4725,0.11699999999999999
4726,0.11699999999999999
4727,0.11699999999999999
4728,0.11699999999999999
4729,0.11699999999999999
4730,0.11699999999999999
4731,0.11699999999999999
4732,0.11699999999999999
4733,0.11699999999999999
4734,0.11699999999999999
4735,0.11699999999999999
4736,0.11699999999999999
4737,0.11699999999999999
4738,0.11699999999999999
4739,0.11699999999999999
4740,0.11699999999999999
4741,0.11699999999999999
4742,0.11699999999999999
4743,0.11699999999999999
4744,0.11699999999999999
4745,0.11699999999999999
4746,0.11699999999999999
4747,0.11699999999999999
4748,0.11699999999999999
4749,0.11699999999999999
4750,0.11699999999999999
4751,0.11699999999999999
4752,0.11699999999999999
4753,0.11699999999999999
4754,0.11699999999999999
4755,0.11699999999999999
4756,0.11699999999999999
4757,0.11699999999999999
4758,0.11699999999999999
4759,0.11699999999999999
4760,0.11699999999999999
4761,0.11699999999999999
4762,0.11699999999999999
4763,0.11699999999999999
4764,0.11699999999999999
4765,0.11699999999999999
4766,0.11699999999999999
4767,0.11699999999999999
4768,0.11699999999999999
4769,0.11699999999999999
4770,0.11699999999999999
4771,0.11699999999999999
4772,0.11699999999999999
4773,0.11699999999999999
4774,0.11699999999999999
4775,0.11699999999999999
4776,0.11699999999999999
4777,0.11699999999999999
4778,0.11699999999999999
4779,0.11699999999999999
4780,0.11699999999999999
4781,0.11699999999999999
4782,0.11699999999999999
4783,0.11699999999999999
4784,0.11699999999999999
4785,0.11699999999999999
4786,0.11699999999999999
4787,0.11699999999999999
4788,0.11699999999999999
4789,0.11699999999999999
4790,0.11699999999999999
4791,0.11699999999999999
4792,0.11699999999999999
4793,0.11699999999999999
4794,0.11699999999999999
4795,0.11699999999999999
4796,0.11699999999999999
4797,0.11699999999999999
4798,0.11699999999999999
4799,0.11699999999999999
4800,0.11699999999999999
4801,0.11699999999999999
4802,0.11699999999999999
4803,0.11699999999999999
4804,0.11699999999999999
4805,0.11699999999999999
4806,0.11699999999999999
4807,0.11699999999999999
4808,0.11699999999999999
4809,0.11699999999999999
4810,0.11699999999999999
4811,0.11699999999999999
4812,0.11699999999999999
4813,0.11699999999999999
4814,0.11699999999999999
4815,0.11699999999999999
4816,0.11699999999999999
4817,0.11699999999999999
4818,0.11699999999999999
4819,0.11699999999999999
4820,0.11699999999999999
4821,0.11699999999999999
4822,0.11699999999999999
4823,0.11699999999999999
4824,0.11699999999999999
4825,0.11699999999999999
4826,0.11699999999999999
4827,0.11699999999999999
4828,0.11699999999999999
4829,0.11699999999999999
4830,0.11699999999999999
4831,0.11699999999999999
4832,0.11699999999999999
4833,0.11699999999999999
4834,0.11699999999999999
4835,0.11699999999999999
4836,0.11699999999999999
4837,0.11699999999999999
4838,0.11699999999999999
4839,0.11699999999999999
4840,0.11699999999999999
4841,0.11699999999999999
4842,0.11699999999999999
4843,0.11699999999999999
4844,0.11699999999999999
4845,0.11699999999999999
4846,0.11699999999999999
4847,0.11699999999999999
4848,0.11699999999999999
4849,0.11699999999999999
4850,0.11699999999999999
4851,0.11699999999999999
4852,0.11699999999999999
4853,0.11699999999999999
4854,0.11699999999999999
4855,0.11699999999999999
4856,0.11699999999999999
4857,0.11699999999999999
4858,0.11699999999999999
4859,0.11699999999999999
4860,0.11699999999999999
4861,0.11699999999999999
4862,0.11699999999999999
4863,0.11699999999999999
4864,0.11699999999999999
4865,0.11699999999999999
4866,0.11699999999999999
4867,0.11699999999999999
4868,0.11699999999999999
4869,0.11699999999999999
4870,0.11699999999999999
4871,0.11699999999999999
4872,0.11699999999999999
4873,0.11699999999999999
4874,0.11699999999999999
4875,0.11699999999999999
4876,0.11699999999999999
4877,0.11699999999999999
4878,0.11699999999999999
4879,0.11699999999999999
4880,0.11699999999999999
4881,0.11699999999999999
4882,0.11699999999999999
4883,0.11699999999999999
4884,0.11699999999999999
4885,0.11699999999999999
4886,0.11699999999999999
4887,0.11699999999999999
4888,0.11699999999999999
4889,0.11699999999999999
4890,0.11699999999999999
4891,0.11699999999999999
4892,0.11699999999999999
4893,0.11699999999999999
4894,0.11699999999999999
4895,0.11699999999999999
4896,0.11699999999999999
4897,0.11699999999999999
4898,0.11699999999999999
4899,0.11699999999999999
4900,0.11699999999999999
4901,0.11699999999999999
4902,0.11699999999999999
4903,0.11699999999999999
4904,0.11699999999999999
4905,0.11699999999999999
4906,0.11699999999999999
4907,0.11699999999999999
4908,0.11699999999999999
4909,0.11699999999999999
4910,0.11699999999999999
4911,0.11699999999999999
4912,0.11699999999999999
4913,0.11699999999999999
4914,0.11699999999999999
4915,0.11699999999999999
4916,0.11699999999999999
4917,0.11699999999999999
4918,0.11699999999999999
4919,0.11699999999999999
4920,0.11699999999999999
4921,0.11699999999999999
4922,0.11699999999999999
4923,0.11699999999999999
4924,0.11699999999999999
4925,0.11699999999999999
4926,0.11699999999999999
4927,0.11699999999999999
4928,0.11699999999999999
4929,0.11699999999999999
4930,0.11699999999999999
4931,0.11699999999999999
4932,0.11699999999999999
4933,0.11699999999999999
4934,0.11699999999999999
4935,0.11699999999999999
4936,0.11699999999999999
4937,0.11699999999999999
4938,0.11699999999999999
4939,0.11699999999999999
4940,0.11699999999999999
4941,0.11699999999999999
4942,0.11699999999999999
4943,0.11699999999999999
4944,0.11699999999999999
4945,0.11699999999999999
4946,0.11699999999999999
4947,0.11699999999999999
4948,0.11699999999999999
4949,0.11699999999999999
4950,0.11699999999999999
4951,0.11699999999999999
4952,0.11699999999999999
4953,0.11699999999999999
4954,0.11699999999999999
4955,0.11699999999999999
4956,0.11699999999999999
4957,0.11699999999999999
4958,0.11699999999999999
4959,0.11699999999999999
4960,0.11699999999999999
4961,0.11699999999999999
4962,0.11699999999999999
4963,0.11699999999999999
4964,0.11699999999999999
4965,0.11699999999999999
4966,0.11699999999999999
4967,0.11699999999999999
4968,0.11699999999999999
4969,0.11699999999999999
4970,0.11699999999999999
4971,0.11699999999999999
4972,0.11699999999999999
4973,0.11699999999999999
4974,0.11699999999999999
4975,0.11699999999999999
4976,0.11699999999999999
4977,0.11699999999999999
4978,0.11699999999999999
4979,0.11699999999999999
4980,0.11699999999999999
4981,0.11699999999999999
4982,0.11699999999999999
4983,0.11699999999999999
4984,0.11699999999999999
4985,0.11699999999999999
4986,0.11699999999999999
4987,0.11699999999999999
4988,0.11699999999999999
4989,0.11699999999999999
4990,0.11699999999999999
4991,0.11699999999999999
4992,0.11699999999999999
4993,0.11699999999999999
4994,0.11699999999999999
4995,0.11699999999999999
4996,0.11699999999999999
4997,0.11699999999999999
4998,0.11699999999999999
4999,0.11699999999999999
5000,0.11699999999999999
5001,0.11699999999999999
5002,0.11699999999999999
5003,0.11699999999999999
5004,0.11699999999999999
5005,0.11699999999999999
5006,0.11699999999999999
5007,0.11699999999999999
5008,0.11699999999999999
5009,0.11699999999999999
5010,0.11699999999999999
5011,0.11699999999999999
5012,0.11699999999999999
5013,0.11699999999999999
5014,0.11699999999999999
5015,0.11699999999999999
5016,0.11699999999999999
5017,0.11699999999999999
5018,0.11699999999999999
5019,0.11699999999999999
5020,0.11699999999999999
5021,0.11699999999999999
5022,0.11699999999999999
5023,0.11699999999999999
5024,0.11699999999999999
5025,0.11699999999999999
5026,0.11699999999999999
5027,0.11699999999999999
5028,0.11699999999999999
5029,0.11699999999999999
5030,0.11699999999999999
5031,0.11699999999999999
5032,0.11699999999999999
5033,0.11699999999999999
5034,0.11699999999999999
5035,0.11699999999999999
5036,0.11699999999999999
5037,0.11699999999999999
5038,0.11699999999999999
5039,0.11699999999999999
5040,0.11699999999999999
5041,0.11699999999999999
5042,0.11699999999999999
5043,0.11699999999999999
5044,0.11699999999999999
5045,0.11699999999999999
5046,0.11699999999999999
5047,0.11699999999999999
5048,0.11699999999999999
5049,0.11699999999999999
5050,0.11699999999999999
5051,0.11699999999999999
5052,0.11699999999999999
5053,0.11699999999999999
5054,0.11699999999999999
5055,0.11699999999999999
5056,0.11699999999999999
5057,0.11699999999999999
5058,0.11699999999999999
5059,0.11699999999999999
5060,0.11699999999999999
5061,0.11699999999999999
5062,0.11699999999999999
5063,0.11699999999999999
5064,0.11699999999999999
5065,0.11699999999999999
5066,0.11699999999999999
5067,0.11699999999999999
5068,0.11699999999999999
5069,0.11699999999999999
5070,0.11699999999999999
5071,0.11699999999999999
5072,0.11699999999999999
5073,0.11699999999999999
5074,0.11699999999999999
5075,0.11699999999999999
5076,0.11699999999999999
5077,0.11699999999999999
5078,0.11699999999999999
5079,0.11699999999999999
5080,0.11699999999999999
5081,0.11699999999999999
5082,0.11699999999999999
5083,0.11699999999999999
5084,0.11699999999999999
5085,0.11699999999999999
5086,0.11699999999999999
5087,0.11699999999999999
5088,0.11699999999999999
5089,0.11699999999999999
5090,0.11699999999999999
5091,0.11699999999999999
5092,0.11699999999999999
5093,0.11699999999999999
5094,0.11699999999999999
5095,0.11699999999999999
5096,0.11699999999999999
5097,0.11699999999999999
5098,0.11699999999999999
5099,0.11699999999999999
5100,0.11699999999999999
5101,0.11699999999999999
5102,0.11699999999999999
5103,0.11699999999999999
5104,0.11699999999999999
5105,0.11699999999999999
5106,0.11699999999999999
5107,0.11699999999999999
5108,0.11699999999999999
5109,0.11699999999999999
5110,0.11699999999999999
5111,0.11699999999999999
5112,0.11699999999999999
5113,0.11699999999999999
5114,0.11699999999999999
5115,0.11699999999999999
5116,0.11699999999999999
5117,0.11699999999999999
5118,0.11699999999999999
5119,0.11699999999999999
5120,0.11699999999999999
5121,0.11699999999999999
5122,0.11699999999999999
5123,0.11699999999999999
5124,0.11699999999999999
5125,0.11699999999999999
5126,0.11699999999999999
5127,0.11699999999999999
5128,0.11699999999999999
5129,0.11699999999999999
5130,0.11699999999999999
5131,0.11699999999999999
5132,0.11699999999999999
5133,0.11699999999999999
5134,0.11699999999999999
5135,0.11699999999999999
5136,0.11699999999999999
5137,0.11699999999999999
5138,0.11699999999999999
5139,0.11699999999999999
5140,0.11699999999999999
5141,0.11699999999999999
5142,0.11699999999999999
5143,0.11699999999999999
5144,0.11699999999999999
5145,0.11699999999999999
5146,0.11699999999999999
5147,0.11699999999999999
5148,0.11699999999999999
5149,0.11699999999999999
5150,0.11699999999999999
5151,0.11699999999999999
5152,0.11699999999999999
5153,0.11699999999999999
5154,0.11699999999999999
5155,0.11699999999999999
5156,0.11699999999999999
5157,0.11699999999999999
5158,0.11699999999999999
5159,0.11699999999999999
5160,0.11699999999999999
5161,0.11699999999999999
5162,0.11699999999999999
5163,0.11699999999999999
5164,0.11699999999999999
5165,0.11699999999999999
5166,0.11699999999999999
5167,0.11699999999999999
5168,0.11699999999999999
5169,0.11699999999999999
5170,0.11699999999999999
5171,0.11699999999999999
5172,0.11699999999999999
5173,0.11699999999999999
5174,0.11699999999999999
5175,0.11699999999999999
5176,0.11699999999999999
5177,0.11699999999999999
5178,0.11699999999999999
5179,0.11699999999999999
5180,0.11699999999999999
5181,0.11699999999999999
5182,0.11699999999999999
5183,0.11699999999999999
5184,0.11699999999999999
5185,0.11699999999999999
5186,0.11699999999999999
5187,0.11699999999999999
5188,0.11699999999999999
5189,0.11699999999999999
5190,0.11699999999999999
5191,0.11699999999999999
5192,0.11699999999999999
5193,0.11699999999999999
5194,0.11699999999999999
5195,0.11699999999999999
5196,0.11699999999999999
5197,0.11699999999999999
5198,0.11699999999999999
5199,0.11699999999999999
5200,0.11699999999999999
5201,0.11699999999999999
5202,0.11699999999999999
5203,0.11699999999999999
5204,0.11699999999999999
5205,0.11699999999999999
5206,0.11699999999999999
5207,0.11699999999999999
5208,0.11699999999999999
5209,0.11699999999999999
5210,0.11699999999999999
5211,0.11699999999999999
5212,0.11699999999999999
5213,0.11699999999999999
5214,0.11699999999999999
5215,0.11699999999999999
5216,0.11699999999999999
5217,0.11699999999999999
5218,0.11699999999999999
5219,0.11699999999999999
5220,0.11699999999999999
5221,0.11699999999999999
5222,0.11699999999999999
5223,0.11699999999999999
5224,0.11699999999999999
5225,0.11699999999999999
5226,0.11699999999999999
5227,0.11699999999999999
5228,0.11699999999999999
5229,0.11699999999999999
5230,0.11699999999999999
5231,0.11699999999999999
5232,0.11699999999999999
5233,0.11699999999999999
5234,0.11699999999999999
5235,0.11699999999999999
5236,0.11699999999999999
5237,0.11699999999999999
5238,0.11699999999999999
5239,0.11699999999999999
5240,0.11699999999999999
5241,0.11699999999999999
5242,0.11699999999999999
5243,0.11699999999999999
5244,0.11699999999999999
5245,0.11699999999999999
5246,0.11699999999999999
5247,0.11699999999999999
5248,0.11699999999999999
5249,0.11699999999999999
5250,0.11699999999999999
5251,0.11699999999999999
5252,0.11699999999999999
5253,0.11699999999999999
5254,0.11699999999999999
5255,0.11699999999999999
5256,0.11699999999999999
5257,0.11699999999999999
5258,0.11699999999999999
5259,0.11699999999999999
5260,0.11699999999999999
5261,0.11699999999999999
5262,0.11699999999999999
5263,0.11699999999999999
5264,0.11699999999999999
5265,0.11699999999999999
5266,0.11699999999999999
5267,0.11699999999999999
5268,0.11699999999999999
5269,0.11699999999999999
5270,0.11699999999999999
5271,0.11699999999999999
5272,0.11699999999999999
5273,0.11699999999999999
5274,0.11699999999999999
5275,0.11699999999999999
5276,0.11699999999999999
5277,0.11699999999999999
5278,0.11699999999999999
5279,0.11699999999999999
5280,0.11699999999999999
5281,0.11699999999999999
5282,0.11699999999999999
5283,0.11699999999999999
5284,0.11699999999999999
5285,0.11699999999999999
5286,0.11699999999999999
5287,0.11699999999999999
5288,0.11699999999999999
5289,0.11699999999999999
5290,0.11699999999999999
5291,0.11699999999999999
5292,0.11699999999999999
5293,0.11699999999999999
5294,0.11699999999999999
5295,0.11699999999999999
5296,0.11699999999999999
5297,0.11699999999999999
5298,0.11699999999999999
5299,0.11699999999999999
5300,0.11699999999999999
5301,0.11699999999999999
5302,0.11699999999999999
5303,0.11699999999999999
5304,0.11699999999999999
5305,0.11699999999999999
5306,0.11699999999999999
5307,0.11699999999999999
5308,0.11699999999999999
5309,0.11699999999999999
5310,0.11699999999999999
5311,0.11699999999999999
5312,0.11699999999999999
5313,0.11699999999999999
5314,0.11699999999999999
5315,0.11699999999999999
5316,0.11699999999999999
5317,0.11699999999999999
5318,0.11699999999999999
5319,0.11699999999999999
5320,0.11699999999999999
5321,0.11699999999999999
5322,0.11699999999999999
5323,0.11699999999999999
5324,0.11699999999999999
5325,0.11699999999999999
5326,0.11699999999999999
5327,0.11699999999999999
5328,0.11699999999999999
5329,0.11699999999999999
5330,0.11699999999999999
5331,0.11699999999999999
5332,0.11699999999999999
5333,0.11699999999999999
5334,0.11699999999999999
5335,0.11699999999999999
5336,0.11699999999999999
5337,0.11699999999999999
5338,0.11699999999999999
5339,0.11699999999999999
5340,0.11699999999999999
5341,0.11699999999999999
5342,0.11699999999999999
5343,0.11699999999999999
5344,0.11699999999999999
5345,0.11699999999999999
5346,0.11699999999999999
5347,0.11699999999999999
5348,0.11699999999999999
5349,0.11699999999999999
5350,0.11699999999999999
5351,0.11699999999999999
5352,0.11699999999999999
5353,0.11699999999999999
5354,0.11699999999999999
5355,0.11699999999999999
5356,0.11699999999999999
5357,0.11699999999999999
5358,0.11699999999999999
5359,0.11699999999999999
5360,0.11699999999999999
5361,0.11699999999999999
5362,0.11699999999999999
5363,0.11699999999999999
5364,0.11699999999999999
5365,0.11699999999999999
5366,0.11699999999999999
5367,0.11699999999999999
5368,0.11699999999999999
5369,0.11699999999999999
5370,0.11699999999999999
5371,0.11699999999999999
5372,0.11699999999999999
5373,0.11699999999999999
5374,0.11699999999999999
5375,0.11699999999999999
5376,0.11699999999999999
5377,0.11699999999999999
5378,0.11699999999999999
5379,0.11699999999999999
5380,0.11699999999999999
5381,0.11699999999999999
5382,0.11699999999999999
5383,0.11699999999999999
5384,0.11699999999999999
5385,0.11699999999999999
5386,0.11699999999999999
5387,0.11699999999999999
5388,0.11699999999999999
5389,0.11699999999999999
5390,0.11699999999999999
5391,0.11699999999999999
5392,0.11699999999999999
5393,0.11699999999999999
5394,0.11699999999999999
5395,0.11699999999999999
5396,0.11699999999999999
5397,0.11699999999999999
5398,0.11699999999999999
5399,0.11699999999999999
5400,0.11699999999999999
5401,0.11699999999999999
5402,0.11699999999999999
5403,0.11699999999999999
5404,0.11699999999999999
5405,0.11699999999999999
5406,0.11699999999999999
5407,0.11699999999999999
5408,0.11699999999999999
5409,0.11699999999999999
5410,0.11699999999999999
5411,0.11699999999999999
5412,0.11699999999999999
5413,0.11699999999999999
5414,0.11699999999999999
5415,0.11699999999999999
5416,0.11699999999999999
5417,0.11699999999999999
5418,0.11699999999999999
5419,0.11699999999999999
5420,0.11699999999999999
5421,0.11699999999999999
5422,0.11699999999999999
5423,0.11699999999999999
5424,0.11699999999999999
5425,0.11699999999999999
5426,0.11699999999999999
5427,0.11699999999999999
5428,0.11699999999999999
5429,0.11699999999999999
5430,0.11699999999999999
5431,0.11699999999999999
5432,0.11699999999999999
5433,0.11699999999999999
5434,0.11699999999999999
5435,0.11699999999999999
5436,0.11699999999999999
5437,0.11699999999999999
5438,0.11699999999999999
5439,0.11699999999999999
5440,0.11699999999999999
5441,0.11699999999999999
5442,0.11699999999999999
5443,0.11699999999999999
5444,0.11699999999999999
5445,0.11699999999999999
5446,0.11699999999999999
5447,0.11699999999999999
5448,0.11699999999999999
5449,0.11699999999999999
5450,0.11699999999999999
5451,0.11699999999999999
5452,0.11699999999999999
5453,0.11699999999999999
5454,0.11699999999999999
5455,0.11699999999999999
5456,0.11699999999999999
5457,0.11699999999999999
5458,0.11699999999999999
5459,0.11699999999999999
5460,0.11699999999999999
5461,0.11699999999999999
5462,0.11699999999999999
5463,0.11699999999999999
5464,0.11699999999999999
5465,0.11699999999999999
5466,0.11699999999999999
5467,0.11699999999999999
5468,0.11699999999999999
5469,0.11699999999999999
5470,0.11699999999999999
5471,0.11699999999999999
5472,0.11699999999999999
5473,0.11699999999999999
5474,0.11699999999999999
5475,0.11699999999999999
5476,0.11699999999999999
5477,0.11699999999999999
5478,0.11699999999999999
5479,0.11699999999999999
5480,0.11699999999999999
5481,0.11699999999999999
5482,0.11699999999999999
5483,0.11699999999999999
5484,0.11699999999999999
5485,0.11699999999999999
5486,0.11699999999999999
5487,0.11699999999999999
5488,0.11699999999999999
5489,0.11699999999999999
5490,0.11699999999999999
5491,0.11699999999999999
5492,0.11699999999999999
5493,0.11699999999999999
5494,0.11699999999999999
5495,0.11699999999999999
5496,0.11699999999999999
5497,0.11699999999999999
5498,0.11699999999999999
5499,0.11699999999999999
5500,0.11699999999999999
5501,0.11699999999999999
5502,0.11699999999999999
5503,0.11699999999999999
5504,0.11699999999999999
5505,0.11699999999999999
5506,0.11699999999999999
5507,0.11699999999999999
5508,0.11699999999999999
5509,0.11699999999999999
5510,0.11699999999999999
5511,0.11699999999999999
5512,0.11699999999999999
5513,0.11699999999999999
5514,0.11699999999999999
5515,0.11699999999999999
5516,0.11699999999999999
5517,0.11699999999999999
5518,0.11699999999999999
5519,0.11699999999999999
5520,0.11699999999999999
5521,0.11699999999999999
5522,0.11699999999999999
5523,0.11699999999999999
5524,0.11699999999999999
5525,0.11699999999999999
5526,0.11699999999999999
5527,0.11699999999999999
5528,0.11699999999999999
5529,0.11699999999999999
5530,0.11699999999999999
5531,0.11699999999999999
5532,0.11699999999999999
5533,0.11699999999999999
5534,0.11699999999999999
5535,0.11699999999999999
5536,0.11699999999999999
5537,0.11699999999999999
5538,0.11699999999999999
5539,0.11699999999999999
5540,0.11699999999999999
5541,0.11699999999999999
5542,0.11699999999999999
5543,0.11699999999999999
5544,0.11699999999999999
5545,0.11699999999999999
5546,0.11699999999999999
5547,0.11699999999999999
5548,0.11699999999999999
5549,0.11699999999999999
5550,0.11699999999999999
5551,0.11699999999999999
5552,0.11699999999999999
5553,0.11699999999999999
5554,0.11699999999999999
5555,0.11699999999999999
5556,0.11699999999999999
5557,0.11699999999999999
5558,0.11699999999999999
5559,0.11699999999999999
5560,0.11699999999999999
5561,0.11699999999999999
5562,0.11699999999999999
5563,0.11699999999999999
5564,0.11699999999999999
5565,0.11699999999999999
5566,0.11699999999999999
5567,0.11699999999999999
5568,0.11699999999999999
5569,0.11699999999999999
5570,0.11699999999999999
5571,0.11699999999999999
5572,0.11699999999999999
5573,0.11699999999999999
5574,0.11699999999999999
5575,0.11699999999999999
5576,0.11699999999999999
5577,0.11699999999999999
5578,0.11699999999999999
5579,0.11699999999999999
5580,0.11699999999999999
5581,0.11699999999999999
5582,0.11699999999999999
5583,0.11699999999999999
5584,0.11699999999999999
5585,0.11699999999999999
5586,0.11699999999999999
5587,0.11699999999999999
5588,0.11699999999999999
5589,0.11699999999999999
5590,0.11699999999999999
5591,0.11699999999999999
5592,0.11699999999999999
5593,0.11699999999999999
5594,0.11699999999999999
5595,0.11699999999999999
5596,0.11699999999999999
5597,0.11699999999999999
5598,0.11699999999999999
5599,0.11699999999999999
5600,0.11699999999999999
5601,0.11699999999999999
5602,0.11699999999999999
5603,0.11699999999999999
5604,0.11699999999999999
5605,0.11699999999999999
5606,0.11699999999999999
5607,0.11699999999999999
5608,0.11699999999999999
5609,0.11699999999999999
5610,0.11699999999999999
5611,0.11699999999999999
5612,0.11699999999999999
5613,0.11699999999999999
5614,0.11699999999999999
5615,0.11699999999999999
5616,0.11699999999999999
5617,0.11699999999999999
5618,0.11699999999999999
5619,0.11699999999999999
5620,0.11699999999999999
5621,0.11699999999999999
5622,0.11699999999999999
5623,0.11699999999999999
5624,0.11699999999999999
5625,0.11699999999999999
5626,0.11699999999999999
5627,0.11699999999999999
5628,0.11699999999999999
5629,0.11699999999999999
5630,0.11699999999999999
5631,0.11699999999999999
5632,0.11699999999999999
5633,0.11699999999999999
5634,0.11699999999999999
5635,0.11699999999999999
5636,0.11699999999999999
5637,0.11699999999999999
5638,0.11699999999999999
5639,0.11699999999999999
5640,0.11699999999999999
5641,0.11699999999999999
5642,0.11699999999999999
5643,0.11699999999999999
5644,0.11699999999999999
5645,0.11699999999999999
5646,0.11699999999999999
5647,0.11699999999999999
5648,0.11699999999999999
5649,0.11699999999999999
5650,0.11699999999999999
5651,0.11699999999999999
5652,0.11699999999999999
5653,0.11699999999999999
5654,0.11699999999999999
5655,0.11699999999999999
5656,0.11699999999999999
5657,0.11699999999999999
5658,0.11699999999999999
5659,0.11699999999999999
5660,0.11699999999999999
5661,0.11699999999999999
5662,0.11699999999999999
5663,0.11699999999999999
5664,0.11699999999999999
5665,0.11699999999999999
5666,0.11699999999999999
5667,0.11699999999999999
5668,0.11699999999999999
5669,0.11699999999999999
5670,0.11699999999999999
5671,0.11699999999999999
5672,0.11699999999999999
5673,0.11699999999999999
5674,0.11699999999999999
5675,0.11699999999999999
5676,0.11699999999999999
5677,0.11699999999999999
5678,0.11699999999999999
5679,0.11699999999999999
5680,0.11699999999999999
5681,0.11699999999999999
5682,0.11699999999999999
5683,0.11699999999999999
5684,0.11699999999999999
5685,0.11699999999999999
5686,0.11699999999999999
5687,0.11699999999999999
5688,0.11699999999999999
5689,0.11699999999999999
5690,0.11699999999999999
5691,0.11699999999999999
5692,0.11699999999999999
5693,0.11699999999999999
5694,0.11699999999999999
5695,0.11699999999999999
5696,0.11699999999999999
5697,0.11699999999999999
5698,0.11699999999999999
5699,0.11699999999999999
5700,0.11699999999999999
5701,0.11699999999999999
5702,0.11699999999999999
5703,0.11699999999999999
5704,0.11699999999999999
5705,0.11699999999999999
5706,0.11699999999999999
5707,0.11699999999999999
5708,0.11699999999999999
5709,0.11699999999999999
5710,0.11699999999999999
5711,0.11699999999999999
5712,0.11699999999999999
5713,0.11699999999999999
5714,0.11699999999999999
5715,0.11699999999999999
5716,0.11699999999999999
5717,0.11699999999999999
5718,0.11699999999999999
5719,0.11699999999999999
5720,0.11699999999999999
5721,0.11699999999999999
5722,0.11699999999999999
5723,0.11699999999999999
5724,0.11699999999999999
5725,0.11699999999999999
5726,0.11699999999999999
5727,0.11699999999999999
5728,0.11699999999999999
5729,0.11699999999999999
5730,0.11699999999999999
5731,0.11699999999999999
5732,0.11699999999999999
5733,0.11699999999999999
5734,0.11699999999999999
5735,0.11699999999999999
5736,0.11699999999999999
5737,0.11699999999999999
5738,0.11699999999999999
5739,0.11699999999999999
5740,0.11699999999999999
5741,0.11699999999999999
5742,0.11699999999999999
5743,0.11699999999999999
5744,0.11699999999999999
5745,0.11699999999999999
5746,0.11699999999999999
5747,0.11699999999999999
5748,0.11699999999999999
5749,0.11699999999999999
5750,0.11699999999999999
5751,0.11699999999999999
5752,0.11699999999999999
5753,0.11699999999999999
5754,0.11699999999999999
5755,0.11699999999999999
5756,0.11699999999999999
5757,0.11699999999999999
5758,0.11699999999999999
5759,0.11699999999999999
5760,0.11699999999999999
5761,0.11699999999999999
5762,0.11699999999999999
5763,0.11699999999999999
5764,0.11699999999999999
5765,0.11699999999999999
5766,0.11699999999999999
5767,0.11699999999999999
5768,0.11699999999999999
5769,0.11699999999999999
5770,0.11699999999999999
5771,0.11699999999999999
5772,0.11699999999999999
5773,0.11699999999999999
5774,0.11699999999999999
5775,0.11699999999999999
5776,0.11699999999999999
5777,0.11699999999999999
5778,0.11699999999999999
5779,0.11699999999999999
5780,0.11699999999999999
5781,0.11699999999999999
5782,0.11699999999999999
5783,0.11699999999999999
5784,0.11699999999999999
5785,0.11699999999999999
5786,0.11699999999999999
5787,0.11699999999999999
5788,0.11699999999999999
5789,0.11699999999999999
5790,0.11699999999999999
5791,0.11699999999999999
5792,0.11699999999999999
5793,0.11699999999999999
5794,0.11699999999999999
5795,0.11699999999999999
5796,0.11699999999999999
5797,0.11699999999999999
5798,0.11699999999999999
5799,0.11699999999999999
5800,0.11699999999999999
5801,0.11699999999999999
5802,0.11699999999999999
5803,0.11699999999999999
5804,0.11699999999999999
5805,0.11699999999999999
5806,0.11699999999999999
5807,0.11699999999999999
5808,0.11699999999999999
5809,0.11699999999999999
5810,0.11699999999999999
5811,0.11699999999999999
5812,0.11699999999999999
5813,0.11699999999999999
5814,0.11699999999999999
5815,0.11699999999999999
5816,0.11699999999999999
5817,0.11699999999999999
5818,0.11699999999999999
5819,0.11699999999999999
5820,0.11699999999999999
5821,0.11699999999999999
5822,0.11699999999999999
5823,0.11699999999999999
5824,0.11699999999999999
5825,0.11699999999999999
5826,0.11699999999999999
5827,0.11699999999999999
5828,0.11699999999999999
5829,0.11699999999999999
5830,0.11699999999999999
5831,0.11699999999999999
5832,0.11699999999999999
5833,0.11699999999999999
5834,0.11699999999999999
5835,0.11699999999999999
5836,0.11699999999999999
5837,0.11699999999999999
5838,0.11699999999999999
5839,0.11699999999999999
5840,0.11699999999999999
5841,0.11699999999999999
5842,0.11699999999999999
5843,0.11699999999999999
5844,0.11699999999999999
5845,0.11699999999999999
5846,0.11699999999999999
5847,0.11699999999999999
5848,0.11699999999999999
5849,0.11699999999999999
5850,0.11699999999999999
5851,0.11699999999999999
5852,0.11699999999999999
5853,0.11699999999999999
5854,0.11699999999999999
5855,0.11699999999999999
5856,0.11699999999999999
5857,0.11699999999999999
5858,0.11699999999999999
5859,0.11699999999999999
5860,0.11699999999999999
5861,0.11699999999999999
5862,0.11699999999999999
5863,0.11699999999999999
5864,0.11699999999999999
5865,0.11699999999999999
5866,0.11699999999999999
5867,0.11699999999999999
5868,0.11699999999999999
5869,0.11699999999999999
5870,0.11699999999999999
5871,0.11699999999999999
5872,0.11699999999999999
5873,0.11699999999999999
5874,0.11699999999999999
5875,0.11699999999999999
5876,0.11699999999999999
5877,0.11699999999999999
5878,0.11699999999999999
5879,0.11699999999999999
5880,0.11699999999999999
5881,0.11699999999999999
5882,0.11699999999999999
5883,0.11699999999999999
5884,0.11699999999999999
5885,0.11699999999999999
5886,0.11699999999999999
5887,0.11699999999999999
5888,0.11699999999999999
5889,0.11699999999999999
5890,0.11699999999999999
5891,0.11699999999999999
5892,0.11699999999999999
5893,0.11699999999999999
5894,0.11699999999999999
5895,0.11699999999999999
5896,0.11699999999999999
5897,0.11699999999999999
5898,0.11699999999999999
5899,0.11699999999999999
5900,0.11699999999999999
5901,0.11699999999999999
5902,0.11699999999999999
5903,0.11699999999999999
5904,0.11699999999999999
5905,0.11699999999999999
5906,0.11699999999999999
5907,0.11699999999999999
5908,0.11699999999999999
5909,0.11699999999999999
5910,0.11699999999999999
5911,0.11699999999999999
5912,0.11699999999999999
5913,0.11699999999999999
5914,0.11699999999999999
5915,0.11699999999999999
5916,0.11699999999999999
5917,0.11699999999999999
5918,0.11699999999999999
5919,0.11699999999999999
5920,0.11699999999999999
5921,0.11699999999999999
5922,0.11699999999999999
5923,0.11699999999999999
5924,0.11699999999999999
5925,0.11699999999999999
5926,0.11699999999999999
5927,0.11699999999999999
5928,0.11699999999999999
5929,0.11699999999999999
5930,0.11699999999999999
5931,0.11699999999999999
5932,0.11699999999999999
5933,0.11699999999999999
5934,0.11699999999999999
5935,0.11699999999999999
5936,0.11699999999999999
5937,0.11699999999999999
5938,0.11699999999999999
5939,0.11699999999999999
5940,0.11699999999999999
5941,0.11699999999999999
5942,0.11699999999999999
5943,0.11699999999999999
5944,0.11699999999999999
5945,0.11699999999999999
5946,0.11699999999999999
5947,0.11699999999999999
5948,0.11699999999999999
5949,0.11699999999999999
5950,0.11699999999999999
5951,0.11699999999999999
5952,0.11699999999999999
5953,0.11699999999999999
5954,0.11699999999999999
5955,0.11699999999999999
5956,0.11699999999999999
5957,0.11699999999999999
5958,0.11699999999999999
5959,0.11699999999999999
5960,0.11699999999999999
5961,0.11699999999999999
5962,0.11699999999999999
5963,0.11699999999999999
5964,0.11699999999999999
5965,0.11699999999999999
5966,0.11699999999999999
5967,0.11699999999999999
5968,0.11699999999999999
5969,0.11699999999999999
5970,0.11699999999999999
5971,0.11699999999999999
5972,0.11699999999999999
5973,0.11699999999999999
5974,0.11699999999999999
5975,0.11699999999999999
5976,0.11699999999999999
5977,0.11699999999999999
5978,0.11699999999999999
5979,0.11699999999999999
5980,0.11699999999999999
5981,0.11699999999999999
5982,0.11699999999999999
5983,0.11699999999999999
5984,0.11699999999999999
5985,0.11699999999999999
5986,0.11699999999999999
5987,0.11699999999999999
5988,0.11699999999999999
5989,0.11699999999999999
5990,0.11699999999999999
5991,0.11699999999999999
5992,0.11699999999999999
5993,0.11699999999999999
5994,0.11699999999999999
5995,0.11699999999999999
5996,0.11699999999999999
5997,0.11699999999999999
5998,0.11699999999999999
5999,0.11699999999999999
6000,0.11699999999999999
6001,0.11699999999999999
6002,0.11699999999999999
6003,0.11699999999999999
6004,0.11699999999999999
6005,0.11699999999999999
6006,0.11699999999999999
6007,0.11699999999999999
6008,0.11699999999999999
6009,0.11699999999999999
6010,0.11699999999999999
6011,0.11699999999999999
6012,0.11699999999999999
6013,0.11699999999999999
6014,0.11699999999999999
6015,0.11699999999999999
6016,0.11699999999999999
6017,0.11699999999999999
6018,0.11699999999999999
6019,0.11699999999999999
6020,0.11699999999999999
6021,0.11699999999999999
6022,0.11699999999999999
6023,0.11699999999999999
6024,0.11699999999999999
6025,0.11699999999999999
6026,0.11699999999999999
6027,0.11699999999999999
6028,0.11699999999999999
6029,0.11699999999999999
6030,0.11699999999999999
6031,0.11699999999999999
6032,0.11699999999999999
6033,0.11699999999999999
6034,0.11699999999999999
6035,0.11699999999999999
6036,0.11699999999999999
6037,0.11699999999999999
6038,0.11699999999999999
6039,0.11699999999999999
6040,0.11699999999999999
6041,0.11699999999999999
6042,0.11699999999999999
6043,0.11699999999999999
6044,0.11699999999999999
6045,0.11699999999999999
6046,0.11699999999999999
6047,0.11699999999999999
6048,0.11699999999999999
6049,0.11699999999999999
6050,0.11699999999999999
6051,0.11699999999999999
6052,0.11699999999999999
6053,0.11699999999999999
6054,0.11699999999999999
6055,0.11699999999999999
6056,0.11699999999999999
6057,0.11699999999999999
6058,0.11699999999999999
6059,0.11699999999999999
6060,0.11699999999999999
6061,0.11699999999999999
6062,0.11699999999999999
6063,0.11699999999999999
6064,0.11699999999999999
6065,0.11699999999999999
6066,0.11699999999999999
6067,0.11699999999999999
6068,0.11699999999999999
6069,0.11699999999999999
6070,0.11699999999999999
6071,0.11699999999999999
6072,0.11699999999999999
6073,0.11699999999999999
6074,0.11699999999999999
6075,0.11699999999999999
6076,0.11699999999999999
6077,0.11699999999999999
6078,0.11699999999999999
6079,0.11699999999999999
6080,0.11699999999999999
6081,0.11699999999999999
6082,0.11699999999999999
6083,0.11699999999999999
6084,0.11699999999999999
6085,0.11699999999999999
6086,0.11699999999999999
6087,0.11699999999999999
6088,0.11699999999999999
6089,0.11699999999999999
6090,0.11699999999999999
6091,0.11699999999999999
6092,0.11699999999999999
6093,0.11699999999999999
6094,0.11699999999999999
6095,0.11699999999999999
6096,0.11699999999999999
6097,0.11699999999999999
6098,0.11699999999999999
6099,0.11699999999999999
6100,0.11699999999999999
6101,0.11699999999999999
6102,0.11699999999999999
6103,0.11699999999999999
6104,0.11699999999999999
6105,0.11699999999999999
6106,0.11699999999999999
6107,0.11699999999999999
6108,0.11699999999999999
6109,0.11699999999999999
6110,0.11699999999999999
6111,0.11699999999999999
6112,0.11699999999999999
6113,0.11699999999999999
6114,0.11699999999999999
6115,0.11699999999999999
6116,0.11699999999999999
6117,0.11699999999999999
6118,0.11699999999999999
6119,0.11699999999999999
6120,0.11699999999999999
6121,0.11699999999999999
6122,0.11699999999999999
6123,0.11699999999999999
6124,0.11699999999999999
6125,0.11699999999999999
6126,0.11699999999999999
6127,0.11699999999999999
6128,0.11699999999999999
6129,0.11699999999999999
6130,0.11699999999999999
6131,0.11699999999999999
6132,0.11699999999999999
6133,0.11699999999999999
6134,0.11699999999999999
6135,0.11699999999999999
6136,0.11699999999999999
6137,0.11699999999999999
6138,0.11699999999999999
6139,0.11699999999999999
6140,0.11699999999999999
6141,0.11699999999999999
6142,0.11699999999999999
6143,0.11699999999999999
6144,0.11699999999999999
6145,0.11699999999999999
6146,0.11699999999999999
6147,0.11699999999999999
6148,0.11699999999999999
6149,0.11699999999999999
6150,0.11699999999999999
6151,0.11699999999999999
6152,0.11699999999999999
6153,0.11699999999999999
6154,0.11699999999999999
6155,0.11699999999999999
6156,0.11699999999999999
6157,0.11699999999999999
6158,0.11699999999999999
6159,0.11699999999999999
6160,0.11699999999999999
6161,0.11699999999999999
6162,0.11699999999999999
6163,0.11699999999999999
6164,0.11699999999999999
6165,0.11699999999999999
6166,0.11699999999999999
6167,0.11699999999999999
6168,0.11699999999999999
6169,0.11699999999999999
6170,0.11699999999999999
6171,0.11699999999999999
6172,0.11699999999999999
6173,0.11699999999999999
6174,0.11699999999999999
6175,0.11699999999999999
6176,0.11699999999999999
6177,0.11699999999999999
6178,0.11699999999999999
6179,0.11699999999999999
6180,0.11699999999999999
6181,0.11699999999999999
6182,0.11699999999999999
6183,0.11699999999999999
6184,0.11699999999999999
6185,0.11699999999999999
6186,0.11699999999999999
6187,0.11699999999999999
6188,0.11699999999999999
6189,0.11699999999999999
6190,0.11699999999999999
6191,0.11699999999999999
6192,0.11699999999999999
6193,0.11699999999999999
6194,0.11699999999999999
6195,0.11699999999999999
6196,0.11699999999999999
6197,0.11699999999999999
6198,0.11699999999999999
6199,0.11699999999999999
6200,0.11699999999999999
6201,0.11699999999999999
6202,0.11699999999999999
6203,0.11699999999999999
6204,0.11699999999999999
6205,0.11699999999999999
6206,0.11699999999999999
6207,0.11699999999999999
6208,0.11699999999999999
6209,0.11699999999999999
6210,0.11699999999999999
6211,0.11699999999999999
6212,0.11699999999999999
6213,0.11699999999999999
6214,0.11699999999999999
6215,0.11699999999999999
6216,0.11699999999999999
6217,0.11699999999999999
6218,0.11699999999999999
6219,0.11699999999999999
6220,0.11699999999999999
6221,0.11699999999999999
6222,0.11699999999999999
6223,0.11699999999999999
6224,0.11699999999999999
6225,0.11699999999999999
6226,0.11699999999999999
6227,0.11699999999999999
6228,0.11699999999999999
6229,0.11699999999999999
6230,0.11699999999999999
6231,0.11699999999999999
6232,0.11699999999999999
6233,0.11699999999999999
6234,0.11699999999999999
6235,0.11699999999999999
6236,0.11699999999999999
6237,0.11699999999999999
6238,0.11699999999999999
6239,0.11699999999999999
6240,0.11699999999999999
6241,0.11699999999999999
6242,0.11699999999999999
6243,0.11699999999999999
6244,0.11699999999999999
6245,0.11699999999999999
6246,0.11699999999999999
6247,0.11699999999999999
6248,0.11699999999999999
6249,0.11699999999999999
6250,0.11699999999999999
6251,0.11699999999999999
6252,0.11699999999999999
6253,0.11699999999999999
6254,0.11699999999999999
6255,0.11699999999999999
6256,0.11699999999999999
6257,0.11699999999999999
6258,0.11699999999999999
6259,0.11699999999999999
6260,0.11699999999999999
6261,0.11699999999999999
6262,0.11699999999999999
6263,0.11699999999999999
6264,0.11699999999999999
6265,0.11699999999999999
6266,0.11699999999999999
6267,0.11699999999999999
6268,0.11699999999999999
6269,0.11699999999999999
6270,0.11699999999999999
6271,0.11699999999999999
6272,0.11699999999999999
6273,0.11699999999999999
6274,0.11699999999999999
6275,0.11699999999999999
6276,0.11699999999999999
6277,0.11699999999999999
6278,0.11699999999999999
6279,0.11699999999999999
6280,0.11699999999999999
6281,0.11699999999999999
6282,0.11699999999999999
6283,0.11699999999999999
6284,0.11699999999999999
6285,0.11699999999999999
6286,0.11699999999999999
6287,0.11699999999999999
6288,0.11699999999999999
6289,0.11699999999999999
6290,0.11699999999999999
6291,0.11699999999999999
6292,0.11699999999999999
6293,0.11699999999999999
6294,0.11699999999999999
6295,0.11699999999999999
6296,0.11699999999999999
6297,0.11699999999999999
6298,0.11699999999999999
6299,0.11699999999999999
6300,0.11699999999999999
6301,0.11699999999999999
6302,0.11699999999999999
6303,0.11699999999999999
6304,0.11699999999999999
6305,0.11699999999999999
6306,0.11699999999999999
6307,0.11699999999999999
6308,0.11699999999999999
6309,0.11699999999999999
6310,0.11699999999999999
6311,0.11699999999999999
6312,0.11699999999999999
6313,0.11699999999999999
6314,0.11699999999999999
6315,0.11699999999999999
6316,0.11699999999999999
6317,0.11699999999999999
6318,0.11699999999999999
6319,0.11699999999999999
6320,0.11699999999999999
6321,0.11699999999999999
6322,0.11699999999999999
6323,0.11699999999999999
6324,0.11699999999999999
6325,0.11699999999999999
6326,0.11699999999999999
6327,0.11699999999999999
6328,0.11699999999999999
6329,0.11699999999999999
6330,0.11699999999999999
6331,0.11699999999999999
6332,0.11699999999999999
6333,0.11699999999999999
6334,0.11699999999999999
6335,0.11699999999999999
6336,0.11699999999999999
6337,0.11699999999999999
6338,0.11699999999999999
6339,0.11699999999999999
6340,0.11699999999999999
6341,0.11699999999999999
6342,0.11699999999999999
6343,0.11699999999999999
6344,0.11699999999999999
6345,0.11699999999999999
6346,0.11699999999999999
6347,0.11699999999999999
6348,0.11699999999999999
6349,0.11699999999999999
6350,0.11699999999999999
6351,0.11699999999999999
6352,0.11699999999999999
6353,0.11699999999999999
6354,0.11699999999999999
6355,0.11699999999999999
6356,0.11699999999999999
6357,0.11699999999999999
6358,0.11699999999999999
6359,0.11699999999999999
6360,0.11699999999999999
6361,0.11699999999999999
6362,0.11699999999999999
6363,0.11699999999999999
6364,0.11699999999999999
6365,0.11699999999999999
6366,0.11699999999999999
6367,0.11699999999999999
6368,0.11699999999999999
6369,0.11699999999999999
6370,0.11699999999999999
6371,0.11699999999999999
6372,0.11699999999999999
6373,0.11699999999999999
6374,0.11699999999999999
6375,0.11699999999999999
6376,0.11699999999999999
6377,0.11699999999999999
6378,0.11699999999999999
6379,0.11699999999999999
6380,0.11699999999999999
6381,0.11699999999999999
6382,0.11699999999999999
6383,0.11699999999999999
6384,0.11699999999999999
6385,0.11699999999999999
6386,0.11699999999999999
6387,0.11699999999999999
6388,0.11699999999999999
6389,0.11699999999999999
6390,0.11699999999999999
6391,0.11699999999999999
6392,0.11699999999999999
6393,0.11699999999999999
6394,0.11699999999999999
6395,0.11699999999999999
6396,0.11699999999999999
6397,0.11699999999999999
6398,0.11699999999999999
6399,0.11699999999999999
6400,0.11699999999999999
6401,0.11699999999999999
6402,0.11699999999999999
6403,0.11699999999999999
6404,0.11699999999999999
6405,0.11699999999999999
6406,0.11699999999999999
6407,0.11699999999999999
6408,0.11699999999999999
6409,0.11699999999999999
6410,0.11699999999999999
6411,0.11699999999999999
6412,0.11699999999999999
6413,0.11699999999999999
6414,0.11699999999999999
6415,0.11699999999999999
6416,0.11699999999999999
6417,0.11699999999999999
6418,0.11699999999999999
6419,0.11699999999999999
6420,0.11699999999999999
6421,0.11699999999999999
6422,0.11699999999999999
6423,0.11699999999999999
6424,0.11699999999999999
6425,0.11699999999999999
6426,0.11699999999999999
6427,0.11699999999999999
6428,0.11699999999999999
6429,0.11699999999999999
6430,0.11699999999999999
6431,0.11699999999999999
6432,0.11699999999999999
6433,0.11699999999999999
6434,0.11699999999999999
6435,0.11699999999999999
6436,0.11699999999999999
6437,0.11699999999999999
6438,0.11699999999999999
6439,0.11699999999999999
6440,0.11699999999999999
6441,0.11699999999999999
6442,0.11699999999999999
6443,0.11699999999999999
6444,0.11699999999999999
6445,0.11699999999999999
6446,0.11699999999999999
6447,0.11699999999999999
6448,0.11699999999999999
6449,0.11699999999999999
6450,0.11699999999999999
6451,0.11699999999999999
6452,0.11699999999999999
6453,0.11699999999999999
6454,0.11699999999999999
6455,0.11699999999999999
6456,0.11699999999999999
6457,0.11699999999999999
6458,0.11699999999999999
6459,0.11699999999999999
6460,0.11699999999999999
6461,0.11699999999999999
6462,0.11699999999999999
6463,0.11699999999999999
6464,0.11699999999999999
6465,0.11699999999999999
6466,0.11699999999999999
6467,0.11699999999999999
6468,0.11699999999999999
6469,0.11699999999999999
6470,0.11699999999999999
6471,0.11699999999999999
6472,0.11699999999999999
6473,0.11699999999999999
6474,0.11699999999999999
6475,0.11699999999999999
6476,0.11699999999999999
6477,0.11699999999999999
6478,0.11699999999999999
6479,0.11699999999999999
6480,0.11699999999999999
6481,0.11699999999999999
6482,0.11699999999999999
6483,0.11699999999999999
6484,0.11699999999999999
6485,0.11699999999999999
6486,0.11699999999999999
6487,0.11699999999999999
6488,0.11699999999999999
6489,0.11699999999999999
6490,0.11699999999999999
6491,0.11699999999999999
6492,0.11699999999999999
6493,0.11699999999999999
6494,0.11699999999999999
6495,0.11699999999999999
6496,0.11699999999999999
6497,0.11699999999999999
6498,0.11699999999999999
6499,0.11699999999999999
6500,0.11699999999999999
6501,0.11699999999999999
6502,0.11699999999999999
6503,0.11699999999999999
6504,0.11699999999999999
6505,0.11699999999999999
6506,0.11699999999999999
6507,0.11699999999999999
6508,0.11699999999999999
6509,0.11699999999999999
6510,0.11699999999999999
6511,0.11699999999999999
6512,0.11699999999999999
6513,0.11699999999999999
6514,0.11699999999999999
6515,0.11699999999999999
6516,0.11699999999999999
6517,0.11699999999999999
6518,0.11699999999999999
6519,0.11699999999999999
6520,0.11699999999999999
6521,0.11699999999999999
6522,0.11699999999999999
6523,0.11699999999999999
6524,0.11699999999999999
6525,0.11699999999999999
6526,0.11699999999999999
6527,0.11699999999999999
6528,0.11699999999999999
6529,0.11699999999999999
6530,0.11699999999999999
6531,0.11699999999999999
6532,0.11699999999999999
6533,0.11699999999999999
6534,0.11699999999999999
6535,0.11699999999999999
6536,0.11699999999999999
6537,0.11699999999999999
6538,0.11699999999999999
6539,0.11699999999999999
6540,0.11699999999999999
6541,0.11699999999999999
6542,0.11699999999999999
6543,0.11699999999999999
6544,0.11699999999999999
6545,0.11699999999999999
6546,0.11699999999999999
6547,0.11699999999999999
6548,0.11699999999999999
6549,0.11699999999999999
6550,0.11699999999999999
6551,0.11699999999999999
6552,0.11699999999999999
6553,0.11699999999999999
6554,0.11699999999999999
6555,0.11699999999999999
6556,0.11699999999999999
6557,0.11699999999999999
6558,0.11699999999999999
6559,0.11699999999999999
6560,0.11699999999999999
6561,0.11699999999999999
6562,0.11699999999999999
6563,0.11699999999999999
6564,0.11699999999999999
6565,0.11699999999999999
6566,0.11699999999999999
6567,0.11699999999999999
6568,0.11699999999999999
6569,0.11699999999999999
6570,0.11699999999999999
6571,0.11699999999999999
6572,0.11699999999999999
6573,0.11699999999999999
6574,0.11699999999999999
6575,0.11699999999999999
6576,0.11699999999999999
6577,0.11699999999999999
6578,0.11699999999999999
6579,0.11699999999999999
6580,0.11699999999999999
6581,0.11699999999999999
6582,0.11699999999999999
6583,0.11699999999999999
6584,0.11699999999999999
6585,0.11699999999999999
6586,0.11699999999999999
6587,0.11699999999999999
6588,0.11699999999999999
6589,0.11699999999999999
6590,0.11699999999999999
6591,0.11699999999999999
6592,0.11699999999999999
6593,0.11699999999999999
6594,0.11699999999999999
6595,0.11699999999999999
6596,0.11699999999999999
6597,0.11699999999999999
6598,0.11699999999999999
6599,0.11699999999999999
6600,0.11699999999999999
6601,0.11699999999999999
6602,0.11699999999999999
6603,0.11699999999999999
6604,0.11699999999999999
6605,0.11699999999999999
6606,0.11699999999999999
6607,0.11699999999999999
6608,0.11699999999999999
6609,0.11699999999999999
6610,0.11699999999999999
6611,0.11699999999999999
6612,0.11699999999999999
6613,0.11699999999999999
6614,0.11699999999999999
6615,0.11699999999999999
6616,0.11699999999999999
6617,0.11699999999999999
6618,0.11699999999999999
6619,0.11699999999999999
6620,0.11699999999999999
6621,0.11699999999999999
6622,0.11699999999999999
6623,0.11699999999999999
6624,0.11699999999999999
6625,0.11699999999999999
6626,0.11699999999999999
6627,0.11699999999999999
6628,0.11699999999999999
6629,0.11699999999999999
6630,0.11699999999999999
6631,0.11699999999999999
6632,0.11699999999999999
6633,0.11699999999999999
6634,0.11699999999999999
6635,0.11699999999999999
6636,0.11699999999999999
6637,0.11699999999999999
6638,0.11699999999999999
6639,0.11699999999999999
6640,0.11699999999999999
6641,0.11699999999999999
6642,0.11699999999999999
6643,0.11699999999999999
6644,0.11699999999999999
6645,0.11699999999999999
6646,0.11699999999999999
6647,0.11699999999999999
6648,0.11699999999999999
6649,0.11699999999999999
6650,0.11699999999999999
6651,0.11699999999999999
6652,0.11699999999999999
6653,0.11699999999999999
6654,0.11699999999999999
6655,0.11699999999999999
6656,0.11699999999999999
6657,0.11699999999999999
6658,0.11699999999999999
6659,0.11699999999999999
6660,0.11699999999999999
6661,0.11699999999999999
6662,0.11699999999999999
6663,0.11699999999999999
6664,0.11699999999999999
6665,0.11699999999999999
6666,0.11699999999999999
6667,0.11699999999999999
6668,0.11699999999999999
6669,0.11699999999999999
6670,0.11699999999999999
6671,0.11699999999999999
6672,0.11699999999999999
6673,0.11699999999999999
6674,0.11699999999999999
6675,0.11699999999999999
6676,0.11699999999999999
6677,0.11699999999999999
6678,0.11699999999999999
6679,0.11699999999999999
6680,0.11699999999999999
6681,0.11699999999999999
6682,0.11699999999999999
6683,0.11699999999999999
6684,0.11699999999999999
6685,0.11699999999999999
6686,0.11699999999999999
6687,0.11699999999999999
6688,0.11699999999999999
6689,0.11699999999999999
6690,0.11699999999999999
6691,0.11699999999999999
6692,0.11699999999999999
6693,0.11699999999999999
6694,0.11699999999999999
6695,0.11699999999999999
6696,0.11699999999999999
6697,0.11699999999999999
6698,0.11699999999999999
6699,0.11699999999999999
6700,0.11699999999999999
6701,0.11699999999999999
6702,0.11699999999999999
6703,0.11699999999999999
6704,0.11699999999999999
6705,0.11699999999999999
6706,0.11699999999999999
6707,0.11699999999999999
6708,0.11699999999999999
6709,0.11699999999999999
6710,0.11699999999999999
6711,0.11699999999999999
6712,0.11699999999999999
6713,0.11699999999999999
6714,0.11699999999999999
6715,0.11699999999999999
6716,0.11699999999999999
6717,0.11699999999999999
6718,0.11699999999999999
6719,0.11699999999999999
6720,0.11699999999999999
6721,0.11699999999999999
6722,0.11699999999999999
6723,0.11699999999999999
6724,0.11699999999999999
6725,0.11699999999999999
6726,0.11699999999999999
6727,0.11699999999999999
6728,0.11699999999999999
6729,0.11699999999999999
6730,0.11699999999999999
6731,0.11699999999999999
6732,0.11699999999999999
6733,0.11699999999999999
6734,0.11699999999999999
6735,0.11699999999999999
6736,0.11699999999999999
6737,0.11699999999999999
6738,0.11699999999999999
6739,0.11699999999999999
6740,0.11699999999999999
6741,0.11699999999999999
6742,0.11699999999999999
6743,0.11699999999999999
6744,0.11699999999999999
6745,0.11699999999999999
6746,0.11699999999999999
6747,0.11699999999999999
6748,0.11699999999999999
6749,0.11699999999999999
6750,0.11699999999999999
6751,0.11699999999999999
6752,0.11699999999999999
6753,0.11699999999999999
6754,0.11699999999999999
6755,0.11699999999999999
6756,0.11699999999999999
6757,0.11699999999999999
6758,0.11699999999999999
6759,0.11699999999999999
6760,0.11699999999999999
6761,0.11699999999999999
6762,0.11699999999999999
6763,0.11699999999999999
6764,0.11699999999999999
6765,0.11699999999999999
6766,0.11699999999999999
6767,0.11699999999999999
6768,0.11699999999999999
6769,0.11699999999999999
6770,0.11699999999999999
6771,0.11699999999999999
6772,0.11699999999999999
6773,0.11699999999999999
6774,0.11699999999999999
6775,0.11699999999999999
6776,0.11699999999999999
6777,0.11699999999999999
6778,0.11699999999999999
6779,0.11699999999999999
6780,0.11699999999999999
6781,0.11699999999999999
6782,0.11699999999999999
6783,0.11699999999999999
6784,0.11699999999999999
6785,0.11699999999999999
6786,0.11699999999999999
6787,0.11699999999999999
6788,0.11699999999999999
6789,0.11699999999999999
6790,0.11699999999999999
6791,0.11699999999999999
6792,0.11699999999999999
6793,0.11699999999999999
6794,0.11699999999999999
6795,0.11699999999999999
6796,0.11699999999999999
6797,0.11699999999999999
6798,0.11699999999999999
6799,0.11699999999999999
6800,0.11699999999999999
6801,0.11699999999999999
6802,0.11699999999999999
6803,0.11699999999999999
6804,0.11699999999999999
6805,0.11699999999999999
6806,0.11699999999999999
6807,0.11699999999999999
6808,0.11699999999999999
6809,0.11699999999999999
6810,0.11699999999999999
6811,0.11699999999999999
6812,0.11699999999999999
6813,0.11699999999999999
6814,0.11699999999999999
6815,0.11699999999999999
6816,0.11699999999999999
6817,0.11699999999999999
6818,0.11699999999999999
6819,0.11699999999999999
6820,0.11699999999999999
6821,0.11699999999999999
6822,0.11699999999999999
6823,0.11699999999999999
6824,0.11699999999999999
6825,0.11699999999999999
6826,0.11699999999999999
6827,0.11699999999999999
6828,0.11699999999999999
6829,0.11699999999999999
6830,0.11699999999999999
6831,0.11699999999999999
6832,0.11699999999999999
6833,0.11699999999999999
6834,0.11699999999999999
6835,0.11699999999999999
6836,0.11699999999999999
6837,0.11699999999999999
6838,0.11699999999999999
6839,0.11699999999999999
6840,0.11699999999999999
6841,0.11699999999999999
6842,0.11699999999999999
6843,0.11699999999999999
6844,0.11699999999999999
6845,0.11699999999999999
6846,0.11699999999999999
6847,0.11699999999999999
6848,0.11699999999999999
6849,0.11699999999999999
6850,0.11699999999999999
6851,0.11699999999999999
6852,0.11699999999999999
6853,0.11699999999999999
6854,0.11699999999999999
6855,0.11699999999999999
6856,0.11699999999999999
6857,0.11699999999999999
6858,0.11699999999999999
6859,0.11699999999999999
6860,0.11699999999999999
6861,0.11699999999999999
6862,0.11699999999999999
6863,0.11699999999999999
6864,0.11699999999999999
6865,0.11699999999999999
6866,0.11699999999999999
6867,0.11699999999999999
6868,0.11699999999999999
6869,0.11699999999999999
6870,0.11699999999999999
6871,0.11699999999999999
6872,0.11699999999999999
6873,0.11699999999999999
6874,0.11699999999999999
6875,0.11699999999999999
6876,0.11699999999999999
6877,0.11699999999999999
6878,0.11699999999999999
6879,0.11699999999999999
6880,0.11699999999999999
6881,0.11699999999999999
6882,0.11699999999999999
6883,0.11699999999999999
6884,0.11699999999999999
6885,0.11699999999999999
6886,0.11699999999999999
6887,0.11699999999999999
6888,0.11699999999999999
6889,0.11699999999999999
6890,0.11699999999999999
6891,0.11699999999999999
6892,0.11699999999999999
6893,0.11699999999999999
6894,0.11699999999999999
6895,0.11699999999999999
6896,0.11699999999999999
6897,0.11699999999999999
6898,0.11699999999999999
6899,0.11699999999999999
6900,0.11699999999999999
6901,0.11699999999999999
6902,0.11699999999999999
6903,0.11699999999999999
6904,0.11699999999999999
6905,0.11699999999999999
6906,0.11699999999999999
6907,0.11699999999999999
6908,0.11699999999999999
6909,0.11699999999999999
6910,0.11699999999999999
6911,0.11699999999999999
6912,0.11699999999999999
6913,0.11699999999999999
6914,0.11699999999999999
6915,0.11699999999999999
6916,0.11699999999999999
6917,0.11699999999999999
6918,0.11699999999999999
6919,0.11699999999999999
6920,0.11699999999999999
6921,0.11699999999999999
6922,0.11699999999999999
6923,0.11699999999999999
6924,0.11699999999999999
6925,0.11699999999999999
6926,0.11699999999999999
6927,0.11699999999999999
6928,0.11699999999999999
6929,0.11699999999999999
6930,0.11699999999999999
6931,0.11699999999999999
6932,0.11699999999999999
6933,0.11699999999999999
6934,0.11699999999999999
6935,0.11699999999999999
6936,0.11699999999999999
6937,0.11699999999999999
6938,0.11699999999999999
6939,0.11699999999999999
6940,0.11699999999999999
6941,0.11699999999999999
6942,0.11699999999999999
6943,0.11699999999999999
6944,0.11699999999999999
6945,0.11699999999999999
6946,0.11699999999999999
6947,0.11699999999999999
6948,0.11699999999999999
6949,0.11699999999999999
6950,0.11699999999999999
6951,0.11699999999999999
6952,0.11699999999999999
6953,0.11699999999999999
6954,0.11699999999999999
6955,0.11699999999999999
6956,0.11699999999999999
6957,0.11699999999999999
6958,0.11699999999999999
6959,0.11699999999999999
6960,0.11699999999999999
6961,0.11699999999999999
6962,0.11699999999999999
6963,0.11699999999999999
6964,0.11699999999999999
6965,0.11699999999999999
6966,0.11699999999999999
6967,0.11699999999999999
6968,0.11699999999999999
6969,0.11699999999999999
6970,0.11699999999999999
6971,0.11699999999999999
6972,0.11699999999999999
6973,0.11699999999999999
6974,0.11699999999999999
6975,0.11699999999999999
6976,0.11699999999999999
6977,0.11699999999999999
6978,0.11699999999999999
6979,0.11699999999999999
6980,0.11699999999999999
6981,0.11699999999999999
6982,0.11699999999999999
6983,0.11699999999999999
6984,0.11699999999999999
6985,0.11699999999999999
6986,0.11699999999999999
6987,0.11699999999999999
6988,0.11699999999999999
6989,0.11699999999999999
6990,0.11699999999999999
6991,0.11699999999999999
6992,0.11699999999999999
6993,0.11699999999999999
6994,0.11699999999999999
6995,0.11699999999999999
6996,0.11699999999999999
6997,0.11699999999999999
6998,0.11699999999999999
6999,0.11699999999999999
7000,0.11699999999999999
7001,0.11699999999999999
7002,0.11699999999999999
7003,0.11699999999999999
7004,0.11699999999999999
7005,0.11699999999999999
7006,0.11699999999999999
7007,0.11699999999999999
7008,0.11699999999999999
7009,0.11699999999999999
7010,0.11699999999999999
7011,0.11699999999999999
7012,0.11699999999999999
7013,0.11699999999999999
7014,0.11699999999999999
7015,0.11699999999999999
7016,0.11699999999999999
7017,0.11699999999999999
7018,0.11699999999999999
7019,0.11699999999999999
7020,0.11699999999999999
7021,0.11699999999999999
7022,0.11699999999999999
7023,0.11699999999999999
7024,0.11699999999999999
7025,0.11699999999999999
7026,0.11699999999999999
7027,0.11699999999999999
7028,0.11699999999999999
7029,0.11699999999999999
7030,0.11699999999999999
7031,0.11699999999999999
7032,0.11699999999999999
7033,0.11699999999999999
7034,0.11699999999999999
7035,0.11699999999999999
7036,0.11699999999999999
7037,0.11699999999999999
7038,0.11699999999999999
7039,0.11699999999999999
7040,0.11699999999999999
7041,0.11699999999999999
7042,0.11699999999999999
7043,0.11699999999999999
7044,0.11699999999999999
7045,0.11699999999999999
7046,0.11699999999999999
7047,0.11699999999999999
7048,0.11699999999999999
7049,0.11699999999999999
7050,0.11699999999999999
7051,0.11699999999999999
7052,0.11699999999999999
7053,0.11699999999999999
7054,0.11699999999999999
7055,0.11699999999999999
7056,0.11699999999999999
7057,0.11699999999999999
7058,0.11699999999999999
7059,0.11699999999999999
7060,0.11699999999999999
7061,0.11699999999999999
7062,0.11699999999999999
7063,0.11699999999999999
7064,0.11699999999999999
7065,0.11699999999999999
7066,0.11699999999999999
7067,0.11699999999999999
7068,0.11699999999999999
7069,0.11699999999999999
7070,0.11699999999999999
7071,0.11699999999999999
7072,0.11699999999999999
7073,0.11699999999999999
7074,0.11699999999999999
7075,0.11699999999999999
7076,0.11699999999999999
7077,0.11699999999999999
7078,0.11699999999999999
7079,0.11699999999999999
7080,0.11699999999999999
7081,0.11699999999999999
7082,0.11699999999999999
7083,0.11699999999999999
7084,0.11699999999999999
7085,0.11699999999999999
7086,0.11699999999999999
7087,0.11699999999999999
7088,0.11699999999999999
7089,0.11699999999999999
7090,0.11699999999999999
7091,0.11699999999999999
7092,0.11699999999999999
7093,0.11699999999999999
7094,0.11699999999999999
7095,0.11699999999999999
7096,0.11699999999999999
7097,0.11699999999999999
7098,0.11699999999999999
7099,0.11699999999999999
7100,0.11699999999999999
7101,0.11699999999999999
7102,0.11699999999999999
7103,0.11699999999999999
7104,0.11699999999999999
7105,0.11699999999999999
7106,0.11699999999999999
7107,0.11699999999999999
7108,0.11699999999999999
7109,0.11699999999999999
7110,0.11699999999999999
7111,0.11699999999999999
7112,0.11699999999999999
7113,0.11699999999999999
7114,0.11699999999999999
7115,0.11699999999999999
7116,0.11699999999999999
7117,0.11699999999999999
7118,0.11699999999999999
7119,0.11699999999999999
7120,0.11699999999999999
7121,0.11699999999999999
7122,0.11699999999999999
7123,0.11699999999999999
7124,0.11699999999999999
7125,0.11699999999999999
7126,0.11699999999999999
7127,0.11699999999999999
7128,0.11699999999999999
7129,0.11699999999999999
7130,0.11699999999999999
7131,0.11699999999999999
7132,0.11699999999999999
7133,0.11699999999999999
7134,0.11699999999999999
7135,0.11699999999999999
7136,0.11699999999999999
7137,0.11699999999999999
7138,0.11699999999999999
7139,0.11699999999999999
7140,0.11699999999999999
7141,0.11699999999999999
7142,0.11699999999999999
7143,0.11699999999999999
7144,0.11699999999999999
7145,0.11699999999999999
7146,0.11699999999999999
7147,0.11699999999999999
7148,0.11699999999999999
7149,0.11699999999999999
7150,0.11699999999999999
7151,0.11699999999999999
7152,0.11699999999999999
7153,0.11699999999999999
7154,0.11699999999999999
7155,0.11699999999999999
7156,0.11699999999999999
7157,0.11699999999999999
7158,0.11699999999999999
7159,0.11699999999999999
7160,0.11699999999999999
7161,0.11699999999999999
7162,0.11699999999999999
7163,0.11699999999999999
7164,0.11699999999999999
7165,0.11699999999999999
7166,0.11699999999999999
7167,0.11699999999999999
7168,0.11699999999999999
7169,0.11699999999999999
7170,0.11699999999999999
7171,0.11699999999999999
7172,0.11699999999999999
7173,0.11699999999999999
7174,0.11699999999999999
7175,0.11699999999999999
7176,0.11699999999999999
7177,0.11699999999999999
7178,0.11699999999999999
7179,0.11699999999999999
7180,0.11699999999999999
7181,0.11699999999999999
7182,0.11699999999999999
7183,0.11699999999999999
7184,0.11699999999999999
7185,0.11699999999999999
7186,0.11699999999999999
7187,0.11699999999999999
7188,0.11699999999999999
7189,0.11699999999999999
7190,0.11699999999999999
7191,0.11699999999999999
7192,0.11699999999999999
7193,0.11699999999999999
7194,0.11699999999999999
7195,0.11699999999999999
7196,0.11699999999999999
7197,0.11699999999999999
7198,0.11699999999999999
7199,0.11699999999999999
7200,0.11699999999999999
7201,0.11699999999999999
7202,0.11699999999999999
7203,0.11699999999999999
7204,0.11699999999999999
7205,0.11699999999999999
7206,0.11699999999999999
7207,0.11699999999999999
7208,0.11699999999999999
7209,0.11699999999999999
7210,0.11699999999999999
7211,0.11699999999999999
7212,0.11699999999999999
7213,0.11699999999999999
7214,0.11699999999999999
7215,0.11699999999999999
7216,0.11699999999999999
7217,0.11699999999999999
7218,0.11699999999999999
7219,0.11699999999999999
7220,0.11699999999999999
7221,0.11699999999999999
7222,0.11699999999999999
7223,0.11699999999999999
7224,0.11699999999999999
7225,0.11699999999999999
7226,0.11699999999999999
7227,0.11699999999999999
7228,0.11699999999999999
7229,0.11699999999999999
7230,0.11699999999999999
7231,0.11699999999999999
7232,0.11699999999999999
7233,0.11699999999999999
7234,0.11699999999999999
7235,0.11699999999999999
7236,0.11699999999999999
7237,0.11699999999999999
7238,0.11699999999999999
7239,0.11699999999999999
7240,0.11699999999999999
7241,0.11699999999999999
7242,0.11699999999999999
7243,0.11699999999999999
7244,0.11699999999999999
7245,0.11699999999999999
7246,0.11699999999999999
7247,0.11699999999999999
7248,0.11699999999999999
7249,0.11699999999999999
7250,0.11699999999999999
7251,0.11699999999999999
7252,0.11699999999999999
7253,0.11699999999999999
7254,0.11699999999999999
7255,0.11699999999999999
7256,0.11699999999999999
7257,0.11699999999999999
7258,0.11699999999999999
7259,0.11699999999999999
7260,0.11699999999999999
7261,0.11699999999999999
7262,0.11699999999999999
7263,0.11699999999999999
7264,0.11699999999999999
7265,0.11699999999999999
7266,0.11699999999999999
7267,0.11699999999999999
7268,0.11699999999999999
7269,0.11699999999999999
7270,0.11699999999999999
7271,0.11699999999999999
7272,0.11699999999999999
7273,0.11699999999999999
7274,0.11699999999999999
7275,0.11699999999999999
7276,0.11699999999999999
7277,0.11699999999999999
7278,0.11699999999999999
7279,0.11699999999999999
7280,0.11699999999999999
7281,0.11699999999999999
7282,0.11699999999999999
7283,0.11699999999999999
7284,0.11699999999999999
7285,0.11699999999999999
7286,0.11699999999999999
7287,0.11699999999999999
7288,0.11699999999999999
7289,0.11699999999999999
7290,0.11699999999999999
7291,0.11699999999999999
7292,0.11699999999999999
7293,0.11699999999999999
7294,0.11699999999999999
7295,0.11699999999999999
7296,0.11699999999999999
7297,0.11699999999999999
7298,0.11699999999999999
7299,0.11699999999999999
7300,0.11699999999999999
7301,0.11699999999999999
7302,0.11699999999999999
7303,0.11699999999999999
7304,0.11699999999999999
7305,0.11699999999999999
7306,0.11699999999999999
7307,0.11699999999999999
7308,0.11699999999999999
7309,0.11699999999999999
7310,0.11699999999999999
7311,0.11699999999999999
7312,0.11699999999999999
7313,0.11699999999999999
7314,0.11699999999999999
7315,0.11699999999999999
7316,0.11699999999999999
7317,0.11699999999999999
7318,0.11699999999999999
7319,0.11699999999999999
7320,0.11699999999999999
7321,0.11699999999999999
7322,0.11699999999999999
7323,0.11699999999999999
7324,0.11699999999999999
7325,0.11699999999999999
7326,0.11699999999999999
7327,0.11699999999999999
7328,0.11699999999999999
7329,0.11699999999999999
7330,0.11699999999999999
7331,0.11699999999999999
7332,0.11699999999999999
7333,0.11699999999999999
7334,0.11699999999999999
7335,0.11699999999999999
7336,0.11699999999999999
7337,0.11699999999999999
7338,0.11699999999999999
7339,0.11699999999999999
7340,0.11699999999999999
7341,0.11699999999999999
7342,0.11699999999999999
7343,0.11699999999999999
7344,0.11699999999999999
7345,0.11699999999999999
7346,0.11699999999999999
7347,0.11699999999999999
7348,0.11699999999999999
7349,0.11699999999999999
7350,0.11699999999999999
7351,0.11699999999999999
7352,0.11699999999999999
7353,0.11699999999999999
7354,0.11699999999999999
7355,0.11699999999999999
7356,0.11699999999999999
7357,0.11699999999999999
7358,0.11699999999999999
7359,0.11699999999999999
7360,0.11699999999999999
7361,0.11699999999999999
7362,0.11699999999999999
7363,0.11699999999999999
7364,0.11699999999999999
7365,0.11699999999999999
7366,0.11699999999999999
7367,0.11699999999999999
7368,0.11699999999999999
7369,0.11699999999999999
7370,0.11699999999999999
7371,0.11699999999999999
7372,0.11699999999999999
7373,0.11699999999999999
7374,0.11699999999999999
7375,0.11699999999999999
7376,0.11699999999999999
7377,0.11699999999999999
7378,0.11699999999999999
7379,0.11699999999999999
7380,0.11699999999999999
7381,0.11699999999999999
7382,0.11699999999999999
7383,0.11699999999999999
7384,0.11699999999999999
7385,0.11699999999999999
7386,0.11699999999999999
7387,0.11699999999999999
7388,0.11699999999999999
7389,0.11699999999999999
7390,0.11699999999999999
7391,0.11699999999999999
7392,0.11699999999999999
7393,0.11699999999999999
7394,0.11699999999999999
7395,0.11699999999999999
7396,0.11699999999999999
7397,0.11699999999999999
7398,0.11699999999999999
7399,0.11699999999999999
7400,0.11699999999999999
7401,0.11699999999999999
7402,0.11699999999999999
7403,0.11699999999999999
7404,0.11699999999999999
7405,0.11699999999999999
7406,0.11699999999999999
7407,0.11699999999999999
7408,0.11699999999999999
7409,0.11699999999999999
7410,0.11699999999999999
7411,0.11699999999999999
7412,0.11699999999999999
7413,0.11699999999999999
7414,0.11699999999999999
7415,0.11699999999999999
7416,0.11699999999999999
7417,0.11699999999999999
7418,0.11699999999999999
7419,0.11699999999999999
7420,0.11699999999999999
7421,0.11699999999999999
7422,0.11699999999999999
7423,0.11699999999999999
7424,0.11699999999999999
7425,0.11699999999999999
7426,0.11699999999999999
7427,0.11699999999999999
7428,0.11699999999999999
7429,0.11699999999999999
7430,0.11699999999999999
7431,0.11699999999999999
7432,0.11699999999999999
7433,0.11699999999999999
7434,0.11699999999999999
7435,0.11699999999999999
7436,0.11699999999999999
7437,0.11699999999999999
7438,0.11699999999999999
7439,0.11699999999999999
7440,0.11699999999999999
7441,0.11699999999999999
7442,0.11699999999999999
7443,0.11699999999999999
7444,0.11699999999999999
7445,0.11699999999999999
7446,0.11699999999999999
7447,0.11699999999999999
7448,0.11699999999999999
7449,0.11699999999999999
7450,0.11699999999999999
7451,0.11699999999999999
7452,0.11699999999999999
7453,0.11699999999999999
7454,0.11699999999999999
7455,0.11699999999999999
7456,0.11699999999999999
7457,0.11699999999999999
7458,0.11699999999999999
7459,0.11699999999999999
7460,0.11699999999999999
7461,0.11699999999999999
7462,0.11699999999999999
7463,0.11699999999999999
7464,0.11699999999999999
7465,0.11699999999999999
7466,0.11699999999999999
7467,0.11699999999999999
7468,0.11699999999999999
7469,0.11699999999999999
7470,0.11699999999999999
7471,0.11699999999999999
7472,0.11699999999999999
7473,0.11699999999999999
7474,0.11699999999999999
7475,0.11699999999999999
7476,0.11699999999999999
7477,0.11699999999999999
7478,0.11699999999999999
7479,0.11699999999999999
7480,0.11699999999999999
7481,0.11699999999999999
7482,0.11699999999999999
7483,0.11699999999999999
7484,0.11699999999999999
7485,0.11699999999999999
7486,0.11699999999999999
7487,0.11699999999999999
7488,0.11699999999999999
7489,0.11699999999999999
7490,0.11699999999999999
7491,0.11699999999999999
7492,0.11699999999999999
7493,0.11699999999999999
7494,0.11699999999999999
7495,0.11699999999999999
7496,0.11699999999999999
7497,0.11699999999999999
7498,0.11699999999999999
7499,0.11699999999999999
7500,0.11699999999999999
7501,0.11699999999999999
7502,0.11699999999999999
7503,0.11699999999999999
7504,0.11699999999999999
7505,0.11699999999999999
7506,0.11699999999999999
7507,0.11699999999999999
7508,0.11699999999999999
7509,0.11699999999999999
7510,0.11699999999999999
7511,0.11699999999999999
7512,0.11699999999999999
7513,0.11699999999999999
7514,0.11699999999999999
7515,0.11699999999999999
7516,0.11699999999999999
7517,0.11699999999999999
7518,0.11699999999999999
7519,0.11699999999999999
7520,0.11699999999999999
7521,0.11699999999999999
7522,0.11699999999999999
7523,0.11699999999999999
7524,0.11699999999999999
7525,0.11699999999999999
7526,0.11699999999999999
7527,0.11699999999999999
7528,0.11699999999999999
7529,0.11699999999999999
7530,0.11699999999999999
7531,0.11699999999999999
7532,0.11699999999999999
7533,0.11699999999999999
7534,0.11699999999999999
7535,0.11699999999999999
7536,0.11699999999999999
7537,0.11699999999999999
7538,0.11699999999999999
7539,0.11699999999999999
7540,0.11699999999999999
7541,0.11699999999999999
7542,0.11699999999999999
7543,0.11699999999999999
7544,0.11699999999999999
7545,0.11699999999999999
7546,0.11699999999999999
7547,0.11699999999999999
7548,0.11699999999999999
7549,0.11699999999999999
7550,0.11699999999999999
7551,0.11699999999999999
7552,0.11699999999999999
7553,0.11699999999999999
7554,0.11699999999999999
7555,0.11699999999999999
7556,0.11699999999999999
7557,0.11699999999999999
7558,0.11699999999999999
7559,0.11699999999999999
7560,0.11699999999999999
7561,0.11699999999999999
7562,0.11699999999999999
7563,0.11699999999999999
7564,0.11699999999999999
7565,0.11699999999999999
7566,0.11699999999999999
7567,0.11699999999999999
7568,0.11699999999999999
7569,0.11699999999999999
7570,0.11699999999999999
7571,0.11699999999999999
7572,0.11699999999999999
7573,0.11699999999999999
7574,0.11699999999999999
7575,0.11699999999999999
7576,0.11699999999999999
7577,0.11699999999999999
7578,0.11699999999999999
7579,0.11699999999999999
7580,0.11699999999999999
7581,0.11699999999999999
7582,0.11699999999999999
7583,0.11699999999999999
7584,0.11699999999999999
7585,0.11699999999999999
7586,0.11699999999999999
7587,0.11699999999999999
7588,0.11699999999999999
7589,0.11699999999999999
7590,0.11699999999999999
7591,0.11699999999999999
7592,0.11699999999999999
7593,0.11699999999999999
7594,0.11699999999999999
7595,0.11699999999999999
7596,0.11699999999999999
7597,0.11699999999999999
7598,0.11699999999999999
7599,0.11699999999999999
7600,0.11699999999999999
7601,0.11699999999999999
7602,0.11699999999999999
7603,0.11699999999999999
7604,0.11699999999999999
7605,0.11699999999999999
7606,0.11699999999999999
7607,0.11699999999999999
7608,0.11699999999999999
7609,0.11699999999999999
7610,0.11699999999999999
7611,0.11699999999999999
7612,0.11699999999999999
7613,0.11699999999999999
7614,0.11699999999999999
7615,0.11699999999999999
7616,0.11699999999999999
7617,0.11699999999999999
7618,0.11699999999999999
7619,0.11699999999999999
7620,0.11699999999999999
7621,0.11699999999999999
7622,0.11699999999999999
7623,0.11699999999999999
7624,0.11699999999999999
7625,0.11699999999999999
7626,0.11699999999999999
7627,0.11699999999999999
7628,0.11699999999999999
7629,0.11699999999999999
7630,0.11699999999999999
7631,0.11699999999999999
7632,0.11699999999999999
7633,0.11699999999999999
7634,0.11699999999999999
7635,0.11699999999999999
7636,0.11699999999999999
7637,0.11699999999999999
7638,0.11699999999999999
7639,0.11699999999999999
7640,0.11699999999999999
7641,0.11699999999999999
7642,0.11699999999999999
7643,0.11699999999999999
7644,0.11699999999999999
7645,0.11699999999999999
7646,0.11699999999999999
7647,0.11699999999999999
7648,0.11699999999999999
7649,0.11699999999999999
7650,0.11699999999999999
7651,0.11699999999999999
7652,0.11699999999999999
7653,0.11699999999999999
7654,0.11699999999999999
7655,0.11699999999999999
7656,0.11699999999999999
7657,0.11699999999999999
7658,0.11699999999999999
7659,0.11699999999999999
7660,0.11699999999999999
7661,0.11699999999999999
7662,0.11699999999999999
7663,0.11699999999999999
7664,0.11699999999999999
7665,0.11699999999999999
7666,0.11699999999999999
7667,0.11699999999999999
7668,0.11699999999999999
7669,0.11699999999999999
7670,0.11699999999999999
7671,0.11699999999999999
7672,0.11699999999999999
7673,0.11699999999999999
7674,0.11699999999999999
7675,0.11699999999999999
7676,0.11699999999999999
7677,0.11699999999999999
7678,0.11699999999999999
7679,0.11699999999999999
7680,0.11699999999999999
7681,0.11699999999999999
7682,0.11699999999999999
7683,0.11699999999999999
7684,0.11699999999999999
7685,0.11699999999999999
7686,0.11699999999999999
7687,0.11699999999999999
7688,0.11699999999999999
7689,0.11699999999999999
7690,0.11699999999999999
7691,0.11699999999999999
7692,0.11699999999999999
7693,0.11699999999999999
7694,0.11699999999999999
7695,0.11699999999999999
7696,0.11699999999999999
7697,0.11699999999999999
7698,0.11699999999999999
7699,0.11699999999999999
7700,0.11699999999999999
7701,0.11699999999999999
7702,0.11699999999999999
7703,0.11699999999999999
7704,0.11699999999999999
7705,0.11699999999999999
7706,0.11699999999999999
7707,0.11699999999999999
7708,0.11699999999999999
7709,0.11699999999999999
7710,0.11699999999999999
7711,0.11699999999999999
7712,0.11699999999999999
7713,0.11699999999999999
7714,0.11699999999999999
7715,0.11699999999999999
7716,0.11699999999999999
7717,0.11699999999999999
7718,0.11699999999999999
7719,0.11699999999999999
7720,0.11699999999999999
7721,0.11699999999999999
7722,0.11699999999999999
7723,0.11699999999999999
7724,0.11699999999999999
7725,0.11699999999999999
7726,0.11699999999999999
7727,0.11699999999999999
7728,0.11699999999999999
7729,0.11699999999999999
7730,0.11699999999999999
7731,0.11699999999999999
7732,0.11699999999999999
7733,0.11699999999999999
7734,0.11699999999999999
7735,0.11699999999999999
7736,0.11699999999999999
7737,0.11699999999999999
7738,0.11699999999999999
7739,0.11699999999999999
7740,0.11699999999999999
7741,0.11699999999999999
7742,0.11699999999999999
7743,0.11699999999999999
7744,0.11699999999999999
7745,0.11699999999999999
7746,0.11699999999999999
7747,0.11699999999999999
7748,0.11699999999999999
7749,0.11699999999999999
7750,0.11699999999999999
7751,0.11699999999999999
7752,0.11699999999999999
7753,0.11699999999999999
7754,0.11699999999999999
7755,0.11699999999999999
7756,0.11699999999999999
7757,0.11699999999999999
7758,0.11699999999999999
7759,0.11699999999999999
7760,0.11699999999999999
7761,0.11699999999999999
7762,0.11699999999999999
7763,0.11699999999999999
7764,0.11699999999999999
7765,0.11699999999999999
7766,0.11699999999999999
7767,0.11699999999999999
7768,0.11699999999999999
7769,0.11699999999999999
7770,0.11699999999999999
7771,0.11699999999999999
7772,0.11699999999999999
7773,0.11699999999999999
7774,0.11699999999999999
7775,0.11699999999999999
7776,0.11699999999999999
7777,0.11699999999999999
7778,0.11699999999999999
7779,0.11699999999999999
7780,0.11699999999999999
7781,0.11699999999999999
7782,0.11699999999999999
7783,0.11699999999999999
7784,0.11699999999999999
7785,0.11699999999999999
7786,0.11699999999999999
7787,0.11699999999999999
7788,0.11699999999999999
7789,0.11699999999999999
7790,0.11699999999999999
7791,0.11699999999999999
7792,0.11699999999999999
7793,0.11699999999999999
7794,0.11699999999999999
7795,0.11699999999999999
7796,0.11699999999999999
7797,0.11699999999999999
7798,0.11699999999999999
7799,0.11699999999999999
7800,0.11699999999999999
7801,0.11699999999999999
7802,0.11699999999999999
7803,0.11699999999999999
7804,0.11699999999999999
7805,0.11699999999999999
7806,0.11699999999999999
7807,0.11699999999999999
7808,0.11699999999999999
7809,0.11699999999999999
7810,0.11699999999999999
7811,0.11699999999999999
7812,0.11699999999999999
7813,0.11699999999999999
7814,0.11699999999999999
7815,0.11699999999999999
7816,0.11699999999999999
7817,0.11699999999999999
7818,0.11699999999999999
7819,0.11699999999999999
7820,0.11699999999999999
7821,0.11699999999999999
7822,0.11699999999999999
7823,0.11699999999999999
7824,0.11699999999999999
7825,0.11699999999999999
7826,0.11699999999999999
7827,0.11699999999999999
7828,0.11699999999999999
7829,0.11699999999999999
7830,0.11699999999999999
7831,0.11699999999999999
7832,0.11699999999999999
7833,0.11699999999999999
7834,0.11699999999999999
7835,0.11699999999999999
7836,0.11699999999999999
7837,0.11699999999999999
7838,0.11699999999999999
7839,0.11699999999999999
7840,0.11699999999999999
7841,0.11699999999999999
7842,0.11699999999999999
7843,0.11699999999999999
7844,0.11699999999999999
7845,0.11699999999999999
7846,0.11699999999999999
7847,0.11699999999999999
7848,0.11699999999999999
7849,0.11699999999999999
7850,0.11699999999999999
7851,0.11699999999999999
7852,0.11699999999999999
7853,0.11699999999999999
7854,0.11699999999999999
7855,0.11699999999999999
7856,0.11699999999999999
7857,0.11699999999999999
7858,0.11699999999999999
7859,0.11699999999999999
7860,0.11699999999999999
7861,0.11699999999999999
7862,0.11699999999999999
7863,0.11699999999999999
7864,0.11699999999999999
7865,0.11699999999999999
7866,0.11699999999999999
7867,0.11699999999999999
7868,0.11699999999999999
7869,0.11699999999999999
7870,0.11699999999999999
7871,0.11699999999999999
7872,0.11699999999999999
7873,0.11699999999999999
7874,0.11699999999999999
7875,0.11699999999999999
7876,0.11699999999999999
7877,0.11699999999999999
7878,0.11699999999999999
7879,0.11699999999999999
7880,0.11699999999999999
7881,0.11699999999999999
7882,0.11699999999999999
7883,0.11699999999999999
7884,0.11699999999999999
7885,0.11699999999999999
7886,0.11699999999999999
7887,0.11699999999999999
7888,0.11699999999999999
7889,0.11699999999999999
7890,0.11699999999999999
7891,0.11699999999999999
7892,0.11699999999999999
7893,0.11699999999999999
7894,0.11699999999999999
7895,0.11699999999999999
7896,0.11699999999999999
7897,0.11699999999999999
7898,0.11699999999999999
7899,0.11699999999999999
7900,0.11699999999999999
7901,0.11699999999999999
7902,0.11699999999999999
7903,0.11699999999999999
7904,0.11699999999999999
7905,0.11699999999999999
7906,0.11699999999999999
7907,0.11699999999999999
7908,0.11699999999999999
7909,0.11699999999999999
7910,0.11699999999999999
7911,0.11699999999999999
7912,0.11699999999999999
7913,0.11699999999999999
7914,0.11699999999999999
7915,0.11699999999999999
7916,0.11699999999999999
7917,0.11699999999999999
7918,0.11699999999999999
7919,0.11699999999999999
7920,0.11699999999999999
7921,0.11699999999999999
7922,0.11699999999999999
7923,0.11699999999999999
7924,0.11699999999999999
7925,0.11699999999999999
7926,0.11699999999999999
7927,0.11699999999999999
7928,0.11699999999999999
7929,0.11699999999999999
7930,0.11699999999999999
7931,0.11699999999999999
7932,0.11699999999999999
7933,0.11699999999999999
7934,0.11699999999999999
7935,0.11699999999999999
7936,0.11699999999999999
7937,0.11699999999999999
7938,0.11699999999999999
7939,0.11699999999999999
7940,0.11699999999999999
7941,0.11699999999999999
7942,0.11699999999999999
7943,0.11699999999999999
7944,0.11699999999999999
7945,0.11699999999999999
7946,0.11699999999999999
7947,0.11699999999999999
7948,0.11699999999999999
7949,0.11699999999999999
7950,0.11699999999999999
7951,0.11699999999999999
7952,0.11699999999999999
7953,0.11699999999999999
7954,0.11699999999999999
7955,0.11699999999999999
7956,0.11699999999999999
7957,0.11699999999999999
7958,0.11699999999999999
7959,0.11699999999999999
7960,0.11699999999999999
7961,0.11699999999999999
7962,0.11699999999999999
7963,0.11699999999999999
7964,0.11699999999999999
7965,0.11699999999999999
7966,0.11699999999999999
7967,0.11699999999999999
7968,0.11699999999999999
7969,0.11699999999999999
7970,0.11699999999999999
7971,0.11699999999999999
7972,0.11699999999999999
7973,0.11699999999999999
7974,0.11699999999999999
7975,0.11699999999999999
7976,0.11699999999999999
7977,0.11699999999999999
7978,0.11699999999999999
7979,0.11699999999999999
7980,0.11699999999999999
7981,0.11699999999999999
7982,0.11699999999999999
7983,0.11699999999999999
7984,0.11699999999999999
7985,0.11699999999999999
7986,0.11699999999999999
7987,0.11699999999999999
7988,0.11699999999999999
7989,0.11699999999999999
7990,0.11699999999999999
7991,0.11699999999999999
7992,0.11699999999999999
7993,0.11699999999999999
7994,0.11699999999999999
7995,0.11699999999999999
7996,0.11699999999999999
7997,0.11699999999999999
7998,0.11699999999999999
7999,0.11699999999999999
8000,0.11699999999999999
8001,0.11699999999999999
8002,0.11699999999999999
8003,0.11699999999999999
8004,0.11699999999999999
8005,0.11699999999999999
8006,0.11699999999999999
8007,0.11699999999999999
8008,0.11699999999999999
8009,0.11699999999999999
8010,0.11699999999999999
8011,0.11699999999999999
8012,0.11699999999999999
8013,0.11699999999999999
8014,0.11699999999999999
8015,0.11699999999999999
8016,0.11699999999999999
8017,0.11699999999999999
8018,0.11699999999999999
8019,0.11699999999999999
8020,0.11699999999999999
8021,0.11699999999999999
8022,0.11699999999999999
8023,0.11699999999999999
8024,0.11699999999999999
8025,0.11699999999999999
8026,0.11699999999999999
8027,0.11699999999999999
8028,0.11699999999999999
8029,0.11699999999999999
8030,0.11699999999999999
8031,0.11699999999999999
8032,0.11699999999999999
8033,0.11699999999999999
8034,0.11699999999999999
8035,0.11699999999999999
8036,0.11699999999999999
8037,0.11699999999999999
8038,0.11699999999999999
8039,0.11699999999999999
8040,0.11699999999999999
8041,0.11699999999999999
8042,0.11699999999999999
8043,0.11699999999999999
8044,0.11699999999999999
8045,0.11699999999999999
8046,0.11699999999999999
8047,0.11699999999999999
8048,0.11699999999999999
8049,0.11699999999999999
8050,0.11699999999999999
8051,0.11699999999999999
8052,0.11699999999999999
8053,0.11699999999999999
8054,0.11699999999999999
8055,0.11699999999999999
8056,0.11699999999999999
8057,0.11699999999999999
8058,0.11699999999999999
8059,0.11699999999999999
8060,0.11699999999999999
8061,0.11699999999999999
8062,0.11699999999999999
8063,0.11699999999999999
8064,0.11699999999999999
8065,0.11699999999999999
8066,0.11699999999999999
8067,0.11699999999999999
8068,0.11699999999999999
8069,0.11699999999999999
8070,0.11699999999999999
8071,0.11699999999999999
8072,0.11699999999999999
8073,0.11699999999999999
8074,0.11699999999999999
8075,0.11699999999999999
8076,0.11699999999999999
8077,0.11699999999999999
8078,0.11699999999999999
8079,0.11699999999999999
8080,0.11699999999999999
8081,0.11699999999999999
8082,0.11699999999999999
8083,0.11699999999999999
8084,0.11699999999999999
8085,0.11699999999999999
8086,0.11699999999999999
8087,0.11699999999999999
8088,0.11699999999999999
8089,0.11699999999999999
8090,0.11699999999999999
8091,0.11699999999999999
8092,0.11699999999999999
8093,0.11699999999999999
8094,0.11699999999999999
8095,0.11699999999999999
8096,0.11699999999999999
8097,0.11699999999999999
8098,0.11699999999999999
8099,0.11699999999999999
8100,0.11699999999999999
8101,0.11699999999999999
8102,0.11699999999999999
8103,0.11699999999999999
8104,0.11699999999999999
8105,0.11699999999999999
8106,0.11699999999999999
8107,0.11699999999999999
8108,0.11699999999999999
8109,0.11699999999999999
8110,0.11699999999999999
8111,0.11699999999999999
8112,0.11699999999999999
8113,0.11699999999999999
8114,0.11699999999999999
8115,0.11699999999999999
8116,0.11699999999999999
8117,0.11699999999999999
8118,0.11699999999999999
8119,0.11699999999999999
8120,0.11699999999999999
8121,0.11699999999999999
8122,0.11699999999999999
8123,0.11699999999999999
8124,0.11699999999999999
8125,0.11699999999999999
8126,0.11699999999999999
8127,0.11699999999999999
8128,0.11699999999999999
8129,0.11699999999999999
8130,0.11699999999999999
8131,0.11699999999999999
8132,0.11699999999999999
8133,0.11699999999999999
8134,0.11699999999999999
8135,0.11699999999999999
8136,0.11699999999999999
8137,0.11699999999999999
8138,0.11699999999999999
8139,0.11699999999999999
8140,0.11699999999999999
8141,0.11699999999999999
8142,0.11699999999999999
8143,0.11699999999999999
8144,0.11699999999999999
8145,0.11699999999999999
8146,0.11699999999999999
8147,0.11699999999999999
8148,0.11699999999999999
8149,0.11699999999999999
8150,0.11699999999999999
8151,0.11699999999999999
8152,0.11699999999999999
8153,0.11699999999999999
8154,0.11699999999999999
8155,0.11699999999999999
8156,0.11699999999999999
8157,0.11699999999999999
8158,0.11699999999999999
8159,0.11699999999999999
8160,0.11699999999999999
8161,0.11699999999999999
8162,0.11699999999999999
8163,0.11699999999999999
8164,0.11699999999999999
8165,0.11699999999999999
8166,0.11699999999999999
8167,0.11699999999999999
8168,0.11699999999999999
8169,0.11699999999999999
8170,0.11699999999999999
8171,0.11699999999999999
8172,0.11699999999999999
8173,0.11699999999999999
8174,0.11699999999999999
8175,0.11699999999999999
8176,0.11699999999999999
8177,0.11699999999999999
8178,0.11699999999999999
8179,0.11699999999999999
8180,0.11699999999999999
8181,0.11699999999999999
8182,0.11699999999999999
8183,0.11699999999999999
8184,0.11699999999999999
8185,0.11699999999999999
8186,0.11699999999999999
8187,0.11699999999999999
8188,0.11699999999999999
8189,0.11699999999999999
8190,0.11699999999999999
8191,0.11699999999999999
8192,0.11699999999999999
8193,0.11699999999999999
8194,0.11699999999999999
8195,0.11699999999999999
8196,0.11699999999999999
8197,0.11699999999999999
8198,0.11699999999999999
8199,0.11699999999999999
8200,0.11699999999999999
8201,0.11699999999999999
8202,0.11699999999999999
8203,0.11699999999999999
8204,0.11699999999999999
8205,0.11699999999999999
8206,0.11699999999999999
8207,0.11699999999999999
8208,0.11699999999999999
8209,0.11699999999999999
8210,0.11699999999999999
8211,0.11699999999999999
8212,0.11699999999999999
8213,0.11699999999999999
8214,0.11699999999999999
8215,0.11699999999999999
8216,0.11699999999999999
8217,0.11699999999999999
8218,0.11699999999999999
8219,0.11699999999999999
8220,0.11699999999999999
8221,0.11699999999999999
8222,0.11699999999999999
8223,0.11699999999999999
8224,0.11699999999999999
8225,0.11699999999999999
8226,0.11699999999999999
8227,0.11699999999999999
8228,0.11699999999999999
8229,0.11699999999999999
8230,0.11699999999999999
8231,0.11699999999999999
8232,0.11699999999999999
8233,0.11699999999999999
8234,0.11699999999999999
8235,0.11699999999999999
8236,0.11699999999999999
8237,0.11699999999999999
8238,0.11699999999999999
8239,0.11699999999999999
8240,0.11699999999999999
8241,0.11699999999999999
8242,0.11699999999999999
8243,0.11699999999999999
8244,0.11699999999999999
8245,0.11699999999999999
8246,0.11699999999999999
8247,0.11699999999999999
8248,0.11699999999999999
8249,0.11699999999999999
8250,0.11699999999999999
8251,0.11699999999999999
8252,0.11699999999999999
8253,0.11699999999999999
8254,0.11699999999999999
8255,0.11699999999999999
8256,0.11699999999999999
8257,0.11699999999999999
8258,0.11699999999999999
8259,0.11699999999999999
8260,0.11699999999999999
8261,0.11699999999999999
8262,0.11699999999999999
8263,0.11699999999999999
8264,0.11699999999999999
8265,0.11699999999999999
8266,0.11699999999999999
8267,0.11699999999999999
8268,0.11699999999999999
8269,0.11699999999999999
8270,0.11699999999999999
8271,0.11699999999999999
8272,0.11699999999999999
8273,0.11699999999999999
8274,0.11699999999999999
8275,0.11699999999999999
8276,0.11699999999999999
8277,0.11699999999999999
8278,0.11699999999999999
8279,0.11699999999999999
8280,0.11699999999999999
8281,0.11699999999999999
8282,0.11699999999999999
8283,0.11699999999999999
8284,0.11699999999999999
8285,0.11699999999999999
8286,0.11699999999999999
8287,0.11699999999999999
8288,0.11699999999999999
8289,0.11699999999999999
8290,0.11699999999999999
8291,0.11699999999999999
8292,0.11699999999999999
8293,0.11699999999999999
8294,0.11699999999999999
8295,0.11699999999999999
8296,0.11699999999999999
8297,0.11699999999999999
8298,0.11699999999999999
8299,0.11699999999999999
8300,0.11699999999999999
8301,0.11699999999999999
8302,0.11699999999999999
8303,0.11699999999999999
8304,0.11699999999999999
8305,0.11699999999999999
8306,0.11699999999999999
8307,0.11699999999999999
8308,0.11699999999999999
8309,0.11699999999999999
8310,0.11699999999999999
8311,0.11699999999999999
8312,0.11699999999999999
8313,0.11699999999999999
8314,0.11699999999999999
8315,0.11699999999999999
8316,0.11699999999999999
8317,0.11699999999999999
8318,0.11699999999999999
8319,0.11699999999999999
8320,0.11699999999999999
8321,0.11699999999999999
8322,0.11699999999999999
8323,0.11699999999999999
8324,0.11699999999999999
8325,0.11699999999999999
8326,0.11699999999999999
8327,0.11699999999999999
8328,0.11699999999999999
8329,0.11699999999999999
8330,0.11699999999999999
8331,0.11699999999999999
8332,0.11699999999999999
8333,0.11699999999999999
8334,0.11699999999999999
8335,0.11699999999999999
8336,0.11699999999999999
8337,0.11699999999999999
8338,0.11699999999999999
8339,0.11699999999999999
8340,0.11699999999999999
8341,0.11699999999999999
8342,0.11699999999999999
8343,0.11699999999999999
8344,0.11699999999999999
8345,0.11699999999999999
8346,0.11699999999999999
8347,0.11699999999999999
8348,0.11699999999999999
8349,0.11699999999999999
8350,0.11699999999999999
8351,0.11699999999999999
8352,0.11699999999999999
8353,0.11699999999999999
8354,0.11699999999999999
8355,0.11699999999999999
8356,0.11699999999999999
8357,0.11699999999999999
8358,0.11699999999999999
8359,0.11699999999999999
8360,0.11699999999999999
8361,0.11699999999999999
8362,0.11699999999999999
8363,0.11699999999999999
8364,0.11699999999999999
8365,0.11699999999999999
8366,0.11699999999999999
8367,0.11699999999999999
8368,0.11699999999999999
8369,0.11699999999999999
8370,0.11699999999999999
8371,0.11699999999999999
8372,0.11699999999999999
8373,0.11699999999999999
8374,0.11699999999999999
8375,0.11699999999999999
8376,0.11699999999999999
8377,0.11699999999999999
8378,0.11699999999999999
8379,0.11699999999999999
8380,0.11699999999999999
8381,0.11699999999999999
8382,0.11699999999999999
8383,0.11699999999999999
8384,0.11699999999999999
8385,0.11699999999999999
8386,0.11699999999999999
8387,0.11699999999999999
8388,0.11699999999999999
8389,0.11699999999999999
8390,0.11699999999999999
8391,0.11699999999999999
8392,0.11699999999999999
8393,0.11699999999999999
8394,0.11699999999999999
8395,0.11699999999999999
8396,0.11699999999999999
8397,0.11699999999999999
8398,0.11699999999999999
8399,0.11699999999999999
8400,0.11699999999999999
8401,0.11699999999999999
8402,0.11699999999999999
8403,0.11699999999999999
8404,0.11699999999999999
8405,0.11699999999999999
8406,0.11699999999999999
8407,0.11699999999999999
8408,0.11699999999999999
8409,0.11699999999999999
8410,0.11699999999999999
8411,0.11699999999999999
8412,0.11699999999999999
8413,0.11699999999999999
8414,0.11699999999999999
8415,0.11699999999999999
8416,0.11699999999999999
8417,0.11699999999999999
8418,0.11699999999999999
8419,0.11699999999999999
8420,0.11699999999999999
8421,0.11699999999999999
8422,0.11699999999999999
8423,0.11699999999999999
8424,0.11699999999999999
8425,0.11699999999999999
8426,0.11699999999999999
8427,0.11699999999999999
8428,0.11699999999999999
8429,0.11699999999999999
8430,0.11699999999999999
8431,0.11699999999999999
8432,0.11699999999999999
8433,0.11699999999999999
8434,0.11699999999999999
8435,0.11699999999999999
8436,0.11699999999999999
8437,0.11699999999999999
8438,0.11699999999999999
8439,0.11699999999999999
8440,0.11699999999999999
8441,0.11699999999999999
8442,0.11699999999999999
8443,0.11699999999999999
8444,0.11699999999999999
8445,0.11699999999999999
8446,0.11699999999999999
8447,0.11699999999999999
8448,0.11699999999999999
8449,0.11699999999999999
8450,0.11699999999999999
8451,0.11699999999999999
8452,0.11699999999999999
8453,0.11699999999999999
8454,0.11699999999999999
8455,0.11699999999999999
8456,0.11699999999999999
8457,0.11699999999999999
8458,0.11699999999999999
8459,0.11699999999999999
8460,0.11699999999999999
8461,0.11699999999999999
8462,0.11699999999999999
8463,0.11699999999999999
8464,0.11699999999999999
8465,0.11699999999999999
8466,0.11699999999999999
8467,0.11699999999999999
8468,0.11699999999999999
8469,0.11699999999999999
8470,0.11699999999999999
8471,0.11699999999999999
8472,0.11699999999999999
8473,0.11699999999999999
8474,0.11699999999999999
8475,0.11699999999999999
8476,0.11699999999999999
8477,0.11699999999999999
8478,0.11699999999999999
8479,0.11699999999999999
8480,0.11699999999999999
8481,0.11699999999999999
8482,0.11699999999999999
8483,0.11699999999999999
8484,0.11699999999999999
8485,0.11699999999999999
8486,0.11699999999999999
8487,0.11699999999999999
8488,0.11699999999999999
8489,0.11699999999999999
8490,0.11699999999999999
8491,0.11699999999999999
8492,0.11699999999999999
8493,0.11699999999999999
8494,0.11699999999999999
8495,0.11699999999999999
8496,0.11699999999999999
8497,0.11699999999999999
8498,0.11699999999999999
8499,0.11699999999999999
8500,0.11699999999999999
8501,0.11699999999999999
8502,0.11699999999999999
8503,0.11699999999999999
8504,0.11699999999999999
8505,0.11699999999999999
8506,0.11699999999999999
8507,0.11699999999999999
8508,0.11699999999999999
8509,0.11699999999999999
8510,0.11699999999999999
8511,0.11699999999999999
8512,0.11699999999999999
8513,0.11699999999999999
8514,0.11699999999999999
8515,0.11699999999999999
8516,0.11699999999999999
8517,0.11699999999999999
8518,0.11699999999999999
8519,0.11699999999999999
8520,0.11699999999999999
8521,0.11699999999999999
8522,0.11699999999999999
8523,0.11699999999999999
8524,0.11699999999999999
8525,0.11699999999999999
8526,0.11699999999999999
8527,0.11699999999999999
8528,0.11699999999999999
8529,0.11699999999999999
8530,0.11699999999999999
8531,0.11699999999999999
8532,0.11699999999999999
8533,0.11699999999999999
8534,0.11699999999999999
8535,0.11699999999999999
8536,0.11699999999999999
8537,0.11699999999999999
8538,0.11699999999999999
8539,0.11699999999999999
8540,0.11699999999999999
8541,0.11699999999999999
8542,0.11699999999999999
8543,0.11699999999999999
8544,0.11699999999999999
8545,0.11699999999999999
8546,0.11699999999999999
8547,0.11699999999999999
8548,0.11699999999999999
8549,0.11699999999999999
8550,0.11699999999999999
8551,0.11699999999999999
8552,0.11699999999999999
8553,0.11699999999999999
8554,0.11699999999999999
8555,0.11699999999999999
8556,0.11699999999999999
8557,0.11699999999999999
8558,0.11699999999999999
8559,0.11699999999999999
8560,0.11699999999999999
8561,0.11699999999999999
8562,0.11699999999999999
8563,0.11699999999999999
8564,0.11699999999999999
8565,0.11699999999999999
8566,0.11699999999999999
8567,0.11699999999999999
8568,0.11699999999999999
8569,0.11699999999999999
8570,0.11699999999999999
8571,0.11699999999999999
8572,0.11699999999999999
8573,0.11699999999999999
8574,0.11699999999999999
8575,0.11699999999999999
8576,0.11699999999999999
8577,0.11699999999999999
8578,0.11699999999999999
8579,0.11699999999999999
8580,0.11699999999999999
8581,0.11699999999999999
8582,0.11699999999999999
8583,0.11699999999999999
8584,0.11699999999999999
8585,0.11699999999999999
8586,0.11699999999999999
8587,0.11699999999999999
8588,0.11699999999999999
8589,0.11699999999999999
8590,0.11699999999999999
8591,0.11699999999999999
8592,0.11699999999999999
8593,0.11699999999999999
8594,0.11699999999999999
8595,0.11699999999999999
8596,0.11699999999999999
8597,0.11699999999999999
8598,0.11699999999999999
8599,0.11699999999999999
8600,0.11699999999999999
8601,0.11699999999999999
8602,0.11699999999999999
8603,0.11699999999999999
8604,0.11699999999999999
8605,0.11699999999999999
8606,0.11699999999999999
8607,0.11699999999999999
8608,0.11699999999999999
8609,0.11699999999999999
8610,0.11699999999999999
8611,0.11699999999999999
8612,0.11699999999999999
8613,0.11699999999999999
8614,0.11699999999999999
8615,0.11699999999999999
8616,0.11699999999999999
8617,0.11699999999999999
8618,0.11699999999999999
8619,0.11699999999999999
8620,0.11699999999999999
8621,0.11699999999999999
8622,0.11699999999999999
8623,0.11699999999999999
8624,0.11699999999999999
8625,0.11699999999999999
8626,0.11699999999999999
8627,0.11699999999999999
8628,0.11699999999999999
8629,0.11699999999999999
8630,0.11699999999999999
8631,0.11699999999999999
8632,0.11699999999999999
8633,0.11699999999999999
8634,0.11699999999999999
8635,0.11699999999999999
8636,0.11699999999999999
8637,0.11699999999999999
8638,0.11699999999999999
8639,0.11699999999999999
8640,0.11699999999999999
8641,0.11699999999999999
8642,0.11699999999999999
8643,0.11699999999999999
8644,0.11699999999999999
8645,0.11699999999999999
8646,0.11699999999999999
8647,0.11699999999999999
8648,0.11699999999999999
8649,0.11699999999999999
8650,0.11699999999999999
8651,0.11699999999999999
8652,0.11699999999999999
8653,0.11699999999999999
8654,0.11699999999999999
8655,0.11699999999999999
8656,0.11699999999999999
8657,0.11699999999999999
8658,0.11699999999999999
8659,0.11699999999999999
8660,0.11699999999999999
8661,0.11699999999999999
8662,0.11699999999999999
8663,0.11699999999999999
8664,0.11699999999999999
8665,0.11699999999999999
8666,0.11699999999999999
8667,0.11699999999999999
8668,0.11699999999999999
8669,0.11699999999999999
8670,0.11699999999999999
8671,0.11699999999999999
8672,0.11699999999999999
8673,0.11699999999999999
8674,0.11699999999999999
8675,0.11699999999999999
8676,0.11699999999999999
8677,0.11699999999999999
8678,0.11699999999999999
8679,0.11699999999999999
8680,0.11699999999999999
8681,0.11699999999999999
8682,0.11699999999999999
8683,0.11699999999999999
8684,0.11699999999999999
8685,0.11699999999999999
8686,0.11699999999999999
8687,0.11699999999999999
8688,0.11699999999999999
8689,0.11699999999999999
8690,0.11699999999999999
8691,0.11699999999999999
8692,0.11699999999999999
8693,0.11699999999999999
8694,0.11699999999999999
8695,0.11699999999999999
8696,0.11699999999999999
8697,0.11699999999999999
8698,0.11699999999999999
8699,0.11699999999999999
8700,0.11699999999999999
8701,0.11699999999999999
8702,0.11699999999999999
8703,0.11699999999999999
8704,0.11699999999999999
8705,0.11699999999999999
8706,0.11699999999999999
8707,0.11699999999999999
8708,0.11699999999999999
8709,0.11699999999999999
8710,0.11699999999999999
8711,0.11699999999999999
8712,0.11699999999999999
8713,0.11699999999999999
8714,0.11699999999999999
8715,0.11699999999999999
8716,0.11699999999999999
8717,0.11699999999999999
8718,0.11699999999999999
8719,0.11699999999999999
8720,0.11699999999999999
8721,0.11699999999999999
8722,0.11699999999999999
8723,0.11699999999999999
8724,0.11699999999999999
8725,0.11699999999999999
8726,0.11699999999999999
8727,0.11699999999999999
8728,0.11699999999999999
8729,0.11699999999999999
8730,0.11699999999999999
8731,0.11699999999999999
8732,0.11699999999999999
8733,0.11699999999999999
8734,0.11699999999999999
8735,0.11699999999999999
8736,0.11699999999999999
8737,0.11699999999999999
8738,0.11699999999999999
8739,0.11699999999999999
8740,0.11699999999999999
8741,0.11699999999999999
8742,0.11699999999999999
8743,0.11699999999999999
8744,0.11699999999999999
8745,0.11699999999999999
8746,0.11699999999999999
8747,0.11699999999999999
8748,0.11699999999999999
8749,0.11699999999999999
8750,0.11699999999999999
8751,0.11699999999999999
8752,0.11699999999999999
8753,0.11699999999999999
8754,0.11699999999999999
8755,0.11699999999999999
8756,0.11699999999999999
8757,0.11699999999999999
8758,0.11699999999999999
8759,0.11699999999999999
8760,0.11699999999999999
8761,0.11699999999999999
8762,0.11699999999999999
8763,0.11699999999999999
8764,0.11699999999999999
8765,0.11699999999999999
8766,0.11699999999999999
8767,0.11699999999999999
8768,0.11699999999999999
8769,0.11699999999999999
8770,0.11699999999999999
8771,0.11699999999999999
8772,0.11699999999999999
8773,0.11699999999999999
8774,0.11699999999999999
8775,0.11699999999999999
8776,0.11699999999999999
8777,0.11699999999999999
8778,0.11699999999999999
8779,0.11699999999999999
8780,0.11699999999999999
8781,0.11699999999999999
8782,0.11699999999999999
8783,0.11699999999999999
8784,0.11699999999999999
8785,0.11699999999999999
8786,0.11699999999999999
8787,0.11699999999999999
8788,0.11699999999999999
8789,0.11699999999999999
8790,0.11699999999999999
8791,0.11699999999999999
8792,0.11699999999999999
8793,0.11699999999999999
8794,0.11699999999999999
8795,0.11699999999999999
8796,0.11699999999999999
8797,0.11699999999999999
8798,0.11699999999999999
8799,0.11699999999999999
8800,0.11699999999999999
8801,0.11699999999999999
8802,0.11699999999999999
8803,0.11699999999999999
8804,0.11699999999999999
8805,0.11699999999999999
8806,0.11699999999999999
8807,0.11699999999999999
8808,0.11699999999999999
8809,0.11699999999999999
8810,0.11699999999999999
8811,0.11699999999999999
8812,0.11699999999999999
8813,0.11699999999999999
8814,0.11699999999999999
8815,0.11699999999999999
8816,0.11699999999999999
8817,0.11699999999999999
8818,0.11699999999999999
8819,0.11699999999999999
8820,0.11699999999999999
8821,0.11699999999999999
8822,0.11699999999999999
8823,0.11699999999999999
8824,0.11699999999999999
8825,0.11699999999999999
8826,0.11699999999999999
8827,0.11699999999999999
8828,0.11699999999999999
8829,0.11699999999999999
8830,0.11699999999999999
8831,0.11699999999999999
8832,0.11699999999999999
8833,0.11699999999999999
8834,0.11699999999999999
8835,0.11699999999999999
8836,0.11699999999999999
8837,0.11699999999999999
8838,0.11699999999999999
8839,0.11699999999999999
8840,0.11699999999999999
8841,0.11699999999999999
8842,0.11699999999999999
8843,0.11699999999999999
8844,0.11699999999999999
8845,0.11699999999999999
8846,0.11699999999999999
8847,0.11699999999999999
8848,0.11699999999999999
8849,0.11699999999999999
8850,0.11699999999999999
8851,0.11699999999999999
8852,0.11699999999999999
8853,0.11699999999999999
8854,0.11699999999999999
8855,0.11699999999999999
8856,0.11699999999999999
8857,0.11699999999999999
8858,0.11699999999999999
8859,0.11699999999999999
8860,0.11699999999999999
8861,0.11699999999999999
8862,0.11699999999999999
8863,0.11699999999999999
8864,0.11699999999999999
8865,0.11699999999999999
8866,0.11699999999999999
8867,0.11699999999999999
8868,0.11699999999999999
8869,0.11699999999999999
8870,0.11699999999999999
8871,0.11699999999999999
8872,0.11699999999999999
8873,0.11699999999999999
8874,0.11699999999999999
8875,0.11699999999999999
8876,0.11699999999999999
8877,0.11699999999999999
8878,0.11699999999999999
8879,0.11699999999999999
8880,0.11699999999999999
8881,0.11699999999999999
8882,0.11699999999999999
8883,0.11699999999999999
8884,0.11699999999999999
8885,0.11699999999999999
8886,0.11699999999999999
8887,0.11699999999999999
8888,0.11699999999999999
8889,0.11699999999999999
8890,0.11699999999999999
8891,0.11699999999999999
8892,0.11699999999999999
8893,0.11699999999999999
8894,0.11699999999999999
8895,0.11699999999999999
8896,0.11699999999999999
8897,0.11699999999999999
8898,0.11699999999999999
8899,0.11699999999999999
8900,0.11699999999999999
8901,0.11699999999999999
8902,0.11699999999999999
8903,0.11699999999999999
8904,0.11699999999999999
8905,0.11699999999999999
8906,0.11699999999999999
8907,0.11699999999999999
8908,0.11699999999999999
8909,0.11699999999999999
8910,0.11699999999999999
8911,0.11699999999999999
8912,0.11699999999999999
8913,0.11699999999999999
8914,0.11699999999999999
8915,0.11699999999999999
8916,0.11699999999999999
8917,0.11699999999999999
8918,0.11699999999999999
8919,0.11699999999999999
8920,0.11699999999999999
8921,0.11699999999999999
8922,0.11699999999999999
8923,0.11699999999999999
8924,0.11699999999999999
8925,0.11699999999999999
8926,0.11699999999999999
8927,0.11699999999999999
8928,0.11699999999999999
8929,0.11699999999999999
8930,0.11699999999999999
8931,0.11699999999999999
8932,0.11699999999999999
8933,0.11699999999999999
8934,0.11699999999999999
8935,0.11699999999999999
8936,0.11699999999999999
8937,0.11699999999999999
8938,0.11699999999999999
8939,0.11699999999999999
8940,0.11699999999999999
8941,0.11699999999999999
8942,0.11699999999999999
8943,0.11699999999999999
8944,0.11699999999999999
8945,0.11699999999999999
8946,0.11699999999999999
8947,0.11699999999999999
8948,0.11699999999999999
8949,0.11699999999999999
8950,0.11699999999999999
8951,0.11699999999999999
8952,0.11699999999999999
8953,0.11699999999999999
8954,0.11699999999999999
8955,0.11699999999999999
8956,0.11699999999999999
8957,0.11699999999999999
8958,0.11699999999999999
8959,0.11699999999999999
8960,0.11699999999999999
8961,0.11699999999999999
8962,0.11699999999999999
8963,0.11699999999999999
8964,0.11699999999999999
8965,0.11699999999999999
8966,0.11699999999999999
8967,0.11699999999999999
8968,0.11699999999999999
8969,0.11699999999999999
8970,0.11699999999999999
8971,0.11699999999999999
8972,0.11699999999999999
8973,0.11699999999999999
8974,0.11699999999999999
8975,0.11699999999999999
8976,0.11699999999999999
8977,0.11699999999999999
8978,0.11699999999999999
8979,0.11699999999999999
8980,0.11699999999999999
8981,0.11699999999999999
8982,0.11699999999999999
8983,0.11699999999999999
8984,0.11699999999999999
8985,0.11699999999999999
8986,0.11699999999999999
8987,0.11699999999999999
8988,0.11699999999999999
8989,0.11699999999999999
8990,0.11699999999999999
8991,0.11699999999999999
8992,0.11699999999999999
8993,0.11699999999999999
8994,0.11699999999999999
8995,0.11699999999999999
8996,0.11699999999999999
8997,0.11699999999999999
8998,0.11699999999999999
8999,0.11699999999999999
9000,0.11699999999999999
9001,0.11699999999999999
9002,0.11699999999999999
9003,0.11699999999999999
9004,0.11699999999999999
9005,0.11699999999999999
9006,0.11699999999999999
9007,0.11699999999999999
9008,0.11699999999999999
9009,0.11699999999999999
9010,0.11699999999999999
9011,0.11699999999999999
9012,0.11699999999999999
9013,0.11699999999999999
9014,0.11699999999999999
9015,0.11699999999999999
9016,0.11699999999999999
9017,0.11699999999999999
9018,0.11699999999999999
9019,0.11699999999999999
9020,0.11699999999999999
9021,0.11699999999999999
9022,0.11699999999999999
9023,0.11699999999999999
9024,0.11699999999999999
9025,0.11699999999999999
9026,0.11699999999999999
9027,0.11699999999999999
9028,0.11699999999999999
9029,0.11699999999999999
9030,0.11699999999999999
9031,0.11699999999999999
9032,0.11699999999999999
9033,0.11699999999999999
9034,0.11699999999999999
9035,0.11699999999999999
9036,0.11699999999999999
9037,0.11699999999999999
9038,0.11699999999999999
9039,0.11699999999999999
9040,0.11699999999999999
9041,0.11699999999999999
9042,0.11699999999999999
9043,0.11699999999999999
9044,0.11699999999999999
9045,0.11699999999999999
9046,0.11699999999999999
9047,0.11699999999999999
9048,0.11699999999999999
9049,0.11699999999999999
9050,0.11699999999999999
9051,0.11699999999999999
9052,0.11699999999999999
9053,0.11699999999999999
9054,0.11699999999999999
9055,0.11699999999999999
9056,0.11699999999999999
9057,0.11699999999999999
9058,0.11699999999999999
9059,0.11699999999999999
9060,0.11699999999999999
9061,0.11699999999999999
9062,0.11699999999999999
9063,0.11699999999999999
9064,0.11699999999999999
9065,0.11699999999999999
9066,0.11699999999999999
9067,0.11699999999999999
9068,0.11699999999999999
9069,0.11699999999999999
9070,0.11699999999999999
9071,0.11699999999999999
9072,0.11699999999999999
9073,0.11699999999999999
9074,0.11699999999999999
9075,0.11699999999999999
9076,0.11699999999999999
9077,0.11699999999999999
9078,0.11699999999999999
9079,0.11699999999999999
9080,0.11699999999999999
9081,0.11699999999999999
9082,0.11699999999999999
9083,0.11699999999999999
9084,0.11699999999999999
9085,0.11699999999999999
9086,0.11699999999999999
9087,0.11699999999999999
9088,0.11699999999999999
9089,0.11699999999999999
9090,0.11699999999999999
9091,0.11699999999999999
9092,0.11699999999999999
9093,0.11699999999999999
9094,0.11699999999999999
9095,0.11699999999999999
9096,0.11699999999999999
9097,0.11699999999999999
9098,0.11699999999999999
9099,0.11699999999999999
9100,0.11699999999999999
9101,0.11699999999999999
9102,0.11699999999999999
9103,0.11699999999999999
9104,0.11699999999999999
9105,0.11699999999999999
9106,0.11699999999999999
9107,0.11699999999999999
9108,0.11699999999999999
9109,0.11699999999999999
9110,0.11699999999999999
9111,0.11699999999999999
9112,0.11699999999999999
9113,0.11699999999999999
9114,0.11699999999999999
9115,0.11699999999999999
9116,0.11699999999999999
9117,0.11699999999999999
9118,0.11699999999999999
9119,0.11699999999999999
9120,0.11699999999999999
9121,0.11699999999999999
9122,0.11699999999999999
9123,0.11699999999999999
9124,0.11699999999999999
9125,0.11699999999999999
9126,0.11699999999999999
9127,0.11699999999999999
9128,0.11699999999999999
9129,0.11699999999999999
9130,0.11699999999999999
9131,0.11699999999999999
9132,0.11699999999999999
9133,0.11699999999999999
9134,0.11699999999999999
9135,0.11699999999999999
9136,0.11699999999999999
9137,0.11699999999999999
9138,0.11699999999999999
9139,0.11699999999999999
9140,0.11699999999999999
9141,0.11699999999999999
9142,0.11699999999999999
9143,0.11699999999999999
9144,0.11699999999999999
9145,0.11699999999999999
9146,0.11699999999999999
9147,0.11699999999999999
9148,0.11699999999999999
9149,0.11699999999999999
9150,0.11699999999999999
9151,0.11699999999999999
9152,0.11699999999999999
9153,0.11699999999999999
9154,0.11699999999999999
9155,0.11699999999999999
9156,0.11699999999999999
9157,0.11699999999999999
9158,0.11699999999999999
9159,0.11699999999999999
9160,0.11699999999999999
9161,0.11699999999999999
9162,0.11699999999999999
9163,0.11699999999999999
9164,0.11699999999999999
9165,0.11699999999999999
9166,0.11699999999999999
9167,0.11699999999999999
9168,0.11699999999999999
9169,0.11699999999999999
9170,0.11699999999999999
9171,0.11699999999999999
9172,0.11699999999999999
9173,0.11699999999999999
9174,0.11699999999999999
9175,0.11699999999999999
9176,0.11699999999999999
9177,0.11699999999999999
9178,0.11699999999999999
9179,0.11699999999999999
9180,0.11699999999999999
9181,0.11699999999999999
9182,0.11699999999999999
9183,0.11699999999999999
9184,0.11699999999999999
9185,0.11699999999999999
9186,0.11699999999999999
9187,0.11699999999999999
9188,0.11699999999999999
9189,0.11699999999999999
9190,0.11699999999999999
9191,0.11699999999999999
9192,0.11699999999999999
9193,0.11699999999999999
9194,0.11699999999999999
9195,0.11699999999999999
9196,0.11699999999999999
9197,0.11699999999999999
9198,0.11699999999999999
9199,0.11699999999999999
9200,0.11699999999999999
9201,0.11699999999999999
9202,0.11699999999999999
9203,0.11699999999999999
9204,0.11699999999999999
9205,0.11699999999999999
9206,0.11699999999999999
9207,0.11699999999999999
9208,0.11699999999999999
9209,0.11699999999999999
9210,0.11699999999999999
9211,0.11699999999999999
9212,0.11699999999999999
9213,0.11699999999999999
9214,0.11699999999999999
9215,0.11699999999999999
9216,0.11699999999999999
9217,0.11699999999999999
9218,0.11699999999999999
9219,0.11699999999999999
9220,0.11699999999999999
9221,0.11699999999999999
9222,0.11699999999999999
9223,0.11699999999999999
9224,0.11699999999999999
9225,0.11699999999999999
9226,0.11699999999999999
9227,0.11699999999999999
9228,0.11699999999999999
9229,0.11699999999999999
9230,0.11699999999999999
9231,0.11699999999999999
9232,0.11699999999999999
9233,0.11699999999999999
9234,0.11699999999999999
9235,0.11699999999999999
9236,0.11699999999999999
9237,0.11699999999999999
9238,0.11699999999999999
9239,0.11699999999999999
9240,0.11699999999999999
9241,0.11699999999999999
9242,0.11699999999999999
9243,0.11699999999999999
9244,0.11699999999999999
9245,0.11699999999999999
9246,0.11699999999999999
9247,0.11699999999999999
9248,0.11699999999999999
9249,0.11699999999999999
9250,0.11699999999999999
9251,0.11699999999999999
9252,0.11699999999999999
9253,0.11699999999999999
9254,0.11699999999999999
9255,0.11699999999999999
9256,0.11699999999999999
9257,0.11699999999999999
9258,0.11699999999999999
9259,0.11699999999999999
9260,0.11699999999999999
9261,0.11699999999999999
9262,0.11699999999999999
9263,0.11699999999999999
9264,0.11699999999999999
9265,0.11699999999999999
9266,0.11699999999999999
9267,0.11699999999999999
9268,0.11699999999999999
9269,0.11699999999999999
9270,0.11699999999999999
9271,0.11699999999999999
9272,0.11699999999999999
9273,0.11699999999999999
9274,0.11699999999999999
9275,0.11699999999999999
9276,0.11699999999999999
9277,0.11699999999999999
9278,0.11699999999999999
9279,0.11699999999999999
9280,0.11699999999999999
9281,0.11699999999999999
9282,0.11699999999999999
9283,0.11699999999999999
9284,0.11699999999999999
9285,0.11699999999999999
9286,0.11699999999999999
9287,0.11699999999999999
9288,0.11699999999999999
9289,0.11699999999999999
9290,0.11699999999999999
9291,0.11699999999999999
9292,0.11699999999999999
9293,0.11699999999999999
9294,0.11699999999999999
9295,0.11699999999999999
9296,0.11699999999999999
9297,0.11699999999999999
9298,0.11699999999999999
9299,0.11699999999999999
9300,0.11699999999999999
9301,0.11699999999999999
9302,0.11699999999999999
9303,0.11699999999999999
9304,0.11699999999999999
9305,0.11699999999999999
9306,0.11699999999999999
9307,0.11699999999999999
9308,0.11699999999999999
9309,0.11699999999999999
9310,0.11699999999999999
9311,0.11699999999999999
9312,0.11699999999999999
9313,0.11699999999999999
9314,0.11699999999999999
9315,0.11699999999999999
9316,0.11699999999999999
9317,0.11699999999999999
9318,0.11699999999999999
9319,0.11699999999999999
9320,0.11699999999999999
9321,0.11699999999999999
9322,0.11699999999999999
9323,0.11699999999999999
9324,0.11699999999999999
9325,0.11699999999999999
9326,0.11699999999999999
9327,0.11699999999999999
9328,0.11699999999999999
9329,0.11699999999999999
9330,0.11699999999999999
9331,0.11699999999999999
9332,0.11699999999999999
9333,0.11699999999999999
9334,0.111
9335,0.11086842105263157
9336,0.11073684210526316
9337,0.11060526315789473
9338,0.11047368421052632
9339,0.1103421052631579
9340,0.11021052631578948
9341,0.11007894736842105
9342,0.10994736842105263
9343,0.10981578947368421
9344,0.10968421052631579
9345,0.10955263157894737
9346,0.10942105263157895
9347,0.10928947368421052
9348,0.1091578947368421
9349,0.10902631578947368
9350,0.10889473684210527
9351,0.10876315789473684
9352,0.10863157894736843
9353,0.1085
9354,0.10836842105263157
9355,0.10823684210526316
9356,0.10810526315789473
9357,0.10797368421052632
9358,0.10784210526315789
9359,0.10771052631578948
9360,0.10757894736842105
9361,0.10744736842105262
9362,0.10731578947368421
9363,0.10718421052631578
9364,0.10705263157894737
9365,0.10692105263157894
9366,0.10678947368421052
9367,0.1066578947368421
9368,0.10652631578947368
9369,0.10639473684210526
9370,0.10626315789473684
9371,0.10613157894736842
9372,0.106
9373,0.106
9374,0.106
9375,0.106
9376,0.106
9377,0.106
9378,0.106
9379,0.106
9380,0.106
9381,0.106
9382,0.106
9383,0.106
9384,0.106
9385,0.106
9386,0.106
9387,0.106
9388,0.106
9389,0.106
9390,0.106
9391,0.106
9392,0.106
9393,0.106
9394,0.106
9395,0.106
9396,0.106
9397,0.106
9398,0.106
9399,0.106
9400,0.106
9401,0.106
9402,0.106
9403,0.106
9404,0.106
9405,0.106
9406,0.106
9407,0.106
9408,0.106
9409,0.106
9410,0.106
9411,0.106
9412,0.106
9413,0.106
9414,0.106
9415,0.106
9416,0.106
9417,0.106
9418,0.106
9419,0.106
9420,0.106
9421,0.106
9422,0.106
9423,0.106
9424,0.106
9425,0.106
9426,0.106
9427,0.106
9428,0.106
9429,0.106
9430,0.106
9431,0.106
9432,0.106
9433,0.106
9434,0.106
9435,0.106
9436,0.106
9437,0.106
9438,0.106
9439,0.106
9440,0.106
9441,0.106
9442,0.106
9443,0.106
9444,0.106
9445,0.106
9446,0.106
9447,0.106
9448,0.106
9449,0.106
9450,0.106
9451,0.106
9452,0.106
9453,0.106
9454,0.106
9455,0.106
9456,0.106
9457,0.106
9458,0.106
9459,0.106
9460,0.106
9461,0.106
9462,0.106
9463,0.106
9464,0.106
9465,0.106
9466,0.106
9467,0.106
9468,0.106
9469,0.106
9470,0.106
9471,0.106
9472,0.106
9473,0.106
9474,0.106
9475,0.106
9476,0.106
9477,0.106
9478,0.106
9479,0.106
9480,0.106
9481,0.106
9482,0.106
9483,0.106
9484,0.106
9485,0.106
9486,0.106
9487,0.106
9488,0.106
9489,0.106
9490,0.106
9491,0.106
9492,0.106
9493,0.106
9494,0.106
9495,0.106
9496,0.106
9497,0.106
9498,0.106
9499,0.106
9500,0.106
9501,0.106
9502,0.106
9503,0.106
9504,0.106
9505,0.106
9506,0.106
9507,0.106
9508,0.106
9509,0.106
9510,0.106
9511,0.106
9512,0.106
9513,0.106
9514,0.106
9515,0.106
9516,0.106
9517,0.106
9518,0.106
9519,0.106
9520,0.106
9521,0.106
9522,0.106
9523,0.106
9524,0.106
9525,0.106
9526,0.106
9527,0.106
9528,0.106
9529,0.106
9530,0.106
9531,0.106
9532,0.106
9533,0.106
9534,0.106
9535,0.106
9536,0.106
9537,0.106
9538,0.106
9539,0.106
9540,0.106
9541,0.106
9542,0.106
9543,0.106
9544,0.106
9545,0.106
9546,0.106
9547,0.106
9548,0.106
9549,0.106
9550,0.106
9551,0.106
9552,0.106
9553,0.106
9554,0.106
9555,0.106
9556,0.106
9557,0.106
9558,0.106
9559,0.106
9560,0.106
9561,0.106
9562,0.106
9563,0.106
9564,0.106
9565,0.106
9566,0.106
9567,0.106
9568,0.106
9569,0.106
9570,0.106
9571,0.106
9572,0.106
9573,0.106
9574,0.106
9575,0.106
9576,0.106
9577,0.106
9578,0.106
9579,0.106
9580,0.106
9581,0.106
9582,0.106
9583,0.106
9584,0.106
9585,0.106
9586,0.106
9587,0.106
9588,0.106
9589,0.106
9590,0.106
9591,0.106
9592,0.106
9593,0.106
9594,0.106
9595,0.106
9596,0.106
9597,0.106
9598,0.106
9599,0.106
9600,0.106
9601,0.106
9602,0.106
9603,0.106
9604,0.106
9605,0.106
9606,0.106
9607,0.106
9608,0.106
9609,0.106
9610,0.106
9611,0.106
9612,0.106
9613,0.106
9614,0.106
9615,0.106
9616,0.106
9617,0.106
9618,0.106
9619,0.106
9620,0.106
9621,0.106
9622,0.106
9623,0.106
9624,0.106
9625,0.106
9626,0.106
9627,0.106
9628,0.106
9629,0.106
9630,0.106
9631,0.106
9632,0.106
9633,0.106
9634,0.106
9635,0.106
9636,0.106
9637,0.106
9638,0.106
9639,0.106
9640,0.106
9641,0.106
9642,0.106
9643,0.106
9644,0.106
9645,0.106
9646,0.106
9647,0.106
9648,0.106
9649,0.106
9650,0.106
9651,0.106
9652,0.106
9653,0.106
9654,0.106
9655,0.106
9656,0.106
9657,0.106
9658,0.106
9659,0.106
9660,0.106
9661,0.106
9662,0.106
9663,0.106
9664,0.106
9665,0.106
9666,0.106
9667,0.106
9668,0.106
9669,0.106
9670,0.106
9671,0.106
9672,0.106
9673,0.106
9674,0.106
9675,0.106
9676,0.106
9677,0.106
9678,0.106
9679,0.106
9680,0.106
9681,0.106
9682,0.106
9683,0.106
9684,0.106
9685,0.106
9686,0.106
9687,0.106
9688,0.106
9689,0.106
9690,0.106
9691,0.106
9692,0.106
9693,0.106
9694,0.106
9695,0.106
9696,0.106
9697,0.106
9698,0.106
9699,0.106
9700,0.106
9701,0.106
9702,0.106
9703,0.106
9704,0.106
9705,0.106
9706,0.106
9707,0.106
9708,0.106
9709,0.106
9710,0.106
9711,0.106
9712,0.106
9713,0.106
9714,0.106
9715,0.106
9716,0.106
9717,0.106
9718,0.106
9719,0.106
9720,0.106
9721,0.106
9722,0.106
9723,0.106
9724,0.106
9725,0.106
9726,0.106
9727,0.106
9728,0.106
9729,0.106
9730,0.106
9731,0.106
9732,0.106
9733,0.106
9734,0.106
9735,0.106
9736,0.106
9737,0.106
9738,0.106
9739,0.106
9740,0.106
9741,0.106
9742,0.106
9743,0.106
9744,0.106
9745,0.106
9746,0.106
9747,0.106
9748,0.106
9749,0.106
9750,0.106
9751,0.106
9752,0.106
9753,0.106
9754,0.106
9755,0.106
9756,0.106
9757,0.106
9758,0.106
9759,0.106
9760,0.106
9761,0.106
9762,0.106
9763,0.106
9764,0.106
9765,0.106
9766,0.106
9767,0.106
9768,0.106
9769,0.106
9770,0.106
9771,0.106
9772,0.106
9773,0.106
9774,0.106
9775,0.106
9776,0.106
9777,0.106
9778,0.106
9779,0.106
9780,0.106
9781,0.106
9782,0.106
9783,0.106
9784,0.106
9785,0.106
9786,0.106
9787,0.106
9788,0.106
9789,0.106
9790,0.106
9791,0.106
9792,0.106
9793,0.106
9794,0.106
9795,0.106
9796,0.106
9797,0.106
9798,0.106
9799,0.106
9800,0.106
9801,0.106
9802,0.106
9803,0.106
9804,0.106
9805,0.106
9806,0.106
9807,0.106
9808,0.106
9809,0.106
9810,0.106
9811,0.106
9812,0.106
9813,0.106
9814,0.106
9815,0.106
9816,0.106
9817,0.106
9818,0.106
9819,0.106
9820,0.106
9821,0.106
9822,0.106
9823,0.106
9824,0.106
9825,0.106
9826,0.106
9827,0.106
9828,0.106
9829,0.106
9830,0.106
9831,0.106
9832,0.106
9833,0.106
9834,0.106
9835,0.106
9836,0.106
9837,0.106
9838,0.106
9839,0.106
9840,0.106
9841,0.106
9842,0.106
9843,0.106
9844,0.106
9845,0.106
9846,0.106
9847,0.106
9848,0.106
9849,0.106
9850,0.106
9851,0.106
9852,0.106
9853,0.106
9854,0.106
9855,0.106
9856,0.106
9857,0.106
9858,0.106
9859,0.106
9860,0.106
9861,0.106
9862,0.106
9863,0.106
9864,0.106
9865,0.106
9866,0.106
9867,0.106
9868,0.106
9869,0.106
9870,0.106
9871,0.106
9872,0.106
9873,0.106
9874,0.106
9875,0.106
9876,0.106
9877,0.106
9878,0.106
9879,0.106
9880,0.106
9881,0.106
9882,0.106
9883,0.106
9884,0.106
9885,0.106
9886,0.106
9887,0.106
9888,0.106
9889,0.106
9890,0.106
9891,0.106
9892,0.106
9893,0.106
9894,0.106
9895,0.106
9896,0.106
9897,0.106
9898,0.106
9899,0.106
9900,0.106
9901,0.106
9902,0.106
9903,0.106
9904,0.106
9905,0.106
9906,0.106
9907,0.106
9908,0.106
9909,0.106
9910,0.106
9911,0.106
9912,0.106
9913,0.106
9914,0.106
9915,0.106
9916,0.106
9917,0.106
9918,0.106
9919,0.106
9920,0.106
9921,0.106
9922,0.106
9923,0.106
9924,0.106
9925,0.106
9926,0.106
9927,0.106
9928,0.106
9929,0.106
9930,0.106
9931,0.106
9932,0.106
9933,0.106
9934,0.106
9935,0.106
9936,0.106
9937,0.106
9938,0.106
9939,0.106
9940,0.106
9941,0.106
9942,0.106
9943,0.106
9944,0.106
9945,0.106
9946,0.106
9947,0.106
9948,0.106
9949,0.106
9950,0.106
9951,0.106
9952,0.106
9953,0.106
9954,0.106
9955,0.106
9956,0.106
9957,0.106
9958,0.106
9959,0.106
9960,0.106
9961,0.106
9962,0.106
9963,0.106
9964,0.106
9965,0.106
9966,0.106
9967,0.106
9968,0.106
9969,0.106
9970,0.106
9971,0.106
9972,0.106
9973,0.106
9974,0.106
9975,0.106
9976,0.106
9977,0.106
9978,0.106
9979,0.106
9980,0.106
9981,0.106
9982,0.106
9983,0.106
9984,0.106
9985,0.106
9986,0.106
9987,0.106
9988,0.106
9989,0.106
9990,0.106
9991,0.106
9992,0.106
9993,0.106
9994,0.106
9995,0.106
9996,0.106
9997,0.106
9998,0.106
9999,0.106
10000,0.106
10001,0.106
10002,0.106
10003,0.106
10004,0.106
10005,0.106
10006,0.106
10007,0.106
10008,0.106
10009,0.106
10010,0.106
10011,0.106
10012,0.106
10013,0.106
10014,0.106
10015,0.106
10016,0.106
10017,0.106
10018,0.106
10019,0.106
10020,0.106
10021,0.106
10022,0.106
10023,0.106
10024,0.106
10025,0.106
10026,0.106
10027,0.106
10028,0.106
10029,0.106
10030,0.106
10031,0.106
10032,0.106
10033,0.106
10034,0.106
10035,0.106
10036,0.106
10037,0.106
10038,0.106
10039,0.106
10040,0.106
10041,0.106
10042,0.106
10043,0.106
10044,0.106
10045,0.106
10046,0.106
10047,0.106
10048,0.106
10049,0.106
10050,0.106
10051,0.106
10052,0.106
10053,0.106
10054,0.106
10055,0.106
10056,0.106
10057,0.106
10058,0.106
10059,0.106
10060,0.106
10061,0.106
10062,0.106
10063,0.106
10064,0.106
10065,0.106
10066,0.106
10067,0.106
10068,0.106
10069,0.106
10070,0.106
10071,0.106
10072,0.106
10073,0.106
10074,0.106
10075,0.106
10076,0.106
10077,0.106
10078,0.106
10079,0.106
10080,0.106
10081,0.106
10082,0.106
10083,0.106
10084,0.106
10085,0.106
10086,0.106
10087,0.106
10088,0.106
10089,0.106
10090,0.106
10091,0.106
10092,0.106
10093,0.106
10094,0.106
10095,0.106
10096,0.106
10097,0.106
10098,0.106
10099,0.106
10100,0.106
10101,0.106
10102,0.106
10103,0.106
10104,0.106
10105,0.106
10106,0.106
10107,0.106
10108,0.106
10109,0.106
10110,0.106
10111,0.106
10112,0.106
10113,0.106
10114,0.106
10115,0.106
10116,0.106
10117,0.106
10118,0.106
10119,0.106
10120,0.106
10121,0.106
10122,0.106
10123,0.106
10124,0.106
10125,0.106
10126,0.106
10127,0.106
10128,0.106
10129,0.106
10130,0.106
10131,0.106
10132,0.106
10133,0.106
10134,0.106
10135,0.106
10136,0.106
10137,0.106
10138,0.106
10139,0.106
10140,0.106
10141,0.106
10142,0.106
10143,0.106
10144,0.106
10145,0.106
10146,0.106
10147,0.106
10148,0.106
10149,0.106
10150,0.106
10151,0.106
10152,0.106
10153,0.106
10154,0.106
10155,0.106
10156,0.106
10157,0.106
10158,0.106
10159,0.106
10160,0.106
10161,0.106
10162,0.106
10163,0.106
10164,0.106
10165,0.106
10166,0.106
10167,0.106
10168,0.106
10169,0.106
10170,0.106
10171,0.106
10172,0.106
10173,0.106
10174,0.106
10175,0.106
10176,0.106
10177,0.106
10178,0.106
10179,0.106
10180,0.106
10181,0.106
10182,0.106
10183,0.106
10184,0.106
10185,0.106
10186,0.106
10187,0.106
10188,0.106
10189,0.106
10190,0.106
10191,0.106
10192,0.106
10193,0.106
10194,0.106
10195,0.106
10196,0.106
10197,0.106
10198,0.106
10199,0.106
10200,0.106
10201,0.106
10202,0.106
10203,0.106
10204,0.106
10205,0.106
10206,0.106
10207,0.106
10208,0.106
10209,0.106
10210,0.106
10211,0.106
10212,0.106
10213,0.106
10214,0.106
10215,0.106
10216,0.106
10217,0.106
10218,0.106
10219,0.106
10220,0.106
10221,0.106
10222,0.106
10223,0.106
10224,0.106
10225,0.106
10226,0.106
10227,0.106
10228,0.106
10229,0.106
10230,0.106
10231,0.106
10232,0.106
10233,0.106
10234,0.106
10235,0.106
10236,0.106
10237,0.106
10238,0.106
10239,0.106
10240,0.106
10241,0.106
10242,0.106
10243,0.106
10244,0.106
10245,0.106
10246,0.106
10247,0.106
10248,0.106
10249,0.106
10250,0.106
10251,0.106
10252,0.106
10253,0.106
10254,0.106
10255,0.106
10256,0.106
10257,0.106
10258,0.106
10259,0.106
10260,0.106
10261,0.106
10262,0.106
10263,0.106
10264,0.106
10265,0.106
10266,0.106
10267,0.106
10268,0.106
10269,0.106
10270,0.106
10271,0.106
10272,0.10598648648648648
10273,0.10597297297297296
10274,0.10595945945945946
10275,0.10594594594594595
10276,0.10593243243243243
10277,0.10591891891891891
10278,0.1059054054054054
10279,0.1058918918918919
10280,0.10587837837837838
10281,0.10586486486486486
10282,0.10585135135135135
10283,0.10583783783783783
10284,0.10582432432432431
10285,0.10581081081081081
10286,0.1057972972972973
10287,0.10578378378378378
10288,0.10577027027027026
10289,0.10575675675675675
10290,0.10574324324324325
10291,0.10572972972972973
10292,0.10571621621621621
10293,0.1057027027027027
10294,0.10568918918918918
10295,0.10567567567567568
10296,0.10566216216216216
10297,0.10564864864864865
10298,0.10563513513513513
10299,0.10562162162162161
10300,0.1056081081081081
10301,0.1055945945945946
10302,0.10558108108108108
10303,0.10556756756756756
10304,0.10555405405405405
10305,0.10554054054054053
10306,0.10552702702702703
10307,0.10551351351351351
10308,0.1055
10309,0.10548571428571428
10310,0.10547142857142856
10311,0.10545714285714286
10312,0.10544285714285714
10313,0.10542857142857143
10314,0.10541428571428571
10315,0.1054
10316,0.10538571428571428
10317,0.10537142857142857
10318,0.10535714285714286
10319,0.10534285714285714
10320,0.10532857142857142
10321,0.10531428571428571
10322,0.10529999999999999
10323,0.10528571428571429
10324,0.10527142857142857
10325,0.10525714285714285
10326,0.10524285714285714
10327,0.10522857142857142
10328,0.1052142857142857
10329,0.1052
10330,0.10518571428571429
10331,0.10517142857142857
10332,0.10515714285714285
10333,0.10514285714285714
10334,0.10512857142857142
10335,0.10511428571428572
10336,0.1051
10337,0.10508571428571428
10338,0.10507142857142857
10339,0.10505714285714285
10340,0.10504285714285713
10341,0.10502857142857143
10342,0.10501428571428571
10343,0.105
10344,0.105
10345,0.105
10346,0.105
10347,0.105
10348,0.105
10349,0.105
10350,0.105
10351,0.105
10352,0.105
10353,0.105
10354,0.105
10355,0.105
10356,0.105
10357,0.105
10358,0.105
10359,0.105
10360,0.105
10361,0.105
10362,0.105
10363,0.105
10364,0.105
10365,0.105
10366,0.105
10367,0.105
10368,0.105
10369,0.105
10370,0.105
10371,0.105
10372,0.105
10373,0.105
10374,0.105
10375,0.105
10376,0.105
10377,0.105
10378,0.105
10379,0.105
10380,0.105
10381,0.105
10382,0.105
10383,0.105
10384,0.105
10385,0.105
10386,0.105
10387,0.105
10388,0.105
10389,0.105
10390,0.105
10391,0.105
10392,0.105
10393,0.105
10394,0.105
10395,0.105
10396,0.105
10397,0.105
10398,0.105
10399,0.105
10400,0.105
10401,0.105
10402,0.105
10403,0.105
10404,0.105
10405,0.105
10406,0.105
10407,0.105
10408,0.105
10409,0.105
10410,0.105
10411,0.105
10412,0.105
10413,0.105
10414,0.105
10415,0.105
10416,0.105
10417,0.105
10418,0.105
10419,0.105
10420,0.105
10421,0.105
10422,0.105
10423,0.105
10424,0.105
10425,0.105
10426,0.105
10427,0.105
10428,0.105
10429,0.105
10430,0.105
10431,0.105
10432,0.105
10433,0.105
10434,0.105
10435,0.105
10436,0.105
10437,0.105
10438,0.105
10439,0.105
10440,0.105
10441,0.105
10442,0.105
10443,0.105
10444,0.105
10445,0.105
10446,0.105
10447,0.105
10448,0.105
10449,0.105
10450,0.105
10451,0.105
10452,0.105
10453,0.105
10454,0.105
10455,0.105
10456,0.105
10457,0.105
10458,0.105
10459,0.105
10460,0.105
10461,0.105
10462,0.105
10463,0.105
10464,0.105
10465,0.105
10466,0.105
10467,0.105
10468,0.105
10469,0.105
10470,0.105
10471,0.105
10472,0.105
10473,0.105
10474,0.105
10475,0.105
10476,0.105
10477,0.105
10478,0.105
10479,0.105
10480,0.105
10481,0.105
10482,0.105
10483,0.105
10484,0.105
10485,0.105
10486,0.105
10487,0.105
10488,0.105
10489,0.105
10490,0.105
10491,0.105
10492,0.105
10493,0.105
10494,0.105
10495,0.105
10496,0.105
10497,0.105
10498,0.105
10499,0.105
10500,0.105
10501,0.105
10502,0.105
10503,0.105
10504,0.105
10505,0.105
10506,0.105
10507,0.105
10508,0.105
10509,0.105
10510,0.105
10511,0.105
10512,0.105
10513,0.105
10514,0.105
10515,0.105
10516,0.105
10517,0.105
10518,0.105
10519,0.105
10520,0.105
10521,0.105
10522,0.105
10523,0.105
10524,0.105
10525,0.105
10526,0.105
10527,0.105
10528,0.105
10529,0.105
10530,0.105
10531,0.105
10532,0.105
10533,0.105
10534,0.105
10535,0.105
10536,0.105
10537,0.105
10538,0.105
10539,0.105
10540,0.105
10541,0.105
10542,0.105
10543,0.105
10544,0.105
10545,0.105
10546,0.105
10547,0.105
10548,0.105
10549,0.105
10550,0.105
10551,0.105
10552,0.105
10553,0.105
10554,0.105
10555,0.105
10556,0.105
10557,0.105
10558,0.105
10559,0.105
10560,0.105
10561,0.105
10562,0.105
10563,0.105
10564,0.105
10565,0.105
10566,0.105
10567,0.105
10568,0.105
10569,0.105
10570,0.105
10571,0.105
10572,0.105
10573,0.105
10574,0.105
10575,0.105
10576,0.105
10577,0.105
10578,0.105
10579,0.105
10580,0.105
10581,0.105
10582,0.105
10583,0.105
10584,0.105
10585,0.105
10586,0.105
10587,0.105
10588,0.105
10589,0.105
10590,0.105
10591,0.105
10592,0.105
10593,0.105
10594,0.105
10595,0.105
10596,0.105
10597,0.105
10598,0.105
10599,0.105
10600,0.105
10601,0.105
10602,0.105
10603,0.105
10604,0.105
10605,0.105
10606,0.105
10607,0.105
10608,0.105
10609,0.105
10610,0.105
10611,0.105
10612,0.105
10613,0.105
10614,0.105
10615,0.105
10616,0.105
10617,0.105
10618,0.105
10619,0.105
10620,0.105
10621,0.105
10622,0.105
10623,0.105
10624,0.105
10625,0.105
10626,0.105
10627,0.105
10628,0.105
10629,0.105
10630,0.105
10631,0.105
10632,0.105
10633,0.105
10634,0.105
10635,0.105
10636,0.105
10637,0.105
10638,0.105
10639,0.105
10640,0.105
10641,0.105
10642,0.105
10643,0.105
10644,0.105
10645,0.105
10646,0.105
10647,0.105
10648,0.105
10649,0.105
10650,0.105
10651,0.105
10652,0.105
10653,0.105
10654,0.105
10655,0.105
10656,0.105
10657,0.105
10658,0.105
10659,0.105
10660,0.105
10661,0.105
10662,0.105
10663,0.105
10664,0.105
10665,0.105
10666,0.105
10667,0.105
10668,0.105
10669,0.105
10670,0.105
10671,0.105
10672,0.105
10673,0.105
10674,0.105
10675,0.105
10676,0.105
10677,0.105
10678,0.105
10679,0.105
10680,0.105
10681,0.105
10682,0.105
10683,0.105
10684,0.105
10685,0.105
10686,0.105
10687,0.105
10688,0.105
10689,0.105
10690,0.105
10691,0.105
10692,0.105
10693,0.105
10694,0.105
10695,0.105
10696,0.105
10697,0.105
10698,0.105
10699,0.105
10700,0.105
10701,0.105
10702,0.105
10703,0.105
10704,0.105
10705,0.105
10706,0.105
10707,0.105
10708,0.105
10709,0.105
10710,0.105
10711,0.105
10712,0.105
10713,0.105
10714,0.105
10715,0.105
10716,0.105
10717,0.105
10718,0.105
10719,0.105
10720,0.105
10721,0.105
10722,0.105
10723,0.105
10724,0.105
10725,0.105
10726,0.105
10727,0.105
10728,0.105
10729,0.105
10730,0.105
10731,0.105
10732,0.105
10733,0.105
10734,0.105
10735,0.105
10736,0.105
10737,0.105
10738,0.105
10739,0.105
10740,0.105
10741,0.105
10742,0.105
10743,0.105
10744,0.105
10745,0.105
10746,0.105
10747,0.105
10748,0.105
10749,0.105
10750,0.105
10751,0.105
10752,0.105
10753,0.105
10754,0.105
10755,0.105
10756,0.105
10757,0.105
10758,0.105
10759,0.105
10760,0.105
10761,0.105
10762,0.105
10763,0.105
10764,0.105
10765,0.105
10766,0.105
10767,0.105
10768,0.105
10769,0.105
10770,0.105
10771,0.105
10772,0.105
10773,0.105
10774,0.105
10775,0.105
10776,0.105
10777,0.105
10778,0.105
10779,0.105
10780,0.105
10781,0.105
10782,0.105
10783,0.105
10784,0.105
10785,0.105
10786,0.105
10787,0.105
10788,0.105
10789,0.105
10790,0.105
10791,0.105
10792,0.105
10793,0.105
10794,0.105
10795,0.105
10796,0.105
10797,0.105
10798,0.105
10799,0.105
10800,0.105
0,0.1368888888888889
1,0.1368888888888889
2,0.13452777777777777
3,0.13216666666666668
4,0.12980555555555556
5,0.12744444444444444
6,0.12508333333333335
7,0.12272222222222223
8,0.12036111111111111
9,0.11800000000000001
10,0.11800000000000001
11,0.11800000000000001
12,0.11800000000000001
13,0.11800000000000001
14,0.11800000000000001
15,0.11800000000000001
16,0.11800000000000001
17,0.11800000000000001
18,0.11800000000000001
19,0.11800000000000001
20,0.11800000000000001
21,0.11800000000000001
22,0.11800000000000001
23,0.11800000000000001
24,0.11800000000000001
25,0.11800000000000001
26,0.11800000000000001
27,0.11800000000000001
28,0.11800000000000001
29,0.11800000000000001
30,0.11800000000000001
31,0.11800000000000001
32,0.11800000000000001
33,0.11800000000000001
34,0.11800000000000001
35,0.11800000000000001
36,0.11800000000000001
37,0.11800000000000001
38,0.11800000000000001
39,0.11800000000000001
40,0.11800000000000001
41,0.11800000000000001
42,0.11800000000000001
43,0.11800000000000001
44,0.11800000000000001
45,0.11800000000000001
46,0.11800000000000001
47,0.11800000000000001
48,0.11800000000000001
49,0.11800000000000001
50,0.11800000000000001
51,0.11800000000000001
52,0.11800000000000001
53,0.11800000000000001
54,0.11800000000000001
55,0.11800000000000001
56,0.11800000000000001
57,0.11800000000000001
58,0.11800000000000001
59,0.11800000000000001
60,0.11800000000000001
61,0.11800000000000001
62,0.11800000000000001
63,0.11800000000000001
64,0.11800000000000001
65,0.11800000000000001
66,0.11800000000000001
67,0.11800000000000001
68,0.11800000000000001
69,0.11800000000000001
70,0.11800000000000001
71,0.11800000000000001
72,0.11800000000000001
73,0.11800000000000001
74,0.11800000000000001
75,0.11800000000000001
76,0.11800000000000001
77,0.11800000000000001
78,0.11800000000000001
79,0.11800000000000001
80,0.11800000000000001
81,0.11800000000000001
82,0.11800000000000001
83,0.11800000000000001
84,0.11800000000000001
85,0.11800000000000001
86,0.11800000000000001
87,0.11800000000000001
88,0.11800000000000001
89,0.11800000000000001
90,0.11800000000000001
91,0.11800000000000001
92,0.11800000000000001
93,0.11800000000000001
94,0.11800000000000001
95,0.11800000000000001
96,0.11800000000000001
97,0.11800000000000001
98,0.11800000000000001
99,0.11800000000000001
100,0.11800000000000001
101,0.11800000000000001
102,0.11800000000000001
103,0.11800000000000001
104,0.11800000000000001
105,0.11800000000000001
106,0.11800000000000001
107,0.11800000000000001
108,0.11800000000000001
109,0.11800000000000001
110,0.11800000000000001
111,0.11800000000000001
112,0.11800000000000001
113,0.11800000000000001
114,0.11800000000000001
115,0.11800000000000001
116,0.11800000000000001
117,0.11800000000000001
118,0.11800000000000001
119,0.11800000000000001
120,0.11800000000000001
121,0.11800000000000001
122,0.11800000000000001
123,0.11800000000000001
124,0.11800000000000001
125,0.11800000000000001
126,0.11800000000000001
127,0.11800000000000001
128,0.11800000000000001
129,0.11800000000000001
130,0.11800000000000001
131,0.11800000000000001
132,0.11800000000000001
133,0.11800000000000001
134,0.11800000000000001
135,0.11800000000000001
136,0.11800000000000001
137,0.11800000000000001
138,0.11800000000000001
139,0.11800000000000001
140,0.11800000000000001
141,0.11800000000000001
142,0.11800000000000001
143,0.11800000000000001
144,0.11800000000000001
145,0.11800000000000001
146,0.11800000000000001
147,0.11800000000000001
148,0.11800000000000001
149,0.11800000000000001
150,0.11800000000000001
151,0.11800000000000001
152,0.11800000000000001
153,0.11800000000000001
154,0.11800000000000001
155,0.11800000000000001
156,0.11800000000000001
157,0.11800000000000001
158,0.11800000000000001
159,0.11800000000000001
160,0.11800000000000001
161,0.11800000000000001
162,0.11800000000000001
163,0.11800000000000001
164,0.11800000000000001
165,0.11800000000000001
166,0.11800000000000001
167,0.11800000000000001
168,0.11800000000000001
169,0.11800000000000001
170,0.11800000000000001
171,0.11800000000000001
172,0.11800000000000001
173,0.11800000000000001
174,0.11800000000000001
175,0.11800000000000001
176,0.11800000000000001
177,0.11800000000000001
178,0.11800000000000001
179,0.11800000000000001
180,0.11800000000000001
181,0.11800000000000001
182,0.11800000000000001
183,0.11800000000000001
184,0.11800000000000001
185,0.11800000000000001
186,0.11800000000000001
187,0.11800000000000001
188,0.11800000000000001
189,0.11800000000000001
190,0.11800000000000001
191,0.11800000000000001
192,0.11800000000000001
193,0.11800000000000001
194,0.11800000000000001
195,0.11800000000000001
196,0.11800000000000001
197,0.11800000000000001
198,0.11800000000000001
199,0.11800000000000001
200,0.11800000000000001
201,0.11800000000000001
202,0.11800000000000001
203,0.11800000000000001
204,0.11800000000000001
205,0.11800000000000001
206,0.11800000000000001
207,0.11800000000000001
208,0.11800000000000001
209,0.11800000000000001
210,0.11800000000000001
211,0.11800000000000001
212,0.11800000000000001
213,0.11800000000000001
214,0.11800000000000001
215,0.11800000000000001
216,0.11800000000000001
217,0.11800000000000001
218,0.11800000000000001
219,0.11800000000000001
220,0.11800000000000001
221,0.11800000000000001
222,0.11800000000000001
223,0.11800000000000001
224,0.11800000000000001
225,0.11800000000000001
226,0.11800000000000001
227,0.11800000000000001
228,0.11800000000000001
229,0.11800000000000001
230,0.11800000000000001
231,0.11800000000000001
232,0.11800000000000001
233,0.11800000000000001
234,0.11800000000000001
235,0.11800000000000001
236,0.11800000000000001
237,0.11800000000000001
238,0.11800000000000001
239,0.11800000000000001
240,0.11800000000000001
241,0.11800000000000001
242,0.11800000000000001
243,0.11800000000000001
244,0.11800000000000001
245,0.11800000000000001
246,0.11800000000000001
247,0.11800000000000001
248,0.11800000000000001
249,0.11800000000000001
250,0.11800000000000001
251,0.11800000000000001
252,0.11800000000000001
253,0.11800000000000001
254,0.11800000000000001
255,0.11800000000000001
256,0.11800000000000001
257,0.11800000000000001
258,0.11800000000000001
259,0.11800000000000001
260,0.11800000000000001
261,0.11800000000000001
262,0.11800000000000001
263,0.11800000000000001
264,0.11800000000000001
265,0.11800000000000001
266,0.11800000000000001
267,0.11800000000000001
268,0.11800000000000001
269,0.11800000000000001
270,0.11800000000000001
271,0.11800000000000001
272,0.11800000000000001
273,0.11800000000000001
274,0.11800000000000001
275,0.11800000000000001
276,0.11800000000000001
277,0.11800000000000001
278,0.11800000000000001
279,0.11800000000000001
280,0.11800000000000001
281,0.11800000000000001
282,0.11800000000000001
283,0.11800000000000001
284,0.11800000000000001
285,0.11800000000000001
286,0.11800000000000001
287,0.11800000000000001
288,0.11800000000000001
289,0.11800000000000001
290,0.11800000000000001
291,0.11800000000000001
292,0.11800000000000001
293,0.11800000000000001
294,0.11800000000000001
295,0.11800000000000001
296,0.11800000000000001
297,0.11800000000000001
298,0.11800000000000001
299,0.11800000000000001
300,0.11800000000000001
301,0.11800000000000001
302,0.11800000000000001
303,0.11800000000000001
304,0.11800000000000001
305,0.11800000000000001
306,0.11800000000000001
307,0.11800000000000001
308,0.11800000000000001
309,0.11800000000000001
310,0.11800000000000001
311,0.11800000000000001
312,0.11800000000000001
313,0.11800000000000001
314,0.11800000000000001
315,0.11800000000000001
316,0.11800000000000001
317,0.11800000000000001
318,0.11800000000000001
319,0.11800000000000001
320,0.11800000000000001
321,0.11800000000000001
322,0.11800000000000001
323,0.11800000000000001
324,0.11800000000000001
325,0.11800000000000001
326,0.11800000000000001
327,0.11800000000000001
328,0.11800000000000001
329,0.11800000000000001
330,0.11800000000000001
331,0.11800000000000001
332,0.11800000000000001
333,0.11800000000000001
334,0.11800000000000001
335,0.11800000000000001
336,0.11800000000000001
337,0.11800000000000001
338,0.11800000000000001
339,0.11800000000000001
340,0.11800000000000001
341,0.11800000000000001
342,0.11800000000000001
343,0.11800000000000001
344,0.11800000000000001
345,0.11800000000000001
346,0.11800000000000001
347,0.11800000000000001
348,0.11800000000000001
349,0.11800000000000001
350,0.11800000000000001
351,0.11800000000000001
352,0.11800000000000001
353,0.11800000000000001
354,0.11800000000000001
355,0.11800000000000001
356,0.11800000000000001
357,0.11800000000000001
358,0.11800000000000001
359,0.11800000000000001
360,0.11800000000000001
361,0.11800000000000001
362,0.11800000000000001
363,0.11800000000000001
364,0.11800000000000001
365,0.11800000000000001
366,0.11800000000000001
367,0.11800000000000001
368,0.11800000000000001
369,0.11800000000000001
370,0.11800000000000001
371,0.11800000000000001
372,0.11800000000000001
373,0.11800000000000001
374,0.11800000000000001
375,0.11800000000000001
376,0.11800000000000001
377,0.11800000000000001
378,0.11800000000000001
379,0.11800000000000001
380,0.11800000000000001
381,0.11800000000000001
382,0.11800000000000001
383,0.11800000000000001
384,0.11800000000000001
385,0.11800000000000001
386,0.11800000000000001
387,0.11800000000000001
388,0.11800000000000001
389,0.11800000000000001
390,0.11800000000000001
391,0.11800000000000001
392,0.11800000000000001
393,0.11800000000000001
394,0.11800000000000001
395,0.11800000000000001
396,0.11800000000000001
397,0.11800000000000001
398,0.11800000000000001
399,0.11800000000000001
400,0.11800000000000001
401,0.11800000000000001
402,0.11800000000000001
403,0.11800000000000001
404,0.11800000000000001
405,0.11800000000000001
406,0.11800000000000001
407,0.11800000000000001
408,0.11800000000000001
409,0.11800000000000001
410,0.11800000000000001
411,0.11800000000000001
412,0.11800000000000001
413,0.11800000000000001
414,0.11800000000000001
415,0.11800000000000001
416,0.11800000000000001
417,0.11800000000000001
418,0.11800000000000001
419,0.11800000000000001
420,0.11800000000000001
421,0.11800000000000001
422,0.11800000000000001
423,0.11800000000000001
424,0.11800000000000001
425,0.11800000000000001
426,0.11800000000000001
427,0.11800000000000001
428,0.11800000000000001
429,0.11800000000000001
430,0.11800000000000001
431,0.11800000000000001
432,0.11800000000000001
433,0.11800000000000001
434,0.11800000000000001
435,0.11800000000000001
436,0.11800000000000001
437,0.11800000000000001
438,0.11800000000000001
439,0.11800000000000001
440,0.11800000000000001
441,0.11800000000000001
442,0.11800000000000001
443,0.11800000000000001
444,0.11800000000000001
445,0.11800000000000001
446,0.11800000000000001
447,0.11800000000000001
448,0.11800000000000001
449,0.11800000000000001
450,0.11800000000000001
451,0.11800000000000001
452,0.11800000000000001
453,0.11800000000000001
454,0.11800000000000001
455,0.11800000000000001
456,0.11800000000000001
457,0.11800000000000001
458,0.11800000000000001
459,0.11800000000000001
460,0.11800000000000001
461,0.11800000000000001
462,0.11800000000000001
463,0.11800000000000001
464,0.11800000000000001
465,0.11800000000000001
466,0.11800000000000001
467,0.11800000000000001
468,0.11800000000000001
469,0.11800000000000001
470,0.11800000000000001
471,0.11800000000000001
472,0.11800000000000001
473,0.11800000000000001
474,0.11800000000000001
475,0.11800000000000001
476,0.11800000000000001
477,0.11800000000000001
478,0.11800000000000001
479,0.11800000000000001
480,0.11800000000000001
481,0.11800000000000001
482,0.11800000000000001
483,0.11800000000000001
484,0.11800000000000001
485,0.11800000000000001
486,0.11800000000000001
487,0.11800000000000001
488,0.11800000000000001
489,0.11800000000000001
490,0.11800000000000001
491,0.11800000000000001
492,0.11800000000000001
493,0.11800000000000001
494,0.11800000000000001
495,0.11800000000000001
496,0.11800000000000001
497,0.11800000000000001
498,0.11800000000000001
499,0.11800000000000001
500,0.11800000000000001
501,0.11800000000000001
502,0.11800000000000001
503,0.11800000000000001
504,0.11800000000000001
505,0.11800000000000001
506,0.11800000000000001
507,0.11800000000000001
508,0.11800000000000001
509,0.11800000000000001
510,0.11800000000000001
511,0.11800000000000001
512,0.11800000000000001
513,0.11800000000000001
514,0.11800000000000001
515,0.11800000000000001
516,0.11800000000000001
517,0.11800000000000001
518,0.11800000000000001
519,0.11800000000000001
520,0.11800000000000001
521,0.11800000000000001
522,0.11800000000000001
523,0.11800000000000001
524,0.11800000000000001
525,0.11800000000000001
526,0.11800000000000001
527,0.11800000000000001
528,0.11800000000000001
529,0.11800000000000001
530,0.11800000000000001
531,0.11800000000000001
532,0.11800000000000001
533,0.11800000000000001
534,0.11800000000000001
535,0.11800000000000001
536,0.11800000000000001
537,0.11800000000000001
538,0.11800000000000001
539,0.11800000000000001
540,0.11800000000000001
541,0.11800000000000001
542,0.11800000000000001
543,0.11800000000000001
544,0.11800000000000001
545,0.11800000000000001
546,0.11800000000000001
547,0.11800000000000001
548,0.11800000000000001
549,0.11800000000000001
550,0.11800000000000001
551,0.11800000000000001
552,0.11800000000000001
553,0.11800000000000001
554,0.11800000000000001
555,0.11800000000000001
556,0.11800000000000001
557,0.11800000000000001
558,0.11800000000000001
559,0.11800000000000001
560,0.11800000000000001
561,0.11800000000000001
562,0.11800000000000001
563,0.11800000000000001
564,0.11800000000000001
565,0.11800000000000001
566,0.11800000000000001
567,0.11800000000000001
568,0.11800000000000001
569,0.11800000000000001
570,0.11800000000000001
571,0.11800000000000001
572,0.11800000000000001
573,0.11800000000000001
574,0.11800000000000001
575,0.11800000000000001
576,0.11800000000000001
577,0.11800000000000001
578,0.11800000000000001
579,0.11800000000000001
580,0.11800000000000001
581,0.11800000000000001
582,0.11800000000000001
583,0.11800000000000001
584,0.11800000000000001
585,0.11800000000000001
586,0.11800000000000001
587,0.11800000000000001
588,0.11800000000000001
589,0.11800000000000001
590,0.11800000000000001
591,0.11800000000000001
592,0.11800000000000001
593,0.11800000000000001
594,0.11800000000000001
595,0.11800000000000001
596,0.11800000000000001
597,0.11800000000000001
598,0.11800000000000001
599,0.11800000000000001
600,0.11800000000000001
601,0.11800000000000001
602,0.11800000000000001
603,0.11800000000000001
604,0.11800000000000001
605,0.11800000000000001
606,0.11800000000000001
607,0.11800000000000001
608,0.11800000000000001
609,0.11800000000000001
610,0.11800000000000001
611,0.11800000000000001
612,0.11800000000000001
613,0.11800000000000001
614,0.11800000000000001
615,0.11800000000000001
616,0.11800000000000001
617,0.11800000000000001
618,0.11800000000000001
619,0.11800000000000001
620,0.11800000000000001
621,0.11800000000000001
622,0.11800000000000001
623,0.11800000000000001
624,0.11800000000000001
625,0.11800000000000001
626,0.11800000000000001
627,0.11800000000000001
628,0.11800000000000001
629,0.11800000000000001
630,0.11800000000000001
631,0.11800000000000001
632,0.11800000000000001
633,0.11800000000000001
634,0.11800000000000001
635,0.11800000000000001
636,0.11800000000000001
637,0.11800000000000001
638,0.11800000000000001
639,0.11800000000000001
640,0.11800000000000001
641,0.11800000000000001
642,0.11800000000000001
643,0.11800000000000001
644,0.11800000000000001
645,0.11800000000000001
646,0.11800000000000001
647,0.11800000000000001
648,0.11800000000000001
649,0.11800000000000001
650,0.11800000000000001
651,0.11800000000000001
652,0.11800000000000001
653,0.11800000000000001
654,0.11800000000000001
655,0.11800000000000001
656,0.11800000000000001
657,0.11800000000000001
658,0.11800000000000001
659,0.11800000000000001
660,0.11800000000000001
661,0.11800000000000001
662,0.11800000000000001
663,0.11800000000000001
664,0.11800000000000001
665,0.11800000000000001
666,0.11800000000000001
667,0.11800000000000001
668,0.11800000000000001
669,0.11800000000000001
670,0.11800000000000001
671,0.11800000000000001
672,0.11800000000000001
673,0.11800000000000001
674,0.11800000000000001
675,0.11800000000000001
676,0.11800000000000001
677,0.11800000000000001
678,0.11800000000000001
679,0.11800000000000001
680,0.11800000000000001
681,0.11800000000000001
682,0.11800000000000001
683,0.11800000000000001
684,0.11800000000000001
685,0.11800000000000001
686,0.11800000000000001
687,0.11800000000000001
688,0.11800000000000001
689,0.11800000000000001
690,0.11800000000000001
691,0.11800000000000001
692,0.11800000000000001
693,0.11800000000000001
694,0.11800000000000001
695,0.11800000000000001
696,0.11800000000000001
697,0.11800000000000001
698,0.11800000000000001
699,0.11800000000000001
700,0.11800000000000001
701,0.11800000000000001
702,0.11800000000000001
703,0.11800000000000001
704,0.11800000000000001
705,0.11800000000000001
706,0.11800000000000001
707,0.11800000000000001
708,0.11800000000000001
709,0.11800000000000001
710,0.11800000000000001
711,0.11800000000000001
712,0.11800000000000001
713,0.11800000000000001
714,0.11800000000000001
715,0.11800000000000001
716,0.11800000000000001
717,0.11800000000000001
718,0.11800000000000001
719,0.11800000000000001
720,0.11800000000000001
721,0.11800000000000001
722,0.11800000000000001
723,0.11800000000000001
724,0.11800000000000001
725,0.11800000000000001
726,0.11800000000000001
727,0.11800000000000001
728,0.11800000000000001
729,0.11800000000000001
730,0.11800000000000001
731,0.11800000000000001
732,0.11800000000000001
733,0.11800000000000001
734,0.11800000000000001
735,0.11800000000000001
736,0.11800000000000001
737,0.11800000000000001
738,0.11800000000000001
739,0.11800000000000001
740,0.11800000000000001
741,0.11800000000000001
742,0.11800000000000001
743,0.11800000000000001
744,0.11800000000000001
745,0.11800000000000001
746,0.11800000000000001
747,0.11800000000000001
748,0.11800000000000001
749,0.11800000000000001
750,0.11800000000000001
751,0.11800000000000001
752,0.11800000000000001
753,0.11800000000000001
754,0.11800000000000001
755,0.11800000000000001
756,0.11800000000000001
757,0.11800000000000001
758,0.11800000000000001
759,0.11800000000000001
760,0.11800000000000001
761,0.11800000000000001
762,0.11800000000000001
763,0.11800000000000001
764,0.11800000000000001
765,0.11800000000000001
766,0.11800000000000001
767,0.11800000000000001
768,0.11800000000000001
769,0.11800000000000001
770,0.11800000000000001
771,0.11800000000000001
772,0.11800000000000001
773,0.11800000000000001
774,0.11800000000000001
775,0.11800000000000001
776,0.11800000000000001
777,0.11800000000000001
778,0.11800000000000001
779,0.11800000000000001
780,0.11800000000000001
781,0.11800000000000001
782,0.11800000000000001
783,0.11800000000000001
784,0.11800000000000001
785,0.11800000000000001
786,0.11800000000000001
787,0.11800000000000001
788,0.11800000000000001
789,0.11800000000000001
790,0.11800000000000001
791,0.11800000000000001
792,0.11800000000000001
793,0.11800000000000001
794,0.11800000000000001
795,0.11800000000000001
796,0.11800000000000001
797,0.11800000000000001
798,0.11800000000000001
799,0.11800000000000001
800,0.11800000000000001
801,0.11800000000000001
802,0.11800000000000001
803,0.11800000000000001
804,0.11800000000000001
805,0.11800000000000001
806,0.11800000000000001
807,0.11800000000000001
808,0.11800000000000001
809,0.11800000000000001
810,0.11800000000000001
811,0.11800000000000001
812,0.11800000000000001
813,0.11800000000000001
814,0.11800000000000001
815,0.11800000000000001
816,0.11800000000000001
817,0.11800000000000001
818,0.11800000000000001
819,0.11800000000000001
820,0.11800000000000001
821,0.11800000000000001
822,0.11800000000000001
823,0.11800000000000001
824,0.11800000000000001
825,0.11800000000000001
826,0.11800000000000001
827,0.11800000000000001
828,0.11800000000000001
829,0.11800000000000001
830,0.11800000000000001
831,0.11800000000000001
832,0.11800000000000001
833,0.11800000000000001
834,0.11800000000000001
835,0.11800000000000001
836,0.11800000000000001
837,0.11800000000000001
838,0.11800000000000001
839,0.11800000000000001
840,0.11800000000000001
841,0.11800000000000001
842,0.11800000000000001
843,0.11800000000000001
844,0.11800000000000001
845,0.11800000000000001
846,0.11800000000000001
847,0.11800000000000001
848,0.11800000000000001
849,0.11800000000000001
850,0.11800000000000001
851,0.11800000000000001
852,0.11800000000000001
853,0.11800000000000001
854,0.11800000000000001
855,0.11800000000000001
856,0.11800000000000001
857,0.11800000000000001
858,0.11800000000000001
859,0.11800000000000001
860,0.11800000000000001
861,0.11800000000000001
862,0.11800000000000001
863,0.11800000000000001
864,0.11800000000000001
865,0.11800000000000001
866,0.11800000000000001
867,0.11800000000000001
868,0.11800000000000001
869,0.11800000000000001
870,0.11800000000000001
871,0.11800000000000001
872,0.11800000000000001
873,0.11800000000000001
874,0.11800000000000001
875,0.11800000000000001
876,0.11800000000000001
877,0.11800000000000001
878,0.11800000000000001
879,0.11800000000000001
880,0.11800000000000001
881,0.11800000000000001
882,0.11800000000000001
883,0.11800000000000001
884,0.11800000000000001
885,0.11800000000000001
886,0.11800000000000001
887,0.11800000000000001
888,0.11800000000000001
889,0.11800000000000001
890,0.11800000000000001
891,0.11800000000000001
892,0.11800000000000001
893,0.11800000000000001
894,0.11800000000000001
895,0.11800000000000001
896,0.11800000000000001
897,0.11800000000000001
898,0.11800000000000001
899,0.11800000000000001
900,0.11800000000000001
901,0.11800000000000001
902,0.11800000000000001
903,0.11800000000000001
904,0.11800000000000001
905,0.11800000000000001
906,0.11800000000000001
907,0.11800000000000001
908,0.11800000000000001
909,0.11800000000000001
910,0.11800000000000001
911,0.11800000000000001
912,0.11800000000000001
913,0.11800000000000001
914,0.11800000000000001
915,0.11800000000000001
916,0.11800000000000001
917,0.11800000000000001
918,0.11800000000000001
919,0.11800000000000001
920,0.11800000000000001
921,0.11800000000000001
922,0.11800000000000001
923,0.11800000000000001
924,0.11800000000000001
925,0.11800000000000001
926,0.11800000000000001
927,0.11800000000000001
928,0.11800000000000001
929,0.11800000000000001
930,0.11800000000000001
931,0.11800000000000001
932,0.11800000000000001
933,0.11800000000000001
934,0.11800000000000001
935,0.11800000000000001
936,0.11800000000000001
937,0.11800000000000001
938,0.11800000000000001
939,0.11800000000000001
940,0.11800000000000001
941,0.11800000000000001
942,0.11800000000000001
943,0.11800000000000001
944,0.11800000000000001
945,0.11800000000000001
946,0.11800000000000001
947,0.11800000000000001
948,0.11800000000000001
949,0.11800000000000001
950,0.11800000000000001
951,0.11800000000000001
952,0.11800000000000001
953,0.11800000000000001
954,0.11800000000000001
955,0.11800000000000001
956,0.11800000000000001
957,0.11800000000000001
958,0.11800000000000001
959,0.11800000000000001
960,0.11800000000000001
961,0.11800000000000001
962,0.11800000000000001
963,0.11800000000000001
964,0.11800000000000001
965,0.11800000000000001
966,0.11800000000000001
967,0.11800000000000001
968,0.11800000000000001
969,0.11800000000000001
970,0.11800000000000001
971,0.11800000000000001
972,0.11800000000000001
973,0.11800000000000001
974,0.11800000000000001
975,0.11800000000000001
976,0.11800000000000001
977,0.11800000000000001
978,0.11800000000000001
979,0.11800000000000001
980,0.11800000000000001
981,0.11800000000000001
982,0.11800000000000001
983,0.11800000000000001
984,0.11800000000000001
985,0.11800000000000001
986,0.11800000000000001
987,0.11800000000000001
988,0.11800000000000001
989,0.11800000000000001
990,0.11800000000000001
991,0.11800000000000001
992,0.11800000000000001
993,0.11800000000000001
994,0.11800000000000001
995,0.11800000000000001
996,0.11800000000000001
997,0.11800000000000001
998,0.11800000000000001
999,0.11800000000000001
1000,0.11800000000000001
1001,0.11800000000000001
1002,0.11800000000000001
1003,0.11800000000000001
1004,0.11800000000000001
1005,0.11800000000000001
1006,0.11800000000000001
1007,0.11800000000000001
1008,0.11800000000000001
1009,0.11800000000000001
1010,0.11800000000000001
1011,0.11800000000000001
1012,0.11800000000000001
1013,0.11800000000000001
1014,0.11800000000000001
1015,0.11800000000000001
1016,0.11800000000000001
1017,0.11800000000000001
1018,0.11800000000000001
1019,0.11800000000000001
1020,0.11800000000000001
1021,0.11800000000000001
1022,0.11800000000000001
1023,0.11800000000000001
1024,0.11800000000000001
1025,0.11800000000000001
1026,0.11800000000000001
1027,0.11800000000000001
1028,0.11800000000000001
1029,0.11800000000000001
1030,0.11800000000000001
1031,0.11800000000000001
1032,0.11800000000000001
1033,0.11800000000000001
1034,0.11800000000000001
1035,0.11800000000000001
1036,0.11800000000000001
1037,0.11800000000000001
1038,0.11800000000000001
1039,0.11800000000000001
1040,0.11800000000000001
1041,0.11800000000000001
1042,0.11800000000000001
1043,0.11800000000000001
1044,0.11800000000000001
1045,0.11800000000000001
1046,0.11800000000000001
1047,0.11800000000000001
1048,0.11800000000000001
1049,0.11800000000000001
1050,0.11800000000000001
1051,0.11800000000000001
1052,0.11800000000000001
1053,0.11800000000000001
1054,0.11800000000000001
1055,0.11800000000000001
1056,0.11800000000000001
1057,0.11800000000000001
1058,0.11800000000000001
1059,0.11800000000000001
1060,0.11800000000000001
1061,0.11800000000000001
1062,0.11800000000000001
1063,0.11800000000000001
1064,0.11800000000000001
1065,0.11800000000000001
1066,0.11800000000000001
1067,0.11800000000000001
1068,0.11800000000000001
1069,0.11800000000000001
1070,0.11800000000000001
1071,0.11800000000000001
1072,0.11800000000000001
1073,0.11800000000000001
1074,0.11800000000000001
1075,0.11800000000000001
1076,0.11800000000000001
1077,0.11800000000000001
1078,0.11800000000000001
1079,0.11800000000000001
1080,0.11800000000000001
1081,0.11800000000000001
1082,0.11800000000000001
1083,0.11800000000000001
1084,0.11800000000000001
1085,0.11800000000000001
1086,0.11800000000000001
1087,0.11800000000000001
1088,0.11800000000000001
1089,0.11800000000000001
1090,0.11800000000000001
1091,0.11800000000000001
1092,0.11800000000000001
1093,0.11800000000000001
1094,0.11800000000000001
1095,0.11800000000000001
1096,0.11800000000000001
1097,0.11800000000000001
1098,0.11800000000000001
1099,0.11800000000000001
1100,0.11800000000000001
1101,0.11800000000000001
1102,0.11800000000000001
1103,0.11800000000000001
1104,0.11800000000000001
1105,0.11800000000000001
1106,0.11800000000000001
1107,0.11800000000000001
1108,0.11800000000000001
1109,0.11800000000000001
1110,0.11800000000000001
1111,0.11800000000000001
1112,0.11800000000000001
1113,0.11800000000000001
1114,0.11800000000000001
1115,0.11800000000000001
1116,0.11800000000000001
1117,0.11800000000000001
1118,0.11800000000000001
1119,0.11800000000000001
1120,0.11800000000000001
1121,0.11800000000000001
1122,0.11800000000000001
1123,0.11800000000000001
1124,0.11800000000000001
1125,0.11800000000000001
1126,0.11800000000000001
1127,0.11800000000000001
1128,0.11800000000000001
1129,0.11800000000000001
1130,0.11800000000000001
1131,0.11800000000000001
1132,0.11800000000000001
1133,0.11800000000000001
1134,0.11800000000000001
1135,0.11800000000000001
1136,0.11800000000000001
1137,0.11800000000000001
1138,0.11800000000000001
1139,0.11800000000000001
1140,0.11800000000000001
1141,0.11800000000000001
1142,0.11800000000000001
1143,0.11800000000000001
1144,0.11800000000000001
1145,0.11800000000000001
1146,0.11800000000000001
1147,0.11800000000000001
1148,0.11800000000000001
1149,0.11800000000000001
1150,0.11800000000000001
1151,0.11800000000000001
1152,0.11800000000000001
1153,0.11800000000000001
1154,0.11800000000000001
1155,0.11800000000000001
1156,0.11800000000000001
1157,0.11800000000000001
1158,0.11800000000000001
1159,0.11800000000000001
1160,0.11800000000000001
1161,0.11800000000000001
1162,0.11800000000000001
1163,0.11800000000000001
1164,0.11800000000000001
1165,0.11800000000000001
1166,0.11800000000000001
1167,0.11800000000000001
1168,0.11800000000000001
1169,0.11800000000000001
1170,0.11800000000000001
1171,0.11800000000000001
1172,0.11800000000000001
1173,0.11800000000000001
1174,0.11800000000000001
1175,0.11800000000000001
1176,0.11800000000000001
1177,0.11800000000000001
1178,0.11800000000000001
1179,0.11800000000000001
1180,0.11800000000000001
1181,0.11800000000000001
1182,0.11800000000000001
1183,0.11800000000000001
1184,0.11800000000000001
1185,0.11800000000000001
1186,0.11800000000000001
1187,0.11800000000000001
1188,0.11800000000000001
1189,0.11800000000000001
1190,0.11800000000000001
1191,0.11800000000000001
1192,0.11800000000000001
1193,0.11800000000000001
1194,0.11800000000000001
1195,0.11800000000000001
1196,0.11800000000000001
1197,0.11800000000000001
1198,0.11800000000000001
1199,0.11800000000000001
1200,0.11800000000000001
1201,0.11800000000000001
1202,0.11800000000000001
1203,0.11800000000000001
1204,0.11800000000000001
1205,0.11800000000000001
1206,0.11800000000000001
1207,0.11800000000000001
1208,0.11800000000000001
1209,0.11800000000000001
1210,0.11800000000000001
1211,0.11800000000000001
1212,0.11800000000000001
1213,0.11800000000000001
1214,0.11800000000000001
1215,0.11800000000000001
1216,0.11800000000000001
1217,0.11800000000000001
1218,0.11800000000000001
1219,0.11800000000000001
1220,0.11800000000000001
1221,0.11800000000000001
1222,0.11800000000000001
1223,0.11800000000000001
1224,0.11800000000000001
1225,0.11800000000000001
1226,0.11800000000000001
1227,0.11800000000000001
1228,0.11800000000000001
1229,0.11800000000000001
1230,0.11800000000000001
1231,0.11800000000000001
1232,0.11800000000000001
1233,0.11800000000000001
1234,0.11800000000000001
1235,0.11800000000000001
1236,0.11800000000000001
1237,0.11800000000000001
1238,0.11800000000000001
1239,0.11800000000000001
1240,0.11800000000000001
1241,0.11800000000000001
1242,0.11800000000000001
1243,0.11800000000000001
1244,0.11800000000000001
1245,0.11800000000000001
1246,0.11800000000000001
1247,0.11800000000000001
1248,0.11800000000000001
1249,0.11800000000000001
1250,0.11800000000000001
1251,0.11800000000000001
1252,0.11800000000000001
1253,0.11800000000000001
1254,0.11800000000000001
1255,0.11800000000000001
1256,0.11800000000000001
1257,0.11800000000000001
1258,0.11800000000000001
1259,0.11800000000000001
1260,0.11800000000000001
1261,0.11800000000000001
1262,0.11800000000000001
1263,0.11800000000000001
1264,0.11800000000000001
1265,0.11800000000000001
1266,0.11800000000000001
1267,0.11800000000000001
1268,0.11800000000000001
1269,0.11800000000000001
1270,0.11800000000000001
1271,0.11800000000000001
1272,0.11800000000000001
1273,0.11800000000000001
1274,0.11800000000000001
1275,0.11800000000000001
1276,0.11800000000000001
1277,0.11800000000000001
1278,0.11800000000000001
1279,0.11800000000000001
1280,0.11800000000000001
1281,0.11800000000000001
1282,0.11800000000000001
1283,0.11800000000000001
1284,0.11800000000000001
1285,0.11800000000000001
1286,0.11800000000000001
1287,0.11800000000000001
1288,0.11800000000000001
1289,0.11800000000000001
1290,0.11800000000000001
1291,0.11800000000000001
1292,0.11800000000000001
1293,0.11800000000000001
1294,0.11800000000000001
1295,0.11800000000000001
1296,0.11800000000000001
1297,0.11800000000000001
1298,0.11800000000000001
1299,0.11800000000000001
1300,0.11800000000000001
1301,0.11800000000000001
1302,0.11800000000000001
1303,0.11800000000000001
1304,0.11800000000000001
1305,0.11800000000000001
1306,0.11800000000000001
1307,0.11800000000000001
1308,0.11800000000000001
1309,0.11800000000000001
1310,0.11800000000000001
1311,0.11800000000000001
1312,0.11800000000000001
1313,0.11800000000000001
1314,0.11800000000000001
1315,0.11800000000000001
1316,0.11800000000000001
1317,0.11800000000000001
1318,0.11800000000000001
1319,0.11800000000000001
1320,0.11800000000000001
1321,0.11800000000000001
1322,0.11800000000000001
1323,0.11800000000000001
1324,0.11800000000000001
1325,0.11800000000000001
1326,0.11800000000000001
1327,0.11800000000000001
1328,0.11800000000000001
1329,0.11800000000000001
1330,0.11800000000000001
1331,0.11800000000000001
1332,0.11800000000000001
1333,0.11800000000000001
1334,0.11800000000000001
1335,0.11800000000000001
1336,0.11800000000000001
1337,0.11800000000000001
1338,0.11800000000000001
1339,0.11800000000000001
1340,0.11800000000000001
1341,0.11800000000000001
1342,0.11800000000000001
1343,0.11800000000000001
1344,0.11800000000000001
1345,0.11800000000000001
1346,0.11800000000000001
1347,0.11800000000000001
1348,0.11800000000000001
1349,0.11800000000000001
1350,0.11800000000000001
1351,0.11800000000000001
1352,0.11800000000000001
1353,0.11800000000000001
1354,0.11800000000000001
1355,0.11800000000000001
1356,0.11800000000000001
1357,0.11800000000000001
1358,0.11800000000000001
1359,0.11800000000000001
1360,0.11800000000000001
1361,0.11800000000000001
1362,0.11800000000000001
1363,0.11800000000000001
1364,0.11800000000000001
1365,0.11800000000000001
1366,0.11800000000000001
1367,0.11800000000000001
1368,0.11800000000000001
1369,0.11800000000000001
1370,0.11800000000000001
1371,0.11800000000000001
1372,0.11800000000000001
1373,0.11800000000000001
1374,0.11800000000000001
1375,0.11800000000000001
1376,0.11800000000000001
1377,0.11800000000000001
1378,0.11800000000000001
1379,0.11800000000000001
1380,0.11800000000000001
1381,0.11800000000000001
1382,0.11800000000000001
1383,0.11800000000000001
1384,0.11800000000000001
1385,0.11800000000000001
1386,0.11800000000000001
1387,0.11800000000000001
1388,0.11800000000000001
1389,0.11800000000000001
1390,0.11800000000000001
1391,0.11800000000000001
1392,0.11800000000000001
1393,0.11800000000000001
1394,0.11800000000000001
1395,0.11800000000000001
1396,0.11800000000000001
1397,0.11800000000000001
1398,0.11800000000000001
1399,0.11800000000000001
1400,0.11800000000000001
1401,0.11800000000000001
1402,0.11800000000000001
1403,0.11800000000000001
1404,0.11800000000000001
1405,0.11800000000000001
1406,0.11800000000000001
1407,0.11800000000000001
1408,0.11800000000000001
1409,0.11800000000000001
1410,0.11800000000000001
1411,0.11800000000000001
1412,0.11800000000000001
1413,0.11800000000000001
1414,0.11800000000000001
1415,0.11800000000000001
1416,0.11800000000000001
1417,0.11800000000000001
1418,0.11800000000000001
1419,0.11800000000000001
1420,0.11800000000000001
1421,0.11800000000000001
1422,0.11800000000000001
1423,0.11800000000000001
1424,0.11800000000000001
1425,0.11800000000000001
1426,0.11800000000000001
1427,0.11800000000000001
1428,0.11800000000000001
1429,0.11800000000000001
1430,0.11800000000000001
1431,0.11800000000000001
1432,0.11800000000000001
1433,0.11800000000000001
1434,0.11800000000000001
1435,0.11800000000000001
1436,0.11800000000000001
1437,0.11800000000000001
1438,0.11800000000000001
1439,0.11800000000000001
1440,0.11800000000000001
1441,0.11800000000000001
1442,0.11800000000000001
1443,0.11800000000000001
1444,0.11800000000000001
1445,0.11800000000000001
1446,0.11800000000000001
1447,0.11800000000000001
1448,0.11800000000000001
1449,0.11800000000000001
1450,0.11800000000000001
1451,0.11800000000000001
1452,0.11800000000000001
1453,0.11800000000000001
1454,0.11800000000000001
1455,0.11800000000000001
1456,0.11800000000000001
1457,0.11800000000000001
1458,0.11800000000000001
1459,0.11800000000000001
1460,0.11800000000000001
1461,0.11800000000000001
1462,0.11800000000000001
1463,0.11800000000000001
1464,0.11800000000000001
1465,0.11800000000000001
1466,0.11800000000000001
1467,0.11800000000000001
1468,0.11800000000000001
1469,0.11800000000000001
1470,0.11800000000000001
1471,0.11800000000000001
1472,0.11800000000000001
1473,0.11800000000000001
1474,0.11800000000000001
1475,0.11800000000000001
1476,0.11800000000000001
1477,0.11800000000000001
1478,0.11800000000000001
1479,0.11800000000000001
1480,0.11800000000000001
1481,0.11800000000000001
1482,0.11800000000000001
1483,0.11800000000000001
1484,0.11800000000000001
1485,0.11800000000000001
1486,0.11800000000000001
1487,0.11800000000000001
1488,0.11800000000000001
1489,0.11800000000000001
1490,0.11800000000000001
1491,0.11800000000000001
1492,0.11800000000000001
1493,0.11800000000000001
1494,0.11800000000000001
1495,0.11800000000000001
1496,0.11800000000000001
1497,0.11800000000000001
1498,0.11800000000000001
1499,0.11800000000000001
1500,0.11800000000000001
1501,0.11800000000000001
1502,0.11800000000000001
1503,0.11800000000000001
1504,0.11800000000000001
1505,0.11800000000000001
1506,0.11800000000000001
1507,0.11800000000000001
1508,0.11800000000000001
1509,0.11800000000000001
1510,0.11800000000000001
1511,0.11800000000000001
1512,0.11800000000000001
1513,0.11800000000000001
1514,0.11800000000000001
1515,0.11800000000000001
1516,0.11800000000000001
1517,0.11800000000000001
1518,0.11800000000000001
1519,0.11800000000000001
1520,0.11800000000000001
1521,0.11800000000000001
1522,0.11800000000000001
1523,0.11800000000000001
1524,0.11800000000000001
1525,0.11800000000000001
1526,0.11800000000000001
1527,0.11800000000000001
1528,0.11800000000000001
1529,0.11800000000000001
1530,0.11800000000000001
1531,0.11800000000000001
1532,0.11800000000000001
1533,0.11800000000000001
1534,0.11800000000000001
1535,0.11800000000000001
1536,0.11800000000000001
1537,0.11800000000000001
1538,0.11800000000000001
1539,0.11800000000000001
1540,0.11800000000000001
1541,0.11800000000000001
1542,0.11800000000000001
1543,0.11800000000000001
1544,0.11800000000000001
1545,0.11800000000000001
1546,0.11800000000000001
1547,0.11800000000000001
1548,0.11800000000000001
1549,0.11800000000000001
1550,0.11800000000000001
1551,0.11800000000000001
1552,0.11800000000000001
1553,0.11800000000000001
1554,0.11800000000000001
1555,0.11800000000000001
1556,0.11800000000000001
1557,0.11800000000000001
1558,0.11800000000000001
1559,0.11800000000000001
1560,0.11800000000000001
1561,0.11800000000000001
1562,0.11800000000000001
1563,0.11800000000000001
1564,0.11800000000000001
1565,0.11800000000000001
1566,0.11800000000000001
1567,0.11800000000000001
1568,0.11800000000000001
1569,0.11800000000000001
1570,0.11800000000000001
1571,0.11800000000000001
1572,0.11800000000000001
1573,0.11800000000000001
1574,0.11800000000000001
1575,0.11800000000000001
1576,0.11800000000000001
1577,0.11800000000000001
1578,0.11800000000000001
1579,0.11800000000000001
1580,0.11800000000000001
1581,0.11800000000000001
1582,0.11800000000000001
1583,0.11800000000000001
1584,0.11800000000000001
1585,0.11800000000000001
1586,0.11800000000000001
1587,0.11800000000000001
1588,0.11800000000000001
1589,0.11800000000000001
1590,0.11800000000000001
1591,0.11800000000000001
1592,0.11800000000000001
1593,0.11800000000000001
1594,0.11800000000000001
1595,0.11800000000000001
1596,0.11800000000000001
1597,0.11800000000000001
1598,0.11800000000000001
1599,0.11800000000000001
1600,0.11800000000000001
1601,0.11800000000000001
1602,0.11800000000000001
1603,0.11800000000000001
1604,0.11800000000000001
1605,0.11800000000000001
1606,0.11800000000000001
1607,0.11800000000000001
1608,0.11800000000000001
1609,0.11800000000000001
1610,0.11800000000000001
1611,0.11800000000000001
1612,0.11800000000000001
1613,0.11800000000000001
1614,0.11800000000000001
1615,0.11800000000000001
1616,0.11800000000000001
1617,0.11800000000000001
1618,0.11800000000000001
1619,0.11800000000000001
1620,0.11800000000000001
1621,0.11800000000000001
1622,0.11800000000000001
1623,0.11800000000000001
1624,0.11800000000000001
1625,0.11800000000000001
1626,0.11800000000000001
1627,0.11800000000000001
1628,0.11800000000000001
1629,0.11800000000000001
1630,0.11800000000000001
1631,0.11800000000000001
1632,0.11800000000000001
1633,0.11800000000000001
1634,0.11800000000000001
1635,0.11800000000000001
1636,0.11800000000000001
1637,0.11800000000000001
1638,0.11800000000000001
1639,0.11800000000000001
1640,0.11800000000000001
1641,0.11800000000000001
1642,0.11800000000000001
1643,0.11800000000000001
1644,0.11800000000000001
1645,0.11800000000000001
1646,0.11800000000000001
1647,0.11800000000000001
1648,0.11800000000000001
1649,0.11800000000000001
1650,0.11800000000000001
1651,0.11800000000000001
1652,0.11800000000000001
1653,0.11800000000000001
1654,0.11800000000000001
1655,0.11800000000000001
1656,0.11800000000000001
1657,0.11800000000000001
1658,0.11800000000000001
1659,0.11800000000000001
1660,0.11800000000000001
1661,0.11800000000000001
1662,0.11800000000000001
1663,0.11800000000000001
1664,0.11800000000000001
1665,0.11800000000000001
1666,0.11800000000000001
1667,0.11800000000000001
1668,0.11800000000000001
1669,0.11800000000000001
1670,0.11800000000000001
1671,0.11800000000000001
1672,0.11800000000000001
1673,0.11800000000000001
1674,0.11800000000000001
1675,0.11800000000000001
1676,0.11800000000000001
1677,0.11800000000000001
1678,0.11800000000000001
1679,0.11800000000000001
1680,0.11800000000000001
1681,0.11800000000000001
1682,0.11800000000000001
1683,0.11800000000000001
1684,0.11800000000000001
1685,0.11800000000000001
1686,0.11800000000000001
1687,0.11800000000000001
1688,0.11800000000000001
1689,0.11800000000000001
1690,0.11800000000000001
1691,0.11800000000000001
1692,0.11800000000000001
1693,0.11800000000000001
1694,0.11800000000000001
1695,0.11800000000000001
1696,0.11800000000000001
1697,0.11800000000000001
1698,0.11800000000000001
1699,0.11800000000000001
1700,0.11800000000000001
1701,0.11800000000000001
1702,0.11800000000000001
1703,0.11800000000000001
1704,0.11800000000000001
1705,0.11800000000000001
1706,0.11800000000000001
1707,0.11800000000000001
1708,0.11800000000000001
1709,0.11800000000000001
1710,0.11800000000000001
1711,0.11800000000000001
1712,0.11800000000000001
1713,0.11800000000000001
1714,0.11800000000000001
1715,0.11800000000000001
1716,0.11800000000000001
1717,0.11800000000000001
1718,0.11800000000000001
1719,0.11800000000000001
1720,0.11800000000000001
1721,0.11800000000000001
1722,0.11800000000000001
1723,0.11800000000000001
1724,0.11800000000000001
1725,0.11800000000000001
1726,0.11800000000000001
1727,0.11800000000000001
1728,0.11800000000000001
1729,0.11800000000000001
1730,0.11800000000000001
1731,0.11800000000000001
1732,0.11800000000000001
1733,0.11800000000000001
1734,0.11800000000000001
1735,0.11800000000000001
1736,0.11800000000000001
1737,0.11800000000000001
1738,0.11800000000000001
1739,0.11800000000000001
1740,0.11800000000000001
1741,0.11800000000000001
1742,0.11800000000000001
1743,0.11800000000000001
1744,0.11800000000000001
1745,0.11800000000000001
1746,0.11800000000000001
1747,0.11800000000000001
1748,0.11800000000000001
1749,0.11800000000000001
1750,0.11800000000000001
1751,0.11800000000000001
1752,0.11800000000000001
1753,0.11800000000000001
1754,0.11800000000000001
1755,0.11800000000000001
1756,0.11800000000000001
1757,0.11800000000000001
1758,0.11800000000000001
1759,0.11800000000000001
1760,0.11800000000000001
1761,0.11800000000000001
1762,0.11800000000000001
1763,0.11800000000000001
1764,0.11800000000000001
1765,0.11800000000000001
1766,0.11800000000000001
1767,0.11800000000000001
1768,0.11800000000000001
1769,0.11800000000000001
1770,0.11800000000000001
1771,0.11800000000000001
1772,0.11800000000000001
1773,0.11800000000000001
1774,0.11800000000000001
1775,0.11800000000000001
1776,0.11800000000000001
1777,0.11800000000000001
1778,0.11800000000000001
1779,0.11800000000000001
1780,0.11800000000000001
1781,0.11800000000000001
1782,0.11800000000000001
1783,0.11800000000000001
1784,0.11800000000000001
1785,0.11800000000000001
1786,0.11800000000000001
1787,0.11800000000000001
1788,0.11800000000000001
1789,0.11800000000000001
1790,0.11800000000000001
1791,0.11800000000000001
1792,0.11800000000000001
1793,0.11800000000000001
1794,0.11800000000000001
1795,0.11800000000000001
1796,0.11800000000000001
1797,0.11800000000000001
1798,0.11800000000000001
1799,0.11800000000000001
1800,0.11800000000000001
1801,0.11800000000000001
1802,0.11800000000000001
1803,0.11800000000000001
1804,0.11800000000000001
1805,0.11800000000000001
1806,0.11800000000000001
1807,0.11800000000000001
1808,0.11800000000000001
1809,0.11800000000000001
1810,0.11800000000000001
1811,0.11800000000000001
1812,0.11800000000000001
1813,0.11800000000000001
1814,0.11800000000000001
1815,0.11800000000000001
1816,0.11800000000000001
1817,0.11800000000000001
1818,0.11800000000000001
1819,0.11800000000000001
1820,0.11800000000000001
1821,0.11800000000000001
1822,0.11800000000000001
1823,0.11800000000000001
1824,0.11800000000000001
1825,0.11800000000000001
1826,0.11800000000000001
1827,0.11800000000000001
1828,0.11800000000000001
1829,0.11800000000000001
1830,0.11800000000000001
1831,0.11800000000000001
1832,0.11800000000000001
1833,0.11800000000000001
1834,0.11800000000000001
1835,0.11800000000000001
1836,0.11800000000000001
1837,0.11800000000000001
1838,0.11800000000000001
1839,0.11800000000000001
1840,0.11800000000000001
1841,0.11800000000000001
1842,0.11800000000000001
1843,0.11800000000000001
1844,0.11800000000000001
1845,0.11800000000000001
1846,0.11800000000000001
1847,0.11800000000000001
1848,0.11800000000000001
1849,0.11800000000000001
1850,0.11800000000000001
1851,0.11800000000000001
1852,0.11800000000000001
1853,0.11800000000000001
1854,0.11800000000000001
1855,0.11800000000000001
1856,0.11800000000000001
1857,0.11800000000000001
1858,0.11800000000000001
1859,0.11800000000000001
1860,0.11800000000000001
1861,0.11800000000000001
1862,0.11800000000000001
1863,0.11800000000000001
1864,0.11800000000000001
1865,0.11800000000000001
1866,0.11800000000000001
1867,0.11800000000000001
1868,0.11800000000000001
1869,0.11800000000000001
1870,0.11800000000000001
1871,0.11800000000000001
1872,0.11800000000000001
1873,0.11800000000000001
1874,0.11800000000000001
1875,0.11800000000000001
1876,0.11800000000000001
1877,0.11800000000000001
1878,0.11800000000000001
1879,0.11800000000000001
1880,0.11800000000000001
1881,0.11800000000000001
1882,0.11800000000000001
1883,0.11800000000000001
1884,0.11800000000000001
1885,0.11800000000000001
1886,0.11800000000000001
1887,0.11800000000000001
1888,0.11800000000000001
1889,0.11800000000000001
1890,0.11800000000000001
1891,0.11800000000000001
1892,0.11800000000000001
1893,0.11800000000000001
1894,0.11800000000000001
1895,0.11800000000000001
1896,0.11800000000000001
1897,0.11800000000000001
1898,0.11800000000000001
1899,0.11800000000000001
1900,0.11800000000000001
1901,0.11800000000000001
1902,0.11800000000000001
1903,0.11800000000000001
1904,0.11800000000000001
1905,0.11800000000000001
1906,0.11800000000000001
1907,0.11800000000000001
1908,0.11800000000000001
1909,0.11800000000000001
1910,0.11800000000000001
1911,0.11800000000000001
1912,0.11800000000000001
1913,0.11800000000000001
1914,0.11800000000000001
1915,0.11800000000000001
1916,0.11800000000000001
1917,0.11800000000000001
1918,0.11800000000000001
1919,0.11800000000000001
1920,0.11800000000000001
1921,0.11800000000000001
1922,0.11800000000000001
1923,0.11800000000000001
1924,0.11800000000000001
1925,0.11800000000000001
1926,0.11800000000000001
1927,0.11800000000000001
1928,0.11800000000000001
1929,0.11800000000000001
1930,0.11800000000000001
1931,0.11800000000000001
1932,0.11800000000000001
1933,0.11800000000000001
1934,0.11800000000000001
1935,0.11800000000000001
1936,0.11800000000000001
1937,0.11800000000000001
1938,0.11800000000000001
1939,0.11800000000000001
1940,0.11800000000000001
1941,0.11800000000000001
1942,0.11800000000000001
1943,0.11800000000000001
1944,0.11800000000000001
1945,0.11800000000000001
1946,0.11800000000000001
1947,0.11800000000000001
1948,0.11800000000000001
1949,0.11800000000000001
1950,0.11800000000000001
1951,0.11800000000000001
1952,0.11800000000000001
1953,0.11800000000000001
1954,0.11800000000000001
1955,0.11800000000000001
1956,0.11800000000000001
1957,0.11800000000000001
1958,0.11800000000000001
1959,0.11800000000000001
1960,0.11800000000000001
1961,0.11800000000000001
1962,0.11800000000000001
1963,0.11800000000000001
1964,0.11800000000000001
1965,0.11800000000000001
1966,0.11800000000000001
1967,0.11800000000000001
1968,0.11800000000000001
1969,0.11800000000000001
1970,0.11800000000000001
1971,0.11800000000000001
1972,0.11800000000000001
1973,0.11800000000000001
1974,0.11800000000000001
1975,0.11800000000000001
1976,0.11800000000000001
1977,0.11800000000000001
1978,0.11800000000000001
1979,0.11800000000000001
1980,0.11800000000000001
1981,0.11800000000000001
1982,0.11800000000000001
1983,0.11800000000000001
1984,0.11800000000000001
1985,0.11800000000000001
1986,0.11800000000000001
1987,0.11800000000000001
1988,0.11800000000000001
1989,0.11800000000000001
1990,0.11800000000000001
1991,0.11800000000000001
1992,0.11800000000000001
1993,0.11800000000000001
1994,0.11800000000000001
1995,0.11800000000000001
1996,0.11800000000000001
1997,0.11800000000000001
1998,0.11800000000000001
1999,0.11800000000000001
2000,0.11800000000000001
2001,0.11800000000000001
2002,0.11800000000000001
2003,0.11800000000000001
2004,0.11800000000000001
2005,0.11800000000000001
2006,0.11800000000000001
2007,0.11800000000000001
2008,0.11800000000000001
2009,0.11800000000000001
2010,0.11800000000000001
2011,0.11800000000000001
2012,0.11800000000000001
2013,0.11800000000000001
2014,0.11800000000000001
2015,0.11800000000000001
2016,0.11800000000000001
2017,0.11800000000000001
2018,0.11800000000000001
2019,0.11800000000000001
2020,0.11800000000000001
2021,0.11800000000000001
2022,0.11800000000000001
2023,0.11800000000000001
2024,0.11800000000000001
2025,0.11800000000000001
2026,0.11800000000000001
2027,0.11800000000000001
2028,0.11800000000000001
2029,0.11800000000000001
2030,0.11800000000000001
2031,0.11800000000000001
2032,0.11800000000000001
2033,0.11800000000000001
2034,0.11800000000000001
2035,0.11800000000000001
2036,0.11800000000000001
2037,0.11800000000000001
2038,0.11800000000000001
2039,0.11800000000000001
2040,0.11800000000000001
2041,0.11800000000000001
2042,0.11800000000000001
2043,0.11800000000000001
2044,0.11800000000000001
2045,0.11800000000000001
2046,0.11800000000000001
2047,0.11800000000000001
2048,0.11800000000000001
2049,0.11800000000000001
2050,0.11800000000000001
2051,0.11800000000000001
2052,0.11800000000000001
2053,0.11800000000000001
2054,0.11800000000000001
2055,0.11800000000000001
2056,0.11800000000000001
2057,0.11800000000000001
2058,0.11800000000000001
2059,0.11800000000000001
2060,0.11800000000000001
2061,0.11800000000000001
2062,0.11800000000000001
2063,0.11800000000000001
2064,0.11800000000000001
2065,0.11800000000000001
2066,0.11800000000000001
2067,0.11800000000000001
2068,0.11800000000000001
2069,0.11800000000000001
2070,0.11800000000000001
2071,0.11800000000000001
2072,0.11800000000000001
2073,0.11800000000000001
2074,0.11800000000000001
2075,0.11800000000000001
2076,0.11800000000000001
2077,0.11800000000000001
2078,0.11800000000000001
2079,0.11800000000000001
2080,0.11800000000000001
2081,0.11800000000000001
2082,0.11800000000000001
2083,0.11800000000000001
2084,0.11800000000000001
2085,0.11800000000000001
2086,0.11800000000000001
2087,0.11800000000000001
2088,0.11800000000000001
2089,0.11800000000000001
2090,0.11800000000000001
2091,0.11800000000000001
2092,0.11800000000000001
2093,0.11800000000000001
2094,0.11800000000000001
2095,0.11800000000000001
2096,0.11800000000000001
2097,0.11800000000000001
2098,0.11800000000000001
2099,0.11800000000000001
2100,0.11800000000000001
2101,0.11800000000000001
2102,0.11800000000000001
2103,0.11800000000000001
2104,0.11800000000000001
2105,0.11800000000000001
2106,0.11800000000000001
2107,0.11800000000000001
2108,0.11800000000000001
2109,0.11800000000000001
2110,0.11800000000000001
2111,0.11800000000000001
2112,0.11800000000000001
2113,0.11800000000000001
2114,0.11800000000000001
2115,0.11800000000000001
2116,0.11800000000000001
2117,0.11800000000000001
2118,0.11800000000000001
2119,0.11800000000000001
2120,0.11800000000000001
2121,0.11800000000000001
2122,0.11800000000000001
2123,0.11800000000000001
2124,0.11800000000000001
2125,0.11800000000000001
2126,0.11800000000000001
2127,0.11800000000000001
2128,0.11800000000000001
2129,0.11800000000000001
2130,0.11800000000000001
2131,0.11800000000000001
2132,0.11800000000000001
2133,0.11800000000000001
2134,0.11800000000000001
2135,0.11800000000000001
2136,0.11800000000000001
2137,0.11800000000000001
2138,0.11800000000000001
2139,0.11800000000000001
2140,0.11800000000000001
2141,0.11800000000000001
2142,0.11800000000000001
2143,0.11800000000000001
2144,0.11800000000000001
2145,0.11800000000000001
2146,0.11800000000000001
2147,0.11800000000000001
2148,0.11800000000000001
2149,0.11800000000000001
2150,0.11800000000000001
2151,0.11800000000000001
2152,0.11800000000000001
2153,0.11800000000000001
2154,0.11800000000000001
2155,0.11800000000000001
2156,0.11800000000000001
2157,0.11800000000000001
2158,0.11800000000000001
2159,0.11800000000000001
2160,0.11800000000000001
2161,0.11800000000000001
2162,0.11800000000000001
2163,0.11800000000000001
2164,0.11800000000000001
2165,0.11800000000000001
2166,0.11800000000000001
2167,0.11800000000000001
2168,0.11800000000000001
2169,0.11800000000000001
2170,0.11800000000000001
2171,0.11800000000000001
2172,0.11800000000000001
2173,0.11800000000000001
2174,0.11800000000000001
2175,0.11800000000000001
2176,0.11800000000000001
2177,0.11800000000000001
2178,0.11800000000000001
2179,0.11800000000000001
2180,0.11800000000000001
2181,0.11800000000000001
2182,0.11800000000000001
2183,0.11800000000000001
2184,0.11800000000000001
2185,0.11800000000000001
2186,0.11800000000000001
2187,0.11800000000000001
2188,0.11800000000000001
2189,0.11800000000000001
2190,0.11800000000000001
2191,0.11800000000000001
2192,0.11800000000000001
2193,0.11800000000000001
2194,0.11800000000000001
2195,0.11800000000000001
2196,0.11800000000000001
2197,0.11800000000000001
2198,0.11800000000000001
2199,0.11800000000000001
2200,0.11800000000000001
2201,0.11800000000000001
2202,0.11800000000000001
2203,0.11800000000000001
2204,0.11800000000000001
2205,0.11800000000000001
2206,0.11800000000000001
2207,0.11800000000000001
2208,0.11800000000000001
2209,0.11800000000000001
2210,0.11800000000000001
2211,0.11800000000000001
2212,0.11800000000000001
2213,0.11800000000000001
2214,0.11800000000000001
2215,0.11800000000000001
2216,0.11800000000000001
2217,0.11800000000000001
2218,0.11800000000000001
2219,0.11800000000000001
2220,0.11800000000000001
2221,0.11800000000000001
2222,0.11800000000000001
2223,0.11800000000000001
2224,0.11800000000000001
2225,0.11800000000000001
2226,0.11800000000000001
2227,0.11800000000000001
2228,0.11800000000000001
2229,0.11800000000000001
2230,0.11800000000000001
2231,0.11800000000000001
2232,0.11800000000000001
2233,0.11800000000000001
2234,0.11800000000000001
2235,0.11800000000000001
2236,0.11800000000000001
2237,0.11800000000000001
2238,0.11800000000000001
2239,0.11800000000000001
2240,0.11800000000000001
2241,0.11800000000000001
2242,0.11800000000000001
2243,0.11800000000000001
2244,0.11800000000000001
2245,0.11800000000000001
2246,0.11800000000000001
2247,0.11800000000000001
2248,0.11800000000000001
2249,0.11800000000000001
2250,0.11800000000000001
2251,0.11800000000000001
2252,0.11800000000000001
2253,0.11800000000000001
2254,0.11800000000000001
2255,0.11800000000000001
2256,0.11800000000000001
2257,0.11800000000000001
2258,0.11800000000000001
2259,0.11800000000000001
2260,0.11800000000000001
2261,0.11800000000000001
2262,0.11800000000000001
2263,0.11800000000000001
2264,0.11800000000000001
2265,0.11800000000000001
2266,0.11800000000000001
2267,0.11800000000000001
2268,0.11800000000000001
2269,0.11800000000000001
2270,0.11800000000000001
2271,0.11800000000000001
2272,0.11800000000000001
2273,0.11800000000000001
2274,0.11800000000000001
2275,0.11800000000000001
2276,0.11800000000000001
2277,0.11800000000000001
2278,0.11800000000000001
2279,0.11800000000000001
2280,0.11800000000000001
2281,0.11800000000000001
2282,0.11800000000000001
2283,0.11800000000000001
2284,0.11800000000000001
2285,0.11800000000000001
2286,0.11800000000000001
2287,0.11800000000000001
2288,0.11800000000000001
2289,0.11800000000000001
2290,0.11800000000000001
2291,0.11800000000000001
2292,0.11800000000000001
2293,0.11800000000000001
2294,0.11800000000000001
2295,0.11800000000000001
2296,0.11800000000000001
2297,0.11800000000000001
2298,0.11800000000000001
2299,0.11800000000000001
2300,0.11800000000000001
2301,0.11800000000000001
2302,0.11800000000000001
2303,0.11800000000000001
2304,0.11800000000000001
2305,0.11800000000000001
2306,0.11800000000000001
2307,0.11800000000000001
2308,0.11800000000000001
2309,0.11800000000000001
2310,0.11800000000000001
2311,0.11800000000000001
2312,0.11800000000000001
2313,0.11800000000000001
2314,0.11800000000000001
2315,0.11800000000000001
2316,0.11800000000000001
2317,0.11800000000000001
2318,0.11800000000000001
2319,0.11800000000000001
2320,0.11800000000000001
2321,0.11800000000000001
2322,0.11800000000000001
2323,0.11800000000000001
2324,0.11800000000000001
2325,0.11800000000000001
2326,0.11800000000000001
2327,0.11800000000000001
2328,0.11800000000000001
2329,0.11800000000000001
2330,0.11800000000000001
2331,0.11800000000000001
2332,0.11800000000000001
2333,0.11800000000000001
2334,0.11800000000000001
2335,0.11800000000000001
2336,0.11800000000000001
2337,0.11800000000000001
2338,0.11800000000000001
2339,0.11800000000000001
2340,0.11800000000000001
2341,0.11800000000000001
2342,0.11800000000000001
2343,0.11800000000000001
2344,0.11800000000000001
2345,0.11800000000000001
2346,0.11800000000000001
2347,0.11800000000000001
2348,0.11800000000000001
2349,0.11800000000000001
2350,0.11800000000000001
2351,0.11800000000000001
2352,0.11800000000000001
2353,0.11800000000000001
2354,0.11800000000000001
2355,0.11800000000000001
2356,0.11800000000000001
2357,0.11800000000000001
2358,0.11800000000000001
2359,0.11800000000000001
2360,0.11800000000000001
2361,0.11800000000000001
2362,0.11800000000000001
2363,0.11800000000000001
2364,0.11800000000000001
2365,0.11800000000000001
2366,0.11800000000000001
2367,0.11800000000000001
2368,0.11800000000000001
2369,0.11800000000000001
2370,0.11800000000000001
2371,0.11800000000000001
2372,0.11800000000000001
2373,0.11800000000000001
2374,0.11800000000000001
2375,0.11800000000000001
2376,0.11800000000000001
2377,0.11800000000000001
2378,0.11800000000000001
2379,0.11800000000000001
2380,0.11800000000000001
2381,0.11800000000000001
2382,0.11800000000000001
2383,0.11800000000000001
2384,0.11800000000000001
2385,0.11800000000000001
2386,0.11800000000000001
2387,0.11800000000000001
2388,0.11800000000000001
2389,0.11800000000000001
2390,0.11800000000000001
2391,0.11800000000000001
2392,0.11800000000000001
2393,0.11800000000000001
2394,0.11800000000000001
2395,0.11800000000000001
2396,0.11800000000000001
2397,0.11800000000000001
2398,0.11800000000000001
2399,0.11800000000000001
2400,0.11800000000000001
2401,0.11800000000000001
2402,0.11800000000000001
2403,0.11800000000000001
2404,0.11800000000000001
2405,0.11800000000000001
2406,0.11800000000000001
2407,0.11800000000000001
2408,0.11800000000000001
2409,0.11800000000000001
2410,0.11800000000000001
2411,0.11800000000000001
2412,0.11800000000000001
2413,0.11800000000000001
2414,0.11800000000000001
2415,0.11800000000000001
2416,0.11800000000000001
2417,0.11800000000000001
2418,0.11800000000000001
2419,0.11800000000000001
2420,0.11800000000000001
2421,0.11800000000000001
2422,0.11800000000000001
2423,0.11800000000000001
2424,0.11800000000000001
2425,0.11800000000000001
2426,0.11800000000000001
2427,0.11800000000000001
2428,0.11800000000000001
2429,0.11800000000000001
2430,0.11800000000000001
2431,0.11800000000000001
2432,0.11800000000000001
2433,0.11800000000000001
2434,0.11800000000000001
2435,0.11800000000000001
2436,0.11800000000000001
2437,0.11800000000000001
2438,0.11800000000000001
2439,0.11800000000000001
2440,0.11800000000000001
2441,0.11800000000000001
2442,0.11800000000000001
2443,0.11800000000000001
2444,0.11800000000000001
2445,0.11800000000000001
2446,0.11800000000000001
2447,0.11800000000000001
2448,0.11800000000000001
2449,0.11800000000000001
2450,0.11800000000000001
2451,0.11800000000000001
2452,0.11800000000000001
2453,0.11800000000000001
2454,0.11800000000000001
2455,0.11800000000000001
2456,0.11800000000000001
2457,0.11800000000000001
2458,0.11800000000000001
2459,0.11800000000000001
2460,0.11800000000000001
2461,0.11800000000000001
2462,0.11800000000000001
2463,0.11800000000000001
2464,0.11800000000000001
2465,0.11800000000000001
2466,0.11800000000000001
2467,0.11800000000000001
2468,0.11800000000000001
2469,0.11800000000000001
2470,0.11800000000000001
2471,0.11800000000000001
2472,0.11800000000000001
2473,0.11800000000000001
2474,0.11800000000000001
2475,0.11800000000000001
2476,0.11800000000000001
2477,0.11800000000000001
2478,0.11800000000000001
2479,0.11800000000000001
2480,0.11800000000000001
2481,0.11800000000000001
2482,0.11800000000000001
2483,0.11800000000000001
2484,0.11800000000000001
2485,0.11800000000000001
2486,0.11800000000000001
2487,0.11800000000000001
2488,0.11800000000000001
2489,0.11800000000000001
2490,0.11800000000000001
2491,0.11800000000000001
2492,0.11800000000000001
2493,0.11800000000000001
2494,0.11800000000000001
2495,0.11800000000000001
2496,0.11800000000000001
2497,0.11800000000000001
2498,0.11800000000000001
2499,0.11800000000000001
2500,0.11800000000000001
2501,0.11800000000000001
2502,0.11800000000000001
2503,0.11800000000000001
2504,0.11800000000000001
2505,0.11800000000000001
2506,0.11800000000000001
2507,0.11800000000000001
2508,0.11800000000000001
2509,0.11800000000000001
2510,0.11800000000000001
2511,0.11800000000000001
2512,0.11800000000000001
2513,0.11800000000000001
2514,0.11800000000000001
2515,0.11800000000000001
2516,0.11800000000000001
2517,0.11800000000000001
2518,0.11800000000000001
2519,0.11800000000000001
2520,0.11800000000000001
2521,0.11800000000000001
2522,0.11800000000000001
2523,0.11800000000000001
2524,0.11800000000000001
2525,0.11800000000000001
2526,0.11800000000000001
2527,0.11800000000000001
2528,0.11800000000000001
2529,0.11800000000000001
2530,0.11800000000000001
2531,0.11800000000000001
2532,0.11800000000000001
2533,0.11800000000000001
2534,0.11800000000000001
2535,0.11800000000000001
2536,0.11800000000000001
2537,0.11800000000000001
2538,0.11800000000000001
2539,0.11800000000000001
2540,0.11800000000000001
2541,0.11800000000000001
2542,0.11800000000000001
2543,0.11800000000000001
2544,0.11800000000000001
2545,0.11800000000000001
2546,0.11800000000000001
2547,0.11800000000000001
2548,0.11800000000000001
2549,0.11800000000000001
2550,0.11800000000000001
2551,0.11800000000000001
2552,0.11800000000000001
2553,0.11800000000000001
2554,0.11800000000000001
2555,0.11800000000000001
2556,0.11800000000000001
2557,0.11800000000000001
2558,0.11800000000000001
2559,0.11800000000000001
2560,0.11800000000000001
2561,0.11800000000000001
2562,0.11800000000000001
2563,0.11800000000000001
2564,0.11800000000000001
2565,0.11800000000000001
2566,0.11800000000000001
2567,0.11800000000000001
2568,0.11800000000000001
2569,0.11800000000000001
2570,0.11800000000000001
2571,0.11800000000000001
2572,0.11800000000000001
2573,0.11800000000000001
2574,0.11800000000000001
2575,0.11800000000000001
2576,0.11800000000000001
2577,0.11800000000000001
2578,0.11800000000000001
2579,0.11800000000000001
2580,0.11800000000000001
2581,0.11800000000000001
2582,0.11800000000000001
2583,0.11800000000000001
2584,0.11800000000000001
2585,0.11800000000000001
2586,0.11800000000000001
2587,0.11800000000000001
2588,0.11800000000000001
2589,0.11800000000000001
2590,0.11800000000000001
2591,0.11800000000000001
2592,0.11800000000000001
2593,0.11800000000000001
2594,0.11800000000000001
2595,0.11800000000000001
2596,0.11800000000000001
2597,0.11800000000000001
2598,0.11800000000000001
2599,0.11800000000000001
2600,0.11800000000000001
2601,0.11800000000000001
2602,0.11800000000000001
2603,0.11800000000000001
2604,0.11800000000000001
2605,0.11800000000000001
2606,0.11800000000000001
2607,0.11800000000000001
2608,0.11800000000000001
2609,0.11800000000000001
2610,0.11800000000000001
2611,0.11800000000000001
2612,0.11800000000000001
2613,0.11800000000000001
2614,0.11800000000000001
2615,0.11800000000000001
2616,0.11800000000000001
2617,0.11800000000000001
2618,0.11800000000000001
2619,0.11800000000000001
2620,0.11800000000000001
2621,0.11800000000000001
2622,0.11800000000000001
2623,0.11800000000000001
2624,0.11800000000000001
2625,0.11800000000000001
2626,0.11800000000000001
2627,0.11800000000000001
2628,0.11800000000000001
2629,0.11800000000000001
2630,0.11800000000000001
2631,0.11800000000000001
2632,0.11800000000000001
2633,0.11800000000000001
2634,0.11800000000000001
2635,0.11800000000000001
2636,0.11800000000000001
2637,0.11800000000000001
2638,0.11800000000000001
2639,0.11800000000000001
2640,0.11800000000000001
2641,0.11800000000000001
2642,0.11800000000000001
2643,0.11800000000000001
2644,0.11800000000000001
2645,0.11800000000000001
2646,0.11800000000000001
2647,0.11800000000000001
2648,0.11800000000000001
2649,0.11800000000000001
2650,0.11800000000000001
2651,0.11800000000000001
2652,0.11800000000000001
2653,0.11800000000000001
2654,0.11800000000000001
2655,0.11800000000000001
2656,0.11800000000000001
2657,0.11800000000000001
2658,0.11800000000000001
2659,0.11800000000000001
2660,0.11800000000000001
2661,0.11800000000000001
2662,0.11800000000000001
2663,0.11800000000000001
2664,0.11800000000000001
2665,0.11800000000000001
2666,0.11800000000000001
2667,0.11800000000000001
2668,0.11800000000000001
2669,0.11800000000000001
2670,0.11800000000000001
2671,0.11800000000000001
2672,0.11800000000000001
2673,0.11800000000000001
2674,0.11800000000000001
2675,0.11800000000000001
2676,0.11800000000000001
2677,0.11800000000000001
2678,0.11800000000000001
2679,0.11800000000000001
2680,0.11800000000000001
2681,0.11800000000000001
2682,0.11800000000000001
2683,0.11800000000000001
2684,0.11800000000000001
2685,0.11800000000000001
2686,0.11800000000000001
2687,0.11800000000000001
2688,0.11800000000000001
2689,0.11800000000000001
2690,0.11800000000000001
2691,0.11800000000000001
2692,0.11800000000000001
2693,0.11800000000000001
2694,0.11800000000000001
2695,0.11800000000000001
2696,0.11800000000000001
2697,0.11800000000000001
2698,0.11800000000000001
2699,0.11800000000000001
2700,0.11800000000000001
2701,0.11800000000000001
2702,0.11800000000000001
2703,0.11800000000000001
2704,0.11800000000000001
2705,0.11800000000000001
2706,0.11800000000000001
2707,0.11800000000000001
2708,0.11800000000000001
2709,0.11800000000000001
2710,0.11800000000000001
2711,0.11800000000000001
2712,0.11800000000000001
2713,0.11800000000000001
2714,0.11800000000000001
2715,0.11800000000000001
2716,0.11800000000000001
2717,0.11800000000000001
2718,0.11800000000000001
2719,0.11800000000000001
2720,0.11800000000000001
2721,0.11800000000000001
2722,0.11800000000000001
2723,0.11800000000000001
2724,0.11800000000000001
2725,0.11800000000000001
2726,0.11800000000000001
2727,0.11800000000000001
2728,0.11800000000000001
2729,0.11800000000000001
2730,0.11800000000000001
2731,0.11800000000000001
2732,0.11800000000000001
2733,0.11800000000000001
2734,0.11800000000000001
2735,0.11800000000000001
2736,0.11800000000000001
2737,0.11800000000000001
2738,0.11800000000000001
2739,0.11800000000000001
2740,0.11800000000000001
2741,0.11800000000000001
2742,0.11800000000000001
2743,0.11800000000000001
2744,0.11800000000000001
2745,0.11800000000000001
2746,0.11800000000000001
2747,0.11800000000000001
2748,0.11800000000000001
2749,0.11800000000000001
2750,0.11800000000000001
2751,0.11800000000000001
2752,0.11800000000000001
2753,0.11800000000000001
2754,0.11800000000000001
2755,0.11800000000000001
2756,0.11800000000000001
2757,0.11800000000000001
2758,0.11800000000000001
2759,0.11800000000000001
2760,0.11800000000000001
2761,0.11800000000000001
2762,0.11800000000000001
2763,0.11800000000000001
2764,0.11800000000000001
2765,0.11800000000000001
2766,0.11800000000000001
2767,0.11800000000000001
2768,0.11800000000000001
2769,0.11800000000000001
2770,0.11800000000000001
2771,0.11800000000000001
2772,0.11800000000000001
2773,0.11800000000000001
2774,0.11800000000000001
2775,0.11800000000000001
2776,0.11800000000000001
2777,0.11800000000000001
2778,0.11800000000000001
2779,0.11800000000000001
2780,0.11800000000000001
2781,0.11800000000000001
2782,0.11800000000000001
2783,0.11800000000000001
2784,0.11800000000000001
2785,0.11800000000000001
2786,0.11800000000000001
2787,0.11800000000000001
2788,0.11800000000000001
2789,0.11800000000000001
2790,0.11800000000000001
2791,0.11800000000000001
2792,0.11800000000000001
2793,0.11800000000000001
2794,0.11800000000000001
2795,0.11800000000000001
2796,0.11800000000000001
2797,0.11800000000000001
2798,0.11800000000000001
2799,0.11800000000000001
2800,0.11800000000000001
2801,0.11800000000000001
2802,0.11800000000000001
2803,0.11800000000000001
2804,0.11800000000000001
2805,0.11800000000000001
2806,0.11800000000000001
2807,0.11800000000000001
2808,0.11800000000000001
2809,0.11800000000000001
2810,0.11800000000000001
2811,0.11800000000000001
2812,0.11800000000000001
2813,0.11800000000000001
2814,0.11800000000000001
2815,0.11800000000000001
2816,0.11800000000000001
2817,0.11800000000000001
2818,0.11800000000000001
2819,0.11800000000000001
2820,0.11800000000000001
2821,0.11800000000000001
2822,0.11800000000000001
2823,0.11800000000000001
2824,0.11800000000000001
2825,0.11800000000000001
2826,0.11800000000000001
2827,0.11800000000000001
2828,0.11800000000000001
2829,0.11800000000000001
2830,0.11800000000000001
2831,0.11800000000000001
2832,0.11800000000000001
2833,0.11800000000000001
2834,0.11800000000000001
2835,0.11800000000000001
2836,0.11800000000000001
2837,0.11800000000000001
2838,0.11800000000000001
2839,0.11800000000000001
2840,0.11800000000000001
2841,0.11800000000000001
2842,0.11800000000000001
2843,0.11800000000000001
2844,0.11800000000000001
2845,0.11800000000000001
2846,0.11800000000000001
2847,0.11800000000000001
2848,0.11800000000000001
2849,0.11800000000000001
2850,0.11800000000000001
2851,0.11800000000000001
2852,0.11800000000000001
2853,0.11800000000000001
2854,0.11800000000000001
2855,0.11800000000000001
2856,0.11800000000000001
2857,0.11800000000000001
2858,0.11800000000000001
2859,0.11800000000000001
2860,0.11800000000000001
2861,0.11800000000000001
2862,0.11800000000000001
2863,0.11800000000000001
2864,0.11800000000000001
2865,0.11800000000000001
2866,0.11800000000000001
2867,0.11800000000000001
2868,0.11800000000000001
2869,0.11800000000000001
2870,0.11800000000000001
2871,0.11800000000000001
2872,0.11800000000000001
2873,0.11800000000000001
2874,0.11800000000000001
2875,0.11800000000000001
2876,0.11800000000000001
2877,0.11800000000000001
2878,0.11800000000000001
2879,0.11800000000000001
2880,0.11800000000000001
2881,0.11800000000000001
2882,0.11800000000000001
2883,0.11800000000000001
2884,0.11800000000000001
2885,0.11800000000000001
2886,0.11800000000000001
2887,0.11800000000000001
2888,0.11800000000000001
2889,0.11800000000000001
2890,0.11800000000000001
2891,0.11800000000000001
2892,0.11800000000000001
2893,0.11800000000000001
2894,0.11800000000000001
2895,0.11800000000000001
2896,0.11800000000000001
2897,0.11800000000000001
2898,0.11800000000000001
2899,0.11800000000000001
2900,0.11800000000000001
2901,0.11800000000000001
2902,0.11800000000000001
2903,0.11800000000000001
2904,0.11800000000000001
2905,0.11800000000000001
2906,0.11800000000000001
2907,0.11800000000000001
2908,0.11800000000000001
2909,0.11800000000000001
2910,0.11800000000000001
2911,0.11800000000000001
2912,0.11800000000000001
2913,0.11800000000000001
2914,0.11800000000000001
2915,0.11800000000000001
2916,0.11800000000000001
2917,0.11800000000000001
2918,0.11800000000000001
2919,0.11800000000000001
2920,0.11800000000000001
2921,0.11800000000000001
2922,0.11800000000000001
2923,0.11800000000000001
2924,0.11800000000000001
2925,0.11800000000000001
2926,0.11800000000000001
2927,0.11800000000000001
2928,0.11800000000000001
2929,0.11800000000000001
2930,0.11800000000000001
2931,0.11800000000000001
2932,0.11800000000000001
2933,0.11800000000000001
2934,0.11800000000000001
2935,0.11800000000000001
2936,0.11800000000000001
2937,0.11800000000000001
2938,0.11800000000000001
2939,0.11800000000000001
2940,0.11800000000000001
2941,0.11800000000000001
2942,0.11800000000000001
2943,0.11800000000000001
2944,0.11800000000000001
2945,0.11800000000000001
2946,0.11800000000000001
2947,0.11800000000000001
2948,0.11800000000000001
2949,0.11800000000000001
2950,0.11800000000000001
2951,0.11800000000000001
2952,0.11800000000000001
2953,0.11800000000000001
2954,0.11800000000000001
2955,0.11800000000000001
2956,0.11800000000000001
2957,0.11800000000000001
2958,0.11800000000000001
2959,0.11800000000000001
2960,0.11800000000000001
2961,0.11800000000000001
2962,0.11800000000000001
2963,0.11800000000000001
2964,0.11800000000000001
2965,0.11800000000000001
2966,0.11800000000000001
2967,0.11800000000000001
2968,0.11800000000000001
2969,0.11800000000000001
2970,0.11800000000000001
2971,0.11800000000000001
2972,0.11800000000000001
2973,0.11800000000000001
2974,0.11800000000000001
2975,0.11800000000000001
2976,0.11800000000000001
2977,0.11800000000000001
2978,0.11800000000000001
2979,0.11800000000000001
2980,0.11800000000000001
2981,0.11800000000000001
2982,0.11800000000000001
2983,0.11800000000000001
2984,0.11800000000000001
2985,0.11800000000000001
2986,0.11800000000000001
2987,0.11800000000000001
2988,0.11800000000000001
2989,0.11800000000000001
2990,0.11800000000000001
2991,0.11800000000000001
2992,0.11800000000000001
2993,0.11800000000000001
2994,0.11800000000000001
2995,0.11800000000000001
2996,0.11800000000000001
2997,0.11800000000000001
2998,0.11800000000000001
2999,0.11800000000000001
3000,0.11800000000000001
3001,0.11800000000000001
3002,0.11800000000000001
3003,0.11800000000000001
3004,0.11800000000000001
3005,0.11800000000000001
3006,0.11800000000000001
3007,0.11800000000000001
3008,0.11800000000000001
3009,0.11800000000000001
3010,0.11800000000000001
3011,0.11800000000000001
3012,0.11800000000000001
3013,0.11800000000000001
3014,0.11800000000000001
3015,0.11800000000000001
3016,0.11800000000000001
3017,0.11800000000000001
3018,0.11800000000000001
3019,0.11800000000000001
3020,0.11800000000000001
3021,0.11800000000000001
3022,0.11800000000000001
3023,0.11800000000000001
3024,0.11800000000000001
3025,0.11800000000000001
3026,0.11800000000000001
3027,0.11800000000000001
3028,0.11800000000000001
3029,0.11800000000000001
3030,0.11800000000000001
3031,0.11800000000000001
3032,0.11800000000000001
3033,0.11800000000000001
3034,0.11800000000000001
3035,0.11800000000000001
3036,0.11800000000000001
3037,0.11800000000000001
3038,0.11800000000000001
3039,0.11800000000000001
3040,0.11800000000000001
3041,0.11800000000000001
3042,0.11800000000000001
3043,0.11800000000000001
3044,0.11800000000000001
3045,0.11800000000000001
3046,0.11800000000000001
3047,0.11800000000000001
3048,0.11800000000000001
3049,0.11800000000000001
3050,0.11800000000000001
3051,0.11800000000000001
3052,0.11800000000000001
3053,0.11800000000000001
3054,0.11800000000000001
3055,0.11800000000000001
3056,0.11800000000000001
3057,0.11800000000000001
3058,0.11800000000000001
3059,0.11800000000000001
3060,0.11800000000000001
3061,0.11800000000000001
3062,0.11800000000000001
3063,0.11800000000000001
3064,0.11800000000000001
3065,0.11800000000000001
3066,0.11800000000000001
3067,0.11800000000000001
3068,0.11800000000000001
3069,0.11800000000000001
3070,0.11800000000000001
3071,0.11800000000000001
3072,0.11800000000000001
3073,0.11800000000000001
3074,0.11800000000000001
3075,0.11800000000000001
3076,0.11800000000000001
3077,0.11800000000000001
3078,0.11800000000000001
3079,0.11800000000000001
3080,0.11800000000000001
3081,0.11800000000000001
3082,0.11800000000000001
3083,0.11800000000000001
3084,0.11800000000000001
3085,0.11800000000000001
3086,0.11800000000000001
3087,0.11800000000000001
3088,0.11800000000000001
3089,0.11800000000000001
3090,0.11800000000000001
3091,0.11800000000000001
3092,0.11800000000000001
3093,0.11800000000000001
3094,0.11800000000000001
3095,0.11800000000000001
3096,0.11800000000000001
3097,0.11800000000000001
3098,0.11800000000000001
3099,0.11800000000000001
3100,0.11800000000000001
3101,0.11800000000000001
3102,0.11800000000000001
3103,0.11800000000000001
3104,0.11800000000000001
3105,0.11800000000000001
3106,0.11800000000000001
3107,0.11800000000000001
3108,0.11800000000000001
3109,0.11800000000000001
3110,0.11800000000000001
3111,0.11800000000000001
3112,0.11800000000000001
3113,0.11800000000000001
3114,0.11800000000000001
3115,0.11800000000000001
3116,0.11800000000000001
3117,0.11800000000000001
3118,0.11800000000000001
3119,0.11800000000000001
3120,0.11800000000000001
3121,0.11800000000000001
3122,0.11800000000000001
3123,0.11800000000000001
3124,0.11800000000000001
3125,0.11800000000000001
3126,0.11800000000000001
3127,0.11800000000000001
3128,0.11800000000000001
3129,0.11800000000000001
3130,0.11800000000000001
3131,0.11800000000000001
3132,0.11800000000000001
3133,0.11800000000000001
3134,0.11800000000000001
3135,0.11800000000000001
3136,0.11800000000000001
3137,0.11800000000000001
3138,0.11800000000000001
3139,0.11800000000000001
3140,0.11800000000000001
3141,0.11800000000000001
3142,0.11800000000000001
3143,0.11800000000000001
3144,0.11800000000000001
3145,0.11800000000000001
3146,0.11800000000000001
3147,0.11800000000000001
3148,0.11800000000000001
3149,0.11800000000000001
3150,0.11800000000000001
3151,0.11800000000000001
3152,0.11800000000000001
3153,0.11800000000000001
3154,0.11800000000000001
3155,0.11800000000000001
3156,0.11800000000000001
3157,0.11800000000000001
3158,0.11800000000000001
3159,0.11800000000000001
3160,0.11800000000000001
3161,0.11800000000000001
3162,0.11800000000000001
3163,0.11800000000000001
3164,0.11800000000000001
3165,0.11800000000000001
3166,0.11800000000000001
3167,0.11800000000000001
3168,0.11800000000000001
3169,0.11800000000000001
3170,0.11800000000000001
3171,0.11800000000000001
3172,0.11800000000000001
3173,0.11800000000000001
3174,0.11800000000000001
3175,0.11800000000000001
3176,0.11800000000000001
3177,0.11800000000000001
3178,0.11800000000000001
3179,0.11800000000000001
3180,0.11800000000000001
3181,0.11800000000000001
3182,0.11800000000000001
3183,0.11800000000000001
3184,0.11800000000000001
3185,0.11800000000000001
3186,0.11800000000000001
3187,0.11800000000000001
3188,0.11800000000000001
3189,0.11800000000000001
3190,0.11800000000000001
3191,0.11800000000000001
3192,0.11800000000000001
3193,0.11800000000000001
3194,0.11800000000000001
3195,0.11800000000000001
3196,0.11800000000000001
3197,0.11800000000000001
3198,0.11800000000000001
3199,0.11800000000000001
3200,0.11800000000000001
3201,0.11800000000000001
3202,0.11800000000000001
3203,0.11800000000000001
3204,0.11800000000000001
3205,0.11800000000000001
3206,0.11800000000000001
3207,0.11800000000000001
3208,0.11800000000000001
3209,0.11800000000000001
3210,0.11800000000000001
3211,0.11800000000000001
3212,0.11800000000000001
3213,0.11800000000000001
3214,0.11800000000000001
3215,0.11800000000000001
3216,0.11800000000000001
3217,0.11800000000000001
3218,0.11800000000000001
3219,0.11800000000000001
3220,0.11800000000000001
3221,0.11800000000000001
3222,0.11800000000000001
3223,0.11800000000000001
3224,0.11800000000000001
3225,0.11800000000000001
3226,0.11800000000000001
3227,0.11800000000000001
3228,0.11800000000000001
3229,0.11800000000000001
3230,0.11800000000000001
3231,0.11800000000000001
3232,0.11800000000000001
3233,0.11800000000000001
3234,0.11800000000000001
3235,0.11800000000000001
3236,0.11800000000000001
3237,0.11800000000000001
3238,0.11800000000000001
3239,0.11800000000000001
3240,0.11800000000000001
3241,0.11800000000000001
3242,0.11800000000000001
3243,0.11800000000000001
3244,0.11800000000000001
3245,0.11800000000000001
3246,0.11800000000000001
3247,0.11800000000000001
3248,0.11800000000000001
3249,0.11800000000000001
3250,0.11800000000000001
3251,0.11800000000000001
3252,0.11800000000000001
3253,0.11800000000000001
3254,0.11800000000000001
3255,0.11800000000000001
3256,0.11800000000000001
3257,0.11800000000000001
3258,0.11800000000000001
3259,0.11800000000000001
3260,0.11800000000000001
3261,0.11800000000000001
3262,0.11800000000000001
3263,0.11800000000000001
3264,0.11800000000000001
3265,0.11800000000000001
3266,0.11800000000000001
3267,0.11800000000000001
3268,0.11800000000000001
3269,0.11800000000000001
3270,0.11800000000000001
3271,0.11800000000000001
3272,0.11800000000000001
3273,0.11800000000000001
3274,0.11800000000000001
3275,0.11800000000000001
3276,0.11800000000000001
3277,0.11800000000000001
3278,0.11800000000000001
3279,0.11800000000000001
3280,0.11800000000000001
3281,0.11800000000000001
3282,0.11800000000000001
3283,0.11800000000000001
3284,0.11800000000000001
3285,0.11800000000000001
3286,0.11800000000000001
3287,0.11800000000000001
3288,0.11800000000000001
3289,0.11800000000000001
3290,0.11800000000000001
3291,0.11800000000000001
3292,0.11800000000000001
3293,0.11800000000000001
3294,0.11800000000000001
3295,0.11800000000000001
3296,0.11800000000000001
3297,0.11800000000000001
3298,0.11800000000000001
3299,0.11800000000000001
3300,0.11800000000000001
3301,0.11800000000000001
3302,0.11800000000000001
3303,0.11800000000000001
3304,0.11800000000000001
3305,0.11800000000000001
3306,0.11800000000000001
3307,0.11800000000000001
3308,0.11800000000000001
3309,0.11800000000000001
3310,0.11800000000000001
3311,0.11800000000000001
3312,0.11800000000000001
3313,0.11800000000000001
3314,0.11800000000000001
3315,0.11800000000000001
3316,0.11800000000000001
3317,0.11800000000000001
3318,0.11800000000000001
3319,0.11800000000000001
3320,0.11800000000000001
3321,0.11800000000000001
3322,0.11800000000000001
3323,0.11800000000000001
3324,0.11800000000000001
3325,0.11800000000000001
3326,0.11800000000000001
3327,0.11800000000000001
3328,0.11800000000000001
3329,0.11800000000000001
3330,0.11800000000000001
3331,0.11800000000000001
3332,0.11800000000000001
3333,0.11800000000000001
3334,0.11800000000000001
3335,0.11800000000000001
3336,0.11800000000000001
3337,0.11800000000000001
3338,0.11800000000000001
3339,0.11800000000000001
3340,0.11800000000000001
3341,0.11800000000000001
3342,0.11800000000000001
3343,0.11800000000000001
3344,0.11800000000000001
3345,0.11800000000000001
3346,0.11800000000000001
3347,0.11800000000000001
3348,0.11800000000000001
3349,0.11800000000000001
3350,0.11800000000000001
3351,0.11800000000000001
3352,0.11800000000000001
3353,0.11800000000000001
3354,0.11800000000000001
3355,0.11800000000000001
3356,0.11800000000000001
3357,0.11800000000000001
3358,0.11800000000000001
3359,0.11800000000000001
3360,0.11800000000000001
3361,0.11800000000000001
3362,0.11800000000000001
3363,0.11800000000000001
3364,0.11800000000000001
3365,0.11800000000000001
3366,0.11800000000000001
3367,0.11800000000000001
3368,0.11800000000000001
3369,0.11800000000000001
3370,0.11800000000000001
3371,0.11800000000000001
3372,0.11800000000000001
3373,0.11800000000000001
3374,0.11800000000000001
3375,0.11800000000000001
3376,0.11800000000000001
3377,0.11800000000000001
3378,0.11800000000000001
3379,0.11800000000000001
3380,0.11800000000000001
3381,0.11800000000000001
3382,0.11800000000000001
3383,0.11800000000000001
3384,0.11800000000000001
3385,0.11800000000000001
3386,0.11800000000000001
3387,0.11800000000000001
3388,0.11800000000000001
3389,0.11800000000000001
3390,0.11800000000000001
3391,0.11800000000000001
3392,0.11800000000000001
3393,0.11800000000000001
3394,0.11800000000000001
3395,0.11800000000000001
3396,0.11800000000000001
3397,0.11800000000000001
3398,0.11800000000000001
3399,0.11800000000000001
3400,0.11800000000000001
3401,0.11800000000000001
3402,0.11800000000000001
3403,0.11800000000000001
3404,0.11800000000000001
3405,0.11800000000000001
3406,0.11800000000000001
3407,0.11800000000000001
3408,0.11800000000000001
3409,0.11800000000000001
3410,0.11800000000000001
3411,0.11800000000000001
3412,0.11800000000000001
3413,0.11800000000000001
3414,0.11800000000000001
3415,0.11800000000000001
3416,0.11800000000000001
3417,0.11800000000000001
3418,0.11800000000000001
3419,0.11800000000000001
3420,0.11800000000000001
3421,0.11795833333333335
3422,0.11791666666666667
3423,0.11787500000000001
3424,0.11783333333333335
3425,0.11779166666666667
3426,0.11775000000000001
3427,0.11770833333333333
3428,0.11766666666666667
3429,0.11762500000000001
3430,0.11758333333333333
3431,0.11754166666666667
3432,0.1175
3433,0.11745833333333333
3434,0.11741666666666667
3435,0.117375
3436,0.11733333333333333
3437,0.11729166666666667
3438,0.11725
3439,0.11720833333333333
3440,0.11716666666666667
3441,0.11712499999999999
3442,0.11708333333333333
3443,0.11704166666666665
3444,0.11699999999999999
3445,0.11699999999999999
3446,0.11699999999999999
3447,0.11699999999999999
3448,0.11699999999999999
3449,0.11699999999999999
3450,0.11699999999999999
3451,0.11699999999999999
3452,0.11699999999999999
3453,0.11699999999999999
3454,0.11699999999999999
3455,0.11699999999999999
3456,0.11699999999999999
3457,0.11699999999999999
3458,0.11699999999999999
3459,0.11699999999999999
3460,0.11699999999999999
3461,0.11699999999999999
3462,0.11699999999999999
3463,0.11699999999999999
3464,0.11699999999999999
3465,0.11699999999999999
3466,0.11699999999999999
3467,0.11699999999999999
3468,0.11699999999999999
3469,0.11699999999999999
3470,0.11699999999999999
3471,0.11699999999999999
3472,0.11699999999999999
3473,0.11699999999999999
3474,0.11699999999999999
3475,0.11699999999999999
3476,0.11699999999999999
3477,0.11699999999999999
3478,0.11699999999999999
3479,0.11699999999999999
3480,0.11699999999999999
3481,0.11699999999999999
3482,0.11699999999999999
3483,0.11699999999999999
3484,0.11699999999999999
3485,0.11699999999999999
3486,0.11699999999999999
3487,0.11699999999999999
3488,0.11699999999999999
3489,0.11699999999999999
3490,0.11699999999999999
3491,0.11699999999999999
3492,0.11699999999999999
3493,0.11699999999999999
3494,0.11699999999999999
3495,0.11699999999999999
3496,0.11699999999999999
3497,0.11699999999999999
3498,0.11699999999999999
3499,0.11699999999999999
3500,0.11699999999999999
3501,0.11699999999999999
3502,0.11699999999999999
3503,0.11699999999999999
3504,0.11699999999999999
3505,0.11699999999999999
3506,0.11699999999999999
3507,0.11699999999999999
3508,0.11699999999999999
3509,0.11699999999999999
3510,0.11699999999999999
3511,0.11699999999999999
3512,0.11699999999999999
3513,0.11699999999999999
3514,0.11699999999999999
3515,0.11699999999999999
3516,0.11699999999999999
3517,0.11699999999999999
3518,0.11699999999999999
3519,0.11699999999999999
3520,0.11699999999999999
3521,0.11699999999999999
3522,0.11699999999999999
3523,0.11699999999999999
3524,0.11699999999999999
3525,0.11699999999999999
3526,0.11699999999999999
3527,0.11699999999999999
3528,0.11699999999999999
3529,0.11699999999999999
3530,0.11699999999999999
3531,0.11699999999999999
3532,0.11699999999999999
3533,0.11699999999999999
3534,0.11699999999999999
3535,0.11699999999999999
3536,0.11699999999999999
3537,0.11699999999999999
3538,0.11699999999999999
3539,0.11699999999999999
3540,0.11699999999999999
3541,0.11699999999999999
3542,0.11699999999999999
3543,0.11699999999999999
3544,0.11699999999999999
3545,0.11699999999999999
3546,0.11699999999999999
3547,0.11699999999999999
3548,0.11699999999999999
3549,0.11699999999999999
3550,0.11699999999999999
3551,0.11699999999999999
3552,0.11699999999999999
3553,0.11699999999999999
3554,0.11699999999999999
3555,0.11699999999999999
3556,0.11699999999999999
3557,0.11699999999999999
3558,0.11699999999999999
3559,0.11699999999999999
3560,0.11699999999999999
3561,0.11699999999999999
3562,0.11699999999999999
3563,0.11699999999999999
3564,0.11699999999999999
3565,0.11699999999999999
3566,0.11699999999999999
3567,0.11699999999999999
3568,0.11699999999999999
3569,0.11699999999999999
3570,0.11699999999999999
3571,0.11699999999999999
3572,0.11699999999999999
3573,0.11699999999999999
3574,0.11699999999999999
3575,0.11699999999999999
3576,0.11699999999999999
3577,0.11699999999999999
3578,0.11699999999999999
3579,0.11699999999999999
3580,0.11699999999999999
3581,0.11699999999999999
3582,0.11699999999999999
3583,0.11699999999999999
3584,0.11699999999999999
3585,0.11699999999999999
3586,0.11699999999999999
3587,0.11699999999999999
3588,0.11699999999999999
3589,0.11699999999999999
3590,0.11699999999999999
3591,0.11699999999999999
3592,0.11699999999999999
3593,0.11699999999999999
3594,0.11699999999999999
3595,0.11699999999999999
3596,0.11699999999999999
3597,0.11699999999999999
3598,0.11699999999999999
3599,0.11699999999999999
3600,0.11699999999999999
3601,0.11699999999999999
3602,0.11699999999999999
3603,0.11699999999999999
3604,0.11699999999999999
3605,0.11699999999999999
3606,0.11699999999999999
3607,0.11699999999999999
3608,0.11699999999999999
3609,0.11699999999999999
3610,0.11699999999999999
3611,0.11699999999999999
3612,0.11699999999999999
3613,0.11699999999999999
3614,0.11699999999999999
3615,0.11699999999999999
3616,0.11699999999999999
3617,0.11699999999999999
3618,0.11699999999999999
3619,0.11699999999999999
3620,0.11699999999999999
3621,0.11699999999999999
3622,0.11699999999999999
3623,0.11699999999999999
3624,0.11699999999999999
3625,0.11699999999999999
3626,0.11699999999999999
3627,0.11699999999999999
3628,0.11699999999999999
3629,0.11699999999999999
3630,0.11699999999999999
3631,0.11699999999999999
3632,0.11699999999999999
3633,0.11699999999999999
3634,0.11699999999999999
3635,0.11699999999999999
3636,0.11699999999999999
3637,0.11699999999999999
3638,0.11699999999999999
3639,0.11699999999999999
3640,0.11699999999999999
3641,0.11699999999999999
3642,0.11699999999999999
3643,0.11699999999999999
3644,0.11699999999999999
3645,0.11699999999999999
3646,0.11699999999999999
3647,0.11699999999999999
3648,0.11699999999999999
3649,0.11699999999999999
3650,0.11699999999999999
3651,0.11699999999999999
3652,0.11699999999999999
3653,0.11699999999999999
3654,0.11699999999999999
3655,0.11699999999999999
3656,0.11699999999999999
3657,0.11699999999999999
3658,0.11699999999999999
3659,0.11699999999999999
3660,0.11699999999999999
3661,0.11699999999999999
3662,0.11699999999999999
3663,0.11699999999999999
3664,0.11699999999999999
3665,0.11699999999999999
3666,0.11699999999999999
3667,0.11699999999999999
3668,0.11699999999999999
3669,0.11699999999999999
3670,0.11699999999999999
3671,0.11699999999999999
3672,0.11699999999999999
3673,0.11699999999999999
3674,0.11699999999999999
3675,0.11699999999999999
3676,0.11699999999999999
3677,0.11699999999999999
3678,0.11699999999999999
3679,0.11699999999999999
3680,0.11699999999999999
3681,0.11699999999999999
3682,0.11699999999999999
3683,0.11699999999999999
3684,0.11699999999999999
3685,0.11699999999999999
3686,0.11699999999999999
3687,0.11699999999999999
3688,0.11699999999999999
3689,0.11699999999999999
3690,0.11699999999999999
3691,0.11699999999999999
3692,0.11699999999999999
3693,0.11699999999999999
3694,0.11699999999999999
3695,0.11699999999999999
3696,0.11699999999999999
3697,0.11699999999999999
3698,0.11699999999999999
3699,0.11699999999999999
3700,0.11699999999999999
3701,0.11699999999999999
3702,0.11699999999999999
3703,0.11699999999999999
3704,0.11699999999999999
3705,0.11699999999999999
3706,0.11699999999999999
3707,0.11699999999999999
3708,0.11699999999999999
3709,0.11699999999999999
3710,0.11699999999999999
3711,0.11699999999999999
3712,0.11699999999999999
3713,0.11699999999999999
3714,0.11699999999999999
3715,0.11699999999999999
3716,0.11699999999999999
3717,0.11699999999999999
3718,0.11699999999999999
3719,0.11699999999999999
3720,0.11699999999999999
3721,0.11699999999999999
3722,0.11699999999999999
3723,0.11699999999999999
3724,0.11699999999999999
3725,0.11699999999999999
3726,0.11699999999999999
3727,0.11699999999999999
3728,0.11699999999999999
3729,0.11699999999999999
3730,0.11699999999999999
3731,0.11699999999999999
3732,0.11699999999999999
3733,0.11699999999999999
3734,0.11699999999999999
3735,0.11699999999999999
3736,0.11699999999999999
3737,0.11699999999999999
3738,0.11699999999999999
3739,0.11699999999999999
3740,0.11699999999999999
3741,0.11699999999999999
3742,0.11699999999999999
3743,0.11699999999999999
3744,0.11699999999999999
3745,0.11699999999999999
3746,0.11699999999999999
3747,0.11699999999999999
3748,0.11699999999999999
3749,0.11699999999999999
3750,0.11699999999999999
3751,0.11699999999999999
3752,0.11699999999999999
3753,0.11699999999999999
3754,0.11699999999999999
3755,0.11699999999999999
3756,0.11699999999999999
3757,0.11699999999999999
3758,0.11699999999999999
3759,0.11699999999999999
3760,0.11699999999999999
3761,0.11699999999999999
3762,0.11699999999999999
3763,0.11699999999999999
3764,0.11699999999999999
3765,0.11699999999999999
3766,0.11699999999999999
3767,0.11699999999999999
3768,0.11699999999999999
3769,0.11699999999999999
3770,0.11699999999999999
3771,0.11699999999999999
3772,0.11699999999999999
3773,0.11699999999999999
3774,0.11699999999999999
3775,0.11699999999999999
3776,0.11699999999999999
3777,0.11699999999999999
3778,0.11699999999999999
3779,0.11699999999999999
3780,0.11699999999999999
3781,0.11699999999999999
3782,0.11699999999999999
3783,0.11699999999999999
3784,0.11699999999999999
3785,0.11699999999999999
3786,0.11699999999999999
3787,0.11699999999999999
3788,0.11699999999999999
3789,0.11699999999999999
3790,0.11699999999999999
3791,0.11699999999999999
3792,0.11699999999999999
3793,0.11699999999999999
3794,0.11699999999999999
3795,0.11699999999999999
3796,0.11699999999999999
3797,0.11699999999999999
3798,0.11699999999999999
3799,0.11699999999999999
3800,0.11699999999999999
3801,0.11699999999999999
3802,0.11699999999999999
3803,0.11699999999999999
3804,0.11699999999999999
3805,0.11699999999999999
3806,0.11699999999999999
3807,0.11699999999999999
3808,0.11699999999999999
3809,0.11699999999999999
3810,0.11699999999999999
3811,0.11699999999999999
3812,0.11699999999999999
3813,0.11699999999999999
3814,0.11699999999999999
3815,0.11699999999999999
3816,0.11699999999999999
3817,0.11699999999999999
3818,0.11699999999999999
3819,0.11699999999999999
3820,0.11699999999999999
3821,0.11699999999999999
3822,0.11699999999999999
3823,0.11699999999999999
3824,0.11699999999999999
3825,0.11699999999999999
3826,0.11699999999999999
3827,0.11699999999999999
3828,0.11699999999999999
3829,0.11699999999999999
3830,0.11699999999999999
3831,0.11699999999999999
3832,0.11699999999999999
3833,0.11699999999999999
3834,0.11699999999999999
3835,0.11699999999999999
3836,0.11699999999999999
3837,0.11699999999999999
3838,0.11699999999999999
3839,0.11699999999999999
3840,0.11699999999999999
3841,0.11699999999999999
3842,0.11699999999999999
3843,0.11699999999999999
3844,0.11699999999999999
3845,0.11699999999999999
3846,0.11699999999999999
3847,0.11699999999999999
3848,0.11699999999999999
3849,0.11699999999999999
3850,0.11699999999999999
3851,0.11699999999999999
3852,0.11699999999999999
3853,0.11699999999999999
3854,0.11699999999999999
3855,0.11699999999999999
3856,0.11699999999999999
3857,0.11699999999999999
3858,0.11699999999999999
3859,0.11699999999999999
3860,0.11699999999999999
3861,0.11699999999999999
3862,0.11699999999999999
3863,0.11699999999999999
3864,0.11699999999999999
3865,0.11699999999999999
3866,0.11699999999999999
3867,0.11699999999999999
3868,0.11699999999999999
3869,0.11699999999999999
3870,0.11699999999999999
3871,0.11699999999999999
3872,0.11699999999999999
3873,0.11699999999999999
3874,0.11699999999999999
3875,0.11699999999999999
3876,0.11699999999999999
3877,0.11699999999999999
3878,0.11699999999999999
3879,0.11699999999999999
3880,0.11699999999999999
3881,0.11699999999999999
3882,0.11699999999999999
3883,0.11699999999999999
3884,0.11699999999999999
3885,0.11699999999999999
3886,0.11699999999999999
3887,0.11699999999999999
3888,0.11699999999999999
3889,0.11699999999999999
3890,0.11699999999999999
3891,0.11699999999999999
3892,0.11699999999999999
3893,0.11699999999999999
3894,0.11699999999999999
3895,0.11699999999999999
3896,0.11699999999999999
3897,0.11699999999999999
3898,0.11699999999999999
3899,0.11699999999999999
3900,0.11699999999999999
3901,0.11699999999999999
3902,0.11699999999999999
3903,0.11699999999999999
3904,0.11699999999999999
3905,0.11699999999999999
3906,0.11699999999999999
3907,0.11699999999999999
3908,0.11699999999999999
3909,0.11699999999999999
3910,0.11699999999999999
3911,0.11699999999999999
3912,0.11699999999999999
3913,0.11699999999999999
3914,0.11699999999999999
3915,0.11699999999999999
3916,0.11699999999999999
3917,0.11699999999999999
3918,0.11699999999999999
3919,0.11699999999999999
3920,0.11699999999999999
3921,0.11699999999999999
3922,0.11699999999999999
3923,0.11699999999999999
3924,0.11699999999999999
3925,0.11699999999999999
3926,0.11699999999999999
3927,0.11699999999999999
3928,0.11699999999999999
3929,0.11699999999999999
3930,0.11699999999999999
3931,0.11699999999999999
3932,0.11699999999999999
3933,0.11699999999999999
3934,0.11699999999999999
3935,0.11699999999999999
3936,0.11699999999999999
3937,0.11699999999999999
3938,0.11699999999999999
3939,0.11699999999999999
3940,0.11699999999999999
3941,0.11699999999999999
3942,0.11699999999999999
3943,0.11699999999999999
3944,0.11699999999999999
3945,0.11699999999999999
3946,0.11699999999999999
3947,0.11699999999999999
3948,0.11699999999999999
3949,0.11699999999999999
3950,0.11699999999999999
3951,0.11699999999999999
3952,0.11699999999999999
3953,0.11699999999999999
3954,0.11699999999999999
3955,0.11699999999999999
3956,0.11699999999999999
3957,0.11699999999999999
3958,0.11699999999999999
3959,0.11699999999999999
3960,0.11699999999999999
3961,0.11699999999999999
3962,0.11699999999999999
3963,0.11699999999999999
3964,0.11699999999999999
3965,0.11699999999999999
3966,0.11699999999999999
3967,0.11699999999999999
3968,0.11699999999999999
3969,0.11699999999999999
3970,0.11699999999999999
3971,0.11699999999999999
3972,0.11699999999999999
3973,0.11699999999999999
3974,0.11699999999999999
3975,0.11699999999999999
3976,0.11699999999999999
3977,0.11699999999999999
3978,0.11699999999999999
3979,0.11699999999999999
3980,0.11699999999999999
3981,0.11699999999999999
3982,0.11699999999999999
3983,0.11699999999999999
3984,0.11699999999999999
3985,0.11699999999999999
3986,0.11699999999999999
3987,0.11699999999999999
3988,0.11699999999999999
3989,0.11699999999999999
3990,0.11699999999999999
3991,0.11699999999999999
3992,0.11699999999999999
3993,0.11699999999999999
3994,0.11699999999999999
3995,0.11699999999999999
3996,0.11699999999999999
3997,0.11699999999999999
3998,0.11699999999999999
3999,0.11699999999999999
4000,0.11699999999999999
4001,0.11699999999999999
4002,0.11699999999999999
4003,0.11699999999999999
4004,0.11699999999999999
4005,0.11699999999999999
4006,0.11699999999999999
4007,0.11699999999999999
4008,0.11699999999999999
4009,0.11699999999999999
4010,0.11699999999999999
4011,0.11699999999999999
4012,0.11699999999999999
4013,0.11699999999999999
4014,0.11699999999999999
4015,0.11699999999999999
4016,0.11699999999999999
4017,0.11699999999999999
4018,0.11699999999999999
4019,0.11699999999999999
4020,0.11699999999999999
4021,0.11699999999999999
4022,0.11699999999999999
4023,0.11699999999999999
4024,0.11699999999999999
4025,0.11699999999999999
4026,0.11699999999999999
4027,0.11699999999999999
4028,0.11699999999999999
4029,0.11699999999999999
4030,0.11699999999999999
4031,0.11699999999999999
4032,0.11699999999999999
4033,0.11699999999999999
4034,0.11699999999999999
4035,0.11699999999999999
4036,0.11699999999999999
4037,0.11699999999999999
4038,0.11699999999999999
4039,0.11699999999999999
4040,0.11699999999999999
4041,0.11699999999999999
4042,0.11699999999999999
4043,0.11699999999999999
4044,0.11699999999999999
4045,0.11699999999999999
4046,0.11699999999999999
4047,0.11699999999999999
4048,0.11699999999999999
4049,0.11699999999999999
4050,0.11699999999999999
4051,0.11699999999999999
4052,0.11699999999999999
4053,0.11699999999999999
4054,0.11699999999999999
4055,0.11699999999999999
4056,0.11699999999999999
4057,0.11699999999999999
4058,0.11699999999999999
4059,0.11699999999999999
4060,0.11699999999999999
4061,0.11699999999999999
4062,0.11699999999999999
4063,0.11699999999999999
4064,0.11699999999999999
4065,0.11699999999999999
4066,0.11699999999999999
4067,0.11699999999999999
4068,0.11699999999999999
4069,0.11699999999999999
4070,0.11699999999999999
4071,0.11699999999999999
4072,0.11699999999999999
4073,0.11699999999999999
4074,0.11699999999999999
4075,0.11699999999999999
4076,0.11699999999999999
4077,0.11699999999999999
4078,0.11699999999999999
4079,0.11699999999999999
4080,0.11699999999999999
4081,0.11699999999999999
4082,0.11699999999999999
4083,0.11699999999999999
4084,0.11699999999999999
4085,0.11699999999999999
4086,0.11699999999999999
4087,0.11699999999999999
4088,0.11699999999999999
4089,0.11699999999999999
4090,0.11699999999999999
4091,0.11699999999999999
4092,0.11699999999999999
4093,0.11699999999999999
4094,0.11699999999999999
4095,0.11699999999999999
4096,0.11699999999999999
4097,0.11699999999999999
4098,0.11699999999999999
4099,0.11699999999999999
4100,0.11699999999999999
4101,0.11699999999999999
4102,0.11699999999999999
4103,0.11699999999999999
4104,0.11699999999999999
4105,0.11699999999999999
4106,0.11699999999999999
4107,0.11699999999999999
4108,0.11699999999999999
4109,0.11699999999999999
4110,0.11699999999999999
4111,0.11699999999999999
4112,0.11699999999999999
4113,0.11699999999999999
4114,0.11699999999999999
4115,0.11699999999999999
4116,0.11699999999999999
4117,0.11699999999999999
4118,0.11699999999999999
4119,0.11699999999999999
4120,0.11699999999999999
4121,0.11699999999999999
4122,0.11699999999999999
4123,0.11699999999999999
4124,0.11699999999999999
4125,0.11699999999999999
4126,0.11699999999999999
4127,0.11699999999999999
4128,0.11699999999999999
4129,0.11699999999999999
4130,0.11699999999999999
4131,0.11699999999999999
4132,0.11699999999999999
4133,0.11699999999999999
4134,0.11699999999999999
4135,0.11699999999999999
4136,0.11699999999999999
4137,0.11699999999999999
4138,0.11699999999999999
4139,0.11699999999999999
4140,0.11699999999999999
4141,0.11699999999999999
4142,0.11699999999999999
4143,0.11699999999999999
4144,0.11699999999999999
4145,0.11699999999999999
4146,0.11699999999999999
4147,0.11699999999999999
4148,0.11699999999999999
4149,0.11699999999999999
4150,0.11699999999999999
4151,0.11699999999999999
4152,0.11699999999999999
4153,0.11699999999999999
4154,0.11699999999999999
4155,0.11699999999999999
4156,0.11699999999999999
4157,0.11699999999999999
4158,0.11699999999999999
4159,0.11699999999999999
4160,0.11699999999999999
4161,0.11699999999999999
4162,0.11699999999999999
4163,0.11699999999999999
4164,0.11699999999999999
4165,0.11699999999999999
4166,0.11699999999999999
4167,0.11699999999999999
4168,0.11699999999999999
4169,0.11699999999999999
4170,0.11699999999999999
4171,0.11699999999999999
4172,0.11699999999999999
4173,0.11699999999999999
4174,0.11699999999999999
4175,0.11699999999999999
4176,0.11699999999999999
4177,0.11699999999999999
4178,0.11699999999999999
4179,0.11699999999999999
4180,0.11699999999999999
4181,0.11699999999999999
4182,0.11699999999999999
4183,0.11699999999999999
4184,0.11699999999999999
4185,0.11699999999999999
4186,0.11699999999999999
4187,0.11699999999999999
4188,0.11699999999999999
4189,0.11699999999999999
4190,0.11699999999999999
4191,0.11699999999999999
4192,0.11699999999999999
4193,0.11699999999999999
4194,0.11699999999999999
4195,0.11699999999999999
4196,0.11699999999999999
4197,0.11699999999999999
4198,0.11699999999999999
4199,0.11699999999999999
4200,0.11699999999999999
4201,0.11699999999999999
4202,0.11699999999999999
4203,0.11699999999999999
4204,0.11699999999999999
4205,0.11699999999999999
4206,0.11699999999999999
4207,0.11699999999999999
4208,0.11699999999999999
4209,0.11699999999999999
4210,0.11699999999999999
4211,0.11699999999999999
4212,0.11699999999999999
4213,0.11699999999999999
4214,0.11699999999999999
4215,0.11699999999999999
4216,0.11699999999999999
4217,0.11699999999999999
4218,0.11699999999999999
4219,0.11699999999999999
4220,0.11699999999999999
4221,0.11699999999999999
4222,0.11699999999999999
4223,0.11699999999999999
4224,0.11699999999999999
4225,0.11699999999999999
4226,0.11699999999999999
4227,0.11699999999999999
4228,0.11699999999999999
4229,0.11699999999999999
4230,0.11699999999999999
4231,0.11699999999999999
4232,0.11699999999999999
4233,0.11699999999999999
4234,0.11699999999999999
4235,0.11699999999999999
4236,0.11699999999999999
4237,0.11699999999999999
4238,0.11699999999999999
4239,0.11699999999999999
4240,0.11699999999999999
4241,0.11699999999999999
4242,0.11699999999999999
4243,0.11699999999999999
4244,0.11699999999999999
4245,0.11699999999999999
4246,0.11699999999999999
4247,0.11699999999999999
4248,0.11699999999999999
4249,0.11699999999999999
4250,0.11699999999999999
4251,0.11699999999999999
4252,0.11699999999999999
4253,0.11699999999999999
4254,0.11699999999999999
4255,0.11699999999999999
4256,0.11699999999999999
4257,0.11699999999999999
4258,0.11699999999999999
4259,0.11699999999999999
4260,0.11699999999999999
4261,0.11699999999999999
4262,0.11699999999999999
4263,0.11699999999999999
4264,0.11699999999999999
4265,0.11699999999999999
4266,0.11699999999999999
4267,0.11699999999999999
4268,0.11699999999999999
4269,0.11699999999999999
4270,0.11699999999999999
4271,0.11699999999999999
4272,0.11699999999999999
4273,0.11699999999999999
4274,0.11699999999999999
4275,0.11699999999999999
4276,0.11699999999999999
4277,0.11699999999999999
4278,0.11699999999999999
4279,0.11699999999999999
4280,0.11699999999999999
4281,0.11699999999999999
4282,0.11699999999999999
4283,0.11699999999999999
4284,0.11699999999999999
4285,0.11699999999999999
4286,0.11699999999999999
4287,0.11699999999999999
4288,0.11699999999999999
4289,0.11699999999999999
4290,0.11699999999999999
4291,0.11699999999999999
4292,0.11699999999999999
4293,0.11699999999999999
4294,0.11699999999999999
4295,0.11699999999999999
4296,0.11699999999999999
4297,0.11699999999999999
4298,0.11699999999999999
4299,0.11699999999999999
4300,0.11699999999999999
4301,0.11699999999999999
4302,0.11699999999999999
4303,0.11699999999999999
4304,0.11699999999999999
4305,0.11699999999999999
4306,0.11699999999999999
4307,0.11699999999999999
4308,0.11699999999999999
4309,0.11699999999999999
4310,0.11699999999999999
4311,0.11699999999999999
4312,0.11699999999999999
4313,0.11699999999999999
4314,0.11699999999999999
4315,0.11699999999999999
4316,0.11699999999999999
4317,0.11699999999999999
4318,0.11699999999999999
4319,0.11699999999999999
4320,0.11699999999999999
4321,0.11699999999999999
4322,0.11699999999999999
4323,0.11699999999999999
4324,0.11699999999999999
4325,0.11699999999999999
4326,0.11699999999999999
4327,0.11699999999999999
4328,0.11699999999999999
4329,0.11699999999999999
4330,0.11699999999999999
4331,0.11699999999999999
4332,0.11699999999999999
4333,0.11699999999999999
4334,0.11699999999999999
4335,0.11699999999999999
4336,0.11699999999999999
4337,0.11699999999999999
4338,0.11699999999999999
4339,0.11699999999999999
4340,0.11699999999999999
4341,0.11699999999999999
4342,0.11699999999999999
4343,0.11699999999999999
4344,0.11699999999999999
4345,0.11699999999999999
4346,0.11699999999999999
4347,0.11699999999999999
4348,0.11699999999999999
4349,0.11699999999999999
4350,0.11699999999999999
4351,0.11699999999999999
4352,0.11699999999999999
4353,0.11699999999999999
4354,0.11699999999999999
4355,0.11699999999999999
4356,0.11699999999999999
4357,0.11699999999999999
4358,0.11699999999999999
4359,0.11699999999999999
4360,0.11699999999999999
4361,0.11699999999999999
4362,0.11699999999999999
4363,0.11699999999999999
4364,0.11699999999999999
4365,0.11699999999999999
4366,0.11699999999999999
4367,0.11699999999999999
4368,0.11699999999999999
4369,0.11699999999999999
4370,0.11699999999999999
4371,0.11699999999999999
4372,0.11699999999999999
4373,0.11699999999999999
4374,0.11699999999999999
4375,0.11699999999999999
4376,0.11699999999999999
4377,0.11699999999999999
4378,0.11699999999999999
4379,0.11699999999999999
4380,0.11699999999999999
4381,0.11699999999999999
4382,0.11699999999999999
4383,0.11699999999999999
4384,0.11699999999999999
4385,0.11699999999999999
4386,0.11699999999999999
4387,0.11699999999999999
4388,0.11699999999999999
4389,0.11699999999999999
4390,0.11699999999999999
4391,0.11699999999999999
4392,0.11699999999999999
4393,0.11699999999999999
4394,0.11699999999999999
4395,0.11699999999999999
4396,0.11699999999999999
4397,0.11699999999999999
4398,0.11699999999999999
4399,0.11699999999999999
4400,0.11699999999999999
4401,0.11699999999999999
4402,0.11699999999999999
4403,0.11699999999999999
4404,0.11699999999999999
4405,0.11699999999999999
4406,0.11699999999999999
4407,0.11699999999999999
4408,0.11699999999999999
4409,0.11699999999999999
4410,0.11699999999999999
4411,0.11699999999999999
4412,0.11699999999999999
4413,0.11699999999999999
4414,0.11699999999999999
4415,0.11699999999999999
4416,0.11699999999999999
4417,0.11699999999999999
4418,0.11699999999999999
4419,0.11699999999999999
4420,0.11699999999999999
4421,0.11699999999999999
4422,0.11699999999999999
4423,0.11699999999999999
4424,0.11699999999999999
4425,0.11699999999999999
4426,0.11699999999999999
4427,0.11699999999999999
4428,0.11699999999999999
4429,0.11699999999999999
4430,0.11699999999999999
4431,0.11699999999999999
4432,0.11699999999999999
4433,0.11699999999999999
4434,0.11699999999999999
4435,0.11699999999999999
4436,0.11699999999999999
4437,0.11699999999999999
4438,0.11699999999999999
4439,0.11699999999999999
4440,0.11699999999999999
4441,0.11699999999999999
4442,0.11699999999999999
4443,0.11699999999999999
4444,0.11699999999999999
4445,0.11699999999999999
4446,0.11699999999999999
4447,0.11699999999999999
4448,0.11699999999999999
4449,0.11699999999999999
4450,0.11699999999999999
4451,0.11699999999999999
4452,0.11699999999999999
4453,0.11699999999999999
4454,0.11699999999999999
4455,0.11699999999999999
4456,0.11699999999999999
4457,0.11699999999999999
4458,0.11699999999999999
4459,0.11699999999999999
4460,0.11699999999999999
4461,0.11699999999999999
4462,0.11699999999999999
4463,0.11699999999999999
4464,0.11699999999999999
4465,0.11699999999999999
4466,0.11699999999999999
4467,0.11699999999999999
4468,0.11699999999999999
4469,0.11699999999999999
4470,0.11699999999999999
4471,0.11699999999999999
4472,0.11699999999999999
4473,0.11699999999999999
4474,0.11699999999999999
4475,0.11699999999999999
4476,0.11699999999999999
4477,0.11699999999999999
4478,0.11699999999999999
4479,0.11699999999999999
4480,0.11699999999999999
4481,0.11699999999999999
4482,0.11699999999999999
4483,0.11699999999999999
4484,0.11699999999999999
4485,0.11699999999999999
4486,0.11699999999999999
4487,0.11699999999999999
4488,0.11699999999999999
4489,0.11699999999999999
4490,0.11699999999999999
4491,0.11699999999999999
4492,0.11699999999999999
4493,0.11699999999999999
4494,0.11699999999999999
4495,0.11699999999999999
4496,0.11699999999999999
4497,0.11699999999999999
4498,0.11699999999999999
4499,0.11699999999999999
4500,0.11699999999999999
4501,0.11699999999999999
4502,0.11699999999999999
4503,0.11699999999999999
4504,0.11699999999999999
4505,0.11699999999999999
4506,0.11699999999999999
4507,0.11699999999999999
4508,0.11699999999999999
4509,0.11699999999999999
4510,0.11699999999999999
4511,0.11699999999999999
4512,0.11699999999999999
4513,0.11699999999999999
4514,0.11699999999999999
4515,0.11699999999999999
4516,0.11699999999999999
4517,0.11699999999999999
4518,0.11699999999999999
4519,0.11699999999999999
4520,0.11699999999999999
4521,0.11699999999999999
4522,0.11699999999999999
4523,0.11699999999999999
4524,0.11699999999999999
4525,0.11699999999999999
4526,0.11699999999999999
4527,0.11699999999999999
4528,0.11699999999999999
4529,0.11699999999999999
4530,0.11699999999999999
4531,0.11699999999999999
4532,0.11699999999999999
4533,0.11699999999999999
4534,0.11699999999999999
4535,0.11699999999999999
4536,0.11699999999999999
4537,0.11699999999999999
4538,0.11699999999999999
4539,0.11699999999999999
4540,0.11699999999999999
4541,0.11699999999999999
4542,0.11699999999999999
4543,0.11699999999999999
4544,0.11699999999999999
4545,0.11699999999999999
4546,0.11699999999999999
4547,0.11699999999999999
4548,0.11699999999999999
4549,0.11699999999999999
4550,0.11699999999999999
4551,0.11699999999999999
4552,0.11699999999999999
4553,0.11699999999999999
4554,0.11699999999999999
4555,0.11699999999999999
4556,0.11699999999999999
4557,0.11699999999999999
4558,0.11699999999999999
4559,0.11699999999999999
4560,0.11699999999999999
4561,0.11699999999999999
4562,0.11699999999999999
4563,0.11699999999999999
4564,0.11699999999999999
4565,0.11699999999999999
4566,0.11699999999999999
4567,0.11699999999999999
4568,0.11699999999999999
4569,0.11699999999999999
4570,0.11699999999999999
4571,0.11699999999999999
4572,0.11699999999999999
4573,0.11699999999999999
4574,0.11699999999999999
4575,0.11699999999999999
4576,0.11699999999999999
4577,0.11699999999999999
4578,0.11699999999999999
4579,0.11699999999999999
4580,0.11699999999999999
4581,0.11699999999999999
4582,0.11699999999999999
4583,0.11699999999999999
4584,0.11699999999999999
4585,0.11699999999999999
4586,0.11699999999999999
4587,0.11699999999999999
4588,0.11699999999999999
4589,0.11699999999999999
4590,0.11699999999999999
4591,0.11699999999999999
4592,0.11699999999999999
4593,0.11699999999999999
4594,0.11699999999999999
4595,0.11699999999999999
4596,0.11699999999999999
4597,0.11699999999999999
4598,0.11699999999999999
4599,0.11699999999999999
4600,0.11699999999999999
4601,0.11699999999999999
4602,0.11699999999999999
4603,0.11699999999999999
4604,0.11699999999999999
4605,0.11699999999999999
4606,0.11699999999999999
4607,0.11699999999999999
4608,0.11699999999999999
4609,0.11699999999999999
4610,0.11699999999999999
4611,0.11699999999999999
4612,0.11699999999999999
4613,0.11699999999999999
4614,0.11699999999999999
4615,0.11699999999999999
4616,0.11699999999999999
4617,0.11699999999999999
4618,0.11699999999999999
4619,0.11699999999999999
4620,0.11699999999999999
4621,0.11699999999999999
4622,0.11699999999999999
4623,0.11699999999999999
4624,0.11699999999999999
4625,0.11699999999999999
4626,0.11699999999999999
4627,0.11699999999999999
4628,0.11699999999999999
4629,0.11699999999999999
4630,0.11699999999999999
4631,0.11699999999999999
4632,0.11699999999999999
4633,0.11699999999999999
4634,0.11699999999999999
4635,0.11699999999999999
4636,0.11699999999999999
4637,0.11699999999999999
4638,0.11699999999999999
4639,0.11699999999999999
4640,0.11699999999999999
4641,0.11699999999999999
4642,0.11699999999999999
4643,0.11699999999999999
4644,0.11699999999999999
4645,0.11699999999999999
4646,0.11699999999999999
4647,0.11699999999999999
4648,0.11699999999999999
4649,0.11699999999999999
4650,0.11699999999999999
4651,0.11699999999999999
4652,0.11699999999999999
4653,0.11699999999999999
4654,0.11699999999999999
4655,0.11699999999999999
4656,0.11699999999999999
4657,0.11699999999999999
4658,0.11699999999999999
4659,0.11699999999999999
4660,0.11699999999999999
4661,0.11699999999999999
4662,0.11699999999999999
4663,0.11699999999999999
4664,0.11699999999999999
4665,0.11699999999999999
4666,0.11699999999999999
4667,0.11699999999999999
4668,0.11699999999999999
4669,0.11699999999999999
4670,0.11699999999999999
4671,0.11699999999999999
4672,0.11699999999999999
4673,0.11699999999999999
4674,0.11699999999999999
4675,0.11699999999999999
4676,0.11699999999999999
4677,0.11699999999999999
4678,0.11699999999999999
4679,0.11699999999999999
4680,0.11699999999999999
4681,0.11699999999999999
4682,0.11699999999999999
4683,0.11699999999999999
4684,0.11699999999999999
4685,0.11699999999999999
4686,0.11699999999999999
4687,0.11699999999999999
4688,0.11699999999999999
4689,0.11699999999999999
4690,0.11699999999999999
4691,0.11699999999999999
4692,0.11699999999999999
4693,0.11699999999999999
4694,0.11699999999999999
4695,0.11699999999999999
4696,0.11699999999999999
4697,0.11699999999999999
4698,0.11699999999999999
4699,0.11699999999999999
4700,0.11699999999999999
4701,0.11699999999999999
4702,0.11699999999999999
4703,0.11699999999999999
4704,0.11699999999999999
4705,0.11699999999999999
4706,0.11699999999999999
4707,0.11699999999999999
4708,0.11699999999999999
4709,0.11699999999999999
4710,0.11699999999999999
4711,0.11699999999999999
4712,0.11699999999999999
4713,0.11699999999999999
4714,0.11699999999999999
4715,0.11699999999999999
4716,0.11699999999999999
4717,0.11699999999999999
4718,0.11699999999999999
4719,0.11699999999999999
4720,0.11699999999999999
4721,0.11699999999999999
4722,0.11699999999999999
4723,0.11699999999999999
4724,0.11699999999999999
4725,0.11699999999999999
4726,0.11699999999999999
4727,0.11699999999999999
4728,0.11699999999999999
4729,0.11699999999999999
4730,0.11699999999999999
4731,0.11699999999999999
4732,0.11699999999999999
4733,0.11699999999999999
4734,0.11699999999999999
4735,0.11699999999999999
4736,0.11699999999999999
4737,0.11699999999999999
4738,0.11699999999999999
4739,0.11699999999999999
4740,0.11699999999999999
4741,0.11699999999999999
4742,0.11699999999999999
4743,0.11699999999999999
4744,0.11699999999999999
4745,0.11699999999999999
4746,0.11699999999999999
4747,0.11699999999999999
4748,0.11699999999999999
4749,0.11699999999999999
4750,0.11699999999999999
4751,0.11699999999999999
4752,0.11699999999999999
4753,0.11699999999999999
4754,0.11699999999999999
4755,0.11699999999999999
4756,0.11699999999999999
4757,0.11699999999999999
4758,0.11699999999999999
4759,0.11699999999999999
4760,0.11699999999999999
4761,0.11699999999999999
4762,0.11699999999999999
4763,0.11699999999999999
4764,0.11699999999999999
4765,0.11699999999999999
4766,0.11699999999999999
4767,0.11699999999999999
4768,0.11699999999999999
4769,0.11699999999999999
4770,0.11699999999999999
4771,0.11699999999999999
4772,0.11699999999999999
4773,0.11699999999999999
4774,0.11699999999999999
4775,0.11699999999999999
4776,0.11699999999999999
4777,0.11699999999999999
4778,0.11699999999999999
4779,0.11699999999999999
4780,0.11699999999999999
4781,0.11699999999999999
4782,0.11699999999999999
4783,0.11699999999999999
4784,0.11699999999999999
4785,0.11699999999999999
4786,0.11699999999999999
4787,0.11699999999999999
4788,0.11699999999999999
4789,0.11699999999999999
4790,0.11699999999999999
4791,0.11699999999999999
4792,0.11699999999999999
4793,0.11699999999999999
4794,0.11699999999999999
4795,0.11699999999999999
4796,0.11699999999999999
4797,0.11699999999999999
4798,0.11699999999999999
4799,0.11699999999999999
4800,0.11699999999999999
4801,0.11699999999999999
4802,0.11699999999999999
4803,0.11699999999999999
4804,0.11699999999999999
4805,0.11699999999999999
4806,0.11699999999999999
4807,0.11699999999999999
4808,0.11699999999999999
4809,0.11699999999999999
4810,0.11699999999999999
4811,0.11699999999999999
4812,0.11699999999999999
4813,0.11699999999999999
4814,0.11699999999999999
4815,0.11699999999999999
4816,0.11699999999999999
4817,0.11699999999999999
4818,0.11699999999999999
4819,0.11699999999999999
4820,0.11699999999999999
4821,0.11699999999999999
4822,0.11699999999999999
4823,0.11699999999999999
4824,0.11699999999999999
4825,0.11699999999999999
4826,0.11699999999999999
4827,0.11699999999999999
4828,0.11699999999999999
4829,0.11699999999999999
4830,0.11699999999999999
4831,0.11699999999999999
4832,0.11699999999999999
4833,0.11699999999999999
4834,0.11699999999999999
4835,0.11699999999999999
4836,0.11699999999999999
4837,0.11699999999999999
4838,0.11699999999999999
4839,0.11699999999999999
4840,0.11699999999999999
4841,0.11699999999999999
4842,0.11699999999999999
4843,0.11699999999999999
4844,0.11699999999999999
4845,0.11699999999999999
4846,0.11699999999999999
4847,0.11699999999999999
4848,0.11699999999999999
4849,0.11699999999999999
4850,0.11699999999999999
4851,0.11699999999999999
4852,0.11699999999999999
4853,0.11699999999999999
4854,0.11699999999999999
4855,0.11699999999999999
4856,0.11699999999999999
4857,0.11699999999999999
4858,0.11699999999999999
4859,0.11699999999999999
4860,0.11699999999999999
4861,0.11699999999999999
4862,0.11699999999999999
4863,0.11699999999999999
4864,0.11699999999999999
4865,0.11699999999999999
4866,0.11699999999999999
4867,0.11699999999999999
4868,0.11699999999999999
4869,0.11699999999999999
4870,0.11699999999999999
4871,0.11699999999999999
4872,0.11699999999999999
4873,0.11699999999999999
4874,0.11699999999999999
4875,0.11699999999999999
4876,0.11699999999999999
4877,0.11699999999999999
4878,0.11699999999999999
4879,0.11699999999999999
4880,0.11699999999999999
4881,0.11699999999999999
4882,0.11699999999999999
4883,0.11699999999999999
4884,0.11699999999999999
4885,0.11699999999999999
4886,0.11699999999999999
4887,0.11699999999999999
4888,0.11699999999999999
4889,0.11699999999999999
4890,0.11699999999999999
4891,0.11699999999999999
4892,0.11699999999999999
4893,0.11699999999999999
4894,0.11699999999999999
4895,0.11699999999999999
4896,0.11699999999999999
4897,0.11699999999999999
4898,0.11699999999999999
4899,0.11699999999999999
4900,0.11699999999999999
4901,0.11699999999999999
4902,0.11699999999999999
4903,0.11699999999999999
4904,0.11699999999999999
4905,0.11699999999999999
4906,0.11699999999999999
4907,0.11699999999999999
4908,0.11699999999999999
4909,0.11699999999999999
4910,0.11699999999999999
4911,0.11699999999999999
4912,0.11699999999999999
4913,0.11699999999999999
4914,0.11699999999999999
4915,0.11699999999999999
4916,0.11699999999999999
4917,0.11699999999999999
4918,0.11699999999999999
4919,0.11699999999999999
4920,0.11699999999999999
4921,0.11699999999999999
4922,0.11699999999999999
4923,0.11699999999999999
4924,0.11699999999999999
4925,0.11699999999999999
4926,0.11699999999999999
4927,0.11699999999999999
4928,0.11699999999999999
4929,0.11699999999999999
4930,0.11699999999999999
4931,0.11699999999999999
4932,0.11699999999999999
4933,0.11699999999999999
4934,0.11699999999999999
4935,0.11699999999999999
4936,0.11699999999999999
4937,0.11699999999999999
4938,0.11699999999999999
4939,0.11699999999999999
4940,0.11699999999999999
4941,0.11699999999999999
4942,0.11699999999999999
4943,0.11699999999999999
4944,0.11699999999999999
4945,0.11699999999999999
4946,0.11699999999999999
4947,0.11699999999999999
4948,0.11699999999999999
4949,0.11699999999999999
4950,0.11699999999999999
4951,0.11699999999999999
4952,0.11699999999999999
4953,0.11699999999999999
4954,0.11699999999999999
4955,0.11699999999999999
4956,0.11699999999999999
4957,0.11699999999999999
4958,0.11699999999999999
4959,0.11699999999999999
4960,0.11699999999999999
4961,0.11699999999999999
4962,0.11699999999999999
4963,0.11699999999999999
4964,0.11699999999999999
4965,0.11699999999999999
4966,0.11699999999999999
4967,0.11699999999999999
4968,0.11699999999999999
4969,0.11699999999999999
4970,0.11699999999999999
4971,0.11699999999999999
4972,0.11699999999999999
4973,0.11699999999999999
4974,0.11699999999999999
4975,0.11699999999999999
4976,0.11699999999999999
4977,0.11699999999999999
4978,0.11699999999999999
4979,0.11699999999999999
4980,0.11699999999999999
4981,0.11699999999999999
4982,0.11699999999999999
4983,0.11699999999999999
4984,0.11699999999999999
4985,0.11699999999999999
4986,0.11699999999999999
4987,0.11699999999999999
4988,0.11699999999999999
4989,0.11699999999999999
4990,0.11699999999999999
4991,0.11699999999999999
4992,0.11699999999999999
4993,0.11699999999999999
4994,0.11699999999999999
4995,0.11699999999999999
4996,0.11699999999999999
4997,0.11699999999999999
4998,0.11699999999999999
4999,0.11699999999999999
5000,0.11699999999999999
5001,0.11699999999999999
5002,0.11699999999999999
5003,0.11699999999999999
5004,0.11699999999999999
5005,0.11699999999999999
5006,0.11699999999999999
5007,0.11699999999999999
5008,0.11699999999999999
5009,0.11699999999999999
5010,0.11699999999999999
5011,0.11699999999999999
5012,0.11699999999999999
5013,0.11699999999999999
5014,0.11699999999999999
5015,0.11699999999999999
5016,0.11699999999999999
5017,0.11699999999999999
5018,0.11699999999999999
5019,0.11699999999999999
5020,0.11699999999999999
5021,0.11699999999999999
5022,0.11699999999999999
5023,0.11699999999999999
5024,0.11699999999999999
5025,0.11699999999999999
5026,0.11699999999999999
5027,0.11699999999999999
5028,0.11699999999999999
5029,0.11699999999999999
5030,0.11699999999999999
5031,0.11699999999999999
5032,0.11699999999999999
5033,0.11699999999999999
5034,0.11699999999999999
5035,0.11699999999999999
5036,0.11699999999999999
5037,0.11699999999999999
5038,0.11699999999999999
5039,0.11699999999999999
5040,0.11699999999999999
5041,0.11699999999999999
5042,0.11699999999999999
5043,0.11699999999999999
5044,0.11699999999999999
5045,0.11699999999999999
5046,0.11699999999999999
5047,0.11699999999999999
5048,0.11699999999999999
5049,0.11699999999999999
5050,0.11699999999999999
5051,0.11699999999999999
5052,0.11699999999999999
5053,0.11699999999999999
5054,0.11699999999999999
5055,0.11699999999999999
5056,0.11699999999999999
5057,0.11699999999999999
5058,0.11699999999999999
5059,0.11699999999999999
5060,0.11699999999999999
5061,0.11699999999999999
5062,0.11699999999999999
5063,0.11699999999999999
5064,0.11699999999999999
5065,0.11699999999999999
5066,0.11699999999999999
5067,0.11699999999999999
5068,0.11699999999999999
5069,0.11699999999999999
5070,0.11699999999999999
5071,0.11699999999999999
5072,0.11699999999999999
5073,0.11699999999999999
5074,0.11699999999999999
5075,0.11699999999999999
5076,0.11699999999999999
5077,0.11699999999999999
5078,0.11699999999999999
5079,0.11699999999999999
5080,0.11699999999999999
5081,0.11699999999999999
5082,0.11699999999999999
5083,0.11699999999999999
5084,0.11699999999999999
5085,0.11699999999999999
5086,0.11699999999999999
5087,0.11699999999999999
5088,0.11699999999999999
5089,0.11699999999999999
5090,0.11699999999999999
5091,0.11699999999999999
5092,0.11699999999999999
5093,0.11699999999999999
5094,0.11699999999999999
5095,0.11699999999999999
5096,0.11699999999999999
5097,0.11699999999999999
5098,0.11699999999999999
5099,0.11699999999999999
5100,0.11699999999999999
5101,0.11699999999999999
5102,0.11699999999999999
5103,0.11699999999999999
5104,0.11699999999999999
5105,0.11699999999999999
5106,0.11699999999999999
5107,0.11699999999999999
5108,0.11699999999999999
5109,0.11699999999999999
5110,0.11699999999999999
5111,0.11699999999999999
5112,0.11699999999999999
5113,0.11699999999999999
5114,0.11699999999999999
5115,0.11699999999999999
5116,0.11699999999999999
5117,0.11699999999999999
5118,0.11699999999999999
5119,0.11699999999999999
5120,0.11699999999999999
5121,0.11699999999999999
5122,0.11699999999999999
5123,0.11699999999999999
5124,0.11699999999999999
5125,0.11699999999999999
5126,0.11699999999999999
5127,0.11699999999999999
5128,0.11699999999999999
5129,0.11699999999999999
5130,0.11699999999999999
5131,0.11699999999999999
5132,0.11699999999999999
5133,0.11699999999999999
5134,0.11699999999999999
5135,0.11699999999999999
5136,0.11699999999999999
5137,0.11699999999999999
5138,0.11699999999999999
5139,0.11699999999999999
5140,0.11699999999999999
5141,0.11699999999999999
5142,0.11699999999999999
5143,0.11699999999999999
5144,0.11699999999999999
5145,0.11699999999999999
5146,0.11699999999999999
5147,0.11699999999999999
5148,0.11699999999999999
5149,0.11699999999999999
5150,0.11699999999999999
5151,0.11699999999999999
5152,0.11699999999999999
5153,0.11699999999999999
5154,0.11699999999999999
5155,0.11699999999999999
5156,0.11699999999999999
5157,0.11699999999999999
5158,0.11699999999999999
5159,0.11699999999999999
5160,0.11699999999999999
5161,0.11699999999999999
5162,0.11699999999999999
5163,0.11699999999999999
5164,0.11699999999999999
5165,0.11699999999999999
5166,0.11699999999999999
5167,0.11699999999999999
5168,0.11699999999999999
5169,0.11699999999999999
5170,0.11699999999999999
5171,0.11699999999999999
5172,0.11699999999999999
5173,0.11699999999999999
5174,0.11699999999999999
5175,0.11699999999999999
5176,0.11699999999999999
5177,0.11699999999999999
5178,0.11699999999999999
5179,0.11699999999999999
5180,0.11699999999999999
5181,0.11699999999999999
5182,0.11699999999999999
5183,0.11699999999999999
5184,0.11699999999999999
5185,0.11699999999999999
5186,0.11699999999999999
5187,0.11699999999999999
5188,0.11699999999999999
5189,0.11699999999999999
5190,0.11699999999999999
5191,0.11699999999999999
5192,0.11699999999999999
5193,0.11699999999999999
5194,0.11699999999999999
5195,0.11699999999999999
5196,0.11699999999999999
5197,0.11699999999999999
5198,0.11699999999999999
5199,0.11699999999999999
5200,0.11699999999999999
5201,0.11699999999999999
5202,0.11699999999999999
5203,0.11699999999999999
5204,0.11699999999999999
5205,0.11699999999999999
5206,0.11699999999999999
5207,0.11699999999999999
5208,0.11699999999999999
5209,0.11699999999999999
5210,0.11699999999999999
5211,0.11699999999999999
5212,0.11699999999999999
5213,0.11699999999999999
5214,0.11699999999999999
5215,0.11699999999999999
5216,0.11699999999999999
5217,0.11699999999999999
5218,0.11699999999999999
5219,0.11699999999999999
5220,0.11699999999999999
5221,0.11699999999999999
5222,0.11699999999999999
5223,0.11699999999999999
5224,0.11699999999999999
5225,0.11699999999999999
5226,0.11699999999999999
5227,0.11699999999999999
5228,0.11699999999999999
5229,0.11699999999999999
5230,0.11699999999999999
5231,0.11699999999999999
5232,0.11699999999999999
5233,0.11699999999999999
5234,0.11699999999999999
5235,0.11699999999999999
5236,0.11699999999999999
5237,0.11699999999999999
5238,0.11699999999999999
5239,0.11699999999999999
5240,0.11699999999999999
5241,0.11699999999999999
5242,0.11699999999999999
5243,0.11699999999999999
5244,0.11699999999999999
5245,0.11699999999999999
5246,0.11699999999999999
5247,0.11699999999999999
5248,0.11699999999999999
5249,0.11699999999999999
5250,0.11699999999999999
5251,0.11699999999999999
5252,0.11699999999999999
5253,0.11699999999999999
5254,0.11699999999999999
5255,0.11699999999999999
5256,0.11699999999999999
5257,0.11699999999999999
5258,0.11699999999999999
5259,0.11699999999999999
5260,0.11699999999999999
5261,0.11699999999999999
5262,0.11699999999999999
5263,0.11699999999999999
5264,0.11699999999999999
5265,0.11699999999999999
5266,0.11699999999999999
5267,0.11699999999999999
5268,0.11699999999999999
5269,0.11699999999999999
5270,0.11699999999999999
5271,0.11699999999999999
5272,0.11699999999999999
5273,0.11699999999999999
5274,0.11699999999999999
5275,0.11699999999999999
5276,0.11699999999999999
5277,0.11699999999999999
5278,0.11699999999999999
5279,0.11699999999999999
5280,0.11699999999999999
5281,0.11699999999999999
5282,0.11699999999999999
5283,0.11699999999999999
5284,0.11699999999999999
5285,0.11699999999999999
5286,0.11699999999999999
5287,0.11699999999999999
5288,0.11699999999999999
5289,0.11699999999999999
5290,0.11699999999999999
5291,0.11699999999999999
5292,0.11699999999999999
5293,0.11699999999999999
5294,0.11699999999999999
5295,0.11699999999999999
5296,0.11699999999999999
5297,0.11699999999999999
5298,0.11699999999999999
5299,0.11699999999999999
5300,0.11699999999999999
5301,0.11699999999999999
5302,0.11699999999999999
5303,0.11699999999999999
5304,0.11699999999999999
5305,0.11699999999999999
5306,0.11699999999999999
5307,0.11699999999999999
5308,0.11699999999999999
5309,0.11699999999999999
5310,0.11699999999999999
5311,0.11699999999999999
5312,0.11699999999999999
5313,0.11699999999999999
5314,0.11699999999999999
5315,0.11699999999999999
5316,0.11699999999999999
5317,0.11699999999999999
5318,0.11699999999999999
5319,0.11699999999999999
5320,0.11699999999999999
5321,0.11699999999999999
5322,0.11699999999999999
5323,0.11699999999999999
5324,0.11699999999999999
5325,0.11699999999999999
5326,0.11699999999999999
5327,0.11699999999999999
5328,0.11699999999999999
5329,0.11699999999999999
5330,0.11699999999999999
5331,0.11699999999999999
5332,0.11699999999999999
5333,0.11699999999999999
5334,0.11699999999999999
5335,0.11699999999999999
5336,0.11699999999999999
5337,0.11699999999999999
5338,0.11699999999999999
5339,0.11699999999999999
5340,0.11699999999999999
5341,0.11699999999999999
5342,0.11699999999999999
5343,0.11699999999999999
5344,0.11699999999999999
5345,0.11699999999999999
5346,0.11699999999999999
5347,0.11699999999999999
5348,0.11699999999999999
5349,0.11699999999999999
5350,0.11699999999999999
5351,0.11699999999999999
5352,0.11699999999999999
5353,0.11699999999999999
5354,0.11699999999999999
5355,0.11699999999999999
5356,0.11699999999999999
5357,0.11699999999999999
5358,0.11699999999999999
5359,0.11699999999999999
5360,0.11699999999999999
5361,0.11699999999999999
5362,0.11699999999999999
5363,0.11699999999999999
5364,0.11699999999999999
5365,0.11699999999999999
5366,0.11699999999999999
5367,0.11699999999999999
5368,0.11699999999999999
5369,0.11699999999999999
5370,0.11699999999999999
5371,0.11699999999999999
5372,0.11699999999999999
5373,0.11699999999999999
5374,0.11699999999999999
5375,0.11699999999999999
5376,0.11699999999999999
5377,0.11699999999999999
5378,0.11699999999999999
5379,0.11699999999999999
5380,0.11699999999999999
5381,0.11699999999999999
5382,0.11699999999999999
5383,0.11699999999999999
5384,0.11699999999999999
5385,0.11699999999999999
5386,0.11699999999999999
5387,0.11699999999999999
5388,0.11699999999999999
5389,0.11699999999999999
5390,0.11699999999999999
5391,0.11699999999999999
5392,0.11699999999999999
5393,0.11699999999999999
5394,0.11699999999999999
5395,0.11699999999999999
5396,0.11699999999999999
5397,0.11699999999999999
5398,0.11699999999999999
5399,0.11699999999999999
5400,0.11699999999999999
5401,0.11699999999999999
5402,0.11699999999999999
5403,0.11699999999999999
5404,0.11699999999999999
5405,0.11699999999999999
5406,0.11699999999999999
5407,0.11699999999999999
5408,0.11699999999999999
5409,0.11699999999999999
5410,0.11699999999999999
5411,0.11699999999999999
5412,0.11699999999999999
5413,0.11699999999999999
5414,0.11699999999999999
5415,0.11699999999999999
5416,0.11699999999999999
5417,0.11699999999999999
5418,0.11699999999999999
5419,0.11699999999999999
5420,0.11699999999999999
5421,0.11699999999999999
5422,0.11699999999999999
5423,0.11699999999999999
5424,0.11699999999999999
5425,0.11699999999999999
5426,0.11699999999999999
5427,0.11699999999999999
5428,0.11699999999999999
5429,0.11699999999999999
5430,0.11699999999999999
5431,0.11699999999999999
5432,0.11699999999999999
5433,0.11699999999999999
5434,0.11699999999999999
5435,0.11699999999999999
5436,0.11699999999999999
5437,0.11699999999999999
5438,0.11699999999999999
5439,0.11699999999999999
5440,0.11699999999999999
5441,0.11699999999999999
5442,0.11699999999999999
5443,0.11699999999999999
5444,0.11699999999999999
5445,0.11699999999999999
5446,0.11699999999999999
5447,0.11699999999999999
5448,0.11699999999999999
5449,0.11699999999999999
5450,0.11699999999999999
5451,0.11699999999999999
5452,0.11699999999999999
5453,0.11699999999999999
5454,0.11699999999999999
5455,0.11699999999999999
5456,0.11699999999999999
5457,0.11699999999999999
5458,0.11699999999999999
5459,0.11699999999999999
5460,0.11699999999999999
5461,0.11699999999999999
5462,0.11699999999999999
5463,0.11699999999999999
5464,0.11699999999999999
5465,0.11699999999999999
5466,0.11699999999999999
5467,0.11699999999999999
5468,0.11699999999999999
5469,0.11699999999999999
5470,0.11699999999999999
5471,0.11699999999999999
5472,0.11699999999999999
5473,0.11699999999999999
5474,0.11699999999999999
5475,0.11699999999999999
5476,0.11699999999999999
5477,0.11699999999999999
5478,0.11699999999999999
5479,0.11699999999999999
5480,0.11699999999999999
5481,0.11699999999999999
5482,0.11699999999999999
5483,0.11699999999999999
5484,0.11699999999999999
5485,0.11699999999999999
5486,0.11699999999999999
5487,0.11699999999999999
5488,0.11699999999999999
5489,0.11699999999999999
5490,0.11699999999999999
5491,0.11699999999999999
5492,0.11699999999999999
5493,0.11699999999999999
5494,0.11699999999999999
5495,0.11699999999999999
5496,0.11699999999999999
5497,0.11699999999999999
5498,0.11699999999999999
5499,0.11699999999999999
5500,0.11699999999999999
5501,0.11699999999999999
5502,0.11699999999999999
5503,0.11699999999999999
5504,0.11699999999999999
5505,0.11699999999999999
5506,0.11699999999999999
5507,0.11699999999999999
5508,0.11699999999999999
5509,0.11699999999999999
5510,0.11699999999999999
5511,0.11699999999999999
5512,0.11699999999999999
5513,0.11699999999999999
5514,0.11699999999999999
5515,0.11699999999999999
5516,0.11699999999999999
5517,0.11699999999999999
5518,0.11699999999999999
5519,0.11699999999999999
5520,0.11699999999999999
5521,0.11699999999999999
5522,0.11699999999999999
5523,0.11699999999999999
5524,0.11699999999999999
5525,0.11699999999999999
5526,0.11699999999999999
5527,0.11699999999999999
5528,0.11699999999999999
5529,0.11699999999999999
5530,0.11699999999999999
5531,0.11699999999999999
5532,0.11699999999999999
5533,0.11699999999999999
5534,0.11699999999999999
5535,0.11699999999999999
5536,0.11699999999999999
5537,0.11699999999999999
5538,0.11699999999999999
5539,0.11699999999999999
5540,0.11699999999999999
5541,0.11699999999999999
5542,0.11699999999999999
5543,0.11699999999999999
5544,0.11699999999999999
5545,0.11699999999999999
5546,0.11699999999999999
5547,0.11699999999999999
5548,0.11699999999999999
5549,0.11699999999999999
5550,0.11699999999999999
5551,0.11699999999999999
5552,0.11699999999999999
5553,0.11699999999999999
5554,0.11699999999999999
5555,0.11699999999999999
5556,0.11699999999999999
5557,0.11699999999999999
5558,0.11699999999999999
5559,0.11699999999999999
5560,0.11699999999999999
5561,0.11699999999999999
5562,0.11699999999999999
5563,0.11699999999999999
5564,0.11699999999999999
5565,0.11699999999999999
5566,0.11699999999999999
5567,0.11699999999999999
5568,0.11699999999999999
5569,0.11699999999999999
5570,0.11699999999999999
5571,0.11699999999999999
5572,0.11699999999999999
5573,0.11699999999999999
5574,0.11699999999999999
5575,0.11699999999999999
5576,0.11699999999999999
5577,0.11699999999999999
5578,0.11699999999999999
5579,0.11699999999999999
5580,0.11699999999999999
5581,0.11699999999999999
5582,0.11699999999999999
5583,0.11699999999999999
5584,0.11699999999999999
5585,0.11699999999999999
5586,0.11699999999999999
5587,0.11699999999999999
5588,0.11699999999999999
5589,0.11699999999999999
5590,0.11699999999999999
5591,0.11699999999999999
5592,0.11699999999999999
5593,0.11699999999999999
5594,0.11699999999999999
5595,0.11699999999999999
5596,0.11699999999999999
5597,0.11699999999999999
5598,0.11699999999999999
5599,0.11699999999999999
5600,0.11699999999999999
5601,0.11699999999999999
5602,0.11699999999999999
5603,0.11699999999999999
5604,0.11699999999999999
5605,0.11699999999999999
5606,0.11699999999999999
5607,0.11699999999999999
5608,0.11699999999999999
5609,0.11699999999999999
5610,0.11699999999999999
5611,0.11699999999999999
5612,0.11699999999999999
5613,0.11699999999999999
5614,0.11699999999999999
5615,0.11699999999999999
5616,0.11699999999999999
5617,0.11699999999999999
5618,0.11699999999999999
5619,0.11699999999999999
5620,0.11699999999999999
5621,0.11699999999999999
5622,0.11699999999999999
5623,0.11699999999999999
5624,0.11699999999999999
5625,0.11699999999999999
5626,0.11699999999999999
5627,0.11699999999999999
5628,0.11699999999999999
5629,0.11699999999999999
5630,0.11699999999999999
5631,0.11699999999999999
5632,0.11699999999999999
5633,0.11699999999999999
5634,0.11699999999999999
5635,0.11699999999999999
5636,0.11699999999999999
5637,0.11699999999999999
5638,0.11699999999999999
5639,0.11699999999999999
5640,0.11699999999999999
5641,0.11699999999999999
5642,0.11699999999999999
5643,0.11699999999999999
5644,0.11699999999999999
5645,0.11699999999999999
5646,0.11699999999999999
5647,0.11699999999999999
5648,0.11699999999999999
5649,0.11699999999999999
5650,0.11699999999999999
5651,0.11699999999999999
5652,0.11699999999999999
5653,0.11699999999999999
5654,0.11699999999999999
5655,0.11699999999999999
5656,0.11699999999999999
5657,0.11699999999999999
5658,0.11699999999999999
5659,0.11699999999999999
5660,0.11699999999999999
5661,0.11699999999999999
5662,0.11699999999999999
5663,0.11699999999999999
5664,0.11699999999999999
5665,0.11699999999999999
5666,0.11699999999999999
5667,0.11699999999999999
5668,0.11699999999999999
5669,0.11699999999999999
5670,0.11699999999999999
5671,0.11699999999999999
5672,0.11699999999999999
5673,0.11699999999999999
5674,0.11699999999999999
5675,0.11699999999999999
5676,0.11699999999999999
5677,0.11699999999999999
5678,0.11699999999999999
5679,0.11699999999999999
5680,0.11699999999999999
5681,0.11699999999999999
5682,0.11699999999999999
5683,0.11699999999999999
5684,0.11699999999999999
5685,0.11699999999999999
5686,0.11699999999999999
5687,0.11699999999999999
5688,0.11699999999999999
5689,0.11699999999999999
5690,0.11699999999999999
5691,0.11699999999999999
5692,0.11699999999999999
5693,0.11699999999999999
5694,0.11699999999999999
5695,0.11699999999999999
5696,0.11699999999999999
5697,0.11699999999999999
5698,0.11699999999999999
5699,0.11699999999999999
5700,0.11699999999999999
5701,0.11699999999999999
5702,0.11699999999999999
5703,0.11699999999999999
5704,0.11699999999999999
5705,0.11699999999999999
5706,0.11699999999999999
5707,0.11699999999999999
5708,0.11699999999999999
5709,0.11699999999999999
5710,0.11699999999999999
5711,0.11699999999999999
5712,0.11699999999999999
5713,0.11699999999999999
5714,0.11699999999999999
5715,0.11699999999999999
5716,0.11699999999999999
5717,0.11699999999999999
5718,0.11699999999999999
5719,0.11699999999999999
5720,0.11699999999999999
5721,0.11699999999999999
5722,0.11699999999999999
5723,0.11699999999999999
5724,0.11699999999999999
5725,0.11699999999999999
5726,0.11699999999999999
5727,0.11699999999999999
5728,0.11699999999999999
5729,0.11699999999999999
5730,0.11699999999999999
5731,0.11699999999999999
5732,0.11699999999999999
5733,0.11699999999999999
5734,0.11699999999999999
5735,0.11699999999999999
5736,0.11699999999999999
5737,0.11699999999999999
5738,0.11699999999999999
5739,0.11699999999999999
5740,0.11699999999999999
5741,0.11699999999999999
5742,0.11699999999999999
5743,0.11699999999999999
5744,0.11699999999999999
5745,0.11699999999999999
5746,0.11699999999999999
5747,0.11699999999999999
5748,0.11699999999999999
5749,0.11699999999999999
5750,0.11699999999999999
5751,0.11699999999999999
5752,0.11699999999999999
5753,0.11699999999999999
5754,0.11699999999999999
5755,0.11699999999999999
5756,0.11699999999999999
5757,0.11699999999999999
5758,0.11699999999999999
5759,0.11699999999999999
5760,0.11699999999999999
5761,0.11699999999999999
5762,0.11699999999999999
5763,0.11699999999999999
5764,0.11699999999999999
5765,0.11699999999999999
5766,0.11699999999999999
5767,0.11699999999999999
5768,0.11699999999999999
5769,0.11699999999999999
5770,0.11699999999999999
5771,0.11699999999999999
5772,0.11699999999999999
5773,0.11699999999999999
5774,0.11699999999999999
5775,0.11699999999999999
5776,0.11699999999999999
5777,0.11699999999999999
5778,0.11699999999999999
5779,0.11699999999999999
5780,0.11699999999999999
5781,0.11699999999999999
5782,0.11699999999999999
5783,0.11699999999999999
5784,0.11699999999999999
5785,0.11699999999999999
5786,0.11699999999999999
5787,0.11699999999999999
5788,0.11699999999999999
5789,0.11699999999999999
5790,0.11699999999999999
5791,0.11699999999999999
5792,0.11699999999999999
5793,0.11699999999999999
5794,0.11699999999999999
5795,0.11699999999999999
5796,0.11699999999999999
5797,0.11699999999999999
5798,0.11699999999999999
5799,0.11699999999999999
5800,0.11699999999999999
5801,0.11699999999999999
5802,0.11699999999999999
5803,0.11699999999999999
5804,0.11699999999999999
5805,0.11699999999999999
5806,0.11699999999999999
5807,0.11699999999999999
5808,0.11699999999999999
5809,0.11699999999999999
5810,0.11699999999999999
5811,0.11699999999999999
5812,0.11699999999999999
5813,0.11699999999999999
5814,0.11699999999999999
5815,0.11699999999999999
5816,0.11699999999999999
5817,0.11699999999999999
5818,0.11699999999999999
5819,0.11699999999999999
5820,0.11699999999999999
5821,0.11699999999999999
5822,0.11699999999999999
5823,0.11699999999999999
5824,0.11699999999999999
5825,0.11699999999999999
5826,0.11699999999999999
5827,0.11699999999999999
5828,0.11699999999999999
5829,0.11699999999999999
5830,0.11699999999999999
5831,0.11699999999999999
5832,0.11699999999999999
5833,0.11699999999999999
5834,0.11699999999999999
5835,0.11699999999999999
5836,0.11699999999999999
5837,0.11699999999999999
5838,0.11699999999999999
5839,0.11699999999999999
5840,0.11699999999999999
5841,0.11699999999999999
5842,0.11699999999999999
5843,0.11699999999999999
5844,0.11699999999999999
5845,0.11699999999999999
5846,0.11699999999999999
5847,0.11699999999999999
5848,0.11699999999999999
5849,0.11699999999999999
5850,0.11699999999999999
5851,0.11699999999999999
5852,0.11699999999999999
5853,0.11699999999999999
5854,0.11699999999999999
5855,0.11699999999999999
5856,0.11699999999999999
5857,0.11699999999999999
5858,0.11699999999999999
5859,0.11699999999999999
5860,0.11699999999999999
5861,0.11699999999999999
5862,0.11699999999999999
5863,0.11699999999999999
5864,0.11699999999999999
5865,0.11699999999999999
5866,0.11699999999999999
5867,0.11699999999999999
5868,0.11699999999999999
5869,0.11699999999999999
5870,0.11699999999999999
5871,0.11699999999999999
5872,0.11699999999999999
5873,0.11699999999999999
5874,0.11699999999999999
5875,0.11699999999999999
5876,0.11699999999999999
5877,0.11699999999999999
5878,0.11699999999999999
5879,0.11699999999999999
5880,0.11699999999999999
5881,0.11699999999999999
5882,0.11699999999999999
5883,0.11699999999999999
5884,0.11699999999999999
5885,0.11699999999999999
5886,0.11699999999999999
5887,0.11699999999999999
5888,0.11699999999999999
5889,0.11699999999999999
5890,0.11699999999999999
5891,0.11699999999999999
5892,0.11699999999999999
5893,0.11699999999999999
5894,0.11699999999999999
5895,0.11699999999999999
5896,0.11699999999999999
5897,0.11699999999999999
5898,0.11699999999999999
5899,0.11699999999999999
5900,0.11699999999999999
5901,0.11699999999999999
5902,0.11699999999999999
5903,0.11699999999999999
5904,0.11699999999999999
5905,0.11699999999999999
5906,0.11699999999999999
5907,0.11699999999999999
5908,0.11699999999999999
5909,0.11699999999999999
5910,0.11699999999999999
5911,0.11699999999999999
5912,0.11699999999999999
5913,0.11699999999999999
5914,0.11699999999999999
5915,0.11699999999999999
5916,0.11699999999999999
5917,0.11699999999999999
5918,0.11699999999999999
5919,0.11699999999999999
5920,0.11699999999999999
5921,0.11699999999999999
5922,0.11699999999999999
5923,0.11699999999999999
5924,0.11699999999999999
5925,0.11699999999999999
5926,0.11699999999999999
5927,0.11699999999999999
5928,0.11699999999999999
5929,0.11699999999999999
5930,0.11699999999999999
5931,0.11699999999999999
5932,0.11699999999999999
5933,0.11699999999999999
5934,0.11699999999999999
5935,0.11699999999999999
5936,0.11699999999999999
5937,0.11699999999999999
5938,0.11699999999999999
5939,0.11699999999999999
5940,0.11699999999999999
5941,0.11699999999999999
5942,0.11699999999999999
5943,0.11699999999999999
5944,0.11699999999999999
5945,0.11699999999999999
5946,0.11699999999999999
5947,0.11699999999999999
5948,0.11699999999999999
5949,0.11699999999999999
5950,0.11699999999999999
5951,0.11699999999999999
5952,0.11699999999999999
5953,0.11699999999999999
5954,0.11699999999999999
5955,0.11699999999999999
5956,0.11699999999999999
5957,0.11699999999999999
5958,0.11699999999999999
5959,0.11699999999999999
5960,0.11699999999999999
5961,0.11699999999999999
5962,0.11699999999999999
5963,0.11699999999999999
5964,0.11699999999999999
5965,0.11699999999999999
5966,0.11699999999999999
5967,0.11699999999999999
5968,0.11699999999999999
5969,0.11699999999999999
5970,0.11699999999999999
5971,0.11699999999999999
5972,0.11699999999999999
5973,0.11699999999999999
5974,0.11699999999999999
5975,0.11699999999999999
5976,0.11699999999999999
5977,0.11699999999999999
5978,0.11699999999999999
5979,0.11699999999999999
5980,0.11699999999999999
5981,0.11699999999999999
5982,0.11699999999999999
5983,0.11699999999999999
5984,0.11699999999999999
5985,0.11699999999999999
5986,0.11699999999999999
5987,0.11699999999999999
5988,0.11699999999999999
5989,0.11699999999999999
5990,0.11699999999999999
5991,0.11699999999999999
5992,0.11699999999999999
5993,0.11699999999999999
5994,0.11699999999999999
5995,0.11699999999999999
5996,0.11699999999999999
5997,0.11699999999999999
5998,0.11699999999999999
5999,0.11699999999999999
6000,0.11699999999999999
6001,0.11699999999999999
6002,0.11699999999999999
6003,0.11699999999999999
6004,0.11699999999999999
6005,0.11699999999999999
6006,0.11699999999999999
6007,0.11699999999999999
6008,0.11699999999999999
6009,0.11699999999999999
6010,0.11699999999999999
6011,0.11699999999999999
6012,0.11699999999999999
6013,0.11699999999999999
6014,0.11699999999999999
6015,0.11699999999999999
6016,0.11699999999999999
6017,0.11699999999999999
6018,0.11699999999999999
6019,0.11699999999999999
6020,0.11699999999999999
6021,0.11699999999999999
6022,0.11699999999999999
6023,0.11699999999999999
6024,0.11699999999999999
6025,0.11699999999999999
6026,0.11699999999999999
6027,0.11699999999999999
6028,0.11699999999999999
6029,0.11699999999999999
6030,0.11699999999999999
6031,0.11699999999999999
6032,0.11699999999999999
6033,0.11699999999999999
6034,0.11699999999999999
6035,0.11699999999999999
6036,0.11699999999999999
6037,0.11699999999999999
6038,0.11699999999999999
6039,0.11699999999999999
6040,0.11699999999999999
6041,0.11699999999999999
6042,0.11699999999999999
6043,0.11699999999999999
6044,0.11699999999999999
6045,0.11699999999999999
6046,0.11699999999999999
6047,0.11699999999999999
6048,0.11699999999999999
6049,0.11699999999999999
6050,0.11699999999999999
6051,0.11699999999999999
6052,0.11699999999999999
6053,0.11699999999999999
6054,0.11699999999999999
6055,0.11699999999999999
6056,0.11699999999999999
6057,0.11699999999999999
6058,0.11699999999999999
6059,0.11699999999999999
6060,0.11699999999999999
6061,0.11699999999999999
6062,0.11699999999999999
6063,0.11699999999999999
6064,0.11699999999999999
6065,0.11699999999999999
6066,0.11699999999999999
6067,0.11699999999999999
6068,0.11699999999999999
6069,0.11699999999999999
6070,0.11699999999999999
6071,0.11699999999999999
6072,0.11699999999999999
6073,0.11699999999999999
6074,0.11699999999999999
6075,0.11699999999999999
6076,0.11699999999999999
6077,0.11699999999999999
6078,0.11699999999999999
6079,0.11699999999999999
6080,0.11699999999999999
6081,0.11699999999999999
6082,0.11699999999999999
6083,0.11699999999999999
6084,0.11699999999999999
6085,0.11699999999999999
6086,0.11699999999999999
6087,0.11699999999999999
6088,0.11699999999999999
6089,0.11699999999999999
6090,0.11699999999999999
6091,0.11699999999999999
6092,0.11699999999999999
6093,0.11699999999999999
6094,0.11699999999999999
6095,0.11699999999999999
6096,0.11699999999999999
6097,0.11699999999999999
6098,0.11699999999999999
6099,0.11699999999999999
6100,0.11699999999999999
6101,0.11699999999999999
6102,0.11699999999999999
6103,0.11699999999999999
6104,0.11699999999999999
6105,0.11699999999999999
6106,0.11699999999999999
6107,0.11699999999999999
6108,0.11699999999999999
6109,0.11699999999999999
6110,0.11699999999999999
6111,0.11699999999999999
6112,0.11699999999999999
6113,0.11699999999999999
6114,0.11699999999999999
6115,0.11699999999999999
6116,0.11699999999999999
6117,0.11699999999999999
6118,0.11699999999999999
6119,0.11699999999999999
6120,0.11699999999999999
6121,0.11699999999999999
6122,0.11699999999999999
6123,0.11699999999999999
6124,0.11699999999999999
6125,0.11699999999999999
6126,0.11699999999999999
6127,0.11699999999999999
6128,0.11699999999999999
6129,0.11699999999999999
6130,0.11699999999999999
6131,0.11699999999999999
6132,0.11699999999999999
6133,0.11699999999999999
6134,0.11699999999999999
6135,0.11699999999999999
6136,0.11699999999999999
6137,0.11699999999999999
6138,0.11699999999999999
6139,0.11699999999999999
6140,0.11699999999999999
6141,0.11699999999999999
6142,0.11699999999999999
6143,0.11699999999999999
6144,0.11699999999999999
6145,0.11699999999999999
6146,0.11699999999999999
6147,0.11699999999999999
6148,0.11699999999999999
6149,0.11699999999999999
6150,0.11699999999999999
6151,0.11699999999999999
6152,0.11699999999999999
6153,0.11699999999999999
6154,0.11699999999999999
6155,0.11699999999999999
6156,0.11699999999999999
6157,0.11699999999999999
6158,0.11699999999999999
6159,0.11699999999999999
6160,0.11699999999999999
6161,0.11699999999999999
6162,0.11699999999999999
6163,0.11699999999999999
6164,0.11699999999999999
6165,0.11699999999999999
6166,0.11699999999999999
6167,0.11699999999999999
6168,0.11699999999999999
6169,0.11699999999999999
6170,0.11699999999999999
6171,0.11699999999999999
6172,0.11699999999999999
6173,0.11699999999999999
6174,0.11699999999999999
6175,0.11699999999999999
6176,0.11699999999999999
6177,0.11699999999999999
6178,0.11699999999999999
6179,0.11699999999999999
6180,0.11699999999999999
6181,0.11699999999999999
6182,0.11699999999999999
6183,0.11699999999999999
6184,0.11699999999999999
6185,0.11699999999999999
6186,0.11699999999999999
6187,0.11699999999999999
6188,0.11699999999999999
6189,0.11699999999999999
6190,0.11699999999999999
6191,0.11699999999999999
6192,0.11699999999999999
6193,0.11699999999999999
6194,0.11699999999999999
6195,0.11699999999999999
6196,0.11699999999999999
6197,0.11699999999999999
6198,0.11699999999999999
6199,0.11699999999999999
6200,0.11699999999999999
6201,0.11699999999999999
6202,0.11699999999999999
6203,0.11699999999999999
6204,0.11699999999999999
6205,0.11699999999999999
6206,0.11699999999999999
6207,0.11699999999999999
6208,0.11699999999999999
6209,0.11699999999999999
6210,0.11699999999999999
6211,0.11699999999999999
6212,0.11699999999999999
6213,0.11699999999999999
6214,0.11699999999999999
6215,0.11699999999999999
6216,0.11699999999999999
6217,0.11699999999999999
6218,0.11699999999999999
6219,0.11699999999999999
6220,0.11699999999999999
6221,0.11699999999999999
6222,0.11699999999999999
6223,0.11699999999999999
6224,0.11699999999999999
6225,0.11699999999999999
6226,0.11699999999999999
6227,0.11699999999999999
6228,0.11699999999999999
6229,0.11699999999999999
6230,0.11699999999999999
6231,0.11699999999999999
6232,0.11699999999999999
6233,0.11699999999999999
6234,0.11699999999999999
6235,0.11699999999999999
6236,0.11699999999999999
6237,0.11699999999999999
6238,0.11699999999999999
6239,0.11699999999999999
6240,0.11699999999999999
6241,0.11699999999999999
6242,0.11699999999999999
6243,0.11699999999999999
6244,0.11699999999999999
6245,0.11699999999999999
6246,0.11699999999999999
6247,0.11699999999999999
6248,0.11699999999999999
6249,0.11699999999999999
6250,0.11699999999999999
6251,0.11699999999999999
6252,0.11699999999999999
6253,0.11699999999999999
6254,0.11699999999999999
6255,0.11699999999999999
6256,0.11699999999999999
6257,0.11699999999999999
6258,0.11699999999999999
6259,0.11699999999999999
6260,0.11699999999999999
6261,0.11699999999999999
6262,0.11699999999999999
6263,0.11699999999999999
6264,0.11699999999999999
6265,0.11699999999999999
6266,0.11699999999999999
6267,0.11699999999999999
6268,0.11699999999999999
6269,0.11699999999999999
6270,0.11699999999999999
6271,0.11699999999999999
6272,0.11699999999999999
6273,0.11699999999999999
6274,0.11699999999999999
6275,0.11699999999999999
6276,0.11699999999999999
6277,0.11699999999999999
6278,0.11699999999999999
6279,0.11699999999999999
6280,0.11699999999999999
6281,0.11699999999999999
6282,0.11699999999999999
6283,0.11699999999999999
6284,0.11699999999999999
6285,0.11699999999999999
6286,0.11699999999999999
6287,0.11699999999999999
6288,0.11699999999999999
6289,0.11699999999999999
6290,0.11699999999999999
6291,0.11699999999999999
6292,0.11699999999999999
6293,0.11699999999999999
6294,0.11699999999999999
6295,0.11699999999999999
6296,0.11699999999999999
6297,0.11699999999999999
6298,0.11699999999999999
6299,0.11699999999999999
6300,0.11699999999999999
6301,0.11699999999999999
6302,0.11699999999999999
6303,0.11699999999999999
6304,0.11699999999999999
6305,0.11699999999999999
6306,0.11699999999999999
6307,0.11699999999999999
6308,0.11699999999999999
6309,0.11699999999999999
6310,0.11699999999999999
6311,0.11699999999999999
6312,0.11699999999999999
6313,0.11699999999999999
6314,0.11699999999999999
6315,0.11699999999999999
6316,0.11699999999999999
6317,0.11699999999999999
6318,0.11699999999999999
6319,0.11699999999999999
6320,0.11699999999999999
6321,0.11699999999999999
6322,0.11699999999999999
6323,0.11699999999999999
6324,0.11699999999999999
6325,0.11699999999999999
6326,0.11699999999999999
6327,0.11699999999999999
6328,0.11699999999999999
6329,0.11699999999999999
6330,0.11699999999999999
6331,0.11699999999999999
6332,0.11699999999999999
6333,0.11699999999999999
6334,0.11699999999999999
6335,0.11699999999999999
6336,0.11699999999999999
6337,0.11699999999999999
6338,0.11699999999999999
6339,0.11699999999999999
6340,0.11699999999999999
6341,0.11699999999999999
6342,0.11699999999999999
6343,0.11699999999999999
6344,0.11699999999999999
6345,0.11699999999999999
6346,0.11699999999999999
6347,0.11699999999999999
6348,0.11699999999999999
6349,0.11699999999999999
6350,0.11699999999999999
6351,0.11699999999999999
6352,0.11699999999999999
6353,0.11699999999999999
6354,0.11699999999999999
6355,0.11699999999999999
6356,0.11699999999999999
6357,0.11699999999999999
6358,0.11699999999999999
6359,0.11699999999999999
6360,0.11699999999999999
6361,0.11699999999999999
6362,0.11699999999999999
6363,0.11699999999999999
6364,0.11699999999999999
6365,0.11699999999999999
6366,0.11699999999999999
6367,0.11699999999999999
6368,0.11699999999999999
6369,0.11699999999999999
6370,0.11699999999999999
6371,0.11699999999999999
6372,0.11699999999999999
6373,0.11699999999999999
6374,0.11699999999999999
6375,0.11699999999999999
6376,0.11699999999999999
6377,0.11699999999999999
6378,0.11699999999999999
6379,0.11699999999999999
6380,0.11699999999999999
6381,0.11699999999999999
6382,0.11699999999999999
6383,0.11699999999999999
6384,0.11699999999999999
6385,0.11699999999999999
6386,0.11699999999999999
6387,0.11699999999999999
6388,0.11699999999999999
6389,0.11699999999999999
6390,0.11699999999999999
6391,0.11699999999999999
6392,0.11699999999999999
6393,0.11699999999999999
6394,0.11699999999999999
6395,0.11699999999999999
6396,0.11699999999999999
6397,0.11699999999999999
6398,0.11699999999999999
6399,0.11699999999999999
6400,0.11699999999999999
6401,0.11699999999999999
6402,0.11699999999999999
6403,0.11699999999999999
6404,0.11699999999999999
6405,0.11699999999999999
6406,0.11699999999999999
6407,0.11699999999999999
6408,0.11699999999999999
6409,0.11699999999999999
6410,0.11699999999999999
6411,0.11699999999999999
6412,0.11699999999999999
6413,0.11699999999999999
6414,0.11699999999999999
6415,0.11699999999999999
6416,0.11699999999999999
6417,0.11699999999999999
6418,0.11699999999999999
6419,0.11699999999999999
6420,0.11699999999999999
6421,0.11699999999999999
6422,0.11699999999999999
6423,0.11699999999999999
6424,0.11699999999999999
6425,0.11699999999999999
6426,0.11699999999999999
6427,0.11699999999999999
6428,0.11699999999999999
6429,0.11699999999999999
6430,0.11699999999999999
6431,0.11699999999999999
6432,0.11699999999999999
6433,0.11699999999999999
6434,0.11699999999999999
6435,0.11699999999999999
6436,0.11699999999999999
6437,0.11699999999999999
6438,0.11699999999999999
6439,0.11699999999999999
6440,0.11699999999999999
6441,0.11699999999999999
6442,0.11699999999999999
6443,0.11699999999999999
6444,0.11699999999999999
6445,0.11699999999999999
6446,0.11699999999999999
6447,0.11699999999999999
6448,0.11699999999999999
6449,0.11699999999999999
6450,0.11699999999999999
6451,0.11699999999999999
6452,0.11699999999999999
6453,0.11699999999999999
6454,0.11699999999999999
6455,0.11699999999999999
6456,0.11699999999999999
6457,0.11699999999999999
6458,0.11699999999999999
6459,0.11699999999999999
6460,0.11699999999999999
6461,0.11699999999999999
6462,0.11699999999999999
6463,0.11699999999999999
6464,0.11699999999999999
6465,0.11699999999999999
6466,0.11699999999999999
6467,0.11699999999999999
6468,0.11699999999999999
6469,0.11699999999999999
6470,0.11699999999999999
6471,0.11699999999999999
6472,0.11699999999999999
6473,0.11699999999999999
6474,0.11699999999999999
6475,0.11699999999999999
6476,0.11699999999999999
6477,0.11699999999999999
6478,0.11699999999999999
6479,0.11699999999999999
6480,0.11699999999999999
6481,0.11699999999999999
6482,0.11699999999999999
6483,0.11699999999999999
6484,0.11699999999999999
6485,0.11699999999999999
6486,0.11699999999999999
6487,0.11699999999999999
6488,0.11699999999999999
6489,0.11699999999999999
6490,0.11699999999999999
6491,0.11699999999999999
6492,0.11699999999999999
6493,0.11699999999999999
6494,0.11699999999999999
6495,0.11699999999999999
6496,0.11699999999999999
6497,0.11699999999999999
6498,0.11699999999999999
6499,0.11699999999999999
6500,0.11699999999999999
6501,0.11699999999999999
6502,0.11699999999999999
6503,0.11699999999999999
6504,0.11699999999999999
6505,0.11699999999999999
6506,0.11699999999999999
6507,0.11699999999999999
6508,0.11699999999999999
6509,0.11699999999999999
6510,0.11699999999999999
6511,0.11699999999999999
6512,0.11699999999999999
6513,0.11699999999999999
6514,0.11699999999999999
6515,0.11699999999999999
6516,0.11699999999999999
6517,0.11699999999999999
6518,0.11699999999999999
6519,0.11699999999999999
6520,0.11699999999999999
6521,0.11699999999999999
6522,0.11699999999999999
6523,0.11699999999999999
6524,0.11699999999999999
6525,0.11699999999999999
6526,0.11699999999999999
6527,0.11699999999999999
6528,0.11699999999999999
6529,0.11699999999999999
6530,0.11699999999999999
6531,0.11699999999999999
6532,0.11699999999999999
6533,0.11699999999999999
6534,0.11699999999999999
6535,0.11699999999999999
6536,0.11699999999999999
6537,0.11699999999999999
6538,0.11699999999999999
6539,0.11699999999999999
6540,0.11699999999999999
6541,0.11699999999999999
6542,0.11699999999999999
6543,0.11699999999999999
6544,0.11699999999999999
6545,0.11699999999999999
6546,0.11699999999999999
6547,0.11699999999999999
6548,0.11699999999999999
6549,0.11699999999999999
6550,0.11699999999999999
6551,0.11699999999999999
6552,0.11699999999999999
6553,0.11699999999999999
6554,0.11699999999999999
6555,0.11699999999999999
6556,0.11699999999999999
6557,0.11699999999999999
6558,0.11699999999999999
6559,0.11699999999999999
6560,0.11699999999999999
6561,0.11699999999999999
6562,0.11699999999999999
6563,0.11699999999999999
6564,0.11699999999999999
6565,0.11699999999999999
6566,0.11699999999999999
6567,0.11699999999999999
6568,0.11699999999999999
6569,0.11699999999999999
6570,0.11699999999999999
6571,0.11699999999999999
6572,0.11699999999999999
6573,0.11699999999999999
6574,0.11699999999999999
6575,0.11699999999999999
6576,0.11699999999999999
6577,0.11699999999999999
6578,0.11699999999999999
6579,0.11699999999999999
6580,0.11699999999999999
6581,0.11699999999999999
6582,0.11699999999999999
6583,0.11699999999999999
6584,0.11699999999999999
6585,0.11699999999999999
6586,0.11699999999999999
6587,0.11699999999999999
6588,0.11699999999999999
6589,0.11699999999999999
6590,0.11699999999999999
6591,0.11699999999999999
6592,0.11699999999999999
6593,0.11699999999999999
6594,0.11699999999999999
6595,0.11699999999999999
6596,0.11699999999999999
6597,0.11699999999999999
6598,0.11699999999999999
6599,0.11699999999999999
6600,0.11699999999999999
6601,0.11699999999999999
6602,0.11699999999999999
6603,0.11699999999999999
6604,0.11699999999999999
6605,0.11699999999999999
6606,0.11699999999999999
6607,0.11699999999999999
6608,0.11699999999999999
6609,0.11699999999999999
6610,0.11699999999999999
6611,0.11699999999999999
6612,0.11699999999999999
6613,0.11699999999999999
6614,0.11699999999999999
6615,0.11699999999999999
6616,0.11699999999999999
6617,0.11699999999999999
6618,0.11699999999999999
6619,0.11699999999999999
6620,0.11699999999999999
6621,0.11699999999999999
6622,0.11699999999999999
6623,0.11699999999999999
6624,0.11699999999999999
6625,0.11699999999999999
6626,0.11699999999999999
6627,0.11699999999999999
6628,0.11699999999999999
6629,0.11699999999999999
6630,0.11699999999999999
6631,0.11699999999999999
6632,0.11699999999999999
6633,0.11699999999999999
6634,0.11699999999999999
6635,0.11699999999999999
6636,0.11699999999999999
6637,0.11699999999999999
6638,0.11699999999999999
6639,0.11699999999999999
6640,0.11699999999999999
6641,0.11699999999999999
6642,0.11699999999999999
6643,0.11699999999999999
6644,0.11699999999999999
6645,0.11699999999999999
6646,0.11699999999999999
6647,0.11699999999999999
6648,0.11699999999999999
6649,0.11699999999999999
6650,0.11699999999999999
6651,0.11699999999999999
6652,0.11699999999999999
6653,0.11699999999999999
6654,0.11699999999999999
6655,0.11699999999999999
6656,0.11699999999999999
6657,0.11699999999999999
6658,0.11699999999999999
6659,0.11699999999999999
6660,0.11699999999999999
6661,0.11699999999999999
6662,0.11699999999999999
6663,0.11699999999999999
6664,0.11699999999999999
6665,0.11699999999999999
6666,0.11699999999999999
6667,0.11699999999999999
6668,0.11699999999999999
6669,0.11699999999999999
6670,0.11699999999999999
6671,0.11699999999999999
6672,0.11699999999999999
6673,0.11699999999999999
6674,0.11699999999999999
6675,0.11699999999999999
6676,0.11699999999999999
6677,0.11699999999999999
6678,0.11699999999999999
6679,0.11699999999999999
6680,0.11699999999999999
6681,0.11699999999999999
6682,0.11699999999999999
6683,0.11699999999999999
6684,0.11699999999999999
6685,0.11699999999999999
6686,0.11699999999999999
6687,0.11699999999999999
6688,0.11699999999999999
6689,0.11699999999999999
6690,0.11699999999999999
6691,0.11699999999999999
6692,0.11699999999999999
6693,0.11699999999999999
6694,0.11699999999999999
6695,0.11699999999999999
6696,0.11699999999999999
6697,0.11699999999999999
6698,0.11699999999999999
6699,0.11699999999999999
6700,0.11699999999999999
6701,0.11699999999999999
6702,0.11699999999999999
6703,0.11699999999999999
6704,0.11699999999999999
6705,0.11699999999999999
6706,0.11699999999999999
6707,0.11699999999999999
6708,0.11699999999999999
6709,0.11699999999999999
6710,0.11699999999999999
6711,0.11699999999999999
6712,0.11699999999999999
6713,0.11699999999999999
6714,0.11699999999999999
6715,0.11699999999999999
6716,0.11699999999999999
6717,0.11699999999999999
6718,0.11699999999999999
6719,0.11699999999999999
6720,0.11699999999999999
6721,0.11699999999999999
6722,0.11699999999999999
6723,0.11699999999999999
6724,0.11699999999999999
6725,0.11699999999999999
6726,0.11699999999999999
6727,0.11699999999999999
6728,0.11699999999999999
6729,0.11699999999999999
6730,0.11699999999999999
6731,0.11699999999999999
6732,0.11699999999999999
6733,0.11699999999999999
6734,0.11699999999999999
6735,0.11699999999999999
6736,0.11699999999999999
6737,0.11699999999999999
6738,0.11699999999999999
6739,0.11699999999999999
6740,0.11699999999999999
6741,0.11699999999999999
6742,0.11699999999999999
6743,0.11699999999999999
6744,0.11699999999999999
6745,0.11699999999999999
6746,0.11699999999999999
6747,0.11699999999999999
6748,0.11699999999999999
6749,0.11699999999999999
6750,0.11699999999999999
6751,0.11699999999999999
6752,0.11699999999999999
6753,0.11699999999999999
6754,0.11699999999999999
6755,0.11699999999999999
6756,0.11699999999999999
6757,0.11699999999999999
6758,0.11699999999999999
6759,0.11699999999999999
6760,0.11699999999999999
6761,0.11699999999999999
6762,0.11699999999999999
6763,0.11699999999999999
6764,0.11699999999999999
6765,0.11699999999999999
6766,0.11699999999999999
6767,0.11699999999999999
6768,0.11699999999999999
6769,0.11699999999999999
6770,0.11699999999999999
6771,0.11699999999999999
6772,0.11699999999999999
6773,0.11699999999999999
6774,0.11699999999999999
6775,0.11699999999999999
6776,0.11699999999999999
6777,0.11699999999999999
6778,0.11699999999999999
6779,0.11699999999999999
6780,0.11699999999999999
6781,0.11699999999999999
6782,0.11699999999999999
6783,0.11699999999999999
6784,0.11699999999999999
6785,0.11699999999999999
6786,0.11699999999999999
6787,0.11699999999999999
6788,0.11699999999999999
6789,0.11699999999999999
6790,0.11699999999999999
6791,0.11699999999999999
6792,0.11699999999999999
6793,0.11699999999999999
6794,0.11699999999999999
6795,0.11699999999999999
6796,0.11699999999999999
6797,0.11699999999999999
6798,0.11699999999999999
6799,0.11699999999999999
6800,0.11699999999999999
6801,0.11699999999999999
6802,0.11699999999999999
6803,0.11699999999999999
6804,0.11699999999999999
6805,0.11699999999999999
6806,0.11699999999999999
6807,0.11699999999999999
6808,0.11699999999999999
6809,0.11699999999999999
6810,0.11699999999999999
6811,0.11699999999999999
6812,0.11699999999999999
6813,0.11699999999999999
6814,0.11699999999999999
6815,0.11699999999999999
6816,0.11699999999999999
6817,0.11699999999999999
6818,0.11699999999999999
6819,0.11699999999999999
6820,0.11699999999999999
6821,0.11699999999999999
6822,0.11699999999999999
6823,0.11699999999999999
6824,0.11699999999999999
6825,0.11699999999999999
6826,0.11699999999999999
6827,0.11699999999999999
6828,0.11699999999999999
6829,0.11699999999999999
6830,0.11699999999999999
6831,0.11699999999999999
6832,0.11699999999999999
6833,0.11699999999999999
6834,0.11699999999999999
6835,0.11699999999999999
6836,0.11699999999999999
6837,0.11699999999999999
6838,0.11699999999999999
6839,0.11699999999999999
6840,0.11699999999999999
6841,0.11699999999999999
6842,0.11699999999999999
6843,0.11699999999999999
6844,0.11699999999999999
6845,0.11699999999999999
6846,0.11699999999999999
6847,0.11699999999999999
6848,0.11699999999999999
6849,0.11699999999999999
6850,0.11699999999999999
6851,0.11699999999999999
6852,0.11699999999999999
6853,0.11699999999999999
6854,0.11699999999999999
6855,0.11699999999999999
6856,0.11699999999999999
6857,0.11699999999999999
6858,0.11699999999999999
6859,0.11699999999999999
6860,0.11699999999999999
6861,0.11699999999999999
6862,0.11699999999999999
6863,0.11699999999999999
6864,0.11699999999999999
6865,0.11699999999999999
6866,0.11699999999999999
6867,0.11699999999999999
6868,0.11699999999999999
6869,0.11699999999999999
6870,0.11699999999999999
6871,0.11699999999999999
6872,0.11699999999999999
6873,0.11699999999999999
6874,0.11699999999999999
6875,0.11699999999999999
6876,0.11699999999999999
6877,0.11699999999999999
6878,0.11699999999999999
6879,0.11699999999999999
6880,0.11699999999999999
6881,0.11699999999999999
6882,0.11699999999999999
6883,0.11699999999999999
6884,0.11699999999999999
6885,0.11699999999999999
6886,0.11699999999999999
6887,0.11699999999999999
6888,0.11699999999999999
6889,0.11699999999999999
6890,0.11699999999999999
6891,0.11699999999999999
6892,0.11699999999999999
6893,0.11699999999999999
6894,0.11699999999999999
6895,0.11699999999999999
6896,0.11699999999999999
6897,0.11699999999999999
6898,0.11699999999999999
6899,0.11699999999999999
6900,0.11699999999999999
6901,0.11699999999999999
6902,0.11699999999999999
6903,0.11699999999999999
6904,0.11699999999999999
6905,0.11699999999999999
6906,0.11699999999999999
6907,0.11699999999999999
6908,0.11699999999999999
6909,0.11699999999999999
6910,0.11699999999999999
6911,0.11699999999999999
6912,0.11699999999999999
6913,0.11699999999999999
6914,0.11699999999999999
6915,0.11699999999999999
6916,0.11699999999999999
6917,0.11699999999999999
6918,0.11699999999999999
6919,0.11699999999999999
6920,0.11699999999999999
6921,0.11699999999999999
6922,0.11699999999999999
6923,0.11699999999999999
6924,0.11699999999999999
6925,0.11699999999999999
6926,0.11699999999999999
6927,0.11699999999999999
6928,0.11699999999999999
6929,0.11699999999999999
6930,0.11699999999999999
6931,0.11699999999999999
6932,0.11699999999999999
6933,0.11699999999999999
6934,0.11699999999999999
6935,0.11699999999999999
6936,0.11699999999999999
6937,0.11699999999999999
6938,0.11699999999999999
6939,0.11699999999999999
6940,0.11699999999999999
6941,0.11699999999999999
6942,0.11699999999999999
6943,0.11699999999999999
6944,0.11699999999999999
6945,0.11699999999999999
6946,0.11699999999999999
6947,0.11699999999999999
6948,0.11699999999999999
6949,0.11699999999999999
6950,0.11699999999999999
6951,0.11699999999999999
6952,0.11699999999999999
6953,0.11699999999999999
6954,0.11699999999999999
6955,0.11699999999999999
6956,0.11699999999999999
6957,0.11699999999999999
6958,0.11699999999999999
6959,0.11699999999999999
6960,0.11699999999999999
6961,0.11699999999999999
6962,0.11699999999999999
6963,0.11699999999999999
6964,0.11699999999999999
6965,0.11699999999999999
6966,0.11699999999999999
6967,0.11699999999999999
6968,0.11699999999999999
6969,0.11699999999999999
6970,0.11699999999999999
6971,0.11699999999999999
6972,0.11699999999999999
6973,0.11699999999999999
6974,0.11699999999999999
6975,0.11699999999999999
6976,0.11699999999999999
6977,0.11699999999999999
6978,0.11699999999999999
6979,0.11699999999999999
6980,0.11699999999999999
6981,0.11699999999999999
6982,0.11699999999999999
6983,0.11699999999999999
6984,0.11699999999999999
6985,0.11699999999999999
6986,0.11699999999999999
6987,0.11699999999999999
6988,0.11699999999999999
6989,0.11699999999999999
6990,0.11699999999999999
6991,0.11699999999999999
6992,0.11699999999999999
6993,0.11699999999999999
6994,0.11699999999999999
6995,0.11699999999999999
6996,0.11699999999999999
6997,0.11699999999999999
6998,0.11699999999999999
6999,0.11699999999999999
7000,0.11699999999999999
7001,0.11699999999999999
7002,0.11699999999999999
7003,0.11699999999999999
7004,0.11699999999999999
7005,0.11699999999999999
7006,0.11699999999999999
7007,0.11699999999999999
7008,0.11699999999999999
7009,0.11699999999999999
7010,0.11699999999999999
7011,0.11699999999999999
7012,0.11699999999999999
7013,0.11699999999999999
7014,0.11699999999999999
7015,0.11699999999999999
7016,0.11699999999999999
7017,0.11699999999999999
7018,0.11699999999999999
7019,0.11699999999999999
7020,0.11699999999999999
7021,0.11699999999999999
7022,0.11699999999999999
7023,0.11699999999999999
7024,0.11699999999999999
7025,0.11699999999999999
7026,0.11699999999999999
7027,0.11699999999999999
7028,0.11699999999999999
7029,0.11699999999999999
7030,0.11699999999999999
7031,0.11699999999999999
7032,0.11699999999999999
7033,0.11699999999999999
7034,0.11699999999999999
7035,0.11699999999999999
7036,0.11699999999999999
7037,0.11699999999999999
7038,0.11699999999999999
7039,0.11699999999999999
7040,0.11699999999999999
7041,0.11699999999999999
7042,0.11699999999999999
7043,0.11699999999999999
7044,0.11699999999999999
7045,0.11699999999999999
7046,0.11699999999999999
7047,0.11699999999999999
7048,0.11699999999999999
7049,0.11699999999999999
7050,0.11699999999999999
7051,0.11699999999999999
7052,0.11699999999999999
7053,0.11699999999999999
7054,0.11699999999999999
7055,0.11699999999999999
7056,0.11699999999999999
7057,0.11699999999999999
7058,0.11699999999999999
7059,0.11699999999999999
7060,0.11699999999999999
7061,0.11699999999999999
7062,0.11699999999999999
7063,0.11699999999999999
7064,0.11699999999999999
7065,0.11699999999999999
7066,0.11699999999999999
7067,0.11699999999999999
7068,0.11699999999999999
7069,0.11699999999999999
7070,0.11699999999999999
7071,0.11699999999999999
7072,0.11699999999999999
7073,0.11699999999999999
7074,0.11699999999999999
7075,0.11699999999999999
7076,0.11699999999999999
7077,0.11699999999999999
7078,0.11699999999999999
7079,0.11699999999999999
7080,0.11699999999999999
7081,0.11699999999999999
7082,0.11699999999999999
7083,0.11699999999999999
7084,0.11699999999999999
7085,0.11699999999999999
7086,0.11699999999999999
7087,0.11699999999999999
7088,0.11699999999999999
7089,0.11699999999999999
7090,0.11699999999999999
7091,0.11699999999999999
7092,0.11699999999999999
7093,0.11699999999999999
7094,0.11699999999999999
7095,0.11699999999999999
7096,0.11699999999999999
7097,0.11699999999999999
7098,0.11699999999999999
7099,0.11699999999999999
7100,0.11699999999999999
7101,0.11699999999999999
7102,0.11699999999999999
7103,0.11699999999999999
7104,0.11699999999999999
7105,0.11699999999999999
7106,0.11699999999999999
7107,0.11699999999999999
7108,0.11699999999999999
7109,0.11699999999999999
7110,0.11699999999999999
7111,0.11699999999999999
7112,0.11699999999999999
7113,0.11699999999999999
7114,0.11699999999999999
7115,0.11699999999999999
7116,0.11699999999999999
7117,0.11699999999999999
7118,0.11699999999999999
7119,0.11699999999999999
7120,0.11699999999999999
7121,0.11699999999999999
7122,0.11699999999999999
7123,0.11699999999999999
7124,0.11699999999999999
7125,0.11699999999999999
7126,0.11699999999999999
7127,0.11699999999999999
7128,0.11699999999999999
7129,0.11699999999999999
7130,0.11699999999999999
7131,0.11699999999999999
7132,0.11699999999999999
7133,0.11699999999999999
7134,0.11699999999999999
7135,0.11699999999999999
7136,0.11699999999999999
7137,0.11699999999999999
7138,0.11699999999999999
7139,0.11699999999999999
7140,0.11699999999999999
7141,0.11699999999999999
7142,0.11699999999999999
7143,0.11699999999999999
7144,0.11699999999999999
7145,0.11699999999999999
7146,0.11699999999999999
7147,0.11699999999999999
7148,0.11699999999999999
7149,0.11699999999999999
7150,0.11699999999999999
7151,0.11699999999999999
7152,0.11699999999999999
7153,0.11699999999999999
7154,0.11699999999999999
7155,0.11699999999999999
7156,0.11699999999999999
7157,0.11699999999999999
7158,0.11699999999999999
7159,0.11699999999999999
7160,0.11699999999999999
7161,0.11699999999999999
7162,0.11699999999999999
7163,0.11699999999999999
7164,0.11699999999999999
7165,0.11699999999999999
7166,0.11699999999999999
7167,0.11699999999999999
7168,0.11699999999999999
7169,0.11699999999999999
7170,0.11699999999999999
7171,0.11699999999999999
7172,0.11699999999999999
7173,0.11699999999999999
7174,0.11699999999999999
7175,0.11699999999999999
7176,0.11699999999999999
7177,0.11699999999999999
7178,0.11699999999999999
7179,0.11699999999999999
7180,0.11699999999999999
7181,0.11699999999999999
7182,0.11699999999999999
7183,0.11699999999999999
7184,0.11699999999999999
7185,0.11699999999999999
7186,0.11699999999999999
7187,0.11699999999999999
7188,0.11699999999999999
7189,0.11699999999999999
7190,0.11699999999999999
7191,0.11699999999999999
7192,0.11699999999999999
7193,0.11699999999999999
7194,0.11699999999999999
7195,0.11699999999999999
7196,0.11699999999999999
7197,0.11699999999999999
7198,0.11699999999999999
7199,0.11699999999999999
7200,0.11699999999999999
7201,0.11699999999999999
7202,0.11699999999999999
7203,0.11699999999999999
7204,0.11699999999999999
7205,0.11699999999999999
7206,0.11699999999999999
7207,0.11699999999999999
7208,0.11699999999999999
7209,0.11699999999999999
7210,0.11699999999999999
7211,0.11699999999999999
7212,0.11699999999999999
7213,0.11699999999999999
7214,0.11699999999999999
7215,0.11699999999999999
7216,0.11699999999999999
7217,0.11699999999999999
7218,0.11699999999999999
7219,0.11699999999999999
7220,0.11699999999999999
7221,0.11699999999999999
7222,0.11699999999999999
7223,0.11699999999999999
7224,0.11699999999999999
7225,0.11699999999999999
7226,0.11699999999999999
7227,0.11699999999999999
7228,0.11699999999999999
7229,0.11699999999999999
7230,0.11699999999999999
7231,0.11699999999999999
7232,0.11699999999999999
7233,0.11699999999999999
7234,0.11699999999999999
7235,0.11699999999999999
7236,0.11699999999999999
7237,0.11699999999999999
7238,0.11699999999999999
7239,0.11699999999999999
7240,0.11699999999999999
7241,0.11699999999999999
7242,0.11699999999999999
7243,0.11699999999999999
7244,0.11699999999999999
7245,0.11699999999999999
7246,0.11699999999999999
7247,0.11699999999999999
7248,0.11699999999999999
7249,0.11699999999999999
7250,0.11699999999999999
7251,0.11699999999999999
7252,0.11699999999999999
7253,0.11699999999999999
7254,0.11699999999999999
7255,0.11699999999999999
7256,0.11699999999999999
7257,0.11699999999999999
7258,0.11699999999999999
7259,0.11699999999999999
7260,0.11699999999999999
7261,0.11699999999999999
7262,0.11699999999999999
7263,0.11699999999999999
7264,0.11699999999999999
7265,0.11699999999999999
7266,0.11699999999999999
7267,0.11699999999999999
7268,0.11699999999999999
7269,0.11699999999999999
7270,0.11699999999999999
7271,0.11699999999999999
7272,0.11699999999999999
7273,0.11699999999999999
7274,0.11699999999999999
7275,0.11699999999999999
7276,0.11699999999999999
7277,0.11699999999999999
7278,0.11699999999999999
7279,0.11699999999999999
7280,0.11699999999999999
7281,0.11699999999999999
7282,0.11699999999999999
7283,0.11699999999999999
7284,0.11699999999999999
7285,0.11699999999999999
7286,0.11699999999999999
7287,0.11699999999999999
7288,0.11699999999999999
7289,0.11699999999999999
7290,0.11699999999999999
7291,0.11699999999999999
7292,0.11699999999999999
7293,0.11699999999999999
7294,0.11699999999999999
7295,0.11699999999999999
7296,0.11699999999999999
7297,0.11699999999999999
7298,0.11699999999999999
7299,0.11699999999999999
7300,0.11699999999999999
7301,0.11699999999999999
7302,0.11699999999999999
7303,0.11699999999999999
7304,0.11699999999999999
7305,0.11699999999999999
7306,0.11699999999999999
7307,0.11699999999999999
7308,0.11699999999999999
7309,0.11699999999999999
7310,0.11699999999999999
7311,0.11699999999999999
7312,0.11699999999999999
7313,0.11699999999999999
7314,0.11699999999999999
7315,0.11699999999999999
7316,0.11699999999999999
7317,0.11699999999999999
7318,0.11699999999999999
7319,0.11699999999999999
7320,0.11699999999999999
7321,0.11699999999999999
7322,0.11699999999999999
7323,0.11699999999999999
7324,0.11699999999999999
7325,0.11699999999999999
7326,0.11699999999999999
7327,0.11699999999999999
7328,0.11699999999999999
7329,0.11699999999999999
7330,0.11699999999999999
7331,0.11699999999999999
7332,0.11699999999999999
7333,0.11699999999999999
7334,0.11699999999999999
7335,0.11699999999999999
7336,0.11699999999999999
7337,0.11699999999999999
7338,0.11699999999999999
7339,0.11699999999999999
7340,0.11699999999999999
7341,0.11699999999999999
7342,0.11699999999999999
7343,0.11699999999999999
7344,0.11699999999999999
7345,0.11699999999999999
7346,0.11699999999999999
7347,0.11699999999999999
7348,0.11699999999999999
7349,0.11699999999999999
7350,0.11699999999999999
7351,0.11699999999999999
7352,0.11699999999999999
7353,0.11699999999999999
7354,0.11699999999999999
7355,0.11699999999999999
7356,0.11699999999999999
7357,0.11699999999999999
7358,0.11699999999999999
7359,0.11699999999999999
7360,0.11699999999999999
7361,0.11699999999999999
7362,0.11699999999999999
7363,0.11699999999999999
7364,0.11699999999999999
7365,0.11699999999999999
7366,0.11699999999999999
7367,0.11699999999999999
7368,0.11699999999999999
7369,0.11699999999999999
7370,0.11699999999999999
7371,0.11699999999999999
7372,0.11699999999999999
7373,0.11699999999999999
7374,0.11699999999999999
7375,0.11699999999999999
7376,0.11699999999999999
7377,0.11699999999999999
7378,0.11699999999999999
7379,0.11699999999999999
7380,0.11699999999999999
7381,0.11699999999999999
7382,0.11699999999999999
7383,0.11699999999999999
7384,0.11699999999999999
7385,0.11699999999999999
7386,0.11699999999999999
7387,0.11699999999999999
7388,0.11699999999999999
7389,0.11699999999999999
7390,0.11699999999999999
7391,0.11699999999999999
7392,0.11699999999999999
7393,0.11699999999999999
7394,0.11699999999999999
7395,0.11699999999999999
7396,0.11699999999999999
7397,0.11699999999999999
7398,0.11699999999999999
7399,0.11699999999999999
7400,0.11699999999999999
7401,0.11699999999999999
7402,0.11699999999999999
7403,0.11699999999999999
7404,0.11699999999999999
7405,0.11699999999999999
7406,0.11699999999999999
7407,0.11699999999999999
7408,0.11699999999999999
7409,0.11699999999999999
7410,0.11699999999999999
7411,0.11699999999999999
7412,0.11699999999999999
7413,0.11699999999999999
7414,0.11699999999999999
7415,0.11699999999999999
7416,0.11699999999999999
7417,0.11699999999999999
7418,0.11699999999999999
7419,0.11699999999999999
7420,0.11699999999999999
7421,0.11699999999999999
7422,0.11699999999999999
7423,0.11699999999999999
7424,0.11699999999999999
7425,0.11699999999999999
7426,0.11699999999999999
7427,0.11699999999999999
7428,0.11699999999999999
7429,0.11699999999999999
7430,0.11699999999999999
7431,0.11699999999999999
7432,0.11699999999999999
7433,0.11699999999999999
7434,0.11699999999999999
7435,0.11699999999999999
7436,0.11699999999999999
7437,0.11699999999999999
7438,0.11699999999999999
7439,0.11699999999999999
7440,0.11699999999999999
7441,0.11699999999999999
7442,0.11699999999999999
7443,0.11699999999999999
7444,0.11699999999999999
7445,0.11699999999999999
7446,0.11699999999999999
7447,0.11699999999999999
7448,0.11699999999999999
7449,0.11699999999999999
7450,0.11699999999999999
7451,0.11699999999999999
7452,0.11699999999999999
7453,0.11699999999999999
7454,0.11699999999999999
7455,0.11699999999999999
7456,0.11699999999999999
7457,0.11699999999999999
7458,0.11699999999999999
7459,0.11699999999999999
7460,0.11699999999999999
7461,0.11699999999999999
7462,0.11699999999999999
7463,0.11699999999999999
7464,0.11699999999999999
7465,0.11699999999999999
7466,0.11699999999999999
7467,0.11699999999999999
7468,0.11699999999999999
7469,0.11699999999999999
7470,0.11699999999999999
7471,0.11699999999999999
7472,0.11699999999999999
7473,0.11699999999999999
7474,0.11699999999999999
7475,0.11699999999999999
7476,0.11699999999999999
7477,0.11699999999999999
7478,0.11699999999999999
7479,0.11699999999999999
7480,0.11699999999999999
7481,0.11699999999999999
7482,0.11699999999999999
7483,0.11699999999999999
7484,0.11699999999999999
7485,0.11699999999999999
7486,0.11699999999999999
7487,0.11699999999999999
7488,0.11699999999999999
7489,0.11699999999999999
7490,0.11699999999999999
7491,0.11699999999999999
7492,0.11699999999999999
7493,0.11699999999999999
7494,0.11699999999999999
7495,0.11699999999999999
7496,0.11699999999999999
7497,0.11699999999999999
7498,0.11699999999999999
7499,0.11699999999999999
7500,0.11699999999999999
7501,0.11699999999999999
7502,0.11699999999999999
7503,0.11699999999999999
7504,0.11699999999999999
7505,0.11699999999999999
7506,0.11699999999999999
7507,0.11699999999999999
7508,0.11699999999999999
7509,0.11699999999999999
7510,0.11699999999999999
7511,0.11699999999999999
7512,0.11699999999999999
7513,0.11699999999999999
7514,0.11699999999999999
7515,0.11699999999999999
7516,0.11699999999999999
7517,0.11699999999999999
7518,0.11699999999999999
7519,0.11699999999999999
7520,0.11699999999999999
7521,0.11699999999999999
7522,0.11699999999999999
7523,0.11699999999999999
7524,0.11699999999999999
7525,0.11699999999999999
7526,0.11699999999999999
7527,0.11699999999999999
7528,0.11699999999999999
7529,0.11699999999999999
7530,0.11699999999999999
7531,0.11699999999999999
7532,0.11699999999999999
7533,0.11699999999999999
7534,0.11699999999999999
7535,0.11699999999999999
7536,0.11699999999999999
7537,0.11699999999999999
7538,0.11699999999999999
7539,0.11699999999999999
7540,0.11699999999999999
7541,0.11699999999999999
7542,0.11699999999999999
7543,0.11699999999999999
7544,0.11699999999999999
7545,0.11699999999999999
7546,0.11699999999999999
7547,0.11699999999999999
7548,0.11699999999999999
7549,0.11699999999999999
7550,0.11699999999999999
7551,0.11699999999999999
7552,0.11699999999999999
7553,0.11699999999999999
7554,0.11699999999999999
7555,0.11699999999999999
7556,0.11699999999999999
7557,0.11699999999999999
7558,0.11699999999999999
7559,0.11699999999999999
7560,0.11699999999999999
7561,0.11699999999999999
7562,0.11699999999999999
7563,0.11699999999999999
7564,0.11699999999999999
7565,0.11699999999999999
7566,0.11699999999999999
7567,0.11699999999999999
7568,0.11699999999999999
7569,0.11699999999999999
7570,0.11699999999999999
7571,0.11699999999999999
7572,0.11699999999999999
7573,0.11699999999999999
7574,0.11699999999999999
7575,0.11699999999999999
7576,0.11699999999999999
7577,0.11699999999999999
7578,0.11699999999999999
7579,0.11699999999999999
7580,0.11699999999999999
7581,0.11699999999999999
7582,0.11699999999999999
7583,0.11699999999999999
7584,0.11699999999999999
7585,0.11699999999999999
7586,0.11699999999999999
7587,0.11699999999999999
7588,0.11699999999999999
7589,0.11699999999999999
7590,0.11699999999999999
7591,0.11699999999999999
7592,0.11699999999999999
7593,0.11699999999999999
7594,0.11699999999999999
7595,0.11699999999999999
7596,0.11699999999999999
7597,0.11699999999999999
7598,0.11699999999999999
7599,0.11699999999999999
7600,0.11699999999999999
7601,0.11699999999999999
7602,0.11699999999999999
7603,0.11699999999999999
7604,0.11699999999999999
7605,0.11699999999999999
7606,0.11699999999999999
7607,0.11699999999999999
7608,0.11699999999999999
7609,0.11699999999999999
7610,0.11699999999999999
7611,0.11699999999999999
7612,0.11699999999999999
7613,0.11699999999999999
7614,0.11699999999999999
7615,0.11699999999999999
7616,0.11699999999999999
7617,0.11699999999999999
7618,0.11699999999999999
7619,0.11699999999999999
7620,0.11699999999999999
7621,0.11699999999999999
7622,0.11699999999999999
7623,0.11699999999999999
7624,0.11699999999999999
7625,0.11699999999999999
7626,0.11699999999999999
7627,0.11699999999999999
7628,0.11699999999999999
7629,0.11699999999999999
7630,0.11699999999999999
7631,0.11699999999999999
7632,0.11699999999999999
7633,0.11699999999999999
7634,0.11699999999999999
7635,0.11699999999999999
7636,0.11699999999999999
7637,0.11699999999999999
7638,0.11699999999999999
7639,0.11699999999999999
7640,0.11699999999999999
7641,0.11699999999999999
7642,0.11699999999999999
7643,0.11699999999999999
7644,0.11699999999999999
7645,0.11699999999999999
7646,0.11699999999999999
7647,0.11699999999999999
7648,0.11699999999999999
7649,0.11699999999999999
7650,0.11699999999999999
7651,0.11699999999999999
7652,0.11699999999999999
7653,0.11699999999999999
7654,0.11699999999999999
7655,0.11699999999999999
7656,0.11699999999999999
7657,0.11699999999999999
7658,0.11699999999999999
7659,0.11699999999999999
7660,0.11699999999999999
7661,0.11699999999999999
7662,0.11699999999999999
7663,0.11699999999999999
7664,0.11699999999999999
7665,0.11699999999999999
7666,0.11699999999999999
7667,0.11699999999999999
7668,0.11699999999999999
7669,0.11699999999999999
7670,0.11699999999999999
7671,0.11699999999999999
7672,0.11699999999999999
7673,0.11699999999999999
7674,0.11699999999999999
7675,0.11699999999999999
7676,0.11699999999999999
7677,0.11699999999999999
7678,0.11699999999999999
7679,0.11699999999999999
7680,0.11699999999999999
7681,0.11699999999999999
7682,0.11699999999999999
7683,0.11699999999999999
7684,0.11699999999999999
7685,0.11699999999999999
7686,0.11699999999999999
7687,0.11699999999999999
7688,0.11699999999999999
7689,0.11699999999999999
7690,0.11699999999999999
7691,0.11699999999999999
7692,0.11699999999999999
7693,0.11699999999999999
7694,0.11699999999999999
7695,0.11699999999999999
7696,0.11699999999999999
7697,0.11699999999999999
7698,0.11699999999999999
7699,0.11699999999999999
7700,0.11699999999999999
7701,0.11699999999999999
7702,0.11699999999999999
7703,0.11699999999999999
7704,0.11699999999999999
7705,0.11699999999999999
7706,0.11699999999999999
7707,0.11699999999999999
7708,0.11699999999999999
7709,0.11699999999999999
7710,0.11699999999999999
7711,0.11699999999999999
7712,0.11699999999999999
7713,0.11699999999999999
7714,0.11699999999999999
7715,0.11699999999999999
7716,0.11699999999999999
7717,0.11699999999999999
7718,0.11699999999999999
7719,0.11699999999999999
7720,0.11699999999999999
7721,0.11699999999999999
7722,0.11699999999999999
7723,0.11699999999999999
7724,0.11699999999999999
7725,0.11699999999999999
7726,0.11699999999999999
7727,0.11699999999999999
7728,0.11699999999999999
7729,0.11699999999999999
7730,0.11699999999999999
7731,0.11699999999999999
7732,0.11699999999999999
7733,0.11699999999999999
7734,0.11699999999999999
7735,0.11699999999999999
7736,0.11699999999999999
7737,0.11699999999999999
7738,0.11699999999999999
7739,0.11699999999999999
7740,0.11699999999999999
7741,0.11699999999999999
7742,0.11699999999999999
7743,0.11699999999999999
7744,0.11699999999999999
7745,0.11699999999999999
7746,0.11699999999999999
7747,0.11699999999999999
7748,0.11699999999999999
7749,0.11699999999999999
7750,0.11699999999999999
7751,0.11699999999999999
7752,0.11699999999999999
7753,0.11699999999999999
7754,0.11699999999999999
7755,0.11699999999999999
7756,0.11699999999999999
7757,0.11699999999999999
7758,0.11699999999999999
7759,0.11699999999999999
7760,0.11699999999999999
7761,0.11699999999999999
7762,0.11699999999999999
7763,0.11699999999999999
7764,0.11699999999999999
7765,0.11699999999999999
7766,0.11699999999999999
7767,0.11699999999999999
7768,0.11699999999999999
7769,0.11699999999999999
7770,0.11699999999999999
7771,0.11699999999999999
7772,0.11699999999999999
7773,0.11699999999999999
7774,0.11699999999999999
7775,0.11699999999999999
7776,0.11699999999999999
7777,0.11699999999999999
7778,0.11699999999999999
7779,0.11699999999999999
7780,0.11699999999999999
7781,0.11699999999999999
7782,0.11699999999999999
7783,0.11699999999999999
7784,0.11699999999999999
7785,0.11699999999999999
7786,0.11699999999999999
7787,0.11699999999999999
7788,0.11699999999999999
7789,0.11699999999999999
7790,0.11699999999999999
7791,0.11699999999999999
7792,0.11699999999999999
7793,0.11699999999999999
7794,0.11699999999999999
7795,0.11699999999999999
7796,0.11699999999999999
7797,0.11699999999999999
7798,0.11699999999999999
7799,0.11699999999999999
7800,0.11699999999999999
7801,0.11699999999999999
7802,0.11699999999999999
7803,0.11699999999999999
7804,0.11699999999999999
7805,0.11699999999999999
7806,0.11699999999999999
7807,0.11699999999999999
7808,0.11699999999999999
7809,0.11699999999999999
7810,0.11699999999999999
7811,0.11699999999999999
7812,0.11699999999999999
7813,0.11699999999999999
7814,0.11699999999999999
7815,0.11699999999999999
7816,0.11699999999999999
7817,0.11699999999999999
7818,0.11699999999999999
7819,0.11699999999999999
7820,0.11699999999999999
7821,0.11699999999999999
7822,0.11699999999999999
7823,0.11699999999999999
7824,0.11699999999999999
7825,0.11699999999999999
7826,0.11699999999999999
7827,0.11699999999999999
7828,0.11699999999999999
7829,0.11699999999999999
7830,0.11699999999999999
7831,0.11699999999999999
7832,0.11699999999999999
7833,0.11699999999999999
7834,0.11699999999999999
7835,0.11699999999999999
7836,0.11699999999999999
7837,0.11699999999999999
7838,0.11699999999999999
7839,0.11699999999999999
7840,0.11699999999999999
7841,0.11699999999999999
7842,0.11699999999999999
7843,0.11699999999999999
7844,0.11699999999999999
7845,0.11699999999999999
7846,0.11699999999999999
7847,0.11699999999999999
7848,0.11699999999999999
7849,0.11699999999999999
7850,0.11699999999999999
7851,0.11699999999999999
7852,0.11699999999999999
7853,0.11699999999999999
7854,0.11699999999999999
7855,0.11699999999999999
7856,0.11699999999999999
7857,0.11699999999999999
7858,0.11699999999999999
7859,0.11699999999999999
7860,0.11699999999999999
7861,0.11699999999999999
7862,0.11699999999999999
7863,0.11699999999999999
7864,0.11699999999999999
7865,0.11699999999999999
7866,0.11699999999999999
7867,0.11699999999999999
7868,0.11699999999999999
7869,0.11699999999999999
7870,0.11699999999999999
7871,0.11699999999999999
7872,0.11699999999999999
7873,0.11699999999999999
7874,0.11699999999999999
7875,0.11699999999999999
7876,0.11699999999999999
7877,0.11699999999999999
7878,0.11699999999999999
7879,0.11699999999999999
7880,0.11699999999999999
7881,0.11699999999999999
7882,0.11699999999999999
7883,0.11699999999999999
7884,0.11699999999999999
7885,0.11699999999999999
7886,0.11699999999999999
7887,0.11699999999999999
7888,0.11699999999999999
7889,0.11699999999999999
7890,0.11699999999999999
7891,0.11699999999999999
7892,0.11699999999999999
7893,0.11699999999999999
7894,0.11699999999999999
7895,0.11699999999999999
7896,0.11699999999999999
7897,0.11699999999999999
7898,0.11699999999999999
7899,0.11699999999999999
7900,0.11699999999999999
7901,0.11699999999999999
7902,0.11699999999999999
7903,0.11699999999999999
7904,0.11699999999999999
7905,0.11699999999999999
7906,0.11699999999999999
7907,0.11699999999999999
7908,0.11699999999999999
7909,0.11699999999999999
7910,0.11699999999999999
7911,0.11699999999999999
7912,0.11699999999999999
7913,0.11699999999999999
7914,0.11699999999999999
7915,0.11699999999999999
7916,0.11699999999999999
7917,0.11699999999999999
7918,0.11699999999999999
7919,0.11699999999999999
7920,0.11699999999999999
7921,0.11699999999999999
7922,0.11699999999999999
7923,0.11699999999999999
7924,0.11699999999999999
7925,0.11699999999999999
7926,0.11699999999999999
7927,0.11699999999999999
7928,0.11699999999999999
7929,0.11699999999999999
7930,0.11699999999999999
7931,0.11699999999999999
7932,0.11699999999999999
7933,0.11699999999999999
7934,0.11699999999999999
7935,0.11699999999999999
7936,0.11699999999999999
7937,0.11699999999999999
7938,0.11699999999999999
7939,0.11699999999999999
7940,0.11699999999999999
7941,0.11699999999999999
7942,0.11699999999999999
7943,0.11699999999999999
7944,0.11699999999999999
7945,0.11699999999999999
7946,0.11699999999999999
7947,0.11699999999999999
7948,0.11699999999999999
7949,0.11699999999999999
7950,0.11699999999999999
7951,0.11699999999999999
7952,0.11699999999999999
7953,0.11699999999999999
7954,0.11699999999999999
7955,0.11699999999999999
7956,0.11699999999999999
7957,0.11699999999999999
7958,0.11699999999999999
7959,0.11699999999999999
7960,0.11699999999999999
7961,0.11699999999999999
7962,0.11699999999999999
7963,0.11699999999999999
7964,0.11699999999999999
7965,0.11699999999999999
7966,0.11699999999999999
7967,0.11699999999999999
7968,0.11699999999999999
7969,0.11699999999999999
7970,0.11699999999999999
7971,0.11699999999999999
7972,0.11699999999999999
7973,0.11699999999999999
7974,0.11699999999999999
7975,0.11699999999999999
7976,0.11699999999999999
7977,0.11699999999999999
7978,0.11699999999999999
7979,0.11699999999999999
7980,0.11699999999999999
7981,0.11699999999999999
7982,0.11699999999999999
7983,0.11699999999999999
7984,0.11699999999999999
7985,0.11699999999999999
7986,0.11699999999999999
7987,0.11699999999999999
7988,0.11699999999999999
7989,0.11699999999999999
7990,0.11699999999999999
7991,0.11699999999999999
7992,0.11699999999999999
7993,0.11699999999999999
7994,0.11699999999999999
7995,0.11699999999999999
7996,0.11699999999999999
7997,0.11699999999999999
7998,0.11699999999999999
7999,0.11699999999999999
8000,0.11699999999999999
8001,0.11699999999999999
8002,0.11699999999999999
8003,0.11699999999999999
8004,0.11699999999999999
8005,0.11699999999999999
8006,0.11699999999999999
8007,0.11699999999999999
8008,0.11699999999999999
8009,0.11699999999999999
8010,0.11699999999999999
8011,0.11699999999999999
8012,0.11699999999999999
8013,0.11699999999999999
8014,0.11699999999999999
8015,0.11699999999999999
8016,0.11699999999999999
8017,0.11699999999999999
8018,0.11699999999999999
8019,0.11699999999999999
8020,0.11699999999999999
8021,0.11699999999999999
8022,0.11699999999999999
8023,0.11699999999999999
8024,0.11699999999999999
8025,0.11699999999999999
8026,0.11699999999999999
8027,0.11699999999999999
8028,0.11699999999999999
8029,0.11699999999999999
8030,0.11699999999999999
8031,0.11699999999999999
8032,0.11699999999999999
8033,0.11699999999999999
8034,0.11699999999999999
8035,0.11699999999999999
8036,0.11699999999999999
8037,0.11699999999999999
8038,0.11699999999999999
8039,0.11699999999999999
8040,0.11699999999999999
8041,0.11699999999999999
8042,0.11699999999999999
8043,0.11699999999999999
8044,0.11699999999999999
8045,0.11699999999999999
8046,0.11699999999999999
8047,0.11699999999999999
8048,0.11699999999999999
8049,0.11699999999999999
8050,0.11699999999999999
8051,0.11699999999999999
8052,0.11699999999999999
8053,0.11699999999999999
8054,0.11699999999999999
8055,0.11699999999999999
8056,0.11699999999999999
8057,0.11699999999999999
8058,0.11699999999999999
8059,0.11699999999999999
8060,0.11699999999999999
8061,0.11699999999999999
8062,0.11699999999999999
8063,0.11699999999999999
8064,0.11699999999999999
8065,0.11699999999999999
8066,0.11699999999999999
8067,0.11699999999999999
8068,0.11699999999999999
8069,0.11699999999999999
8070,0.11699999999999999
8071,0.11699999999999999
8072,0.11699999999999999
8073,0.11699999999999999
8074,0.11699999999999999
8075,0.11699999999999999
8076,0.11699999999999999
8077,0.11699999999999999
8078,0.11699999999999999
8079,0.11699999999999999
8080,0.11699999999999999
8081,0.11699999999999999
8082,0.11699999999999999
8083,0.11699999999999999
8084,0.11699999999999999
8085,0.11699999999999999
8086,0.11699999999999999
8087,0.11699999999999999
8088,0.11699999999999999
8089,0.11699999999999999
8090,0.11699999999999999
8091,0.11699999999999999
8092,0.11699999999999999
8093,0.11699999999999999
8094,0.11699999999999999
8095,0.11699999999999999
8096,0.11699999999999999
8097,0.11699999999999999
8098,0.11699999999999999
8099,0.11699999999999999
8100,0.11699999999999999
8101,0.11699999999999999
8102,0.11699999999999999
8103,0.11699999999999999
8104,0.11699999999999999
8105,0.11699999999999999
8106,0.11699999999999999
8107,0.11699999999999999
8108,0.11699999999999999
8109,0.11699999999999999
8110,0.11699999999999999
8111,0.11699999999999999
8112,0.11699999999999999
8113,0.11699999999999999
8114,0.11699999999999999
8115,0.11699999999999999
8116,0.11699999999999999
8117,0.11699999999999999
8118,0.11699999999999999
8119,0.11699999999999999
8120,0.11699999999999999
8121,0.11699999999999999
8122,0.11699999999999999
8123,0.11699999999999999
8124,0.11699999999999999
8125,0.11699999999999999
8126,0.11699999999999999
8127,0.11699999999999999
8128,0.11699999999999999
8129,0.11699999999999999
8130,0.11699999999999999
8131,0.11699999999999999
8132,0.11699999999999999
8133,0.11699999999999999
8134,0.11699999999999999
8135,0.11699999999999999
8136,0.11699999999999999
8137,0.11699999999999999
8138,0.11699999999999999
8139,0.11699999999999999
8140,0.11699999999999999
8141,0.11699999999999999
8142,0.11699999999999999
8143,0.11699999999999999
8144,0.11699999999999999
8145,0.11699999999999999
8146,0.11699999999999999
8147,0.11699999999999999
8148,0.11699999999999999
8149,0.11699999999999999
8150,0.11699999999999999
8151,0.11699999999999999
8152,0.11699999999999999
8153,0.11699999999999999
8154,0.11699999999999999
8155,0.11699999999999999
8156,0.11699999999999999
8157,0.11699999999999999
8158,0.11699999999999999
8159,0.11699999999999999
8160,0.11699999999999999
8161,0.11699999999999999
8162,0.11699999999999999
8163,0.11699999999999999
8164,0.11699999999999999
8165,0.11699999999999999
8166,0.11699999999999999
8167,0.11699999999999999
8168,0.11699999999999999
8169,0.11699999999999999
8170,0.11699999999999999
8171,0.11699999999999999
8172,0.11699999999999999
8173,0.11699999999999999
8174,0.11699999999999999
8175,0.11699999999999999
8176,0.11699999999999999
8177,0.11699999999999999
8178,0.11699999999999999
8179,0.11699999999999999
8180,0.11699999999999999
8181,0.11699999999999999
8182,0.11699999999999999
8183,0.11699999999999999
8184,0.11699999999999999
8185,0.11699999999999999
8186,0.11699999999999999
8187,0.11699999999999999
8188,0.11699999999999999
8189,0.11699999999999999
8190,0.11699999999999999
8191,0.11699999999999999
8192,0.11699999999999999
8193,0.11699999999999999
8194,0.11699999999999999
8195,0.11699999999999999
8196,0.11699999999999999
8197,0.11699999999999999
8198,0.11699999999999999
8199,0.11699999999999999
8200,0.11699999999999999
8201,0.11699999999999999
8202,0.11699999999999999
8203,0.11699999999999999
8204,0.11699999999999999
8205,0.11699999999999999
8206,0.11699999999999999
8207,0.11699999999999999
8208,0.11699999999999999
8209,0.11699999999999999
8210,0.11699999999999999
8211,0.11699999999999999
8212,0.11699999999999999
8213,0.11699999999999999
8214,0.11699999999999999
8215,0.11699999999999999
8216,0.11699999999999999
8217,0.11699999999999999
8218,0.11699999999999999
8219,0.11699999999999999
8220,0.11699999999999999
8221,0.11699999999999999
8222,0.11699999999999999
8223,0.11699999999999999
8224,0.11699999999999999
8225,0.11699999999999999
8226,0.11699999999999999
8227,0.11699999999999999
8228,0.11699999999999999
8229,0.11699999999999999
8230,0.11699999999999999
8231,0.11699999999999999
8232,0.11699999999999999
8233,0.11699999999999999
8234,0.11699999999999999
8235,0.11699999999999999
8236,0.11699999999999999
8237,0.11699999999999999
8238,0.11699999999999999
8239,0.11699999999999999
8240,0.11699999999999999
8241,0.11699999999999999
8242,0.11699999999999999
8243,0.11699999999999999
8244,0.11699999999999999
8245,0.11699999999999999
8246,0.11699999999999999
8247,0.11699999999999999
8248,0.11699999999999999
8249,0.11699999999999999
8250,0.11699999999999999
8251,0.11699999999999999
8252,0.11699999999999999
8253,0.11699999999999999
8254,0.11699999999999999
8255,0.11699999999999999
8256,0.11699999999999999
8257,0.11699999999999999
8258,0.11699999999999999
8259,0.11699999999999999
8260,0.11699999999999999
8261,0.11699999999999999
8262,0.11699999999999999
8263,0.11699999999999999
8264,0.11699999999999999
8265,0.11699999999999999
8266,0.11699999999999999
8267,0.11699999999999999
8268,0.11699999999999999
8269,0.11699999999999999
8270,0.11699999999999999
8271,0.11699999999999999
8272,0.11699999999999999
8273,0.11699999999999999
8274,0.11699999999999999
8275,0.11699999999999999
8276,0.11699999999999999
8277,0.11699999999999999
8278,0.11699999999999999
8279,0.11699999999999999
8280,0.11699999999999999
8281,0.11699999999999999
8282,0.11699999999999999
8283,0.11699999999999999
8284,0.11699999999999999
8285,0.11699999999999999
8286,0.11699999999999999
8287,0.11699999999999999
8288,0.11699999999999999
8289,0.11699999999999999
8290,0.11699999999999999
8291,0.11699999999999999
8292,0.11699999999999999
8293,0.11699999999999999
8294,0.11699999999999999
8295,0.11699999999999999
8296,0.11699999999999999
8297,0.11699999999999999
8298,0.11699999999999999
8299,0.11699999999999999
8300,0.11699999999999999
8301,0.11699999999999999
8302,0.11699999999999999
8303,0.11699999999999999
8304,0.11699999999999999
8305,0.11699999999999999
8306,0.11699999999999999
8307,0.11699999999999999
8308,0.11699999999999999
8309,0.11699999999999999
8310,0.11699999999999999
8311,0.11699999999999999
8312,0.11699999999999999
8313,0.11699999999999999
8314,0.11699999999999999
8315,0.11699999999999999
8316,0.11699999999999999
8317,0.11699999999999999
8318,0.11699999999999999
8319,0.11699999999999999
8320,0.11699999999999999
8321,0.11699999999999999
8322,0.11699999999999999
8323,0.11699999999999999
8324,0.11699999999999999
8325,0.11699999999999999
8326,0.11699999999999999
8327,0.11699999999999999
8328,0.11699999999999999
8329,0.11699999999999999
8330,0.11699999999999999
8331,0.11699999999999999
8332,0.11699999999999999
8333,0.11699999999999999
8334,0.11699999999999999
8335,0.11699999999999999
8336,0.11699999999999999
8337,0.11699999999999999
8338,0.11699999999999999
8339,0.11699999999999999
8340,0.11699999999999999
8341,0.11699999999999999
8342,0.11699999999999999
8343,0.11699999999999999
8344,0.11699999999999999
8345,0.11699999999999999
8346,0.11699999999999999
8347,0.11699999999999999
8348,0.11699999999999999
8349,0.11699999999999999
8350,0.11699999999999999
8351,0.11699999999999999
8352,0.11699999999999999
8353,0.11699999999999999
8354,0.11699999999999999
8355,0.11699999999999999
8356,0.11699999999999999
8357,0.11699999999999999
8358,0.11699999999999999
8359,0.11699999999999999
8360,0.11699999999999999
8361,0.11699999999999999
8362,0.11699999999999999
8363,0.11699999999999999
8364,0.11699999999999999
8365,0.11699999999999999
8366,0.11699999999999999
8367,0.11699999999999999
8368,0.11699999999999999
8369,0.11699999999999999
8370,0.11699999999999999
8371,0.11699999999999999
8372,0.11699999999999999
8373,0.11699999999999999
8374,0.11699999999999999
8375,0.11699999999999999
8376,0.11699999999999999
8377,0.11699999999999999
8378,0.11699999999999999
8379,0.11699999999999999
8380,0.11699999999999999
8381,0.11699999999999999
8382,0.11699999999999999
8383,0.11699999999999999
8384,0.11699999999999999
8385,0.11699999999999999
8386,0.11699999999999999
8387,0.11699999999999999
8388,0.11699999999999999
8389,0.11699999999999999
8390,0.11699999999999999
8391,0.11699999999999999
8392,0.11699999999999999
8393,0.11699999999999999
8394,0.11699999999999999
8395,0.11699999999999999
8396,0.11699999999999999
8397,0.11699999999999999
8398,0.11699999999999999
8399,0.11699999999999999
8400,0.11699999999999999
8401,0.11699999999999999
8402,0.11699999999999999
8403,0.11699999999999999
8404,0.11699999999999999
8405,0.11699999999999999
8406,0.11699999999999999
8407,0.11699999999999999
8408,0.11699999999999999
8409,0.11699999999999999
8410,0.11699999999999999
8411,0.11699999999999999
8412,0.11699999999999999
8413,0.11699999999999999
8414,0.11699999999999999
8415,0.11699999999999999
8416,0.11699999999999999
8417,0.11699999999999999
8418,0.11699999999999999
8419,0.11699999999999999
8420,0.11699999999999999
8421,0.11699999999999999
8422,0.11699999999999999
8423,0.11699999999999999
8424,0.11699999999999999
8425,0.11699999999999999
8426,0.11699999999999999
8427,0.11699999999999999
8428,0.11699999999999999
8429,0.11699999999999999
8430,0.11699999999999999
8431,0.11699999999999999
8432,0.11699999999999999
8433,0.11699999999999999
8434,0.11699999999999999
8435,0.11699999999999999
8436,0.11699999999999999
8437,0.11699999999999999
8438,0.11699999999999999
8439,0.11699999999999999
8440,0.11699999999999999
8441,0.11699999999999999
8442,0.11699999999999999
8443,0.11699999999999999
8444,0.11699999999999999
8445,0.11699999999999999
8446,0.11699999999999999
8447,0.11699999999999999
8448,0.11699999999999999
8449,0.11699999999999999
8450,0.11699999999999999
8451,0.11699999999999999
8452,0.11699999999999999
8453,0.11699999999999999
8454,0.11699999999999999
8455,0.11699999999999999
8456,0.11699999999999999
8457,0.11699999999999999
8458,0.11699999999999999
8459,0.11699999999999999
8460,0.11699999999999999
8461,0.11699999999999999
8462,0.11699999999999999
8463,0.11699999999999999
8464,0.11699999999999999
8465,0.11699999999999999
8466,0.11699999999999999
8467,0.11699999999999999
8468,0.11699999999999999
8469,0.11699999999999999
8470,0.11699999999999999
8471,0.11699999999999999
8472,0.11699999999999999
8473,0.11699999999999999
8474,0.11699999999999999
8475,0.11699999999999999
8476,0.11699999999999999
8477,0.11699999999999999
8478,0.11699999999999999
8479,0.11699999999999999
8480,0.11699999999999999
8481,0.11699999999999999
8482,0.11699999999999999
8483,0.11699999999999999
8484,0.11699999999999999
8485,0.11699999999999999
8486,0.11699999999999999
8487,0.11699999999999999
8488,0.11699999999999999
8489,0.11699999999999999
8490,0.11699999999999999
8491,0.11699999999999999
8492,0.11699999999999999
8493,0.11699999999999999
8494,0.11699999999999999
8495,0.11699999999999999
8496,0.11699999999999999
8497,0.11699999999999999
8498,0.11699999999999999
8499,0.11699999999999999
8500,0.11699999999999999
8501,0.11699999999999999
8502,0.11699999999999999
8503,0.11699999999999999
8504,0.11699999999999999
8505,0.11699999999999999
8506,0.11699999999999999
8507,0.11699999999999999
8508,0.11699999999999999
8509,0.11699999999999999
8510,0.11699999999999999
8511,0.11699999999999999
8512,0.11699999999999999
8513,0.11699999999999999
8514,0.11699999999999999
8515,0.11699999999999999
8516,0.11699999999999999
8517,0.11699999999999999
8518,0.11699999999999999
8519,0.11699999999999999
8520,0.11699999999999999
8521,0.11699999999999999
8522,0.11699999999999999
8523,0.11699999999999999
8524,0.11699999999999999
8525,0.11699999999999999
8526,0.11699999999999999
8527,0.11699999999999999
8528,0.11699999999999999
8529,0.11699999999999999
8530,0.11699999999999999
8531,0.11699999999999999
8532,0.11699999999999999
8533,0.11699999999999999
8534,0.11699999999999999
8535,0.11699999999999999
8536,0.11699999999999999
8537,0.11699999999999999
8538,0.11699999999999999
8539,0.11699999999999999
8540,0.11699999999999999
8541,0.11699999999999999
8542,0.11699999999999999
8543,0.11699999999999999
8544,0.11699999999999999
8545,0.11699999999999999
8546,0.11699999999999999
8547,0.11699999999999999
8548,0.11699999999999999
8549,0.11699999999999999
8550,0.11699999999999999
8551,0.11699999999999999
8552,0.11699999999999999
8553,0.11699999999999999
8554,0.11699999999999999
8555,0.11699999999999999
8556,0.11699999999999999
8557,0.11699999999999999
8558,0.11699999999999999
8559,0.11699999999999999
8560,0.11699999999999999
8561,0.11699999999999999
8562,0.11699999999999999
8563,0.11699999999999999
8564,0.11699999999999999
8565,0.11699999999999999
8566,0.11699999999999999
8567,0.11699999999999999
8568,0.11699999999999999
8569,0.11699999999999999
8570,0.11699999999999999
8571,0.11699999999999999
8572,0.11699999999999999
8573,0.11699999999999999
8574,0.11699999999999999
8575,0.11699999999999999
8576,0.11699999999999999
8577,0.11699999999999999
8578,0.11699999999999999
8579,0.11699999999999999
8580,0.11699999999999999
8581,0.11699999999999999
8582,0.11699999999999999
8583,0.11699999999999999
8584,0.11699999999999999
8585,0.11699999999999999
8586,0.11699999999999999
8587,0.11699999999999999
8588,0.11699999999999999
8589,0.11699999999999999
8590,0.11699999999999999
8591,0.11699999999999999
8592,0.11699999999999999
8593,0.11699999999999999
8594,0.11699999999999999
8595,0.11699999999999999
8596,0.11699999999999999
8597,0.11699999999999999
8598,0.11699999999999999
8599,0.11699999999999999
8600,0.11699999999999999
8601,0.11699999999999999
8602,0.11699999999999999
8603,0.11699999999999999
8604,0.11699999999999999
8605,0.11699999999999999
8606,0.11699999999999999
8607,0.11699999999999999
8608,0.11699999999999999
8609,0.11699999999999999
8610,0.11699999999999999
8611,0.11699999999999999
8612,0.11699999999999999
8613,0.11699999999999999
8614,0.11699999999999999
8615,0.11699999999999999
8616,0.11699999999999999
8617,0.11699999999999999
8618,0.11699999999999999
8619,0.11699999999999999
8620,0.11699999999999999
8621,0.11699999999999999
8622,0.11699999999999999
8623,0.11699999999999999
8624,0.11699999999999999
8625,0.11699999999999999
8626,0.11699999999999999
8627,0.11699999999999999
8628,0.11699999999999999
8629,0.11699999999999999
8630,0.11699999999999999
8631,0.11699999999999999
8632,0.11699999999999999
8633,0.11699999999999999
8634,0.11699999999999999
8635,0.11699999999999999
8636,0.11699999999999999
8637,0.11699999999999999
8638,0.11699999999999999
8639,0.11699999999999999
8640,0.11699999999999999
8641,0.11699999999999999
8642,0.11699999999999999
8643,0.11699999999999999
8644,0.11699999999999999
8645,0.11699999999999999
8646,0.11699999999999999
8647,0.11699999999999999
8648,0.11699999999999999
8649,0.11699999999999999
8650,0.11699999999999999
8651,0.11699999999999999
8652,0.11699999999999999
8653,0.11699999999999999
8654,0.11699999999999999
8655,0.11699999999999999
8656,0.11699999999999999
8657,0.11699999999999999
8658,0.11699999999999999
8659,0.11699999999999999
8660,0.11699999999999999
8661,0.11699999999999999
8662,0.11699999999999999
8663,0.11699999999999999
8664,0.11699999999999999
8665,0.11699999999999999
8666,0.11699999999999999
8667,0.11699999999999999
8668,0.11699999999999999
8669,0.11699999999999999
8670,0.11699999999999999
8671,0.11699999999999999
8672,0.11699999999999999
8673,0.11699999999999999
8674,0.11699999999999999
8675,0.11699999999999999
8676,0.11699999999999999
8677,0.11699999999999999
8678,0.11699999999999999
8679,0.11699999999999999
8680,0.11699999999999999
8681,0.11699999999999999
8682,0.11699999999999999
8683,0.11699999999999999
8684,0.11699999999999999
8685,0.11699999999999999
8686,0.11699999999999999
8687,0.11699999999999999
8688,0.11699999999999999
8689,0.11699999999999999
8690,0.11699999999999999
8691,0.11699999999999999
8692,0.11699999999999999
8693,0.11699999999999999
8694,0.11699999999999999
8695,0.11699999999999999
8696,0.11699999999999999
8697,0.11699999999999999
8698,0.11699999999999999
8699,0.11699999999999999
8700,0.11699999999999999
8701,0.11699999999999999
8702,0.11699999999999999
8703,0.11699999999999999
8704,0.11699999999999999
8705,0.11699999999999999
8706,0.11699999999999999
8707,0.11699999999999999
8708,0.11699999999999999
8709,0.11699999999999999
8710,0.11699999999999999
8711,0.11699999999999999
8712,0.11699999999999999
8713,0.11699999999999999
8714,0.11699999999999999
8715,0.11699999999999999
8716,0.11699999999999999
8717,0.11699999999999999
8718,0.11699999999999999
8719,0.11699999999999999
8720,0.11699999999999999
8721,0.11699999999999999
8722,0.11699999999999999
8723,0.11699999999999999
8724,0.11699999999999999
8725,0.11699999999999999
8726,0.11699999999999999
8727,0.11699999999999999
8728,0.11699999999999999
8729,0.11699999999999999
8730,0.11699999999999999
8731,0.11699999999999999
8732,0.11699999999999999
8733,0.11699999999999999
8734,0.11699999999999999
8735,0.11699999999999999
8736,0.11699999999999999
8737,0.11699999999999999
8738,0.11699999999999999
8739,0.11699999999999999
8740,0.11699999999999999
8741,0.11699999999999999
8742,0.11699999999999999
8743,0.11699999999999999
8744,0.11699999999999999
8745,0.11699999999999999
8746,0.11699999999999999
8747,0.11699999999999999
8748,0.11699999999999999
8749,0.11699999999999999
8750,0.11699999999999999
8751,0.11699999999999999
8752,0.11699999999999999
8753,0.11699999999999999
8754,0.11699999999999999
8755,0.11699999999999999
8756,0.11699999999999999
8757,0.11699999999999999
8758,0.11699999999999999
8759,0.11699999999999999
8760,0.11699999999999999
8761,0.11699999999999999
8762,0.11699999999999999
8763,0.11699999999999999
8764,0.11699999999999999
8765,0.11699999999999999
8766,0.11699999999999999
8767,0.11699999999999999
8768,0.11699999999999999
8769,0.11699999999999999
8770,0.11699999999999999
8771,0.11699999999999999
8772,0.11699999999999999
8773,0.11699999999999999
8774,0.11699999999999999
8775,0.11699999999999999
8776,0.11699999999999999
8777,0.11699999999999999
8778,0.11699999999999999
8779,0.11699999999999999
8780,0.11699999999999999
8781,0.11699999999999999
8782,0.11699999999999999
8783,0.11699999999999999
8784,0.11699999999999999
8785,0.11699999999999999
8786,0.11699999999999999
8787,0.11699999999999999
8788,0.11699999999999999
8789,0.11699999999999999
8790,0.11699999999999999
8791,0.11699999999999999
8792,0.11699999999999999
8793,0.11699999999999999
8794,0.11699999999999999
8795,0.11699999999999999
8796,0.11699999999999999
8797,0.11699999999999999
8798,0.11699999999999999
8799,0.11699999999999999
8800,0.11699999999999999
8801,0.11699999999999999
8802,0.11699999999999999
8803,0.11699999999999999
8804,0.11699999999999999
8805,0.11699999999999999
8806,0.11699999999999999
8807,0.11699999999999999
8808,0.11699999999999999
8809,0.11699999999999999
8810,0.11699999999999999
8811,0.11699999999999999
8812,0.11699999999999999
8813,0.11699999999999999
8814,0.11699999999999999
8815,0.11699999999999999
8816,0.11699999999999999
8817,0.11699999999999999
8818,0.11699999999999999
8819,0.11699999999999999
8820,0.11699999999999999
8821,0.11699999999999999
8822,0.11699999999999999
8823,0.11699999999999999
8824,0.11699999999999999
8825,0.11699999999999999
8826,0.11699999999999999
8827,0.11699999999999999
8828,0.11699999999999999
8829,0.11699999999999999
8830,0.11699999999999999
8831,0.11699999999999999
8832,0.11699999999999999
8833,0.11699999999999999
8834,0.11699999999999999
8835,0.11699999999999999
8836,0.11699999999999999
8837,0.11699999999999999
8838,0.11699999999999999
8839,0.11699999999999999
8840,0.11699999999999999
8841,0.11699999999999999
8842,0.11699999999999999
8843,0.11699999999999999
8844,0.11699999999999999
8845,0.11699999999999999
8846,0.11699999999999999
8847,0.11699999999999999
8848,0.11699999999999999
8849,0.11699999999999999
8850,0.11699999999999999
8851,0.11699999999999999
8852,0.11699999999999999
8853,0.11699999999999999
8854,0.11699999999999999
8855,0.11699999999999999
8856,0.11699999999999999
8857,0.11699999999999999
8858,0.11699999999999999
8859,0.11699999999999999
8860,0.11699999999999999
8861,0.11699999999999999
8862,0.11699999999999999
8863,0.11699999999999999
8864,0.11699999999999999
8865,0.11699999999999999
8866,0.11699999999999999
8867,0.11699999999999999
8868,0.11699999999999999
8869,0.11699999999999999
8870,0.11699999999999999
8871,0.11699999999999999
8872,0.11699999999999999
8873,0.11699999999999999
8874,0.11699999999999999
8875,0.11699999999999999
8876,0.11699999999999999
8877,0.11699999999999999
8878,0.11699999999999999
8879,0.11699999999999999
8880,0.11699999999999999
8881,0.11699999999999999
8882,0.11699999999999999
8883,0.11699999999999999
8884,0.11699999999999999
8885,0.11699999999999999
8886,0.11699999999999999
8887,0.11699999999999999
8888,0.11699999999999999
8889,0.11699999999999999
8890,0.11699999999999999
8891,0.11699999999999999
8892,0.11699999999999999
8893,0.11699999999999999
8894,0.11699999999999999
8895,0.11699999999999999
8896,0.11699999999999999
8897,0.11699999999999999
8898,0.11699999999999999
8899,0.11699999999999999
8900,0.11699999999999999
8901,0.11699999999999999
8902,0.11699999999999999
8903,0.11699999999999999
8904,0.11699999999999999
8905,0.11699999999999999
8906,0.11699999999999999
8907,0.11699999999999999
8908,0.11699999999999999
8909,0.11699999999999999
8910,0.11699999999999999
8911,0.11699999999999999
8912,0.11699999999999999
8913,0.11699999999999999
8914,0.11699999999999999
8915,0.11699999999999999
8916,0.11699999999999999
8917,0.11699999999999999
8918,0.11699999999999999
8919,0.11699999999999999
8920,0.11699999999999999
8921,0.11699999999999999
8922,0.11699999999999999
8923,0.11699999999999999
8924,0.11699999999999999
8925,0.11699999999999999
8926,0.11699999999999999
8927,0.11699999999999999
8928,0.11699999999999999
8929,0.11699999999999999
8930,0.11699999999999999
8931,0.11699999999999999
8932,0.11699999999999999
8933,0.11699999999999999
8934,0.11699999999999999
8935,0.11699999999999999
8936,0.11699999999999999
8937,0.11699999999999999
8938,0.11699999999999999
8939,0.11699999999999999
8940,0.11699999999999999
8941,0.11699999999999999
8942,0.11699999999999999
8943,0.11699999999999999
8944,0.11699999999999999
8945,0.11699999999999999
8946,0.11699999999999999
8947,0.11699999999999999
8948,0.11699999999999999
8949,0.11699999999999999
8950,0.11699999999999999
8951,0.11699999999999999
8952,0.11699999999999999
8953,0.11699999999999999
8954,0.11699999999999999
8955,0.11699999999999999
8956,0.11699999999999999
8957,0.11699999999999999
8958,0.11699999999999999
8959,0.11699999999999999
8960,0.11699999999999999
8961,0.11699999999999999
8962,0.11699999999999999
8963,0.11699999999999999
8964,0.11699999999999999
8965,0.11699999999999999
8966,0.11699999999999999
8967,0.11699999999999999
8968,0.11699999999999999
8969,0.11699999999999999
8970,0.11699999999999999
8971,0.11699999999999999
8972,0.11699999999999999
8973,0.11699999999999999
8974,0.11699999999999999
8975,0.11699999999999999
8976,0.11699999999999999
8977,0.11699999999999999
8978,0.11699999999999999
8979,0.11699999999999999
8980,0.11699999999999999
8981,0.11699999999999999
8982,0.11699999999999999
8983,0.11699999999999999
8984,0.11699999999999999
8985,0.11699999999999999
8986,0.11699999999999999
8987,0.11699999999999999
8988,0.11699999999999999
8989,0.11699999999999999
8990,0.11699999999999999
8991,0.11699999999999999
8992,0.11699999999999999
8993,0.11699999999999999
8994,0.11699999999999999
8995,0.11699999999999999
8996,0.11699999999999999
8997,0.11699999999999999
8998,0.11699999999999999
8999,0.11699999999999999
9000,0.11699999999999999
9001,0.11699999999999999
9002,0.11699999999999999
9003,0.11699999999999999
9004,0.11699999999999999
9005,0.11699999999999999
9006,0.11699999999999999
9007,0.11699999999999999
9008,0.11699999999999999
9009,0.11699999999999999
9010,0.11699999999999999
9011,0.11699999999999999
9012,0.11699999999999999
9013,0.11699999999999999
9014,0.11699999999999999
9015,0.11699999999999999
9016,0.11699999999999999
9017,0.11699999999999999
9018,0.11699999999999999
9019,0.11699999999999999
9020,0.11699999999999999
9021,0.11699999999999999
9022,0.11699999999999999
9023,0.11699999999999999
9024,0.11699999999999999
9025,0.11699999999999999
9026,0.11699999999999999
9027,0.11699999999999999
9028,0.11699999999999999
9029,0.11699999999999999
9030,0.11699999999999999
9031,0.11699999999999999
9032,0.11699999999999999
9033,0.11699999999999999
9034,0.11699999999999999
9035,0.11699999999999999
9036,0.11699999999999999
9037,0.11699999999999999
9038,0.11699999999999999
9039,0.11699999999999999
9040,0.11699999999999999
9041,0.11699999999999999
9042,0.11699999999999999
9043,0.11699999999999999
9044,0.11699999999999999
9045,0.11699999999999999
9046,0.11699999999999999
9047,0.11699999999999999
9048,0.11699999999999999
9049,0.11699999999999999
9050,0.11699999999999999
9051,0.11699999999999999
9052,0.11699999999999999
9053,0.11699999999999999
9054,0.11699999999999999
9055,0.11699999999999999
9056,0.11699999999999999
9057,0.11699999999999999
9058,0.11699999999999999
9059,0.11699999999999999
9060,0.11699999999999999
9061,0.11699999999999999
9062,0.11699999999999999
9063,0.11699999999999999
9064,0.11699999999999999
9065,0.11699999999999999
9066,0.11699999999999999
9067,0.11699999999999999
9068,0.11699999999999999
9069,0.11699999999999999
9070,0.11699999999999999
9071,0.11699999999999999
9072,0.11699999999999999
9073,0.11699999999999999
9074,0.11699999999999999
9075,0.11699999999999999
9076,0.11699999999999999
9077,0.11699999999999999
9078,0.11699999999999999
9079,0.11699999999999999
9080,0.11699999999999999
9081,0.11699999999999999
9082,0.11699999999999999
9083,0.11699999999999999
9084,0.11699999999999999
9085,0.11699999999999999
9086,0.11699999999999999
9087,0.11699999999999999
9088,0.11699999999999999
9089,0.11699999999999999
9090,0.11699999999999999
9091,0.11699999999999999
9092,0.11699999999999999
9093,0.11699999999999999
9094,0.11699999999999999
9095,0.11699999999999999
9096,0.11699999999999999
9097,0.11699999999999999
9098,0.11699999999999999
9099,0.11699999999999999
9100,0.11699999999999999
9101,0.11699999999999999
9102,0.11699999999999999
9103,0.11699999999999999
9104,0.11699999999999999
9105,0.11699999999999999
9106,0.11699999999999999
9107,0.11699999999999999
9108,0.11699999999999999
9109,0.11699999999999999
9110,0.11699999999999999
9111,0.11699999999999999
9112,0.11699999999999999
9113,0.11699999999999999
9114,0.11699999999999999
9115,0.11699999999999999
9116,0.11699999999999999
9117,0.11699999999999999
9118,0.11699999999999999
9119,0.11699999999999999
9120,0.11699999999999999
9121,0.11699999999999999
9122,0.11699999999999999
9123,0.11699999999999999
9124,0.11699999999999999
9125,0.11699999999999999
9126,0.11699999999999999
9127,0.11699999999999999
9128,0.11699999999999999
9129,0.11699999999999999
9130,0.11699999999999999
9131,0.11699999999999999
9132,0.11699999999999999
9133,0.11699999999999999
9134,0.11699999999999999
9135,0.11699999999999999
9136,0.11699999999999999
9137,0.11699999999999999
9138,0.11699999999999999
9139,0.11699999999999999
9140,0.11699999999999999
9141,0.11699999999999999
9142,0.11699999999999999
9143,0.11699999999999999
9144,0.11699999999999999
9145,0.11699999999999999
9146,0.11699999999999999
9147,0.11699999999999999
9148,0.11699999999999999
9149,0.11699999999999999
9150,0.11699999999999999
9151,0.11699999999999999
9152,0.11699999999999999
9153,0.11699999999999999
9154,0.11699999999999999
9155,0.11699999999999999
9156,0.11699999999999999
9157,0.11699999999999999
9158,0.11699999999999999
9159,0.11699999999999999
9160,0.11699999999999999
9161,0.11699999999999999
9162,0.11699999999999999
9163,0.11699999999999999
9164,0.11699999999999999
9165,0.11699999999999999
9166,0.11699999999999999
9167,0.11699999999999999
9168,0.11699999999999999
9169,0.11699999999999999
9170,0.11699999999999999
9171,0.11699999999999999
9172,0.11699999999999999
9173,0.11699999999999999
9174,0.11699999999999999
9175,0.11699999999999999
9176,0.11699999999999999
9177,0.11699999999999999
9178,0.11699999999999999
9179,0.11699999999999999
9180,0.11699999999999999
9181,0.11699999999999999
9182,0.11699999999999999
9183,0.11699999999999999
9184,0.11699999999999999
9185,0.11699999999999999
9186,0.11699999999999999
9187,0.11699999999999999
9188,0.11699999999999999
9189,0.11699999999999999
9190,0.11699999999999999
9191,0.11699999999999999
9192,0.11699999999999999
9193,0.11699999999999999
9194,0.11699999999999999
9195,0.11699999999999999
9196,0.11699999999999999
9197,0.11699999999999999
9198,0.11699999999999999
9199,0.11699999999999999
9200,0.11699999999999999
9201,0.11699999999999999
9202,0.11699999999999999
9203,0.11699999999999999
9204,0.11699999999999999
9205,0.11699999999999999
9206,0.11699999999999999
9207,0.11699999999999999
9208,0.11699999999999999
9209,0.11699999999999999
9210,0.11699999999999999
9211,0.11699999999999999
9212,0.11699999999999999
9213,0.11699999999999999
9214,0.11699999999999999
9215,0.11699999999999999
9216,0.11699999999999999
9217,0.11699999999999999
9218,0.11699999999999999
9219,0.11699999999999999
9220,0.11699999999999999
9221,0.11699999999999999
9222,0.11699999999999999
9223,0.11699999999999999
9224,0.11699999999999999
9225,0.11699999999999999
9226,0.11699999999999999
9227,0.11699999999999999
9228,0.11699999999999999
9229,0.11699999999999999
9230,0.11699999999999999
9231,0.11699999999999999
9232,0.11699999999999999
9233,0.11699999999999999
9234,0.11699999999999999
9235,0.11699999999999999
9236,0.11699999999999999
9237,0.11699999999999999
9238,0.11699999999999999
9239,0.11699999999999999
9240,0.11699999999999999
9241,0.11699999999999999
9242,0.11699999999999999
9243,0.11699999999999999
9244,0.11699999999999999
9245,0.11699999999999999
9246,0.11699999999999999
9247,0.11699999999999999
9248,0.11699999999999999
9249,0.11699999999999999
9250,0.11699999999999999
9251,0.11699999999999999
9252,0.11699999999999999
9253,0.11699999999999999
9254,0.11699999999999999
9255,0.11699999999999999
9256,0.11699999999999999
9257,0.11699999999999999
9258,0.11699999999999999
9259,0.11699999999999999
9260,0.11699999999999999
9261,0.11699999999999999
9262,0.11699999999999999
9263,0.11699999999999999
9264,0.11699999999999999
9265,0.11699999999999999
9266,0.11699999999999999
9267,0.11699999999999999
9268,0.11699999999999999
9269,0.11699999999999999
9270,0.11699999999999999
9271,0.11699999999999999
9272,0.11699999999999999
9273,0.11699999999999999
9274,0.11699999999999999
9275,0.11699999999999999
9276,0.11699999999999999
9277,0.11699999999999999
9278,0.11699999999999999
9279,0.11699999999999999
9280,0.11699999999999999
9281,0.11699999999999999
9282,0.11699999999999999
9283,0.11699999999999999
9284,0.11699999999999999
9285,0.11699999999999999
9286,0.11699999999999999
9287,0.11699999999999999
9288,0.11699999999999999
9289,0.11699999999999999
9290,0.11699999999999999
9291,0.11699999999999999
9292,0.11699999999999999
9293,0.11699999999999999
9294,0.11699999999999999
9295,0.11699999999999999
9296,0.11699999999999999
9297,0.11699999999999999
9298,0.11699999999999999
9299,0.11699999999999999
9300,0.11699999999999999
9301,0.11699999999999999
9302,0.11699999999999999
9303,0.11699999999999999
9304,0.11699999999999999
9305,0.11699999999999999
9306,0.11699999999999999
9307,0.11699999999999999
9308,0.11699999999999999
9309,0.11699999999999999
9310,0.11699999999999999
9311,0.11699999999999999
9312,0.11699999999999999
9313,0.11699999999999999
9314,0.11699999999999999
9315,0.11699999999999999
9316,0.11699999999999999
9317,0.11699999999999999
9318,0.11699999999999999
9319,0.11699999999999999
9320,0.11699999999999999
9321,0.11699999999999999
9322,0.11699999999999999
9323,0.11699999999999999
9324,0.11699999999999999
9325,0.11699999999999999
9326,0.11699999999999999
9327,0.11699999999999999
9328,0.11699999999999999
9329,0.11699999999999999
9330,0.11699999999999999
9331,0.11699999999999999
9332,0.11699999999999999
9333,0.11699999999999999
9334,0.11699999999999999
9335,0.11699999999999999
9336,0.11699999999999999
9337,0.11699999999999999
9338,0.11699999999999999
9339,0.11699999999999999
9340,0.11699999999999999
9341,0.11699999999999999
9342,0.11699999999999999
9343,0.11699999999999999
9344,0.11699999999999999
9345,0.11699999999999999
9346,0.11699999999999999
9347,0.11699999999999999
9348,0.11699999999999999
9349,0.11699999999999999
9350,0.11699999999999999
9351,0.11699999999999999
9352,0.11699999999999999
9353,0.11699999999999999
9354,0.11699999999999999
9355,0.11699999999999999
9356,0.11699999999999999
9357,0.11699999999999999
9358,0.11699999999999999
9359,0.11699999999999999
9360,0.11699999999999999
9361,0.11699999999999999
9362,0.11699999999999999
9363,0.11699999999999999
9364,0.11699999999999999
9365,0.11699999999999999
9366,0.11699999999999999
9367,0.11699999999999999
9368,0.11699999999999999
9369,0.11699999999999999
9370,0.11699999999999999
9371,0.11699999999999999
9372,0.11699999999999999
9373,0.11699999999999999
9374,0.11699999999999999
9375,0.11699999999999999
9376,0.11699999999999999
9377,0.11699999999999999
9378,0.11699999999999999
9379,0.11699999999999999
9380,0.11699999999999999
9381,0.11699999999999999
9382,0.11699999999999999
9383,0.11699999999999999
9384,0.11699999999999999
9385,0.11699999999999999
9386,0.11699999999999999
9387,0.11699999999999999
9388,0.11699999999999999
9389,0.11699999999999999
9390,0.11699999999999999
9391,0.11699999999999999
9392,0.11699999999999999
9393,0.11699999999999999
9394,0.11699999999999999
9395,0.11699999999999999
9396,0.11699999999999999
9397,0.11699999999999999
9398,0.11699999999999999
9399,0.11699999999999999
9400,0.11699999999999999
9401,0.11699999999999999
9402,0.11699999999999999
9403,0.11699999999999999
9404,0.11699999999999999
9405,0.11699999999999999
9406,0.11699999999999999
9407,0.11699999999999999
9408,0.11699999999999999
9409,0.11699999999999999
9410,0.11699999999999999
9411,0.11699999999999999
9412,0.11699999999999999
9413,0.11699999999999999
9414,0.11699999999999999
9415,0.11699999999999999
9416,0.11699999999999999
9417,0.11699999999999999
9418,0.11699999999999999
9419,0.11699999999999999
9420,0.11699999999999999
9421,0.11699999999999999
9422,0.11699999999999999
9423,0.11699999999999999
9424,0.11699999999999999
9425,0.11699999999999999
9426,0.11699999999999999
9427,0.11699999999999999
9428,0.11699999999999999
9429,0.11699999999999999
9430,0.11699999999999999
9431,0.11699999999999999
9432,0.11699999999999999
9433,0.11699999999999999
9434,0.11699999999999999
9435,0.11699999999999999
9436,0.11699999999999999
9437,0.11699999999999999
9438,0.11699999999999999
9439,0.11699999999999999
9440,0.11699999999999999
9441,0.11699999999999999
9442,0.11699999999999999
9443,0.11699999999999999
9444,0.11699999999999999
9445,0.11699999999999999
9446,0.11699999999999999
9447,0.11699999999999999
9448,0.11699999999999999
9449,0.11699999999999999
9450,0.11699999999999999
9451,0.11699999999999999
9452,0.11699999999999999
9453,0.11699999999999999
9454,0.11699999999999999
9455,0.11699999999999999
9456,0.11699999999999999
9457,0.11699999999999999
9458,0.11699999999999999
9459,0.11699999999999999
9460,0.11699999999999999
9461,0.11699999999999999
9462,0.11699999999999999
9463,0.11699999999999999
9464,0.11699999999999999
9465,0.11699999999999999
9466,0.11699999999999999
9467,0.11699999999999999
9468,0.11699999999999999
9469,0.11699999999999999
9470,0.11699999999999999
9471,0.11699999999999999
9472,0.11699999999999999
9473,0.11699999999999999
9474,0.11699999999999999
9475,0.11699999999999999
9476,0.11699999999999999
9477,0.11699999999999999
9478,0.11699999999999999
9479,0.11699999999999999
9480,0.11699999999999999
9481,0.11699999999999999
9482,0.11699999999999999
9483,0.11699999999999999
9484,0.11699999999999999
9485,0.11699999999999999
9486,0.11699999999999999
9487,0.11699999999999999
9488,0.11699999999999999
9489,0.11699999999999999
9490,0.11699999999999999
9491,0.11699999999999999
9492,0.11699999999999999
9493,0.11699999999999999
9494,0.11699999999999999
9495,0.11699999999999999
9496,0.11699999999999999
9497,0.11699999999999999
9498,0.11699999999999999
9499,0.11699999999999999
9500,0.11699999999999999
9501,0.11699999999999999
9502,0.11699999999999999
9503,0.11699999999999999
9504,0.11699999999999999
9505,0.11699999999999999
9506,0.11699999999999999
9507,0.11699999999999999
9508,0.11699999999999999
9509,0.11699999999999999
9510,0.11699999999999999
9511,0.11699999999999999
9512,0.11699999999999999
9513,0.11699999999999999
9514,0.11699999999999999
9515,0.11699999999999999
9516,0.11699999999999999
9517,0.11699999999999999
9518,0.11699999999999999
9519,0.11699999999999999
9520,0.11699999999999999
9521,0.11699999999999999
9522,0.11699999999999999
9523,0.11699999999999999
9524,0.11699999999999999
9525,0.11699999999999999
9526,0.11699999999999999
9527,0.11699999999999999
9528,0.11699999999999999
9529,0.11699999999999999
9530,0.11699999999999999
9531,0.11699999999999999
9532,0.11699999999999999
9533,0.11699999999999999
9534,0.11699999999999999
9535,0.11699999999999999
9536,0.11699999999999999
9537,0.11699999999999999
9538,0.11699999999999999
9539,0.11699999999999999
9540,0.11699999999999999
9541,0.11699999999999999
9542,0.11699999999999999
9543,0.11699999999999999
9544,0.11699999999999999
9545,0.11699999999999999
9546,0.11699999999999999
9547,0.11699999999999999
9548,0.11699999999999999
9549,0.11699999999999999
9550,0.11699999999999999
9551,0.11699999999999999
9552,0.11699999999999999
9553,0.11699999999999999
9554,0.11699999999999999
9555,0.11699999999999999
9556,0.11699999999999999
9557,0.11699999999999999
9558,0.11699999999999999
9559,0.11699999999999999
9560,0.11699999999999999
9561,0.11699999999999999
9562,0.11699999999999999
9563,0.11699999999999999
9564,0.11699999999999999
9565,0.11699999999999999
9566,0.11699999999999999
9567,0.11699999999999999
9568,0.11699999999999999
9569,0.11699999999999999
9570,0.11699999999999999
9571,0.11699999999999999
9572,0.11699999999999999
9573,0.11699999999999999
9574,0.11699999999999999
9575,0.11699999999999999
9576,0.11699999999999999
9577,0.11699999999999999
9578,0.11699999999999999
9579,0.11699999999999999
9580,0.11699999999999999
9581,0.11699999999999999
9582,0.11699999999999999
9583,0.11699999999999999
9584,0.11699999999999999
9585,0.11699999999999999
9586,0.11699999999999999
9587,0.11699999999999999
9588,0.11699999999999999
9589,0.11699999999999999
9590,0.11699999999999999
9591,0.11699999999999999
9592,0.11699999999999999
9593,0.11699999999999999
9594,0.11699999999999999
9595,0.11699999999999999
9596,0.11699999999999999
9597,0.11699999999999999
9598,0.11699999999999999
9599,0.11699999999999999
9600,0.11699999999999999
9601,0.11699999999999999
9602,0.11699999999999999
9603,0.11699999999999999
9604,0.11699999999999999
9605,0.11699999999999999
9606,0.11699999999999999
9607,0.11699999999999999
9608,0.11699999999999999
9609,0.11699999999999999
9610,0.11699999999999999
9611,0.11699999999999999
9612,0.11699999999999999
9613,0.11699999999999999
9614,0.11699999999999999
9615,0.11699999999999999
9616,0.11699999999999999
9617,0.11699999999999999
9618,0.11699999999999999
9619,0.11699999999999999
9620,0.11699999999999999
9621,0.11699999999999999
9622,0.11699999999999999
9623,0.11699999999999999
9624,0.11699999999999999
9625,0.11699999999999999
9626,0.11699999999999999
9627,0.11699999999999999
9628,0.11699999999999999
9629,0.11699999999999999
9630,0.11699999999999999
9631,0.11699999999999999
9632,0.11699999999999999
9633,0.11699999999999999
9634,0.11699999999999999
9635,0.11699999999999999
9636,0.11699999999999999
9637,0.11699999999999999
9638,0.11699999999999999
9639,0.11699999999999999
9640,0.11699999999999999
9641,0.11699999999999999
9642,0.11699999999999999
9643,0.11699999999999999
9644,0.11699999999999999
9645,0.11699999999999999
9646,0.11699999999999999
9647,0.11699999999999999
9648,0.11699999999999999
9649,0.11699999999999999
9650,0.11699999999999999
9651,0.11699999999999999
9652,0.11699999999999999
9653,0.11699999999999999
9654,0.11699999999999999
9655,0.11699999999999999
9656,0.11699999999999999
9657,0.11699999999999999
9658,0.11699999999999999
9659,0.11699999999999999
9660,0.11699999999999999
9661,0.11699999999999999
9662,0.11699999999999999
9663,0.11699999999999999
9664,0.11699999999999999
9665,0.11699999999999999
9666,0.11699999999999999
9667,0.11699999999999999
9668,0.11699999999999999
9669,0.11699999999999999
9670,0.11699999999999999
9671,0.11699999999999999
9672,0.11699999999999999
9673,0.11699999999999999
9674,0.11699999999999999
9675,0.11699999999999999
9676,0.11699999999999999
9677,0.11699999999999999
9678,0.11699999999999999
9679,0.11699999999999999
9680,0.11699999999999999
9681,0.11699999999999999
9682,0.11699999999999999
9683,0.11699999999999999
9684,0.11699999999999999
9685,0.11699999999999999
9686,0.11699999999999999
9687,0.11699999999999999
9688,0.11699999999999999
9689,0.11699999999999999
9690,0.11699999999999999
9691,0.11699999999999999
9692,0.11699999999999999
9693,0.11699999999999999
9694,0.11699999999999999
9695,0.11699999999999999
9696,0.11699999999999999
9697,0.11699999999999999
9698,0.11699999999999999
9699,0.11699999999999999
9700,0.11699999999999999
9701,0.11699999999999999
9702,0.11699999999999999
9703,0.11699999999999999
9704,0.11699999999999999
9705,0.11699999999999999
9706,0.11699999999999999
9707,0.11699999999999999
9708,0.11699999999999999
9709,0.11699999999999999
9710,0.11699999999999999
9711,0.11699999999999999
9712,0.11699999999999999
9713,0.11699999999999999
9714,0.11699999999999999
9715,0.11699999999999999
9716,0.11699999999999999
9717,0.11699999999999999
9718,0.11699999999999999
9719,0.11699999999999999
9720,0.11699999999999999
9721,0.11699999999999999
9722,0.11699999999999999
9723,0.11699999999999999
9724,0.11699999999999999
9725,0.11699999999999999
9726,0.11699999999999999
9727,0.11699999999999999
9728,0.11699999999999999
9729,0.11699999999999999
9730,0.11699999999999999
9731,0.11699999999999999
9732,0.11699999999999999
9733,0.11699999999999999
9734,0.11699999999999999
9735,0.11699999999999999
9736,0.11699999999999999
9737,0.11699999999999999
9738,0.11699999999999999
9739,0.11699999999999999
9740,0.11699999999999999
9741,0.11699999999999999
9742,0.11699999999999999
9743,0.11699999999999999
9744,0.11699999999999999
9745,0.11699999999999999
9746,0.11699999999999999
9747,0.11699999999999999
9748,0.11699999999999999
9749,0.11699999999999999
9750,0.11699999999999999
9751,0.11699999999999999
9752,0.11699999999999999
9753,0.11699999999999999
9754,0.11699999999999999
9755,0.11699999999999999
9756,0.11699999999999999
9757,0.11699999999999999
9758,0.11699999999999999
9759,0.11699999999999999
9760,0.11699999999999999
9761,0.11699999999999999
9762,0.11699999999999999
9763,0.11699999999999999
9764,0.11699999999999999
9765,0.11699999999999999
9766,0.11699999999999999
9767,0.11699999999999999
9768,0.11699999999999999
9769,0.11699999999999999
9770,0.11699999999999999
9771,0.11699999999999999
9772,0.11699999999999999
9773,0.11699999999999999
9774,0.11699999999999999
9775,0.11699999999999999
9776,0.11699999999999999
9777,0.11699999999999999
9778,0.11699999999999999
9779,0.11699999999999999
9780,0.11699999999999999
9781,0.11699999999999999
9782,0.11699999999999999
9783,0.11699999999999999
9784,0.11699999999999999
9785,0.11699999999999999
9786,0.11699999999999999
9787,0.11699999999999999
9788,0.11699999999999999
9789,0.11699999999999999
9790,0.11699999999999999
9791,0.11699999999999999
9792,0.11699999999999999
9793,0.11699999999999999
9794,0.11699999999999999
9795,0.11699999999999999
9796,0.11699999999999999
9797,0.11699999999999999
9798,0.11699999999999999
9799,0.11699999999999999
9800,0.11699999999999999
9801,0.11699999999999999
9802,0.11699999999999999
9803,0.11699999999999999
9804,0.11699999999999999
9805,0.11699999999999999
9806,0.11699999999999999
9807,0.11699999999999999
9808,0.11699999999999999
9809,0.11699999999999999
9810,0.11699999999999999
9811,0.11699999999999999
9812,0.11699999999999999
9813,0.11699999999999999
9814,0.11699999999999999
9815,0.11699999999999999
9816,0.11699999999999999
9817,0.11699999999999999
9818,0.11699999999999999
9819,0.11699999999999999
9820,0.11699999999999999
9821,0.11699999999999999
9822,0.11699999999999999
9823,0.11699999999999999
9824,0.11699999999999999
9825,0.11699999999999999
9826,0.11699999999999999
9827,0.11699999999999999
9828,0.11699999999999999
9829,0.11699999999999999
9830,0.11699999999999999
9831,0.11699999999999999
9832,0.11699999999999999
9833,0.11699999999999999
9834,0.11699999999999999
9835,0.11699999999999999
9836,0.11699999999999999
9837,0.11699999999999999
9838,0.11699999999999999
9839,0.11699999999999999
9840,0.11699999999999999
9841,0.11699999999999999
9842,0.11699999999999999
9843,0.11699999999999999
9844,0.11699999999999999
9845,0.11699999999999999
9846,0.11699999999999999
9847,0.11699999999999999
9848,0.11699999999999999
9849,0.11699999999999999
9850,0.11699999999999999
9851,0.11699999999999999
9852,0.11699999999999999
9853,0.11699999999999999
9854,0.11699999999999999
9855,0.11699999999999999
9856,0.11699999999999999
9857,0.11699999999999999
9858,0.11699999999999999
9859,0.11699999999999999
9860,0.11699999999999999
9861,0.11699999999999999
9862,0.11699999999999999
9863,0.11699999999999999
9864,0.11699999999999999
9865,0.11699999999999999
9866,0.11699999999999999
9867,0.11699999999999999
9868,0.11699999999999999
9869,0.11699999999999999
9870,0.11699999999999999
9871,0.11699999999999999
9872,0.11699999999999999
9873,0.11699999999999999
9874,0.11699999999999999
9875,0.11699999999999999
9876,0.11699999999999999
9877,0.11699999999999999
9878,0.11699999999999999
9879,0.11699999999999999
9880,0.11699999999999999
9881,0.11699999999999999
9882,0.11699999999999999
9883,0.11699999999999999
9884,0.11699999999999999
9885,0.11699999999999999
9886,0.11699999999999999
9887,0.11699999999999999
9888,0.11699999999999999
9889,0.11699999999999999
9890,0.11699999999999999
9891,0.11699999999999999
9892,0.11699999999999999
9893,0.11699999999999999
9894,0.11699999999999999
9895,0.11699999999999999
9896,0.11699999999999999
9897,0.11699999999999999
9898,0.11699999999999999
9899,0.11699999999999999
9900,0.11699999999999999
9901,0.11699999999999999
9902,0.11699999999999999
9903,0.11699999999999999
9904,0.11699999999999999
9905,0.11699999999999999
9906,0.11699999999999999
9907,0.11699999999999999
9908,0.11699999999999999
9909,0.11699999999999999
9910,0.11699999999999999
9911,0.11699999999999999
9912,0.11699999999999999
9913,0.11699999999999999
9914,0.11699999999999999
9915,0.11699999999999999
9916,0.11699999999999999
9917,0.11699999999999999
9918,0.11699999999999999
9919,0.11699999999999999
9920,0.11699999999999999
9921,0.11699999999999999
9922,0.11699999999999999
9923,0.11699999999999999
9924,0.11699999999999999
9925,0.11699999999999999
9926,0.11699999999999999
9927,0.11699999999999999
9928,0.11699999999999999
9929,0.11699999999999999
9930,0.11699999999999999
9931,0.11699999999999999
9932,0.11699999999999999
9933,0.11699999999999999
9934,0.11699999999999999
9935,0.11699999999999999
9936,0.11699999999999999
9937,0.11699999999999999
9938,0.11699999999999999
9939,0.11699999999999999
9940,0.11699999999999999
9941,0.11699999999999999
9942,0.11699999999999999
9943,0.11699999999999999
9944,0.11699999999999999
9945,0.11699999999999999
9946,0.11699999999999999
9947,0.11699999999999999
9948,0.11699999999999999
9949,0.11699999999999999
9950,0.11699999999999999
9951,0.11699999999999999
9952,0.11699999999999999
9953,0.11699999999999999
9954,0.11699999999999999
9955,0.11699999999999999
9956,0.11699999999999999
9957,0.11699999999999999
9958,0.11699999999999999
9959,0.11699999999999999
9960,0.11699999999999999
9961,0.11699999999999999
9962,0.11699999999999999
9963,0.11699999999999999
9964,0.11699999999999999
9965,0.11699999999999999
9966,0.11699999999999999
9967,0.11699999999999999
9968,0.11699999999999999
9969,0.11699999999999999
9970,0.11699999999999999
9971,0.11699999999999999
9972,0.11699999999999999
9973,0.11699999999999999
9974,0.11699999999999999
9975,0.11699999999999999
9976,0.11699999999999999
9977,0.11699999999999999
9978,0.11699999999999999
9979,0.11699999999999999
9980,0.11699999999999999
9981,0.11699999999999999
9982,0.11699999999999999
9983,0.11699999999999999
9984,0.11699999999999999
9985,0.11699999999999999
9986,0.11699999999999999
9987,0.11699999999999999
9988,0.11699999999999999
9989,0.11699999999999999
9990,0.11699999999999999
9991,0.11699999999999999
9992,0.11699999999999999
9993,0.11699999999999999
9994,0.11699999999999999
9995,0.11699999999999999
9996,0.11699999999999999
9997,0.11699999999999999
9998,0.11699999999999999
9999,0.11699999999999999
10000,0.11699999999999999
10001,0.11699999999999999
10002,0.11699999999999999
10003,0.11699999999999999
10004,0.11699999999999999
10005,0.11699999999999999
10006,0.11699999999999999
10007,0.11699999999999999
10008,0.11699999999999999
10009,0.11699999999999999
10010,0.11699999999999999
10011,0.11699999999999999
10012,0.11699999999999999
10013,0.11699999999999999
10014,0.11699999999999999
10015,0.11699999999999999
10016,0.11699999999999999
10017,0.11699999999999999
10018,0.11699999999999999
10019,0.11699999999999999
10020,0.11699999999999999
10021,0.11699999999999999
10022,0.11699999999999999
10023,0.11699999999999999
10024,0.11699999999999999
10025,0.11699999999999999
10026,0.11699999999999999
10027,0.11699999999999999
10028,0.11699999999999999
10029,0.11699999999999999
10030,0.11699999999999999
10031,0.11699999999999999
10032,0.11699999999999999
10033,0.11699999999999999
10034,0.11699999999999999
10035,0.11699999999999999
10036,0.11699999999999999
10037,0.11699999999999999
10038,0.11699999999999999
10039,0.11699999999999999
10040,0.11699999999999999
10041,0.11699999999999999
10042,0.11699999999999999
10043,0.11699999999999999
10044,0.11699999999999999
10045,0.11699999999999999
10046,0.11699999999999999
10047,0.11699999999999999
10048,0.11699999999999999
10049,0.11699999999999999
10050,0.11699999999999999
10051,0.11699999999999999
10052,0.11699999999999999
10053,0.11699999999999999
10054,0.11699999999999999
10055,0.11699999999999999
10056,0.11699999999999999
10057,0.11699999999999999
10058,0.11699999999999999
10059,0.11699999999999999
10060,0.11699999999999999
10061,0.11699999999999999
10062,0.11699999999999999
10063,0.11699999999999999
10064,0.11699999999999999
10065,0.11699999999999999
10066,0.11699999999999999
10067,0.11699999999999999
10068,0.11699999999999999
10069,0.11699999999999999
10070,0.11699999999999999
10071,0.11699999999999999
10072,0.11699999999999999
10073,0.11699999999999999
10074,0.11699999999999999
10075,0.11699999999999999
10076,0.11699999999999999
10077,0.11699999999999999
10078,0.11699999999999999
10079,0.11699999999999999
10080,0.11699999999999999
10081,0.11699999999999999
10082,0.11699999999999999
10083,0.11699999999999999
10084,0.11699999999999999
10085,0.11699999999999999
10086,0.11699999999999999
10087,0.11699999999999999
10088,0.11699999999999999
10089,0.11699999999999999
10090,0.11699999999999999
10091,0.11699999999999999
10092,0.11699999999999999
10093,0.11699999999999999
10094,0.11699999999999999
10095,0.11699999999999999
10096,0.11699999999999999
10097,0.11699999999999999
10098,0.11699999999999999
10099,0.11699999999999999
10100,0.11699999999999999
10101,0.11699999999999999
10102,0.11699999999999999
10103,0.11699999999999999
10104,0.11699999999999999
10105,0.11699999999999999
10106,0.11699999999999999
10107,0.11699999999999999
10108,0.11699999999999999
10109,0.11699999999999999
10110,0.11699999999999999
10111,0.11699999999999999
10112,0.11699999999999999
10113,0.11699999999999999
10114,0.11699999999999999
10115,0.11699999999999999
10116,0.11699999999999999
10117,0.11699999999999999
10118,0.11699999999999999
10119,0.11699999999999999
10120,0.11699999999999999
10121,0.11699999999999999
10122,0.11699999999999999
10123,0.11699999999999999
10124,0.11699999999999999
10125,0.11699999999999999
10126,0.11699999999999999
10127,0.11699999999999999
10128,0.11699999999999999
10129,0.11699999999999999
10130,0.11699999999999999
10131,0.11699999999999999
10132,0.11699999999999999
10133,0.11699999999999999
10134,0.11699999999999999
10135,0.11699999999999999
10136,0.11699999999999999
10137,0.11699999999999999
10138,0.11699999999999999
10139,0.11699999999999999
10140,0.11699999999999999
10141,0.11699999999999999
10142,0.11699999999999999
10143,0.11699999999999999
10144,0.11699999999999999
10145,0.11699999999999999
10146,0.11699999999999999
10147,0.11699999999999999
10148,0.11699999999999999
10149,0.11699999999999999
10150,0.11699999999999999
10151,0.11699999999999999
10152,0.11699999999999999
10153,0.11699999999999999
10154,0.11699999999999999
10155,0.11699999999999999
10156,0.11699999999999999
10157,0.11699999999999999
10158,0.11699999999999999
10159,0.11699999999999999
10160,0.11699999999999999
10161,0.11699999999999999
10162,0.11699999999999999
10163,0.11699999999999999
10164,0.11699999999999999
10165,0.11699999999999999
10166,0.11699999999999999
10167,0.11699999999999999
10168,0.11699999999999999
10169,0.11699999999999999
10170,0.11699999999999999
10171,0.11699999999999999
10172,0.11699999999999999
10173,0.11699999999999999
10174,0.11699999999999999
10175,0.11699999999999999
10176,0.11699999999999999
10177,0.11699999999999999
10178,0.11699999999999999
10179,0.11699999999999999
10180,0.11699999999999999
10181,0.11699999999999999
10182,0.11699999999999999
10183,0.11699999999999999
10184,0.11699999999999999
10185,0.11699999999999999
10186,0.11699999999999999
10187,0.11699999999999999
10188,0.11699999999999999
10189,0.11699999999999999
10190,0.11699999999999999
10191,0.11699999999999999
10192,0.11699999999999999
10193,0.11699999999999999
10194,0.11699999999999999
10195,0.11699999999999999
10196,0.11699999999999999
10197,0.11699999999999999
10198,0.11699999999999999
10199,0.11699999999999999
10200,0.11699999999999999
10201,0.11699999999999999
10202,0.11699999999999999
10203,0.11699999999999999
10204,0.11699999999999999
10205,0.11699999999999999
10206,0.11699999999999999
10207,0.11699999999999999
10208,0.11699999999999999
10209,0.11699999999999999
10210,0.11699999999999999
10211,0.11699999999999999
10212,0.11699999999999999
10213,0.11699999999999999
10214,0.11699999999999999
10215,0.11699999999999999
10216,0.11699999999999999
10217,0.11699999999999999
10218,0.11699999999999999
10219,0.11699999999999999
10220,0.11699999999999999
10221,0.11699999999999999
10222,0.11699999999999999
10223,0.11699999999999999
10224,0.11699999999999999
10225,0.11699999999999999
10226,0.11699999999999999
10227,0.11699999999999999
10228,0.11699999999999999
10229,0.11699999999999999
10230,0.11699999999999999
10231,0.11699999999999999
10232,0.11699999999999999
10233,0.11699999999999999
10234,0.11699999999999999
10235,0.11699999999999999
10236,0.11699999999999999
10237,0.11699999999999999
10238,0.11699999999999999
10239,0.11699999999999999
10240,0.11699999999999999
10241,0.11699999999999999
10242,0.11699999999999999
10243,0.11699999999999999
10244,0.11699999999999999
10245,0.11699999999999999
10246,0.11699999999999999
10247,0.11699999999999999
10248,0.11699999999999999
10249,0.11699999999999999
10250,0.11699999999999999
10251,0.11699999999999999
10252,0.11699999999999999
10253,0.11699999999999999
10254,0.11699999999999999
10255,0.11699999999999999
10256,0.11699999999999999
10257,0.11699999999999999
10258,0.11699999999999999
10259,0.11699999999999999
10260,0.11699999999999999
10261,0.11699999999999999
10262,0.11699999999999999
10263,0.11699999999999999
10264,0.11699999999999999
10265,0.11699999999999999
10266,0.11699999999999999
10267,0.11699999999999999
10268,0.11699999999999999
10269,0.11699999999999999
10270,0.11699999999999999
10271,0.11699999999999999
10272,0.11699999999999999
10273,0.11699999999999999
10274,0.11699999999999999
10275,0.11699999999999999
10276,0.11699999999999999
10277,0.11699999999999999
10278,0.11699999999999999
10279,0.11699999999999999
10280,0.11699999999999999
10281,0.11699999999999999
10282,0.11699999999999999
10283,0.11699999999999999
10284,0.11699999999999999
10285,0.11699999999999999
10286,0.11699999999999999
10287,0.11699999999999999
10288,0.11699999999999999
10289,0.11699999999999999
10290,0.11699999999999999
10291,0.11699999999999999
10292,0.11699999999999999
10293,0.11699999999999999
10294,0.11699999999999999
10295,0.11699999999999999
10296,0.11699999999999999
10297,0.11699999999999999
10298,0.11699999999999999
10299,0.11699999999999999
10300,0.11699999999999999
10301,0.11699999999999999
10302,0.11699999999999999
10303,0.11699999999999999
10304,0.11699999999999999
10305,0.11699999999999999
10306,0.11699999999999999
10307,0.11699999999999999
10308,0.11699999999999999
10309,0.11699999999999999
10310,0.11699999999999999
10311,0.11699999999999999
10312,0.11699999999999999
10313,0.11699999999999999
10314,0.11699999999999999
10315,0.11699999999999999
10316,0.11699999999999999
10317,0.11699999999999999
10318,0.11699999999999999
10319,0.11699999999999999
10320,0.11699999999999999
10321,0.11699999999999999
10322,0.11699999999999999
10323,0.11699999999999999
10324,0.11699999999999999
10325,0.11699999999999999
10326,0.11699999999999999
10327,0.11699999999999999
10328,0.11699999999999999
10329,0.11699999999999999
10330,0.11699999999999999
10331,0.11699999999999999
10332,0.11699999999999999
10333,0.11699999999999999
10334,0.11699999999999999
10335,0.11699999999999999
10336,0.11699999999999999
10337,0.11699999999999999
10338,0.11699999999999999
10339,0.11699999999999999
10340,0.11699999999999999
10341,0.11699999999999999
10342,0.11699999999999999
10343,0.11699999999999999
10344,0.11699999999999999
10345,0.11699999999999999
10346,0.11699999999999999
10347,0.11699999999999999
10348,0.11699999999999999
10349,0.11699999999999999
10350,0.11699999999999999
10351,0.11699999999999999
10352,0.11699999999999999
10353,0.11699999999999999
10354,0.11699999999999999
10355,0.11699999999999999
10356,0.11699999999999999
10357,0.11699999999999999
10358,0.11699999999999999
10359,0.11699999999999999
10360,0.11699999999999999
10361,0.11699999999999999
10362,0.11699999999999999
10363,0.11699999999999999
10364,0.11699999999999999
10365,0.11699999999999999
10366,0.11699999999999999
10367,0.11699999999999999
10368,0.11699999999999999
10369,0.11699999999999999
10370,0.11699999999999999
10371,0.11699999999999999
10372,0.11699999999999999
10373,0.11699999999999999
10374,0.11699999999999999
10375,0.11699999999999999
10376,0.11699999999999999
10377,0.11699999999999999
10378,0.11699999999999999
10379,0.11699999999999999
10380,0.11699999999999999
10381,0.11699999999999999
10382,0.11699999999999999
10383,0.11699999999999999
10384,0.11699999999999999
10385,0.11699999999999999
10386,0.11699999999999999
10387,0.11699999999999999
10388,0.11699999999999999
10389,0.11699999999999999
10390,0.11699999999999999
10391,0.11699999999999999
10392,0.11699999999999999
10393,0.11699999999999999
10394,0.11699999999999999
10395,0.11699999999999999
10396,0.11699999999999999
10397,0.11699999999999999
10398,0.11699999999999999
10399,0.11699999999999999
10400,0.11699999999999999
10401,0.11699999999999999
10402,0.11699999999999999
10403,0.11699999999999999
10404,0.11699999999999999
10405,0.11699999999999999
10406,0.11699999999999999
10407,0.11699999999999999
10408,0.11699999999999999
10409,0.11699999999999999
10410,0.11699999999999999
10411,0.11699999999999999
10412,0.11699999999999999
10413,0.11699999999999999
10414,0.11699999999999999
10415,0.11699999999999999
10416,0.11699999999999999
10417,0.11699999999999999
10418,0.11699999999999999
10419,0.11699999999999999
10420,0.11699999999999999
10421,0.11699999999999999
10422,0.11699999999999999
10423,0.11699999999999999
10424,0.11699999999999999
10425,0.11699999999999999
10426,0.11699999999999999
10427,0.11699999999999999
10428,0.11699999999999999
10429,0.11699999999999999
10430,0.11699999999999999
10431,0.11699999999999999
10432,0.11699999999999999
10433,0.11699999999999999
10434,0.11699999999999999
10435,0.11699999999999999
10436,0.11699999999999999
10437,0.11699999999999999
10438,0.11699999999999999
10439,0.11699999999999999
10440,0.11699999999999999
10441,0.11699999999999999
10442,0.11699999999999999
10443,0.11699999999999999
10444,0.11699999999999999
10445,0.11699999999999999
10446,0.11699999999999999
10447,0.11699999999999999
10448,0.11699999999999999
10449,0.11699999999999999
10450,0.11699999999999999
10451,0.11699999999999999
10452,0.11699999999999999
10453,0.11699999999999999
10454,0.11699999999999999
10455,0.11699999999999999
10456,0.11699999999999999
10457,0.11699999999999999
10458,0.11699999999999999
10459,0.11699999999999999
10460,0.11699999999999999
10461,0.11699999999999999
10462,0.11699999999999999
10463,0.11699999999999999
10464,0.11699999999999999
10465,0.11699999999999999
10466,0.11699999999999999
10467,0.11699999999999999
10468,0.11699999999999999
10469,0.11699999999999999
10470,0.11699999999999999
10471,0.11699999999999999
10472,0.11699999999999999
10473,0.11699999999999999
10474,0.11699999999999999
10475,0.11699999999999999
10476,0.11699999999999999
10477,0.11699999999999999
10478,0.11699999999999999
10479,0.11699999999999999
10480,0.11699999999999999
10481,0.11699999999999999
10482,0.11699999999999999
10483,0.11699999999999999
10484,0.11699999999999999
10485,0.11699999999999999
10486,0.11699999999999999
10487,0.11699999999999999
10488,0.11699999999999999
10489,0.11699999999999999
10490,0.11699999999999999
10491,0.11699999999999999
10492,0.11699999999999999
10493,0.11699999999999999
10494,0.11699999999999999
10495,0.11699999999999999
10496,0.11699999999999999
10497,0.11699999999999999
10498,0.11699999999999999
10499,0.11699999999999999
10500,0.11699999999999999
10501,0.11699999999999999
10502,0.11699999999999999
10503,0.11699999999999999
10504,0.11699999999999999
10505,0.11699999999999999
10506,0.11699999999999999
10507,0.11699999999999999
10508,0.11699999999999999
10509,0.11699999999999999
10510,0.11699999999999999
10511,0.11699999999999999
10512,0.11699999999999999
10513,0.11699999999999999
10514,0.11699999999999999
10515,0.11699999999999999
10516,0.11699999999999999
10517,0.11699999999999999
10518,0.11699999999999999
10519,0.11699999999999999
10520,0.11699999999999999
10521,0.11699999999999999
10522,0.11699999999999999
10523,0.11699999999999999
10524,0.11699999999999999
10525,0.11699999999999999
10526,0.11699999999999999
10527,0.11699999999999999
10528,0.11699999999999999
10529,0.11699999999999999
10530,0.11699999999999999
10531,0.11699999999999999
10532,0.11699999999999999
10533,0.11699999999999999
10534,0.11699999999999999
10535,0.11699999999999999
10536,0.11699999999999999
10537,0.11699999999999999
10538,0.11699999999999999
10539,0.11699999999999999
10540,0.11699999999999999
10541,0.11699999999999999
10542,0.11699999999999999
10543,0.11699999999999999
10544,0.11699999999999999
10545,0.11699999999999999
10546,0.11699999999999999
10547,0.11699999999999999
10548,0.11699999999999999
10549,0.11699999999999999
10550,0.11699999999999999
10551,0.11699999999999999
10552,0.11699999999999999
10553,0.11699999999999999
10554,0.11699999999999999
10555,0.11699999999999999
10556,0.11699999999999999
10557,0.11699999999999999
10558,0.11699999999999999
10559,0.11699999999999999
10560,0.11699999999999999
10561,0.11699999999999999
10562,0.11699999999999999
10563,0.11699999999999999
10564,0.11699999999999999
10565,0.11699999999999999
10566,0.11699999999999999
10567,0.11699999999999999
10568,0.11699999999999999
10569,0.11699999999999999
10570,0.11699999999999999
10571,0.11699999999999999
10572,0.11699999999999999
10573,0.11699999999999999
10574,0.11699999999999999
10575,0.11699999999999999
10576,0.11699999999999999
10577,0.11699999999999999
10578,0.11699999999999999
10579,0.11699999999999999
10580,0.11699999999999999
10581,0.11699999999999999
10582,0.11699999999999999
10583,0.11699999999999999
10584,0.11699999999999999
10585,0.11699999999999999
10586,0.11699999999999999
10587,0.11699999999999999
10588,0.11699999999999999
10589,0.11699999999999999
10590,0.11699999999999999
10591,0.11699999999999999
10592,0.11699999999999999
10593,0.11699999999999999
10594,0.11699999999999999
10595,0.11699999999999999
10596,0.11699999999999999
10597,0.11699999999999999
10598,0.11699999999999999
10599,0.11699999999999999
10600,0.11699999999999999
10601,0.11699999999999999
10602,0.11699999999999999
10603,0.11699999999999999
10604,0.11699999999999999
10605,0.11699999999999999
10606,0.11699999999999999
10607,0.11699999999999999
10608,0.11699999999999999
10609,0.11699999999999999
10610,0.11699999999999999
10611,0.11699999999999999
10612,0.11699999999999999
10613,0.11699999999999999
10614,0.11699999999999999
10615,0.11699999999999999
10616,0.11699999999999999
10617,0.11699999999999999
10618,0.11699999999999999
10619,0.11699999999999999
10620,0.11699999999999999
10621,0.11699999999999999
10622,0.11699999999999999
10623,0.11699999999999999
10624,0.11699999999999999
10625,0.11699999999999999
10626,0.11699999999999999
10627,0.11699999999999999
10628,0.11699999999999999
10629,0.11699999999999999
10630,0.11699999999999999
10631,0.11699999999999999
10632,0.11699999999999999
10633,0.11699999999999999
10634,0.11699999999999999
10635,0.11699999999999999
10636,0.11699999999999999
10637,0.11699999999999999
10638,0.11699999999999999
10639,0.11699999999999999
10640,0.11699999999999999
10641,0.11699999999999999
10642,0.11699999999999999
10643,0.11699999999999999
10644,0.11699999999999999
10645,0.11699999999999999
10646,0.11699999999999999
10647,0.11699999999999999
10648,0.11699999999999999
10649,0.11699999999999999
10650,0.11699999999999999
10651,0.11699999999999999
10652,0.11699999999999999
10653,0.11699999999999999
10654,0.11699999999999999
10655,0.11699999999999999
10656,0.11699999999999999
10657,0.11699999999999999
10658,0.11699999999999999
10659,0.11699999999999999
10660,0.11699999999999999
10661,0.11699999999999999
10662,0.11699999999999999
10663,0.11699999999999999
10664,0.11699999999999999
10665,0.11699999999999999
10666,0.11699999999999999
10667,0.11699999999999999
10668,0.11699999999999999
10669,0.11699999999999999
10670,0.11699999999999999
10671,0.11699999999999999
10672,0.11699999999999999
10673,0.11699999999999999
10674,0.11699999999999999
10675,0.11699999999999999
10676,0.11699999999999999
10677,0.11699999999999999
10678,0.11699999999999999
10679,0.11699999999999999
10680,0.11699999999999999
10681,0.11699999999999999
10682,0.11699999999999999
10683,0.11699999999999999
10684,0.11699999999999999
10685,0.11699999999999999
10686,0.11699999999999999
10687,0.11699999999999999
10688,0.11699999999999999
10689,0.11699999999999999
10690,0.11699999999999999
10691,0.11699999999999999
10692,0.11699999999999999
10693,0.11699999999999999
10694,0.11699999999999999
10695,0.11699999999999999
10696,0.11699999999999999
10697,0.11699999999999999
10698,0.11699999999999999
10699,0.11699999999999999
10700,0.11699999999999999
10701,0.11699999999999999
10702,0.11699999999999999
10703,0.11699999999999999
10704,0.11699999999999999
10705,0.11699999999999999
10706,0.11699999999999999
10707,0.11699999999999999
10708,0.11699999999999999
10709,0.11699999999999999
10710,0.11699999999999999
10711,0.11699999999999999
10712,0.11699999999999999
10713,0.11699999999999999
10714,0.11699999999999999
10715,0.11699999999999999
10716,0.11699999999999999
10717,0.11699999999999999
10718,0.11699999999999999
10719,0.11699999999999999
10720,0.11699999999999999
10721,0.11699999999999999
10722,0.11699999999999999
10723,0.11699999999999999
10724,0.11699999999999999
10725,0.11699999999999999
10726,0.11699999999999999
10727,0.11699999999999999
10728,0.11699999999999999
10729,0.11699999999999999
10730,0.11699999999999999
10731,0.11699999999999999
10732,0.11699999999999999
10733,0.11699999999999999
10734,0.11699999999999999
10735,0.11699999999999999
10736,0.11699999999999999
10737,0.11699999999999999
10738,0.11699999999999999
10739,0.11699999999999999
10740,0.11699999999999999
10741,0.11699999999999999
10742,0.11699999999999999
10743,0.11699999999999999
10744,0.11699999999999999
10745,0.11699999999999999
10746,0.11699999999999999
10747,0.11699999999999999
10748,0.11699999999999999
10749,0.11699999999999999
10750,0.11699999999999999
10751,0.11699999999999999
10752,0.11699999999999999
10753,0.11699999999999999
10754,0.11699999999999999
10755,0.11699999999999999
10756,0.11699999999999999
10757,0.11699999999999999
10758,0.11699999999999999
10759,0.11699999999999999
10760,0.11699999999999999
10761,0.11699999999999999
10762,0.11699999999999999
10763,0.11699999999999999
10764,0.11699999999999999
10765,0.11699999999999999
10766,0.11699999999999999
10767,0.11699999999999999
10768,0.11699999999999999
10769,0.11699999999999999
10770,0.11699999999999999
10771,0.11699999999999999
10772,0.11699999999999999
10773,0.11699999999999999
10774,0.11699999999999999
10775,0.11699999999999999
10776,0.11699999999999999
10777,0.11699999999999999
10778,0.11699999999999999
10779,0.11699999999999999
10780,0.11699999999999999
10781,0.11699999999999999
10782,0.11699999999999999
10783,0.11699999999999999
10784,0.11699999999999999
10785,0.11699999999999999
10786,0.11699999999999999
10787,0.11699999999999999
10788,0.11699999999999999
10789,0.11699999999999999
10790,0.11699999999999999
10791,0.11699999999999999
10792,0.11699999999999999
10793,0.11699999999999999
10794,0.11699999999999999
10795,0.11699999999999999
10796,0.11699999999999999
10797,0.11699999999999999
10798,0.11699999999999999
10799,0.11699999999999999
10800,0.11699999999999999
